94 882 54 405
86 810 58 391
81 696 60 391
87 797 54 412
87 807 54 410
84 788 55 398
79 736 56 397
81 749 55 400
77 713 57 396
78 734 55 404
78 731 57 395
76 735 64 385
86 810 56 396
79 742 60 389
79 722 59 390
78 732 64 383
76 719 59 393
77 710 57 399
79 738 58 394
78 725 61 387
80 697 68 386
78 718 67 387
75 690 62 392
83 752 58 392
79 760 63 383
74 698 62 390
79 741 67 382
77 715 60 391
79 758 64 382
77 733 62 385
78 728 60 390
80 713 58 393
76 723 62 387
77 732 66 385
75 722 61 391
73 687 62 397
76 725 63 386
79 730 66 383
82 729 64 378
81 724 60 385
77 720 67 386
81 718 62 381
75 716 61 395
79 758 69 380
80 701 68 379
83 783 57 394
89 830 68 368
80 751 71 378
87 787 66 371
86 810 66 371
80 744 62 381
84 751 62 377
81 765 67 378
88 803 67 369
88 804 62 376
82 739 65 372
86 765 63 374
82 738 60 378
81 735 64 379
76 708 62 388
88 795 72 367
80 763 59 388
83 748 64 375
79 750 59 389
86 742 62 377
87 828 61 377
84 747 64 375
88 800 61 377
90 823 68 367
92 790 62 376
82 738 63 377
82 740 63 376
81 729 60 382
80 703 60 386
85 782 68 369
90 801 62 376
83 736 63 377
81 722 61 384
86 790 64 373
97 865 64 372
82 710 62 380
88 793 66 370
80 729 64 381
83 731 61 378
89 817 63 373
82 714 60 382
91 811 63 373
77 726 59 391
77 727 62 386
