76 667 67 387
74 659 69 386
73 646 67 391
73 646 65 393
74 660 69 385
75 671 68 384
75 671 65 386
75 671 64 387
74 655 67 388
74 659 70 384
74 656 66 390
75 670 70 381
76 672 62 389
73 666 73 384
73 657 62 397
73 650 63 395
75 692 66 383
74 660 64 392
74 660 65 391
74 655 68 387
75 671 69 381
74 661 64 391
73 655 65 392
72 640 63 397
73 650 64 394
75 671 66 385
80 667 71 369
80 665 69 371
75 674 66 384
72 644 64 396
80 667 70 370
76 681 70 379
84 744 76 358
80 669 71 368
76 666 70 380
84 736 75 359
80 704 68 369
93 846 81 350
72 655 71 389
85 769 77 357
72 639 65 395
75 674 67 383
73 656 66 391
101 921 85 345
90 785 77 355
85 743 76 358
82 714 75 360
86 767 79 355
74 660 71 377
91 793 73 359
83 716 76 359
76 683 69 380
91 795 74 358
82 715 73 362
74 666 65 388
106 978 87 343
82 712 74 361
96 885 85 347
74 655 66 391
88 782 79 354
74 660 66 389
75 665 71 376
80 670 72 367
77 686 76 372
76 677 72 375
74 669 71 376
104 917 88 342
82 717 78 358
92 841 86 347
74 669 73 375
93 847 89 345
82 723 77 359
87 768 76 356
75 692 67 382
79 707 69 366
102 918 89 341
80 691 70 365
75 679 73 374
80 670 66 376
89 770 80 353
89 770 79 354
75 661 63 390
79 707 68 367
84 742 80 356
77 696 76 371
72 659 71 388
72 639 66 394
81 684 63 379
80 673 73 366
91 832 87 348
76 671 64 386
102 933 90 340
77 681 65 385
90 796 74 358
82 683 64 377
83 723 79 357
87 748 80 354
102 924 93 338
93 849 91 344
84 733 77 358
87 747 79 355
94 820 83 348
95 847 91 344
79 707 71 365
88 757 83 352
75 681 72 375
92 800 83 349
76 673 73 374
96 884 93 342
94 871 92 343
83 716 72 362
95 885 93 342
85 751 82 355
84 717 66 370
83 717 73 361
81 674 73 365
82 713 69 365
75 659 62 391
96 869 92 343
92 851 90 345
86 743 81 354
83 707 60 381
80 675 73 365
92 821 87 347
90 788 80 351
87 746 82 353
103 928 96 336
83 705 77 359
78 706 76 370
91 856 90 345
80 703 76 361
86 730 63 374
72 636 64 397
104 926 96 336
80 687 74 362
82 695 76 361
80 686 73 363
80 712 77 360
81 681 60 383
81 691 71 364
75 659 64 388
72 639 68 391
105 921 96 336
91 802 76 355
77 700 66 378
106 902 96 336
73 646 68 389
77 695 67 377
76 682 65 381
72 636 63 399
92 818 88 346
93 877 92 343
89 764 83 351
94 888 92 342
77 692 65 380
93 812 88 346
83 706 78 358
81 694 77 360
82 708 78 359
93 813 87 347
96 842 91 344
84 716 79 357
82 701 72 363
95 834 90 345
105 898 78 353
90 753 82 352
85 729 73 360
85 729 74 359
76 694 69 374
76 689 68 375
80 684 72 364
72 635 67 392
89 746 81 353
92 797 84 348
79 656 66 378
90 776 82 351
90 777 84 349
90 776 83 350
74 661 63 393
86 735 78 356
85 737 78 356
85 726 80 356
76 697 71 372
86 742 77 356
94 889 93 341
92 775 84 349
97 825 84 346
79 688 68 372
99 845 81 348
87 752 75 357
82 691 65 371
94 795 84 348
86 771 58 401
79 656 64 379
97 825 83 347
96 818 82 349
80 687 71 367
73 647 67 390
87 797 57 411
82 690 64 372
89 746 80 354
81 697 75 361
86 741 71 363
82 686 63 376
82 685 61 379
97 825 82 348
87 737 77 356
86 740 76 357
85 746 75 358
80 667 64 378
80 668 66 377
79 653 63 380
81 678 67 371
84 761 58 407
85 756 58 409
85 724 66 369
86 739 75 358
81 687 69 366
82 743 58 410
93 786 73 359
79 664 67 375
79 652 60 385
81 690 70 365
88 735 81 354
77 700 54 424
82 702 70 364
98 877 95 340
73 645 66 392
75 680 54 426
81 674 65 374
81 701 54 422
81 669 73 367
78 694 77 369
74 672 57 422
72 639 69 390
88 747 62 376
84 727 74 360
74 671 59 420
83 695 74 361
91 765 84 350
73 649 70 386
76 692 59 411
82 685 73 363
106 918 96 333
75 665 59 415
75 679 55 421
83 694 72 363
73 651 71 385
84 697 60 381
76 705 59 410
79 651 60 388
94 799 80 350
78 698 77 368
81 702 54 419
81 674 66 372
98 843 86 344
106 921 98 332
90 757 80 353
97 824 87 344
81 721 78 359
79 649 68 373
98 837 81 349
99 842 90 342
79 651 61 383
98 834 89 343
90 755 83 351
90 750 83 352
97 911 96 337
73 650 67 389
76 705 60 409
85 752 81 355
97 887 95 338
79 651 62 382
72 636 62 401
81 671 73 366
75 667 59 412
79 650 69 372
80 660 70 371
87 737 61 377
90 774 72 361
79 661 73 369
83 697 75 360
75 667 60 411
79 651 63 381
98 878 95 338
106 935 99 331
81 667 73 368
91 772 83 350
94 793 87 346
86 746 71 362
80 656 71 370
79 715 54 414
80 714 54 413
80 656 73 369
84 690 77 360
72 637 69 391
81 671 74 363
100 877 95 338
82 673 75 362
85 700 78 358
84 693 77 359
83 680 76 361
81 688 68 366
81 675 68 367
87 728 80 355
93 806 69 364
86 710 79 357
93 783 86 348
73 645 69 387
89 739 82 353
87 720 80 356
