145 1963 145 699
204 2313 204 654
182 2221 143 697
207 2300 204 654
212 2495 212 652
160 1984 157 662
160 2104 142 699
214 2439 212 652
152 1960 152 668
216 2433 212 652
154 1916 152 668
185 2128 185 655
161 1935 157 662
163 2048 142 699
144 1971 144 688
158 1892 156 665
161 1918 160 663
149 1861 149 677
156 1871 152 668
163 1905 157 662
158 1880 156 667
161 1884 157 666
170 2044 151 667
150 1969 150 673
164 1889 156 664
156 1961 156 665
168 1915 168 660
217 2247 217 649
155 1889 152 668
164 1972 162 659
151 1889 151 671
161 1889 157 664
149 1871 145 679
156 1959 156 667
164 1897 160 662
174 2111 150 669
164 1928 162 661
167 1864 152 668
158 1835 150 670
154 1845 150 670
152 1817 150 673
151 1882 149 674
186 2008 185 655
147 1925 145 679
154 1833 149 677
146 1828 144 681
152 1846 150 670
159 1827 159 668
158 2001 141 700
151 1856 149 677
159 1828 150 670
159 1860 159 665
158 1825 158 672
153 1815 144 682
158 1832 156 669
179 1963 162 659
162 1839 160 665
168 1892 162 661
169 2126 166 657
161 1830 156 667
165 1852 156 664
154 1847 145 679
168 1838 159 665
179 1975 173 657
169 1842 160 662
169 1846 156 664
165 1853 160 662
169 1844 157 664
183 1942 180 658
170 1870 168 660
161 1818 150 670
161 1817 159 668
151 1832 151 674
