436 7690 347 2244
434 7715 347 2244
444 7501 350 2243
454 7570 454 2223
455 7568 454 2223
441 7340 434 2225
434 7349 434 2225
444 7298 444 2224
447 7701 351 2239
443 7750 351 2239
436 7559 355 2238
420 7559 350 2240
438 7499 384 2230
438 7260 438 2225
418 7134 357 2234
401 6913 382 2232
398 7031 382 2232
402 7007 353 2240
414 7090 356 2237
411 7011 355 2239
405 6956 353 2240
411 7161 357 2234
403 7106 364 2234
406 6999 372 2233
405 7109 364 2233
402 6905 357 2235
425 6926 418 2228
414 6847 398 2230
408 6859 404 2229
405 6901 402 2230
410 6822 398 2231
408 7049 404 2228
418 7145 414 2227
409 7034 404 2228
409 7024 394 2229
412 6920 398 2230
406 6962 388 2230
404 7031 388 2230
408 6991 378 2231
402 6851 382 2232
395 6815 376 2233
426 6965 424 2226
396 6804 357 2236
392 6679 382 2240
396 6779 366 2234
403 6863 392 2231
394 6772 376 2236
392 6780 376 2236
394 6751 366 2237
394 6752 356 2238
412 6963 398 2229
406 6839 392 2231
408 6984 372 2232
390 6756 366 2237
416 6996 404 2228
415 6915 388 2231
411 6944 388 2231
401 6893 392 2231
412 7058 366 2233
426 6946 414 2227
420 6976 404 2228
428 6928 398 2229
428 6923 414 2227
380 6558 347 2247
377 6544 361 2248
389 6596 345 2248
384 6605 353 2246
380 6695 361 2245
383 6618 361 2245
392 6661 353 2243
390 6574 353 2244
391 6664 353 2243
390 6560 353 2246
384 6514 353 2249
383 6511 353 2252
427 7292 351 2244
378 6538 353 2252
355 6340 328 2262
361 6380 344 2257
368 6478 334 2257
363 6434 332 2259
360 6369 360 2258
371 6455 338 2256
355 6362 344 2260
375 6490 344 2254
347 6176 323 2276
379 6503 338 2255
346 6151 318 2308
364 6418 338 2258
358 6392 350 2255
345 6188 323 2276
351 6192 323 2275
345 6158 331 2281
346 6147 320 2313
347 6156 315 2304
345 6173 323 2288
353 6206 326 2267
359 6371 326 2264
360 6386 332 2261
345 6161 318 2308
345 6161 315 2315
346 6151 315 2310
346 6139 315 2316
358 6232 332 2264
360 6304 332 2263
351 6196 323 2270
351 6269 332 2264
350 6217 326 2272
355 6244 332 2264
383 6571 332 2255
397 6872 344 2247
373 6584 338 2253
402 6970 344 2246
389 6571 338 2252
349 6175 326 2273
381 6787 331 2257
374 6666 338 2252
377 6600 338 2250
380 6788 331 2257
379 6781 332 2254
383 6583 338 2253
383 6698 339 2249
390 6660 339 2249
384 6667 345 2245
378 6544 331 2258
369 6566 331 2258
372 6535 342 2253
379 6596 332 2255
370 6601 332 2255
378 6431 342 2253
377 6456 342 2253
373 6425 342 2255
383 6934 322 2263
382 6904 320 2265
390 7101 313 2274
382 6950 322 2263
382 6967 326 2259
382 6924 323 2262
383 6946 326 2259
379 6908 319 2269
386 6819 312 2275
387 6796 319 2269
359 6457 312 2276
357 6462 312 2276
361 6452 312 2276
358 6455 314 2273
351 6348 304 2301
350 6348 301 2304
349 6411 306 2293
349 6411 304 2295
349 6364 302 2305
346 6358 302 2306
352 6478 307 2281
351 6469 307 2284
355 6447 307 2281
345 6337 306 2296
350 6345 306 2293
344 6255 299 2310
346 6332 306 2296
346 6302 306 2308
349 6319 302 2306
356 6528 326 2264
350 6299 308 2282
349 6396 304 2304
352 6294 304 2298
351 6441 315 2271
341 6305 315 2280
345 6327 308 2282
377 6561 326 2263
372 6586 326 2263
345 6297 314 2279
350 6431 312 2279
347 6346 315 2275
341 6229 316 2280
352 6265 327 2264
347 6218 321 2267
353 6406 323 2266
341 6176 316 2283
345 6344 316 2270
351 6343 332 2262
344 6265 316 2271
346 6269 321 2267
357 6302 333 2259
347 6330 316 2270
345 6203 332 2272
356 6305 333 2259
350 6307 333 2261
349 6303 315 2275
349 6343 320 2268
341 6182 307 2288
341 6194 307 2285
351 6395 315 2272
341 6240 316 2277
341 6237 315 2283
343 6243 316 2274
343 6233 315 2279
343 6258 315 2276
336 6191 315 2300
351 6371 327 2263
341 6251 316 2274
351 6259 333 2261
361 6461 339 2256
337 6163 315 2295
354 6318 332 2262
368 6642 327 2262
350 6416 323 2266
364 6504 348 2254
368 6654 339 2255
