663 15365 663 4237
407 9797 339 4649
619 14162 332 4592
804 19321 537 4304
755 20011 523 4313
663 15428 663 4234
394 10362 354 4754
401 10648 361 4716
786 19740 498 4336
799 19485 537 4304
768 19629 556 4287
647 15226 647 4242
413 9825 339 4643
762 19206 573 4276
637 14552 637 4304
651 15483 647 4239
394 10438 360 4744
415 9827 339 4628
396 10371 354 4732
777 18958 573 4276
734 18987 546 4298
718 17853 459 4373
749 18776 539 4304
631 15602 631 4244
653 15936 623 4249
404 9983 340 4622
484 12523 356 4516
763 18534 451 4378
760 18445 498 4337
610 14180 593 4328
734 19359 434 4398
398 10485 354 4723
663 16238 598 4261
449 11377 373 4536
754 18922 449 4381
699 18713 460 4374
660 15799 535 4305
413 9929 337 4614
639 15385 631 4253
526 13302 407 4432
703 18117 552 4293
779 18803 554 4288
742 18218 565 4287
701 17505 425 4408
783 18479 583 4267
745 19477 494 4341
672 17457 528 4312
638 15804 623 4251
524 12940 405 4438
489 12351 401 4439
565 14535 359 4492
615 14583 612 4305
645 14968 605 4287
721 18904 448 4384
659 16663 350 4542
545 14120 427 4407
426 10207 352 4594
745 18059 543 4299
431 10942 351 4574
528 13223 399 4442
473 11966 358 4533
415 10326 332 4609
560 13833 429 4409
553 13927 403 4428
570 14821 372 4484
540 13994 344 4544
704 17540 523 4314
394 10418 354 4748
493 12767 390 4457
734 19712 507 4326
747 18951 495 4339
525 13432 415 4431
716 18190 427 4405
499 12843 417 4434
741 18807 583 4267
715 17661 541 4303
738 17745 494 4345
622 15424 620 4290
597 14467 582 4324
630 14850 617 4271
633 15837 601 4263
551 13950 441 4399
468 11502 334 4579
463 11335 341 4571
572 14891 423 4419
599 15335 532 4311
515 13535 388 4459
692 17360 521 4315
568 15115 487 4353
709 18330 566 4286
523 13472 436 4414
436 11128 347 4563
538 13777 476 4383
458 11813 384 4503
490 12567 353 4526
646 15897 571 4296
727 17165 495 4347
706 18290 542 4303
642 15467 609 4273
686 16040 573 4281
614 15695 438 4398
700 17927 515 4324
627 14977 627 4285
492 12430 409 4435
415 9865 332 4619
724 17630 567 4278
441 11137 361 4556
505 13615 447 4396
453 10766 386 4531
700 18622 492 4348
491 13064 433 4417
728 18642 468 4364
459 11796 378 4482
400 10419 354 4729
649 16119 619 4257
461 11660 379 4519
506 13158 419 4422
533 14224 501 4360
504 13538 394 4446
696 17431 583 4269
448 10922 361 4558
487 12873 355 4514
464 11255 341 4572
546 14331 432 4401
429 10168 332 4617
596 15102 473 4368
721 17124 540 4302
469 12320 405 4444
657 15749 578 4273
411 10282 340 4602
627 14711 627 4303
468 12071 395 4459
470 12381 381 4474
466 11708 402 4464
477 12684 365 4508
731 18742 573 4277
674 17705 579 4272
502 13092 376 4478
417 10660 356 4581
548 13635 417 4423
533 13240 463 4388
514 12971 430 4426
733 17473 579 4272
467 11839 374 4500
438 11016 360 4566
685 16594 399 4433
691 16826 587 4269
552 13740 365 4489
410 10087 341 4605
587 15326 510 4331
512 13511 388 4462
494 12617 391 4457
681 17936 471 4362
401 10408 354 4718
485 12479 392 4452
548 14291 389 4451
402 10072 343 4599
623 16173 444 4387
554 14257 354 4509
754 18381 457 4376
481 12657 364 4523
448 11170 352 4552
600 15632 563 4306
586 15148 461 4381
737 16410 556 4288
755 18649 541 4301
461 11094 376 4532
459 10881 386 4526
445 11153 346 4584
613 14786 575 4318
464 12112 393 4450
410 10071 336 4615
583 14840 375 4480
524 13023 435 4413
556 14711 512 4333
486 12174 379 4466
576 14559 483 4364
527 13576 343 4550
433 10970 349 4578
563 14311 513 4349
446 11061 376 4535
470 12288 370 4504
520 13125 362 4510
481 12194 370 4498
463 11984 401 4470
666 15519 585 4276
580 14467 518 4332
481 12046 348 4554
396 10550 354 4725
713 17966 566 4284
510 13401 439 4413
414 10135 340 4598
650 15632 615 4251
584 14793 441 4393
654 16494 453 4380
590 14363 590 4323
412 10118 340 4602
657 16787 568 4279
690 17299 496 4340
479 12728 456 4432
542 13735 363 4495
415 9837 339 4626
730 17036 567 4283
695 17790 493 4342
609 16193 506 4336
652 16341 465 4370
547 13875 343 4549
635 15021 609 4289
535 13715 500 4366
708 17268 555 4291
602 14705 575 4328
662 17188 486 4351
406 10022 339 4607
585 14646 497 4346
535 14012 448 4386
633 15829 599 4265
593 15085 490 4355
513 13339 437 4405
673 17081 431 4405
621 15188 485 4352
663 16203 612 4257
501 13272 419 4421
664 16211 439 4392
574 14664 480 4368
468 12231 368 4525
697 18545 421 4409
648 16874 453 4382
636 14993 618 4268
501 12711 421 4428
735 18480 543 4299
454 11890 378 4515
645 15504 585 4280
440 11447 334 4596
438 10633 355 4571
634 15944 459 4375
471 11677 397 4474
456 11900 381 4512
669 16250 599 4256
646 16507 508 4327
550 14533 484 4372
497 13218 457 4410
537 13684 450 4388
641 16075 561 4298
626 16450 504 4335
604 14453 559 4331
633 16709 470 4363
543 13707 367 4491
446 11439 334 4595
605 15068 365 4476
589 15755 469 4366
420 10489 348 4595
474 11640 402 4468
530 13787 376 4469
687 16097 481 4357
611 15422 411 4427
557 14199 505 4361
653 15865 583 4275
525 13747 475 4384
644 16382 342 4545
573 15202 472 4365
487 12026 372 4487
491 12809 412 4436
647 15441 615 4260
502 13373 446 4415
606 15731 523 4316
601 15050 478 4368
472 12432 390 4472
508 13265 451 4411
569 14884 366 4486
693 16559 557 4295
456 11657 400 4481
619 15594 423 4412
702 16933 551 4294
537 14242 474 4374
455 11238 346 4582
468 11776 384 4485
556 14341 443 4397
627 15396 525 4318
474 12279 393 4449
495 13003 365 4501
517 12823 391 4454
478 12220 372 4485
452 11487 347 4555
522 13414 465 4403
558 14143 382 4464
503 13234 366 4496
578 15256 503 4344
600 14591 491 4358
648 15054 635 4258
687 16738 529 4313
598 16362 486 4353
536 13917 489 4374
636 15030 634 4263
531 13780 415 4422
416 10574 365 4570
451 11606 397 4527
544 14619 484 4356
549 13499 391 4448
518 13590 420 4420
658 15982 562 4295
655 16003 569 4293
539 14079 444 4397
677 16978 591 4264
512 12989 426 4426
573 14671 550 4329
593 14868 466 4376
607 14443 603 4308
555 14416 513 4347
710 17614 544 4299
399 10443 354 4725
462 12012 372 4511
476 12446 393 4447
695 16650 521 4315
623 15572 525 4314
453 11924 341 4557
606 14750 592 4297
675 16566 559 4296
612 15301 447 4390
475 12637 365 4521
539 14485 362 4497
485 12437 357 4547
564 14367 466 4378
670 16448 553 4302
617 14632 505 4342
640 15995 519 4322
421 10725 348 4587
451 11465 343 4562
482 12311 392 4453
713 17600 567 4284
603 15411 544 4306
480 12171 365 4502
423 10789 343 4589
465 11863 337 4593
682 16296 565 4289
624 15268 604 4293
618 16281 545 4305
691 16745 553 4292
411 10034 335 4615
617 15275 545 4317
579 14507 467 4372
465 12245 369 4525
445 11539 339 4586
627 15658 605 4260
668 16852 583 4270
460 10991 360 4550
647 15468 588 4281
672 17626 414 4423
482 12448 351 4534
674 16639 437 4394
723 18584 551 4292
613 14925 587 4308
674 16700 506 4334
683 18009 555 4291
427 10834 339 4594
635 16618 516 4325
521 13007 338 4575
639 15212 633 4261
599 14458 589 4341
496 12325 391 4458
697 18423 540 4302
581 15055 413 4424
558 13974 431 4416
575 14837 446 4391
498 13188 420 4427
624 15059 560 4311
510 13296 366 4494
684 17145 521 4320
445 10818 357 4569
427 10805 365 4540
730 16904 583 4268
434 10718 335 4605
694 17051 551 4299
644 15538 587 4272
688 17324 496 4340
678 15973 498 4338
470 11683 400 4479
470 11870 342 4560
396 10358 367 4725
656 16536 566 4297
667 17010 531 4309
422 9909 341 4618
677 18305 552 4290
517 13454 445 4400
559 13909 487 4380
470 11561 339 4567
428 10702 365 4555
662 15922 598 4266
607 15195 458 4377
561 14182 462 4379
522 13548 481 4383
665 16423 499 4338
598 14222 547 4343
584 14473 504 4350
696 17035 548 4302
448 11211 341 4590
455 11019 383 4528
507 12795 339 4556
671 17341 568 4278
524 13176 371 4495
586 14863 531 4320
433 10803 346 4585
582 15585 445 4389
516 13256 426 4419
437 10673 349 4590
700 16715 503 4335
559 14063 431 4406
642 15175 633 4251
435 10984 339 4591
472 11144 338 4604
601 15561 456 4382
562 14743 473 4377
424 10672 355 4571
404 9985 332 4619
680 18008 431 4403
416 10310 339 4603
648 16988 479 4356
434 10670 353 4583
679 16010 591 4267
516 13859 441 4402
520 13195 450 4416
592 15616 507 4330
641 15355 617 4266
707 17073 548 4297
459 11597 382 4493
477 11570 412 4522
710 17557 542 4300
723 17773 553 4289
660 16917 554 4295
628 14695 599 4321
430 11101 381 4538
707 17755 542 4300
417 10531 353 4588
659 16207 539 4310
671 17223 551 4294
541 13905 467 4385
579 14594 467 4369
549 13811 469 4381
588 14741 566 4322
674 17435 443 4390
688 16956 531 4311
640 15375 603 4288
625 16300 481 4357
592 14598 458 4385
661 15251 545 4309
471 11836 369 4528
674 15965 479 4359
649 15509 647 4241
692 18504 565 4285
543 14206 499 4355
469 11607 413 4467
643 16081 557 4303
643 16327 509 4325
587 15212 455 4384
582 14301 529 4347
599 15727 517 4323
620 15811 497 4345
406 9902 332 4619
519 12428 339 4561
555 14174 493 4370
628 15743 483 4362
577 14975 400 4441
651 15754 572 4288
577 15076 433 4400
514 13386 469 4404
689 17970 553 4293
467 10863 348 4578
417 10750 345 4590
581 14870 550 4327
480 11571 372 4538
717 17135 567 4279
499 13537 410 4428
669 17246 401 4438
450 11699 381 4520
426 11006 365 4546
561 14863 516 4330
400 10562 367 4717
682 15717 555 4303
421 10511 355 4575
450 11606 341 4576
519 13249 454 4408
518 13247 454 4411
637 15588 519 4329
564 14789 509 4334
662 16252 559 4299
445 11022 376 4537
686 16557 591 4264
591 15379 523 4325
536 13908 462 4391
665 15485 547 4305
655 16554 497 4342
487 11815 345 4558
474 11660 413 4463
599 14026 515 4360
639 15464 484 4352
602 15642 473 4363
642 15297 623 4258
574 14690 493 4349
461 11138 376 4529
553 14033 481 4374
400 10443 354 4718
