0 0.140954 14 14 16
1 0.263246 15 11 13
2 0.380429 15 15 14
3 0.503693 19 13 14
5 0.736769 13 14 12
7 0.980451 11 11 10
10 1.33387 12 13 12
14 1.79654 12 14 11
18 2.2958 12 14 14
23 2.90951 15 11 18
31 3.73413 13 11 11
44 4.77649 9 12 11
60 6.07279 13 11 11
80 7.6822 13 12 10
118 9.68041 15 14 11
166 12.1727 12 14 11
227 15.3404 13 13 13
295 19.3465 16 17 14
362 24.323 15 16 14
444 30.5757 17 15 16
537 38.4723 18 17 17
659 48.3874 16 18 21
811 60.7957 17 16 15
946 76.3843 19 16 13
1195 96.0066 16 16 16
1504 120.602 15 15 14
1820 151.477 15 18 21
2309 190.248 15 16 15
2866 238.936 11 13 13
3575 300.05 13 18 16
