0 0.582415 15 15 13 14 13
1 1.09791 13 11 11 12 11
2 1.61057 16 10 11 13 13
3 2.123 14 11 11 12 11
4 2.6347 15 10 10 15 10
6 3.65781 9 10 10 12 11
8 4.68005 11 13 11 13 9
10 5.7017 12 12 10 15 9
13 7.2333 10 11 14 11 9
16 8.76389 12 9 12 12 10
20 10.8039 8 9 10 8 9
25 13.3572 8 10 10 10 9
32 16.2111 8 12 9 8 10
43 19.3338 8 9 8 9 11
61 23.0718 9 8 8 8 8
83 27.5289 9 8 8 8 9
108 32.7723 10 12 8 15 10
136 39.0899 6 12 10 11 11
168 46.5023 7 10 13 12 11
178 63.8136 11 11 10 10 10
235 75.8048 11 10 12 12 12
292 88.5199 9 14 10 16 10
355 117.989 9 14 11 13 14
443 137.535 10 14 12 18 13
528 157.346 13 11 11 10 10
565 179.289 9 9 10 11 10
674 204.123 9 12 10 10 11
738 232.341 11 11 12 13 11
886 277.661 13 16 11 14 15
978 300.02 12 12 13 13 20
