0,0.0124111,0.0534273
1,0.0214558,0.0534273
3,0.0387827,0.0517118
5,0.0552893,0.0507739
8,0.0793816,0.0467167
12,0.111832,0.0467167
18,0.160018,0.0443878
26,0.227986,0.0408593
37,0.320169,0.0364135
52,0.450214,0.0315
73,0.624833,0.0260696
101,0.86673,0.0220435
140,1.20229,0.0196669
189,1.66379,0.0160657
261,2.31048,0.0125157
359,3.19907,0.00999976
496,4.42596,0.00721182
681,6.12562,0.00605115
935,8.47683,0.0057618
1286,11.7274,0.00427887
1813,16.2263,0.00368329
2571,22.4469,0.00315257
3610,31.0427,0.00273035
5116,42.9315,0.00213814
7250,59.3661,0.00203856
10264,82.0854,0.00202836
14539,113.501,0.00202662
20336,156.933,0.00202309
28322,216.983,0.00202127
39761,300.001,0.00202105
