0,0.015916,0.0543011
1,0.0280748,0.053161
2,0.0405463,0.053161
4,0.0632625,0.0514472
7,0.0952725,0.0491506
11,0.141513,0.0476533
17,0.203102,0.0390094
24,0.281766,0.0376077
34,0.397037,0.0334985
48,0.547094,0.0269986
71,0.757162,0.025114
105,1.04461,0.0223778
155,1.43344,0.0204185
222,1.97039,0.0170503
314,2.70086,0.0142985
436,3.70556,0.0142971
584,5.07554,0.0116513
755,6.94835,0.0100394
977,9.51814,0.00951556
1307,13.0289,0.0093541
1861,17.8302,0.00513253
2607,24.4012,0.00443157
3661,33.3952,0.0024288
5299,45.699,0.00240345
7665,62.5376,0.00239851
11120,85.5787,0.00239851
15850,117.104,0.00239851
22322,160.239,0.00239851
31197,219.257,0.00239851
43284,300.003,0.00239851
