0,0.0115833,0.0631475
1,0.0272624,0.0584065
2,0.0430339,0.0582358
4,0.0747135,0.0513327
6,0.10677,0.0452225
9,0.154457,0.0385496
13,0.215925,0.0364928
19,0.308671,0.0313109
27,0.429038,0.0275043
38,0.591121,0.0238811
54,0.813038,0.0214787
77,1.12249,0.0171632
108,1.53531,0.013099
144,2.09967,0.0115434
178,2.87626,0.0102705
223,3.92871,0.00957962
285,5.36432,0.00875397
368,7.3149,0.00817782
479,9.97601,0.0076224
628,13.6099,0.00749564
831,18.5677,0.00721662
1108,25.3174,0.00710246
1480,34.5125,0.00673483
1990,47.0101,0.00617744
2676,64.042,0.00598736
3610,87.2297,0.00558233
4896,118.812,0.00461253
6647,161.802,0.0042362
9029,220.352,0.0042362
12269,300.016,0.0042362
