0,0.0410919,0.0464159
1,0.111505,0.0464159
2,0.179085,0.0464159
3,0.244435,0.0408734
5,0.373883,0.0408288
7,0.506129,0.039823
10,0.703982,0.0381586
14,0.969783,0.0364651
19,1.30047,0.0325315
25,1.6941,0.028739
33,2.22828,0.0247167
43,2.89773,0.023672
56,3.76294,0.0189197
73,4.91193,0.0164802
94,6.38055,0.012123
121,8.28094,0.009995
155,10.7486,0.00921921
198,13.9394,0.00789329
264,18.0246,0.00669581
354,23.3379,0.00611516
466,30.1795,0.00462333
601,39.0232,0.00433084
770,50.4237,0.00394895
984,65.1142,0.00317101
1256,84.0199,0.0029342
1604,108.431,0.00252716
2062,139.87,0.00203384
2653,180.395,0.00165586
3412,232.659,0.00126565
4389,300.059,0.000994693
