0,0.202412,0.0465123
1,0.372796,0.0448439
2,0.533818,0.0431148
3,0.697012,0.0387635
5,1.03185,0.0329558
7,1.37995,0.0259754
9,1.73967,0.0259741
12,2.25626,0.0243574
16,2.94969,0.0212085
21,3.69466,0.0208157
28,4.62973,0.0177351
38,5.79857,0.0158875
51,7.27743,0.0150791
68,9.12626,0.0138699
88,11.37,0.011717
113,14.2109,0.0116118
144,17.7007,0.00856669
191,22.026,0.0059665
250,27.4282,0.00577277
319,34.1839,0.00577242
409,42.512,0.00577104
511,52.8416,0.00577092
642,65.7172,0.00576991
807,81.661,0.0057627
973,101.491,0.00538868
1269,126.11,0.00538864
1648,156.651,0.0053883
2047,194.599,0.0053877
2539,242.04,0.00537245
3290,300.029,0.00536662
