2369 12.7196
49 294 46 153
45 274 43 163
52 289 42 156
40 291 36 169
43 328 40 156
40 297 36 167
40 291 36 169
52 289 42 156
49 294 46 153
46 283 40 157
44 325 40 156
41 327 38 163
46 283 40 157
52 289 42 156
50 297 38 160
47 298 40 154
41 293 37 166
43 315 39 158
42 318 39 158
48 299 42 153
46 277 44 161
50 297 38 160
47 298 40 154
48 299 42 153
48 286 45 156
49 288 39 158
44 279 44 161
41 327 38 163
44 325 40 156
48 286 45 156
41 292 37 168
43 282 39 160
48 286 45 156
40 297 36 167
43 309 38 160
44 279 44 161
42 318 39 158
45 274 43 163
41 296 38 164
40 306 37 165
42 318 39 158
40 291 36 169
50 297 38 160
45 278 39 160
46 277 44 161
43 328 40 156
42 318 39 158
45 278 39 160
42 297 37 165
44 310 40 157
42 308 38 162
44 279 44 161
45 280 40 159
45 290 40 155
46 287 38 161
42 304 36 165
46 300 46 153
43 314 37 163
45 290 40 155
46 282 40 158
41 292 37 168
45 274 43 163
43 281 38 162
43 309 38 160
40 297 36 167
49 288 39 158
49 294 46 153
41 307 37 164
44 291 39 159
41 293 37 166
41 292 37 168
52 289 42 156
50 297 38 160
47 298 40 154
42 311 38 160
42 318 39 158
45 274 43 163
46 277 44 161
44 285 40 158
44 325 40 156
42 304 36 165
43 282 39 160
41 293 37 166
46 300 46 153
45 278 39 160
40 306 37 165
41 307 37 164
41 307 37 164
41 292 37 168
41 292 37 168
43 290 36 169
43 315 39 158
40 291 36 169
48 286 45 156
44 285 40 158
49 288 39 158
46 287 38 161
43 281 38 162
46 282 40 158
50 308 37 163
45 278 39 160
41 293 37 166
43 309 38 160
43 296 40 158
45 280 40 159
43 328 40 156
43 309 38 160
44 310 40 157
42 311 38 160
43 281 38 162
49 288 39 158
49 288 39 158
40 297 36 167
43 309 38 160
45 290 40 155
49 294 46 153
46 287 38 161
40 306 37 165
41 292 37 168
50 297 38 160
45 280 40 159
50 297 38 160
49 294 46 153
43 328 40 156
52 289 42 156
44 285 40 158
41 293 37 166
52 289 42 156
44 279 44 161
42 318 39 158
41 292 37 168
46 300 46 153
40 291 36 169
50 297 38 160
52 289 42 156
46 300 46 153
40 306 37 165
41 293 37 166
41 292 37 168
41 292 37 168
40 306 37 165
44 291 38 161
43 328 40 156
41 296 38 164
47 291 42 154
52 289 42 156
40 306 37 165
42 311 38 160
48 286 45 156
48 286 45 156
40 291 36 169
46 300 46 153
50 297 38 160
45 274 43 163
42 297 37 165
48 286 45 156
48 286 45 156
44 325 40 156
43 315 39 158
50 297 38 160
46 277 44 161
49 288 39 158
48 286 45 156
41 292 37 168
40 306 37 165
42 318 39 158
41 307 37 164
52 289 42 156
46 277 44 161
42 311 38 160
45 278 39 160
46 282 40 158
