229 10.5512
51 327 42 153
51 327 42 153
48 295 36 167
46 319 46 153
45 307 36 169
44 341 37 163
44 279 42 165
42 290 42 165
47 289 40 161
47 289 38 162
46 296 44 159
46 286 36 169
51 327 42 153
46 303 43 160
45 320 45 155
47 289 38 162
46 298 45 157
43 296 43 161
46 305 39 163
44 279 42 165
46 309 46 154
45 334 37 163
51 327 42 153
49 297 40 157
48 302 39 158
48 291 38 160
47 289 38 162
42 290 42 165
46 298 45 157
50 314 42 154
50 314 42 154
49 321 40 154
45 301 45 156
44 298 44 159
43 296 43 161
43 289 38 164
47 284 38 164
47 282 37 166
49 298 39 158
49 297 40 157
48 302 39 158
47 291 37 165
46 288 37 168
44 301 44 158
48 295 40 159
46 285 38 166
50 314 42 154
49 330 42 153
46 288 37 168
48 313 40 155
46 333 37 163
46 309 46 154
45 324 38 160
50 314 42 154
49 298 39 158
48 295 36 167
47 299 37 164
47 295 38 160
47 291 37 165
47 289 38 162
46 309 46 154
46 298 45 157
46 288 37 168
45 320 45 155
45 301 45 156
45 301 45 156
44 301 44 158
44 298 44 159
44 298 37 167
43 293 43 163
43 293 43 163
42 290 42 165
49 321 40 154
45 328 36 165
43 325 38 160
51 327 42 153
50 304 40 155
47 299 37 164
47 281 37 167
46 288 37 168
45 301 45 156
44 292 43 163
43 293 43 163
50 314 42 154
49 321 40 154
49 297 40 157
48 313 40 155
48 302 39 158
47 299 37 164
47 281 37 167
46 319 46 153
46 305 39 163
45 320 45 155
45 291 43 161
44 301 44 158
44 298 44 159
43 296 43 161
43 293 43 163
42 290 42 165
51 327 42 153
51 327 42 153
51 327 42 153
51 327 42 153
51 327 42 153
51 327 42 153
51 327 42 153
51 327 42 153
51 327 42 153
51 327 42 153
50 314 42 154
50 314 42 154
50 314 42 154
50 314 42 154
50 314 42 154
50 314 42 154
50 314 42 154
50 314 42 154
50 314 42 154
50 314 42 154
50 314 42 154
50 314 42 154
50 314 42 154
50 314 42 154
49 321 40 154
49 321 40 154
49 321 40 154
49 321 40 154
49 321 40 154
49 321 40 154
49 321 40 154
49 321 40 154
49 298 39 158
49 298 39 158
49 298 39 158
49 298 39 158
49 298 39 158
49 298 39 158
49 298 39 158
49 298 39 158
49 298 39 158
49 298 39 158
49 297 40 157
49 297 40 157
49 297 40 157
49 297 40 157
49 297 40 157
49 297 40 157
49 297 40 157
49 297 40 157
49 297 40 157
49 297 40 157
49 297 40 157
49 297 40 157
49 297 40 157
49 297 40 157
49 297 40 157
49 297 40 157
49 297 40 157
49 297 40 157
49 297 40 157
48 302 40 157
48 302 39 158
48 302 39 158
48 302 39 158
48 302 39 158
48 295 40 159
48 295 40 159
48 295 40 159
48 295 36 167
48 291 38 160
47 299 37 164
47 299 37 164
47 299 37 164
47 299 37 164
47 289 38 162
47 289 38 162
47 289 38 162
47 289 38 162
47 289 38 162
47 281 37 167
46 319 46 153
46 319 46 153
46 319 46 153
46 319 46 153
46 309 46 154
46 309 46 154
46 309 46 154
46 309 46 154
46 305 39 163
46 305 39 163
46 305 39 163
46 298 45 157
46 298 45 157
46 298 45 157
46 296 44 159
46 296 44 159
46 288 37 168
46 288 37 168
46 288 37 168
45 320 45 155
45 320 45 155
45 320 45 155
45 320 45 155
45 320 45 155
45 301 45 156
45 301 45 156
45 301 45 156
45 301 45 156
45 301 45 156
45 301 45 156
45 291 43 161
44 298 44 159
44 298 44 159
44 298 44 159
44 298 44 159
44 298 44 159
44 279 42 165
44 279 42 165
44 279 42 165
44 279 42 165
43 296 43 161
43 296 43 161
43 296 43 161
43 296 43 161
43 296 43 161
43 296 43 161
42 290 42 165
42 290 42 165
42 290 42 165
42 290 42 165
42 290 42 165
42 290 42 165
42 290 42 165
42 290 42 165
42 290 42 165
42 290 42 165
42 290 42 165
54 360 38 160
46 325 46 153
46 292 37 168
46 292 37 168
42 291 42 165
54 355 42 153
50 317 42 154
47 333 45 155
45 302 43 161
48 319 45 155
46 314 39 163
44 306 44 160
47 292 40 161
48 301 38 162
47 292 40 161
48 304 37 164
46 297 44 159
48 304 39 158
44 312 44 159
45 305 45 156
49 322 40 154
48 298 40 159
49 301 40 157
46 310 46 154
46 310 46 154
47 333 45 155
47 321 46 153
47 305 39 161
49 301 40 157
47 333 45 155
47 333 45 155
47 292 40 161
60 401 37 166
55 357 42 153
47 301 37 168
46 313 46 154
44 295 42 165
54 365 38 160
46 298 44 159
46 334 43 163
50 307 40 157
48 318 45 156
50 324 40 154
47 348 43 161
48 346 45 155
49 323 38 162
49 314 39 158
48 332 39 158
49 338 40 154
49 308 40 161
49 326 40 157
49 331 45 155
49 308 40 161
46 310 45 157
62 402 42 153
51 326 37 168
48 303 44 159
46 338 46 154
44 308 42 165
57 370 38 160
55 325 38 162
50 324 39 158
50 342 45 155
56 326 42 154
48 327 45 156
47 311 45 157
50 312 42 164
51 339 40 154
49 315 40 161
51 339 40 154
49 318 45 156
51 339 40 154
50 314 40 157
67 443 40 154
66 440 42 153
62 466 46 153
55 337 37 168
50 317 40 159
46 323 42 167
65 401 42 154
49 323 42 165
51 360 40 155
55 326 38 162
54 324 39 158
51 348 45 155
52 338 46 154
49 330 45 156
55 320 40 157
51 348 45 155
51 348 45 155
51 348 45 155
51 348 45 155
59 355 38 162
57 417 46 154
56 383 37 168
55 321 40 157
49 346 45 156
49 349 42 165
52 387 44 158
52 325 44 160
55 336 39 158
52 328 42 162
55 321 40 157
51 334 45 156
54 363 40 157
53 374 40 155
57 371 42 155
53 331 45 157
49 339 45 159
50 330 40 159
55 321 40 157
50 339 45 156
52 365 45 155
55 321 40 157
55 321 40 157
55 321 40 157
55 321 40 157
63 380 40 155
61 373 51 155
60 413 39 158
55 322 40 163
52 333 42 165
50 361 50 157
60 401 39 161
55 389 45 156
57 379 42 156
61 401 45 155
52 333 42 165
62 362 39 158
55 322 40 163
50 343 40 159
55 342 40 159
55 349 40 157
60 413 39 158
60 413 39 158
60 413 39 158
60 413 39 158
60 413 39 158
65 364 39 158
59 405 42 156
56 335 40 163
54 354 49 163
53 344 42 164
58 391 45 156
55 369 44 159
55 388 44 158
56 347 40 161
56 352 40 157
59 349 40 157
55 353 42 163
66 402 39 158
60 352 40 157
55 386 42 163
54 366 42 164
56 372 40 157
58 369 42 157
66 417 39 158
66 417 39 158
60 367 42 162
57 373 40 157
56 388 42 164
56 388 42 164
66 417 39 158
56 388 42 164
74 461 39 158
73 434 51 158
65 440 40 157
58 378 42 163
57 392 43 163
63 395 40 159
62 438 45 157
60 383 43 161
59 386 40 163
62 395 40 161
58 395 40 163
73 444 40 159
67 402 42 160
63 452 40 160
62 386 40 163
58 402 42 163
58 402 42 163
66 417 41 162
66 422 40 161
65 412 40 163
59 405 42 163
62 442 42 163
74 564 44 167
51 316 40 154
47 319 46 153
47 316 46 154
46 283 36 169
46 283 36 169
44 341 37 163
44 312 36 168
42 286 42 165
45 325 38 160
50 315 42 154
43 309 43 160
45 284 43 166
49 293 40 159
47 311 44 157
47 316 45 155
45 304 45 156
51 323 42 153
49 300 40 157
47 295 45 158
44 297 44 158
48 289 40 161
49 290 39 162
48 291 38 162
48 287 37 166
47 311 43 159
43 292 43 163
50 315 42 154
49 298 39 158
49 293 40 159
48 289 40 161
47 311 43 159
46 283 36 169
46 283 36 169
44 297 44 158
43 285 38 164
42 286 42 165
49 298 39 158
47 319 46 153
46 283 36 169
42 286 42 165
46 288 37 168
50 315 42 154
50 308 40 155
49 306 42 156
49 302 37 163
48 302 36 165
47 307 43 160
49 306 42 156
49 300 40 157
49 298 39 158
49 298 39 158
49 293 40 159
49 293 40 159
49 290 39 162
48 302 36 165
48 289 40 161
48 289 40 161
48 287 37 166
47 319 46 153
47 316 46 154
47 289 40 163
47 289 37 167
47 289 37 167
46 283 36 169
43 293 38 162
43 285 38 164
43 285 38 164
48 314 40 155
47 319 46 153
47 316 45 155
49 306 42 156
49 298 39 158
46 322 36 167
46 320 43 159
46 303 45 156
44 294 36 169
51 323 42 153
51 316 40 154
50 315 42 154
50 308 40 155
50 301 36 165
50 301 36 165
49 300 40 157
49 298 39 158
49 293 40 159
49 293 40 159
49 290 39 162
48 295 38 160
48 291 38 162
48 289 40 161
48 287 37 166
47 307 43 160
46 322 36 167
46 320 43 159
46 283 36 169
44 297 44 158
43 292 43 163
43 285 38 164
43 285 38 164
42 286 42 165
42 286 42 165
51 323 42 153
51 323 42 153
51 323 42 153
51 323 42 153
51 323 42 153
51 323 42 153
51 323 42 153
51 323 42 153
51 316 40 154
51 316 40 154
51 316 40 154
51 316 40 154
51 316 40 154
50 315 42 154
50 315 42 154
50 315 42 154
50 315 42 154
50 315 42 154
50 315 42 154
50 315 42 154
50 315 42 154
50 308 40 155
50 308 40 155
50 301 36 165
50 301 36 165
49 308 40 156
49 306 42 156
49 306 42 156
49 306 42 156
49 306 42 156
49 306 42 156
49 302 37 163
49 302 37 163
49 300 40 157
49 298 39 158
49 298 39 158
49 298 39 158
49 298 39 158
49 298 39 158
49 298 39 158
49 298 39 158
49 298 39 158
49 298 39 158
49 298 39 158
49 298 39 158
49 298 39 158
49 298 39 158
49 293 40 159
49 293 40 159
49 293 40 159
49 293 40 159
49 293 40 159
49 293 40 159
49 293 40 159
49 293 40 159
49 293 40 159
49 293 40 159
49 293 40 159
49 293 40 159
49 293 40 159
49 290 39 162
49 290 39 162
49 290 39 162
49 290 39 162
49 290 39 162
48 302 36 165
48 297 40 159
48 295 38 160
48 295 38 160
48 295 38 160
48 291 38 162
48 289 40 161
48 289 40 161
48 289 40 161
48 289 40 161
48 289 40 161
48 289 40 161
48 289 40 161
48 289 40 161
48 287 37 166
48 287 37 166
48 287 37 166
48 287 37 166
47 319 46 153
47 319 46 153
47 319 46 153
47 319 46 153
47 319 46 153
47 319 46 153
47 319 46 153
47 319 46 153
47 319 46 153
47 319 46 153
47 319 46 153
47 316 45 155
47 316 45 155
47 316 45 155
47 316 45 155
47 316 45 155
47 307 43 160
47 295 45 158
47 295 45 158
47 289 40 163
47 289 37 167
46 322 36 167
46 322 36 167
46 320 43 159
46 283 36 169
46 283 36 169
46 283 36 169
46 283 36 169
46 283 36 169
46 283 36 169
46 283 36 169
46 283 36 169
46 283 36 169
46 283 36 169
46 283 36 169
46 283 36 169
46 283 36 169
46 283 36 169
46 283 36 169
46 283 36 169
44 297 44 158
44 297 44 158
44 297 44 158
44 297 44 158
44 297 44 158
43 292 43 163
43 292 43 163
43 292 43 163
43 285 38 164
43 285 38 164
43 285 38 164
43 285 38 164
43 285 38 164
43 285 38 164
43 285 38 164
43 285 38 164
42 286 42 165
42 286 42 165
42 286 42 165
42 286 42 165
42 286 42 165
42 286 42 165
42 286 42 165
66 392 38 160
47 320 46 153
46 284 36 169
43 304 43 163
48 340 44 157
54 302 40 157
47 291 37 167
48 334 45 155
44 298 36 169
48 294 38 162
44 301 44 158
49 294 40 159
50 311 40 155
43 285 38 166
49 308 42 156
49 294 40 159
52 328 40 154
52 325 42 154
48 306 37 166
52 327 42 153
50 302 36 165
47 309 43 160
48 287 38 164
48 295 40 161
44 292 38 164
49 295 39 160
49 295 39 160
49 300 39 158
49 294 40 159
49 310 40 156
49 310 40 156
49 309 37 163
49 295 39 160
49 310 40 156
62 418 40 154
49 325 46 153
46 308 38 164
46 285 36 169
58 379 40 155
52 333 42 154
51 318 36 165
48 292 38 165
54 302 39 158
53 331 42 153
49 295 40 159
49 297 39 160
50 321 38 162
50 318 40 156
47 302 38 164
49 305 39 158
50 318 40 156
49 295 40 159
50 318 40 156
49 295 40 159
60 396 40 155
52 380 46 153
46 287 36 169
46 287 36 169
46 314 43 164
56 372 42 153
49 298 40 159
48 328 38 164
57 349 40 156
53 330 37 166
49 305 42 158
55 352 40 156
51 318 37 167
50 322 38 162
50 335 39 158
50 317 38 165
54 351 40 157
51 322 39 158
49 304 39 164
50 316 39 159
52 322 42 156
52 318 39 158
54 305 39 158
49 305 42 158
58 386 42 153
55 384 46 153
46 294 36 169
49 301 40 159
50 332 44 158
52 356 38 164
56 370 40 156
53 376 38 162
54 345 42 156
53 337 37 166
54 334 39 158
53 336 40 158
68 435 42 154
61 444 45 155
57 353 46 156
46 296 36 169
62 408 42 155
50 302 40 159
60 380 38 162
49 317 43 162
61 424 37 166
54 344 44 158
55 354 38 166
57 358 39 158
58 339 39 158
55 386 44 157
55 348 40 158
54 350 39 162
60 387 40 157
58 339 39 158
58 339 39 158
58 339 39 158
58 339 39 158
58 339 39 158
58 339 39 158
63 445 45 155
51 327 36 169
50 309 40 159
63 420 40 157
50 309 40 159
57 381 39 159
63 358 39 158
56 348 40 158
59 362 39 158
58 413 39 163
56 357 40 158
52 352 36 169
50 310 40 159
59 366 40 158
58 386 40 158
51 347 43 159
51 310 40 161
50 315 43 160
55 359 42 159
57 351 40 159
54 362 42 159
54 362 42 159
54 362 42 159
60 367 40 159
59 381 42 159
55 331 40 161
52 353 42 166
51 334 44 160
50 321 44 161
52 360 43 159
51 344 43 160
59 355 42 160
66 358 42 160
62 377 40 159
60 386 42 159
58 350 40 161
56 331 46 161
52 350 43 163
52 372 44 159
62 377 40 159
55 364 40 161
62 377 40 159
67 382 40 159
62 379 40 163
61 382 45 159
58 434 44 159
53 357 43 167
57 428 40 162
61 386 42 160
57 394 40 165
61 407 40 161
65 379 40 161
58 434 44 159
65 400 40 159
65 406 40 159
58 442 44 159
57 412 40 165
57 412 40 165
57 412 40 165
57 412 40 165
71 428 40 160
69 478 43 160
67 484 44 160
72 491 40 160
51 286 36 167
46 322 46 153
46 312 46 154
46 283 36 169
44 337 36 165
44 277 42 165
40 298 36 169
48 287 36 167
45 315 40 155
47 326 42 153
45 305 45 156
42 298 42 163
43 300 43 160
46 292 39 158
46 280 38 166
43 311 37 163
46 287 44 161
42 289 37 168
45 282 43 163
42 304 36 167
47 285 37 167
47 285 37 167
46 312 46 154
45 297 40 157
45 305 45 156
43 300 43 160
41 299 37 167
40 298 36 169
46 302 40 155
46 287 44 161
45 305 45 156
45 294 39 158
42 318 38 162
42 298 42 163
42 318 38 162
42 289 37 168
47 286 38 164
46 302 40 155
46 287 44 161
45 294 39 158
44 277 42 165
42 298 42 163
41 299 37 167
46 287 44 161
45 297 40 157
44 290 38 160
42 298 42 163
47 326 42 153
47 286 38 164
47 286 38 164
46 312 46 154
46 302 40 155
46 280 38 166
45 305 45 156
45 305 45 156
45 294 39 158
44 290 40 159
44 290 40 159
44 277 42 165
44 277 42 165
43 300 43 160
42 318 38 162
41 299 37 167
46 279 40 165
45 315 40 155
45 294 39 158
44 320 36 166
42 318 38 162
47 313 40 154
46 321 40 154
46 302 40 155
46 292 39 158
46 280 38 166
44 277 42 165
43 294 37 165
42 315 37 164
47 313 40 154
47 286 38 164
46 322 46 153
46 302 40 155
46 283 36 169
44 290 38 160
43 301 42 162
43 301 42 162
43 300 43 160
43 291 37 166
43 291 37 166
42 289 37 168
41 299 37 167
47 313 40 154
47 286 38 164
47 286 38 164
47 286 38 164
47 286 38 164
47 286 38 164
47 286 38 164
47 286 38 164
47 286 38 164
47 286 38 164
47 286 38 164
47 285 37 167
46 322 46 153
46 322 46 153
46 322 46 153
46 322 46 153
46 322 46 153
46 312 46 154
46 302 40 155
46 302 40 155
46 302 40 155
46 302 40 155
46 302 40 155
46 302 40 155
46 302 40 155
46 302 40 155
46 302 40 155
46 302 40 155
46 302 40 155
46 302 40 155
46 302 40 155
46 302 40 155
46 287 44 161
46 287 44 161
46 287 44 161
46 287 44 161
46 287 44 161
46 283 36 169
46 283 36 169
46 283 36 169
46 283 36 169
46 283 36 169
46 283 36 169
46 283 36 169
46 283 36 169
46 280 38 166
46 280 38 166
46 280 38 166
45 315 40 155
45 315 40 155
45 305 45 156
45 305 45 156
45 305 45 156
45 305 45 156
45 305 45 156
45 305 45 156
45 305 45 156
45 305 45 156
45 305 45 156
45 305 45 156
45 305 45 156
45 305 45 156
45 297 40 157
45 297 40 157
45 297 40 157
45 297 40 157
45 294 39 158
45 294 39 158
45 294 39 158
45 294 39 158
44 302 39 158
44 290 38 160
44 290 38 160
44 277 42 165
44 277 42 165
44 277 42 165
44 277 42 165
44 277 42 165
44 277 42 165
44 277 42 165
44 277 42 165
44 277 42 165
44 277 42 165
44 277 42 165
44 277 42 165
44 277 42 165
43 301 42 162
43 301 42 162
43 301 42 162
43 301 42 162
43 301 42 162
43 301 42 162
43 300 43 160
43 300 43 160
43 300 43 160
43 300 43 160
43 300 43 160
43 294 37 165
43 290 37 167
42 318 38 162
42 318 38 162
42 318 38 162
42 318 38 162
42 318 38 162
42 318 38 162
42 318 38 162
42 302 38 164
42 298 42 163
42 298 42 163
42 298 42 163
42 289 37 168
42 289 37 168
42 289 37 168
42 289 37 168
41 299 37 167
41 299 37 167
41 299 37 167
41 299 37 167
51 288 36 167
49 336 46 153
46 286 36 169
46 281 40 165
42 303 37 168
43 298 42 163
48 318 40 154
46 310 39 158
43 301 43 160
44 295 42 165
45 294 38 160
47 290 37 167
45 292 42 165
45 306 45 156
45 301 45 157
43 307 36 169
46 303 40 155
51 288 36 167
42 316 37 164
42 310 38 164
45 303 37 167
51 288 36 167
45 306 45 156
48 289 36 167
51 288 36 167
42 310 38 164
46 290 38 164
42 303 37 168
51 288 36 167
42 316 37 164
51 288 36 167
48 289 36 167
48 289 36 167
51 288 36 167
51 288 36 167
51 288 36 167
51 288 36 167
51 288 36 167
51 288 36 167
51 288 36 167
51 288 36 167
51 288 36 167
51 288 36 167
51 288 36 167
51 288 36 167
51 288 36 167
51 288 36 167
51 288 36 167
51 288 36 167
42 316 37 164
64 391 40 154
54 359 46 153
48 293 36 167
46 282 40 165
43 309 37 168
56 345 37 165
43 306 42 163
51 333 39 158
45 320 43 160
45 307 45 156
47 324 45 155
52 341 40 155
47 296 39 160
49 297 38 164
51 318 46 154
48 294 40 161
50 333 46 154
46 306 40 156
48 293 36 167
46 307 38 160
48 298 38 164
50 344 40 155
48 293 36 167
48 293 36 167
48 293 36 167
57 365 39 158
56 397 46 153
51 293 36 167
49 292 42 172
45 308 45 156
56 383 46 155
46 306 43 160
48 293 36 169
46 320 42 162
49 335 40 156
47 301 42 165
49 314 37 167
47 359 40 156
50 337 38 160
50 300 38 167
47 311 40 157
48 343 38 162
45 307 42 163
45 308 45 156
48 312 38 164
48 343 38 162
48 343 38 162
48 343 38 162
48 343 38 162
48 343 38 162
60 419 46 153
51 296 36 167
51 296 36 167
48 315 36 169
46 311 42 163
53 385 38 162
49 306 43 160
50 321 42 162
51 319 38 164
48 337 40 161
46 310 45 156
58 374 39 158
49 325 40 161
58 374 39 158
55 355 38 162
55 361 40 156
58 374 38 160
47 313 43 160
55 361 40 156
52 383 40 156
49 313 39 165
54 359 38 162
49 333 40 157
49 333 40 157
52 383 40 156
58 374 39 158
55 361 40 156
61 380 40 156
58 400 38 160
51 302 36 167
50 321 36 169
46 313 45 156
46 313 45 156
49 343 40 157
47 317 42 165
52 341 38 166
48 315 43 160
55 369 38 162
52 393 40 156
55 368 38 164
50 311 45 156
55 368 38 164
63 423 38 160
52 306 36 167
51 308 36 169
47 329 45 156
47 315 45 158
59 389 38 162
48 319 42 165
60 368 38 164
56 376 38 163
52 363 40 157
50 342 43 163
51 338 37 168
54 361 40 160
50 330 44 161
51 360 44 158
48 326 45 156
48 334 44 160
66 396 40 161
59 404 40 159
57 356 46 156
54 325 36 167
52 346 46 157
52 341 36 169
48 321 42 165
48 321 42 165
58 382 38 164
60 398 38 163
61 375 39 165
62 400 44 157
53 375 44 158
49 342 44 161
53 333 36 167
55 358 45 156
54 349 45 158
54 364 45 157
55 354 45 157
69 472 40 160
55 381 46 156
54 331 36 167
53 342 36 169
51 322 42 166
50 344 44 161
65 445 38 163
61 409 40 161
69 396 43 163
55 398 44 159
55 330 42 165
54 361 42 165
54 395 45 158
54 378 44 160
54 395 45 158
54 395 45 158
54 395 45 158
78 469 43 163
70 482 42 163
61 405 45 158
57 356 36 167
57 347 50 163
54 343 38 170
50 378 48 165
65 409 42 165
78 469 43 163
57 385 44 160
52 354 42 166
51 360 44 161
54 365 37 168
55 380 36 169
57 345 37 167
79 499 43 163
58 360 37 167
57 422 37 167
57 387 44 160
54 402 45 161
61 392 37 167
60 389 45 160
54 305 39 158
52 325 42 153
48 275 39 163
46 306 46 154
45 340 36 165
44 341 37 163
44 281 42 169
42 286 42 165
51 327 42 153
49 308 40 155
49 295 40 157
49 330 42 153
46 303 46 155
44 302 44 158
49 281 39 161
48 275 39 163
45 303 45 156
42 286 42 165
48 339 42 153
44 296 44 159
44 283 42 166
46 294 39 160
46 285 36 169
45 284 43 163
44 296 44 159
52 325 42 153
53 301 38 160
50 306 38 160
48 275 37 164
48 275 37 164
45 303 45 156
45 284 43 163
54 305 39 158
53 301 38 160
51 315 42 154
47 284 37 164
43 288 43 163
42 286 42 165
49 308 40 155
48 282 38 162
46 287 37 168
45 293 36 168
48 275 39 163
53 301 38 160
52 325 42 153
51 327 42 153
50 306 38 160
50 306 38 160
48 275 37 164
47 284 37 164
46 303 46 155
46 303 46 155
45 303 45 156
45 303 45 156
43 301 43 162
46 295 38 162
44 283 42 166
42 297 42 164
42 286 42 165
49 313 38 160
54 305 39 158
53 301 38 160
53 301 38 160
49 321 40 154
49 295 40 157
49 295 40 157
49 281 39 161
49 281 39 161
48 290 36 167
48 290 36 167
48 275 39 163
48 275 37 164
46 306 46 154
45 303 45 156
44 296 44 159
44 281 42 169
52 325 42 153
49 321 40 154
51 327 42 153
51 316 39 158
47 292 45 159
44 299 38 162
51 327 42 153
50 319 40 154
50 318 42 154
50 289 39 159
49 321 40 154
48 290 40 159
45 303 45 156
45 300 40 157
43 314 43 160
42 297 42 164
53 301 38 160
51 315 42 154
50 319 40 154
50 318 42 154
50 306 38 160
49 295 40 157
49 288 39 160
48 313 40 155
48 290 40 159
46 294 39 160
46 285 36 169
44 302 44 158
44 296 44 159
44 283 42 166
44 281 42 169
54 305 39 158
53 301 38 160
53 301 38 160
53 301 38 160
53 301 38 160
53 301 38 160
53 301 38 160
52 325 42 153
52 325 42 153
52 325 42 153
52 325 42 153
52 325 42 153
52 325 42 153
51 327 42 153
51 327 42 153
51 327 42 153
51 327 42 153
51 327 42 153
51 327 42 153
51 327 42 153
51 327 42 153
51 315 42 154
51 315 42 154
51 315 42 154
51 315 42 154
51 315 42 154
51 315 42 154
51 315 42 154
51 315 42 154
50 318 42 154
50 318 42 154
50 318 42 154
50 318 42 154
50 306 38 160
50 306 38 160
50 306 38 160
50 306 38 160
50 306 38 160
49 321 40 154
49 321 40 154
49 321 40 154
49 321 40 154
49 308 40 155
49 308 40 155
49 308 40 155
49 308 40 155
49 308 40 155
49 281 39 161
49 281 39 161
49 281 39 161
49 281 39 161
49 281 39 161
49 281 39 161
49 281 39 161
48 290 40 159
48 290 40 159
48 290 40 159
48 275 39 163
48 275 39 163
48 275 39 163
48 275 39 163
48 275 39 163
48 275 39 163
48 275 37 164
48 275 37 164
48 275 37 164
48 275 37 164
48 275 37 164
48 275 37 164
48 275 37 164
48 275 37 164
48 275 37 164
48 275 37 164
48 275 37 164
48 275 37 164
46 319 46 153
46 303 46 155
46 303 46 155
46 303 46 155
46 303 46 155
46 303 46 155
46 303 46 155
46 303 46 155
46 294 39 160
46 285 36 169
46 285 36 169
46 285 36 169
45 303 45 156
45 303 45 156
45 303 45 156
45 303 45 156
45 303 45 156
45 303 45 156
45 303 45 156
45 303 45 156
44 302 44 158
44 302 44 158
44 302 44 158
44 302 44 158
44 296 44 159
44 283 42 166
44 283 42 166
44 283 42 166
44 281 42 169
44 281 42 169
44 281 42 169
44 281 42 169
44 281 42 169
42 286 42 165
57 339 36 167
55 357 40 154
52 329 42 153
48 303 36 169
48 276 37 164
46 307 46 154
42 293 42 165
44 290 42 168
49 298 40 157
49 286 39 161
45 305 45 156
45 305 44 159
51 311 38 160
44 308 42 164
46 295 44 162
50 321 42 154
52 329 42 153
49 312 40 155
54 308 39 158
54 308 39 158
48 293 38 162
54 308 39 158
54 316 39 158
52 333 42 153
52 314 36 169
48 280 37 164
46 323 46 154
42 299 42 165
49 287 39 161
49 302 40 157
47 311 45 157
54 312 38 160
51 328 42 154
47 312 45 156
48 323 38 162
50 316 40 155
47 314 46 155
51 323 38 160
49 318 40 156
50 300 38 162
52 333 42 153
49 318 40 156
49 318 40 156
49 318 40 156
56 321 39 158
54 359 38 160
54 303 37 164
52 336 42 153
51 286 37 165
48 336 46 154
46 320 42 169
45 324 42 165
46 299 43 167
48 336 46 154
51 316 40 155
49 311 40 159
50 302 38 162
54 354 39 160
49 289 39 161
48 324 39 163
48 323 37 164
49 288 39 165
48 336 46 154
61 352 39 160
58 349 42 153
57 379 39 158
51 349 46 154
51 290 37 168
48 324 39 165
58 364 40 155
50 333 43 163
52 340 42 156
52 302 39 163
55 308 38 162
54 337 42 154
48 324 39 165
60 369 39 158
50 342 44 159
55 349 37 164
51 320 38 162
51 349 46 154
52 326 40 159
51 306 39 161
56 369 38 160
50 342 44 159
57 367 39 159
54 351 42 153
52 327 40 157
51 328 42 158
56 368 39 160
56 368 39 160
51 349 46 154
52 302 39 163
51 349 46 154
58 349 42 153
51 349 46 154
51 349 46 154
59 366 40 155
58 381 39 158
57 361 37 164
55 358 42 153
52 303 43 164
48 325 48 170
57 343 46 155
50 336 39 165
51 321 42 165
54 347 42 156
49 369 42 165
57 361 40 157
51 341 44 160
52 333 40 159
52 323 38 162
50 348 44 159
51 362 42 163
54 323 40 161
59 353 42 153
55 322 39 161
57 352 42 154
55 355 42 154
65 410 40 155
64 399 37 166
55 360 42 153
55 350 45 156
55 323 43 164
54 336 44 160
57 372 40 157
62 406 39 158
54 385 44 158
55 338 38 162
55 344 39 161
54 352 40 159
62 406 39 158
62 406 39 158
62 406 39 158
62 406 39 158
66 411 39 158
60 356 38 164
56 369 46 154
54 382 42 164
54 339 44 161
61 377 39 161
55 341 40 163
66 411 39 158
55 361 38 162
59 395 42 154
60 369 42 154
59 384 40 157
56 359 40 159
58 385 42 158
58 399 42 154
61 374 40 158
56 352 40 161
59 384 40 157
59 384 40 157
66 411 39 158
66 411 39 158
66 411 39 158
66 415 39 158
60 383 42 154
60 358 43 165
57 373 46 155
56 359 42 168
55 368 38 162
54 367 44 161
65 406 40 157
58 386 42 158
66 398 40 157
56 368 44 159
59 380 43 161
66 412 39 160
60 359 40 159
57 382 40 161
67 424 39 158
60 384 42 154
60 359 40 161
58 384 45 161
58 373 38 162
57 399 38 162
65 415 40 157
63 403 40 159
60 359 40 161
60 359 40 161
77 432 39 161
69 434 39 158
61 386 42 154
61 364 40 161
60 381 38 162
60 365 40 161
67 409 40 159
72 453 39 159
70 477 38 162
63 398 39 163
61 390 42 154
60 368 40 161
72 425 42 155
67 471 46 155
65 393 40 161
60 376 43 165
61 428 45 158
62 410 42 156
67 431 42 156
67 417 42 157
64 434 42 156
62 419 45 157
68 428 48 171
66 440 45 156
65 470 45 157
71 465 51 162
51 310 42 154
46 319 46 153
45 299 36 168
45 276 43 163
44 341 37 163
42 287 42 169
42 287 42 169
51 320 42 153
45 296 39 158
44 337 36 165
49 287 39 160
44 280 42 165
51 310 42 154
48 284 40 161
49 340 42 153
49 287 39 160
48 283 38 162
48 283 38 162
46 306 46 154
46 316 45 155
45 329 37 163
47 278 44 161
45 276 43 163
45 298 45 157
45 280 43 161
48 302 37 166
48 284 40 161
45 330 38 160
48 302 37 166
46 316 45 155
46 285 44 159
47 278 44 161
46 316 45 155
43 282 38 164
43 282 38 164
42 287 42 169
48 304 37 163
48 302 37 166
48 289 40 159
47 278 44 161
45 276 43 163
49 312 36 166
49 287 39 160
47 292 45 157
45 301 45 156
45 296 39 158
48 303 36 167
45 301 45 156
48 302 37 166
48 289 40 159
48 289 40 159
47 313 37 164
47 292 45 157
47 278 44 161
46 319 46 153
46 316 45 155
46 316 45 155
45 299 36 168
45 299 36 168
45 280 43 161
45 276 43 163
43 282 38 164
42 302 38 165
42 288 37 167
42 287 42 169
46 307 38 160
51 310 42 154
49 315 40 154
51 310 42 154
49 294 40 157
48 291 38 160
48 289 40 159
47 313 37 164
47 278 44 161
46 306 46 154
46 285 44 159
45 299 36 168
45 296 39 158
45 294 36 169
43 282 38 164
51 320 42 153
49 312 36 166
48 303 36 167
48 291 38 160
48 289 40 159
48 283 38 162
48 283 38 162
47 313 37 164
47 292 45 157
46 319 46 153
46 306 46 154
45 299 36 168
45 298 45 157
44 284 38 162
43 282 38 164
42 288 37 167
42 288 37 167
42 287 42 169
51 310 42 154
51 310 42 154
51 310 42 154
51 310 42 154
51 310 42 154
51 310 42 154
51 310 42 154
51 310 42 154
51 310 42 154
51 310 42 154
51 310 42 154
51 310 42 154
51 310 42 154
51 310 42 154
49 287 39 160
49 287 39 160
49 287 39 160
49 287 39 160
49 287 39 160
49 287 39 160
49 287 39 160
49 287 39 160
49 287 39 160
49 287 39 160
49 287 39 160
49 287 39 160
48 303 36 167
48 303 36 167
48 303 36 167
48 303 36 167
48 303 36 167
48 302 37 166
48 302 37 166
48 302 37 166
48 291 38 160
48 291 38 160
48 291 38 160
48 289 40 159
48 289 40 159
48 289 40 159
48 289 40 159
48 289 40 159
48 289 40 159
48 289 40 159
48 289 40 159
48 289 40 159
48 289 40 159
48 289 40 159
48 289 40 159
48 289 40 159
48 289 40 159
48 289 40 159
48 289 40 159
48 289 40 159
48 283 38 162
48 283 38 162
48 283 38 162
48 283 38 162
48 283 38 162
48 283 38 162
48 283 38 162
48 283 38 162
47 313 37 164
47 313 37 164
47 313 37 164
47 313 37 164
47 292 45 157
47 278 44 161
47 278 44 161
47 278 44 161
47 278 44 161
47 278 44 161
47 278 44 161
47 278 44 161
47 278 44 161
47 278 44 161
47 278 44 161
47 278 44 161
47 278 44 161
47 278 44 161
47 278 44 161
47 278 44 161
47 278 44 161
46 319 46 153
46 319 46 153
46 319 46 153
46 316 45 155
46 316 45 155
46 316 45 155
46 316 45 155
46 316 45 155
46 316 45 155
46 316 45 155
46 316 45 155
46 316 45 155
45 299 36 168
45 299 36 168
45 299 36 168
45 299 36 168
45 299 36 168
45 298 45 157
45 296 39 158
45 280 43 161
45 276 43 163
45 276 43 163
45 276 43 163
45 276 43 163
45 276 43 163
45 276 43 163
45 276 43 163
45 276 43 163
45 276 43 163
43 282 38 164
43 282 38 164
43 282 38 164
43 282 38 164
43 282 38 164
43 282 38 164
42 288 37 167
42 288 37 167
42 287 42 169
42 287 42 169
42 287 42 169
42 287 42 169
42 287 42 169
42 287 42 169
42 287 42 169
42 287 42 169
42 287 42 169
42 287 42 169
42 287 42 169
42 287 42 169
42 287 42 169
54 338 40 157
52 324 42 153
50 376 46 154
48 311 36 167
45 280 43 163
42 289 42 169
53 370 40 157
46 320 45 155
44 292 38 164
46 297 39 158
45 331 38 160
51 314 42 154
52 306 37 164
49 320 37 163
47 289 44 161
49 288 39 160
47 297 45 157
48 282 44 161
48 286 45 159
50 289 38 162
45 280 43 163
45 331 38 160
48 305 37 166
49 289 40 159
46 310 37 167
49 312 37 165
48 287 40 161
45 302 45 157
49 312 37 165
49 312 37 165
49 312 37 165
45 331 38 160
45 331 38 160
56 353 42 153
54 376 46 153
49 312 36 167
45 280 43 165
42 292 42 169
52 318 42 154
54 344 40 157
55 364 42 153
49 295 40 159
49 289 39 160
51 315 42 156
45 335 38 160
44 299 42 167
49 335 37 164
48 288 40 161
50 322 38 162
48 306 37 166
46 321 45 155
47 320 45 155
48 299 44 160
46 293 42 168
48 302 45 157
50 328 37 163
45 305 38 164
50 328 37 163
50 328 37 163
50 328 37 163
50 328 37 163
50 328 37 163
50 328 37 163
50 328 37 163
50 328 37 163
50 328 37 163
50 328 37 163
50 328 37 163
50 328 37 163
62 393 40 157
54 377 46 153
54 323 36 167
53 293 40 161
51 332 36 167
46 317 38 164
57 357 42 153
47 324 45 155
52 319 42 154
49 370 38 163
49 298 40 159
48 309 37 166
49 295 39 160
51 340 37 164
53 328 38 162
53 377 38 160
48 309 38 165
53 337 37 164
56 352 37 165
55 375 36 167
54 334 42 154
53 294 40 161
52 352 36 169
49 336 45 155
47 332 45 157
50 298 40 159
55 350 38 162
54 354 37 164
49 301 44 159
53 320 39 160
48 314 37 166
53 329 42 156
49 302 40 159
48 328 45 157
48 325 40 164
48 334 45 156
53 329 42 156
48 332 38 164
60 354 37 165
55 378 46 154
54 359 37 165
50 300 44 160
49 333 45 157
52 324 40 159
49 317 40 161
58 347 42 154
50 313 43 161
51 331 45 157
57 377 42 155
56 353 38 163
57 357 38 162
55 371 37 164
53 330 42 156
50 337 38 164
54 361 39 160
55 334 39 160
49 339 45 155
53 330 42 156
66 433 42 156
66 428 46 154
58 416 37 165
55 395 37 167
51 311 44 160
50 315 44 162
54 336 42 158
53 346 45 155
59 364 37 166
54 342 40 159
56 380 38 163
52 358 38 164
56 369 37 166
55 379 39 160
51 328 40 161
58 362 39 160
59 356 38 163
51 328 40 161
51 328 40 161
51 328 40 161
51 328 40 161
70 467 42 156
58 380 38 163
56 386 45 156
56 379 38 172
51 323 44 160
51 317 44 161
61 402 39 160
58 375 38 166
53 334 43 165
66 379 38 164
55 349 40 159
55 363 42 158
56 337 40 161
56 374 39 164
54 341 42 160
52 339 40 163
57 374 45 156
54 352 40 161
51 323 44 160
51 323 44 160
51 323 44 160
51 323 44 160
51 323 44 160
64 429 38 164
63 418 38 165
61 387 42 158
59 375 45 158
53 337 43 165
52 324 44 160
57 363 40 159
57 342 40 161
56 342 40 164
57 361 42 160
61 387 42 158
61 405 40 159
61 390 42 158
57 348 44 161
55 390 43 166
56 369 42 165
57 381 43 162
58 388 42 162
65 419 40 159
62 395 43 164
66 450 40 160
68 462 44 161
