8143 236.932
55 297 42 153
55 297 42 153
48 284 46 154
45 267 43 162
43 334 37 163
40 279 36 168
40 279 36 168
40 279 36 168
41 283 37 164
53 273 39 160
42 277 38 164
44 324 37 163
49 301 40 154
55 297 42 153
47 271 38 162
47 280 45 156
40 279 36 168
43 274 38 163
42 287 38 160
43 311 40 157
43 334 37 163
49 294 40 155
41 277 37 166
48 305 37 163
51 299 42 153
45 269 43 161
47 289 39 158
47 280 45 156
55 297 42 153
54 279 40 155
48 284 46 154
46 279 44 158
45 280 44 158
45 267 43 162
54 286 42 154
48 284 46 154
48 282 40 157
45 269 43 161
53 275 40 157
51 299 42 153
50 288 42 154
48 275 38 160
47 289 39 158
47 273 40 161
47 271 38 162
46 272 44 159
45 320 36 165
44 324 37 163
44 314 40 156
44 313 36 166
44 270 43 161
43 323 36 165
40 279 36 168
47 319 37 163
44 314 40 156
55 297 42 153
55 297 42 153
54 279 40 155
51 293 40 154
50 288 42 154
50 282 40 155
49 294 40 155
49 277 40 157
49 277 39 158
48 284 46 154
47 280 45 156
46 279 44 158
46 279 42 160
46 279 42 160
46 272 44 159
45 267 43 162
40 280 36 167
40 280 36 167
47 302 42 153
45 320 36 165
43 323 36 165
51 293 40 154
50 296 40 154
47 291 45 155
47 280 45 156
45 298 40 156
45 267 43 162
44 313 36 166
43 311 40 157
55 297 42 153
55 297 42 153
55 290 40 154
55 290 40 154
54 286 42 154
51 299 42 153
51 293 40 154
50 300 42 153
50 300 42 153
50 288 42 154
50 282 40 155
49 301 40 154
49 295 46 153
49 295 46 153
49 294 40 155
48 284 46 154
48 278 46 155
48 278 46 155
48 276 40 159
48 276 40 159
47 319 37 163
47 302 40 154
46 291 44 157
46 279 44 158
46 272 44 159
46 270 44 160
45 269 43 161
55 297 42 153
55 297 42 153
55 297 42 153
55 297 42 153
55 297 42 153
55 297 42 153
55 297 42 153
55 297 42 153
55 297 42 153
55 297 42 153
55 297 42 153
55 297 42 153
55 297 42 153
55 297 42 153
55 297 42 153
55 297 42 153
55 297 42 153
55 297 42 153
55 297 42 153
55 297 42 153
55 297 42 153
55 297 42 153
55 297 42 153
55 297 42 153
55 297 42 153
55 297 42 153
55 297 42 153
55 297 42 153
55 297 42 153
55 297 42 153
55 297 42 153
55 297 42 153
55 297 42 153
55 297 42 153
55 297 42 153
55 297 42 153
55 297 42 153
55 297 42 153
55 297 42 153
55 297 42 153
55 297 42 153
55 297 42 153
55 297 42 153
55 297 42 153
55 297 42 153
55 297 42 153
55 297 42 153
55 297 42 153
55 297 42 153
55 297 42 153
55 297 42 153
55 297 42 153
55 297 42 153
55 297 42 153
55 297 42 153
55 297 42 153
55 297 42 153
55 297 42 153
55 297 42 153
55 297 42 153
55 297 42 153
55 297 42 153
55 297 42 153
55 297 42 153
55 297 42 153
55 297 42 153
55 297 42 153
55 297 42 153
55 297 42 153
55 297 42 153
55 297 42 153
55 297 42 153
55 297 42 153
55 297 42 153
55 297 42 153
55 297 42 153
55 297 42 153
55 297 42 153
55 297 42 153
55 297 42 153
55 297 42 153
55 297 42 153
55 297 42 153
55 297 42 153
55 297 42 153
55 297 42 153
55 297 42 153
55 297 42 153
55 297 42 153
55 297 42 153
55 297 42 153
55 297 42 153
55 297 42 153
55 297 42 153
55 297 42 153
55 297 42 153
55 297 42 153
55 297 42 153
55 297 42 153
55 297 42 153
55 297 42 153
55 297 42 153
55 297 42 153
55 297 42 153
55 297 42 153
55 297 42 153
54 286 42 154
54 279 40 155
54 279 40 155
51 299 42 153
51 299 42 153
51 299 42 153
51 299 42 153
51 299 42 153
51 299 42 153
51 299 42 153
51 299 42 153
51 299 42 153
51 293 40 154
51 293 40 154
51 293 40 154
50 300 42 153
50 288 42 154
50 288 42 154
50 288 42 154
50 282 40 155
50 282 40 155
50 282 40 155
50 282 40 155
50 282 40 155
49 295 46 153
49 295 46 153
49 295 46 153
49 284 42 156
49 284 42 156
49 284 42 156
49 277 40 157
49 277 40 157
48 284 46 154
48 284 46 154
48 284 46 154
48 284 46 154
48 284 46 154
48 284 46 154
48 278 46 155
47 289 39 158
47 289 39 158
47 289 39 158
47 280 45 156
47 280 45 156
47 280 45 156
47 273 45 157
47 273 45 157
47 273 45 157
47 273 45 157
47 273 40 161
47 273 40 161
47 273 40 161
46 279 44 158
46 279 44 158
46 279 44 158
46 272 44 159
45 267 43 162
45 267 43 162
45 267 43 162
40 279 36 168
40 279 36 168
40 279 36 168
40 279 36 168
40 279 36 168
40 279 36 168
63 386 37 166
51 304 42 153
49 307 46 153
46 280 44 158
45 289 36 168
43 290 36 168
49 338 37 167
52 318 38 160
46 305 38 163
56 300 42 153
50 282 40 157
48 280 43 162
55 290 42 154
54 284 42 156
50 293 39 158
47 288 45 156
47 289 43 160
46 280 44 158
48 294 45 155
49 308 40 156
47 294 39 158
50 285 40 155
56 283 40 155
48 289 46 154
52 301 42 153
50 291 42 154
48 289 46 154
52 301 40 154
49 288 42 156
54 328 39 158
54 285 46 155
49 315 46 153
48 346 42 163
44 314 36 168
46 313 36 168
48 297 43 161
50 291 42 156
48 293 46 154
52 304 42 153
51 288 40 155
50 292 40 159
51 306 42 153
48 289 46 155
52 295 42 154
50 293 40 155
49 290 46 154
52 302 40 154
49 292 42 156
50 297 42 154
49 290 46 154
49 290 46 154
63 356 39 160
54 290 42 156
53 304 42 153
51 292 49 164
49 301 46 154
52 314 42 153
56 303 40 154
49 304 44 159
49 306 42 158
51 293 40 155
51 302 42 154
51 302 42 154
51 302 42 154
51 302 42 154
66 358 40 154
58 306 42 153
55 361 42 153
54 291 45 156
51 294 40 155
49 348 43 165
51 303 42 154
57 308 42 153
58 306 42 153
61 316 42 153
61 316 42 153
58 333 46 153
55 297 42 155
52 298 40 156
51 304 42 155
60 328 42 153
60 314 46 153
57 307 40 155
56 332 40 155
60 305 42 154
51 317 42 154
51 315 46 154
63 323 42 153
61 326 42 153
58 371 40 155
56 300 42 156
53 319 46 154
53 317 40 161
52 319 40 157
51 308 42 155
55 344 42 154
51 305 45 156
60 300 40 157
60 311 46 154
56 313 40 157
56 305 42 155
61 307 40 155
61 326 42 153
61 326 42 153
61 326 42 153
61 347 42 153
61 310 40 155
60 357 42 154
56 304 46 157
51 320 44 161
55 336 40 157
58 308 42 156
59 306 45 156
53 329 42 155
56 309 45 155
57 313 42 155
55 319 42 156
53 311 42 157
64 395 40 155
61 314 40 156
60 343 46 155
58 312 42 156
53 332 43 161
55 328 45 160
56 334 45 157
59 366 42 155
55 347 42 156
61 314 40 156
61 314 40 156
71 394 42 155
64 424 46 155
62 321 40 156
58 317 45 161
55 352 42 156
59 328 46 158
59 328 46 158
59 328 46 158
68 324 45 158
63 333 40 156
61 348 46 159
63 326 42 156
67 326 45 156
66 363 40 156
65 350 45 157
64 362 40 157
69 375 40 156
68 370 40 157
66 392 40 157
65 365 45 159
64 384 46 162
75 387 45 156
67 395 42 160
75 425 45 163
67 408 46 160
55 297 42 153
55 297 42 153
47 299 46 154
45 267 43 162
43 334 37 163
40 279 36 168
40 279 36 168
40 279 36 168
43 334 37 163
54 279 40 155
47 281 45 156
42 277 38 164
44 324 37 163
55 297 42 153
44 314 40 156
44 313 36 166
41 283 37 164
41 277 37 166
51 293 40 154
54 279 40 155
53 275 39 158
45 267 43 162
45 269 43 161
48 305 37 163
49 277 39 158
48 286 39 158
47 271 38 162
45 288 44 159
45 287 45 156
40 280 36 167
43 323 36 165
55 297 42 153
51 293 40 154
48 278 46 155
46 272 44 159
49 285 40 155
43 311 40 157
46 311 40 154
53 275 40 157
53 275 40 157
49 295 46 153
48 276 40 159
47 289 39 158
46 270 44 160
45 320 36 165
45 269 43 161
43 296 39 158
42 287 38 160
40 280 36 167
47 319 37 163
55 297 42 153
55 297 42 153
54 286 42 154
51 293 40 154
51 293 40 154
50 282 40 155
50 282 40 155
48 278 46 155
48 278 46 155
48 275 38 160
47 283 38 160
47 283 38 160
47 283 38 160
46 279 44 158
46 272 44 159
46 272 44 159
45 269 43 161
45 269 43 161
45 267 43 162
40 280 36 167
40 279 36 168
45 320 36 165
55 297 42 153
55 291 40 154
51 293 40 154
49 301 42 153
47 303 42 153
45 267 43 162
44 313 36 166
55 297 42 153
55 291 40 154
54 286 42 154
50 300 42 153
50 300 42 153
50 296 40 154
50 288 42 154
50 282 40 155
49 295 46 153
48 294 45 155
48 294 45 155
48 290 42 156
48 290 42 156
48 284 46 154
48 284 46 154
48 278 46 155
48 278 46 155
48 276 40 159
47 319 37 163
47 303 42 153
47 302 40 154
47 299 46 154
47 289 39 158
47 282 42 160
47 273 45 157
47 273 45 157
47 271 38 162
46 274 38 162
46 272 44 159
46 272 44 159
46 270 44 160
45 302 40 155
45 283 44 160
44 324 37 163
44 274 43 161
43 323 36 165
40 279 36 168
40 279 36 168
55 297 42 153
55 297 42 153
55 297 42 153
55 297 42 153
55 297 42 153
55 297 42 153
55 297 42 153
55 297 42 153
55 297 42 153
55 297 42 153
55 297 42 153
55 297 42 153
55 297 42 153
55 297 42 153
55 297 42 153
55 297 42 153
55 297 42 153
55 297 42 153
55 297 42 153
55 297 42 153
55 297 42 153
55 297 42 153
55 297 42 153
55 297 42 153
55 297 42 153
55 297 42 153
55 297 42 153
55 297 42 153
55 297 42 153
55 297 42 153
55 297 42 153
55 297 42 153
55 297 42 153
55 297 42 153
55 297 42 153
55 297 42 153
55 297 42 153
55 297 42 153
55 297 42 153
55 297 42 153
55 297 42 153
55 297 42 153
55 297 42 153
55 297 42 153
55 297 42 153
55 297 42 153
55 297 42 153
55 297 42 153
55 297 42 153
55 297 42 153
55 297 42 153
55 297 42 153
55 297 42 153
55 297 42 153
55 297 42 153
55 297 42 153
55 297 42 153
55 297 42 153
55 297 42 153
55 297 42 153
55 297 42 153
55 297 42 153
55 297 42 153
55 297 42 153
55 297 42 153
55 297 42 153
55 297 42 153
55 297 42 153
55 297 42 153
55 297 42 153
55 297 42 153
55 297 42 153
55 297 42 153
55 297 42 153
55 297 42 153
55 297 42 153
55 297 42 153
55 297 42 153
55 297 42 153
55 297 42 153
55 297 42 153
55 297 42 153
55 297 42 153
55 297 42 153
55 297 42 153
55 297 42 153
55 297 42 153
55 297 42 153
55 297 42 153
55 297 42 153
55 297 42 153
54 286 42 154
54 279 40 155
54 279 40 155
53 275 40 157
53 275 40 157
53 275 40 157
53 275 40 157
51 293 40 154
51 293 40 154
51 293 40 154
51 293 40 154
51 293 40 154
50 282 40 155
50 282 40 155
49 295 46 153
49 295 46 153
49 277 40 157
49 277 40 157
49 277 40 157
48 284 46 154
48 284 46 154
48 284 42 158
48 278 46 155
48 278 46 155
48 278 46 155
48 278 46 155
48 278 46 155
48 278 46 155
48 278 46 155
48 278 46 155
47 283 38 160
47 274 40 161
47 274 40 161
47 274 40 161
47 274 40 161
47 274 40 161
47 271 38 162
46 279 44 158
46 272 44 159
46 272 44 159
46 272 44 159
46 272 44 159
46 272 44 159
46 272 44 159
46 272 44 159
46 272 44 159
45 283 44 160
45 267 43 162
45 267 43 162
45 267 43 162
45 267 43 162
45 267 43 162
45 267 43 162
45 267 43 162
45 267 43 162
45 267 43 162
40 280 36 167
40 280 36 167
40 279 36 168
40 279 36 168
40 279 36 168
40 279 36 168
40 279 36 168
40 279 36 168
40 279 36 168
40 279 36 168
40 279 36 168
56 287 40 155
55 298 42 153
49 289 46 154
47 310 37 166
45 269 43 162
44 281 36 168
48 276 38 160
51 294 40 154
47 273 44 159
50 298 42 154
48 281 40 159
49 299 40 157
48 285 45 156
46 296 45 158
49 283 39 158
48 288 39 158
50 291 40 155
47 276 45 157
47 276 45 157
50 283 40 157
67 368 37 166
62 357 36 168
55 299 42 153
49 311 46 154
47 277 44 160
47 276 45 158
50 312 42 156
48 280 43 162
57 290 40 157
54 294 42 154
51 293 40 156
49 289 46 155
50 285 38 160
49 289 38 162
49 289 45 156
53 291 39 158
52 298 40 154
48 282 44 159
51 310 42 154
49 278 44 159
47 286 45 157
48 292 39 158
48 283 45 157
55 296 40 154
48 292 39 158
48 292 39 158
48 292 39 158
48 292 39 158
47 292 44 159
57 306 42 153
57 306 42 153
54 296 38 160
51 313 42 156
49 293 46 155
48 280 44 160
53 291 44 159
48 284 45 157
48 293 39 158
52 299 40 154
56 294 42 154
56 295 40 157
56 296 40 155
55 298 42 155
52 299 40 154
62 312 42 153
57 334 42 153
54 318 38 162
51 314 46 156
50 285 44 160
48 296 39 158
52 300 40 154
49 293 44 159
58 296 40 156
58 295 40 157
50 300 45 157
57 296 42 156
54 293 45 157
56 298 40 156
59 318 38 162
56 301 40 154
51 300 45 157
49 295 44 159
48 298 39 158
54 315 40 155
52 308 40 156
52 318 42 154
56 300 40 157
57 298 42 156
57 298 42 156
65 332 38 162
61 363 38 162
59 364 40 154
52 296 50 159
51 336 40 164
49 315 43 162
52 335 46 155
55 317 45 156
56 305 42 157
50 300 45 159
54 348 40 156
55 343 40 156
53 325 39 158
52 330 40 163
52 323 42 156
57 315 39 158
61 328 40 154
60 311 40 155
57 302 40 158
54 315 40 157
60 311 40 155
53 330 40 157
51 305 45 157
57 303 40 156
65 379 38 163
61 392 38 162
61 348 40 155
61 310 45 156
61 309 43 165
52 336 43 161
53 330 39 158
52 334 44 159
55 334 42 156
54 351 40 157
55 316 40 157
65 312 40 156
56 313 43 162
57 315 40 159
60 310 40 157
59 331 40 156
60 310 40 157
60 310 40 157
60 310 40 157
60 310 40 157
69 349 40 155
68 383 46 155
60 311 40 157
58 345 39 158
55 319 51 162
54 343 44 159
65 370 40 156
64 333 42 156
61 321 45 156
55 349 40 160
56 382 39 158
57 327 40 157
72 405 40 155
61 323 40 157
58 369 39 158
57 345 40 157
58 329 40 157
66 373 39 158
63 383 40 157
60 385 40 157
60 367 42 158
59 333 40 159
58 358 40 159
62 357 40 159
61 354 44 159
60 387 42 157
60 344 44 160
66 382 46 159
55 297 42 153
49 308 42 153
47 302 46 153
45 267 43 162
43 334 37 163
40 279 36 168
40 279 36 168
40 279 36 168
43 334 37 163
53 275 39 158
44 314 40 156
55 297 42 153
48 281 40 157
45 267 43 162
48 274 38 160
40 279 36 168
41 277 37 166
44 324 37 163
51 293 40 154
42 277 38 164
51 299 42 153
47 319 37 163
50 282 40 155
45 280 44 158
43 290 37 164
47 319 37 163
47 273 45 157
44 284 38 160
43 323 36 165
55 297 42 153
48 278 46 155
46 278 39 158
45 301 40 157
45 282 45 157
45 280 44 158
45 280 44 158
49 295 46 153
49 289 42 154
49 285 40 155
48 275 40 159
45 293 39 158
45 269 43 161
43 290 38 161
46 304 40 154
54 286 42 154
50 300 42 153
48 281 40 157
48 278 46 155
48 274 38 160
47 288 40 155
47 273 45 157
47 271 38 162
46 287 46 155
46 283 40 157
46 272 44 159
46 270 44 160
45 282 45 157
44 313 36 166
44 270 43 161
43 323 36 165
42 292 38 163
55 297 42 153
55 297 42 153
54 280 40 155
53 275 39 158
53 275 39 158
46 297 40 156
45 282 45 157
41 277 37 166
40 280 36 167
40 280 36 167
49 308 42 153
45 320 36 165
43 311 40 157
55 297 42 153
49 302 40 154
49 295 46 153
47 292 46 154
44 313 36 166
43 311 40 157
55 297 42 153
55 290 40 154
54 286 42 154
54 280 40 155
54 280 40 155
53 275 39 158
51 299 42 153
50 300 42 153
50 298 40 154
50 298 40 154
50 282 40 155
48 284 42 156
48 281 40 157
48 274 38 160
47 288 40 155
47 271 38 162
46 287 46 155
46 283 40 157
46 278 39 158
46 272 44 159
45 320 36 165
45 301 40 157
45 301 40 157
45 269 43 161
44 324 37 163
40 279 36 168
40 279 36 168
55 297 42 153
55 297 42 153
55 297 42 153
55 297 42 153
55 297 42 153
55 297 42 153
55 297 42 153
55 297 42 153
55 297 42 153
55 297 42 153
55 297 42 153
55 297 42 153
55 297 42 153
55 297 42 153
55 297 42 153
55 297 42 153
55 297 42 153
55 297 42 153
55 297 42 153
55 297 42 153
55 297 42 153
55 297 42 153
55 297 42 153
55 297 42 153
55 297 42 153
55 297 42 153
55 297 42 153
55 297 42 153
55 297 42 153
55 297 42 153
55 297 42 153
55 297 42 153
55 297 42 153
55 297 42 153
55 297 42 153
55 297 42 153
55 297 42 153
55 297 42 153
55 297 42 153
55 297 42 153
55 297 42 153
55 297 42 153
55 297 42 153
55 297 42 153
55 297 42 153
55 297 42 153
55 297 42 153
55 297 42 153
55 297 42 153
55 297 42 153
55 297 42 153
55 297 42 153
55 297 42 153
55 297 42 153
55 297 42 153
55 297 42 153
55 297 42 153
55 297 42 153
55 297 42 153
55 297 42 153
55 297 42 153
55 297 42 153
55 297 42 153
55 297 42 153
55 297 42 153
55 297 42 153
55 297 42 153
55 297 42 153
55 297 42 153
55 297 42 153
55 297 42 153
55 297 42 153
55 297 42 153
55 297 42 153
55 297 42 153
55 297 42 153
55 297 42 153
55 297 42 153
55 297 42 153
55 297 42 153
55 297 42 153
55 297 42 153
55 297 42 153
55 297 42 153
55 297 42 153
55 297 42 153
55 297 42 153
55 297 42 153
55 297 42 153
55 297 42 153
55 297 42 153
55 297 42 153
55 297 42 153
54 286 42 154
54 286 42 154
54 286 42 154
54 280 40 155
54 280 40 155
54 280 40 155
54 280 40 155
53 275 40 157
53 275 39 158
53 275 39 158
53 275 39 158
51 299 42 153
50 282 40 155
50 282 40 155
50 282 40 155
49 295 46 153
49 295 46 153
48 278 46 155
48 274 38 160
48 274 38 160
46 287 46 155
46 287 46 155
46 287 46 155
46 287 46 155
46 283 40 157
46 283 40 157
46 283 40 157
46 278 39 158
46 278 39 158
45 301 40 157
45 282 45 157
45 280 44 158
45 280 44 158
45 280 44 158
45 280 44 158
44 284 38 160
40 279 36 168
40 279 36 168
40 279 36 168
40 279 36 168
40 279 36 168
40 279 36 168
40 279 36 168
40 279 36 168
40 279 36 168
40 279 36 168
40 279 36 168
40 279 36 168
40 279 36 168
40 279 36 168
40 279 36 168
40 279 36 168
40 279 36 168
40 279 36 168
40 279 36 168
63 427 37 164
57 301 42 153
53 280 39 158
48 285 46 155
43 294 36 168
42 302 36 168
51 307 40 154
49 289 46 154
53 281 38 160
45 286 37 166
46 305 38 162
45 294 39 158
53 280 39 158
43 291 38 165
50 288 40 155
55 302 40 154
54 285 40 157
47 305 37 165
48 299 40 156
46 287 40 157
46 303 40 156
50 281 39 158
61 310 42 153
58 324 42 153
54 328 46 154
54 285 39 158
53 358 38 161
51 294 36 168
44 296 36 168
46 299 44 158
51 321 37 165
49 290 46 155
56 302 38 160
51 308 37 167
47 317 38 164
56 303 42 154
57 311 40 154
49 305 38 162
48 301 40 156
54 288 40 155
52 297 40 155
54 285 39 158
50 296 40 156
53 318 39 161
47 294 40 157
55 305 42 154
48 288 40 157
51 304 42 155
71 401 37 165
66 351 42 153
55 289 46 155
54 286 42 158
46 299 36 168
49 324 38 163
59 368 40 154
59 318 42 154
54 324 45 156
62 358 38 160
57 333 37 167
56 290 40 157
47 304 42 166
59 342 38 161
54 286 40 159
56 349 37 166
59 364 38 160
49 292 45 159
55 298 39 158
48 295 40 157
56 294 39 158
49 298 46 155
54 337 39 158
56 295 40 155
55 298 39 158
55 298 39 158
55 299 42 155
55 298 39 158
55 298 39 158
55 298 39 158
69 389 42 153
60 290 44 159
50 298 46 155
47 315 36 168
46 342 36 168
61 369 38 162
56 332 38 164
59 346 42 154
51 295 41 163
49 316 45 157
56 296 39 158
55 297 40 157
51 326 40 157
53 307 40 157
52 303 45 157
52 312 40 157
50 330 40 159
56 301 40 156
56 302 40 155
51 301 40 158
62 357 42 154
62 357 42 154
57 300 39 160
52 320 36 168
50 341 40 162
52 326 40 157
55 301 40 159
57 306 40 155
56 313 40 155
52 311 40 159
56 303 39 158
56 303 39 158
57 306 40 155
62 357 42 154
62 357 42 154
62 357 42 154
62 311 39 158
61 311 46 155
60 321 36 168
58 303 40 159
56 372 39 159
56 326 40 155
52 323 36 168
50 357 40 166
52 321 40 159
57 305 39 159
58 317 40 157
60 320 40 156
61 315 39 158
66 353 39 158
63 315 46 155
61 314 45 162
59 371 40 156
58 362 39 161
52 344 42 160
55 334 42 160
60 317 40 159
61 326 40 156
62 346 39 162
58 362 39 161
56 342 42 159
58 319 40 159
62 341 40 155
57 324 40 160
57 353 40 157
60 337 40 157
57 353 40 157
57 353 40 157
57 353 40 157
58 335 42 155
57 353 40 157
57 353 40 157
57 353 40 157
57 353 40 157
57 353 40 157
57 353 40 157
69 400 39 158
65 354 40 155
60 373 46 156
60 323 40 159
58 382 39 161
56 398 42 173
58 359 45 162
57 328 40 164
62 344 40 156
61 393 40 157
59 354 40 159
62 332 40 157
61 376 45 157
57 377 40 163
69 394 40 155
67 385 42 155
63 414 39 161
60 324 40 159
68 408 40 156
66 379 40 157
62 383 40 157
66 396 40 157
62 342 40 159
60 332 42 160
65 417 45 160
65 381 43 162
61 378 46 160
55 297 42 153
55 297 42 153
48 284 46 154
45 267 43 162
43 334 37 163
40 279 36 168
40 279 36 168
40 279 36 168
46 273 40 161
47 284 39 158
46 274 38 162
41 277 37 166
44 314 40 156
43 334 37 163
55 297 42 153
53 273 39 160
50 282 40 155
47 296 45 155
47 280 45 156
44 324 37 163
47 284 39 158
47 271 38 162
45 286 44 159
40 280 36 167
45 269 43 161
42 287 38 160
44 324 37 163
42 277 38 164
41 283 37 164
51 299 42 153
43 311 40 157
48 278 46 155
45 286 44 159
45 269 43 161
46 304 40 154
43 323 36 165
55 297 42 153
51 293 40 154
49 301 42 153
47 280 45 156
53 275 39 158
50 300 42 153
48 276 40 159
46 272 44 159
45 320 36 165
44 313 36 166
44 270 43 161
40 279 36 168
47 319 37 163
55 297 42 153
55 297 42 153
54 286 42 154
54 280 40 155
54 280 40 155
49 277 40 157
48 284 46 154
48 284 46 154
47 273 45 157
47 273 45 157
46 274 38 162
40 280 36 167
40 279 36 168
46 307 46 153
45 320 36 165
55 297 42 153
55 291 40 154
51 299 42 153
51 293 40 154
49 295 46 153
48 305 37 163
47 302 42 153
46 307 46 153
46 290 45 156
45 313 40 155
45 282 45 158
45 267 43 162
43 311 40 157
55 297 42 153
55 291 40 154
51 299 42 153
50 300 42 153
50 288 42 154
50 288 42 154
49 295 46 153
49 289 42 154
49 289 42 154
49 277 40 157
48 305 37 163
48 285 40 156
48 285 40 156
48 284 46 154
48 276 40 159
48 275 38 160
47 319 37 163
47 302 40 154
47 296 45 155
47 286 46 154
47 278 38 160
47 273 45 157
47 271 38 162
46 283 40 157
46 274 38 162
46 273 40 161
46 272 44 159
46 271 44 160
44 270 43 161
43 323 36 165
55 297 42 153
55 297 42 153
55 297 42 153
55 297 42 153
55 297 42 153
55 297 42 153
55 297 42 153
55 297 42 153
55 297 42 153
55 297 42 153
55 297 42 153
55 297 42 153
55 297 42 153
55 297 42 153
55 297 42 153
55 297 42 153
55 297 42 153
55 297 42 153
55 297 42 153
55 297 42 153
55 297 42 153
55 297 42 153
55 297 42 153
55 297 42 153
55 297 42 153
55 297 42 153
55 297 42 153
55 297 42 153
55 297 42 153
55 297 42 153
55 297 42 153
55 297 42 153
55 297 42 153
55 297 42 153
55 297 42 153
55 297 42 153
55 297 42 153
55 297 42 153
55 297 42 153
55 297 42 153
55 297 42 153
55 297 42 153
55 297 42 153
55 297 42 153
55 297 42 153
55 297 42 153
55 297 42 153
55 297 42 153
55 297 42 153
55 297 42 153
55 297 42 153
55 297 42 153
55 297 42 153
55 297 42 153
55 297 42 153
55 297 42 153
55 297 42 153
55 297 42 153
55 297 42 153
55 297 42 153
55 297 42 153
55 297 42 153
55 297 42 153
55 297 42 153
55 297 42 153
55 297 42 153
55 297 42 153
55 297 42 153
55 297 42 153
55 297 42 153
55 297 42 153
55 297 42 153
55 297 42 153
55 297 42 153
55 297 42 153
55 297 42 153
55 297 42 153
55 297 42 153
55 297 42 153
55 297 42 153
55 297 42 153
55 297 42 153
55 297 42 153
55 297 42 153
55 297 42 153
55 297 42 153
55 297 42 153
55 297 42 153
55 297 42 153
55 297 42 153
55 297 42 153
55 297 42 153
55 297 42 153
55 297 42 153
55 297 42 153
55 297 42 153
55 297 42 153
55 297 42 153
55 297 42 153
55 297 42 153
55 297 42 153
55 297 42 153
55 291 40 154
54 286 42 154
51 299 42 153
51 299 42 153
51 299 42 153
51 293 40 154
51 293 40 154
49 289 42 154
48 285 40 156
48 284 46 154
48 284 46 154
48 284 46 154
48 284 46 154
48 284 46 154
48 284 46 154
48 284 46 154
48 284 46 154
48 284 46 154
48 284 46 154
48 284 46 154
48 276 40 159
47 284 39 158
47 284 39 158
47 280 45 156
47 273 45 157
47 273 45 157
47 273 45 157
47 273 45 157
46 274 38 162
46 274 38 162
46 274 38 162
46 273 40 161
46 273 40 161
45 286 44 159
45 286 44 159
45 269 43 161
40 279 36 168
40 279 36 168
40 279 36 168
40 279 36 168
40 279 36 168
40 279 36 168
40 279 36 168
40 279 36 168
40 279 36 168
40 279 36 168
40 279 36 168
40 279 36 168
74 401 38 160
51 304 42 153
48 282 46 155
47 276 44 159
40 288 36 167
40 282 36 168
56 306 38 162
44 300 37 166
48 277 40 159
46 278 43 161
49 295 42 156
50 292 40 155
49 280 40 157
48 285 46 154
54 281 40 155
55 298 40 154
48 304 45 155
46 293 45 156
56 301 42 153
47 284 40 161
52 299 40 154
46 293 45 156
50 289 40 156
65 354 40 154
62 357 40 154
54 284 40 157
51 305 46 153
48 287 46 154
41 286 36 168
57 328 38 164
60 346 38 162
45 310 37 166
49 300 44 158
48 285 40 159
49 318 45 157
50 293 40 155
51 305 42 154
56 304 42 153
53 313 42 153
62 357 40 154
48 287 46 154
55 305 42 153
55 305 42 153
56 304 42 153
62 357 40 154
62 357 40 154
56 304 42 153
76 373 38 162
58 316 42 153
50 285 40 161
48 288 46 154
42 317 36 168
58 335 38 164
58 350 37 166
62 360 40 154
62 360 40 154
56 344 42 153
50 299 44 158
55 294 40 158
48 297 43 161
58 316 37 167
49 301 36 168
51 297 45 156
53 318 42 154
50 301 42 155
56 295 40 157
52 309 40 158
50 300 45 156
55 297 40 155
56 304 42 154
53 318 42 154
50 301 42 155
50 301 42 155
61 301 40 156
59 318 42 153
57 334 36 168
55 336 42 154
55 293 46 154
49 296 46 154
48 294 46 155
54 329 40 161
50 303 42 155
49 301 43 164
58 296 40 159
56 317 40 155
55 298 45 157
58 324 42 153
57 300 40 158
60 298 40 157
72 461 37 170
61 320 42 153
56 303 46 155
51 304 46 154
50 318 45 155
51 312 44 158
56 341 40 155
64 330 40 155
61 306 40 156
53 306 42 155
52 313 45 156
60 337 40 155
51 317 45 155
73 476 37 170
61 322 42 153
55 305 46 154
52 322 45 157
58 360 40 155
62 323 40 163
52 334 44 159
66 347 40 157
64 353 40 157
60 309 45 156
52 314 46 154
53 310 42 157
55 325 42 156
58 331 45 155
54 343 45 156
53 310 42 157
55 347 42 155
53 310 42 157
53 310 42 157
53 310 42 157
53 310 42 157
53 310 42 157
73 477 37 170
73 477 37 170
63 325 46 153
62 326 52 154
61 310 45 157
52 326 45 157
58 371 40 159
73 477 37 170
64 409 40 157
65 361 40 157
64 317 46 155
55 331 42 156
60 316 42 157
57 338 46 155
61 326 42 155
61 343 42 154
63 367 42 153
70 352 46 153
68 371 40 157
62 372 40 159
62 320 45 157
55 334 43 166
57 366 45 158
60 333 42 160
57 334 44 161
59 339 44 159
65 336 42 156
64 330 44 158
62 346 42 156
63 326 45 156
61 337 45 158
68 371 40 157
68 371 40 157
70 379 40 157
63 329 45 156
62 324 45 157
58 348 44 162
64 338 43 161
61 348 44 159
64 344 44 159
64 344 44 159
64 344 44 159
64 344 44 159
64 344 44 159
70 410 40 157
66 336 45 156
65 351 45 156
65 351 44 159
63 327 45 157
66 338 45 156
69 341 46 158
67 420 45 156
66 346 45 157
66 346 45 157
72 454 45 168
55 297 42 153
55 297 42 153
48 284 46 154
45 267 43 162
43 334 37 163
40 279 36 168
40 279 36 168
40 279 36 168
44 324 37 163
55 297 42 153
47 274 40 161
46 272 44 159
41 277 37 166
48 305 37 163
54 280 40 155
53 275 39 158
47 273 45 157
45 269 43 161
49 308 42 153
43 334 37 163
48 284 46 154
46 272 44 159
42 287 38 160
42 277 38 164
41 283 37 164
53 275 40 157
51 293 40 154
40 279 36 168
47 280 45 156
49 295 46 153
47 271 38 162
43 292 39 158
43 323 36 165
43 311 40 157
55 297 42 153
47 271 38 162
46 272 44 159
46 301 40 155
45 269 43 161
45 267 43 162
44 313 36 166
44 314 40 156
54 286 42 154
53 275 40 157
51 293 40 154
50 296 40 154
50 288 42 154
49 290 40 155
48 295 40 155
48 284 46 154
48 278 46 155
47 280 45 156
47 274 40 161
46 283 39 158
46 270 44 160
45 320 36 165
45 269 43 161
44 313 36 166
44 270 43 161
47 319 37 163
55 297 42 153
55 297 42 153
53 275 40 157
51 293 40 154
48 284 42 156
47 273 45 157
45 267 43 162
45 267 43 162
40 280 36 167
40 280 36 167
47 303 46 153
45 320 36 165
55 297 42 153
50 282 40 155
48 299 46 153
43 311 40 157
55 297 42 153
55 291 40 154
55 291 40 154
54 286 42 154
50 300 42 153
50 300 42 153
50 296 40 154
50 288 42 154
50 282 40 155
49 290 40 155
49 289 42 154
49 289 42 154
48 299 46 153
48 294 45 155
48 294 45 155
48 278 46 155
48 276 40 159
48 276 40 159
47 319 37 163
47 301 40 154
47 292 46 154
47 285 46 155
47 285 46 155
47 274 40 161
47 273 45 157
47 273 45 157
47 271 38 162
46 279 38 160
44 324 37 163
44 287 44 159
43 323 36 165
55 297 42 153
55 297 42 153
55 297 42 153
55 297 42 153
55 297 42 153
55 297 42 153
55 297 42 153
55 297 42 153
55 297 42 153
55 297 42 153
55 297 42 153
55 297 42 153
55 297 42 153
55 297 42 153
55 297 42 153
55 297 42 153
55 297 42 153
55 297 42 153
55 297 42 153
55 297 42 153
55 297 42 153
55 297 42 153
55 297 42 153
55 297 42 153
55 297 42 153
55 297 42 153
55 297 42 153
55 297 42 153
55 297 42 153
55 297 42 153
55 297 42 153
55 297 42 153
55 297 42 153
55 297 42 153
55 297 42 153
55 297 42 153
55 297 42 153
55 297 42 153
55 297 42 153
55 297 42 153
55 297 42 153
55 297 42 153
55 297 42 153
55 297 42 153
55 297 42 153
55 297 42 153
55 297 42 153
55 297 42 153
55 297 42 153
55 297 42 153
55 297 42 153
55 297 42 153
55 297 42 153
55 297 42 153
55 297 42 153
55 297 42 153
55 297 42 153
55 297 42 153
55 297 42 153
55 297 42 153
55 297 42 153
55 297 42 153
55 297 42 153
55 297 42 153
55 297 42 153
55 297 42 153
55 297 42 153
55 297 42 153
55 297 42 153
55 297 42 153
55 297 42 153
55 297 42 153
55 297 42 153
55 297 42 153
55 297 42 153
55 297 42 153
55 297 42 153
55 297 42 153
55 297 42 153
55 297 42 153
55 297 42 153
55 297 42 153
55 297 42 153
55 291 40 154
53 275 40 157
53 275 40 157
51 299 42 153
51 299 42 153
51 299 42 153
51 299 42 153
50 288 42 154
50 288 42 154
50 288 42 154
50 288 42 154
50 282 40 155
49 295 46 153
49 290 40 155
49 290 40 155
49 290 40 155
49 289 42 154
48 299 46 153
48 285 40 157
48 284 46 154
48 284 46 154
48 284 46 154
48 284 46 154
48 284 46 154
48 284 46 154
48 284 46 154
48 284 42 156
48 284 42 156
48 284 42 156
48 278 46 155
48 278 46 155
48 278 46 155
48 277 38 160
47 280 45 156
47 280 45 156
47 280 45 156
47 280 45 156
47 280 45 156
47 274 40 161
47 274 40 161
47 274 40 161
47 274 40 161
47 274 40 161
47 274 40 161
47 273 45 157
47 273 45 157
47 273 45 157
47 273 45 157
47 273 45 157
46 279 44 158
46 279 44 158
46 272 44 159
46 272 44 159
46 272 44 159
45 267 43 162
45 267 43 162
45 267 43 162
45 267 43 162
45 267 43 162
43 274 38 163
40 279 36 168
40 279 36 168
40 279 36 168
40 279 36 168
40 279 36 168
40 279 36 168
40 279 36 168
40 279 36 168
63 349 39 160
60 370 38 160
51 299 46 153
45 277 43 162
41 283 36 168
40 286 36 167
55 305 42 153
49 297 38 162
58 291 39 161
54 288 42 154
48 294 46 155
49 288 40 157
54 278 40 157
60 370 38 160
47 284 42 158
46 279 44 160
47 277 44 159
47 281 45 156
49 282 40 161
50 299 40 154
47 277 45 157
48 302 40 161
49 287 42 156
50 298 42 154
60 346 38 164
57 312 42 153
49 294 46 155
48 308 36 168
47 280 45 157
46 301 38 168
53 325 38 165
55 345 39 162
47 281 44 159
57 312 42 153
54 335 40 155
55 291 42 156
57 302 40 154
53 337 40 163
55 286 40 157
47 282 45 156
51 299 42 154
50 309 45 155
49 286 42 158
49 293 42 156
57 312 42 153
56 302 40 155
56 295 42 154
56 295 42 154
56 299 40 156
56 295 42 154
57 312 42 153
57 312 42 153
57 312 42 153
57 312 42 153
57 312 42 153
56 295 42 154
56 295 42 154
56 295 42 154
56 295 42 154
62 393 38 164
61 342 36 168
59 315 42 153
54 304 52 154
47 287 44 160
47 284 45 156
57 355 40 155
52 300 46 155
49 305 43 161
54 347 40 165
50 292 42 158
57 335 40 156
49 287 44 159
55 310 40 157
54 309 42 154
52 310 46 154
56 295 42 155
60 311 40 154
54 309 42 154
55 299 42 155
51 293 42 156
51 311 46 154
54 309 42 154
54 309 42 154
54 309 42 154
54 309 42 154
54 309 42 154
63 336 42 153
57 355 40 156
55 317 40 159
54 301 43 162
53 331 46 154
47 299 45 156
47 284 45 160
58 323 40 157
55 305 42 155
51 307 44 160
59 300 42 156
51 322 43 161
54 296 45 156
52 321 42 158
48 297 46 159
53 300 46 155
62 328 40 154
56 314 42 154
55 315 42 154
51 297 45 156
54 319 45 155
62 328 40 154
51 297 45 156
62 328 40 154
62 328 40 154
62 328 40 154
70 425 42 153
62 335 40 154
52 293 50 160
50 294 45 161
48 300 45 157
53 307 46 155
55 313 44 159
63 329 40 155
61 320 46 154
62 317 42 156
57 324 42 155
56 329 40 159
52 324 42 158
51 298 45 157
52 316 45 156
55 321 42 157
50 294 45 161
53 313 45 156
56 328 42 155
50 294 45 161
50 294 45 161
70 379 40 159
67 401 40 156
63 316 46 155
61 347 46 154
53 318 45 156
60 388 42 155
53 333 46 155
63 343 42 155
62 321 42 156
53 327 42 158
53 327 42 158
71 402 40 162
63 362 42 155
58 362 46 155
53 331 42 158
56 331 45 156
62 389 45 156
58 352 42 158
56 374 42 166
53 333 44 159
57 336 43 161
59 367 45 157
59 336 44 158
53 333 44 159
68 429 45 157
60 345 46 158
58 361 42 159
57 339 43 162
56 335 44 159
53 337 44 159
59 397 44 158
62 366 42 158
63 358 45 158
66 339 44 158
73 397 46 158
68 400 44 158
58 365 43 161
53 340 44 159
72 434 44 158
58 371 43 162
57 381 44 162
55 348 45 161
74 413 43 165
68 403 44 162
60 384 51 162
