4 0.0423048
67 584 51 196
69 500 56 202
69 556 42 185
64 552 57 187
67 519 56 204
79 523 78 209
65 555 62 187
62 499 49 185
79 523 78 209
61 495 53 200
59 485 53 200
60 498 54 209
75 542 48 187
76 541 72 206
75 516 50 193
66 472 54 194
77 536 73 212
62 495 49 184
67 498 56 194
60 498 54 209
77 605 48 189
71 519 60 192
62 506 62 198
68 555 68 201
75 516 50 193
59 485 53 200
66 491 48 189
62 508 62 198
71 521 68 201
66 546 60 215
67 491 47 184
65 518 53 199
66 510 56 202
67 500 62 195
69 507 56 202
68 495 68 194
71 525 48 193
66 491 48 189
66 491 48 189
57 486 51 196
71 527 47 187
63 500 62 199
71 536 55 184
69 535 49 187
71 519 60 192
76 531 50 193
65 555 62 187
69 526 54 191
75 516 50 193
62 495 49 184
64 514 55 192
63 505 46 188
62 476 53 200
62 519 51 196
62 506 62 198
63 505 46 188
68 524 56 203
57 479 51 196
66 532 63 190
64 552 57 187
71 525 48 193
67 500 62 195
62 499 49 185
73 540 68 198
76 541 72 206
66 482 48 189
77 560 62 192
65 568 56 198
65 518 53 199
62 506 62 198
68 531 61 196
65 503 63 191
83 570 48 190
70 517 68 203
63 491 48 190
75 516 50 193
71 527 47 187
64 514 55 192
73 538 73 201
71 521 68 201
69 556 42 185
63 490 48 190
71 536 55 184
67 549 63 190
69 525 41 183
57 479 51 196
67 523 56 202
63 491 48 190
66 511 50 189
73 510 73 199
67 491 47 184
70 590 48 191
67 500 62 195
63 491 48 190
65 510 49 197
68 495 68 194
66 482 48 189
68 528 67 199
63 490 48 190
68 495 68 194
71 527 47 187
60 498 54 209
82 543 74 201
62 499 49 185
65 527 53 208
57 486 51 196
71 541 48 191
66 531 56 208
63 474 56 201
74 524 68 204
57 479 51 196
67 515 53 202
66 511 50 189
66 532 63 190
63 505 46 188
69 526 54 191
63 505 46 188
65 527 53 208
63 546 49 198
74 534 55 204
79 586 52 188
65 503 63 191
63 500 62 199
67 514 61 205
60 494 54 211
70 517 68 203
67 491 47 184
65 510 49 197
59 485 53 200
68 521 62 204
69 500 56 202
67 514 61 205
71 521 68 201
67 597 63 189
71 519 68 201
83 570 48 190
68 528 67 199
66 511 56 202
67 498 56 194
82 543 74 201
63 505 46 188
71 541 48 191
66 542 63 190
66 482 48 189
63 490 48 190
68 528 67 199
65 539 56 204
71 536 55 184
69 500 56 202
73 520 73 201
71 521 68 201
60 494 54 211
74 534 55 204
62 499 49 185
67 529 56 204
62 528 47 187
62 528 47 187
69 536 67 197
70 517 68 203
64 526 53 199
81 537 49 190
63 474 56 201
63 528 56 196
68 502 67 199
66 510 56 202
77 581 48 189
62 499 49 185
65 527 53 208
75 516 50 193
62 495 49 184
66 472 54 194
62 508 62 198
62 476 53 200
61 495 53 200
60 494 54 211
75 516 50 193
63 505 46 188
73 510 73 199
67 519 56 204
66 542 63 190
73 607 62 186
66 511 56 202
67 584 51 196
62 519 51 196
57 486 51 196
65 518 53 199
65 555 62 187
62 476 53 200
76 518 68 201
62 519 51 196
71 521 68 201
60 497 54 209
67 515 53 202
63 474 56 201
71 533 62 195
62 528 47 187
62 476 53 200
62 499 49 185
68 521 62 204
78 534 62 200
