4901 86.914
43 294 36 165
41 273 38 162
50 287 46 154
43 294 37 163
43 280 39 158
42 302 39 158
48 280 40 156
41 272 37 164
42 281 38 160
46 272 43 161
43 280 38 160
46 290 46 154
49 293 40 154
48 282 40 155
45 278 39 158
45 278 38 160
43 277 40 158
40 280 36 167
49 276 45 157
45 303 42 153
42 288 40 158
42 273 39 160
47 275 39 158
47 301 46 153
44 284 40 155
41 290 39 160
43 300 40 156
50 281 46 155
50 287 46 154
43 294 37 163
46 272 43 161
44 284 40 155
40 280 36 167
45 303 42 153
42 288 40 158
42 281 38 160
43 280 38 160
41 290 39 160
41 272 37 164
43 277 40 158
46 290 46 154
45 278 39 158
48 282 40 155
42 302 39 158
43 300 40 156
47 275 39 158
46 294 42 154
41 273 38 162
43 280 39 158
43 294 36 165
45 278 38 160
42 273 39 160
47 277 40 157
49 293 40 154
46 290 46 154
48 288 42 154
49 293 40 154
48 280 40 156
43 277 40 158
47 275 39 158
43 300 40 156
43 294 36 165
43 280 38 160
42 288 40 158
42 302 39 158
46 272 43 161
41 273 38 162
40 280 36 167
42 281 38 160
45 278 38 160
43 294 37 163
41 272 37 164
42 273 39 160
41 290 39 160
46 294 42 154
48 282 40 155
44 284 40 155
43 280 40 157
50 281 46 155
45 278 39 158
45 303 42 153
45 278 38 160
40 280 36 167
48 280 40 156
45 295 40 154
42 281 38 160
41 272 37 164
43 280 39 158
48 288 42 154
49 293 40 154
43 294 36 165
42 302 39 158
47 276 38 160
42 288 40 158
46 272 43 161
43 280 38 160
41 290 39 160
42 273 39 160
43 277 40 158
44 284 40 155
45 278 39 158
46 290 46 154
48 282 40 155
43 300 40 156
43 294 37 163
46 294 42 154
41 273 38 162
50 281 46 155
48 280 40 156
42 273 39 160
48 282 40 155
41 290 39 160
43 280 39 158
43 294 36 165
45 303 42 153
40 280 36 167
42 281 38 160
49 293 40 154
46 272 43 161
41 272 37 164
45 278 38 160
43 294 37 163
48 288 42 154
50 281 46 155
45 278 39 158
41 273 38 162
43 280 38 160
47 275 39 158
42 288 40 158
46 294 42 154
42 302 39 158
43 277 40 158
44 284 40 155
46 290 46 154
43 300 40 156
43 280 38 160
45 278 38 160
46 290 46 154
45 295 40 154
50 281 46 155
40 280 36 167
42 281 38 160
50 287 46 154
45 278 39 158
41 273 38 162
42 288 40 158
46 272 43 161
47 277 40 157
41 272 37 164
49 293 40 154
43 294 36 165
43 294 37 163
44 284 40 155
43 277 40 158
48 282 40 155
43 300 40 156
42 302 39 158
47 275 39 158
46 294 42 154
41 290 39 160
42 273 39 160
43 280 39 158
42 273 39 160
49 293 40 154
42 281 38 160
45 278 38 160
43 280 39 158
46 290 46 154
41 272 37 164
41 290 39 160
48 282 40 155
43 294 37 163
44 284 40 155
42 302 39 158
46 272 43 161
43 277 40 158
48 280 40 156
43 300 40 156
40 280 36 167
44 279 38 160
43 294 36 165
45 278 39 158
42 288 40 158
46 294 42 154
45 303 42 153
50 287 46 154
47 275 39 158
41 273 38 162
50 281 46 155
42 302 39 158
49 293 40 154
43 294 37 163
50 281 46 155
43 277 40 158
46 290 46 154
43 280 38 160
46 294 42 154
40 280 36 167
45 303 42 153
45 278 38 160
48 282 40 155
42 281 38 160
50 287 46 154
44 284 40 155
43 294 36 165
43 280 39 158
41 273 38 162
43 300 40 156
41 272 37 164
42 288 40 158
41 290 39 160
47 277 40 157
46 272 43 161
42 273 39 160
45 278 39 158
47 275 39 158
46 272 43 161
48 288 42 154
41 273 38 162
46 290 46 154
45 278 38 160
43 300 40 156
49 293 40 154
42 273 39 160
47 277 40 157
45 303 42 153
43 280 39 158
41 290 39 160
42 302 39 158
42 281 38 160
47 276 38 160
42 288 40 158
43 277 40 158
43 294 36 165
50 281 46 155
48 282 40 155
46 294 42 154
45 278 39 158
41 272 37 164
43 280 38 160
40 280 36 167
44 284 40 155
43 294 37 163
43 280 39 158
42 288 40 158
45 278 38 160
41 272 37 164
49 293 40 154
42 281 38 160
50 281 46 155
43 280 38 160
46 290 46 154
43 294 37 163
46 294 42 154
43 300 40 156
45 278 39 158
47 277 40 157
42 302 39 158
45 303 42 153
48 282 40 155
44 284 40 155
46 272 43 161
41 273 38 162
43 294 36 165
41 290 39 160
47 275 39 158
43 277 40 158
42 273 39 160
50 287 46 154
40 280 36 167
42 281 38 160
43 294 36 165
48 282 40 155
50 281 46 155
42 288 40 158
41 273 38 162
45 278 39 158
42 302 39 158
46 290 46 154
43 277 40 158
43 300 40 156
41 290 39 160
46 272 43 161
43 294 37 163
43 280 38 160
46 294 42 154
41 272 37 164
42 273 39 160
45 278 38 160
44 284 40 155
49 293 40 154
40 280 36 167
43 280 40 157
47 277 40 157
50 287 46 154
45 303 42 153
47 275 39 158
41 272 37 164
42 302 39 158
46 290 46 154
42 273 39 160
48 288 42 154
42 281 38 160
46 294 42 154
41 273 38 162
45 278 39 158
42 288 40 158
43 294 37 163
45 278 38 160
47 277 40 157
43 300 40 156
43 277 40 158
46 272 43 161
44 284 40 155
43 280 38 160
43 280 39 158
43 294 36 165
45 303 42 153
40 280 36 167
49 293 40 154
47 275 39 158
41 290 39 160
50 281 46 155
48 282 40 155
41 273 38 162
45 278 38 160
43 294 36 165
43 300 40 156
49 293 40 154
42 273 39 160
43 280 38 160
50 287 46 154
43 294 37 163
40 280 36 167
45 278 39 158
46 272 43 161
41 272 37 164
45 295 40 154
41 290 39 160
46 294 42 154
42 281 38 160
43 280 39 158
46 290 46 154
47 277 40 157
43 277 40 158
48 282 40 155
47 276 38 160
42 302 39 158
44 284 40 155
42 288 40 158
50 281 46 155
45 278 39 158
46 294 42 154
41 272 37 164
47 275 39 158
44 284 40 155
46 272 43 161
42 281 38 160
45 278 38 160
47 277 40 157
42 288 40 158
43 280 38 160
43 294 36 165
46 290 46 154
50 281 46 155
43 277 40 158
43 300 40 156
43 280 39 158
42 302 39 158
41 290 39 160
41 273 38 162
49 293 40 154
48 282 40 155
40 280 36 167
42 273 39 160
45 303 42 153
48 288 42 154
43 294 37 163
46 294 42 154
41 273 38 162
41 290 39 160
47 277 40 157
43 280 39 158
46 290 46 154
43 300 40 156
41 272 37 164
43 277 40 158
40 280 36 167
45 278 38 160
48 288 42 154
43 294 36 165
48 282 40 155
43 294 37 163
46 272 43 161
47 275 39 158
42 288 40 158
45 278 39 158
50 281 46 155
42 273 39 160
43 280 38 160
