11 0.163928
45 374 43 179
60 456 45 162
46 360 43 185
51 438 43 177
54 383 39 184
54 398 40 181
60 456 45 162
55 451 37 190
46 360 43 185
45 374 43 179
73 550 63 176
61 509 43 181
59 450 54 182
58 492 43 179
58 477 49 186
57 430 54 186
73 599 51 171
55 400 41 182
62 470 51 167
53 409 48 194
50 407 48 181
55 459 43 177
54 460 43 179
66 533 57 173
51 405 43 177
59 481 43 179
76 582 48 180
66 485 51 169
83 665 37 190
52 420 42 189
69 596 57 170
60 481 41 181
54 470 43 182
75 624 37 190
56 474 37 190
59 417 39 184
70 541 46 164
67 559 47 196
67 588 43 186
78 620 55 174
63 424 42 189
56 467 43 177
60 451 39 182
53 444 43 185
62 512 50 166
62 544 43 184
50 387 43 177
62 475 40 183
48 411 43 179
57 474 43 177
46 392 43 180
56 417 40 181
52 425 42 189
66 492 51 171
60 463 47 166
66 572 43 181
69 562 48 193
59 413 41 179
60 417 39 184
72 574 42 185
66 540 57 178
61 478 51 166
55 471 43 179
57 497 43 181
57 489 43 180
73 548 63 171
58 467 49 190
50 413 42 189
65 480 49 177
53 405 42 192
63 465 49 179
52 448 43 185
61 454 51 167
68 540 51 177
60 413 39 184
66 513 55 186
66 479 51 169
59 486 43 179
68 549 43 186
57 460 42 194
59 477 43 181
51 417 42 189
72 553 57 166
70 517 48 194
60 469 42 189
50 428 37 190
71 512 55 184
62 418 40 183
59 483 43 179
62 550 48 190
51 437 43 180
68 567 39 182
65 477 40 181
66 477 43 186
52 424 43 179
65 513 51 162
79 574 51 171
58 474 42 189
54 411 41 179
55 456 49 181
47 390 43 185
63 433 43 185
61 414 42 189
55 455 39 191
57 421 49 179
64 563 42 190
56 468 43 177
56 432 49 190
63 477 54 185
51 422 42 189
64 455 42 189
70 547 37 190
67 570 43 181
61 475 39 184
67 538 40 183
65 530 48 185
58 479 43 181
55 460 48 196
48 390 42 189
55 464 43 180
48 402 43 177
58 434 40 186
50 416 43 179
53 414 44 187
51 407 48 194
71 567 48 190
55 455 43 179
57 492 43 185
68 488 48 184
53 456 43 181
80 669 69 177
54 459 43 177
66 501 51 168
64 543 43 179
68 511 55 185
54 434 43 186
53 452 43 179
52 429 43 185
68 497 48 183
66 515 50 172
59 438 42 187
54 432 43 185
67 560 42 190
60 491 42 193
70 507 39 184
66 495 45 166
64 527 41 185
72 515 57 173
72 541 49 179
64 478 49 179
53 401 39 184
61 499 42 194
54 437 49 178
58 490 43 181
51 440 43 179
66 492 56 172
52 449 43 182
55 465 43 179
62 533 49 181
60 460 42 184
57 404 42 184
53 390 39 184
66 472 42 184
71 533 62 175
52 423 43 180
49 427 43 185
59 480 39 184
59 414 42 189
61 471 42 188
62 417 49 185
70 528 57 172
61 514 43 179
80 626 57 173
61 481 48 185
52 425 43 179
54 407 48 194
76 631 62 177
67 504 63 171
51 426 43 177
67 493 63 173
62 479 57 173
80 651 43 181
64 559 43 179
65 516 48 166
61 444 43 185
66 508 48 166
59 514 45 192
66 490 51 164
59 433 40 181
64 479 49 179
59 501 43 181
59 492 43 179
61 467 43 180
77 561 63 174
61 497 37 190
55 469 43 179
56 441 42 188
58 504 43 185
57 480 43 186
68 509 49 184
67 495 51 171
54 411 48 181
57 490 43 185
69 505 54 187
53 434 43 177
61 524 43 181
54 450 43 179
56 415 40 181
69 495 63 169
77 617 42 188
58 481 42 190
57 431 43 177
58 480 43 185
62 529 43 185
60 488 49 191
66 516 51 166
62 452 40 186
64 518 42 181
58 474 49 185
64 515 40 183
58 467 43 179
60 459 39 184
66 529 45 162
61 474 52 164
57 488 42 194
59 476 41 179
63 510 43 179
59 441 42 186
76 649 37 190
67 482 57 178
58 433 48 183
65 485 51 173
61 445 40 183
48 414 43 182
60 469 51 170
73 581 43 181
65 539 39 183
62 475 49 177
55 467 42 189
53 424 43 177
66 563 42 194
56 449 37 190
67 529 49 179
52 416 43 179
52 416 43 185
69 532 49 177
68 542 50 172
73 522 51 164
61 479 42 189
65 500 51 172
69 540 42 190
57 463 43 181
78 521 67 186
72 536 51 167
61 492 48 191
56 486 43 177
61 448 42 184
55 436 48 189
53 390 43 177
74 618 42 186
76 557 49 185
60 428 40 181
62 468 42 186
59 501 49 186
58 508 54 189
63 473 42 182
50 404 49 179
61 498 42 192
51 428 48 189
55 430 39 184
61 525 47 190
67 548 49 181
65 477 42 189
58 442 42 187
54 462 43 182
73 511 63 173
58 426 43 187
54 457 43 179
57 440 54 183
55 452 42 189
64 520 54 188
52 446 49 191
71 554 56 173
67 533 42 194
68 542 49 179
70 595 49 179
59 479 43 179
75 561 49 185
62 495 43 177
65 492 39 182
65 487 54 187
60 435 44 187
57 466 43 179
72 549 51 166
59 498 42 197
55 413 40 181
61 475 43 196
70 542 50 174
65 508 49 179
65 501 54 191
59 473 57 170
73 576 48 191
60 486 42 194
73 612 42 194
65 466 42 189
65 487 56 173
59 515 43 185
67 450 42 182
70 578 42 191
75 546 49 185
59 483 57 173
51 411 43 177
73 540 57 172
62 457 48 187
65 527 49 177
67 505 51 166
59 481 51 162
59 498 43 179
52 419 43 179
56 407 40 183
66 491 52 175
56 472 43 184
60 486 41 184
60 512 43 181
61 518 49 181
74 542 63 169
58 496 43 181
63 498 49 181
70 503 43 185
60 499 49 190
59 504 49 179
64 531 49 190
67 492 49 190
61 478 49 179
56 498 43 181
65 521 63 166
78 632 48 190
58 482 49 184
59 516 48 189
68 566 42 191
68 475 43 185
65 518 49 184
79 613 75 178
79 572 57 169
58 481 49 186
60 453 51 169
57 494 43 182
54 437 43 177
62 504 43 179
61 518 41 181
60 473 49 179
48 375 43 185
66 495 46 164
49 389 43 185
62 529 43 179
47 375 43 179
57 486 43 184
65 544 43 185
54 415 49 182
79 587 51 171
56 443 43 185
67 542 49 179
67 581 42 191
48 399 43 179
47 391 43 180
73 552 51 166
67 481 51 162
54 476 43 177
58 464 37 185
66 564 48 191
62 486 47 190
56 490 43 180
78 647 57 173
53 420 43 179
54 440 49 179
51 436 49 185
58 466 40 183
66 510 57 171
60 507 43 185
52 419 42 186
52 434 48 189
69 589 43 179
58 485 48 194
71 552 49 179
59 469 42 192
69 498 37 185
52 427 42 190
47 398 43 177
52 426 43 182
64 482 51 168
59 489 48 190
62 502 37 194
55 432 39 186
64 553 41 184
59 409 42 189
54 435 43 179
54 458 43 179
56 449 42 186
58 477 43 181
59 499 43 180
60 514 43 177
58 479 43 181
72 504 57 171
56 475 52 170
53 432 43 179
60 478 42 183
70 509 57 173
64 558 48 194
63 464 43 185
51 395 42 183
62 475 57 170
54 451 43 177
57 450 43 177
63 438 40 181
56 433 39 184
56 449 42 186
59 441 39 182
69 491 42 183
60 491 43 183
58 488 43 184
61 456 55 190
59 513 43 186
63 501 49 190
52 409 48 194
66 493 42 189
64 568 43 184
55 448 43 185
46 405 42 189
51 440 48 189
64 472 48 187
58 427 39 184
52 435 43 179
60 484 57 167
68 486 42 189
49 414 49 185
68 548 51 173
46 379 43 179
68 498 42 183
53 438 49 182
69 501 42 184
53 413 43 179
67 489 57 176
58 483 49 186
62 495 43 182
78 602 57 178
51 416 48 189
51 435 43 185
46 376 43 185
66 565 43 179
56 438 39 185
58 458 41 179
57 501 43 185
74 554 49 181
68 544 51 164
67 495 43 185
51 398 43 185
65 466 43 185
60 524 43 188
60 457 46 164
74 572 49 179
60 493 51 171
58 448 54 183
56 424 40 181
55 396 40 181
64 537 43 179
50 384 42 185
77 622 49 179
70 557 49 179
57 491 43 188
62 462 49 190
70 532 47 166
64 445 40 181
66 505 52 168
57 424 40 181
50 414 43 179
65 455 48 189
61 527 43 178
60 434 39 184
60 461 51 169
56 420 42 183
