125 0.645436
61 395 39 159
58 413 40 154
51 336 45 159
48 379 36 177
48 349 42 181
47 344 45 160
47 344 45 160
58 413 40 154
51 364 38 166
53 372 37 168
48 337 44 162
56 389 40 157
55 386 40 158
52 367 37 172
50 374 42 180
48 349 42 181
48 379 36 177
54 358 39 163
51 376 36 172
55 361 38 165
49 365 43 172
57 373 38 161
48 343 45 159
56 389 40 157
56 361 39 161
56 361 39 161
51 361 44 161
49 365 43 172
49 365 43 172
48 349 42 181
54 392 40 157
53 370 40 159
52 367 37 172
53 364 40 162
50 389 36 170
48 349 42 181
56 356 42 159
57 373 38 161
51 374 36 174
56 395 40 155
55 386 40 158
56 395 40 155
56 389 40 157
51 374 36 174
51 374 36 174
49 376 42 176
57 373 38 161
56 389 40 157
56 361 39 161
49 375 43 171
48 349 42 181
49 377 43 169
54 358 39 163
50 374 42 180
49 376 42 176
49 375 43 171
49 375 43 171
47 344 45 160
56 389 40 157
56 361 39 161
52 390 39 162
58 413 40 154
56 389 40 157
56 361 39 161
56 361 39 161
55 361 38 165
53 370 40 159
52 372 37 169
50 389 36 170
56 361 39 161
56 359 40 160
56 357 38 163
54 392 40 157
53 370 40 159
52 372 37 169
52 367 37 172
56 389 40 157
56 359 40 160
56 356 42 159
53 364 40 162
51 336 45 159
50 378 36 172
50 378 36 172
49 365 43 172
48 343 45 159
48 337 45 160
58 413 40 154
57 373 38 161
56 389 40 157
56 389 40 157
56 389 40 157
56 389 40 157
56 389 40 157
56 389 40 157
56 389 40 157
56 389 40 157
56 389 40 157
56 389 40 157
56 389 40 157
56 389 40 157
56 389 40 157
56 389 40 157
56 389 40 157
56 389 40 157
56 389 40 157
56 389 40 157
56 389 40 157
56 389 40 157
56 389 40 157
56 389 40 157
56 389 40 157
56 389 40 157
56 389 40 157
56 389 40 157
56 389 40 157
56 389 40 157
56 389 40 157
56 389 40 157
56 389 40 157
56 389 40 157
56 389 40 157
56 389 40 157
56 389 40 157
56 389 40 157
56 389 40 157
56 389 40 157
56 389 40 157
56 389 40 157
56 389 40 157
56 389 40 157
56 389 40 157
56 389 40 157
56 389 40 157
56 389 40 157
56 389 40 157
56 389 40 157
56 389 40 157
56 389 40 157
56 389 40 157
56 389 40 157
56 389 40 157
56 389 40 157
56 389 40 157
56 389 40 157
56 389 40 157
56 389 40 157
56 389 40 157
56 389 40 157
56 389 40 157
56 389 40 157
56 389 40 157
56 389 40 157
56 389 40 157
56 389 40 157
56 389 40 157
56 389 40 157
56 389 40 157
56 389 40 157
56 389 40 157
56 389 40 157
56 389 40 157
56 389 40 157
56 389 40 157
56 389 40 157
56 389 40 157
56 389 40 157
56 389 40 157
56 389 40 157
56 389 40 157
56 389 40 157
56 389 40 157
56 389 40 157
56 389 40 157
56 389 40 157
56 389 40 157
56 389 40 157
56 389 40 157
56 389 40 157
56 389 40 157
56 389 40 157
56 361 39 161
56 361 39 161
56 361 39 161
56 361 39 161
56 361 39 161
56 361 39 161
56 361 39 161
56 361 39 161
56 361 39 161
56 361 39 161
56 361 39 161
56 361 39 161
56 361 39 161
56 361 39 161
56 361 39 161
56 361 39 161
56 361 39 161
56 361 39 161
56 361 39 161
56 361 39 161
56 361 39 161
56 361 39 161
56 361 39 161
56 361 39 161
56 361 39 161
56 361 39 161
56 361 39 161
56 361 39 161
56 361 39 161
56 361 39 161
56 361 39 161
56 361 39 161
56 361 39 161
56 361 39 161
56 361 39 161
56 361 39 161
56 361 39 161
56 361 39 161
56 361 39 161
56 361 39 161
56 361 39 161
56 361 39 161
56 361 39 161
56 361 39 161
56 361 39 161
56 361 39 161
56 361 39 161
56 361 39 161
56 361 39 161
56 361 39 161
56 361 39 161
56 361 39 161
56 361 39 161
56 361 39 161
56 361 39 161
56 361 39 161
56 361 39 161
56 361 39 161
56 361 39 161
56 361 39 161
56 361 39 161
56 361 39 161
56 361 39 161
56 361 39 161
56 361 39 161
56 361 39 161
56 361 39 161
56 361 39 161
56 361 39 161
56 361 39 161
56 361 39 161
56 361 39 161
56 361 39 161
56 361 39 161
56 361 39 161
56 361 39 161
56 361 39 161
56 361 39 161
56 361 39 161
56 361 39 161
56 361 39 161
56 361 39 161
56 361 39 161
56 361 39 161
56 361 39 161
56 361 39 161
56 361 39 161
56 361 39 161
56 361 39 161
56 361 39 161
56 361 39 161
56 361 39 161
56 361 39 161
56 361 39 161
56 361 39 161
56 361 39 161
56 361 39 161
56 361 39 161
56 361 39 161
56 361 39 161
56 361 39 161
56 361 39 161
56 361 39 161
56 361 39 161
56 361 39 161
56 361 39 161
56 361 39 161
56 361 39 161
56 361 39 161
56 361 39 161
56 361 39 161
56 361 39 161
56 361 39 161
56 361 39 161
56 361 39 161
56 361 39 161
56 361 39 161
56 361 39 161
56 361 39 161
56 361 39 161
56 361 39 161
56 361 39 161
56 361 39 161
56 361 39 161
56 361 39 161
56 361 39 161
56 361 39 161
56 361 39 161
56 361 39 161
56 361 39 161
56 361 39 161
56 361 39 161
56 361 39 161
56 361 39 161
56 361 39 161
56 361 39 161
56 361 39 161
56 359 40 160
56 359 40 160
56 356 42 159
55 361 38 165
55 361 38 165
55 361 38 165
54 392 40 157
54 392 40 157
53 364 40 162
53 364 40 162
53 364 40 162
53 364 40 162
52 372 37 169
52 367 37 172
52 367 37 172
52 367 37 172
50 389 36 170
50 389 36 170
50 378 36 172
49 376 42 176
49 375 43 171
49 375 43 171
49 375 43 171
49 365 43 172
49 365 43 172
48 349 42 181
48 349 42 181
48 349 42 181
48 349 42 181
48 349 42 181
48 343 45 159
48 337 45 160
48 337 45 160
47 344 45 160
47 344 45 160
47 344 45 160
47 344 45 160
47 344 45 160
47 344 45 160
75 500 38 161
58 410 40 155
50 382 36 172
49 375 43 172
49 348 45 160
61 420 39 159
55 384 37 171
55 366 38 165
56 365 42 159
56 359 38 163
63 415 39 159
57 367 40 160
54 393 40 157
63 415 39 159
56 392 40 157
54 381 40 159
63 415 39 159
63 415 39 159
63 415 39 159
63 415 39 159
63 415 39 159
63 415 39 159
62 430 39 159
57 402 40 157
54 427 36 174
54 407 42 183
53 362 51 164
55 385 37 171
61 416 38 164
60 363 45 161
56 367 39 163
59 391 42 161
54 399 45 159
59 391 42 161
54 389 45 160
62 430 39 159
62 430 39 159
62 430 39 159
62 430 39 159
62 430 39 159
62 430 39 159
59 391 42 161
62 432 39 159
58 402 40 157
57 407 45 157
56 374 45 168
55 424 42 183
59 393 42 161
63 436 39 159
59 399 42 161
58 403 40 157
67 455 39 159
63 404 43 171
62 403 45 166
58 417 40 157
60 420 40 157
