18 1.48899
64 459 38 161
57 467 38 161
54 346 36 169
53 422 44 159
53 405 37 176
46 356 42 167
48 351 42 169
61 439 39 159
50 381 42 162
50 360 40 165
55 423 40 162
60 412 36 167
61 449 38 162
64 459 38 161
51 392 43 161
48 377 43 163
56 400 40 163
54 409 38 163
54 360 38 168
49 369 44 161
50 396 43 160
60 441 40 161
47 369 42 165
52 393 38 167
53 422 44 159
47 369 42 165
47 369 42 165
57 422 40 162
50 381 42 162
50 357 43 163
60 412 36 167
51 394 38 165
47 369 42 165
53 422 44 159
53 422 44 159
47 369 42 165
53 422 44 159
53 422 44 159
53 422 44 159
53 422 44 159
50 381 42 162
69 472 40 160
65 514 38 161
65 510 45 159
57 380 36 171
53 398 38 174
46 363 42 169
46 363 42 169
54 411 38 167
62 454 40 161
54 428 36 170
69 472 40 160
52 421 43 160
57 452 40 162
49 384 43 163
54 380 38 172
65 434 40 162
46 363 42 169
60 431 38 164
50 391 42 162
55 401 37 169
65 445 37 168
47 364 42 167
58 392 38 168
53 398 38 174
53 398 38 174
52 375 42 166
56 381 36 171
59 408 36 169
55 404 38 166
48 377 42 165
62 454 40 161
61 456 40 161
46 363 42 169
52 421 43 160
52 375 42 166
52 397 40 168
60 446 38 163
54 399 37 170
57 452 40 162
57 467 38 163
55 404 38 166
69 472 40 160
61 456 40 161
57 467 38 163
57 467 38 163
54 390 40 165
46 363 42 169
56 401 40 163
48 377 42 165
61 456 40 161
47 364 42 167
57 467 38 163
57 467 38 163
53 398 38 174
46 363 42 169
54 390 40 165
57 467 38 163
55 393 38 168
57 455 38 165
57 455 38 165
54 390 40 165
53 398 38 174
46 363 42 169
69 472 40 160
69 472 40 160
61 456 40 161
57 467 38 163
57 467 38 163
57 467 38 163
57 467 38 163
57 467 38 163
57 467 38 163
57 467 38 163
57 467 38 163
57 467 38 163
57 467 38 163
57 455 38 165
55 404 38 166
55 404 38 166
55 404 38 166
53 398 38 174
53 398 38 174
47 364 42 167
46 363 42 169
46 363 42 169
46 363 42 169
46 363 42 169
46 363 42 169
46 363 42 169
46 363 42 169
46 363 42 169
46 363 42 169
46 363 42 169
46 363 42 169
46 363 42 169
46 363 42 169
46 363 42 169
46 363 42 169
46 363 42 169
46 363 42 169
46 363 42 169
46 363 42 169
46 363 42 169
46 363 42 169
46 363 42 169
46 363 42 169
46 363 42 169
46 363 42 169
46 363 42 169
46 363 42 169
46 363 42 169
46 363 42 169
46 363 42 169
46 363 42 169
46 363 42 169
46 363 42 169
46 363 42 169
46 363 42 169
46 363 42 169
72 559 38 161
61 412 36 170
58 427 44 160
57 451 44 161
54 422 37 176
46 363 42 170
46 363 42 170
60 488 38 163
56 403 40 164
65 449 37 168
65 449 37 168
46 366 42 169
52 426 42 163
55 420 37 173
47 374 42 167
54 383 38 172
58 409 37 169
54 399 40 165
54 422 37 176
49 392 43 163
63 478 40 161
57 402 39 169
61 460 36 169
59 394 40 165
61 439 38 164
46 366 42 169
52 398 42 164
58 401 38 170
49 392 43 163
63 478 40 161
57 402 39 169
49 392 43 163
56 422 38 170
55 420 37 173
49 387 43 164
54 395 42 162
61 439 38 164
57 418 38 166
56 391 40 168
57 453 40 162
53 373 42 167
57 418 38 166
56 385 36 171
56 385 36 171
58 467 38 165
56 403 40 164
56 403 40 164
53 373 42 167
57 402 39 169
54 395 42 162
58 467 38 165
60 485 38 164
57 443 37 169
60 461 38 165
53 394 43 162
60 461 38 165
54 395 42 162
61 451 43 161
58 401 38 170
65 449 37 168
65 449 37 168
58 402 40 163
57 422 40 163
56 385 36 171
54 422 37 176
54 422 37 176
54 422 37 176
54 422 37 176
54 422 37 176
54 422 37 176
54 422 37 176
54 422 37 176
54 395 42 162
54 395 42 162
54 395 42 162
67 486 40 161
66 522 38 163
59 431 44 160
57 389 36 173
46 363 42 177
46 363 42 177
54 424 37 176
63 464 40 162
49 397 43 163
47 374 42 168
59 431 44 160
51 375 42 167
67 463 37 168
56 402 42 163
56 400 40 167
54 396 43 162
61 441 38 164
57 385 37 174
52 438 42 166
57 395 38 172
56 394 39 171
62 416 38 170
59 397 36 171
46 363 42 177
57 442 37 171
62 421 37 169
58 458 44 161
56 394 39 171
58 429 40 163
61 422 36 170
56 441 36 172
55 408 40 169
56 409 40 164
60 407 42 162
53 393 43 163
58 458 44 161
56 424 38 171
57 389 36 173
54 406 38 174
57 399 40 167
56 392 37 173
58 400 40 165
56 392 37 173
59 429 38 166
58 429 40 163
58 400 40 165
56 400 40 167
63 428 40 163
55 408 40 169
58 429 40 163
63 428 40 163
54 405 42 164
56 402 42 163
57 439 40 163
57 430 38 167
57 423 38 168
56 400 40 167
58 429 40 163
58 429 40 163
57 442 37 171
57 439 40 163
57 395 38 172
59 431 44 160
59 431 44 160
59 431 44 160
58 458 44 161
58 429 40 163
58 429 40 163
58 429 40 163
58 429 40 163
57 395 38 172
56 402 42 163
56 400 40 167
56 400 40 167
56 400 40 167
56 400 40 167
69 502 36 170
66 540 38 163
59 460 44 160
59 402 36 171
56 422 38 176
52 389 48 167
50 374 42 171
49 402 43 163
69 489 37 169
54 388 42 167
63 466 37 170
56 412 42 165
61 435 44 160
58 402 40 169
60 450 44 162
56 397 39 171
61 448 38 164
58 434 40 165
58 390 36 173
62 441 38 170
56 407 40 168
51 396 42 168
57 469 38 167
60 429 40 163
52 404 42 167
56 443 36 172
49 402 43 163
58 403 40 166
57 451 42 164
59 402 36 171
49 402 43 163
58 390 36 173
57 405 40 168
59 402 36 171
59 402 36 171
59 402 36 171
59 402 36 171
59 402 36 171
59 402 36 171
59 402 36 171
78 582 38 163
77 590 38 163
65 525 46 160
59 394 36 173
58 399 36 173
51 403 42 168
64 467 44 162
61 440 40 164
56 452 42 166
62 450 38 168
62 465 38 167
57 398 42 171
51 402 43 164
63 472 40 163
59 407 36 171
62 474 42 163
58 420 40 166
61 420 43 163
61 468 38 164
67 481 40 163
66 504 38 164
64 501 46 163
60 427 36 171
60 403 38 175
56 468 42 174
59 437 40 166
63 454 38 168
61 424 37 173
59 410 38 172
57 446 44 164
60 471 43 165
66 458 40 165
62 468 38 165
57 446 44 164
57 446 44 164
68 485 40 164
67 488 40 164
61 430 36 175
60 418 38 172
59 448 42 169
64 474 38 166
60 470 36 172
60 444 40 168
64 452 36 171
63 432 36 173
65 471 38 167
62 447 40 166
72 504 36 171
68 492 40 164
64 490 43 167
61 430 36 177
60 439 42 172
63 445 40 168
68 496 38 166
68 463 37 173
72 504 36 171
66 463 40 166
60 481 42 171
67 474 38 167
67 474 38 167
72 504 36 171
72 504 36 171
72 504 36 171
78 547 36 171
74 539 40 164
69 550 40 164
69 497 43 164
67 525 38 175
66 455 43 172
63 472 42 169
66 503 42 166
69 500 38 168
66 478 40 168
68 542 39 168
67 538 38 171
73 499 40 165
70 511 40 165
70 540 40 164
72 529 39 169
72 523 38 176
72 506 42 167
67 499 42 171
66 503 40 170
71 528 40 174
68 541 42 175
68 461 37 167
65 490 38 161
56 428 52 153
56 424 37 169
52 387 52 154
50 374 43 179
50 374 43 179
48 413 45 157
51 410 51 158
50 421 41 176
50 380 46 162
61 462 40 156
62 438 40 155
51 384 43 172
54 424 39 159
56 415 39 174
56 448 37 168
60 461 38 164
57 426 38 168
48 393 43 179
54 434 45 156
61 444 38 162
68 461 37 167
59 430 38 165
55 421 38 169
50 421 40 177
60 432 46 154
56 401 46 156
53 404 46 160
53 446 38 167
53 430 44 161
53 405 45 160
51 377 40 173
55 412 40 158
51 377 40 173
56 406 44 163
55 417 38 179
63 414 40 154
51 394 40 168
52 394 44 166
50 374 43 179
60 432 46 154
57 406 44 158
53 430 44 161
56 428 52 153
52 375 52 156
63 414 40 154
61 462 40 156
52 387 52 154
56 428 52 153
52 387 52 154
52 387 52 154
55 412 40 158
52 406 45 165
56 428 52 153
56 406 44 163
52 406 45 165
52 387 52 154
52 387 52 154
55 437 38 167
53 408 44 163
52 387 52 154
50 380 46 162
56 428 52 153
56 428 52 153
53 446 38 167
63 414 40 154
50 374 43 179
68 461 37 167
68 461 37 167
68 461 37 167
60 432 46 154
56 428 52 153
56 428 52 153
56 428 52 153
56 428 52 153
56 428 52 153
56 428 52 153
56 428 52 153
56 428 52 153
56 428 52 153
56 428 52 153
56 406 44 163
55 412 40 158
52 387 52 154
52 387 52 154
52 387 52 154
52 387 52 154
52 387 52 154
52 387 52 154
52 387 52 154
52 387 52 154
52 387 52 154
52 387 52 154
52 387 52 154
52 387 52 154
52 387 52 154
52 387 52 154
52 387 52 154
52 387 52 154
52 387 52 154
52 387 52 154
52 387 52 154
52 387 52 154
52 387 52 154
52 387 52 154
52 387 52 154
52 387 52 154
52 387 52 154
52 387 52 154
52 387 52 154
52 387 52 154
52 387 52 154
52 387 52 154
52 387 52 154
52 387 52 154
52 387 52 154
52 387 52 154
52 387 52 154
52 387 52 154
52 387 52 154
52 387 52 154
52 387 52 154
52 387 52 154
52 387 52 154
52 387 52 154
52 387 52 154
50 380 46 162
50 380 46 162
50 380 46 162
50 380 46 162
50 380 46 162
50 374 43 179
50 374 43 179
50 374 43 179
50 374 43 179
50 374 43 179
74 516 37 167
72 539 37 167
58 448 52 153
52 376 52 156
52 374 43 179
50 421 41 181
50 421 41 181
50 411 50 175
68 507 38 161
54 440 46 156
57 424 39 169
51 387 43 172
55 421 44 166
50 375 43 180
60 439 44 162
65 472 39 160
58 467 37 168
59 455 38 165
63 521 39 159
51 384 40 173
53 397 40 168
53 407 45 160
61 493 44 159
60 434 40 164
63 448 40 161
62 479 38 164
65 440 40 154
68 470 39 159
63 487 40 157
51 420 45 157
61 431 39 163
51 414 51 158
56 407 44 163
61 434 38 165
52 415 46 158
51 387 43 172
65 433 38 165
54 395 40 168
52 376 52 156
61 431 39 163
56 418 39 174
68 500 38 163
51 414 51 158
60 451 39 165
57 410 46 156
50 421 41 181
60 454 37 168
57 410 46 156
68 470 39 159
57 444 44 161
54 395 40 168
56 418 39 174
53 397 46 164
58 432 37 169
57 410 46 156
68 500 38 163
62 471 39 161
58 432 37 169
62 471 39 161
52 376 52 156
50 421 41 181
50 421 41 181
51 417 45 159
50 421 41 181
52 413 45 161
62 471 39 161
52 413 45 161
50 421 41 181
68 500 38 163
68 470 39 159
68 470 39 159
58 432 37 169
58 432 37 169
58 432 37 169
57 410 46 156
54 395 40 168
52 413 45 161
52 376 52 156
52 376 52 156
51 414 51 158
50 421 41 181
50 421 41 181
50 421 41 181
50 421 41 181
50 421 41 181
50 421 41 181
50 421 41 181
50 421 41 181
50 421 41 181
50 421 41 181
50 421 41 181
50 421 41 181
50 421 41 181
50 421 41 181
50 421 41 181
50 421 41 181
50 421 41 181
50 421 41 181
50 421 41 181
50 421 41 181
50 421 41 181
50 421 41 181
50 421 41 181
50 421 41 181
50 421 41 181
50 421 41 181
50 421 41 181
50 421 41 181
50 421 41 181
50 421 41 181
50 421 41 181
50 421 41 181
50 421 41 181
50 421 41 181
70 528 40 154
66 470 37 172
58 458 52 153
56 431 39 181
52 394 52 157
52 387 40 179
50 430 41 181
58 413 50 165
56 453 46 156
54 398 40 169
51 389 43 179
57 443 39 171
63 460 37 176
64 490 38 164
68 503 38 163
53 470 44 169
62 461 38 166
57 424 39 174
65 474 40 158
63 482 39 162
68 487 39 159
68 511 38 161
60 444 38 169
67 505 40 156
57 440 44 163
51 429 45 157
51 420 45 159
65 459 38 167
59 474 37 174
61 436 38 174
62 417 44 164
69 457 40 157
66 452 40 159
62 435 38 168
51 391 43 172
56 453 46 156
68 511 38 161
66 479 39 164
56 453 46 156
68 511 38 161
56 453 46 156
66 470 37 172
51 420 45 159
62 476 38 165
62 435 38 168
59 457 40 168
62 476 38 165
66 470 37 172
52 416 46 158
52 416 46 158
66 470 37 172
51 420 45 159
58 420 46 156
52 416 46 158
68 511 38 161
66 470 37 172
66 470 37 172
66 470 37 172
66 470 37 172
66 470 37 172
66 470 37 172
66 470 37 172
66 470 37 172
56 453 46 156
79 542 37 172
77 549 37 182
71 576 39 160
61 467 52 153
54 398 40 173
52 432 46 158
65 453 40 168
60 426 46 156
69 557 45 156
54 420 50 164
53 417 51 158
64 490 38 166
67 479 43 165
63 509 43 166
72 499 39 164
74 519 40 157
70 523 38 161
57 440 45 162
65 526 44 161
58 427 40 169
61 506 38 170
74 481 40 159
55 452 45 159
61 477 44 163
55 451 46 157
55 417 50 165
66 502 40 161
57 431 46 161
68 506 38 163
67 482 40 166
55 425 45 164
68 501 39 161
79 543 37 172
62 482 52 154
58 426 43 177
53 437 51 167
53 417 52 158
59 474 48 158
60 454 40 169
65 445 51 156
56 463 51 163
74 538 38 163
66 511 38 174
62 451 46 157
69 502 40 161
61 487 45 163
57 437 44 177
65 522 44 167
67 536 44 165
61 450 52 156
72 543 38 161
62 482 45 163
69 533 39 168
70 513 45 159
67 509 43 168
66 503 39 169
72 543 38 161
70 516 39 165
59 440 46 161
57 460 45 166
63 462 45 161
66 536 38 166
66 510 40 168
72 543 38 161
82 559 37 172
76 611 40 162
70 577 39 178
65 513 51 156
62 452 58 160
60 440 46 165
55 467 52 160
59 449 52 165
71 545 39 167
79 562 38 163
61 473 50 163
68 490 43 169
74 546 40 164
67 496 46 159
70 523 40 169
70 585 45 159
73 573 44 164
58 487 51 173
62 462 40 174
61 480 40 170
72 555 38 165
62 508 45 163
63 456 46 162
59 463 46 165
68 469 40 173
60 440 46 165
64 468 45 161
64 468 45 161
60 440 46 165
62 470 46 162
79 607 38 166
76 504 52 159
72 573 38 170
67 454 49 175
63 477 44 178
61 492 40 173
67 566 41 170
65 488 45 161
76 579 40 165
62 511 40 171
62 474 49 170
66 488 44 174
69 545 45 161
68 491 46 176
66 496 50 172
63 541 40 174
68 505 46 161
68 503 45 163
66 503 46 172
66 503 46 172
75 588 46 164
72 553 51 161
70 550 41 181
69 512 57 166
66 540 50 178
69 529 46 172
69 560 46 184
67 491 37 164
56 384 50 161
55 442 36 170
50 397 40 158
48 352 38 171
44 378 42 178
44 378 42 178
62 475 37 165
46 387 44 163
49 356 49 170
55 442 36 170
62 475 37 165
57 415 36 170
45 400 43 176
49 356 49 170
50 397 40 158
45 400 43 176
51 383 40 166
52 367 38 162
54 414 38 160
52 367 38 162
48 379 37 168
55 442 36 170
48 421 44 160
50 360 44 164
52 367 38 162
44 378 42 178
47 364 38 167
45 372 44 171
48 376 37 170
47 382 43 164
56 384 50 161
49 381 37 167
48 421 44 160
54 414 38 160
48 421 44 160
44 378 42 178
45 400 43 176
55 394 38 161
51 385 40 164
48 386 44 161
51 383 40 166
62 475 37 165
51 383 40 166
46 387 44 163
46 379 43 166
56 384 50 161
50 397 40 158
46 387 44 163
46 387 44 163
44 378 42 178
50 394 38 162
50 389 40 160
44 373 44 164
50 397 40 158
45 400 43 176
46 379 43 166
51 388 38 165
51 388 38 165
51 385 40 164
50 389 40 160
48 386 44 161
46 387 44 163
62 475 37 165
56 384 50 161
55 442 36 170
55 442 36 170
55 442 36 170
55 442 36 170
52 367 38 162
52 367 38 162
52 367 38 162
52 367 38 162
51 388 38 165
51 388 38 165
51 388 38 165
51 383 40 166
51 383 40 166
50 397 40 158
50 389 40 160
49 356 49 170
49 356 49 170
48 421 44 160
46 387 44 163
46 387 44 163
46 387 44 163
46 387 44 163
46 387 44 163
46 387 44 163
46 387 44 163
46 379 43 166
46 379 43 166
46 379 43 166
44 378 42 178
44 378 42 178
44 378 42 178
44 378 42 178
44 378 42 178
44 378 42 178
44 378 42 178
44 378 42 178
69 508 37 164
61 444 36 170
54 454 40 158
49 363 49 170
48 358 38 171
44 390 42 178
44 390 42 178
55 376 37 171
57 466 36 170
46 399 44 163
45 387 42 178
49 363 49 170
61 444 36 170
53 393 40 161
52 378 38 162
59 428 40 158
46 380 43 166
53 417 40 159
45 387 42 178
56 370 40 168
60 423 40 158
47 402 43 164
55 376 37 171
61 444 36 170
47 392 44 163
51 373 44 166
49 369 38 169
54 421 38 160
54 367 43 166
53 417 40 159
61 444 36 170
45 375 44 167
55 406 38 161
49 382 37 167
48 425 44 160
48 386 44 164
55 406 38 161
49 363 49 170
48 358 38 171
61 444 36 170
48 380 37 168
49 424 44 160
52 378 38 162
51 402 40 160
54 375 38 162
53 417 40 159
50 386 44 163
49 363 49 170
49 400 44 161
47 392 44 163
61 444 36 170
54 367 43 166
50 386 44 163
50 386 44 163
50 396 38 163
55 406 38 161
54 367 43 166
53 417 40 159
51 402 40 160
49 363 49 170
49 398 43 164
54 375 38 162
54 367 43 166
49 400 44 161
47 392 44 163
52 399 40 161
49 424 44 160
48 386 44 164
46 399 44 163
45 381 44 166
45 381 44 166
61 444 36 170
61 444 36 170
61 444 36 170
61 444 36 170
61 444 36 170
61 444 36 170
61 444 36 170
61 444 36 170
61 444 36 170
61 444 36 170
61 444 36 170
61 444 36 170
61 444 36 170
61 444 36 170
61 444 36 170
61 444 36 170
61 444 36 170
61 444 36 170
61 444 36 170
61 444 36 170
61 444 36 170
61 444 36 170
61 444 36 170
61 444 36 170
61 444 36 170
61 444 36 170
61 444 36 170
61 444 36 170
61 444 36 170
55 406 38 161
55 376 37 171
55 376 37 171
53 417 40 159
53 417 40 159
53 417 40 159
51 402 40 160
51 402 40 160
51 386 40 166
50 386 44 163
50 386 44 163
49 363 49 170
49 363 49 170
49 363 49 170
49 363 49 170
49 363 49 170
49 363 49 170
49 363 49 170
49 363 49 170
49 363 49 170
49 363 49 170
49 363 49 170
49 363 49 170
49 363 49 170
49 363 49 170
49 363 49 170
49 363 49 170
48 358 38 171
48 358 38 171
48 358 38 171
48 358 38 171
48 358 38 171
45 387 42 178
45 387 42 178
61 446 36 170
55 454 40 158
49 367 49 170
48 359 38 171
45 388 42 178
45 375 44 169
59 433 40 158
45 375 44 169
48 359 38 171
54 397 40 161
53 410 43 162
57 384 37 168
51 393 37 168
52 398 40 166
47 411 43 164
55 424 38 160
53 407 40 164
50 400 37 169
53 422 37 167
46 383 43 166
53 418 38 166
48 359 38 171
45 375 44 169
49 382 39 167
55 396 38 163
49 399 43 164
57 384 37 168
48 359 38 171
55 377 38 167
53 423 40 159
50 381 40 169
49 382 39 167
46 383 43 166
53 384 38 167
49 399 43 164
45 375 44 169
49 382 39 167
53 385 40 166
49 399 43 164
49 399 43 164
49 399 43 164
49 382 39 167
48 359 38 171
48 359 38 171
48 359 38 171
62 460 36 170
61 411 50 161
55 458 40 158
51 375 44 169
47 399 42 178
55 419 45 163
52 391 42 174
52 430 42 167
57 386 37 168
48 394 44 171
58 414 40 162
48 416 43 176
50 423 39 169
54 407 43 165
49 411 43 164
55 458 40 158
55 430 38 160
54 428 40 162
50 401 43 169
56 417 38 165
55 404 40 167
56 395 40 170
53 427 37 167
53 421 44 162
52 400 37 168
51 427 37 168
54 420 40 166
55 458 40 158
55 458 40 158
55 458 40 158
55 458 40 158
53 427 37 167
53 427 37 167
68 527 36 171
56 461 40 158
52 379 49 170
48 412 42 178
60 456 38 160
55 482 40 158
53 388 44 170
49 414 43 164
53 431 44 162
52 406 41 169
55 464 40 159
58 429 38 165
55 447 38 166
56 418 39 167
59 397 37 168
59 388 43 168
56 437 40 160
56 425 38 167
57 418 40 166
57 462 38 165
56 453 37 167
53 410 37 168
56 453 37 167
56 453 37 167
64 430 37 170
62 502 37 167
59 389 43 174
57 466 40 158
57 410 44 168
50 420 43 164
61 440 40 164
56 461 42 166
63 473 38 162
52 409 42 169
53 411 38 171
54 418 37 172
55 471 40 164
54 436 38 169
58 450 40 160
51 414 44 167
51 416 43 166
53 449 44 163
57 444 40 166
64 413 37 171
58 427 38 168
55 414 38 170
57 449 40 161
53 447 37 168
58 445 38 166
64 431 37 171
57 477 40 158
56 455 46 163
54 455 37 168
54 425 42 178
53 416 43 166
50 423 44 164
58 464 44 160
60 433 40 168
60 450 40 162
52 426 42 178
56 426 38 174
56 451 38 171
59 459 40 160
61 456 40 160
60 440 37 176
51 426 43 176
55 452 37 168
57 446 38 169
51 427 43 170
58 453 38 166
57 447 37 168
54 455 37 168
54 455 37 168
72 628 40 158
60 487 37 168
55 430 46 167
53 438 42 178
53 418 44 169
52 432 44 165
69 524 42 163
59 463 38 173
58 448 40 170
64 481 44 160
53 460 43 166
58 509 44 162
62 497 40 164
64 464 44 164
60 434 38 176
54 447 43 176
61 521 44 160
59 473 43 163
55 441 43 167
64 471 38 171
60 471 40 168
60 480 38 167
74 582 44 160
72 543 37 169
59 470 43 176
56 430 44 176
52 439 46 165
62 464 42 175
65 516 44 162
55 435 44 169
61 492 40 171
62 481 38 173
65 504 40 164
57 442 44 166
62 483 43 167
62 538 43 164
65 476 43 165
65 512 39 167
65 496 39 169
73 569 38 171
68 530 44 162
68 512 38 175
57 452 44 171
55 469 44 169
68 506 40 165
69 482 43 166
62 488 43 167
61 523 44 168
62 524 43 169
69 545 47 171
61 454 40 158
59 489 44 159
53 394 51 159
52 394 36 171
49 385 42 180
47 352 44 173
46 396 44 167
57 450 45 159
54 412 50 160
56 456 38 164
60 437 38 161
47 352 44 173
50 372 50 163
48 354 45 169
55 453 39 161
53 427 39 162
54 374 38 169
55 376 42 165
48 381 44 168
47 352 44 173
55 408 37 165
54 430 37 168
50 436 43 163
51 418 44 165
48 405 43 168
57 436 38 164
54 417 39 163
50 402 45 163
50 396 38 166
53 417 40 160
49 388 45 165
52 394 36 171
50 402 45 163
54 387 51 159
52 394 36 171
57 436 38 164
52 394 36 171
51 436 38 165
52 429 44 160
51 421 43 165
54 387 51 159
52 392 38 165
50 423 44 163
51 421 44 163
48 405 43 168
52 429 44 160
51 418 44 165
54 387 51 159
54 387 51 159
54 387 51 159
52 394 36 171
52 394 36 171
51 418 44 165
48 405 43 168
47 352 44 173
66 517 45 159
66 517 45 159
53 394 51 160
52 399 36 171
49 389 42 180
49 354 45 169
46 396 44 172
66 517 45 159
47 359 44 173
51 399 42 178
50 430 50 166
59 472 39 161
60 439 38 161
54 414 46 164
53 464 39 163
51 423 44 163
53 420 40 160
58 441 37 165
57 428 51 159
50 405 42 169
49 389 42 180
56 408 40 166
60 439 38 161
54 463 39 163
48 385 44 169
55 432 37 168
54 414 46 164
47 359 44 173
46 396 44 172
60 439 38 161
52 455 43 163
55 412 37 169
50 434 44 166
56 387 42 165
52 455 43 163
52 455 43 163
52 399 36 171
49 354 45 169
48 411 43 168
46 403 44 167
59 428 37 165
53 394 38 167
52 416 45 163
48 385 44 169
60 438 39 164
52 436 43 164
52 422 42 165
50 396 43 168
60 438 39 164
55 412 37 169
50 435 44 165
50 405 42 169
50 434 44 166
50 422 38 172
48 407 43 170
48 407 43 170
49 389 42 180
48 411 43 168
59 472 39 161
52 455 43 163
53 394 38 167
50 435 44 165
48 385 44 169
46 399 44 171
51 423 44 163
49 354 45 169
54 419 38 165
53 402 45 165
52 416 45 163
49 400 44 167
46 399 44 171
52 406 38 167
49 389 42 180
52 436 43 164
50 435 44 165
48 411 43 168
46 399 44 171
66 517 45 159
60 439 38 161
59 472 39 161
55 412 37 169
53 394 38 167
52 416 45 163
52 416 45 163
52 416 45 163
52 416 45 163
50 435 44 165
50 434 44 166
50 434 44 166
49 389 42 180
49 389 42 180
49 389 42 180
49 389 42 180
49 389 42 180
49 389 42 180
49 354 45 169
48 411 43 168
48 385 44 169
48 385 44 169
48 385 44 169
48 385 44 169
48 385 44 169
46 399 44 171
46 399 44 171
46 399 44 171
66 535 45 159
59 438 51 159
54 406 51 160
54 397 41 183
53 400 36 182
49 361 45 169
46 405 44 169
54 468 39 163
49 361 45 169
59 438 51 159
63 457 38 161
56 401 38 177
49 361 45 169
47 413 44 167
60 436 39 165
49 388 44 169
49 423 43 170
49 390 42 180
57 440 37 168
50 435 44 166
53 416 37 172
51 431 44 164
50 399 43 178
56 454 37 171
52 396 43 175
60 444 38 162
52 407 37 174
58 455 37 165
62 415 38 167
61 430 37 165
55 427 40 167
57 409 38 168
55 427 40 167
55 432 44 160
51 420 43 168
54 401 37 181
57 409 38 168
52 433 38 167
49 390 42 180
54 397 41 183
56 423 40 160
54 421 42 163
54 397 41 183
52 396 43 175
46 405 44 169
50 412 42 171
54 468 39 163
58 447 38 165
53 420 38 169
47 413 44 167
46 405 44 169
54 421 42 163
59 438 51 159
59 438 51 159
58 407 42 165
54 421 42 163
54 421 42 163
53 420 38 169
52 396 43 175
53 420 38 169
52 396 43 175
51 424 44 165
54 423 42 162
54 397 41 183
50 399 43 178
52 396 43 175
46 405 44 169
58 419 38 167
53 428 38 167
51 424 44 165
60 438 38 165
58 455 37 165
58 407 42 165
54 397 41 183
58 419 38 167
56 423 40 160
55 432 44 160
54 421 42 163
52 433 38 167
50 399 43 178
60 438 38 165
59 438 51 159
59 438 51 159
58 455 37 165
56 423 40 160
54 468 39 163
54 468 39 163
54 468 39 163
54 468 39 163
54 421 42 163
54 421 42 163
54 421 42 163
54 421 42 163
54 397 41 183
54 397 41 183
53 420 38 169
53 420 38 169
53 420 38 169
52 396 43 175
50 399 43 178
50 399 43 178
50 399 43 178
50 399 43 178
49 361 45 169
49 361 45 169
49 361 45 169
49 361 45 169
49 361 45 169
46 405 44 169
46 405 44 169
46 405 44 169
46 405 44 169
46 405 44 169
46 405 44 169
46 405 44 169
46 405 44 169
46 405 44 169
74 535 45 159
74 535 45 159
59 449 37 168
57 421 51 160
51 392 44 173
49 368 45 169
46 407 44 169
74 535 45 159
64 469 38 161
57 424 50 161
57 428 40 160
62 434 37 171
58 462 37 165
54 422 42 165
55 452 43 164
51 414 43 172
55 421 38 170
64 469 38 161
55 458 44 160
49 393 44 169
54 441 38 167
51 423 43 168
46 407 44 169
51 432 44 165
47 415 44 167
64 469 38 161
53 453 38 167
47 415 44 167
46 407 44 169
48 414 44 168
52 427 44 165
55 439 38 169
52 452 43 167
47 415 44 167
47 415 44 167
52 452 43 167
54 441 38 167
47 415 44 167
64 469 38 161
64 469 38 161
54 441 38 167
47 415 44 167
47 415 44 167
47 415 44 167
47 415 44 167
47 415 44 167
47 415 44 167
47 415 44 167
47 415 44 167
87 552 45 159
87 552 45 159
87 552 45 159
63 449 37 170
54 441 42 178
51 369 51 171
47 417 44 167
64 478 39 163
49 379 45 169
87 552 45 159
62 494 38 165
50 399 44 169
87 552 45 159
57 429 42 174
60 451 40 160
51 441 43 173
58 438 40 174
59 465 40 163
58 445 38 168
56 469 44 160
56 465 43 167
63 486 38 167
60 432 45 161
54 434 44 165
47 417 44 167
57 436 45 162
55 440 42 168
52 436 45 166
54 452 43 168
51 442 44 166
58 437 44 160
87 552 45 159
64 478 39 163
53 439 44 165
87 552 45 159
64 478 39 163
64 437 43 165
87 552 45 159
87 552 45 159
87 552 45 159
87 552 45 159
87 552 45 159
87 552 45 159
87 552 45 159
87 552 45 159
87 552 45 159
87 552 45 159
79 551 38 169
60 496 44 160
59 442 50 165
53 380 50 173
48 422 44 169
69 526 39 167
53 434 49 168
64 519 38 171
54 470 45 165
63 485 40 161
62 465 40 164
59 477 43 165
60 467 43 164
52 399 44 169
59 450 39 173
58 458 44 161
61 450 44 166
50 403 44 169
59 455 40 170
56 476 43 168
63 472 38 173
57 438 44 168
55 456 44 168
71 602 42 174
63 521 42 180
62 506 44 160
60 468 45 161
51 406 44 171
49 423 44 169
62 554 43 169
59 462 43 173
65 482 43 165
56 476 44 168
58 480 43 174
51 420 44 170
63 480 44 162
53 422 44 169
72 492 45 162
65 525 42 181
63 542 44 165
62 528 45 162
58 421 44 171
53 432 44 179
53 425 48 180
61 480 46 164
61 463 43 173
58 502 43 174
56 422 44 169
64 486 45 168
62 507 44 167
53 432 44 179
54 432 44 169
53 432 44 179
53 432 44 179
70 553 44 165
68 554 44 165
64 549 50 168
61 462 44 169
61 441 48 174
60 529 50 169
64 553 44 166
63 527 44 172
63 498 46 171
69 559 39 161
65 458 40 155
57 395 57 164
53 356 48 180
50 401 36 182
49 390 37 185
44 367 44 171
59 467 51 161
69 559 39 161
57 395 57 164
47 391 43 174
62 458 40 158
51 411 46 163
59 383 42 178
66 457 40 158
60 412 42 160
50 366 43 177
48 419 42 173
56 391 50 169
58 456 38 163
52 418 38 177
44 367 44 171
60 455 39 162
66 457 40 158
53 439 37 174
57 453 38 164
55 466 37 167
52 440 39 172
54 362 49 178
52 423 44 162
66 457 40 158
49 390 37 185
49 371 43 176
49 406 42 175
48 419 42 173
55 392 36 176
49 394 39 179
58 410 38 165
69 559 39 161
54 362 49 178
51 403 36 180
49 390 37 185
50 393 44 166
48 393 43 171
54 362 49 178
58 426 37 170
51 424 42 169
49 371 43 176
50 399 50 163
49 399 43 170
52 423 44 162
57 416 44 162
51 403 36 180
49 390 37 185
49 390 37 185
58 425 39 164
52 413 44 164
51 424 42 169
47 394 37 185
66 457 40 158
57 395 57 164
55 392 36 176
54 362 49 178
55 466 37 167
54 411 40 163
53 402 37 179
53 392 38 166
51 424 42 169
49 393 37 181
58 432 37 169
69 559 39 161
49 416 42 172
49 393 37 181
48 399 42 176
57 432 40 162
57 395 57 164
51 422 44 164
52 413 44 164
52 418 38 177
49 416 42 172
48 408 44 169
48 408 44 169
66 457 40 158
66 457 40 158
60 455 39 162
58 425 39 164
55 392 36 176
53 402 37 179
49 393 37 181
49 390 37 185
66 457 40 158
66 457 40 158
66 457 40 158
66 457 40 158
66 457 40 158
66 457 40 158
66 457 40 158
66 457 40 158
66 457 40 158
66 457 40 158
66 457 40 158
66 457 40 158
66 457 40 158
60 455 39 162
58 425 39 164
57 416 44 162
57 416 44 162
57 395 57 164
57 395 57 164
57 395 57 164
57 395 57 164
55 392 36 176
54 362 49 178
54 362 49 178
54 362 49 178
54 362 49 178
54 362 49 178
54 362 49 178
54 362 49 178
54 362 49 178
54 362 49 178
54 362 49 178
54 362 49 178
53 402 37 179
53 402 37 179
53 402 37 179
53 402 37 179
51 424 42 169
51 424 42 169
51 403 36 180
51 403 36 180
51 403 36 180
49 393 37 181
49 393 37 181
49 393 37 181
49 390 37 185
49 390 37 185
49 390 37 185
49 390 37 185
49 371 43 176
49 371 43 176
49 371 43 176
49 371 43 176
49 371 43 176
77 552 37 167
70 469 40 156
58 425 36 176
57 400 57 164
54 362 49 179
49 393 37 185
46 377 44 173
77 552 37 167
60 476 52 161
70 469 40 156
66 514 38 164
57 395 57 167
60 477 51 161
50 419 42 172
63 521 38 163
67 458 40 158
50 369 49 171
66 459 40 158
51 403 46 168
50 408 44 166
65 470 44 161
50 393 45 170
50 378 43 176
55 393 42 177
54 421 36 180
61 446 38 165
48 401 37 185
70 469 40 156
52 421 37 182
60 477 51 161
61 453 40 163
61 469 37 170
48 399 42 177
56 433 37 178
51 399 50 168
57 466 37 174
55 431 44 162
54 362 49 179
51 440 51 163
46 377 44 173
60 456 39 162
60 443 39 164
56 446 40 164
57 466 37 174
54 446 44 162
46 386 44 171
57 395 57 167
59 427 37 173
63 521 38 163
46 377 44 173
57 435 37 177
57 422 44 165
53 431 44 164
54 395 46 168
50 378 43 176
53 407 37 181
53 396 38 166
52 398 44 167
63 521 38 163
60 477 51 161
52 421 37 182
51 399 50 168
50 408 44 166
57 435 37 177
52 421 37 182
51 445 44 164
51 425 42 169
53 407 37 181
60 477 51 161
59 385 42 178
58 404 51 164
51 403 46 168
49 379 43 176
48 401 37 185
63 521 38 163
54 364 49 178
63 521 38 163
60 477 51 161
59 385 42 178
57 395 57 167
51 425 42 169
51 399 50 168
51 399 50 168
50 408 44 166
60 477 51 161
59 385 42 178
54 446 44 162
52 421 37 182
49 393 37 185
59 385 42 178
49 379 43 176
58 404 51 164
60 394 43 173
66 459 40 158
51 445 44 164
51 399 50 168
50 408 44 166
49 393 37 185
46 386 44 171
46 377 44 173
70 469 40 156
63 521 38 163
60 477 51 161
60 477 51 161
60 477 51 161
60 477 51 161
60 477 51 161
60 477 51 161
60 477 51 161
60 477 51 161
60 477 51 161
60 477 51 161
60 477 51 161
60 477 51 161
60 477 51 161
60 477 51 161
60 477 51 161
59 385 42 178
57 395 57 167
52 421 37 182
52 421 37 182
51 399 50 168
50 408 44 166
50 408 44 166
50 408 44 166
50 408 44 166
49 393 37 185
49 393 37 185
49 393 37 185
46 377 44 173
46 377 44 173
46 377 44 173
46 377 44 173
46 377 44 173
73 483 40 156
65 546 37 170
60 485 51 161
56 447 36 180
52 378 49 171
48 401 39 187
47 392 44 173
61 499 37 176
59 392 42 178
55 479 44 164
65 537 38 165
69 472 40 158
50 411 43 176
51 408 46 168
69 460 40 160
66 534 38 165
56 436 44 162
50 393 44 171
52 378 49 171
68 473 40 159
57 456 40 165
54 465 39 169
66 486 37 171
51 401 50 168
62 457 37 175
60 485 51 161
60 473 39 162
50 422 46 168
55 396 39 173
62 457 37 175
53 422 38 178
66 534 38 165
54 423 39 171
53 424 38 174
54 401 43 168
62 457 37 175
51 401 50 168
68 479 40 158
51 409 44 166
53 399 40 170
56 399 38 166
53 424 38 174
54 401 43 168
56 399 38 166
66 534 38 165
66 534 38 165
66 534 38 165
66 534 38 165
66 534 38 165
66 534 38 165
66 534 38 165
66 534 38 165
62 457 37 175
77 565 45 159
70 569 39 162
59 447 36 180
57 485 56 165
52 382 49 171
50 405 48 175
68 507 42 161
66 535 38 165
72 520 40 162
69 519 37 175
64 476 39 163
53 406 46 170
55 403 39 173
53 399 43 171
58 416 38 179
63 467 45 162
55 437 38 177
59 454 38 169
57 450 40 167
61 470 44 162
58 496 38 168
57 420 43 168
60 434 40 167
62 428 38 166
54 432 39 172
58 424 38 172
56 418 44 168
60 430 38 168
56 444 43 166
57 467 38 170
55 441 45 166
56 431 44 167
57 467 39 169
58 441 44 165
58 430 40 168
56 430 40 170
72 573 39 162
60 469 38 168
55 481 51 168
55 392 49 179
53 438 49 173
61 483 44 163
63 451 44 166
67 472 44 162
61 454 40 172
57 434 44 168
54 422 50 170
55 395 49 178
58 480 43 170
57 443 42 175
56 444 39 177
59 439 42 168
64 461 38 170
64 478 39 163
56 462 44 169
56 432 50 168
59 433 49 174
72 488 40 166
65 545 38 171
64 518 45 163
61 469 39 180
57 426 50 170
56 438 50 168
59 479 49 172
59 461 43 174
64 489 42 176
70 475 42 178
62 480 39 177
63 461 44 166
58 504 44 172
69 494 40 165
70 535 40 164
59 498 43 170
69 524 38 168
64 492 40 169
63 510 44 165
61 525 44 164
71 543 40 174
71 509 39 177
67 529 44 164
64 461 44 170
61 524 39 182
61 496 50 170
60 487 43 179
65 478 45 166
62 481 50 177
64 535 43 171
66 533 43 170
67 476 44 166
73 585 44 167
67 517 56 167
66 545 43 178
65 500 46 171
67 503 44 171
70 525 44 171
67 536 44 172
66 548 43 178
66 548 43 178
67 536 44 172
67 536 44 172
66 548 43 178
74 536 44 171
67 569 50 174
85 612 44 176
80 643 50 171
