235 1.57855
42 316 42 171
42 301 42 171
47 311 36 171
53 384 46 154
48 307 38 167
44 305 44 164
47 341 46 157
44 314 42 168
47 303 37 169
44 305 44 164
48 314 45 159
44 305 44 164
52 330 40 159
45 308 45 160
44 305 44 164
47 304 37 169
46 309 45 160
44 320 42 168
50 312 38 163
44 303 43 169
53 349 39 159
50 314 39 161
47 319 46 158
43 316 43 169
47 304 37 169
44 306 44 163
47 304 37 169
47 306 37 169
50 316 45 160
44 326 44 163
52 329 40 159
47 304 37 169
44 306 43 166
46 308 45 160
48 307 38 167
47 303 37 169
47 318 46 158
47 319 46 158
46 308 45 160
47 303 37 169
52 331 40 159
46 307 43 164
48 330 46 158
44 307 44 163
42 301 42 171
50 314 39 161
46 335 46 157
42 305 42 171
50 314 39 161
44 320 42 168
48 307 38 167
50 317 38 161
46 308 45 160
44 320 42 168
48 307 38 167
47 304 37 169
50 314 39 161
46 308 45 160
47 318 46 158
44 306 44 163
47 318 46 158
46 308 45 160
47 364 37 169
47 303 37 169
47 304 37 169
44 306 44 163
47 318 46 158
45 314 45 160
47 304 37 169
47 304 37 169
46 308 45 160
42 301 42 171
58 372 40 158
46 311 44 162
42 301 42 171
50 311 38 164
52 331 40 159
44 306 44 163
47 318 46 158
42 304 42 171
47 306 36 171
46 308 45 160
46 335 46 157
44 326 44 163
51 328 38 163
46 308 45 160
49 315 38 163
47 304 37 169
44 306 44 163
44 305 44 164
47 318 46 158
47 349 38 167
46 308 45 160
44 305 44 164
47 361 37 169
42 301 42 171
48 313 45 159
46 335 46 157
44 303 43 169
42 301 42 171
47 318 46 158
44 306 44 163
48 314 45 159
44 306 42 168
47 303 37 169
46 309 45 160
50 327 39 161
42 301 42 171
50 314 39 161
44 305 44 164
46 308 45 160
47 304 37 169
46 308 45 160
44 306 44 163
47 304 37 169
44 305 44 164
48 307 38 167
44 306 44 163
46 310 43 164
42 304 42 171
46 335 46 157
47 319 46 158
46 307 43 164
44 304 43 169
47 304 37 169
42 301 42 171
48 317 45 159
47 361 37 169
44 305 44 164
46 307 43 164
48 313 45 159
44 304 43 169
48 313 45 159
45 314 45 160
42 301 42 171
50 312 38 163
48 313 45 159
45 308 45 160
50 314 39 161
44 305 44 164
50 317 38 161
50 314 39 161
47 319 46 158
42 304 42 171
50 320 37 168
46 308 45 160
50 314 39 161
44 306 44 163
44 306 44 163
42 304 42 171
48 313 45 159
47 303 37 169
47 303 37 169
46 308 45 160
49 315 38 163
47 303 37 169
46 348 46 157
45 314 45 160
44 310 43 166
42 301 42 171
52 331 40 159
47 306 37 169
46 308 45 160
44 306 44 163
47 303 37 169
53 349 39 159
47 319 46 158
44 305 44 164
50 314 39 161
45 341 42 168
48 307 38 167
48 307 38 167
48 313 45 159
44 326 44 163
47 303 37 169
47 303 37 169
50 311 38 164
48 314 45 159
46 308 45 160
43 324 43 169
53 384 46 154
50 314 39 161
46 320 44 163
47 303 37 169
44 306 42 168
44 305 44 164
46 348 46 157
44 312 43 166
47 303 37 169
47 303 37 169
48 313 45 159
47 304 37 169
52 319 40 160
46 309 45 160
42 301 42 171
50 314 39 161
46 308 45 160
44 306 42 168
48 307 38 167
42 301 42 171
