1547 75.3573
50 288 42 154
48 278 46 155
47 290 46 153
46 313 46 153
45 267 43 162
41 299 36 167
40 281 36 169
40 281 36 169
47 301 42 153
43 312 37 163
42 289 36 166
41 278 37 164
44 296 40 157
50 282 40 155
44 275 38 164
50 288 42 154
47 273 45 157
46 279 44 158
46 271 44 159
45 267 43 162
40 281 36 169
47 271 38 162
46 286 45 155
45 267 43 162
43 298 38 160
43 283 39 158
47 307 40 154
47 280 45 156
46 291 38 160
42 279 36 169
45 295 36 165
45 287 40 155
45 269 43 161
41 299 36 167
50 288 42 154
50 288 42 154
49 277 40 157
49 277 40 157
49 277 40 157
49 277 39 158
48 278 46 155
48 278 46 155
48 278 46 155
46 279 44 158
45 269 43 161
40 281 36 169
47 307 40 154
46 311 40 154
49 277 39 158
48 276 40 159
48 276 37 165
46 270 44 160
46 270 44 160
45 269 43 161
43 312 37 163
42 289 36 166
50 288 42 154
50 288 42 154
49 284 42 156
49 277 40 157
48 278 46 155
47 280 45 156
49 293 42 153
47 273 45 157
50 288 42 154
50 288 42 154
50 282 40 155
49 293 42 153
49 285 40 155
49 284 42 156
48 292 40 154
48 292 40 154
48 285 40 157
48 284 46 154
48 278 46 155
48 274 38 160
48 274 38 160
47 280 45 156
47 277 40 159
47 273 45 157
46 311 40 154
46 291 38 160
43 298 38 160
43 295 38 162
40 281 36 169
50 288 42 154
50 288 42 154
50 288 42 154
50 288 42 154
50 288 42 154
50 288 42 154
50 288 42 154
50 288 42 154
50 288 42 154
50 288 42 154
50 288 42 154
50 288 42 154
50 288 42 154
50 288 42 154
50 288 42 154
50 288 42 154
50 288 42 154
50 288 42 154
50 288 42 154
50 288 42 154
50 288 42 154
50 288 42 154
50 288 42 154
50 288 42 154
50 288 42 154
50 288 42 154
50 288 42 154
50 288 42 154
50 288 42 154
50 288 42 154
50 288 42 154
50 288 42 154
50 288 42 154
50 288 42 154
50 288 42 154
50 288 42 154
50 288 42 154
50 288 42 154
50 288 42 154
50 288 42 154
50 288 42 154
50 288 42 154
50 288 42 154
50 288 42 154
50 288 42 154
50 288 42 154
50 288 42 154
50 288 42 154
50 288 42 154
50 288 42 154
50 288 42 154
50 288 42 154
50 288 42 154
50 288 42 154
50 288 42 154
50 288 42 154
50 288 42 154
50 288 42 154
50 288 42 154
50 288 42 154
50 288 42 154
50 288 42 154
50 288 42 154
50 288 42 154
50 288 42 154
50 288 42 154
50 288 42 154
50 288 42 154
50 288 42 154
50 288 42 154
50 288 42 154
50 288 42 154
50 288 42 154
50 288 42 154
50 288 42 154
50 288 42 154
50 288 42 154
50 288 42 154
50 288 42 154
50 288 42 154
50 288 42 154
50 288 42 154
50 288 42 154
50 288 42 154
50 288 42 154
50 288 42 154
50 288 42 154
50 288 42 154
50 288 42 154
50 288 42 154
50 288 42 154
50 288 42 154
50 288 42 154
50 288 42 154
50 288 42 154
50 288 42 154
50 288 42 154
50 288 42 154
50 288 42 154
50 288 42 154
50 288 42 154
50 288 42 154
50 288 42 154
50 288 42 154
50 288 42 154
50 288 42 154
50 288 42 154
50 288 42 154
50 288 42 154
50 288 42 154
50 288 42 154
50 288 42 154
50 288 42 154
50 288 42 154
50 288 42 154
50 288 42 154
50 288 42 154
50 288 42 154
50 288 42 154
50 288 42 154
50 288 42 154
50 288 42 154
50 288 42 154
50 288 42 154
50 288 42 154
50 288 42 154
50 288 42 154
50 288 42 154
50 288 42 154
50 288 42 154
50 288 42 154
50 288 42 154
50 288 42 154
49 284 42 156
49 284 42 156
49 284 42 156
49 277 40 157
49 277 40 157
49 277 40 157
49 277 40 157
49 277 40 157
49 277 39 158
49 277 39 158
49 277 39 158
48 284 46 154
48 278 46 155
48 278 46 155
48 278 46 155
48 278 46 155
48 278 46 155
48 278 46 155
48 278 46 155
48 278 46 155
48 278 46 155
48 278 46 155
48 278 46 155
48 278 46 155
48 278 46 155
48 278 46 155
48 278 46 155
48 278 46 155
48 278 46 155
48 278 46 155
48 278 46 155
48 278 46 155
48 278 46 155
48 276 40 159
47 280 45 156
47 277 40 159
47 277 40 159
47 273 45 157
47 273 45 157
47 273 45 157
46 279 44 158
45 269 43 161
45 269 43 161
45 269 43 161
45 267 43 162
45 267 43 162
45 267 43 162
40 281 36 169
40 281 36 169
40 281 36 169
40 281 36 169
40 281 36 169
40 281 36 169
51 295 40 155
48 297 42 156
48 289 46 154
48 279 46 155
46 273 44 159
41 286 36 169
40 291 36 169
48 288 38 162
42 290 37 168
47 293 37 167
47 282 42 160
46 282 44 158
49 278 39 158
48 277 40 159
47 294 45 156
48 277 40 159
48 282 45 157
49 295 42 154
50 282 40 157
50 289 42 154
49 283 40 157
48 286 45 156
47 283 40 159
52 307 40 155
49 331 37 167
48 294 46 154
48 280 46 155
46 279 44 160
45 309 36 169
49 292 38 162
47 288 43 161
47 296 45 156
49 284 40 157
50 292 42 154
48 290 40 159
49 289 39 158
46 279 44 160
50 292 42 154
48 293 45 156
50 292 42 154
54 345 39 158
50 293 42 154
48 282 46 155
46 280 44 160
45 314 36 169
49 304 38 166
53 344 38 163
48 328 40 161
49 286 40 157
52 334 39 161
50 293 42 154
48 294 45 158
52 320 40 155
53 318 40 155
60 343 39 162
59 395 39 161
51 293 42 154
48 349 36 169
48 286 46 155
46 282 44 160
54 318 40 155
52 365 39 163
52 365 39 163
50 292 42 160
51 292 40 157
50 294 42 154
49 294 45 159
49 302 44 159
48 299 45 158
50 295 40 157
49 302 44 159
50 295 40 157
50 295 40 157
48 299 45 158
50 295 40 157
52 365 39 163
52 365 39 163
50 295 40 157
50 295 40 157
50 295 40 157
50 294 40 159
57 391 39 163
50 296 42 154
49 291 46 155
47 285 45 161
46 286 44 160
55 318 40 155
51 292 40 159
55 318 40 155
50 294 42 156
49 291 46 155
50 296 40 157
50 294 42 156
55 318 40 155
56 330 40 155
54 316 40 157
53 310 41 161
53 287 44 160
51 299 42 154
50 296 42 156
53 323 40 159
53 318 41 160
52 327 40 161
53 321 40 161
56 342 40 155
56 319 40 157
53 324 40 161
52 302 42 154
51 297 42 156
50 303 46 157
50 313 44 160
54 329 40 157
51 303 42 154
54 320 40 159
51 300 46 154
53 324 40 161
52 302 42 154
53 324 40 161
53 324 40 161
59 319 40 157
55 336 40 157
55 335 40 159
52 306 42 154
51 300 45 156
51 300 45 156
51 307 42 158
51 300 45 156
51 300 45 156
67 406 40 159
55 346 40 161
52 307 42 154
51 310 48 166
51 310 48 166
51 321 42 160
58 350 40 163
57 356 40 161
54 309 42 154
54 308 51 163
52 321 48 166
52 325 44 158
53 319 42 154
54 311 42 154
53 346 42 158
52 323 48 166
52 327 45 162
53 322 48 166
52 327 44 164
58 317 46 159
56 318 52 165
55 335 42 154
54 360 43 164
54 317 42 166
54 313 48 166
57 325 44 158
56 323 42 160
54 323 45 157
54 329 44 158
54 323 45 157
60 350 42 160
58 335 45 157
57 364 42 156
56 346 42 161
55 341 46 157
60 352 49 164
56 361 43 161
50 288 42 154
49 293 42 153
47 286 46 154
46 313 46 153
45 267 43 162
42 279 36 169
40 281 36 169
40 281 36 169
46 279 44 158
43 312 37 163
41 299 36 167
50 282 40 155
43 276 38 162
50 288 42 154
48 278 46 155
47 280 45 156
49 277 39 158
47 280 45 156
47 271 38 162
46 283 40 157
46 270 44 160
44 295 40 155
43 312 37 163
41 274 37 165
47 301 42 153
45 267 43 162
45 287 40 155
45 267 43 162
47 307 40 154
41 299 36 167
40 281 36 169
50 282 40 155
49 284 42 156
48 292 40 154
44 295 40 155
43 283 39 158
42 279 36 169
40 281 36 169
46 271 44 159
45 269 43 161
50 288 42 154
50 288 42 154
49 284 42 156
47 280 45 156
42 279 36 169
47 307 40 154
46 311 40 154
49 293 42 153
48 278 46 155
48 275 40 159
47 274 37 164
46 276 38 160
45 269 43 161
43 311 36 165
42 289 36 166
41 278 37 164
47 296 42 154
47 290 46 153
50 288 42 154
50 288 42 154
49 277 40 157
47 280 45 156
42 289 36 166
48 292 40 154
47 273 45 157
50 288 42 154
50 288 42 154
49 289 42 154
49 285 40 155
49 285 40 155
49 277 40 157
48 284 46 154
48 275 38 160
47 296 42 154
47 286 46 154
47 280 45 156
47 273 45 157
46 313 46 153
46 270 44 160
42 294 38 160
42 294 38 160
40 281 36 169
50 288 42 154
50 288 42 154
50 288 42 154
50 288 42 154
50 288 42 154
50 288 42 154
50 288 42 154
50 288 42 154
50 288 42 154
50 288 42 154
50 288 42 154
50 288 42 154
50 288 42 154
50 288 42 154
50 288 42 154
50 288 42 154
50 288 42 154
50 288 42 154
50 288 42 154
50 288 42 154
50 288 42 154
50 288 42 154
50 288 42 154
50 288 42 154
50 288 42 154
50 288 42 154
50 288 42 154
50 288 42 154
50 288 42 154
50 288 42 154
50 288 42 154
50 288 42 154
50 288 42 154
50 288 42 154
50 288 42 154
50 288 42 154
50 288 42 154
50 288 42 154
50 288 42 154
50 288 42 154
50 288 42 154
50 288 42 154
50 288 42 154
50 288 42 154
50 288 42 154
50 288 42 154
50 288 42 154
50 288 42 154
50 288 42 154
50 288 42 154
50 288 42 154
50 288 42 154
50 288 42 154
50 288 42 154
50 288 42 154
50 288 42 154
50 288 42 154
50 288 42 154
50 288 42 154
50 288 42 154
50 288 42 154
50 288 42 154
50 288 42 154
50 288 42 154
50 288 42 154
50 288 42 154
50 288 42 154
50 288 42 154
50 288 42 154
50 288 42 154
50 288 42 154
50 288 42 154
50 288 42 154
50 288 42 154
50 288 42 154
50 288 42 154
50 288 42 154
50 288 42 154
50 288 42 154
50 288 42 154
50 288 42 154
50 288 42 154
50 288 42 154
50 288 42 154
50 288 42 154
50 288 42 154
50 288 42 154
50 288 42 154
50 288 42 154
50 288 42 154
50 288 42 154
50 288 42 154
50 288 42 154
50 288 42 154
50 288 42 154
50 288 42 154
50 288 42 154
50 288 42 154
50 288 42 154
50 288 42 154
50 288 42 154
50 288 42 154
50 288 42 154
50 288 42 154
50 288 42 154
50 288 42 154
50 288 42 154
50 288 42 154
50 288 42 154
49 284 42 156
49 284 42 156
49 284 42 156
49 284 42 156
49 284 42 156
49 284 42 156
49 284 42 156
49 284 42 156
49 284 42 156
49 277 40 157
49 277 40 157
49 277 40 157
49 277 40 157
49 277 40 157
49 277 40 157
49 277 40 157
48 278 46 155
48 278 46 155
47 280 45 156
47 280 45 156
47 280 45 156
47 280 45 156
47 280 45 156
47 280 45 156
47 273 45 157
47 273 45 157
47 273 45 157
47 273 45 157
47 273 45 157
47 273 45 157
47 273 45 157
42 279 36 169
42 279 36 169
42 279 36 169
42 279 36 169
42 279 36 169
42 279 36 169
42 279 36 169
42 279 36 169
40 281 36 169
40 281 36 169
40 281 36 169
40 281 36 169
40 281 36 169
40 281 36 169
40 281 36 169
40 281 36 169
40 281 36 169
40 281 36 169
40 281 36 169
57 364 36 167
49 278 40 157
48 285 46 154
43 287 36 169
42 304 36 168
55 320 38 164
53 348 38 164
45 279 43 161
46 280 44 158
51 338 37 165
57 335 38 162
47 333 38 165
49 293 42 154
49 298 40 155
47 283 45 156
42 290 37 168
49 296 39 159
43 284 37 167
49 285 42 156
46 296 45 157
50 288 39 159
50 285 40 155
48 281 45 157
50 285 40 155
50 292 42 154
48 289 40 157
69 376 37 165
63 385 38 162
49 285 46 155
49 283 40 157
48 296 46 154
45 288 36 169
43 293 36 169
53 314 39 159
57 362 38 165
57 363 38 163
44 285 37 167
47 296 44 160
49 287 42 156
51 310 39 160
48 296 42 158
49 297 39 161
47 295 45 157
49 283 40 157
48 289 45 157
50 293 42 154
50 289 40 155
50 291 39 161
70 410 38 162
66 452 38 162
51 283 40 157
50 296 42 154
49 292 46 158
45 294 36 169
44 297 36 169
57 367 37 167
63 383 38 164
57 422 38 165
52 311 39 160
50 288 42 156
47 297 45 158
48 295 45 159
47 295 37 168
50 289 40 157
49 306 46 155
49 304 40 157
52 311 39 160
52 311 39 160
49 293 42 156
50 294 40 155
52 311 39 160
52 311 39 160
61 443 37 167
52 299 42 154
50 303 46 154
50 291 46 156
45 295 36 169
44 301 36 169
44 301 36 169
53 315 39 162
51 317 40 157
49 296 42 156
50 293 45 157
51 299 40 159
50 316 40 161
52 305 40 155
57 317 39 162
53 324 40 155
53 305 42 154
53 294 51 162
47 299 36 169
44 304 36 169
50 296 45 159
50 308 46 155
52 312 42 154
56 302 40 159
54 321 40 157
51 302 42 156
54 321 40 157
52 312 42 154
51 307 40 159
50 303 42 156
57 323 39 163
55 335 42 154
53 337 40 155
52 333 46 155
51 302 42 158
45 310 36 169
44 326 38 172
50 308 42 156
57 323 39 163
56 306 40 159
53 330 40 159
53 307 40 162
55 336 40 155
56 306 40 159
56 306 40 159
57 323 39 163
56 306 40 159
56 306 40 159
59 325 39 163
56 336 40 155
55 334 46 155
54 348 40 157
54 318 36 169
51 303 42 160
45 329 36 169
50 341 43 167
50 335 45 158
50 339 44 165
58 332 39 163
52 308 42 156
51 312 42 158
56 307 40 159
55 338 40 155
54 333 40 159
61 351 40 155
60 372 39 165
53 311 42 156
52 344 36 169
52 314 45 157
51 349 36 169
51 315 42 158
61 326 39 163
55 334 40 159
56 336 40 158
55 338 40 157
61 326 39 163
61 326 39 163
59 371 36 169
56 321 42 156
54 380 43 161
53 311 51 164
51 342 42 171
51 333 45 159
57 340 40 157
55 343 40 157
52 318 45 157
55 339 42 156
60 347 40 157
59 392 36 169
59 341 43 170
55 356 42 156
54 320 51 162
53 313 51 165
52 325 45 157
56 356 40 157
55 353 44 159
57 354 40 159
57 354 40 159
57 354 40 159
60 353 40 159
57 357 40 159
55 357 42 156
55 328 45 157
52 330 48 179
52 330 48 179
53 334 45 157
53 333 45 158
52 330 48 179
52 330 48 179
68 354 44 163
57 359 40 159
55 330 45 158
54 343 48 176
67 371 40 161
60 380 40 159
59 341 45 167
57 402 45 161
57 365 43 165
60 375 40 162
58 366 45 159
64 399 40 161
63 376 44 164
65 412 40 161
51 299 42 153
51 299 42 153
49 295 46 153
46 313 46 153
45 267 43 162
41 299 36 167
40 281 36 169
40 281 36 169
48 279 40 157
49 285 40 155
47 301 42 153
45 269 43 161
51 299 42 153
45 267 43 162
46 310 40 154
46 272 44 159
44 279 38 160
43 312 37 163
43 312 37 163
42 289 36 166
41 274 37 165
45 267 43 162
48 279 40 157
44 293 39 159
43 290 43 161
42 287 36 167
42 287 36 167
48 294 45 155
48 275 38 160
46 272 44 159
43 298 39 158
43 298 39 158
48 276 40 159
47 280 45 156
46 291 46 154
43 297 38 160
42 287 36 167
45 269 43 161
43 311 36 165
51 299 42 153
47 276 45 158
51 299 42 153
50 288 42 154
50 288 42 154
49 285 40 155
47 277 40 159
40 281 36 169
48 276 40 159
48 275 38 160
48 273 37 164
46 273 40 161
42 289 36 166
41 278 37 164
51 299 42 153
50 288 42 154
49 285 40 155
48 297 39 158
48 284 46 154
48 275 38 160
47 282 42 158
47 280 45 156
47 280 45 156
47 277 40 159
42 287 36 167
50 283 40 155
49 285 40 155
46 291 46 154
51 299 42 153
51 299 42 153
51 293 40 154
50 300 42 153
50 296 40 154
50 296 40 154
50 288 42 154
50 288 42 154
49 295 46 153
49 295 46 153
49 285 40 155
49 277 40 157
48 300 40 156
48 294 45 155
48 284 42 156
48 284 42 156
48 279 40 157
47 282 42 158
47 282 42 158
47 280 45 156
47 277 40 159
47 271 38 162
47 271 38 162
46 310 40 154
46 279 44 158
46 272 44 159
46 270 44 160
46 270 44 160
45 278 43 160
45 274 38 163
43 297 38 160
51 299 42 153
51 299 42 153
51 299 42 153
51 299 42 153
51 299 42 153
51 299 42 153
51 299 42 153
51 299 42 153
51 299 42 153
51 299 42 153
51 299 42 153
51 299 42 153
51 299 42 153
51 299 42 153
51 299 42 153
51 299 42 153
51 299 42 153
51 299 42 153
51 299 42 153
51 299 42 153
51 299 42 153
51 299 42 153
51 299 42 153
51 299 42 153
51 299 42 153
51 299 42 153
51 299 42 153
51 299 42 153
51 299 42 153
51 299 42 153
51 299 42 153
51 299 42 153
51 299 42 153
51 299 42 153
51 299 42 153
51 299 42 153
51 299 42 153
51 299 42 153
51 299 42 153
51 299 42 153
51 299 42 153
51 299 42 153
51 299 42 153
51 299 42 153
51 299 42 153
51 299 42 153
51 299 42 153
51 299 42 153
51 299 42 153
51 299 42 153
51 299 42 153
51 299 42 153
51 299 42 153
51 299 42 153
51 299 42 153
51 299 42 153
51 299 42 153
51 299 42 153
51 299 42 153
51 299 42 153
51 299 42 153
51 299 42 153
51 299 42 153
51 299 42 153
51 299 42 153
51 299 42 153
51 299 42 153
51 299 42 153
51 299 42 153
51 299 42 153
51 299 42 153
51 299 42 153
51 299 42 153
51 299 42 153
51 299 42 153
51 299 42 153
51 299 42 153
51 299 42 153
51 299 42 153
51 299 42 153
51 299 42 153
51 299 42 153
51 299 42 153
51 299 42 153
51 299 42 153
51 299 42 153
51 299 42 153
51 299 42 153
51 299 42 153
51 299 42 153
51 299 42 153
51 299 42 153
51 299 42 153
51 299 42 153
51 299 42 153
51 299 42 153
51 299 42 153
51 299 42 153
51 299 42 153
51 299 42 153
51 299 42 153
51 299 42 153
51 299 42 153
51 299 42 153
51 299 42 153
51 299 42 153
51 299 42 153
51 299 42 153
51 299 42 153
51 299 42 153
51 299 42 153
51 299 42 153
51 299 42 153
51 299 42 153
51 299 42 153
51 299 42 153
51 299 42 153
51 299 42 153
51 299 42 153
51 299 42 153
51 299 42 153
51 299 42 153
51 293 40 154
51 293 40 154
50 300 42 153
50 296 40 154
50 296 40 154
50 288 42 154
50 288 42 154
50 288 42 154
50 288 42 154
50 288 42 154
50 288 42 154
50 288 42 154
50 288 42 154
50 288 42 154
50 288 42 154
49 295 46 153
49 295 46 153
49 295 46 153
49 295 46 153
49 295 46 153
49 285 40 155
49 277 40 157
49 277 40 157
49 277 39 158
49 277 39 158
49 277 39 158
48 284 46 154
48 279 46 155
48 279 40 157
48 279 40 157
48 279 40 157
48 279 40 157
48 279 40 157
48 279 40 157
48 279 40 157
48 279 40 157
48 279 40 157
48 276 40 159
48 276 40 159
48 276 40 159
48 276 40 159
48 275 38 160
47 282 42 158
47 280 45 156
47 280 45 156
47 280 45 156
47 280 45 156
47 280 45 156
47 280 45 156
47 277 40 159
47 277 40 159
47 277 40 159
47 277 40 159
47 271 38 162
47 271 38 162
47 271 38 162
46 272 44 159
46 272 44 159
45 287 45 156
45 267 43 162
45 267 43 162
45 267 43 162
45 267 43 162
45 267 43 162
42 287 36 167
42 287 36 167
40 281 36 169
40 281 36 169
40 281 36 169
55 346 40 154
49 307 46 153
46 304 36 167
45 270 43 162
43 290 38 166
43 288 37 167
53 331 37 166
52 313 38 163
47 273 40 161
47 280 45 157
46 271 44 160
50 282 39 158
52 301 42 153
49 293 46 154
48 287 42 156
49 284 42 156
50 285 40 155
45 271 43 161
53 310 38 162
49 288 40 155
48 283 40 157
46 281 44 158
46 281 44 158
48 305 40 156
49 302 42 154
48 305 40 156
48 305 40 156
59 364 40 154
55 367 38 163
52 325 36 167
52 304 42 153
50 310 37 168
49 296 46 154
45 272 43 161
56 357 38 162
47 273 44 160
47 281 40 163
46 282 44 158
50 285 39 158
59 364 40 154
49 308 40 156
56 357 38 162
48 283 42 158
50 288 40 155
49 287 42 156
48 286 40 159
56 357 38 162
56 357 38 162
56 357 38 162
61 366 38 163
56 376 38 162
53 359 36 169
52 305 42 153
48 275 43 162
47 277 44 160
45 278 43 162
54 362 36 167
50 290 40 155
49 292 40 159
58 373 38 162
48 284 42 158
47 283 43 161
48 284 42 158
48 284 42 158
48 284 42 158
63 399 38 162
58 379 37 167
53 306 42 153
48 285 43 161
45 281 43 162
50 311 40 162
48 286 42 158
51 290 40 155
57 389 38 163
50 292 42 156
50 299 40 163
50 298 42 155
64 441 38 162
59 340 42 153
53 306 46 154
51 290 45 157
48 294 43 162
57 348 42 153
51 307 40 155
51 294 40 156
51 297 42 155
58 329 42 154
55 336 42 154
53 306 40 155
53 304 40 157
51 309 40 155
51 297 41 161
51 308 40 158
52 305 40 156
52 305 40 156
56 321 40 155
54 304 46 159
52 307 40 156
51 300 41 164
54 317 42 155
51 312 45 155
61 367 40 155
53 331 46 155
53 307 40 156
52 314 40 156
55 351 45 155
61 368 42 155
55 315 46 158
54 316 40 156
52 332 40 157
53 321 42 158
53 323 40 157
57 355 40 158
54 319 40 161
54 316 42 156
53 351 41 168
56 329 40 159
54 342 40 159
54 319 40 161
54 339 40 160
59 353 42 156
57 357 42 156
54 325 40 161
56 349 40 159
54 329 42 158
59 332 40 159
57 357 42 156
60 374 40 159
60 360 45 156
57 337 44 160
56 384 44 160
56 343 40 164
54 355 40 166
57 381 40 161
57 354 41 159
58 349 44 159
63 391 40 159
62 357 41 168
62 357 41 168
59 375 40 165
57 394 42 166
57 358 43 161
61 392 41 164
58 363 42 159
62 357 41 168
62 357 41 168
72 489 40 161
50 288 42 154
47 301 42 153
47 286 46 154
46 313 46 153
45 267 43 162
43 277 36 169
40 281 36 169
40 281 36 169
45 298 37 163
42 287 36 167
42 289 36 166
48 276 40 159
50 288 42 154
47 273 45 157
45 267 43 162
47 310 40 154
49 277 40 157
48 280 39 158
44 270 43 161
43 312 37 163
41 278 37 164
43 283 39 158
48 276 40 159
48 275 38 160
45 279 44 158
44 270 43 161
43 312 37 163
42 294 38 160
41 299 36 167
45 269 43 161
50 288 42 154
50 288 42 154
49 277 40 157
49 277 40 157
48 276 40 159
47 280 45 156
47 273 45 157
47 273 38 162
46 272 44 159
46 272 44 159
46 272 44 159
45 267 43 162
47 274 37 164
47 273 38 162
45 278 43 160
43 311 36 165
42 294 38 160
41 299 36 167
48 292 40 154
44 296 40 157
50 299 46 153
50 288 42 154
50 288 42 154
50 282 40 155
48 280 39 158
48 278 46 155
48 276 40 159
48 276 40 159
48 273 37 165
47 280 45 156
47 280 45 156
47 273 45 157
45 267 43 162
42 289 36 166
45 267 43 162
44 298 40 155
50 288 42 154
50 288 42 154
50 282 40 155
50 282 40 155
49 289 42 154
49 285 40 155
49 285 40 155
49 284 42 156
49 277 40 157
48 292 40 154
48 284 46 154
48 279 40 157
48 275 38 160
47 310 40 154
47 295 42 154
47 295 42 154
47 281 39 158
47 280 45 156
47 273 45 157
46 311 40 154
46 300 46 154
46 300 46 154
46 287 46 155
46 272 44 159
46 272 44 159
46 271 44 160
46 271 44 160
45 278 43 160
45 274 44 159
45 269 43 161
44 293 38 162
44 293 38 162
50 299 46 153
50 299 46 153
50 299 46 153
50 299 46 153
50 299 46 153
50 299 46 153
50 299 46 153
50 288 42 154
50 288 42 154
50 288 42 154
50 288 42 154
50 288 42 154
50 288 42 154
50 288 42 154
50 288 42 154
50 288 42 154
50 288 42 154
50 288 42 154
50 288 42 154
50 288 42 154
50 288 42 154
50 288 42 154
50 288 42 154
50 288 42 154
50 288 42 154
50 288 42 154
50 288 42 154
50 288 42 154
50 288 42 154
50 288 42 154
50 288 42 154
50 288 42 154
50 288 42 154
50 288 42 154
50 288 42 154
50 288 42 154
50 288 42 154
50 288 42 154
50 288 42 154
50 288 42 154
50 288 42 154
50 288 42 154
50 288 42 154
50 288 42 154
50 288 42 154
50 288 42 154
50 288 42 154
50 288 42 154
50 288 42 154
50 288 42 154
50 288 42 154
50 288 42 154
50 288 42 154
50 288 42 154
50 288 42 154
50 288 42 154
50 288 42 154
50 288 42 154
50 288 42 154
50 288 42 154
50 288 42 154
50 288 42 154
50 288 42 154
50 288 42 154
50 288 42 154
50 288 42 154
50 288 42 154
50 288 42 154
50 288 42 154
50 288 42 154
50 288 42 154
50 288 42 154
50 288 42 154
50 288 42 154
50 288 42 154
50 288 42 154
50 288 42 154
50 288 42 154
50 288 42 154
50 288 42 154
50 288 42 154
50 288 42 154
50 288 42 154
50 288 42 154
50 288 42 154
50 288 42 154
50 288 42 154
50 288 42 154
50 288 42 154
50 288 42 154
50 288 42 154
50 288 42 154
50 288 42 154
50 288 42 154
50 288 42 154
50 288 42 154
50 288 42 154
50 288 42 154
50 288 42 154
50 288 42 154
50 288 42 154
50 288 42 154
50 288 42 154
50 288 42 154
50 288 42 154
50 288 42 154
50 288 42 154
50 288 42 154
50 288 42 154
50 288 42 154
50 288 42 154
50 288 42 154
50 288 42 154
50 288 42 154
50 288 42 154
50 288 42 154
50 288 42 154
50 288 42 154
50 288 42 154
50 288 42 154
50 288 42 154
50 288 42 154
50 282 40 155
50 282 40 155
50 282 40 155
49 289 42 154
49 285 40 155
49 284 42 156
49 284 42 156
49 284 42 156
49 277 40 157
49 277 40 157
49 277 40 157
49 277 40 157
49 277 40 157
49 277 40 157
49 277 40 157
49 277 40 157
49 277 40 157
49 277 40 157
49 277 40 157
49 277 40 157
49 277 40 157
49 277 40 157
49 277 40 157
49 277 40 157
49 277 40 157
48 284 46 154
48 284 46 154
48 284 46 154
48 284 46 154
48 280 39 158
48 276 40 159
48 276 40 159
48 276 40 159
48 276 40 159
48 276 40 159
48 276 40 159
48 276 40 159
48 276 40 159
47 280 45 156
47 280 45 156
47 280 45 156
47 280 45 156
47 280 45 156
47 280 45 156
47 280 45 156
47 273 45 157
47 273 45 157
47 273 45 157
47 273 45 157
47 273 45 157
47 273 45 157
47 273 45 157
47 273 45 157
47 273 45 157
47 273 40 161
47 273 40 161
46 272 44 159
46 272 44 159
46 272 44 159
46 272 44 159
46 272 44 159
46 272 44 159
46 272 44 159
46 272 44 159
46 272 44 159
46 271 44 160
46 271 44 160
46 271 44 160
46 271 44 160
45 279 44 158
45 269 43 161
45 269 43 161
45 269 43 161
45 269 43 161
45 267 43 162
45 267 43 162
45 267 43 162
45 267 43 162
45 267 43 162
45 267 43 162
45 267 43 162
52 333 39 158
50 293 42 154
47 274 45 157
45 271 43 161
52 333 39 158
49 295 42 154
47 282 42 160
47 283 45 156
50 286 40 155
51 293 40 154
49 280 40 157
46 280 44 158
49 280 40 157
49 288 40 156
46 276 44 159
46 280 44 158
48 282 40 157
52 333 39 158
49 280 40 157
49 280 40 157
48 277 40 159
48 277 40 159
48 277 40 159
48 277 40 159
49 295 42 154
48 282 40 157
48 277 40 159
46 276 44 159
52 333 39 158
52 333 39 158
49 280 40 157
49 280 40 157
49 280 40 157
49 280 40 157
49 280 40 157
48 277 40 159
48 277 40 159
48 277 40 159
48 277 40 159
48 277 40 159
48 277 40 159
48 277 40 159
48 277 40 159
53 317 40 154
49 277 40 159
47 287 45 156
46 277 44 159
46 274 43 161
48 284 42 158
50 299 42 154
47 298 44 158
51 287 40 155
50 288 40 155
47 280 45 157
49 277 40 159
48 281 40 159
49 277 40 159
50 299 42 154
49 281 40 157
47 280 45 157
49 277 40 159
49 277 40 159
49 277 40 159
49 277 40 159
47 280 45 157
47 280 45 157
50 302 42 154
49 279 40 159
48 289 45 156
46 279 44 159
50 293 40 155
48 291 44 158
49 288 45 156
48 282 40 159
50 282 40 157
49 283 40 157
48 289 45 156
53 308 42 154
52 306 46 154
49 282 40 159
47 293 44 159
50 301 46 156
51 297 40 155
48 289 45 157
49 285 40 157
51 297 40 155
48 289 45 157
48 291 40 159
51 297 40 155
51 297 40 155
51 297 40 155
55 297 52 156
53 320 42 154
51 282 49 166
49 293 40 159
48 289 45 159
54 319 40 155
52 302 42 156
49 287 45 158
50 298 40 157
49 301 40 157
61 291 50 161
59 323 46 156
53 295 51 163
52 291 50 164
50 300 40 159
49 303 44 159
54 293 44 161
52 302 40 157
50 302 45 158
54 315 40 157
54 295 44 161
52 325 40 157
50 302 40 159
56 318 45 157
55 302 45 159
52 325 40 159
51 307 40 161
57 334 46 160
55 349 40 164
53 315 51 161
51 311 49 167
52 337 44 162
55 329 45 162
51 315 41 163
62 414 40 164
55 355 40 168
54 318 51 162
51 325 43 163
52 322 41 163
54 355 44 164
54 329 51 162
53 340 43 169
53 353 44 168
53 353 44 168
50 288 42 154
48 278 46 155
47 301 42 153
46 313 46 153
45 267 43 162
42 289 36 166
42 279 36 169
40 281 36 169
47 274 37 164
44 288 44 158
41 299 36 167
47 273 45 157
45 298 37 163
50 288 42 154
49 277 40 157
40 281 36 169
43 312 37 163
41 274 37 165
43 311 36 165
49 285 40 155
47 271 38 162
44 288 44 158
43 267 38 164
42 289 36 166
40 281 36 169
49 289 42 154
49 277 40 157
48 284 46 154
48 278 46 155
48 275 38 160
47 273 45 157
47 271 38 162
46 272 44 159
45 269 43 161
43 312 38 162
42 279 36 169
47 306 40 154
47 306 40 154
41 299 36 167
50 288 42 154
50 288 42 154
49 277 39 158
46 278 45 157
46 278 39 158
45 267 43 162
44 287 43 160
48 292 40 154
48 279 40 157
48 276 40 159
46 272 44 159
46 270 44 160
45 294 38 160
45 284 45 157
44 296 40 157
50 288 42 154
50 288 42 154
46 287 46 155
46 283 45 156
45 287 45 156
45 269 43 161
45 269 43 161
45 269 43 161
45 267 43 162
50 288 42 154
50 288 42 154
50 282 40 155
50 282 40 155
49 285 40 155
49 285 40 155
49 277 40 157
48 278 46 155
48 276 40 159
48 275 38 160
47 293 40 155
47 293 40 155
47 286 46 154
47 286 46 154
47 280 45 156
47 280 45 156
47 271 38 162
46 311 40 154
46 287 46 155
45 294 38 160
44 298 38 160
44 295 38 162
44 295 38 162
44 287 43 160
44 283 44 159
44 283 44 159
44 270 43 161
40 281 36 169
40 281 36 169
50 288 42 154
50 288 42 154
50 288 42 154
50 288 42 154
50 288 42 154
50 288 42 154
50 288 42 154
50 288 42 154
50 288 42 154
50 288 42 154
50 288 42 154
50 288 42 154
50 288 42 154
50 288 42 154
50 288 42 154
50 288 42 154
50 288 42 154
50 288 42 154
50 288 42 154
50 288 42 154
50 288 42 154
50 288 42 154
50 288 42 154
50 288 42 154
50 288 42 154
50 288 42 154
50 288 42 154
50 288 42 154
50 288 42 154
50 288 42 154
50 288 42 154
50 288 42 154
50 288 42 154
50 288 42 154
50 288 42 154
50 288 42 154
50 288 42 154
50 288 42 154
50 288 42 154
50 288 42 154
50 288 42 154
50 288 42 154
50 288 42 154
50 288 42 154
50 288 42 154
50 288 42 154
50 288 42 154
50 288 42 154
50 288 42 154
50 288 42 154
50 288 42 154
50 288 42 154
50 288 42 154
50 288 42 154
50 288 42 154
50 288 42 154
50 288 42 154
50 288 42 154
50 288 42 154
50 288 42 154
50 288 42 154
50 288 42 154
50 288 42 154
50 288 42 154
50 288 42 154
50 288 42 154
50 288 42 154
50 288 42 154
50 288 42 154
50 288 42 154
50 288 42 154
50 288 42 154
50 288 42 154
50 288 42 154
50 288 42 154
50 288 42 154
50 288 42 154
50 288 42 154
50 288 42 154
50 288 42 154
50 288 42 154
50 288 42 154
50 288 42 154
50 288 42 154
50 288 42 154
50 288 42 154
50 288 42 154
50 288 42 154
50 288 42 154
50 288 42 154
50 288 42 154
50 288 42 154
50 288 42 154
50 288 42 154
50 288 42 154
50 288 42 154
50 288 42 154
50 288 42 154
50 288 42 154
50 288 42 154
50 288 42 154
50 288 42 154
50 288 42 154
50 288 42 154
50 288 42 154
50 288 42 154
50 288 42 154
50 288 42 154
50 288 42 154
50 288 42 154
50 288 42 154
50 288 42 154
50 288 42 154
50 288 42 154
50 288 42 154
50 288 42 154
50 288 42 154
50 288 42 154
50 288 42 154
50 288 42 154
50 282 40 155
49 289 42 154
49 285 40 155
49 277 39 158
49 277 39 158
48 284 42 156
48 284 42 156
48 278 46 155
48 278 46 155
48 278 46 155
48 278 46 155
48 278 46 155
48 276 40 159
48 276 40 159
48 276 40 159
47 293 40 155
47 293 40 155
47 280 45 156
47 280 45 156
47 273 45 157
47 273 45 157
47 273 45 157
47 273 45 157
47 273 45 157
47 273 45 157
47 273 45 157
47 271 38 162
47 271 38 162
47 271 38 162
46 287 46 155
46 278 45 157
46 278 45 157
46 272 44 159
45 287 45 156
45 282 44 159
45 281 43 160
45 269 43 161
45 269 43 161
45 269 43 161
45 269 43 161
45 269 43 161
45 269 43 161
45 267 43 162
45 267 43 162
45 267 43 162
45 267 43 162
45 267 43 162
44 287 43 160
44 283 44 159
42 279 36 169
40 281 36 169
40 281 36 169
40 281 36 169
40 281 36 169
40 281 36 169
40 281 36 169
40 281 36 169
40 281 36 169
40 281 36 169
62 424 37 164
49 286 46 154
48 281 46 155
45 309 36 169
45 270 43 161
41 285 37 167
55 329 37 165
49 299 42 156
53 307 40 155
48 276 38 162
42 283 37 168
46 317 38 165
49 280 39 158
46 273 44 159
48 289 40 159
43 288 37 166
50 290 42 154
47 291 46 155
49 281 40 157
46 280 45 157
50 287 42 156
46 294 44 158
47 276 45 157
44 285 44 159
47 276 45 157
48 284 42 158
47 285 45 156
48 289 40 159
48 284 42 158
47 276 45 157
56 345 37 165
50 292 42 154
49 293 46 155
47 277 45 157
46 318 36 169
45 300 37 167
50 292 42 154
49 295 38 162
48 288 43 161
46 281 44 159
49 281 39 158
50 288 42 156
49 282 40 157
48 295 45 156
49 282 40 157
50 288 42 156
57 347 37 166
56 370 37 165
51 292 42 154
49 334 36 169
47 341 36 169
47 278 45 157
47 278 45 157
45 307 37 167
53 306 39 158
48 307 44 160
50 293 42 154
54 340 38 162
49 329 38 164
49 281 40 159
50 284 40 157
54 283 40 157
47 278 45 157
62 376 37 165
61 419 37 166
52 295 42 154
48 349 36 169
48 278 45 157
47 350 36 169
56 327 39 160
54 379 38 165
57 337 38 164
50 296 42 154
59 348 38 162
47 300 45 157
53 314 39 161
49 315 37 167
55 285 40 157
50 287 40 157
48 334 37 168
49 315 40 161
62 376 37 165
55 285 40 157
55 285 40 157
55 285 40 157
63 380 37 166
62 384 38 162
55 360 37 167
52 282 45 162
50 297 42 154
48 292 45 157
56 329 39 160
49 317 40 161
55 286 40 157
50 295 40 157
71 425 39 160
67 364 37 171
55 289 45 159
50 299 42 154
48 300 45 158
49 325 40 161
51 296 40 157
50 292 45 157
51 299 42 154
51 299 40 157
51 297 45 157
50 304 44 158
52 304 40 157
52 302 42 154
52 299 42 156
51 317 42 156
51 310 45 157
50 305 44 162
51 300 44 159
55 318 42 154
53 325 45 156
53 317 46 155
53 305 42 158
52 313 40 161
53 314 40 159
53 317 46 155
55 340 40 159
55 335 42 154
54 343 45 157
54 320 43 161
53 333 46 155
52 330 40 161
53 340 44 158
54 331 42 158
52 330 40 161
52 330 40 161
52 330 40 161
52 330 40 161
64 343 42 156
57 322 50 161
55 345 42 154
53 334 40 161
52 337 40 163
56 343 40 159
64 343 42 156
64 343 42 156
64 343 42 156
64 343 42 156
64 344 42 156
61 377 40 159
58 347 46 155
57 335 40 161
53 335 44 161
57 364 44 160
55 357 45 157
56 364 45 156
55 357 45 157
55 357 45 157
55 357 45 157
55 357 45 157
68 366 42 156
60 388 40 161
56 358 45 158
55 337 44 164
53 383 44 161
64 371 43 160
58 371 41 163
57 384 43 162
66 407 43 164
63 416 45 162
