54 0.885058
48 356 42 182
54 367 44 175
54 367 44 175
54 367 44 175
54 367 44 175
54 367 44 175
54 367 44 175
48 356 42 182
48 356 42 182
48 356 42 182
54 367 44 175
48 356 42 182
53 393 42 184
54 370 44 175
54 367 44 175
54 367 44 175
58 401 44 175
54 367 44 175
60 375 44 175
54 372 44 175
54 367 44 175
54 367 44 175
54 367 44 175
56 385 44 175
54 372 44 175
52 383 42 182
55 377 44 175
50 363 42 182
54 367 44 175
54 371 44 175
54 367 44 175
51 377 42 182
54 367 44 175
52 379 42 182
53 393 42 184
54 368 44 175
54 367 44 175
53 395 42 184
54 367 44 175
58 396 44 175
52 376 42 182
53 390 42 184
52 376 42 182
48 363 42 182
52 383 42 182
54 367 44 175
52 376 42 182
54 367 44 175
54 367 44 175
54 367 44 175
48 356 42 182
52 385 42 182
54 367 44 175
54 367 44 175
60 375 44 175
54 367 44 175
54 367 44 175
52 376 42 182
54 367 44 175
48 356 42 182
54 367 44 175
54 367 44 175
54 367 44 175
48 356 42 182
54 367 44 175
52 376 42 182
54 367 44 175
53 390 42 184
58 384 50 175
48 363 42 182
52 376 42 182
60 375 44 175
52 384 42 182
52 376 42 182
54 367 44 175
54 367 44 175
51 374 42 182
54 367 44 175
48 363 42 182
52 376 42 182
55 377 44 175
54 367 44 175
54 367 44 175
58 380 50 175
57 393 44 175
54 367 44 175
54 367 44 175
54 367 44 175
50 374 42 184
51 374 42 182
54 367 44 175
48 356 42 182
54 367 44 175
54 372 44 175
48 357 42 182
54 367 44 175
48 356 42 182
54 367 44 175
48 356 42 182
52 379 42 182
53 390 42 184
52 376 42 182
54 372 44 175
54 367 44 175
52 376 42 182
54 367 44 175
56 385 44 175
54 371 44 175
54 372 44 175
50 364 42 182
54 367 44 175
50 370 42 182
54 367 44 175
54 367 44 175
52 394 42 182
54 367 44 175
58 375 50 175
50 365 42 182
54 367 44 175
58 395 50 175
51 374 42 182
54 367 44 175
54 368 44 175
54 367 44 175
48 364 42 182
50 379 42 184
51 375 42 182
54 367 44 175
48 356 42 182
54 367 44 175
50 367 42 182
48 356 42 182
52 375 42 182
54 367 44 175
53 390 42 184
53 390 42 184
58 396 44 175
54 367 44 175
54 367 44 175
54 367 44 175
54 372 44 175
54 367 44 175
48 356 42 182
60 375 44 175
51 371 42 182
57 392 44 175
60 375 44 175
54 367 44 175
48 356 42 182
54 370 44 175
54 367 44 175
48 356 42 182
51 371 42 182
53 390 42 184
57 392 44 175
54 367 44 175
54 367 44 175
54 367 44 175
52 385 42 182
48 356 42 182
52 379 42 182
54 367 44 175
54 367 44 175
52 376 42 182
50 374 42 184
51 374 42 182
54 367 44 175
50 362 42 182
60 375 44 175
53 390 42 184
58 393 44 175
54 371 44 175
54 372 44 175
54 372 44 175
54 367 44 175
58 375 50 175
54 367 44 175
54 367 44 175
48 356 42 182
54 367 44 175
54 367 44 175
54 367 44 175
52 376 42 182
48 356 42 182
53 390 42 184
55 377 44 175
54 367 44 175
54 372 44 175
52 380 42 182
52 379 42 182
58 378 50 175
55 377 44 175
50 377 42 182
58 378 50 175
52 385 42 182
54 367 44 175
54 367 44 175
51 374 42 182
54 367 44 175
53 393 42 184
52 376 42 182
58 375 50 175
54 367 44 175
53 393 42 184
50 375 42 184
52 376 42 182
51 374 42 182
54 367 44 175
50 371 42 182
54 367 44 175
52 385 42 182
58 396 44 175
54 367 44 175
50 362 42 182
51 374 42 182
54 370 44 175
54 367 44 175
60 375 44 175
52 379 42 182
54 367 44 175
54 367 44 175
54 367 44 175
53 398 42 184
54 367 44 175
48 356 42 182
58 375 50 175
54 367 44 175
58 375 50 175
54 367 44 175
54 367 44 175
54 367 44 175
54 367 44 175
50 362 42 182
58 392 50 175
54 367 44 175
58 391 50 175
54 367 44 175
51 377 42 182
56 385 44 175
55 377 44 175
54 367 44 175
54 367 44 175
53 393 42 184
48 363 42 182
54 367 44 175
48 356 42 182
56 384 42 182
60 375 44 175
54 367 44 175
54 367 44 175
54 367 44 175
54 367 44 175
52 378 42 184
54 367 44 175
54 367 44 175
58 396 44 175
58 404 44 175
54 367 44 175
48 356 42 182
48 356 42 182
54 367 44 175
52 383 42 182
58 380 50 175
58 375 50 175
58 378 50 175
51 381 42 182
51 374 42 182
54 367 44 175
54 367 44 175
52 374 42 182
54 367 44 175
54 367 44 175
52 376 42 182
55 400 42 184
52 376 42 182
53 395 42 184
52 386 42 182
54 372 44 175
48 356 42 182
54 367 44 175
54 367 44 175
52 383 42 182
48 356 42 182
54 367 44 175
54 372 44 175
54 367 44 175
48 356 42 182
52 376 42 182
51 378 42 182
48 356 42 182
50 365 42 182
54 367 44 175
53 390 42 184
54 367 44 175
50 363 42 182
52 368 42 182
52 376 42 182
54 367 44 175
54 375 44 175
54 367 44 175
54 367 44 175
54 367 44 175
54 367 44 175
54 367 44 175
50 366 42 182
58 395 50 175
48 363 42 182
51 374 42 182
54 367 44 175
54 371 44 175
48 356 42 182
56 384 42 182
58 396 50 175
54 367 44 175
54 367 44 175
54 367 44 175
54 367 44 175
48 356 42 182
48 356 42 182
52 376 42 182
52 376 42 182
54 367 44 175
54 372 44 175
48 356 42 182
54 367 44 175
54 367 44 175
53 394 42 182
51 374 42 182
54 367 44 175
54 367 44 175
54 367 44 175
48 356 42 182
54 367 44 175
58 375 50 175
58 375 50 175
61 385 44 175
53 398 42 184
54 390 44 175
58 380 50 175
52 380 42 184
56 377 44 175
50 371 42 182
52 376 42 182
58 375 50 175
58 392 50 175
50 362 42 182
54 367 44 175
52 383 42 182
56 389 44 175
54 367 44 175
53 389 42 182
54 371 44 175
54 367 44 175
54 367 44 175
54 367 44 175
54 367 44 175
54 367 44 175
52 376 42 182
51 374 42 182
54 370 44 175
52 375 42 182
54 367 44 175
54 371 44 175
51 374 42 182
56 385 44 175
58 380 50 175
51 371 42 182
52 376 42 182
58 379 50 175
54 368 44 175
54 367 44 175
58 375 50 175
54 367 44 175
54 367 44 175
53 390 42 184
58 408 44 175
52 376 42 182
60 375 44 175
48 357 42 182
48 357 42 182
54 367 44 175
54 367 44 175
58 390 50 175
54 367 44 175
56 385 44 175
54 367 44 175
54 370 44 175
51 371 42 182
48 356 42 182
54 367 44 175
48 356 42 182
58 392 50 175
54 371 44 175
56 386 44 175
54 372 44 175
50 374 42 184
51 377 42 182
54 372 44 175
54 367 44 175
48 356 42 182
53 394 42 182
54 367 44 175
48 356 42 182
54 371 44 175
48 356 42 182
58 391 50 175
52 376 42 182
55 377 44 175
54 367 44 175
58 396 44 175
54 367 44 175
48 357 42 182
55 382 44 175
52 376 42 182
54 367 44 175
54 367 44 175
54 367 44 175
48 356 42 182
51 374 42 182
56 385 44 175
53 396 42 184
58 396 44 175
53 390 42 184
54 367 44 175
58 375 50 175
56 391 44 175
54 367 44 175
53 389 42 182
55 377 44 175
50 366 42 182
54 367 44 175
54 367 44 175
54 367 44 175
54 367 44 175
54 367 44 175
51 374 42 182
48 356 42 182
48 356 42 182
52 383 42 182
48 356 42 182
54 367 44 175
54 372 44 175
54 367 44 175
50 362 42 182
50 374 42 184
54 367 44 175
54 368 44 175
54 367 44 175
52 379 42 182
50 378 42 184
48 356 42 182
51 375 42 182
50 362 42 182
52 375 42 182
58 380 50 175
52 379 42 182
54 368 44 175
48 356 42 182
54 375 44 175
54 367 44 175
54 371 44 175
54 371 44 175
54 367 44 175
52 380 42 182
56 385 44 175
54 372 44 175
54 367 44 175
54 367 44 175
54 367 44 175
51 374 42 182
58 396 44 175
58 375 50 175
58 395 50 175
54 367 44 175
54 367 44 175
54 372 44 175
48 363 42 182
54 367 44 175
54 367 44 175
54 367 44 175
