1321 3.2911
49 369 45 177
64 465 41 181
58 464 47 174
53 405 52 178
53 432 47 174
57 455 45 187
66 528 41 181
54 399 45 177
54 409 46 184
52 389 46 179
54 418 45 177
54 420 46 179
58 466 45 176
59 444 52 184
53 386 43 178
61 439 43 179
52 406 41 181
62 492 52 182
52 409 46 179
50 393 45 177
54 424 45 176
63 453 45 190
57 437 47 175
50 372 46 177
50 376 41 181
59 435 45 178
54 419 43 179
57 447 45 177
65 528 41 181
54 420 46 177
54 458 47 179
59 449 52 180
70 551 46 193
61 442 43 178
60 441 43 183
63 452 47 175
61 474 47 175
49 381 46 179
53 397 46 176
61 456 52 184
57 441 43 179
54 418 43 179
63 471 43 178
61 460 46 179
60 464 46 183
53 402 47 176
58 454 45 176
55 424 43 179
59 423 45 176
52 391 47 174
56 433 45 177
57 450 45 176
57 458 43 179
62 497 45 177
54 421 46 176
71 474 46 177
58 435 46 178
54 401 45 177
52 405 47 175
58 442 43 179
63 474 46 179
56 436 43 179
50 379 45 176
57 460 46 179
54 414 47 175
56 476 45 176
57 451 46 179
55 438 45 176
61 461 47 177
52 407 45 177
57 439 43 179
52 388 45 176
62 436 43 179
56 440 46 178
74 510 47 174
56 443 43 178
67 537 47 176
60 456 45 177
61 491 46 177
58 426 52 179
50 372 43 179
54 431 46 176
55 410 46 177
64 506 52 174
58 442 46 181
58 425 44 183
58 456 52 179
56 449 43 179
58 437 44 188
56 436 52 176
64 486 52 180
53 425 43 179
51 408 47 174
69 492 43 179
78 582 46 188
55 428 46 175
56 445 44 183
54 405 47 174
55 430 43 179
60 468 41 186
