13 0.0996894
63 520 39 168
63 520 39 168
65 411 42 168
57 454 40 167
64 434 44 165
63 520 39 168
63 520 39 168
56 429 50 170
57 440 45 167
63 520 39 168
58 444 40 165
55 434 52 163
57 418 40 171
52 405 40 172
59 442 40 166
63 520 39 168
63 520 39 168
65 411 42 168
59 441 45 166
56 435 46 170
55 434 52 163
63 520 39 168
58 431 45 167
54 448 45 167
63 520 39 168
67 525 45 161
69 475 40 162
58 508 39 178
54 446 44 169
57 454 40 167
63 520 39 168
63 520 39 168
62 507 40 163
63 520 39 168
64 434 44 165
56 435 46 170
52 405 40 172
55 434 52 163
63 520 39 168
63 510 38 170
56 440 44 169
61 446 45 163
55 434 52 163
63 520 39 168
59 442 40 166
60 482 39 175
57 440 45 167
65 476 38 171
61 486 39 173
59 441 45 166
63 520 39 168
55 434 52 163
65 411 42 168
60 464 39 183
62 459 38 173
59 442 52 158
59 442 40 166
65 451 42 165
58 452 40 165
57 442 40 171
57 442 40 171
57 442 40 171
57 442 40 171
57 442 40 171
57 442 40 171
61 439 50 167
73 545 46 161
69 523 45 162
54 448 51 170
66 522 44 164
66 522 44 164
74 568 40 164
66 522 44 164
74 568 40 164
66 522 44 164
73 508 42 163
61 440 42 177
54 431 43 192
61 440 42 177
52 439 45 181
54 431 43 192
56 448 42 181
52 439 45 181
58 425 45 172
61 440 42 177
54 430 49 182
52 439 45 181
59 419 49 178
63 429 40 177
54 431 43 192
61 440 42 177
54 431 43 192
56 423 43 173
54 431 43 192
55 433 48 176
56 448 42 181
55 453 44 174
54 430 49 182
56 448 42 181
54 431 43 192
55 433 50 174
54 430 49 182
52 439 45 181
60 425 42 182
56 423 43 173
56 423 43 173
63 513 39 171
64 518 38 171
64 497 46 164
70 508 45 163
60 484 39 179
60 484 39 179
60 484 39 179
60 484 39 179
60 484 39 179
60 484 39 179
60 484 39 179
60 484 39 179
60 484 39 179
60 484 39 179
60 484 39 179
60 484 39 179
60 484 39 179
60 484 39 179
60 484 39 179
58 445 46 170
58 445 46 170
67 548 39 170
55 458 52 168
66 438 42 173
66 438 42 173
66 438 42 173
66 438 42 173
66 438 42 173
66 490 39 177
66 490 39 177
66 490 39 177
65 459 38 186
65 495 39 174
66 490 39 177
66 490 39 177
74 576 52 159
64 510 52 163
64 510 52 163
66 493 58 162
66 448 40 167
66 448 40 167
62 446 52 166
62 446 52 166
62 446 52 166
62 446 52 166
66 448 40 167
58 440 58 173
54 490 49 190
58 429 55 182
54 433 43 192
74 577 52 159
76 516 42 164
65 532 38 182
70 593 51 164
71 524 45 162
73 516 44 164
54 490 49 190
66 448 40 169
59 486 40 166
57 445 45 174
59 433 50 172
58 452 46 171
56 439 48 176
68 519 39 177
65 497 39 179
58 429 55 182
