60 0.16688
64 422 39 170
61 429 37 176
59 418 45 170
59 418 45 170
55 417 37 178
53 381 39 181
51 367 43 180
50 384 44 176
63 428 39 170
56 414 38 176
55 413 43 178
51 396 44 173
55 413 43 178
60 396 38 171
54 423 38 174
52 368 44 178
53 381 39 181
54 390 44 174
51 380 44 175
55 413 43 178
57 384 44 172
51 379 44 178
57 425 43 173
51 385 43 179
53 394 39 179
53 383 37 180
55 423 45 172
51 379 44 178
51 367 43 180
53 383 37 180
59 418 45 170
55 423 45 172
51 385 43 179
51 367 43 180
59 418 45 170
58 413 37 178
57 384 44 172
52 368 44 178
54 390 44 174
59 418 45 170
58 413 37 178
55 423 45 172
55 423 45 172
53 381 39 181
51 367 43 180
51 367 43 180
59 418 45 170
55 417 37 178
55 423 45 172
55 423 45 172
55 417 37 178
53 381 39 181
51 385 43 179
51 379 44 178
51 367 43 180
59 418 45 170
59 418 45 170
59 418 45 170
59 418 45 170
59 418 45 170
59 418 45 170
59 418 45 170
59 418 45 170
59 418 45 170
59 418 45 170
59 418 45 170
59 418 45 170
59 418 45 170
59 418 45 170
59 418 45 170
59 418 45 170
59 418 45 170
59 418 45 170
59 418 45 170
59 418 45 170
59 418 45 170
59 418 45 170
59 418 45 170
59 418 45 170
59 418 45 170
59 418 45 170
59 418 45 170
59 418 45 170
59 418 45 170
59 418 45 170
59 418 45 170
59 418 45 170
59 418 45 170
59 418 45 170
59 418 45 170
59 418 45 170
59 418 45 170
59 418 45 170
59 418 45 170
59 418 45 170
58 413 37 178
57 384 44 172
57 384 44 172
55 423 45 172
55 423 45 172
55 423 45 172
55 423 45 172
55 423 45 172
55 423 45 172
55 423 45 172
55 423 45 172
55 423 45 172
55 423 45 172
55 423 45 172
55 423 45 172
55 423 45 172
55 423 45 172
55 423 45 172
55 423 45 172
55 423 45 172
55 423 45 172
55 423 45 172
55 423 45 172
55 423 45 172
55 423 45 172
55 423 45 172
55 423 45 172
55 423 45 172
55 423 45 172
55 423 45 172
55 423 45 172
55 423 45 172
55 417 37 178
55 417 37 178
55 417 37 178
55 417 37 178
55 413 43 178
55 413 43 178
55 413 43 178
55 413 43 178
55 413 43 178
55 413 43 178
55 413 43 178
55 413 43 178
55 413 43 178
55 413 43 178
55 413 43 178
55 413 43 178
55 413 43 178
55 413 43 178
55 413 43 178
55 413 43 178
54 423 38 174
53 381 39 181
53 381 39 181
53 381 39 181
53 381 39 181
53 381 39 181
53 381 39 181
53 381 39 181
52 368 44 178
52 368 44 178
52 368 44 178
52 368 44 178
51 379 44 178
51 379 44 178
51 379 44 178
51 367 43 180
51 367 43 180
51 367 43 180
51 367 43 180
51 367 43 180
51 367 43 180
51 367 43 180
51 367 43 180
51 367 43 180
51 367 43 180
51 367 43 180
51 367 43 180
51 367 43 180
51 367 43 180
51 367 43 180
51 367 43 180
66 466 37 176
59 419 45 170
53 384 39 182
51 389 43 179
51 368 43 180
64 430 39 170
51 389 43 179
57 394 39 179
66 466 37 176
60 401 38 172
54 434 43 176
53 387 37 180
59 419 45 170
54 434 43 176
52 370 44 178
60 404 38 171
60 404 38 171
58 414 37 178
54 392 44 174
56 423 43 175
57 394 39 179
56 415 38 176
52 404 44 173
52 404 44 173
54 427 43 177
54 427 43 177
51 389 44 175
53 387 37 180
60 401 38 172
58 414 37 178
57 433 43 173
57 394 39 179
57 394 39 179
54 434 43 176
52 404 44 173
52 396 44 174
52 396 44 174
51 389 44 175
58 414 37 178
60 404 38 171
58 414 37 178
57 394 39 179
57 394 39 179
56 415 38 176
52 404 44 173
51 389 43 179
52 396 44 174
56 423 43 175
56 423 43 175
56 415 38 176
60 401 38 172
57 433 43 173
52 404 44 173
57 394 39 179
57 394 39 179
54 392 44 174
53 387 37 180
52 396 44 174
52 370 44 178
57 433 43 173
56 415 38 176
66 466 37 176
66 466 37 176
66 466 37 176
60 404 38 171
60 404 38 171
60 404 38 171
60 404 38 171
58 414 37 178
58 414 37 178
58 414 37 178
58 414 37 178
58 414 37 178
58 414 37 178
58 414 37 178
58 414 37 178
57 433 43 173
57 433 43 173
57 433 43 173
57 433 43 173
57 433 43 173
57 433 43 173
57 394 39 179
57 394 39 179
57 394 39 179
57 394 39 179
57 394 39 179
57 394 39 179
57 394 39 179
57 394 39 179
57 394 39 179
57 394 39 179
57 394 39 179
57 394 39 179
57 394 39 179
57 394 39 179
57 394 39 179
57 394 39 179
57 394 39 179
57 394 39 179
57 394 39 179
57 394 39 179
57 394 39 179
57 394 39 179
57 394 39 179
57 394 39 179
57 394 39 179
57 394 39 179
57 394 39 179
56 423 43 175
56 423 43 175
56 423 43 175
56 423 43 175
56 423 43 175
56 415 38 176
56 415 38 176
56 415 38 176
56 415 38 176
54 434 43 176
54 434 43 176
54 434 43 176
54 434 43 176
54 434 43 176
54 434 43 176
54 427 43 177
54 392 44 174
53 387 37 180
52 404 44 173
52 404 44 173
52 404 44 173
52 404 44 173
52 404 44 173
52 404 44 173
51 389 44 175
51 389 44 175
51 389 44 175
51 389 44 175
51 389 44 175
51 389 44 175
51 389 44 175
51 389 44 175
70 504 37 176
64 435 39 170
55 406 37 180
53 397 50 177
53 385 39 182
59 443 43 173
60 427 45 170
64 436 38 172
64 433 39 171
58 415 37 178
57 398 39 179
55 429 44 176
56 416 38 176
64 436 39 170
64 436 39 170
63 451 45 170
58 432 51 177
57 417 37 180
54 432 50 178
56 441 43 176
59 450 43 173
60 438 51 175
57 434 48 177
64 436 39 170
64 436 39 170
57 434 48 177
64 436 39 170
64 436 39 170
64 436 39 170
64 436 39 170
64 436 39 170
64 436 39 170
64 436 39 170
64 436 39 170
64 436 39 170
64 436 39 170
64 436 39 170
64 436 39 170
64 436 39 170
64 436 39 170
64 436 39 170
64 436 39 170
64 436 39 170
64 436 39 170
64 436 39 170
64 436 39 170
64 436 39 170
64 436 39 170
64 436 39 170
64 436 39 170
64 436 39 170
64 436 39 170
64 436 39 170
64 436 39 170
64 436 39 170
64 436 39 170
64 436 39 170
64 436 39 170
64 436 39 170
64 436 39 170
64 436 39 170
64 436 39 170
64 436 39 170
64 436 39 170
64 436 39 170
64 436 39 170
64 436 39 170
65 436 39 170
65 436 39 170
57 450 44 176
64 437 39 170
64 437 39 170
64 437 39 170
64 444 39 170
60 453 44 182
66 460 39 170
64 463 45 170
