10 1.19612
80 567 46 159
65 511 64 158
56 424 37 173
54 384 40 180
52 386 40 181
49 418 45 177
68 517 40 160
59 502 58 160
51 431 50 172
72 553 38 165
52 445 46 162
72 553 38 165
57 414 52 169
56 455 44 167
63 496 37 170
57 477 39 166
60 482 39 164
55 454 45 167
63 516 39 161
56 424 38 170
61 457 44 165
56 428 52 161
53 394 40 180
65 461 38 169
54 405 44 179
61 450 45 162
56 419 40 175
62 465 38 166
52 386 40 181
60 482 39 164
56 454 44 168
49 418 45 177
53 414 45 172
58 413 40 178
56 419 40 175
49 418 45 177
59 468 39 166
54 384 40 180
54 384 40 180
49 418 45 177
53 409 44 178
60 411 40 179
59 468 39 166
58 431 45 164
60 411 40 179
59 468 39 166
52 386 40 181
59 468 39 166
57 414 52 169
52 386 40 181
56 419 40 175
60 460 39 166
59 468 39 166
56 427 52 169
54 465 44 175
54 384 40 180
53 409 44 178
52 386 40 181
56 427 52 169
59 468 39 166
59 468 39 166
59 468 39 166
59 468 39 166
59 468 39 166
59 468 39 166
59 468 39 166
59 468 39 166
59 468 39 166
59 468 39 166
59 468 39 166
54 384 40 180
53 409 44 178
52 386 40 181
52 386 40 181
49 418 45 177
49 418 45 177
81 577 46 159
69 614 52 161
66 542 37 171
64 524 64 160
54 386 40 182
52 426 50 197
52 426 50 197
69 583 58 161
77 600 40 160
53 419 50 187
74 558 39 162
69 583 58 161
58 424 52 169
61 430 42 179
52 427 50 195
59 474 46 163
52 427 50 195
57 509 51 162
75 500 42 164
63 457 45 164
54 388 40 180
53 415 50 197
55 461 51 163
76 529 46 160
81 577 46 159
66 542 37 171
62 481 45 162
66 493 38 166
60 471 39 166
57 444 43 174
66 493 38 166
52 432 45 177
56 454 44 172
59 468 39 172
58 424 52 169
81 577 46 159
57 418 46 173
60 433 38 170
56 428 52 165
60 433 38 170
56 451 43 173
59 445 45 165
58 444 39 173
52 432 45 177
59 479 39 166
53 421 40 180
57 461 46 164
57 446 45 170
54 388 40 180
52 426 50 197
56 454 44 172
59 479 39 166
58 442 46 169
57 435 40 177
57 461 46 164
52 426 50 197
52 426 50 197
66 493 38 166
81 577 46 159
69 583 58 161
66 542 37 171
57 444 43 174
54 388 40 180
60 471 39 166
53 415 50 197
54 388 40 180
52 426 50 197
81 577 46 159
81 577 46 159
81 577 46 159
69 583 58 161
69 583 58 161
69 583 58 161
69 583 58 161
66 542 37 171
66 542 37 171
66 493 38 166
66 493 38 166
66 493 38 166
58 424 52 169
58 424 52 169
57 461 46 164
56 454 44 172
54 388 40 180
54 388 40 180
54 388 40 180
54 388 40 180
54 388 40 180
54 388 40 180
54 388 40 180
54 388 40 180
54 388 40 180
54 388 40 180
54 388 40 180
54 388 40 180
52 426 50 197
52 426 50 197
52 426 50 197
52 426 50 197
52 426 50 197
52 426 50 197
52 426 50 197
52 426 50 197
52 426 50 197
52 426 50 197
52 426 50 197
52 426 50 197
52 426 50 197
52 426 50 197
52 426 50 197
52 426 50 197
52 426 50 197
52 426 50 197
52 426 50 197
52 426 50 197
52 426 50 197
52 426 50 197
52 426 50 197
52 426 50 197
52 426 50 197
52 426 50 197
52 426 50 197
52 426 50 197
52 426 50 197
52 426 50 197
52 426 50 197
77 537 46 161
73 636 51 164
65 539 64 160
65 444 38 172
54 401 40 180
53 418 50 197
52 452 50 197
70 599 58 162
53 437 50 181
58 465 58 163
56 470 52 163
53 435 43 189
65 539 64 160
72 612 58 161
76 560 46 165
53 435 43 189
72 553 38 166
63 439 38 176
76 596 46 164
64 507 44 166
54 401 40 180
65 527 64 162
76 560 46 165
76 560 46 165
56 432 45 177
66 483 39 166
59 425 52 169
62 480 44 167
57 476 46 170
66 494 38 167
67 477 40 167
53 435 43 189
66 448 39 171
59 451 45 168
59 440 40 179
60 450 45 169
65 545 39 169
62 443 45 173
64 437 51 173
64 438 51 171
60 450 45 169
57 476 46 170
58 470 44 172
56 459 45 172
61 454 38 170
67 477 40 167
64 437 51 173
61 454 38 170
52 452 50 197
65 459 45 166
53 447 45 177
64 437 51 173
56 432 45 177
53 418 50 197
76 560 46 165
65 539 64 160
56 459 45 172
65 539 64 160
76 560 46 165
76 560 46 165
76 560 46 165
76 560 46 165
65 539 64 160
65 539 64 160
65 539 64 160
65 539 64 160
65 539 64 160
65 539 64 160
64 437 51 173
64 437 51 173
64 437 51 173
64 437 51 173
57 476 46 170
57 476 46 170
53 435 43 189
53 435 43 189
53 435 43 189
80 561 52 161
72 619 58 161
65 545 64 160
65 539 64 162
61 455 38 170
55 402 40 180
54 433 50 193
54 424 44 195
69 505 52 165
68 603 52 163
59 437 56 173
63 492 50 169
78 580 46 165
78 580 46 165
66 584 57 163
72 619 58 161
66 484 42 166
61 472 51 169
63 444 52 174
58 469 58 163
56 503 51 176
56 450 45 177
65 482 45 166
66 502 39 166
64 439 51 173
60 457 46 176
54 462 50 178
60 487 44 172
65 454 44 174
58 492 44 172
54 462 50 178
78 580 46 165
78 580 46 165
78 580 46 165
78 580 46 165
78 580 46 165
72 619 58 161
77 639 64 160
62 456 38 170
57 411 44 180
55 431 40 181
55 417 50 197
69 583 57 165
68 595 64 162
56 414 46 183
60 470 58 167
73 629 58 161
64 445 57 173
69 531 46 166
65 448 51 173
56 414 46 183
70 503 39 166
61 456 52 173
73 629 58 161
57 490 45 177
66 530 44 167
61 459 42 177
61 462 40 171
66 517 39 168
62 456 38 170
60 496 46 175
68 513 39 167
59 475 58 163
69 509 39 167
58 492 44 177
66 509 57 167
61 459 42 177
59 475 58 163
59 475 58 163
60 496 46 175
56 414 46 183
58 492 44 177
73 629 58 161
56 414 46 183
74 639 58 161
62 461 38 170
59 423 46 183
56 439 49 197
67 525 45 168
63 491 58 163
57 430 51 184
64 459 42 179
61 511 42 193
60 496 44 178
57 446 43 189
59 446 44 181
80 545 58 168
73 562 58 164
66 478 38 170
65 555 64 163
63 453 44 182
60 506 44 193
59 486 49 188
65 516 64 165
63 468 57 175
61 492 45 189
63 464 40 184
62 472 39 171
63 470 40 173
63 488 38 172
74 511 38 172
72 643 64 163
71 610 70 163
68 475 40 175
65 510 38 174
62 476 43 174
62 475 44 178
69 526 44 170
70 493 56 170
63 523 50 171
73 628 58 165
65 524 64 166
64 485 39 171
62 501 43 173
65 525 64 165
72 643 64 163
65 525 64 165
62 487 44 172
72 643 64 163
72 643 64 163
83 609 41 174
79 649 58 166
68 517 38 179
66 476 44 175
65 552 64 165
65 492 40 183
62 481 44 178
78 632 51 170
72 569 42 173
63 477 51 175
71 505 43 171
68 542 43 172
64 495 45 174
62 499 44 172
64 495 40 175
86 606 48 171
77 641 50 171
72 530 41 176
71 514 51 173
65 485 44 179
63 486 44 182
65 502 42 179
63 520 44 172
78 613 45 173
76 666 50 175
75 586 57 173
70 545 43 181
68 520 51 175
65 530 45 177
73 560 44 176
71 564 45 176
80 628 50 180
77 619 45 182
74 574 51 176
65 546 50 192
74 611 52 176
77 628 55 191
63 425 38 170
62 472 42 160
59 473 41 165
54 394 37 182
54 394 37 182
54 394 37 182
51 426 51 170
49 402 44 172
56 432 46 162
53 438 45 163
58 444 40 167
56 458 38 170
54 426 37 174
54 414 41 166
49 402 44 172
57 429 38 168
54 428 38 173
51 405 39 174
56 447 39 166
51 405 39 174
49 402 44 172
55 428 37 172
53 426 44 168
53 426 44 168
54 394 37 182
49 402 44 172
58 428 37 170
51 405 39 174
54 394 37 182
54 394 37 182
54 394 37 182
51 405 39 174
64 473 45 164
59 403 37 182
58 468 46 162
54 480 45 167
53 442 52 166
50 430 50 172
57 454 42 168
59 449 47 164
53 409 43 176
63 460 45 165
51 448 43 175
60 406 43 180
56 415 39 174
54 416 51 170
58 474 38 173
62 466 45 166
60 468 37 172
51 405 44 172
57 428 37 179
58 468 46 162
57 475 37 174
63 434 45 166
58 455 40 167
59 433 38 168
53 442 52 166
53 426 45 168
57 462 37 175
54 403 51 180
58 455 40 167
53 426 45 168
56 415 43 167
63 460 37 171
58 465 46 166
59 480 39 166
63 471 39 166
56 450 39 170
50 404 45 175
53 428 44 168
57 462 37 175
58 455 40 167
56 450 39 170
54 416 51 170
53 426 45 168
54 403 51 180
56 450 39 170
63 471 39 166
56 450 39 170
53 426 45 168
63 471 39 166
51 427 51 170
59 433 38 168
63 471 39 166
63 471 39 166
63 471 39 166
63 471 39 166
59 433 38 168
58 468 46 162
58 468 46 162
58 468 46 162
56 450 39 170
56 450 39 170
56 442 39 172
54 480 45 167
54 416 51 170
54 416 51 170
54 403 51 180
53 442 52 166
65 444 45 166
62 475 37 174
60 489 39 166
59 438 42 186
51 454 51 170
50 406 45 177
58 428 45 167
56 424 50 168
53 462 43 182
57 459 43 169
62 448 37 179
51 416 51 172
60 485 51 166
55 464 43 175
55 472 45 170
54 477 43 175
60 489 39 166
59 438 42 186
59 438 42 186
56 454 39 170
58 471 37 180
57 449 45 167
54 438 51 170
53 480 44 171
59 443 38 168
63 440 43 181
58 474 43 168
62 448 37 179
63 440 43 181
60 489 39 166
56 443 43 176
62 475 37 174
61 477 37 172
56 426 45 171
52 416 44 172
59 438 42 186
56 424 50 168
61 477 37 172
56 446 39 172
59 445 37 181
60 441 43 171
53 480 44 171
52 416 44 172
61 477 37 172
59 438 42 186
52 441 51 170
52 441 51 170
52 441 51 170
53 480 44 171
62 475 37 174
56 446 39 172
52 441 51 170
52 441 51 170
62 475 37 174
62 475 37 174
62 475 37 174
62 475 37 174
61 477 37 172
61 477 37 172
61 477 37 172
60 489 39 166
60 489 39 166
60 489 39 166
60 489 39 166
59 438 42 186
59 438 42 186
59 438 42 186
56 446 39 172
56 446 39 172
56 446 39 172
56 446 39 172
56 446 39 172
56 424 50 168
56 424 50 168
56 424 50 168
52 441 51 170
52 441 51 170
52 441 51 170
52 441 51 170
52 441 51 170
52 441 51 170
52 441 51 170
52 441 51 170
52 441 51 170
52 441 51 170
52 441 51 170
52 441 51 170
52 441 51 170
52 441 51 170
52 441 51 170
68 528 40 166
66 515 37 174
63 518 45 166
58 448 43 183
53 443 51 170
50 409 45 177
50 409 45 177
53 421 50 174
67 510 40 167
58 441 45 168
59 487 39 168
55 508 43 176
59 469 37 181
57 458 45 171
61 486 38 179
63 507 37 177
57 483 45 168
52 470 44 172
60 465 44 168
60 450 43 176
58 512 45 167
53 426 44 172
62 474 38 168
56 422 45 172
62 452 38 170
61 452 39 168
52 449 51 170
54 472 43 182
53 426 44 172
58 450 43 178
63 486 37 179
56 454 39 172
63 486 37 179
60 465 39 170
54 472 43 182
60 450 43 176
55 508 43 176
60 450 43 176
58 448 43 183
60 450 43 176
54 472 43 182
60 450 43 176
56 422 45 172
60 450 43 176
60 450 43 176
60 450 43 176
60 450 43 176
60 450 43 176
60 450 43 176
60 450 43 176
60 450 43 176
60 450 43 176
60 450 43 176
55 508 43 176
55 508 43 176
54 472 43 182
53 426 44 172
78 600 40 167
73 537 51 166
65 452 42 186
60 476 37 181
54 413 51 178
52 454 51 170
72 541 51 166
55 423 49 183
68 518 37 176
57 439 46 182
77 524 38 169
58 424 46 184
62 453 40 173
57 428 49 179
60 504 45 168
65 478 44 170
56 424 50 172
63 482 39 170
62 533 45 167
58 468 45 170
56 455 39 172
66 538 38 168
53 443 44 174
72 541 51 166
64 480 40 169
67 486 39 169
58 427 44 179
60 476 37 181
63 503 40 169
68 496 38 171
61 447 45 168
65 508 38 172
66 538 38 168
53 452 51 171
54 443 44 172
60 491 39 170
53 431 51 181
62 453 40 173
60 476 37 181
62 453 40 173
60 476 37 181
68 496 38 171
65 487 39 168
56 455 39 172
72 541 51 166
62 453 40 173
60 476 37 181
60 476 37 181
60 476 37 181
60 476 37 181
60 476 37 181
60 476 37 181
60 476 37 181
77 564 38 170
76 593 38 170
70 582 37 177
64 533 45 167
54 413 51 180
53 446 44 187
74 569 43 168
57 434 50 173
59 496 47 170
56 456 41 173
58 433 50 184
74 547 37 176
58 436 46 181
75 532 40 169
67 528 45 169
60 433 51 178
71 563 37 179
66 503 39 170
62 501 50 169
57 477 51 170
60 480 37 181
55 443 44 172
70 582 37 177
56 457 39 172
61 425 50 172
60 492 39 171
58 442 50 172
77 508 38 171
54 417 51 179
54 413 51 180
68 520 38 171
73 551 37 177
73 551 37 177
69 509 44 169
68 520 38 171
56 457 39 172
61 508 39 170
68 520 38 171
56 457 39 172
69 509 44 169
68 520 38 171
56 457 39 172
56 457 39 172
56 457 39 172
54 413 51 180
54 413 51 180
54 413 51 180
54 413 51 180
54 413 51 180
77 606 45 168
73 552 37 177
59 446 45 183
57 424 51 180
55 468 52 174
57 484 51 170
59 438 46 182
71 534 38 176
75 557 39 171
64 508 44 171
73 582 38 173
64 510 41 170
60 520 45 171
62 456 41 175
56 454 44 172
74 542 38 174
73 552 37 177
57 458 39 172
56 438 51 181
64 513 38 181
74 579 37 176
57 447 44 172
62 456 41 175
73 552 37 177
74 579 37 176
73 552 37 177
73 552 37 177
73 582 37 177
73 582 37 177
64 532 43 170
61 448 44 184
60 484 51 170
56 481 45 175
57 459 50 177
57 462 39 176
59 454 51 172
58 461 39 172
80 669 43 170
76 596 37 177
68 537 44 170
62 461 44 180
60 460 51 172
58 466 39 180
79 652 39 172
67 564 43 171
62 475 41 178
62 497 39 174
64 473 40 173
60 481 39 176
61 512 39 173
65 504 39 173
65 479 42 172
61 486 42 173
58 463 43 172
76 601 40 173
75 633 39 175
71 537 44 170
69 518 39 177
68 541 49 170
63 481 41 183
58 466 44 172
74 602 43 171
62 474 42 180
66 556 39 177
59 500 43 176
60 481 43 178
61 519 43 172
62 469 43 177
62 485 43 176
78 589 45 172
76 629 45 170
68 547 41 183
63 492 42 186
59 485 50 172
59 474 49 184
65 499 46 173
66 537 44 177
62 480 43 179
71 576 42 179
70 527 49 172
71 567 43 175
67 560 43 176
91 781 51 171
62 510 43 180
60 517 50 176
68 550 49 183
65 550 51 176
80 602 56 177
70 537 38 172
69 485 51 162
63 513 51 164
58 425 38 176
56 379 44 169
50 413 43 190
50 410 48 194
52 424 43 178
58 406 43 189
60 450 39 170
51 392 44 166
56 379 44 169
59 451 39 166
58 406 43 189
50 442 50 174
62 449 44 165
60 423 39 176
50 442 50 174
58 406 43 189
50 448 50 170
50 442 50 174
60 423 39 176
60 423 39 176
50 448 50 170
58 406 43 189
50 442 50 174
50 442 50 174
68 495 39 169
65 512 44 165
64 425 38 178
57 384 55 180
50 443 50 174
50 411 48 194
66 483 42 169
54 448 51 166
58 418 43 189
54 424 43 192
56 440 43 184
60 390 49 186
60 435 38 176
62 464 39 170
60 509 43 172
58 473 44 168
51 400 44 169
59 458 45 166
60 469 43 173
56 441 45 168
63 456 39 170
56 449 43 180
68 495 39 169
57 391 44 169
62 462 44 167
51 400 44 169
63 452 44 167
54 439 43 187
54 439 43 187
62 462 44 167
62 464 39 170
68 495 39 169
68 495 39 169
68 495 39 169
68 495 39 169
62 462 44 167
51 400 44 169
51 400 44 169
51 400 44 169
69 510 39 169
68 526 51 165
63 457 38 176
60 392 49 183
59 455 57 166
50 416 48 194
50 416 48 194
63 474 39 170
62 484 42 177
57 397 55 184
63 467 40 174
60 440 42 191
50 416 48 194
56 410 49 186
52 416 45 192
59 456 51 166
53 412 44 169
61 460 45 168
55 406 50 171
54 444 43 187
52 418 50 178
63 453 43 180
62 465 44 167
57 404 50 171
58 422 43 189
54 426 43 192
62 469 43 179
58 450 43 184
58 395 56 182
61 469 50 166
60 469 43 182
58 422 43 189
63 457 38 176
58 407 44 176
54 426 43 192
58 395 56 182
54 426 43 192
58 395 56 182
63 457 38 176
59 456 51 166
58 395 56 182
62 471 43 171
63 457 38 176
59 456 51 166
63 457 38 176
63 457 38 176
63 457 38 176
59 456 51 166
59 456 51 166
59 456 51 166
59 456 51 166
58 422 43 189
58 395 56 182
58 395 56 182
58 395 56 182
58 395 56 182
50 416 48 194
50 416 48 194
80 559 42 170
72 567 39 169
64 461 38 176
59 458 51 166
58 398 56 182
58 398 56 182
52 417 52 196
50 439 48 194
64 499 39 173
70 558 42 171
64 486 40 174
58 452 43 188
62 412 44 178
61 410 55 183
57 399 55 184
62 467 44 167
70 558 42 171
57 477 43 188
54 431 43 192
51 419 48 194
61 559 50 168
60 495 43 183
62 460 45 168
52 421 52 192
58 414 49 182
57 399 55 184
53 415 44 169
52 421 52 192
52 417 52 196
62 460 45 168
54 431 43 192
54 431 43 192
64 498 43 173
70 558 42 171
52 421 52 192
62 460 43 184
70 558 42 171
70 558 42 171
70 558 42 171
70 558 42 171
70 558 42 171
70 558 42 171
70 558 42 171
57 399 55 184
57 399 55 184
54 431 43 192
52 421 52 192
86 656 40 170
83 667 39 170
65 477 38 186
64 413 55 184
59 462 57 166
52 421 52 196
51 431 48 194
74 590 42 171
77 574 42 170
71 528 38 176
82 657 41 172
71 465 43 188
54 427 45 174
68 513 39 173
62 456 44 170
63 506 43 183
55 415 50 181
53 441 49 184
58 414 49 185
65 497 42 177
61 490 43 188
59 462 57 166
69 509 39 175
61 461 51 166
52 429 48 196
53 416 50 169
56 415 44 171
63 491 44 168
66 507 44 167
66 509 42 173
66 484 44 168
55 485 44 186
65 497 45 167
55 415 50 181
63 485 44 169
65 497 45 167
61 462 44 170
59 462 57 166
55 415 50 181
52 429 48 196
55 415 50 181
59 462 57 166
55 415 50 181
72 562 38 176
64 475 51 166
60 487 57 167
55 415 55 190
53 462 50 174
68 517 40 174
63 495 52 167
64 522 44 170
66 561 50 167
55 486 48 179
64 441 44 175
67 510 45 167
57 448 44 185
56 474 46 184
61 448 44 174
63 422 51 176
55 415 55 190
66 494 46 168
58 416 44 178
54 444 46 189
62 466 45 170
61 448 44 174
57 426 45 172
59 428 44 176
55 486 48 179
62 472 44 171
60 459 44 174
66 486 44 170
59 477 44 174
54 444 46 189
63 485 45 169
57 423 50 169
58 416 44 178
56 423 50 178
54 444 46 189
54 445 50 170
58 416 44 178
56 474 46 184
68 446 45 171
55 486 48 179
54 444 46 189
68 515 44 167
68 446 45 171
66 486 44 170
54 444 46 189
68 446 45 171
68 446 45 171
55 486 48 179
54 444 46 189
54 444 46 189
54 444 46 189
54 444 46 189
89 614 38 178
74 617 38 178
67 510 51 166
60 417 45 185
59 437 57 169
54 456 48 194
53 473 50 174
70 548 44 167
58 423 47 187
57 460 52 172
61 427 44 179
59 444 44 184
69 545 42 176
62 493 49 173
56 468 56 171
70 533 40 174
73 518 43 185
64 507 46 169
65 442 50 171
72 541 45 170
70 466 45 171
70 533 40 174
56 456 50 179
69 528 43 185
56 468 56 171
58 472 46 177
59 494 44 177
59 478 50 170
63 524 45 172
58 423 47 187
59 460 51 170
57 439 50 173
60 463 50 169
63 524 45 172
59 437 57 169
64 453 44 175
68 434 45 175
60 477 45 175
60 435 44 186
68 434 45 175
61 436 44 176
68 460 48 173
58 458 57 171
58 463 44 178
57 455 44 185
64 489 45 173
61 471 44 174
69 547 45 169
61 436 44 176
60 435 44 186
59 494 44 177
58 472 46 177
58 483 50 170
68 482 45 171
60 477 45 175
70 466 45 171
68 460 48 173
64 453 44 175
61 458 45 174
60 444 51 169
58 458 57 171
58 483 50 170
68 434 45 175
68 434 45 175
59 494 44 177
59 437 57 169
58 472 46 177
58 472 46 177
58 472 46 177
58 472 46 177
58 472 46 177
58 472 46 177
58 423 47 187
82 566 57 166
74 612 44 171
74 561 40 174
64 425 47 189
63 517 58 169
54 475 52 196
69 539 43 191
58 501 49 184
74 612 44 171
59 464 56 175
82 566 57 166
72 558 42 176
68 527 51 167
65 485 44 174
57 459 44 185
69 556 43 178
61 433 56 181
69 505 45 172
71 562 43 174
58 460 57 172
68 434 45 177
60 504 51 170
58 497 51 172
59 472 50 179
61 471 46 175
56 474 50 178
74 561 40 174
64 434 50 182
63 442 44 176
61 471 46 175
60 449 50 179
64 565 50 173
72 485 45 171
56 474 50 178
61 436 44 177
60 441 56 176
57 467 51 173
64 475 45 175
61 453 44 176
60 469 44 180
60 469 44 180
57 475 50 175
63 442 44 176
74 561 40 174
60 469 51 171
60 469 44 180
60 459 51 178
74 561 40 174
74 561 40 174
74 561 40 174
63 442 44 176
63 442 44 176
63 442 44 176
82 565 41 174
69 542 62 170
68 435 45 177
58 482 51 173
58 468 48 194
76 547 45 172
65 440 48 186
70 478 56 173
61 445 44 180
63 527 46 176
58 512 48 193
64 455 51 176
67 440 55 180
62 512 44 179
67 485 50 176
68 497 45 174
62 461 50 178
63 499 51 171
70 472 50 175
63 447 44 178
66 499 50 175
63 455 44 177
81 629 48 174
69 443 49 184
62 505 56 177
61 482 44 181
61 450 45 180
70 466 55 177
63 525 44 177
64 514 48 179
74 541 44 178
69 544 48 177
67 518 44 183
65 530 44 184
65 458 50 181
64 481 46 180
87 619 50 178
83 716 53 182
79 604 45 184
70 561 48 188
67 463 50 184
68 467 50 185
76 637 52 193
75 605 70 199
61 477 44 163
59 491 36 183
54 414 51 167
51 421 45 162
50 408 43 186
48 434 42 191
50 455 48 175
58 431 37 170
56 479 40 172
58 453 39 167
60 464 40 166
60 465 38 168
52 419 45 173
54 410 42 172
56 473 43 168
58 438 42 165
54 414 51 167
53 434 44 178
59 474 44 164
61 433 44 169
53 434 44 178
48 436 42 189
54 413 43 170
49 417 43 187
52 477 42 188
49 417 43 187
49 417 43 187
48 434 42 191
53 434 44 178
53 434 44 178
52 477 42 188
48 434 42 191
52 477 42 188
49 417 43 187
52 477 42 188
54 414 51 167
54 414 51 167
54 414 51 167
52 477 42 188
52 477 42 188
52 477 42 188
52 477 42 188
49 417 43 187
49 417 43 187
49 417 43 187
49 417 43 187
48 434 42 191
48 434 42 191
80 587 39 167
62 470 37 172
57 445 45 162
56 425 51 183
51 434 51 183
50 441 42 191
69 539 40 166
80 587 39 167
54 429 48 179
51 454 49 177
66 511 42 165
57 445 45 162
60 463 40 172
61 436 41 177
62 454 41 175
62 470 37 172
64 497 44 164
53 427 51 170
57 499 40 184
52 483 43 186
52 436 50 173
56 453 42 188
67 504 42 165
54 475 42 185
56 467 42 180
56 446 44 176
54 429 48 179
52 434 43 187
63 496 37 170
64 477 43 166
52 427 50 174
55 443 43 180
57 445 42 172
54 432 51 168
58 449 43 171
56 465 45 164
56 425 51 183
54 467 45 169
50 435 50 187
67 504 42 165
58 489 40 176
63 446 44 166
56 477 43 172
53 448 45 174
57 445 45 162
63 471 43 169
54 459 42 188
63 461 42 171
54 437 45 176
56 465 45 164
54 475 42 185
53 448 45 174
66 511 42 165
56 437 45 171
53 448 45 174
52 436 50 173
62 470 37 172
58 489 40 176
66 511 42 165
57 436 42 176
56 434 45 174
66 511 42 165
62 470 37 172
56 465 45 164
57 443 43 172
54 459 42 188
57 445 45 162
80 587 39 167
67 504 42 165
67 504 42 165
66 511 42 165
62 470 37 172
62 470 37 172
62 470 37 172
62 470 37 172
62 470 37 172
62 470 37 172
62 470 37 172
58 489 40 176
57 445 45 162
57 443 43 172
57 443 43 172
57 443 43 172
57 443 43 172
57 443 43 172
56 465 45 164
56 465 45 164
56 437 45 171
54 429 48 179
52 434 43 187
52 434 43 187
51 434 51 183
51 434 51 183
76 558 40 167
74 568 40 168
65 516 37 170
61 454 61 172
58 487 45 162
57 427 51 177
52 444 49 192
50 451 42 191
64 459 52 171
61 454 61 172
74 568 40 168
67 505 42 165
62 537 44 171
64 455 47 177
65 516 44 164
63 502 44 168
53 444 48 190
55 433 51 179
59 440 50 183
54 482 48 182
66 514 42 167
61 456 41 177
65 488 42 171
54 443 52 179
57 464 42 187
62 481 37 172
57 470 45 172
61 505 40 176
55 448 45 183
55 465 44 181
60 479 43 172
57 475 45 164
64 481 43 170
54 460 48 188
56 473 45 166
62 466 51 170
57 450 44 190
56 462 49 175
55 461 43 183
51 437 51 183
50 451 42 191
59 508 40 178
51 454 49 181
59 464 44 173
53 463 51 174
56 428 51 183
52 444 50 176
50 451 42 191
62 466 51 170
61 505 40 176
58 464 44 175
63 460 51 163
55 452 43 187
52 468 43 187
62 471 37 174
57 440 51 173
63 515 44 166
63 506 42 171
65 510 44 166
59 508 40 178
67 505 42 165
57 427 51 177
52 444 50 176
63 506 42 171
59 460 50 171
54 460 48 188
60 459 48 181
56 428 51 183
52 444 49 192
67 505 42 165
65 516 44 164
60 459 48 181
52 444 49 192
50 451 42 191
65 510 44 166
67 505 42 165
61 454 48 181
64 459 52 171
62 466 51 170
58 465 42 174
56 428 51 183
55 450 51 173
53 463 51 174
74 568 40 168
67 505 42 165
67 505 42 165
65 516 44 164
65 510 44 166
62 466 51 170
62 466 51 170
62 466 51 170
62 466 51 170
61 505 40 176
61 505 40 176
61 454 48 181
61 454 48 181
56 428 51 183
52 444 50 176
52 444 50 176
51 454 49 181
51 454 49 181
51 454 49 181
50 451 42 191
74 573 40 168
72 595 44 165
68 522 45 163
65 505 37 172
59 430 53 179
51 454 46 193
72 541 40 170
71 568 44 166
56 454 49 187
67 498 37 172
70 487 39 176
61 458 41 177
63 467 52 169
55 475 44 191
51 438 51 183
58 507 48 176
60 473 45 175
53 448 50 176
54 459 49 188
60 483 50 167
69 534 42 169
60 474 44 173
73 539 44 166
63 504 44 172
65 507 43 170
56 488 43 183
59 516 42 181
55 440 51 182
57 463 51 174
69 488 42 174
61 475 45 170
60 476 43 174
65 496 43 172
60 483 50 167
62 537 44 172
70 536 44 167
58 445 51 174
57 508 51 164
56 495 45 179
52 462 49 181
61 509 40 176
58 538 44 174
54 459 49 188
65 500 37 174
56 472 49 180
69 534 42 169
65 505 37 172
64 518 44 168
52 464 50 176
59 486 45 164
54 459 49 188
64 471 43 176
56 461 49 182
64 473 51 169
64 494 44 172
58 538 44 174
64 493 40 174
56 488 43 183
63 471 51 170
65 507 43 170
64 494 44 172
64 493 40 174
61 509 40 176
56 473 50 170
56 461 49 182
64 473 51 169
63 471 51 170
61 509 40 176
84 671 40 170
66 548 50 164
66 510 37 172
61 498 57 169
55 505 45 192
51 441 51 183
51 441 51 183
74 483 52 169
54 463 49 191
83 624 40 171
71 596 43 169
58 496 44 185
61 460 41 177
73 567 42 169
68 560 44 171
64 530 45 165
64 511 40 176
59 502 46 173
60 504 43 182
71 532 44 171
62 483 44 173
63 494 50 167
60 488 45 174
59 518 42 184
61 508 50 168
61 509 43 174
59 502 46 173
61 460 41 177
51 441 51 183
67 497 45 167
58 511 44 183
51 441 51 183
60 519 45 173
60 504 43 182
67 497 45 167
60 519 45 173
51 441 51 183
51 441 51 183
51 441 51 183
80 635 45 167
70 531 50 165
70 514 38 173
62 460 45 189
61 448 61 188
51 451 51 183
74 506 52 169
80 623 49 168
64 497 57 168
66 573 45 170
58 502 45 186
68 485 47 178
72 526 40 172
69 538 42 173
65 461 48 181
62 561 45 174
71 478 43 183
66 492 45 175
60 498 50 185
63 504 42 179
62 502 44 176
62 522 50 171
63 532 41 178
62 498 43 182
64 493 49 176
61 465 51 179
63 513 51 174
62 488 45 184
61 517 42 185
70 531 50 165
66 532 51 167
61 492 49 178
65 514 43 174
77 605 40 172
76 602 56 166
74 611 45 171
62 537 43 186
54 452 51 183
61 497 50 179
67 547 51 169
64 566 42 185
70 517 45 176
61 502 49 181
71 602 40 174
73 550 40 174
63 511 50 177
64 503 44 182
66 542 44 175
65 526 42 180
63 521 43 185
64 527 45 176
65 520 45 175
63 516 44 177
80 605 48 176
76 606 57 170
75 625 55 174
69 620 42 192
59 503 52 184
64 511 46 185
66 547 51 178
70 554 44 186
67 597 43 182
66 523 56 182
72 581 44 182
65 553 50 175
74 572 49 180
69 534 57 179
71 616 44 181
72 604 42 177
64 562 48 183
68 554 49 183
69 503 49 184
71 578 49 182
74 599 43 183
67 604 46 190
65 540 49 194
59 515 56 187
62 536 53 187
66 569 48 183
69 545 50 184
65 535 51 185
67 547 51 183
83 655 50 185
81 692 48 187
68 566 52 185
76 631 38 168
60 471 44 163
59 384 42 182
57 436 36 177
54 418 51 174
48 418 48 190
69 582 37 171
63 460 39 164
56 502 38 172
59 384 42 182
54 440 46 179
54 425 48 189
51 434 49 177
61 466 43 170
48 418 48 190
59 384 42 182
54 425 48 189
54 482 42 178
52 413 49 177
58 472 40 171
53 454 44 169
56 400 50 180
59 447 44 173
59 446 45 175
59 446 45 175
59 472 38 169
60 424 37 176
55 448 43 173
57 463 40 173
52 416 50 176
60 493 37 173
52 458 43 171
56 400 50 180
56 502 38 172
55 433 49 174
60 493 37 173
55 404 42 182
60 424 37 176
57 436 36 177
54 418 51 174
56 400 50 180
61 444 43 173
55 404 42 182
52 455 42 180
57 455 37 175
58 472 40 171
56 424 42 176
58 472 40 171
58 472 40 171
57 436 36 177
57 436 36 177
54 418 51 174
57 436 36 177
52 458 43 171
58 472 40 171
57 436 36 177
57 436 36 177
57 436 36 177
57 436 36 177
57 436 36 177
56 400 50 180
56 400 50 180
55 404 42 182
72 557 39 166
65 530 45 165
60 493 37 174
57 505 57 172
57 412 55 192
49 438 48 197
49 438 48 197
63 420 42 186
70 513 44 168
67 512 37 173
57 412 55 192
55 423 50 178
64 469 40 172
54 441 46 179
57 412 55 192
52 455 42 184
53 433 48 194
58 485 42 171
58 504 44 170
59 495 45 170
49 438 48 197
69 504 37 173
49 438 48 197
64 526 37 173
60 489 45 167
61 506 45 166
63 474 38 171
62 478 37 180
56 426 49 176
64 522 44 167
59 461 45 176
60 439 38 176
49 438 48 197
56 474 43 177
56 438 48 185
55 417 50 180
59 429 43 178
55 417 49 183
58 458 50 169
53 433 48 194
56 446 45 178
58 446 49 174
56 449 49 174
55 423 50 178
59 461 45 176
57 421 42 182
56 449 43 192
53 433 48 194
62 478 37 180
61 460 44 171
54 427 49 178
52 459 42 180
56 496 42 176
54 457 46 174
56 496 42 176
62 484 43 172
52 455 42 184
62 513 43 170
59 420 50 176
54 427 49 178
62 513 43 170
58 504 44 170
55 423 50 178
54 427 49 178
59 482 43 174
57 421 42 182
64 438 50 174
60 493 37 174
57 412 55 192
55 423 50 178
57 412 55 192
63 474 38 171
62 513 43 170
55 423 50 178
60 493 37 174
59 482 38 176
56 449 49 174
55 452 50 174
55 452 50 174
55 423 50 178
54 457 46 174
59 461 45 176
58 485 42 171
57 421 42 182
64 438 50 174
63 474 38 171
60 493 37 174
59 461 45 176
57 421 42 182
57 421 42 182
57 412 55 192
57 412 55 192
57 412 55 192
57 412 55 192
57 412 55 192
57 412 55 192
57 412 55 192
57 412 55 192
57 412 55 192
57 412 55 192
56 496 42 176
56 496 42 176
55 423 50 178
55 423 50 178
55 423 50 178
55 423 50 178
55 423 50 178
55 423 50 178
55 423 50 178
55 423 50 178
55 423 50 178
55 423 50 178
55 423 50 178
55 423 50 178
54 457 46 174
54 457 46 174
54 457 46 174
54 457 46 174
54 457 46 174
53 433 48 194
53 433 48 194
53 433 48 194
53 433 48 194
49 438 48 197
49 438 48 197
49 438 48 197
79 629 39 167
76 641 39 169
70 549 49 167
68 508 37 176
61 417 50 182
54 432 51 178
49 445 48 197
73 579 42 170
73 614 39 170
55 473 44 183
67 555 37 173
56 452 48 187
61 506 46 171
59 511 38 194
61 525 43 173
76 627 43 168
55 442 48 190
65 420 50 180
52 463 42 188
53 439 48 194
61 481 45 175
65 521 45 170
57 427 42 182
73 579 42 170
54 462 48 192
59 461 43 181
63 475 38 171
65 460 51 177
65 534 45 169
61 495 50 168
62 482 39 176
56 471 46 174
63 418 49 192
65 530 37 178
58 422 50 180
56 475 43 181
60 484 39 177
60 470 44 179
59 511 38 194
58 467 50 176
63 418 49 192
60 470 44 179
59 428 49 178
63 418 49 192
63 418 49 192
63 418 49 192
54 475 46 174
57 528 43 177
54 430 49 179
54 430 49 179
60 472 43 177
65 534 45 169
54 472 46 175
52 463 42 188
52 463 42 188
54 432 51 178
65 534 45 169
61 467 43 178
63 418 49 192
59 428 49 178
63 418 49 192
56 471 46 174
54 472 46 175
52 463 42 188
73 579 42 170
65 534 45 169
65 534 45 169
65 534 45 169
65 534 45 169
63 418 49 192
63 418 49 192
63 418 49 192
63 418 49 192
63 418 49 192
63 418 49 192
63 418 49 192
63 418 49 192
63 418 49 192
63 418 49 192
63 418 49 192
63 418 49 192
63 418 49 192
63 418 49 192
63 418 49 192
59 463 49 176
54 475 46 174
54 430 49 179
52 463 42 188
52 463 42 188
52 463 42 188
52 463 42 188
81 677 43 168
81 677 43 168
70 521 39 199
68 559 37 173
61 471 55 175
61 428 50 181
50 452 48 197
50 452 48 197
62 497 51 172
57 475 42 182
68 514 40 186
74 616 42 170
75 645 49 168
54 436 49 180
81 677 43 168
59 495 46 180
54 472 48 194
77 654 39 170
61 499 41 185
72 572 50 169
55 461 48 192
65 471 44 178
71 529 37 187
66 547 45 170
64 531 38 171
77 654 39 170
62 487 41 179
60 505 43 178
71 597 45 169
55 461 48 192
70 530 37 187
63 533 42 174
65 526 38 172
61 444 49 179
72 572 50 169
66 547 45 170
58 473 50 174
55 479 49 179
71 597 45 169
63 494 45 176
63 485 49 173
65 499 44 173
64 500 43 172
66 533 50 170
81 677 43 168
77 654 39 170
66 547 45 170
65 498 42 176
63 531 39 175
71 597 45 169
54 444 48 197
81 677 43 168
77 654 39 170
77 654 39 170
71 597 45 169
66 547 45 170
66 547 45 170
66 547 45 170
66 547 45 170
66 547 45 170
66 547 45 170
66 547 45 170
66 547 45 170
66 547 45 170
66 547 45 170
80 681 49 168
80 681 49 168
73 597 37 173
62 523 57 174
60 491 48 196
59 505 56 175
59 437 50 180
78 664 39 170
72 605 50 169
70 585 45 170
73 569 38 171
62 501 48 187
65 492 48 191
60 450 49 182
69 527 38 183
65 502 53 174
66 485 48 179
64 539 40 173
63 535 52 172
70 562 40 171
67 495 56 177
68 547 38 172
63 533 42 181
80 681 49 168
62 498 50 177
60 536 42 189
67 520 42 180
66 495 43 181
68 565 37 175
67 536 42 178
60 510 44 183
69 518 44 177
62 514 49 179
64 521 43 172
68 565 37 175
65 516 50 172
80 681 49 168
80 681 49 168
80 681 49 168
80 681 49 168
80 681 49 168
80 600 38 171
79 674 39 170
77 656 45 170
73 598 37 173
65 460 54 189
64 561 57 175
62 467 49 185
64 510 48 186
66 512 51 179
77 656 45 170
63 539 46 182
69 553 43 177
66 523 50 181
72 536 42 182
74 574 38 174
71 571 39 181
69 577 39 184
70 584 39 172
72 557 38 177
73 553 38 176
71 586 38 185
64 525 44 177
77 656 45 170
85 751 39 170
82 551 55 179
77 569 38 176
62 530 49 189
82 685 49 171
74 545 48 182
71 611 43 176
77 620 40 173
67 559 49 180
76 629 49 172
69 553 49 178
73 575 38 176
72 572 40 179
84 660 38 177
73 587 42 196
71 567 55 186
79 626 44 178
74 612 41 187
72 584 50 178
74 576 44 179
92 793 39 177
75 635 42 196
74 598 44 183
73 611 56 187
79 624 47 181
85 654 47 191
77 656 42 196
