14 0.109278
56 402 39 170
54 385 42 165
50 411 38 169
55 373 44 172
56 402 39 170
54 391 37 175
49 390 43 184
59 430 40 167
51 404 37 176
50 411 38 169
54 391 37 175
61 441 39 168
50 380 38 173
61 454 37 171
49 390 43 184
60 417 40 162
59 491 38 167
56 459 39 161
62 455 39 167
61 458 39 167
55 390 42 165
55 390 42 165
55 390 42 165
56 379 44 172
60 443 39 169
50 445 50 171
58 454 39 170
58 454 39 170
57 438 38 171
60 443 39 169
54 397 37 175
50 399 42 181
50 399 42 181
50 399 42 181
50 399 42 181
52 406 42 174
51 426 44 176
53 407 39 177
50 399 42 181
51 416 40 179
51 426 44 176
53 424 40 173
70 547 37 171
61 439 40 169
61 493 38 167
61 493 38 167
78 653 62 163
63 504 39 165
78 553 62 164
78 653 62 163
55 434 42 165
55 390 42 169
58 455 39 170
58 478 38 172
60 497 37 176
60 497 37 176
58 441 37 184
60 497 37 176
60 497 37 176
60 497 37 176
60 497 37 176
59 437 38 180
60 439 37 184
64 504 37 175
60 497 37 176
60 497 37 176
54 425 38 181
58 441 37 184
60 497 37 176
60 497 37 176
62 419 38 175
57 481 37 180
59 454 37 177
56 452 38 179
60 497 37 176
58 441 37 184
53 432 39 177
58 420 39 177
53 432 39 177
51 409 42 181
53 405 42 181
53 421 43 179
53 421 43 179
53 421 43 179
53 421 43 179
56 458 40 173
56 440 40 174
54 438 44 173
76 610 37 173
64 494 39 167
64 494 39 167
64 494 39 167
64 529 38 171
64 494 39 167
63 502 39 169
65 522 39 165
69 513 41 166
64 530 56 165
64 530 56 165
56 452 50 167
61 478 44 168
61 478 44 168
59 489 45 168
64 476 42 167
62 456 45 166
55 423 50 178
61 427 44 169
56 393 51 179
57 430 45 178
57 430 45 178
57 430 45 178
57 430 45 178
57 430 45 178
55 444 45 171
57 489 43 170
58 419 42 175
56 393 51 179
57 430 45 178
58 423 42 170
55 444 45 171
59 466 39 170
60 455 39 171
58 459 39 172
65 521 38 173
61 442 38 180
61 442 38 180
65 540 37 175
58 433 38 181
65 465 38 178
60 464 37 182
60 505 37 176
60 462 37 184
60 462 37 184
60 462 37 184
60 462 37 184
60 462 37 184
60 462 37 184
60 462 37 184
53 439 40 179
57 481 39 178
55 442 42 178
55 442 42 178
57 481 39 178
53 439 40 179
60 450 39 177
51 410 42 181
56 409 50 187
56 409 50 187
55 432 43 179
53 431 49 179
53 421 44 180
54 449 44 176
68 521 39 169
68 521 39 169
67 536 39 167
68 525 45 165
73 533 39 165
64 545 56 165
84 654 40 166
56 411 50 187
52 446 49 190
73 581 37 175
79 595 38 173
79 595 38 173
67 543 38 174
62 466 49 168
69 588 43 169
61 505 37 176
62 469 37 184
55 414 49 188
61 492 39 170
54 417 42 181
