46 0.477239
42 323 42 169
44 316 42 172
48 325 36 171
56 407 46 161
44 320 42 168
44 317 42 168
44 338 43 163
44 331 42 174
44 317 42 168
44 318 42 168
50 328 38 165
44 317 42 168
50 332 38 163
44 323 42 166
44 317 42 168
48 322 36 175
44 321 42 166
43 336 42 177
50 325 38 168
44 317 42 168
50 369 38 164
44 323 42 166
44 332 43 163
42 323 42 169
48 322 36 175
44 317 42 168
47 324 36 171
44 319 42 172
50 328 38 165
43 341 43 167
50 328 38 163
48 322 36 175
44 319 42 168
44 321 42 166
44 319 42 172
44 316 42 172
50 329 38 163
44 332 43 163
44 320 42 168
44 317 42 168
50 331 38 163
44 320 42 168
44 338 43 163
44 320 42 168
44 316 42 172
50 328 38 163
44 332 43 163
42 319 42 175
50 325 38 168
43 336 42 177
48 322 36 175
49 324 38 169
44 323 42 166
44 342 42 174
44 319 42 172
48 322 36 175
50 326 38 165
44 323 42 166
44 323 42 166
43 329 43 167
50 328 38 163
44 317 42 168
47 366 38 177
44 316 42 172
48 322 36 175
44 320 42 168
50 331 38 163
44 330 42 166
44 317 42 168
44 319 42 172
44 323 42 166
44 317 42 168
50 331 38 163
44 323 42 166
44 315 42 172
49 324 38 169
50 338 38 163
44 317 42 168
44 323 42 166
42 319 42 173
47 322 36 171
44 323 42 166
44 332 43 163
43 341 43 167
51 335 37 169
44 320 42 168
49 324 38 169
48 322 36 175
44 317 42 168
42 319 42 173
50 329 38 163
47 355 38 167
44 321 42 166
44 317 42 168
47 352 38 177
44 317 42 172
44 323 42 166
44 332 43 163
44 317 42 172
44 316 42 172
50 328 38 163
44 317 42 168
50 328 38 165
44 323 42 172
44 317 42 168
44 323 42 166
44 328 42 166
44 317 42 168
50 325 38 168
44 317 42 168
44 320 42 168
48 322 36 175
44 323 42 166
44 323 42 166
47 324 36 171
44 317 42 168
47 322 36 171
44 317 42 168
44 343 42 168
42 319 42 173
50 332 38 163
44 332 43 163
44 317 42 168
44 317 42 168
42 321 42 173
44 316 42 172
50 328 38 163
47 366 38 177
44 317 42 168
44 317 42 168
44 323 42 166
44 317 42 168
50 328 38 165
44 346 43 164
44 317 42 168
51 332 37 169
50 328 38 165
44 332 43 163
44 323 42 166
44 317 42 168
50 331 38 163
50 337 38 166
44 332 43 163
42 319 42 173
48 330 36 171
44 323 42 166
49 324 38 169
44 317 42 168
44 319 42 168
42 319 42 175
44 323 42 166
42 319 42 175
48 322 36 175
44 320 42 168
47 329 36 171
44 317 42 168
44 338 43 163
44 327 42 166
44 320 42 172
44 317 42 168
50 328 38 163
48 322 36 175
44 323 42 166
44 317 42 168
44 317 42 168
50 331 38 163
44 332 43 163
44 317 42 168
50 326 38 165
45 368 42 176
48 323 36 171
47 322 36 171
44 323 42 166
43 341 43 167
48 322 36 175
44 319 42 172
49 324 38 169
50 328 38 165
44 323 42 166
42 328 42 169
52 334 38 163
44 323 42 166
46 359 42 166
44 315 42 172
44 319 42 172
44 317 42 168
44 338 43 163
44 323 42 168
42 318 42 175
44 316 42 172
44 323 42 166
44 320 42 172
50 328 38 163
44 330 42 166
44 317 42 172
50 328 38 165
44 323 42 166
44 339 42 174
47 322 36 171
44 317 42 168
