49 4.67207
51 339 39 161
50 353 37 166
45 333 45 158
45 307 45 160
44 312 36 172
44 301 44 162
42 313 42 174
42 313 42 174
44 301 44 162
42 313 42 174
50 353 37 166
49 326 40 159
45 324 45 159
43 307 43 163
42 317 42 169
47 343 38 163
49 340 39 161
49 326 40 159
47 333 36 170
47 331 40 160
43 303 43 164
48 332 36 170
44 312 36 172
48 330 38 163
47 352 36 168
43 307 43 163
43 303 43 164
42 313 42 174
45 321 38 165
51 325 40 159
50 353 37 166
50 353 37 166
49 340 39 161
49 326 40 159
49 326 40 159
48 332 36 170
48 330 38 163
48 309 40 162
47 335 44 158
47 335 44 158
46 325 40 164
46 320 38 165
45 324 45 159
43 303 43 164
48 309 40 162
46 325 40 164
44 314 37 167
49 345 36 168
49 326 40 159
47 335 44 158
46 349 38 163
49 345 36 168
49 333 44 158
49 326 40 159
46 332 40 161
46 313 38 167
46 308 42 166
46 308 42 166
45 330 44 160
45 321 38 165
44 301 44 162
49 314 40 160
48 311 38 165
46 349 38 163
45 324 45 159
44 318 42 166
49 345 36 168
48 309 40 162
47 341 39 161
47 335 44 158
46 320 38 165
45 333 45 158
51 325 40 159
50 353 37 166
49 340 39 161
49 340 39 161
49 326 40 159
48 339 40 159
48 332 36 170
47 341 39 161
46 308 42 166
45 333 45 158
45 330 44 160
45 324 45 159
45 321 38 165
45 307 45 160
44 308 42 174
43 331 42 165
43 331 42 165
43 320 42 166
51 339 39 161
51 325 40 159
50 353 37 166
50 353 37 166
50 353 37 166
50 353 37 166
50 353 37 166
50 353 37 166
50 353 37 166
50 353 37 166
50 353 37 166
50 353 37 166
50 353 37 166
50 353 37 166
50 353 37 166
50 353 37 166
50 353 37 166
50 353 37 166
50 353 37 166
50 353 37 166
49 345 36 168
49 345 36 168
49 345 36 168
49 345 36 168
49 345 36 168
49 340 39 161
49 340 39 161
49 340 39 161
49 333 44 158
49 333 44 158
49 333 44 158
49 326 40 159
49 326 40 159
49 326 40 159
49 326 40 159
49 326 40 159
49 326 40 159
49 326 40 159
49 326 40 159
49 326 40 159
49 326 40 159
49 326 40 159
49 326 40 159
49 326 40 159
49 326 40 159
49 326 40 159
49 326 40 159
49 326 40 159
49 326 40 159
49 326 40 159
49 326 40 159
49 326 40 159
49 326 40 159
49 326 40 159
49 326 40 159
49 326 40 159
49 326 40 159
49 326 40 159
49 326 40 159
49 326 40 159
49 326 40 159
49 326 40 159
49 326 40 159
49 326 40 159
49 326 40 159
49 326 40 159
49 326 40 159
49 326 40 159
49 326 40 159
49 326 40 159
49 326 40 159
49 326 40 159
49 326 40 159
49 326 40 159
49 326 40 159
49 326 40 159
49 326 40 159
49 326 40 159
49 326 40 159
49 326 40 159
49 326 40 159
49 326 40 159
49 326 40 159
49 326 40 159
49 326 40 159
49 326 40 159
49 326 40 159
49 326 40 159
49 326 40 159
49 326 40 159
49 326 40 159
49 326 40 159
49 326 40 159
49 326 40 159
49 326 40 159
49 326 40 159
49 326 40 159
49 326 40 159
49 326 40 159
49 326 40 159
49 326 40 159
49 326 40 159
49 326 40 159
49 326 40 159
49 326 40 159
49 326 40 159
49 326 40 159
49 326 40 159
49 326 40 159
49 326 40 159
49 326 40 159
49 314 40 160
48 339 40 159
48 330 38 163
48 309 40 162
47 341 39 161
47 341 39 161
47 335 44 158
47 335 44 158
47 335 44 158
47 335 44 158
47 335 44 158
47 333 36 170
47 333 36 170
46 349 38 163
46 349 38 163
46 349 38 163
46 320 38 165
46 313 38 167
45 333 45 158
45 333 45 158
45 333 45 158
45 333 45 158
45 330 44 160
45 321 38 165
45 307 45 160
45 307 45 160
45 307 45 160
44 308 42 174
44 301 44 162
44 301 44 162
44 301 44 162
44 301 44 162
44 301 44 162
44 301 44 162
44 301 44 162
43 331 42 165
43 307 43 163
43 307 43 163
43 307 43 163
43 307 43 163
43 303 43 164
43 303 43 164
42 313 42 174
42 313 42 174
42 313 42 174
42 313 42 174
42 313 42 174
42 313 42 174
52 332 40 159
51 379 36 168
47 344 44 158
45 311 45 160
42 329 42 172
42 325 42 173
50 347 40 159
50 359 37 166
48 336 36 170
43 313 43 166
48 337 38 165
44 327 37 168
49 338 38 163
48 332 40 166
46 355 38 163
42 329 42 172
44 315 44 162
46 345 44 161
48 337 43 164
45 318 37 167
44 320 43 165
48 315 37 167
42 329 42 172
48 315 37 167
48 353 38 163
51 336 40 159
46 338 40 162
46 355 38 163
48 315 37 167
42 329 42 172
42 329 42 172
42 329 42 172
53 359 36 170
49 360 44 158
49 358 45 158
45 312 45 160
42 326 42 173
43 341 43 171
42 326 42 173
48 353 37 168
51 356 39 163
51 334 40 166
45 327 43 171
42 334 42 172
47 356 44 161
52 346 38 163
48 354 44 160
51 332 43 165
51 341 37 167
46 341 38 167
53 333 37 169
48 337 40 169
53 337 40 159
52 344 40 159
50 344 44 161
48 339 40 164
51 342 40 163
46 354 42 165
49 336 38 167
49 343 38 165
52 354 44 158
50 359 44 158
42 326 42 173
50 359 38 164
51 345 40 159
42 326 42 173
42 326 42 173
61 399 44 158
61 398 45 158
59 426 44 158
50 384 38 166
45 333 45 162
44 334 42 174
53 364 38 163
48 381 40 165
45 342 42 172
51 352 40 159
46 351 42 169
47 368 44 166
50 352 44 162
50 349 38 167
51 346 40 160
61 398 45 158
49 343 40 164
48 343 40 171
52 345 40 159
48 355 44 162
61 410 44 158
53 372 38 164
50 342 49 167
50 342 49 167
46 344 42 172
53 400 38 163
47 358 43 170
48 356 46 170
51 382 44 162
51 395 40 163
51 355 45 160
50 344 40 165
52 347 40 159
49 352 40 164
65 404 38 163
56 417 38 163
55 359 40 159
51 344 43 170
48 357 48 174
46 353 42 176
51 386 45 163
48 366 48 171
55 380 38 165
65 404 38 163
59 358 40 160
49 356 40 167
52 347 40 165
48 359 42 172
54 351 40 161
50 353 42 174
55 412 38 164
54 363 40 160
50 354 40 170
52 358 45 159
53 364 40 164
52 366 40 159
50 364 40 165
54 363 40 160
54 363 40 160
65 404 38 163
65 404 38 163
54 363 40 160
54 363 40 160
54 363 40 160
61 388 40 159
60 406 38 165
56 416 39 164
54 390 40 159
51 351 43 171
50 355 49 171
48 365 42 173
48 359 42 174
52 376 45 161
49 363 42 167
57 351 40 164
52 361 40 165
54 373 40 164
51 366 45 165
53 376 40 161
54 365 44 160
54 388 40 160
55 362 44 160
52 376 40 164
55 363 40 161
63 449 38 165
58 395 40 159
52 391 50 164
49 363 42 174
57 424 39 164
55 378 44 160
53 379 40 162
52 372 41 170
50 379 42 168
55 398 40 159
49 379 43 171
63 384 45 160
62 383 40 164
58 407 40 159
53 393 45 165
53 392 40 170
50 391 44 169
55 389 43 165
60 404 44 160
55 397 40 165
57 393 40 162
55 389 44 163
54 390 40 167
56 385 40 167
56 391 40 166
59 404 40 162
57 414 43 166
57 386 42 172
54 406 43 168
58 409 40 167
66 459 40 162
66 459 40 162
65 448 44 162
59 411 40 168
59 425 40 165
66 502 40 170
52 349 42 153
51 357 42 153
50 364 46 153
47 302 36 167
47 302 36 167
46 318 36 169
42 306 42 166
48 334 40 154
44 360 44 159
44 353 43 160
43 312 43 164
45 321 45 160
50 364 46 153
45 336 40 154
44 318 38 161
46 335 40 157
51 357 42 153
45 327 39 158
44 326 37 168
43 328 43 162
52 349 42 153
49 327 37 163
46 335 40 157
45 321 37 168
42 306 42 166
51 357 42 153
46 318 36 169
45 309 38 166
43 362 43 160
45 327 39 158
48 307 37 165
42 315 42 165
51 357 42 153
49 327 37 163
49 327 37 163
48 335 36 165
47 306 38 166
47 302 36 167
47 302 36 167
47 302 36 167
46 318 36 169
45 327 39 158
45 327 39 158
43 362 43 160
42 306 42 166
45 312 38 162
48 334 40 154
51 357 42 153
47 302 36 167
45 325 38 160
42 306 42 166
50 364 46 153
49 327 37 163
47 306 38 166
47 302 36 167
47 302 36 167
46 318 36 169
45 327 39 158
43 362 43 160
46 320 36 167
42 315 42 165
46 310 38 165
43 362 43 160
48 321 36 166
46 335 40 157
46 310 38 165
45 325 38 160
45 309 38 166
44 326 37 168
42 306 42 166
52 349 42 153
52 349 42 153
51 357 42 153
51 357 42 153
51 357 42 153
51 357 42 153
51 357 42 153
51 357 42 153
51 357 42 153
50 364 46 153
50 364 46 153
50 364 46 153
50 364 46 153
49 327 37 163
49 327 37 163
48 335 36 165
48 335 36 165
48 335 36 165
48 321 36 166
48 321 36 166
48 321 36 166
47 302 36 167
47 302 36 167
47 302 36 167
47 302 36 167
47 302 36 167
47 302 36 167
47 302 36 167
47 302 36 167
47 302 36 167
47 302 36 167
47 302 36 167
47 302 36 167
47 302 36 167
47 302 36 167
47 302 36 167
47 302 36 167
47 302 36 167
47 302 36 167
47 302 36 167
47 302 36 167
47 302 36 167
47 302 36 167
47 302 36 167
47 302 36 167
47 302 36 167
47 302 36 167
47 302 36 167
47 302 36 167
47 302 36 167
47 302 36 167
47 302 36 167
47 302 36 167
47 302 36 167
47 302 36 167
47 302 36 167
47 302 36 167
47 302 36 167
47 302 36 167
47 302 36 167
47 302 36 167
47 302 36 167
47 302 36 167
47 302 36 167
47 302 36 167
47 302 36 167
47 302 36 167
47 302 36 167
47 302 36 167
47 302 36 167
47 302 36 167
47 302 36 167
47 302 36 167
47 302 36 167
47 302 36 167
47 302 36 167
47 302 36 167
47 302 36 167
47 302 36 167
47 302 36 167
47 302 36 167
47 302 36 167
47 302 36 167
47 302 36 167
47 302 36 167
47 302 36 167
47 302 36 167
47 302 36 167
47 302 36 167
47 302 36 167
47 302 36 167
47 302 36 167
47 302 36 167
47 302 36 167
47 302 36 167
47 302 36 167
47 302 36 167
47 302 36 167
47 302 36 167
47 302 36 167
47 302 36 167
47 302 36 167
47 302 36 167
46 335 40 157
46 335 40 157
46 335 40 157
46 335 40 157
46 318 36 169
46 318 36 169
46 318 36 169
46 318 36 169
46 318 36 169
46 318 36 169
46 318 36 169
46 318 36 169
46 318 36 169
46 318 36 169
45 327 39 158
45 327 39 158
45 327 39 158
45 327 39 158
45 327 39 158
45 327 39 158
45 327 39 158
45 327 39 158
45 325 38 160
45 325 38 160
45 309 38 166
44 326 37 168
44 326 37 168
43 362 43 160
43 362 43 160
43 362 43 160
43 362 43 160
42 315 42 165
42 306 42 166
42 306 42 166
42 306 42 166
42 306 42 166
42 306 42 166
42 306 42 166
42 306 42 166
42 306 42 166
52 335 46 154
52 326 43 163
51 379 42 153
50 365 46 153
50 314 36 167
46 326 36 169
42 307 42 166
44 360 43 160
43 332 43 162
46 337 40 156
45 333 38 161
45 339 40 154
50 342 39 158
50 365 46 153
49 331 38 163
46 345 39 158
51 346 37 163
50 365 46 153
49 319 36 167
48 349 38 160
52 351 42 153
48 317 37 165
52 351 42 153
50 365 46 153
48 313 42 164
47 324 36 167
46 330 42 164
49 315 36 168
48 313 42 164
46 336 46 156
47 324 36 167
43 319 43 164
46 336 46 156
50 365 46 153
46 336 46 156
50 345 36 165
43 332 43 162
52 351 42 153
52 351 42 153
52 351 42 153
52 351 42 153
52 351 42 153
52 351 42 153
52 351 42 153
50 365 46 153
50 365 46 153
50 365 46 153
50 365 46 153
50 365 46 153
50 365 46 153
50 365 46 153
50 365 46 153
50 365 46 153
50 365 46 153
47 324 36 167
47 324 36 167
47 324 36 167
47 324 36 167
46 336 46 156
46 336 46 156
46 336 46 156
46 336 46 156
46 336 46 156
46 336 46 156
59 366 39 160
52 396 38 160
52 359 42 153
48 310 42 166
47 328 36 167
46 337 46 156
42 314 42 166
54 376 39 158
45 319 43 164
45 347 40 154
46 339 40 156
48 334 38 162
53 373 39 159
53 356 37 163
53 327 37 165
50 330 38 165
49 333 38 164
51 356 37 165
47 335 42 164
53 327 37 165
66 415 38 161
59 420 39 158
53 338 51 157
51 334 36 168
49 344 36 169
46 347 40 154
43 315 42 166
42 318 42 167
57 401 37 163
46 339 45 156
45 368 43 160
53 330 37 165
51 384 38 162
48 337 38 164
52 340 44 160
52 350 38 162
45 349 45 158
49 341 38 163
51 334 36 168
45 350 43 163
52 339 38 163
61 433 37 163
54 338 37 165
53 349 36 168
52 364 36 169
48 358 40 154
46 340 45 156
45 377 43 161
60 426 39 161
48 347 43 160
51 349 40 156
53 367 38 162
46 340 45 156
53 352 37 165
48 349 38 164
47 362 43 160
46 340 45 156
66 478 39 161
59 419 36 169
54 363 40 154
50 371 46 156
50 347 44 160
48 351 44 160
50 383 40 157
56 350 40 163
49 368 42 167
53 351 38 167
52 347 45 156
51 360 46 155
53 381 38 162
50 358 40 159
49 369 40 160
59 401 38 162
54 395 46 154
53 438 45 159
52 354 44 164
51 362 51 165
49 409 44 160
54 413 40 155
56 385 40 156
55 360 46 155
57 367 40 157
54 369 44 158
50 401 42 162
54 365 40 163
59 365 40 162
56 369 46 154
50 367 43 164
50 389 43 160
55 374 40 161
54 376 40 157
55 360 46 155
56 397 40 155
52 371 43 160
55 360 46 155
55 360 46 155
55 360 46 155
55 360 46 155
55 360 46 155
55 360 46 155
55 360 46 155
55 360 46 155
55 360 46 155
63 476 40 155
60 426 38 166
58 417 46 154
56 363 46 155
52 387 43 163
63 473 38 162
60 429 42 155
55 376 40 159
60 377 45 157
54 398 40 157
57 386 40 156
63 476 40 155
63 476 40 155
62 376 43 167
61 437 42 155
58 373 52 155
56 377 40 160
54 399 40 159
55 392 42 164
57 387 40 156
66 493 42 155
61 396 40 161
57 436 52 157
56 381 42 161
55 433 44 161
64 395 45 156
60 403 40 158
59 405 40 156
57 400 40 160
59 398 40 161
70 535 45 155
60 401 40 163
60 400 50 160
59 381 42 163
56 385 45 161
67 440 40 156
59 445 40 156
59 406 40 157
59 406 40 157
67 510 40 156
60 414 40 157
58 396 48 163
59 421 45 157
78 520 40 156
61 416 40 157
60 442 40 157
60 431 40 159
60 431 40 159
60 431 40 159
70 422 44 160
67 422 40 164
65 437 40 157
62 455 40 158
61 420 46 157
65 428 45 157
61 425 45 159
53 359 40 154
52 372 40 154
49 372 40 157
48 340 36 166
46 349 46 154
43 319 42 167
43 310 36 170
51 348 40 158
43 319 42 167
50 350 40 157
45 333 44 162
50 357 38 160
47 366 44 158
46 320 37 166
51 349 40 156
48 318 36 168
46 356 42 162
47 334 36 169
45 320 38 166
50 363 39 158
46 359 39 163
50 340 45 158
49 358 38 160
48 329 45 159
46 320 37 166
44 331 43 163
47 317 38 167
49 354 45 157
53 348 40 155
52 372 40 154
52 372 40 154
50 364 37 163
50 340 45 158
49 372 40 157
47 351 43 160
46 341 45 160
46 336 36 169
45 343 43 161
45 334 44 161
45 320 38 166
44 318 37 168
52 372 40 154
47 347 38 161
43 327 43 165
47 325 44 161
53 348 40 155
50 352 40 156
49 358 38 160
49 355 40 159
49 336 38 162
48 356 44 158
47 334 36 169
46 341 45 160
46 327 44 164
45 334 44 161
45 328 43 164
44 331 43 163
48 339 38 162
45 345 45 159
53 348 40 155
51 361 37 163
51 348 40 158
49 364 39 159
46 320 37 166
45 355 45 157
44 318 37 168
43 327 43 165
43 319 42 167
49 336 38 162
51 361 37 163
51 361 37 163
50 364 37 163
50 352 40 156
47 366 44 158
47 342 44 159
47 332 37 164
47 325 44 161
45 343 45 160
51 364 40 155
51 348 40 158
51 335 45 158
51 335 45 158
50 350 40 157
49 355 45 156
48 330 37 164
48 329 45 159
48 328 38 165
47 357 45 156
47 351 43 160
47 347 45 158
47 330 38 163
47 317 38 167
46 341 45 160
45 357 44 159
45 343 45 160
45 333 44 162
44 351 44 161
44 318 37 168
43 319 42 167
53 348 40 155
53 348 40 155
53 348 40 155
53 348 40 155
53 348 40 155
52 372 40 154
52 372 40 154
52 372 40 154
52 372 40 154
52 372 40 154
52 372 40 154
52 372 40 154
52 372 40 154
51 364 40 155
51 364 40 155
51 361 37 163
51 361 37 163
51 348 40 158
51 348 40 158
51 348 40 158
51 335 40 160
50 364 37 163
50 364 37 163
50 364 37 163
50 364 37 163
50 364 37 163
50 364 37 163
50 364 37 163
50 364 37 163
50 364 37 163
50 364 37 163
50 364 37 163
50 364 37 163
50 364 37 163
50 364 37 163
50 352 40 156
50 350 40 157
50 350 40 157
50 350 40 157
50 350 40 157
50 350 40 157
50 350 40 157
50 350 40 157
50 350 40 157
50 350 40 157
50 350 40 157
50 350 40 157
50 336 40 160
49 372 40 157
49 372 40 157
49 372 40 157
49 372 40 157
49 336 38 162
47 347 38 161
47 317 38 167
46 359 39 163
46 359 39 163
46 356 43 160
46 356 43 160
46 356 43 160
46 341 45 160
46 341 45 160
46 327 44 164
46 320 37 166
45 357 44 159
45 343 45 160
45 333 44 162
45 333 44 162
44 351 44 161
44 340 42 164
44 340 42 164
43 319 42 167
43 319 42 167
43 319 42 167
43 319 42 167
63 443 37 163
47 360 46 154
45 312 36 170
45 312 36 170
45 312 36 170
43 315 36 170
59 417 36 166
50 381 36 168
43 333 42 167
47 344 45 159
51 358 40 156
48 334 38 164
45 360 45 157
46 332 37 166
50 348 38 162
53 373 37 164
56 355 40 155
47 325 44 164
51 337 40 160
45 346 43 161
52 376 40 154
56 355 40 155
51 364 39 158
50 366 39 158
43 315 36 170
45 336 44 164
47 326 44 161
48 365 44 158
45 346 43 161
46 364 46 155
47 325 44 164
45 353 38 167
46 364 46 155
45 312 36 170
43 315 36 170
52 349 40 156
43 315 36 170
50 338 40 160
51 364 39 158
51 349 40 157
47 364 45 156
53 364 40 154
51 364 39 158
51 364 39 158
50 338 40 160
50 338 40 160
51 364 39 158
43 315 36 170
47 360 46 154
51 364 39 158
48 354 46 154
48 354 46 154
47 349 45 158
56 355 40 155
56 355 40 155
51 364 39 158
51 364 39 158
51 364 39 158
51 364 39 158
51 364 39 158
51 364 39 158
51 364 39 158
51 364 39 158
51 364 39 158
51 364 39 158
51 364 39 158
51 364 39 158
51 364 39 158
51 364 39 158
51 364 39 158
51 364 39 158
51 364 39 158
51 364 39 158
51 364 39 158
50 338 40 160
50 338 40 160
50 338 40 160
48 354 46 154
46 364 46 155
46 364 46 155
45 346 43 161
45 312 36 170
45 312 36 170
45 312 36 170
45 312 36 170
43 315 36 170
43 315 36 170
43 315 36 170
43 315 36 170
58 420 38 163
53 365 40 154
47 365 46 154
44 319 36 170
58 396 37 166
47 329 44 161
48 361 43 164
53 359 40 159
54 416 38 164
52 373 40 157
50 341 38 165
46 343 37 168
55 351 40 158
50 369 39 158
51 344 40 160
50 354 37 167
51 361 44 159
46 366 45 157
49 352 38 165
50 364 45 156
52 367 39 159
48 356 46 156
48 367 44 158
48 350 45 158
53 365 40 154
47 365 46 154
53 365 40 154
53 365 40 154
53 365 40 154
53 365 40 154
53 365 40 154
53 365 40 154
53 365 40 154
53 365 40 154
53 365 40 154
53 365 40 154
53 365 40 154
53 365 40 154
53 365 40 154
53 365 40 154
53 365 40 154
53 365 40 154
53 365 40 154
53 365 40 154
47 365 46 154
57 367 40 155
55 373 40 154
52 433 46 155
44 323 36 170
55 415 37 167
52 347 40 164
47 348 44 161
49 392 44 159
49 371 43 165
51 344 38 165
50 366 37 168
54 390 40 154
49 356 38 166
50 370 39 158
53 365 40 158
52 358 46 156
51 351 40 160
48 358 45 158
47 369 45 158
52 391 40 157
67 504 37 168
55 380 40 154
54 399 46 156
45 324 36 170
57 367 40 156
51 345 38 165
50 370 42 162
52 366 43 160
49 366 44 166
53 353 40 164
50 362 45 158
49 372 45 159
54 390 40 157
50 390 44 158
51 354 40 162
52 381 39 158
52 376 39 159
53 367 44 159
51 382 40 159
52 376 39 159
58 384 40 156
56 448 45 157
45 325 36 170
57 408 40 157
51 380 43 162
49 385 45 159
53 363 38 168
55 391 39 158
52 360 40 164
51 367 38 165
52 373 44 161
57 369 40 160
53 381 40 158
61 406 40 156
60 420 40 156
58 431 40 157
51 415 45 159
47 325 36 170
51 368 38 167
53 386 43 166
56 400 39 159
55 393 38 165
60 398 39 158
53 392 40 162
55 383 40 161
55 383 40 161
53 389 44 161
53 398 40 158
51 404 43 165
51 392 45 161
65 470 40 157
56 409 46 158
48 354 36 170
53 396 43 162
52 376 38 169
53 386 42 167
59 441 39 159
55 394 40 163
62 455 38 166
56 368 38 167
62 458 39 158
53 399 40 159
57 420 40 158
53 398 40 165
59 418 40 158
71 481 40 157
60 396 51 166
50 366 36 171
58 384 38 168
57 452 43 165
58 449 45 158
53 399 44 161
64 435 40 158
61 407 40 160
58 413 40 162
63 458 39 158
59 470 44 159
60 434 40 159
59 456 39 162
69 483 39 159
66 424 40 164
65 463 44 158
64 494 45 158
61 449 36 171
60 450 46 159
60 428 37 171
57 427 44 162
62 453 40 162
66 491 39 166
60 461 43 163
59 430 40 168
64 445 40 159
65 427 40 160
60 448 38 168
60 448 38 168
67 455 40 159
65 499 40 160
65 479 40 166
57 452 44 163
65 496 40 162
71 478 40 159
71 478 40 159
68 506 45 160
71 478 40 159
71 478 40 159
77 514 40 162
73 520 40 160
77 546 44 161
49 324 42 153
49 324 42 153
46 339 37 163
46 329 46 153
45 308 45 159
44 326 36 171
44 326 36 171
44 325 37 164
46 325 39 158
46 318 39 159
48 316 42 157
45 322 37 164
46 333 40 156
48 327 37 163
45 314 40 160
45 321 45 157
44 315 44 159
44 312 38 161
44 326 36 171
44 323 37 167
44 312 38 161
49 324 42 153
49 324 42 153
49 324 42 153
47 330 37 163
47 330 37 163
44 323 37 167
46 338 40 154
46 320 37 165
44 326 36 171
45 308 45 159
46 320 37 165
46 318 38 160
44 312 38 161
48 327 37 163
47 321 40 154
44 323 37 167
47 330 37 163
47 330 37 163
45 314 40 160
45 308 45 159
44 315 44 159
47 330 37 163
45 333 45 156
47 315 39 159
45 322 37 164
46 318 39 159
49 324 42 153
48 327 37 163
47 321 40 154
46 318 38 160
45 333 45 156
45 321 45 157
44 315 44 159
49 324 42 153
49 324 42 153
48 327 37 163
47 330 37 163
47 321 40 154
46 339 37 163
46 321 45 156
45 314 40 160
44 323 37 167
44 323 37 167
49 324 42 153
49 324 42 153
49 324 42 153
49 324 42 153
49 324 42 153
49 324 42 153
49 324 42 153
49 324 42 153
49 324 42 153
49 324 42 153
49 324 42 153
49 324 42 153
49 324 42 153
49 324 42 153
49 324 42 153
49 324 42 153
49 324 42 153
49 324 42 153
49 324 42 153
49 324 42 153
49 324 42 153
49 324 42 153
49 324 42 153
49 324 42 153
49 324 42 153
49 324 42 153
49 324 42 153
49 324 42 153
49 324 42 153
49 324 42 153
49 324 42 153
49 324 42 153
49 324 42 153
49 324 42 153
49 324 42 153
49 324 42 153
49 324 42 153
49 324 42 153
49 324 42 153
49 324 42 153
49 324 42 153
49 324 42 153
49 324 42 153
49 324 42 153
49 324 42 153
49 324 42 153
49 324 42 153
49 324 42 153
49 324 42 153
49 324 42 153
49 324 42 153
49 324 42 153
49 324 42 153
49 324 42 153
49 324 42 153
49 324 42 153
49 324 42 153
49 324 42 153
49 324 42 153
49 324 42 153
49 324 42 153
49 324 42 153
49 324 42 153
49 324 42 153
49 324 42 153
49 324 42 153
49 324 42 153
49 324 42 153
49 324 42 153
49 324 42 153
49 324 42 153
49 324 42 153
49 324 42 153
49 324 42 153
49 324 42 153
49 324 42 153
49 324 42 153
49 324 42 153
49 324 42 153
49 324 42 153
49 324 42 153
49 324 42 153
49 324 42 153
49 324 42 153
49 324 42 153
49 324 42 153
49 324 42 153
49 324 42 153
49 324 42 153
49 324 42 153
49 324 42 153
49 324 42 153
49 324 42 153
49 324 42 153
49 324 42 153
49 324 42 153
49 324 42 153
49 324 42 153
49 324 42 153
49 324 42 153
49 324 42 153
49 324 42 153
49 324 42 153
49 324 42 153
49 324 42 153
49 324 42 153
49 324 42 153
49 324 42 153
49 324 42 153
49 324 42 153
49 324 42 153
49 324 42 153
49 324 42 153
49 324 42 153
49 324 42 153
49 324 42 153
49 324 42 153
49 324 42 153
49 324 42 153
49 324 42 153
49 324 42 153
48 327 37 163
48 327 37 163
48 327 37 163
48 327 37 163
48 327 37 163
48 327 37 163
48 327 37 163
47 330 37 163
47 330 37 163
47 330 37 163
47 330 37 163
47 330 37 163
47 330 37 163
47 330 37 163
47 330 37 163
47 330 37 163
47 330 37 163
47 330 37 163
47 330 37 163
47 330 37 163
46 339 37 163
46 339 37 163
46 339 37 163
46 339 37 163
46 339 37 163
46 339 37 163
46 339 37 163
46 333 40 156
46 320 37 165
46 320 37 165
46 320 37 165
46 318 39 159
46 318 39 159
46 318 38 160
46 318 38 160
46 318 38 160
46 318 38 160
45 333 45 156
45 322 37 164
45 321 45 157
45 321 45 157
45 321 45 157
45 321 45 157
45 308 45 159
44 326 36 171
44 326 36 171
44 323 37 167
44 323 37 167
44 323 37 167
44 323 37 167
44 323 37 167
44 323 37 167
44 323 37 167
44 315 44 159
44 315 44 159
44 315 44 159
44 312 38 161
44 312 38 161
44 312 38 161
44 312 38 161
50 321 38 161
46 330 46 153
45 347 45 156
45 312 38 163
44 327 36 171
44 314 38 164
44 341 37 165
48 318 42 157
45 314 44 160
45 347 45 156
47 324 40 154
46 330 39 158
46 314 40 162
47 328 37 165
46 320 40 160
47 318 42 159
46 330 46 153
47 318 42 159
49 333 38 161
49 325 42 153
46 335 38 160
48 318 42 157
47 314 42 161
44 314 38 164
45 318 45 159
44 314 38 164
44 314 38 164
46 342 45 156
45 321 45 158
46 330 46 153
47 331 37 163
46 332 45 157
44 326 44 159
45 347 45 156
44 314 44 161
47 334 38 161
48 318 42 157
44 335 40 162
44 314 44 161
44 314 38 164
49 325 42 153
46 342 45 156
46 335 37 164
45 333 45 157
46 330 46 153
46 330 46 153
46 330 46 153
46 330 46 153
46 330 46 153
46 330 46 153
46 330 46 153
45 347 45 156
44 314 44 161
44 314 44 161
44 314 38 164
44 314 38 164
54 369 38 160
51 395 38 161
47 334 37 163
46 333 46 153
46 312 38 165
46 312 38 165
44 363 44 159
47 324 40 157
53 364 38 161
48 326 40 154
45 325 45 158
46 331 44 159
46 337 38 164
49 330 38 164
49 327 42 153
49 327 42 153
47 327 40 154
46 321 40 160
46 335 39 158
44 333 38 165
46 313 40 164
47 327 40 154
45 335 44 159
46 335 39 158
46 312 38 165
46 335 39 158
46 335 39 158
46 335 39 158
46 335 39 158
46 335 39 158
72 507 38 161
49 333 42 153
48 324 42 157
47 340 37 163
46 334 46 153
45 331 45 159
57 411 40 154
46 337 39 158
45 331 45 159
49 333 42 153
46 325 40 160
47 335 40 155
50 330 42 153
47 327 45 159
48 333 46 155
48 333 45 156
50 326 42 154
49 333 42 153
50 330 42 153
49 333 42 153
49 333 42 153
49 333 42 153
52 356 37 163
51 335 42 153
50 359 37 163
50 343 37 167
48 333 42 157
46 335 46 153
46 334 46 156
48 339 39 158
47 349 45 155
48 347 37 164
52 349 40 155
50 335 42 154
48 346 38 163
47 337 40 156
50 336 40 156
55 360 42 153
53 376 42 154
50 349 37 165
50 336 42 155
49 360 46 153
49 351 38 165
47 340 43 161
52 357 37 163
51 368 39 159
48 362 45 155
53 356 39 158
54 367 42 153
48 338 40 156
47 347 40 157
47 337 45 159
47 342 40 162
47 346 40 160
58 384 42 153
56 387 39 159
53 375 37 163
52 372 38 167
50 338 45 159
48 351 45 157
48 342 40 159
49 353 40 156
52 382 37 163
50 343 42 155
57 384 42 154
50 346 40 156
48 348 45 158
63 425 42 153
53 380 37 163
49 353 45 156
49 342 40 159
48 352 45 157
52 348 42 155
50 347 40 156
55 347 42 157
52 356 42 155
50 347 40 162
50 345 45 159
49 382 45 157
51 348 40 156
50 375 45 157
50 378 45 156
59 409 42 155
53 352 40 156
51 356 45 163
51 360 40 156
52 354 42 158
55 360 46 159
54 361 40 156
53 375 40 157
52 354 43 163
51 360 43 170
52 363 42 157
52 363 40 158
54 363 40 156
53 379 45 159
56 370 40 156
56 369 40 160
55 390 40 161
54 365 42 160
57 399 40 159
57 389 44 163
56 398 46 158
66 430 40 162
57 421 41 160
51 326 40 154
48 335 42 153
47 333 37 164
45 342 37 163
44 325 37 169
44 325 37 169
44 309 38 160
46 337 40 154
45 310 39 158
47 336 42 153
48 335 42 153
46 322 40 155
45 310 39 158
47 333 37 164
46 336 37 168
45 316 40 157
44 325 37 169
44 309 38 160
45 342 37 163
44 309 38 160
48 335 42 153
45 342 37 163
47 331 40 154
47 333 37 164
47 333 37 164
46 336 37 168
46 336 37 168
45 342 37 163
44 325 37 169
45 316 40 157
44 309 38 160
46 341 37 163
46 337 40 154
45 319 37 169
45 319 37 169
45 316 40 157
44 325 37 169
48 335 42 153
47 333 37 164
47 331 40 154
46 336 37 168
45 342 37 163
44 325 37 169
48 335 42 153
47 333 37 164
47 331 40 154
46 341 37 163
46 337 40 154
46 336 37 168
44 325 37 169
44 309 38 160
48 335 42 153
48 335 42 153
48 335 42 153
48 335 42 153
47 333 37 164
47 333 37 164
47 333 37 164
47 333 37 164
47 333 37 164
47 333 37 164
47 333 37 164
47 333 37 164
47 333 37 164
47 333 37 164
47 333 37 164
47 333 37 164
47 333 37 164
47 333 37 164
47 333 37 164
47 333 37 164
47 333 37 164
47 333 37 164
47 333 37 164
47 333 37 164
47 333 37 164
47 333 37 164
47 333 37 164
47 333 37 164
47 333 37 164
47 333 37 164
47 333 37 164
47 333 37 164
47 331 40 154
47 331 40 154
47 331 40 154
46 341 37 163
46 341 37 163
46 341 37 163
46 341 37 163
46 337 40 154
46 337 40 154
46 337 40 154
46 336 37 168
46 336 37 168
46 336 37 168
46 336 37 168
46 336 37 168
46 336 37 168
46 336 37 168
46 336 37 168
46 336 37 168
46 336 37 168
46 336 37 168
46 336 37 168
46 336 37 168
46 336 37 168
46 336 37 168
46 336 37 168
46 336 37 168
46 336 37 168
46 336 37 168
46 336 37 168
45 342 37 163
45 342 37 163
45 342 37 163
45 342 37 163
45 342 37 163
45 342 37 163
45 342 37 163
45 342 37 163
45 342 37 163
45 342 37 163
45 319 37 169
45 319 37 169
45 310 39 158
44 325 37 169
44 325 37 169
44 325 37 169
44 325 37 169
44 325 37 169
44 325 37 169
44 325 37 169
44 325 37 169
44 325 37 169
44 325 37 169
44 325 37 169
44 325 37 169
44 325 37 169
44 325 37 169
44 325 37 169
44 325 37 169
44 325 37 169
44 325 37 169
44 325 37 169
44 325 37 169
44 325 37 169
44 325 37 169
44 325 37 169
44 325 37 169
44 325 37 169
44 325 37 169
44 325 37 169
44 325 37 169
44 325 37 169
44 325 37 169
44 325 37 169
44 325 37 169
44 325 37 169
44 325 37 169
44 325 37 169
44 325 37 169
44 325 37 169
44 325 37 169
44 325 37 169
44 325 37 169
44 325 37 169
44 325 37 169
44 325 37 169
44 325 37 169
44 325 37 169
44 325 37 169
44 325 37 169
44 325 37 169
44 325 37 169
44 309 38 160
44 309 38 160
44 309 38 160
44 309 38 160
44 309 38 160
44 309 38 160
44 309 38 160
44 309 38 160
44 309 38 160
44 309 38 160
44 309 38 160
53 383 37 163
51 396 37 163
47 338 42 153
47 338 42 153
46 320 37 169
44 326 37 169
44 312 38 160
47 341 40 154
47 338 42 153
48 331 40 154
45 316 39 158
45 316 39 158
46 323 40 155
46 340 37 168
44 326 37 169
47 335 37 164
46 323 40 155
46 316 40 157
48 331 40 154
46 323 40 155
46 323 40 155
47 338 42 153
46 323 40 155
47 335 37 164
46 323 40 155
46 316 40 157
46 323 40 155
48 336 42 153
47 338 42 153
47 338 42 153
48 336 42 153
48 336 42 153
48 336 42 153
48 336 42 153
48 336 42 153
48 336 42 153
48 336 42 153
47 338 42 153
47 338 42 153
47 338 42 153
47 338 42 153
47 338 42 153
47 338 42 153
47 338 42 153
47 338 42 153
47 338 42 153
47 338 42 153
47 338 42 153
47 338 42 153
47 338 42 153
47 338 42 153
47 338 42 153
47 338 42 153
47 338 42 153
47 338 42 153
47 338 42 153
47 338 42 153
47 338 42 153
47 338 42 153
47 338 42 153
47 338 42 153
47 338 42 153
47 338 42 153
47 338 42 153
47 338 42 153
47 338 42 153
47 338 42 153
47 338 42 153
47 335 37 164
46 323 40 155
46 323 40 155
46 323 40 155
46 323 40 155
46 323 40 155
46 323 40 155
46 323 40 155
46 323 40 155
46 323 40 155
46 323 40 155
46 323 40 155
46 323 40 155
46 323 40 155
46 323 40 155
46 316 40 157
53 357 37 164
47 347 42 153
46 338 37 169
44 313 38 160
44 313 38 160
52 348 37 168
46 319 40 157
45 321 39 159
46 327 40 155
48 340 42 153
50 340 40 154
47 343 40 154
47 324 40 156
46 316 39 158
50 324 40 155
46 316 39 158
48 340 42 153
48 325 40 155
45 326 39 158
47 347 42 153
45 326 39 158
50 324 40 155
47 347 42 153
46 316 39 158
45 326 39 158
45 326 39 158
57 402 37 164
56 416 37 164
51 338 37 169
48 344 42 153
47 320 38 160
46 344 37 169
44 321 40 162
49 358 40 154
51 346 40 154
48 344 42 153
46 320 39 159
45 328 39 158
45 321 38 160
46 332 40 156
47 328 40 157
46 342 40 155
47 320 39 158
62 457 37 168
52 389 37 172
51 354 42 153
50 355 42 153
46 322 40 159
45 355 42 166
53 355 40 154
46 325 38 160
54 353 40 154
47 325 42 158
46 328 39 158
48 342 40 155
47 329 40 157
46 339 40 157
53 383 40 154
51 359 42 153
50 326 38 160
48 360 42 155
46 340 38 167
47 332 40 157
50 353 39 158
52 342 42 155
47 338 38 162
48 348 38 160
47 343 39 160
52 343 40 155
47 342 38 161
50 344 40 155
55 347 40 157
54 399 40 154
54 349 38 162
52 368 42 153
48 351 38 162
48 344 40 158
51 392 38 161
50 366 39 158
53 359 38 160
54 358 42 155
49 353 40 157
50 357 40 156
51 360 42 155
51 364 42 154
62 406 40 154
59 435 42 153
51 348 42 159
50 356 38 163
49 357 38 166
48 368 39 162
57 405 38 160
54 415 39 158
51 358 40 156
56 387 39 158
53 383 42 155
52 385 42 154
48 384 38 162
64 465 38 161
61 446 42 153
51 371 46 156
51 356 38 167
50 363 38 163
57 408 42 155
58 381 39 162
53 358 40 157
52 365 45 161
54 392 38 162
52 378 40 156
52 359 38 164
64 403 38 162
62 424 42 155
59 433 42 155
51 364 43 163
51 360 38 169
50 379 38 163
56 407 38 162
57 365 42 157
58 431 40 156
55 365 40 160
52 385 40 157
53 378 40 161
54 370 40 160
54 376 40 157
64 460 38 162
58 388 40 157
55 383 38 163
55 378 42 160
54 395 46 157
53 391 38 166
52 402 39 163
57 445 40 157
56 378 40 159
54 393 40 158
53 396 40 159
65 422 40 157
59 438 40 157
55 403 46 157
55 384 38 163
52 405 42 165
58 384 45 162
57 392 45 159
59 398 40 160
53 412 40 163
54 400 40 158
66 431 42 158
56 385 38 167
55 400 38 164
59 429 40 159
65 419 40 159
57 402 42 159
55 402 40 160
57 386 38 163
66 521 40 162
61 401 38 168
57 414 44 160
56 422 46 164
62 440 38 163
57 408 44 161
56 433 38 164
62 440 38 163
62 440 38 163
66 471 42 166
65 488 38 164
62 481 38 165
62 479 42 163
