0 0.107926
72 561 42 191
60 536 52 197
52 456 42 206
61 504 46 201
80 571 58 197
76 596 47 205
65 479 43 216
64 530 60 203
52 459 45 206
56 470 44 210
72 593 54 199
69 557 52 205
86 750 51 207
83 658 66 202
71 637 43 217
67 576 43 227
56 473 52 215
74 557 58 206
76 609 44 219
66 552 44 223
70 601 53 205
73 567 55 206
64 511 46 221
60 536 45 211
71 503 48 213
62 518 47 219
74 588 44 220
69 504 52 212
65 530 53 209
59 521 55 211
59 524 50 213
60 514 48 218
67 553 50 208
68 554 47 210
64 529 47 218
60 514 54 213
88 785 45 218
85 745 54 205
78 654 59 207
65 538 49 239
60 507 58 220
79 651 50 209
64 566 54 234
82 605 45 237
71 535 48 230
67 591 49 224
66 557 57 215
77 515 56 213
68 557 53 221
68 620 46 221
67 544 53 232
66 572 48 227
71 582 55 208
75 565 51 212
72 617 51 211
69 530 51 218
83 537 48 227
69 548 46 213
69 516 49 221
69 530 55 214
76 592 51 209
68 559 51 214
67 547 58 210
72 601 54 210
65 555 53 227
79 624 51 209
72 589 55 208
71 617 59 209
70 556 47 229
70 531 58 233
63 532 58 227
76 542 55 214
68 572 51 216
69 563 47 213
70 538 57 225
72 552 59 217
68 561 58 222
65 558 55 227
67 569 59 220
67 566 59 225
80 641 57 208
79 644 52 209
75 558 70 217
71 634 47 229
70 539 58 231
64 568 63 233
78 553 65 220
71 596 49 228
68 597 55 223
77 609 60 210
72 580 55 213
78 546 59 222
69 602 48 215
69 571 62 223
73 571 61 229
70 572 50 218
77 605 47 213
72 608 55 212
80 575 60 213
94 805 73 208
88 645 74 210
81 573 66 221
79 622 47 217
72 588 50 235
69 637 61 234
86 705 67 211
81 759 49 216
77 695 53 213
84 616 59 213
74 624 51 228
90 654 48 213
76 602 48 232
74 585 60 224
72 641 52 223
78 662 50 213
78 576 53 225
70 614 63 222
72 590 56 219
71 578 53 227
76 587 63 222
75 612 50 224
77 590 55 215
77 597 52 220
72 587 66 215
71 606 53 222
76 624 48 219
75 597 55 214
71 598 55 222
74 619 53 217
93 622 51 217
83 741 48 227
83 732 57 213
80 665 73 214
79 704 47 235
75 578 65 228
72 580 62 240
71 625 62 227
74 596 69 223
88 704 56 213
85 730 50 214
81 725 53 220
84 692 66 213
88 638 51 217
77 599 58 215
81 710 49 224
83 685 55 217
73 588 61 230
78 643 53 224
71 584 64 234
88 670 49 228
75 656 51 233
84 665 55 219
78 612 53 237
78 607 54 225
83 634 50 229
73 616 60 226
73 591 56 238
77 591 60 215
80 661 54 222
75 620 59 226
79 662 51 227
74 631 57 217
83 620 57 223
75 628 63 220
82 692 50 229
82 654 51 224
76 613 61 219
76 609 60 221
71 627 56 226
76 589 56 230
80 630 56 223
76 590 61 227
74 623 57 226
111 911 56 213
91 769 69 213
88 734 50 226
82 674 52 238
78 595 65 217
74 626 57 237
92 747 52 220
79 689 67 216
81 624 54 225
87 727 55 218
74 611 65 230
81 618 57 236
88 691 51 229
80 615 59 221
82 641 60 215
80 688 61 215
77 635 63 218
74 631 56 233
87 743 53 217
80 683 55 228
77 631 64 218
83 686 55 219
78 620 57 232
74 634 59 219
88 678 56 217
100 718 53 231
90 768 51 229
82 706 74 216
81 600 67 244
74 658 63 226
79 680 68 217
75 640 58 235
87 698 52 241
92 741 56 222
97 719 60 218
77 617 66 231
98 708 57 223
76 667 59 225
83 621 61 224
83 742 56 223
83 735 63 219
88 720 55 228
81 603 65 230
78 625 65 221
84 661 54 232
80 638 58 235
86 729 61 216
85 707 52 242
81 696 54 231
74 643 59 228
76 648 56 233
79 701 67 218
87 723 64 217
76 651 60 221
80 631 59 222
82 658 55 229
81 677 56 228
84 727 55 223
81 645 64 219
84 684 67 216
81 628 57 228
85 625 58 229
84 682 54 229
104 820 55 226
100 853 68 216
100 774 53 236
81 619 66 248
81 606 68 238
78 631 77 233
75 658 67 229
92 745 66 220
102 792 55 235
83 628 74 237
101 837 57 224
78 645 69 232
78 654 58 244
84 732 58 227
85 719 56 230
78 618 76 245
80 633 65 222
89 687 57 236
87 667 59 231
102 786 59 225
77 691 61 227
79 703 75 221
85 669 61 228
80 721 62 225
78 706 58 233
88 659 59 226
83 681 63 221
76 642 63 237
81 636 60 236
82 647 64 222
76 647 64 230
78 657 56 246
80 636 62 226
82 700 57 231
80 656 60 229
83 690 58 233
87 697 58 230
76 649 60 245
79 640 58 236
81 683 61 228
80 702 56 236
81 688 60 221
111 865 85 218
91 748 56 242
85 639 67 245
79 677 67 248
76 666 70 232
96 757 71 220
85 763 60 232
83 701 75 221
95 723 59 229
82 710 57 237
79 650 72 230
90 686 61 227
82 655 69 225
88 717 63 221
92 718 61 221
88 693 58 235
82 670 65 235
86 702 60 223
85 739 58 235
80 657 66 223
84 645 67 225
80 649 66 237
96 651 62 229
90 720 57 230
82 678 61 231
86 658 62 237
85 706 62 226
83 670 65 225
102 780 59 233
95 771 73 221
91 764 57 252
86 796 60 224
84 649 71 237
81 671 81 230
78 675 70 235
84 684 63 243
86 657 80 226
92 670 76 227
93 705 68 229
89 716 61 240
87 748 65 229
87 737 61 240
83 666 69 232
80 688 69 235
84 695 62 234
90 727 59 235
92 784 58 234
87 657 72 228
91 740 62 223
83 730 62 237
84 682 68 230
83 680 69 223
92 728 60 232
102 909 60 234
95 799 63 223
93 767 59 238
90 766 60 245
86 712 79 224
84 670 71 233
98 842 61 225
87 727 67 241
84 736 76 227
86 694 68 231
94 757 60 239
84 684 74 231
89 691 68 236
93 790 69 225
89 713 63 234
84 684 78 225
116 980 65 232
99 861 64 237
97 701 74 244
96 805 65 246
90 795 81 228
90 756 78 231
97 875 68 234
106 790 67 235
95 740 66 239
91 761 76 241
93 781 76 230
90 776 74 232
103 825 87 232
102 930 68 245
97 819 65 247
91 820 78 233
101 848 75 236
82 596 40 201
78 614 47 201
66 510 37 211
65 565 56 197
56 477 50 224
66 522 39 205
59 512 46 211
59 482 52 216
61 499 49 198
58 513 48 222
60 482 39 208
59 494 47 217
90 765 47 207
78 611 50 203
72 573 41 218
66 538 64 209
64 517 53 224
61 545 48 221
77 700 46 210
65 526 56 212
69 568 50 205
62 523 57 218
64 531 43 211
63 528 46 220
67 534 51 203
64 526 47 223
102 874 46 211
78 670 42 226
76 597 53 205
75 564 65 209
65 530 64 225
64 544 45 234
63 557 63 225
97 782 43 223
80 647 44 212
77 703 52 210
70 593 56 208
64 541 54 217
73 623 65 207
68 530 63 231
64 531 60 215
67 531 50 213
64 573 60 214
68 569 48 211
66 538 54 225
67 613 47 212
65 552 47 213
68 576 44 214
90 796 50 213
84 650 61 209
78 632 45 217
77 618 69 211
70 533 50 222
66 552 48 228
65 574 52 214
84 752 54 210
75 662 52 211
73 635 66 212
69 539 50 222
67 554 61 220
68 622 58 213
70 597 46 219
73 624 46 216
72 578 53 213
70 605 56 213
68 548 53 214
65 569 48 217
77 623 47 218
67 560 47 221
78 609 54 211
76 633 51 212
71 568 50 214
73 543 55 214
72 547 54 221
78 619 52 212
94 775 66 211
90 806 61 211
85 653 45 225
78 539 59 234
65 571 56 218
79 658 65 212
91 739 46 223
82 614 52 214
93 701 51 216
74 614 53 213
73 542 51 232
94 676 49 219
69 590 47 221
74 588 53 215
72 633 59 216
71 565 49 229
67 563 61 223
78 626 46 227
71 557 57 217
91 799 48 218
70 574 48 225
66 554 61 233
78 651 50 218
68 579 51 217
69 561 50 221
68 575 53 220
78 555 61 228
68 560 61 214
93 791 55 214
88 730 57 213
79 604 47 222
72 614 48 238
72 581 66 218
71 557 61 220
68 602 51 222
86 593 48 232
73 595 49 232
69 564 50 227
83 687 56 215
88 698 63 213
81 664 60 214
84 676 50 218
70 584 63 216
77 626 47 222
80 624 53 216
72 559 58 226
73 569 50 223
69 573 55 226
76 594 54 216
75 651 50 222
78 629 58 215
74 609 53 217
75 586 52 218
72 627 62 214
71 583 60 218
78 627 52 217
70 581 57 220
69 592 58 220
69 575 57 223
68 582 63 217
71 579 55 223
69 583 52 226
114 912 69 213
78 671 47 222
76 573 55 228
68 612 61 225
68 583 68 236
92 802 50 221
79 708 54 216
76 650 52 234
86 704 52 219
81 659 63 214
76 578 54 231
72 575 65 222
74 643 67 216
78 624 50 229
70 610 59 223
85 693 58 215
75 681 53 220
70 583 55 226
74 612 62 219
83 619 56 217
75 583 53 224
83 614 49 236
86 667 55 217
72 588 63 218
78 671 53 221
85 612 49 223
71 638 54 230
81 592 60 218
71 591 60 222
71 597 58 221
79 628 49 227
74 629 56 221
79 629 49 223
80 606 58 217
79 603 57 223
77 635 50 223
77 582 61 223
75 611 54 221
71 629 57 222
80 587 53 223
78 623 58 218
80 599 56 222
74 631 54 218
90 765 52 220
86 762 69 214
84 698 47 223
80 581 58 236
80 577 59 231
78 679 72 216
70 602 58 235
87 730 58 216
81 653 65 217
80 627 51 233
76 584 60 229
81 689 56 218
82 592 54 225
88 621 59 219
83 693 48 228
79 602 67 221
78 659 50 224
86 628 57 219
73 585 71 225
82 604 61 221
81 681 63 216
73 591 64 225
78 615 54 225
73 632 59 227
72 589 65 228
79 665 55 222
72 592 55 228
83 590 69 219
74 603 66 222
76 609 63 219
82 633 49 223
80 664 60 218
75 612 63 225
74 656 55 223
81 675 54 219
78 635 51 227
79 615 57 222
76 639 57 219
74 634 62 222
78 622 60 222
75 605 54 227
75 605 72 218
90 630 56 236
87 777 73 215
85 658 49 223
83 593 61 236
73 602 58 250
77 605 62 238
87 741 60 217
89 698 55 220
78 687 54 231
80 656 53 234
83 670 62 221
88 680 63 218
82 649 49 225
87 711 58 218
82 620 61 223
76 646 66 221
74 630 64 229
85 691 65 216
77 599 68 226
73 596 64 233
87 725 56 218
86 678 54 222
80 642 57 222
82 688 69 217
75 645 71 226
75 679 55 227
75 636 58 235
79 605 65 228
77 610 64 223
76 648 57 224
80 597 70 225
82 676 57 219
77 617 65 221
80 679 59 221
79 634 65 219
79 645 58 222
83 636 60 226
80 637 59 222
97 774 60 218
93 694 66 218
90 704 77 219
87 707 50 227
81 671 55 250
81 602 73 230
74 635 66 235
74 608 67 243
90 747 58 221
77 621 68 238
88 763 56 219
77 642 71 228
78 619 76 224
80 665 59 232
86 624 74 227
83 640 63 226
82 690 53 236
82 735 56 227
85 724 61 219
78 617 65 234
75 689 62 236
77 611 73 230
89 672 59 225
83 632 68 232
81 711 55 231
84 627 72 225
85 685 58 228
81 676 62 229
85 704 60 222
84 622 71 231
82 687 57 228
80 715 56 234
82 707 53 229
81 702 55 233
84 667 60 228
90 720 56 225
100 705 62 224
98 846 57 224
98 784 50 233
93 730 63 219
85 676 64 241
78 634 73 230
92 668 69 234
82 663 66 240
87 722 61 222
86 674 62 236
97 756 60 225
82 711 58 233
87 779 66 220
90 746 54 230
83 685 68 233
87 753 52 227
95 724 53 233
81 690 66 229
85 692 57 231
89 764 57 226
84 716 64 228
85 737 56 227
89 679 65 227
94 721 54 235
86 676 63 235
94 757 60 224
81 736 65 229
82 691 64 229
112 898 63 221
92 726 91 222
92 718 57 238
83 713 64 245
83 685 72 233
81 696 66 234
100 829 67 221
109 812 68 223
94 725 81 226
88 761 64 227
82 701 76 233
99 687 71 229
90 784 57 231
94 806 70 225
95 736 63 230
87 747 60 231
85 698 59 232
86 710 68 231
91 723 57 231
92 699 58 231
101 781 86 229
97 857 57 238
97 765 59 242
81 700 74 240
94 815 65 233
85 737 60 236
95 710 61 231
90 759 63 235
90 728 64 235
102 819 77 231
102 789 60 239
95 763 62 233
96 764 63 233
95 764 63 236
105 925 63 250
100 844 66 233
95 794 75 248
105 905 64 242
97 839 66 239
104 855 87 234
88 650 43 220
84 695 41 206
75 595 41 232
73 578 49 189
62 501 58 202
57 449 50 216
60 533 44 202
63 500 48 223
69 492 58 212
65 532 55 205
68 509 44 208
65 505 53 207
66 500 51 206
59 502 50 213
78 530 59 205
75 650 46 202
75 581 66 192
73 595 44 214
67 494 61 226
64 534 47 232
62 536 45 212
74 609 56 199
66 513 66 222
64 550 48 207
65 504 53 225
70 520 57 211
64 510 60 223
68 515 49 213
71 590 47 204
77 601 45 205
64 520 50 213
65 593 57 204
70 601 59 203
94 778 44 219
82 621 63 199
78 584 78 206
66 522 65 229
63 544 46 224
82 685 48 207
70 607 70 211
71 651 56 210
78 622 52 209
63 541 55 218
68 550 52 220
65 533 50 225
77 565 48 219
69 586 67 213
71 576 45 222
73 647 46 213
76 590 51 211
65 524 51 224
67 576 47 219
67 537 56 214
75 603 52 210
69 592 49 216
66 549 53 215
74 620 45 213
65 544 50 221
73 599 49 215
71 617 46 216
72 611 53 210
74 584 48 215
69 589 50 213
72 597 52 211
96 736 60 210
87 654 45 213
76 649 66 210
75 549 52 235
70 526 55 229
65 551 63 226
83 718 51 213
67 577 53 217
68 585 47 233
72 586 48 220
65 539 54 229
66 567 52 227
79 642 46 214
67 563 49 225
73 616 57 212
76 591 54 211
81 627 51 216
68 598 56 215
66 550 58 216
79 594 47 223
82 630 46 219
73 603 50 219
71 553 55 222
76 606 52 213
69 596 55 213
68 552 54 223
74 651 47 215
76 624 46 225
68 558 54 219
72 614 52 216
68 554 50 222
67 563 55 223
73 638 54 213
108 848 57 212
92 717 45 213
82 592 67 214
75 648 59 212
71 543 55 238
66 587 57 231
88 772 51 214
77 652 47 224
69 551 57 236
81 696 49 219
76 624 52 214
80 647 48 226
68 588 50 231
75 596 63 213
77 595 65 217
68 555 54 228
71 599 55 217
72 592 61 218
71 593 56 221
69 606 53 219
74 558 52 225
69 565 58 220
66 554 60 219
70 556 59 223
69 568 50 227
73 591 53 223
75 582 55 218
73 554 54 228
78 605 61 213
74 584 54 222
74 585 58 219
78 584 55 217
74 601 51 223
69 560 51 227
73 583 53 226
92 731 49 222
91 765 50 224
83 689 63 212
79 555 60 226
78 672 47 226
77 643 70 214
72 575 51 233
67 557 60 230
70 573 65 220
80 665 69 213
82 595 57 218
69 574 61 225
74 610 51 223
68 579 54 233
72 610 59 218
81 636 53 217
79 712 52 218
80 638 52 214
76 643 50 227
71 560 62 219
71 630 50 231
80 661 49 227
77 652 53 221
73 586 52 227
81 689 60 213
71 600 53 228
74 585 55 228
70 616 56 221
83 668 48 227
73 634 62 217
78 631 56 219
79 624 55 214
79 637 52 221
74 593 55 224
79 617 55 220
73 628 54 220
79 558 55 230
89 633 57 221
84 693 77 213
82 738 49 226
71 563 67 239
68 587 55 241
82 710 49 228
73 565 70 227
80 589 59 235
72 604 70 230
70 613 68 222
80 682 52 215
76 569 64 225
86 678 49 227
88 596 64 222
75 629 65 218
77 661 51 223
79 674 53 221
85 634 56 214
80 653 52 218
74 614 60 223
73 618 63 219
78 626 62 219
73 568 62 233
79 654 58 214
78 648 51 229
75 607 62 224
86 663 55 214
75 594 56 230
73 587 61 229
71 613 55 228
73 599 53 228
76 632 59 218
74 644 59 219
80 590 59 234
76 617 59 220
74 645 54 221
77 644 54 227
75 620 58 221
73 596 52 229
91 801 57 216
89 691 58 214
86 698 50 227
80 590 69 236
79 657 52 242
74 605 71 229
72 656 57 241
86 735 53 219
82 607 62 231
81 705 65 218
84 723 61 215
85 649 52 234
82 670 53 222
77 628 58 224
78 639 59 220
91 716 52 221
76 598 67 226
76 628 68 221
87 655 57 217
73 619 54 232
75 649 56 229
81 637 57 228
76 596 66 228
75 647 60 227
84 622 60 228
76 615 58 230
82 654 55 222
73 618 58 232
72 648 59 235
81 716 57 227
91 732 54 217
76 623 53 235
86 616 59 228
81 670 58 222
107 868 65 214
89 645 72 221
88 711 51 230
81 654 54 244
78 607 66 234
74 640 60 237
99 837 61 215
91 784 54 220
101 746 59 220
99 764 56 218
86 619 70 230
76 629 63 236
81 618 61 241
93 783 53 226
97 779 53 227
86 703 52 233
88 659 55 223
85 725 53 241
77 634 64 224
82 650 54 232
88 683 61 219
81 709 58 225
88 690 57 221
78 640 62 223
83 736 54 227
81 726 56 229
78 658 61 220
84 635 60 234
84 719 55 225
85 645 59 230
81 656 57 228
85 701 55 222
81 633 66 225
83 655 56 225
81 640 61 233
77 642 61 234
96 763 60 222
90 789 54 233
90 762 51 234
90 709 78 219
80 634 70 249
78 613 73 237
77 664 66 236
83 632 65 241
89 716 56 229
93 689 62 220
86 684 59 230
80 653 63 225
91 705 61 221
80 698 62 233
90 738 54 234
85 663 69 222
85 732 57 223
78 670 74 225
83 680 56 231
78 676 65 224
83 664 58 231
85 723 62 222
83 660 58 236
78 671 65 237
80 681 66 221
95 714 57 233
90 758 58 228
88 733 56 232
84 712 66 222
83 689 56 248
82 657 78 225
81 682 76 227
82 666 70 243
87 681 63 229
85 682 73 241
86 695 57 238
88 738 60 229
84 702 58 239
88 686 61 231
82 708 67 226
89 733 60 226
83 686 59 232
83 694 68 231
88 699 68 228
98 802 69 222
97 855 61 226
94 763 56 237
90 689 70 229
85 722 71 222
84 700 60 241
83 731 64 238
86 768 67 223
89 759 59 239
95 826 60 227
88 711 66 232
89 693 65 233
97 731 60 240
83 730 63 239
97 730 64 231
96 767 61 227
89 727 67 227
84 717 65 232
89 697 61 238
104 744 68 227
101 814 59 238
96 733 72 226
95 858 63 227
90 728 65 241
86 778 71 222
86 742 60 244
99 749 71 228
95 832 66 238
93 748 67 229
102 805 65 233
103 744 65 234
102 815 70 230
99 825 74 233
97 879 66 239
94 763 62 252
92 824 65 243
95 766 63 245
97 792 69 239
99 764 69 234
103 816 78 235
98 849 65 243
108 913 78 235
71 604 47 198
59 473 41 204
58 498 46 215
54 472 49 195
83 656 42 215
80 698 46 204
72 530 66 198
69 586 50 195
60 473 43 215
59 518 51 229
57 502 57 222
62 530 57 213
65 532 53 207
81 632 48 208
59 498 53 215
82 633 43 214
66 473 49 202
65 486 49 210
67 494 48 210
94 781 65 201
67 554 67 213
63 533 44 217
62 498 47 220
60 518 46 221
66 561 59 214
85 629 45 216
80 676 53 202
72 622 49 206
81 691 46 216
66 587 53 204
67 581 49 208
77 534 52 213
67 528 55 216
71 568 66 209
81 544 52 212
84 625 48 210
70 571 48 212
72 550 47 215
71 542 54 211
62 578 52 216
70 563 54 210
63 532 53 216
94 706 49 206
85 706 44 229
84 714 84 203
83 716 48 212
64 512 52 234
60 534 54 228
90 678 76 206
81 592 73 208
62 521 55 224
69 578 65 216
73 629 50 212
72 575 55 213
66 526 47 223
70 551 53 219
74 620 45 217
72 602 71 208
75 567 61 216
77 589 49 209
64 542 53 220
71 610 51 211
68 593 58 212
75 604 48 216
76 584 58 210
68 559 45 222
63 562 59 221
77 564 71 213
69 628 58 209
67 600 53 217
65 536 55 222
73 587 50 221
72 607 60 209
71 591 59 212
67 563 52 221
68 525 51 221
68 567 51 217
94 783 61 208
90 783 44 232
87 721 74 208
77 534 53 228
63 546 57 228
76 598 69 214
83 687 48 217
88 754 50 209
69 580 64 218
73 649 51 212
75 577 57 216
85 715 48 216
66 603 49 225
71 563 49 230
79 591 46 223
68 548 50 227
80 646 45 226
64 547 56 221
84 630 45 219
70 609 61 212
72 628 56 213
81 625 52 209
78 619 53 210
73 578 60 218
82 622 47 220
73 536 49 226
73 587 47 222
73 611 54 211
88 719 46 217
69 569 54 221
70 563 53 220
70 557 57 219
77 589 50 211
69 557 57 220
86 674 47 222
85 639 56 209
77 707 50 212
69 554 69 229
68 554 54 233
67 567 57 229
67 562 61 233
84 696 52 209
82 681 49 225
71 558 59 224
74 573 52 232
74 621 55 213
78 616 53 216
79 645 47 227
75 596 60 216
79 655 50 221
70 592 60 220
76 601 48 227
77 604 56 214
80 613 51 218
77 611 55 218
75 589 50 228
67 577 56 222
77 679 51 226
73 599 56 221
72 557 57 221
82 666 53 210
85 665 52 214
77 619 53 211
76 613 55 220
73 620 52 222
82 670 50 219
75 576 56 224
81 616 50 224
72 614 52 227
68 592 52 228
102 814 50 222
90 772 77 209
88 740 47 234
74 561 61 241
68 594 60 228
83 629 68 215
87 707 48 236
71 564 55 238
85 683 49 228
85 737 53 211
90 685 49 227
72 570 63 224
80 709 53 218
76 629 66 216
70 602 62 220
86 644 58 216
78 646 57 220
71 600 67 225
84 630 58 225
74 661 56 221
72 632 59 226
75 609 62 217
83 667 68 212
80 671 50 228
82 638 52 221
74 581 65 221
81 663 58 219
71 592 52 228
74 636 54 226
77 631 61 213
75 637 56 223
69 602 56 227
81 678 53 213
78 596 63 217
72 611 61 223
76 653 59 221
85 671 53 217
79 648 53 223
77 583 59 225
88 708 59 212
77 600 64 223
74 633 64 218
79 661 59 213
88 678 61 212
83 649 56 216
80 634 59 216
78 644 58 221
79 679 50 225
95 732 51 225
90 749 49 231
83 639 78 213
74 570 71 246
69 618 56 229
77 599 58 238
76 573 66 225
79 573 63 236
86 701 51 226
74 618 72 220
91 681 56 215
77 622 67 218
88 693 72 215
86 725 55 222
85 609 56 233
71 612 53 228
87 657 61 220
73 605 57 227
85 740 52 222
82 689 57 216
82 668 52 224
77 658 55 227
74 594 63 225
71 613 62 223
78 647 56 225
83 675 56 217
74 631 62 222
90 674 55 223
75 603 59 228
75 669 62 220
81 679 56 218
77 626 64 222
83 650 57 221
81 658 64 218
82 669 59 218
82 677 57 221
97 822 74 215
86 693 52 225
75 609 60 238
74 597 69 235
72 631 65 223
91 773 58 216
85 640 54 230
76 655 62 222
82 641 70 219
80 610 63 235
78 616 68 224
85 680 56 218
83 718 56 225
89 759 52 223
87 748 60 217
81 728 60 219
82 696 60 220
77 677 62 221
88 723 57 217
80 627 65 222
72 624 59 229
77 606 64 229
79 652 67 219
79 634 67 221
79 642 53 228
75 632 63 226
84 677 59 219
77 622 59 227
75 626 64 223
81 610 57 235
75 647 64 222
75 612 56 228
102 774 52 224
101 889 66 216
95 642 56 243
79 622 60 230
77 626 74 228
73 630 63 232
83 659 53 232
82 699 71 219
90 756 55 227
95 687 72 221
90 761 67 220
87 725 59 222
93 718 62 225
92 695 57 228
87 692 65 221
75 661 62 228
79 645 59 232
83 667 63 222
80 713 59 229
85 724 53 230
84 624 57 231
75 624 60 229
84 721 56 228
75 648 64 222
86 701 60 228
86 648 53 229
95 722 61 230
88 745 55 229
87 772 57 229
84 626 68 230
82 662 59 244
79 652 67 223
78 669 78 225
73 650 66 240
92 706 57 233
90 747 63 224
78 706 60 238
87 677 56 239
76 645 61 242
81 631 61 244
77 653 68 227
86 740 59 228
82 713 64 228
75 639 62 229
87 729 56 236
84 663 59 237
88 720 57 234
88 674 64 223
103 770 64 223
94 845 58 229
89 737 57 236
84 646 63 241
80 664 75 226
77 642 66 230
96 772 59 230
89 725 69 226
82 658 73 224
89 748 64 227
96 770 65 226
89 728 59 238
81 661 71 223
83 661 69 227
82 662 62 230
112 849 58 235
85 669 76 223
80 685 71 255
77 655 77 242
99 816 63 230
95 762 66 227
91 770 72 227
83 669 66 246
98 739 65 233
78 686 70 237
86 680 62 240
88 714 64 234
96 657 72 236
82 670 66 232
85 689 62 236
84 706 63 235
84 680 64 235
85 677 66 230
100 802 64 236
95 827 67 228
91 783 63 237
89 719 65 246
86 747 77 229
86 693 66 236
81 737 70 238
90 738 72 232
85 722 69 239
90 700 70 235
90 720 65 241
82 745 70 237
100 863 63 239
98 743 82 232
97 857 64 254
93 757 79 230
89 748 82 236
91 777 76 242
99 749 77 232
107 905 71 252
67 543 42 199
66 519 41 207
62 537 45 194
62 500 51 208
60 458 46 214
52 462 43 209
66 476 48 196
61 505 48 204
80 652 51 207
76 589 61 202
76 589 41 219
70 587 43 224
70 579 62 204
58 494 49 213
60 507 47 214
72 535 58 211
69 621 52 209
65 551 57 209
65 567 45 219
66 555 53 207
68 590 41 211
67 539 52 210
66 562 45 210
69 588 57 205
81 666 51 207
80 556 61 210
75 588 58 205
73 613 43 216
64 504 59 224
62 509 50 231
59 518 52 222
77 656 56 210
61 520 48 215
78 620 53 210
66 621 59 210
74 579 46 226
69 584 46 217
70 609 45 212
70 554 58 211
67 545 47 216
65 567 47 224
59 516 58 225
73 583 46 217
67 560 52 211
70 584 50 214
73 585 45 214
75 586 50 211
80 678 65 205
79 594 45 232
76 590 71 209
75 685 45 214
68 519 55 231
61 526 53 224
74 605 60 211
65 538 52 227
73 622 63 212
69 568 52 213
70 530 66 218
63 535 55 223
75 626 61 208
78 669 47 215
71 524 57 226
64 548 48 219
68 571 57 216
67 547 50 220
72 534 53 220
79 643 46 226
79 657 50 215
76 635 45 231
74 570 50 218
72 545 62 216
76 534 56 218
64 547 48 231
78 680 50 211
101 812 45 223
87 746 74 205
71 592 48 237
70 525 59 233
64 576 58 220
93 754 53 213
80 656 64 209
76 623 69 213
90 725 46 215
73 609 49 232
86 716 46 224
82 689 56 211
75 573 49 221
68 526 53 227
84 623 65 213
64 530 54 226
82 673 47 217
81 632 62 212
81 697 47 223
76 648 60 211
73 601 52 214
68 598 61 216
78 597 53 217
84 624 51 218
69 555 51 225
65 562 50 224
77 588 59 214
77 624 62 213
64 606 57 224
67 574 59 220
69 550 60 225
68 566 55 223
65 593 50 220
68 582 50 219
76 550 59 220
70 600 53 217
69 578 50 223
95 743 59 212
93 789 66 211
89 721 48 227
84 649 68 211
71 549 53 236
69 531 56 235
64 546 60 234
68 551 65 232
92 769 61 213
84 677 56 214
81 704 52 219
88 675 55 214
75 629 58 217
83 643 67 212
79 596 53 219
68 590 61 225
64 541 59 236
77 621 59 215
75 589 51 223
68 564 51 231
69 624 64 217
90 713 50 217
75 627 49 222
73 569 52 229
76 662 55 217
73 616 53 218
68 586 66 221
68 598 50 221
69 581 54 229
73 571 51 228
70 537 54 227
70 589 53 225
80 655 53 217
76 583 67 222
70 607 64 218
76 583 53 227
75 600 54 218
72 607 54 219
72 624 61 217
90 611 61 220
88 662 49 234
85 733 58 215
85 672 70 214
70 552 56 228
70 537 58 244
71 564 52 231
71 610 50 238
88 723 69 217
79 695 52 222
77 612 63 218
76 680 49 234
75 591 66 222
84 667 58 218
76 620 67 219
73 591 54 230
72 633 50 226
82 601 56 223
88 727 54 217
81 650 50 222
73 607 60 224
82 646 54 219
76 537 61 229
77 629 54 222
74 630 51 223
78 630 59 218
79 677 49 225
74 626 57 221
75 605 57 221
72 607 50 227
73 605 53 229
78 617 56 220
76 625 61 220
75 603 52 227
94 703 57 219
87 716 49 228
85 747 71 215
76 594 53 237
75 557 66 230
70 595 69 229
89 694 54 220
82 664 63 218
71 610 55 233
75 636 62 223
77 602 67 227
77 625 65 218
76 583 60 228
74 609 51 231
84 655 58 220
82 634 51 225
71 568 64 228
85 710 50 231
80 635 60 226
81 696 61 219
72 651 61 230
83 714 50 224
78 643 61 224
74 615 56 228
73 563 66 228
79 641 64 219
79 624 54 228
73 661 60 224
73 623 57 232
79 641 53 226
77 614 55 228
80 654 55 224
80 663 58 220
77 631 53 230
76 617 62 224
76 647 51 226
76 603 58 228
73 635 57 228
96 779 69 218
94 790 76 217
91 705 77 218
81 717 51 234
79 669 51 241
75 564 69 230
72 617 66 232
89 768 58 223
86 731 51 229
75 602 67 232
77 611 61 236
85 726 66 219
93 629 58 232
85 694 65 221
75 648 61 235
77 677 53 226
75 638 68 226
82 644 69 222
85 653 55 228
83 648 62 224
79 621 57 233
83 661 55 224
85 647 54 229
76 617 52 236
78 620 65 224
80 697 57 225
86 648 57 226
81 653 56 227
77 619 58 233
90 703 56 221
80 631 58 231
79 648 64 222
81 659 62 223
79 637 52 233
78 653 64 223
83 649 56 225
80 619 61 228
77 670 64 227
76 674 66 224
77 664 54 233
80 670 57 230
76 650 58 234
90 644 51 227
81 677 52 231
80 614 65 228
79 668 62 223
103 797 51 233
101 855 69 219
96 796 77 218
76 611 70 239
81 701 73 223
81 677 60 230
91 749 63 223
84 680 59 237
78 631 65 224
85 744 52 234
103 738 66 220
87 776 56 226
90 650 56 227
88 740 57 224
86 715 66 221
90 720 54 226
77 686 56 228
96 712 56 226
84 664 67 223
91 704 58 225
82 614 65 238
84 621 64 228
81 675 62 238
80 661 63 238
85 657 56 227
83 681 68 223
87 683 62 226
91 662 52 227
86 662 55 227
84 662 64 226
98 826 70 222
96 722 54 244
91 769 80 221
89 805 52 234
88 704 83 224
87 623 66 229
80 680 65 228
87 739 78 222
95 748 54 229
81 663 68 240
82 657 65 227
95 808 61 225
87 727 71 224
81 687 56 228
91 722 58 227
92 768 52 234
92 766 54 238
81 676 68 236
82 650 67 227
87 732 63 226
87 705 59 227
104 780 62 227
101 871 63 225
93 666 77 230
84 663 65 233
83 688 56 228
81 689 62 233
92 713 60 229
92 698 71 228
90 736 56 230
89 686 65 234
87 720 63 228
82 732 62 248
86 693 57 233
86 706 67 230
91 708 61 232
90 720 59 232
89 732 58 231
107 874 75 228
106 883 65 228
94 745 57 244
93 688 69 237
86 704 60 235
95 816 57 230
91 721 67 232
90 778 60 230
92 757 65 234
95 752 62 230
101 755 75 230
96 760 60 238
95 776 72 230
93 791 63 232
90 724 68 237
89 737 62 235
94 781 68 234
94 767 60 237
104 767 68 258
103 825 64 239
99 802 60 241
95 788 66 235
98 788 65 246
114 865 72 235
99 854 67 242
98 803 71 244
96 790 72 237
101 833 71 238
