36887 214.202
39 245 30 142
36 242 36 140
33 261 33 140
32 228 30 146
30 243 27 149
29 246 28 156
30 243 27 149
29 246 28 156
35 239 34 141
37 241 33 140
32 260 31 141
31 252 30 142
36 242 36 140
34 234 29 143
32 231 31 145
31 230 28 148
39 245 30 142
33 234 28 144
35 241 31 141
34 228 29 148
33 249 30 142
34 236 32 142
34 236 32 142
36 247 30 142
39 245 30 142
39 245 30 142
34 234 29 143
35 234 31 142
35 234 31 142
33 235 29 143
33 235 29 143
32 228 30 146
32 231 31 145
32 230 28 147
39 245 30 142
39 245 30 142
34 234 29 143
34 234 29 143
33 234 28 144
32 230 28 147
32 228 30 146
32 228 30 146
39 245 30 142
36 247 30 142
33 237 31 142
33 233 30 143
32 228 30 146
39 245 30 142
35 234 31 142
33 237 31 142
33 235 29 143
33 235 29 143
33 233 30 143
39 245 30 142
39 245 30 142
39 245 30 142
39 245 30 142
39 245 30 142
39 245 30 142
39 245 30 142
39 245 30 142
39 245 30 142
39 245 30 142
39 245 30 142
39 245 30 142
39 245 30 142
39 245 30 142
39 245 30 142
39 245 30 142
39 245 30 142
39 245 30 142
39 245 30 142
39 245 30 142
39 245 30 142
39 245 30 142
39 245 30 142
39 245 30 142
39 245 30 142
39 245 30 142
39 245 30 142
39 245 30 142
39 245 30 142
39 245 30 142
39 245 30 142
39 245 30 142
39 245 30 142
39 245 30 142
39 245 30 142
39 245 30 142
39 245 30 142
39 245 30 142
39 245 30 142
39 245 30 142
39 245 30 142
39 245 30 142
39 245 30 142
39 245 30 142
39 245 30 142
39 245 30 142
39 245 30 142
39 245 30 142
39 245 30 142
39 245 30 142
39 245 30 142
39 245 30 142
39 245 30 142
39 245 30 142
39 245 30 142
39 245 30 142
39 245 30 142
39 245 30 142
39 245 30 142
39 245 30 142
39 245 30 142
39 245 30 142
39 245 30 142
39 245 30 142
39 245 30 142
39 245 30 142
39 245 30 142
39 245 30 142
39 245 30 142
39 245 30 142
39 245 30 142
39 245 30 142
39 245 30 142
39 245 30 142
39 245 30 142
39 245 30 142
39 245 30 142
39 245 30 142
39 245 30 142
39 245 30 142
39 245 30 142
39 245 30 142
39 245 30 142
39 245 30 142
39 245 30 142
39 245 30 142
39 245 30 142
39 245 30 142
39 245 30 142
39 245 30 142
39 245 30 142
39 245 30 142
39 245 30 142
39 245 30 142
39 245 30 142
39 245 30 142
39 245 30 142
39 245 30 142
39 245 30 142
39 245 30 142
39 245 30 142
39 245 30 142
39 245 30 142
39 245 30 142
39 245 30 142
39 245 30 142
39 245 30 142
39 245 30 142
39 245 30 142
39 245 30 142
39 245 30 142
39 245 30 142
39 245 30 142
39 245 30 142
39 245 30 142
39 245 30 142
39 245 30 142
39 245 30 142
39 245 30 142
39 245 30 142
39 245 30 142
39 245 30 142
39 245 30 142
39 245 30 142
39 245 30 142
39 245 30 142
39 245 30 142
39 245 30 142
39 245 30 142
39 245 30 142
39 245 30 142
39 245 30 142
39 245 30 142
39 245 30 142
39 245 30 142
39 245 30 142
39 245 30 142
39 245 30 142
39 245 30 142
39 245 30 142
39 245 30 142
39 245 30 142
39 245 30 142
39 245 30 142
39 245 30 142
39 245 30 142
39 245 30 142
39 245 30 142
39 245 30 142
39 245 30 142
39 245 30 142
39 245 30 142
39 245 30 142
39 245 30 142
39 245 30 142
39 245 30 142
39 245 30 142
39 245 30 142
39 245 30 142
39 245 30 142
39 245 30 142
39 245 30 142
39 245 30 142
39 245 30 142
39 245 30 142
39 245 30 142
39 245 30 142
39 245 30 142
39 245 30 142
39 245 30 142
39 245 30 142
39 245 30 142
39 245 30 142
39 245 30 142
39 245 30 142
39 245 30 142
39 245 30 142
39 245 30 142
39 245 30 142
39 245 30 142
39 245 30 142
39 245 30 142
39 245 30 142
39 245 30 142
39 245 30 142
39 245 30 142
39 245 30 142
39 245 30 142
39 245 30 142
39 245 30 142
39 245 30 142
39 245 30 142
39 245 30 142
39 245 30 142
39 245 30 142
39 245 30 142
39 245 30 142
39 245 30 142
39 245 30 142
39 245 30 142
39 245 30 142
39 245 30 142
39 245 30 142
39 245 30 142
39 245 30 142
39 245 30 142
39 245 30 142
39 245 30 142
39 245 30 142
39 245 30 142
39 245 30 142
39 245 30 142
39 245 30 142
39 245 30 142
39 245 30 142
39 245 30 142
39 245 30 142
39 245 30 142
39 245 30 142
39 245 30 142
39 245 30 142
39 245 30 142
39 245 30 142
39 245 30 142
39 245 30 142
39 245 30 142
39 245 30 142
39 245 30 142
39 245 30 142
39 245 30 142
39 245 30 142
39 245 30 142
35 234 31 142
34 234 29 143
34 234 29 143
34 234 29 143
34 234 29 143
34 234 29 143
34 234 29 143
34 234 29 143
34 234 29 143
34 234 29 143
33 237 31 142
33 237 31 142
33 237 31 142
33 237 31 142
33 235 29 143
33 235 29 143
33 235 29 143
33 235 29 143
33 235 29 143
33 235 29 143
33 235 29 143
33 235 29 143
33 234 28 144
33 234 28 144
33 234 28 144
33 234 28 144
33 234 28 144
32 228 30 146
32 228 30 146
32 228 30 146
32 228 30 146
40 259 31 141
40 259 31 141
34 235 30 146
33 240 28 144
38 248 30 142
36 236 29 143
33 242 31 142
35 248 29 143
33 240 28 144
34 238 29 146
39 247 30 142
39 247 30 142
39 247 30 142
39 247 30 142
39 249 30 142
39 249 30 142
36 236 30 146
34 249 28 144
36 248 29 143
36 248 29 143
39 249 30 142
36 248 29 143
36 248 29 143
36 248 29 143
36 248 29 143
41 249 30 142
41 249 30 142
39 248 32 143
35 255 28 144
39 251 30 142
36 250 29 143
41 249 30 142
41 249 30 142
40 289 28 144
40 251 30 142
39 251 34 145
37 261 30 146
36 278 29 145
38 268 29 143
39 252 30 142
40 251 30 142
39 252 30 142
40 251 30 142
40 251 30 142
39 252 30 142
40 251 30 144
39 253 30 142
45 252 36 147
40 253 30 142
39 256 30 142
39 256 30 142
41 254 30 142
40 253 32 142
40 253 30 144
39 257 30 142
43 256 30 142
41 259 30 142
39 261 32 142
42 262 30 142
41 267 32 142
42 264 30 142
42 264 30 142
42 263 30 147
41 309 34 147
42 264 30 142
42 266 30 142
43 271 30 142
43 268 30 145
43 266 34 143
42 278 33 143
46 269 36 147
43 284 30 142
42 280 33 143
43 275 34 143
44 279 33 143
43 285 30 142
48 323 30 142
48 323 30 142
48 323 30 142
48 324 30 142
