198 10.3952
35 256 33 142
34 261 33 142
34 261 33 142
33 267 33 142
31 244 27 150
31 244 27 150
31 237 28 149
30 249 28 149
34 252 31 143
33 240 31 145
32 252 28 147
31 241 29 148
35 256 33 142
34 261 33 142
34 261 33 142
33 246 27 149
32 247 30 145
30 249 28 149
33 254 29 146
32 266 32 143
32 247 30 145
31 237 28 149
30 249 28 149
34 257 30 144
32 266 32 143
34 261 33 142
33 264 33 143
33 240 31 145
33 238 29 148
32 266 32 143
32 247 30 145
31 244 27 150
32 248 31 144
32 245 31 145
32 239 29 147
31 245 30 147
32 258 30 144
35 256 33 142
34 252 31 143
33 254 29 146
33 238 29 148
33 238 29 148
32 245 31 145
32 242 30 146
31 244 27 150
30 249 28 149
30 249 28 149
34 261 33 142
34 261 33 142
30 249 28 149
33 254 29 146
32 242 28 148
31 244 27 150
35 256 33 142
33 267 33 142
33 246 27 149
33 246 27 149
33 240 31 145
33 238 29 148
33 238 29 148
32 248 31 144
32 247 30 145
32 242 28 148
32 239 29 147
31 244 27 150
31 241 29 148
30 253 28 148
30 253 28 148
35 256 33 142
35 256 33 142
35 256 33 142
35 256 33 142
35 256 33 142
35 256 33 142
35 256 33 142
35 256 33 142
35 256 33 142
35 256 33 142
35 256 33 142
35 256 33 142
35 256 33 142
34 261 33 142
34 261 33 142
34 261 33 142
34 261 33 142
34 261 33 142
34 261 33 142
34 261 33 142
34 261 33 142
34 261 33 142
34 261 33 142
34 261 33 142
34 261 33 142
34 261 33 142
34 261 33 142
34 261 33 142
34 261 33 142
34 261 33 142
34 261 33 142
34 261 33 142
34 261 33 142
34 261 33 142
34 261 33 142
34 261 33 142
34 261 33 142
34 261 33 142
34 261 33 142
34 261 33 142
34 261 33 142
34 261 33 142
34 261 33 142
34 261 33 142
34 261 33 142
34 261 33 142
34 261 33 142
34 261 33 142
34 261 33 142
34 261 33 142
34 261 33 142
34 261 33 142
34 261 33 142
34 261 33 142
34 261 33 142
34 261 33 142
34 261 33 142
34 261 33 142
34 261 33 142
34 261 33 142
34 261 33 142
34 261 33 142
34 261 33 142
34 261 33 142
34 261 33 142
34 261 33 142
34 261 33 142
34 261 33 142
34 261 33 142
34 261 33 142
34 261 33 142
34 261 33 142
34 252 31 143
34 252 31 143
33 267 33 142
33 267 33 142
33 267 33 142
33 267 33 142
33 267 33 142
33 267 33 142
33 267 33 142
33 267 33 142
33 267 33 142
33 267 33 142
33 254 29 146
33 254 29 146
33 246 27 149
33 240 31 145
33 240 31 145
33 240 31 145
33 240 31 145
33 240 31 145
33 238 29 148
33 238 29 148
33 238 29 148
33 238 29 148
33 238 29 148
33 238 29 148
32 266 32 143
32 266 32 143
32 266 32 143
32 266 32 143
32 266 32 143
32 266 32 143
32 266 32 143
32 266 32 143
32 252 28 147
32 248 31 144
32 248 31 144
32 248 31 144
32 248 31 144
32 248 31 144
32 248 31 144
32 248 31 144
32 248 31 144
32 248 31 144
32 248 31 144
32 248 31 144
32 247 30 145
32 247 30 145
32 247 30 145
32 247 30 145
32 247 30 145
32 247 30 145
32 247 30 145
32 245 31 145
32 245 31 145
32 245 31 145
32 242 28 148
32 239 29 147
32 239 29 147
32 239 29 147
32 239 29 147
31 248 27 149
31 244 27 150
31 244 27 150
31 244 27 150
31 244 27 150
31 244 27 150
31 244 27 150
31 244 27 150
31 244 27 150
31 244 27 150
31 244 27 150
31 244 27 150
31 244 27 150
31 244 27 150
31 244 27 150
31 244 27 150
31 244 27 150
31 244 27 150
31 244 27 150
31 244 27 150
31 244 27 150
31 244 27 150
31 244 27 150
31 241 29 148
31 237 28 149
31 237 28 149
31 237 28 149
31 237 28 149
31 237 28 149
31 237 28 149
30 249 28 149
30 249 28 149
30 249 28 149
30 249 28 149
30 249 28 149
30 249 28 149
30 249 28 149
30 249 28 149
30 249 28 149
30 249 28 149
30 249 28 149
30 249 28 149
30 249 28 149
30 249 28 149
30 249 28 149
30 249 28 149
30 249 28 149
30 249 28 149
30 249 28 149
30 249 28 149
30 249 28 149
30 249 28 149
30 249 28 149
37 267 29 147
36 272 29 146
33 272 33 142
33 242 31 145
31 256 30 148
31 249 27 150
32 246 28 149
35 257 31 143
34 262 33 142
34 255 33 143
33 271 32 143
34 256 32 143
31 258 28 148
33 260 30 144
32 243 30 146
34 246 29 148
34 259 31 143
34 259 30 144
33 260 30 144
33 260 30 144
32 243 30 146
34 257 30 145
32 243 30 146
34 262 33 142
32 266 30 144
34 259 30 144
32 246 31 145
32 243 30 146
33 260 30 144
34 259 30 144
34 259 30 144
33 260 30 144
32 266 30 144
31 258 28 148
34 262 33 142
34 262 33 142
34 262 33 142
34 259 31 143
34 259 30 144
33 260 30 144
33 260 30 144
33 260 30 144
33 260 30 144
32 266 30 144
32 266 30 144
32 266 30 144
32 260 32 144
32 243 30 146
32 243 30 146
32 243 30 146
32 243 30 146
32 243 30 146
32 243 30 146
40 290 29 147
34 264 33 142
34 254 33 145
32 252 27 150
32 245 31 146
32 243 30 147
38 272 31 143
33 260 30 145
36 247 28 149
35 264 32 143
37 256 31 145
35 247 29 148
32 262 28 148
32 259 29 148
34 259 33 143
34 258 30 145
35 256 28 149
34 265 30 144
34 264 33 142
34 253 29 148
32 247 30 146
32 266 30 145
34 259 33 143
34 259 31 144
34 264 33 142
34 259 33 143
38 265 33 142
37 277 28 148
34 270 33 142
33 252 30 148
32 258 30 148
32 258 27 150
36 275 32 143
34 267 31 144
35 265 30 144
35 269 28 149
33 253 30 147
34 260 30 145
34 262 33 143
33 253 30 147
32 271 30 145
35 269 33 142
34 268 30 144
34 260 33 144
34 270 33 142
36 264 33 144
35 272 33 142
35 255 31 148
34 275 33 142
34 275 29 153
33 272 31 146
34 260 30 146
34 261 33 145
36 255 31 147
36 255 31 147
35 271 30 144
34 265 33 143
35 267 31 144
34 272 30 144
35 261 31 145
37 255 36 149
35 275 33 142
34 263 30 146
35 272 33 143
36 257 31 147
34 273 30 144
36 257 31 147
38 275 36 143
36 267 30 147
35 276 33 142
34 278 30 144
34 263 33 152
36 274 31 145
34 271 30 147
35 269 30 147
34 275 30 146
40 328 30 144
38 277 36 144
37 280 33 142
36 268 30 148
34 275 33 149
35 294 33 145
35 273 30 147
37 279 32 145
36 287 33 142
36 292 31 144
38 279 31 145
38 279 31 145
37 280 33 142
36 282 31 145
41 330 30 144
39 278 30 147
38 282 33 142
37 294 33 142
36 268 33 152
35 283 32 148
37 295 31 146
38 285 31 145
37 289 33 144
42 289 31 145
40 303 30 147
40 300 33 142
40 291 30 148
40 274 33 153
38 290 36 142
35 301 32 154
38 282 33 150
39 280 36 147
39 302 33 145
40 274 33 153
43 343 33 142
39 303 33 145
44 343 33 145
44 343 33 145
43 338 36 147
40 317 33 153
44 326 36 148
35 257 33 141
35 253 30 144
33 261 33 141
32 235 31 146
31 262 31 145
29 248 28 148
29 248 28 148
33 261 33 141
33 248 31 144
33 249 31 143
34 260 33 141
31 262 31 145
33 251 31 142
33 261 33 141
35 253 30 144
32 252 29 146
32 252 29 146
32 242 31 145
32 237 29 147
33 251 31 142
32 252 29 146
35 253 30 144
34 261 30 144
32 252 29 146
32 242 31 145
31 258 30 146
31 258 30 146
30 236 28 148
30 236 28 148
29 248 28 148
35 257 33 141
35 253 30 144
33 245 29 146
35 257 33 141
35 253 30 144
35 253 30 144
33 249 31 143
32 252 29 146
32 242 31 145
32 242 31 145
30 258 30 147
30 258 30 147
29 248 28 148
32 242 31 145
33 249 31 143
30 258 30 147
35 257 33 141
35 253 30 144
33 261 33 141
33 249 31 143
33 248 28 147
32 252 29 146
32 247 30 145
32 247 30 145
32 237 29 147
32 235 31 146
31 258 30 146
31 246 30 147
31 246 30 147
30 236 28 148
30 236 28 148
29 248 28 148
35 257 33 141
35 257 33 141
35 257 33 141
35 257 33 141
35 257 33 141
35 257 33 141
35 257 33 141
35 257 33 141
35 253 30 144
35 253 30 144
35 253 30 144
35 253 30 144
35 253 30 144
35 253 30 144
35 253 30 144
35 253 30 144
35 253 30 144
35 253 30 144
35 253 30 144
35 253 30 144
35 253 30 144
35 253 30 144
35 253 30 144
35 253 30 144
35 253 30 144
35 253 30 144
35 253 30 144
35 253 30 144
35 253 30 144
35 253 30 144
35 253 30 144
35 253 30 144
35 253 30 144
35 253 30 144
35 253 30 144
35 253 30 144
35 253 30 144
35 253 30 144
35 253 30 144
35 253 30 144
35 253 30 144
35 253 30 144
35 253 30 144
35 253 30 144
35 253 30 144
35 253 30 144
35 253 30 144
35 253 30 144
35 253 30 144
35 253 30 144
35 253 30 144
35 253 30 144
35 253 30 144
35 253 30 144
35 253 30 144
35 253 30 144
35 253 30 144
35 253 30 144
35 253 30 144
35 253 30 144
35 253 30 144
35 253 30 144
35 253 30 144
35 253 30 144
35 253 30 144
35 253 30 144
35 253 30 144
35 253 30 144
35 253 30 144
35 253 30 144
35 253 30 144
35 253 30 144
35 253 30 144
35 253 30 144
35 253 30 144
35 253 30 144
35 253 30 144
35 253 30 144
35 253 30 144
35 253 30 144
35 253 30 144
35 253 30 144
35 253 30 144
34 261 30 144
34 261 30 144
34 261 30 144
33 261 33 141
33 261 33 141
33 261 33 141
33 261 33 141
33 261 33 141
33 261 33 141
33 261 33 141
33 261 33 141
33 261 33 141
33 261 33 141
33 261 33 141
33 261 33 141
33 261 33 141
33 261 33 141
33 261 33 141
33 249 31 143
33 249 31 143
33 249 31 143
33 249 31 143
33 249 31 143
33 248 31 144
33 248 31 144
33 248 31 144
33 248 31 144
33 248 31 144
33 248 28 147
33 248 28 147
32 252 29 146
32 252 29 146
32 252 29 146
32 252 29 146
32 252 29 146
32 252 29 146
32 252 29 146
32 252 29 146
32 252 29 146
32 242 31 145
32 242 31 145
32 242 31 145
32 242 31 145
32 242 31 145
32 242 31 145
32 242 31 145
32 242 31 145
32 242 31 145
32 242 31 145
32 242 31 145
32 242 31 145
32 242 31 145
32 242 31 145
32 242 31 145
32 242 31 145
32 242 31 145
32 242 31 145
32 237 29 147
32 237 29 147
32 235 31 146
32 235 31 146
32 235 31 146
32 235 31 146
32 235 31 146
31 262 31 145
31 262 31 145
31 262 31 145
31 262 31 145
31 262 31 145
31 262 31 145
31 262 31 145
31 258 30 146
31 258 30 146
31 258 30 146
31 258 30 146
31 258 30 146
31 258 30 146
31 258 30 146
31 258 30 146
31 258 30 146
31 258 30 146
31 258 30 146
31 258 30 146
30 258 30 147
30 258 30 147
30 258 30 147
30 258 30 147
30 236 28 148
30 236 28 148
29 248 28 148
29 248 28 148
29 248 28 148
29 248 28 148
29 248 28 148
29 248 28 148
29 248 28 148
29 248 28 148
29 248 28 148
29 248 28 148
29 248 28 148
29 248 28 148
29 248 28 148
37 280 28 147
34 253 33 142
33 265 33 141
32 238 28 148
32 238 28 148
29 249 28 149
30 251 30 148
35 259 33 141
33 245 31 145
31 239 28 148
33 255 32 142
33 254 30 145
33 254 31 143
31 259 30 146
33 246 29 146
32 258 29 146
35 253 31 142
33 255 32 142
33 246 29 146
33 246 29 146
35 254 30 144
35 254 30 144
31 255 31 147
33 259 31 142
35 253 31 142
33 246 29 146
31 259 30 146
33 255 32 142
35 253 31 142
35 253 31 142
35 253 31 142
35 253 31 142
35 253 31 142
33 255 32 142
33 255 32 142
33 246 29 146
33 246 29 146
33 246 29 146
33 246 29 146
33 246 29 146
33 246 29 146
33 246 29 146
36 266 31 142
35 260 33 141
35 255 33 142
33 251 28 148
33 247 31 145
32 275 30 146
32 252 30 149
31 264 28 148
34 251 29 146
36 258 32 142
32 263 30 147
32 254 28 148
33 261 33 142
34 261 32 142
34 259 33 142
34 257 31 144
34 259 33 142
34 256 30 145
35 257 30 144
34 259 31 143
35 257 30 144
34 259 31 143
35 257 30 144
35 257 30 144
35 257 30 144
35 257 30 144
35 257 30 144
36 273 33 141
35 262 34 141
34 302 28 148
34 258 34 144
33 248 31 146
32 276 30 147
32 256 30 149
33 249 31 145
35 253 29 146
35 267 33 142
36 270 31 142
34 269 30 145
34 262 31 143
35 258 30 145
34 270 29 146
36 273 33 141
35 259 31 143
35 259 30 144
35 259 30 144
38 259 34 144
36 285 32 142
36 260 30 148
35 272 34 141
35 261 29 146
34 255 31 145
33 270 32 145
33 261 32 147
37 274 33 142
35 270 30 145
35 281 33 142
34 285 30 146
35 262 31 143
36 275 33 141
34 268 32 143
36 265 30 144
35 264 34 142
33 272 31 145
40 303 34 141
35 262 29 146
35 262 29 146
33 279 33 146
33 278 33 147
38 274 33 142
36 267 30 144
34 288 30 146
35 269 31 143
35 263 31 145
34 269 34 144
35 262 33 143
34 282 31 145
37 264 31 144
36 265 30 145
34 288 30 146
35 265 31 144
34 275 33 143
34 288 30 146
38 285 31 143
37 273 32 143
36 267 29 149
34 304 31 145
38 274 30 144
35 273 29 147
35 269 31 145
35 272 30 146
37 271 29 146
41 297 30 144
38 294 29 146
38 292 34 143
38 274 30 145
35 277 32 146
34 308 31 145
35 302 30 146
36 290 30 146
36 281 31 146
36 283 31 145
48 356 31 144
40 278 30 145
38 301 29 146
38 279 34 148
36 287 33 146
36 304 30 146
38 280 33 145
45 362 29 157
40 305 31 145
38 302 33 146
38 283 33 151
41 296 30 146
39 312 30 146
39 289 33 145
40 305 30 146
39 289 33 145
39 289 33 145
39 289 33 145
39 289 33 145
46 350 30 147
45 375 29 157
41 337 33 147
40 292 33 148
39 305 33 149
43 351 31 147
39 314 30 148
45 339 30 150
41 330 32 155
41 301 33 149
53 397 32 152
41 307 36 149
41 304 33 150
44 339 36 149
33 252 33 140
33 238 28 146
33 238 28 146
32 261 30 142
32 255 26 154
31 259 27 158
30 239 30 145
32 249 29 144
32 245 27 149
33 242 29 145
31 240 29 146
31 252 31 143
32 255 26 154
31 253 29 144
30 239 30 145
30 260 29 156
32 245 27 149
31 259 27 158
32 255 26 154
32 255 26 154
31 245 28 147
33 245 29 144
31 252 31 143
32 255 26 154
32 249 29 144
32 244 31 141
33 245 29 144
33 238 28 146
32 244 30 143
31 252 31 143
33 243 28 145
32 244 30 143
30 242 30 144
32 255 26 154
31 253 29 144
33 242 29 145
33 238 28 146
31 245 28 147
33 243 28 145
31 253 29 144
31 240 29 146
30 239 30 145
30 239 30 145
33 245 29 144
33 245 29 144
33 243 28 145
33 243 28 145
33 242 29 145
33 242 29 145
33 242 29 145
33 242 29 145
33 242 29 145
33 242 29 145
33 242 29 145
33 242 29 145
33 242 29 145
33 242 29 145
33 242 29 145
33 242 29 145
33 238 28 146
33 238 28 146
33 238 28 146
33 238 28 146
33 238 28 146
33 238 28 146
33 238 28 146
33 238 28 146
33 238 28 146
33 238 28 146
33 238 28 146
33 238 28 146
33 238 28 146
33 238 28 146
33 238 28 146
33 238 28 146
33 238 28 146
33 238 28 146
33 238 28 146
33 238 28 146
33 238 28 146
32 255 26 154
32 255 26 154
32 255 26 154
32 255 26 154
32 255 26 154
32 255 26 154
32 255 26 154
32 255 26 154
32 255 26 154
32 255 26 154
31 253 29 144
31 253 29 144
31 253 29 144
31 253 29 144
31 253 29 144
31 253 29 144
31 253 29 144
31 252 31 143
31 252 31 143
31 243 29 145
30 239 30 145
30 239 30 145
30 239 30 145
30 239 30 145
30 239 30 145
30 239 30 145
30 239 30 145
30 239 30 145
30 239 30 145
35 258 29 144
35 240 30 145
34 254 33 140
33 257 26 154
32 265 29 144
32 259 26 154
31 244 30 144
33 248 27 149
33 242 28 146
32 257 27 153
34 245 28 145
34 254 33 140
34 246 27 149
31 253 31 143
34 254 33 140
32 244 31 142
32 246 30 143
32 244 31 142
32 244 31 142
31 244 30 144
32 244 31 142
32 245 31 141
31 241 30 145
31 244 30 144
34 246 27 149
34 254 33 140
32 244 31 142
34 254 33 140
34 254 33 140
34 254 33 140
34 254 33 140
34 254 33 140
34 254 33 140
34 254 33 140
34 254 33 140
34 254 33 140
34 254 33 140
34 254 33 140
34 254 33 140
34 254 33 140
34 254 33 140
34 254 33 140
34 254 33 140
34 246 27 149
32 244 31 142
32 244 31 142
32 244 31 142
32 244 31 142
32 244 31 142
32 244 31 142
32 244 31 142
31 244 30 144
31 244 30 144
42 313 26 154
35 244 30 144
34 257 33 140
31 247 31 144
35 259 29 144
33 281 30 143
34 248 27 149
33 247 28 146
32 256 31 141
32 248 31 142
35 257 28 145
34 249 29 145
35 251 30 143
33 247 31 141
33 255 30 144
33 248 30 145
39 273 30 143
36 267 27 153
35 276 27 152
35 247 31 141
34 258 33 140
32 256 31 143
36 255 28 147
37 248 30 145
33 250 31 142
35 266 29 144
34 258 33 140
38 253 30 144
35 256 28 146
35 247 31 141
34 253 31 141
35 255 29 145
36 256 30 144
35 247 31 141
35 247 31 141
35 247 31 141
35 247 31 141
35 247 31 141
35 247 31 141
35 247 31 141
35 247 31 141
35 247 31 141
35 247 31 141
35 247 31 141
35 247 31 141
35 247 31 141
35 247 31 141
35 247 31 141
35 247 31 141
35 247 31 141
35 247 31 141
35 247 31 141
35 247 31 141
35 247 31 141
35 247 31 141
35 247 31 141
35 247 31 141
35 247 31 141
35 247 31 141
35 247 31 141
35 247 31 141
35 247 31 141
35 247 31 141
35 247 31 141
35 247 31 141
35 247 31 141
35 247 31 141
35 247 31 141
35 247 31 141
35 247 31 141
35 247 31 141
35 247 31 141
35 247 31 141
35 247 31 141
35 247 31 141
35 247 31 141
35 247 31 141
35 247 31 141
35 247 31 141
35 247 31 141
35 247 31 141
35 247 31 141
35 247 31 141
35 247 31 141
35 247 31 141
35 247 31 141
35 247 31 141
35 247 31 141
35 247 31 141
35 247 31 141
35 247 31 141
35 247 31 141
35 247 31 141
35 247 31 141
35 247 31 141
35 247 31 141
35 247 31 141
35 247 31 141
35 247 31 141
35 247 31 141
35 247 31 141
35 247 31 141
35 247 31 141
35 247 31 141
35 247 31 141
35 247 31 141
35 247 31 141
35 247 31 141
35 247 31 141
35 247 31 141
35 247 31 141
35 247 31 141
35 247 31 141
35 247 31 141
35 247 31 141
35 247 31 141
35 247 31 141
35 247 31 141
35 247 31 141
35 247 31 141
35 247 31 141
35 247 31 141
35 247 31 141
35 247 31 141
35 247 31 141
35 247 31 141
35 247 31 141
35 247 31 141
35 247 31 141
35 247 31 141
35 247 31 141
35 247 31 141
35 247 31 141
35 247 31 141
35 247 31 141
35 247 31 141
35 247 31 141
35 247 31 141
35 247 31 141
35 247 31 141
35 247 31 141
35 247 31 141
35 247 31 141
35 247 31 141
35 247 31 141
35 247 31 141
35 247 31 141
35 247 31 141
35 247 31 141
35 247 31 141
35 247 31 141
35 247 31 141
35 247 31 141
35 247 31 141
35 247 31 141
35 247 31 141
35 247 31 141
35 247 31 141
35 247 31 141
35 247 31 141
35 247 31 141
35 247 31 141
35 247 31 141
35 247 31 141
35 247 31 141
35 247 31 141
35 247 31 141
35 247 31 141
35 247 31 141
35 247 31 141
35 247 31 141
35 247 31 141
35 247 31 141
35 247 31 141
35 247 31 141
35 247 31 141
35 247 31 141
35 247 31 141
35 247 31 141
35 247 31 141
35 247 31 141
35 247 31 141
39 283 30 143
37 266 28 146
35 259 30 147
35 249 31 141
34 250 33 143
32 262 31 143
37 254 30 145
35 276 30 144
37 267 30 144
41 279 28 146
37 274 29 148
35 251 31 141
35 251 31 141
37 261 30 145
36 276 30 144
37 268 30 144
35 265 30 147
35 251 31 141
41 285 28 146
35 252 31 141
37 267 30 145
38 282 30 144
43 296 28 151
37 256 31 141
35 253 34 141
37 268 30 145
43 293 30 144
36 265 31 142
35 257 33 141
36 253 31 143
35 259 31 143
35 255 31 144
37 256 31 141
37 256 31 141
37 256 31 141
37 256 31 141
37 274 30 145
37 264 31 141
37 255 31 144
35 273 31 143
36 262 31 144
37 256 31 142
37 264 31 141
39 274 31 141
38 296 30 146
37 271 34 141
37 255 31 148
38 255 31 144
37 256 31 143
37 262 31 142
38 259 31 142
37 262 31 142
37 262 31 142
39 276 31 141
39 276 31 141
39 276 31 141
39 272 31 142
38 268 31 143
38 262 31 144
37 274 31 142
37 267 31 147
40 265 33 147
39 282 31 141
39 276 34 141
37 268 31 149
39 269 31 143
38 282 31 142
40 286 31 141
39 281 34 142
39 271 31 143
38 303 31 142
38 303 31 142
40 280 34 141
43 303 31 141
39 291 31 145
39 282 34 142
48 333 31 143
45 345 33 146
40 303 36 143
40 301 33 149
35 258 30 144
34 257 33 141
34 257 33 141
34 237 29 147
32 268 27 150
31 263 27 154
30 260 29 157
30 251 30 146
31 263 27 154
34 257 33 141
34 255 31 142
35 258 30 144
33 243 31 146
34 237 29 147
34 255 31 142
34 238 28 148
33 255 33 142
32 247 31 143
32 247 31 143
31 251 31 144
31 246 30 145
30 251 30 146
31 263 27 154
35 258 30 144
34 255 31 142
34 238 28 148
34 238 28 148
30 251 30 146
32 268 27 150
33 263 27 150
31 245 28 149
33 255 33 142
32 247 31 143
30 251 30 146
34 238 28 148
33 241 29 147
34 238 28 148
33 244 29 146
32 247 31 143
31 246 30 145
34 257 33 141
34 255 31 142
35 258 30 144
34 257 33 141
34 255 31 142
34 255 31 142
34 238 28 148
34 237 29 147
32 247 31 143
31 251 31 144
31 246 30 145
30 251 30 146
34 257 33 141
34 237 29 147
33 244 29 146
33 243 31 146
33 242 28 148
33 242 28 148
33 241 29 147
32 245 31 144
31 246 30 145
35 258 30 144
35 258 30 144
35 258 30 144
35 258 30 144
35 258 30 144
34 257 33 141
34 257 33 141
34 257 33 141
34 257 33 141
34 257 33 141
34 257 33 141
34 257 33 141
34 257 33 141
34 257 33 141
34 257 33 141
34 257 33 141
34 257 33 141
34 257 33 141
34 257 33 141
34 257 33 141
34 257 33 141
34 257 33 141
34 257 33 141
34 257 33 141
34 257 33 141
34 257 33 141
34 257 33 141
34 257 33 141
34 257 33 141
34 257 33 141
34 257 33 141
34 257 33 141
34 257 33 141
34 257 33 141
34 257 33 141
34 257 33 141
34 257 33 141
34 257 33 141
34 257 33 141
34 257 33 141
34 255 31 142
34 255 31 142
34 255 31 142
34 255 31 142
34 255 31 142
34 255 31 142
34 255 31 142
34 255 31 142
34 255 31 142
34 255 31 142
34 255 31 142
34 255 31 142
34 255 31 142
34 255 31 142
34 255 31 142
34 255 31 142
34 255 31 142
34 255 31 142
34 255 31 142
34 255 31 142
34 255 31 142
34 255 31 142
34 255 31 142
34 255 31 142
34 255 31 142
34 255 31 142
34 255 31 142
34 255 31 142
34 255 31 142
34 255 31 142
34 255 31 142
34 255 31 142
34 255 31 142
34 255 31 142
34 255 31 142
34 255 31 142
34 238 28 148
34 238 28 148
34 238 28 148
34 238 28 148
34 238 28 148
34 238 28 148
34 238 28 148
34 238 28 148
34 238 28 148
34 238 28 148
34 238 28 148
34 238 28 148
34 238 28 148
34 238 28 148
34 238 28 148
34 238 28 148
34 238 28 148
34 238 28 148
34 238 28 148
34 238 28 148
34 238 28 148
34 238 28 148
34 238 28 148
34 238 28 148
34 238 28 148
34 238 28 148
34 238 28 148
34 238 28 148
34 238 28 148
34 238 28 148
34 238 28 148
34 238 28 148
34 238 28 148
34 238 28 148
34 238 28 148
34 238 28 148
34 237 29 147
34 237 29 147
34 237 29 147
34 237 29 147
34 237 29 147
34 237 29 147
34 237 29 147
34 237 29 147
34 237 29 147
34 237 29 147
34 237 29 147
33 263 27 150
33 263 27 150
33 255 33 142
33 255 33 142
33 255 33 142
33 255 33 142
33 255 33 142
33 255 33 142
33 255 33 142
33 255 33 142
33 255 33 142
33 255 33 142
33 255 33 142
33 255 33 142
33 245 28 147
33 245 28 147
33 245 28 147
33 245 28 147
33 244 29 146
33 243 31 146
33 243 31 146
33 243 31 146
33 243 31 146
33 243 31 146
33 243 31 146
33 242 28 148
33 241 29 147
33 241 29 147
33 241 29 147
33 241 29 147
33 241 29 147
33 241 29 147
33 241 29 147
32 268 27 150
32 268 27 150
32 268 27 150
32 247 31 143
32 247 31 143
32 247 31 143
32 247 31 143
32 247 31 143
32 247 31 143
32 247 31 143
32 247 31 143
32 247 31 143
32 247 31 143
32 245 31 144
32 245 31 144
32 245 31 144
32 245 31 144
31 263 27 154
31 263 27 154
31 263 27 154
31 263 27 154
31 263 27 154
31 263 27 154
31 263 27 154
31 263 27 154
31 251 31 144
31 251 31 144
31 251 31 144
31 251 31 144
31 251 31 144
31 251 31 144
31 251 31 144
31 251 31 144
31 251 31 144
31 251 31 144
31 246 30 145
31 246 30 145
31 246 30 145
31 246 30 145
31 246 30 145
30 251 30 146
30 251 30 146
30 251 30 146
30 251 30 146
30 251 30 146
30 251 30 146
30 251 30 146
30 251 30 146
30 251 30 146
30 251 30 146
30 251 30 146
30 251 30 146
30 251 30 146
39 303 29 146
34 261 33 141
34 243 28 148
33 267 27 150
32 267 28 160
30 261 29 157
32 277 29 156
36 271 28 147
37 262 28 147
34 244 31 146
30 252 30 146
31 247 30 145
30 261 29 157
34 257 31 142
35 266 30 144
32 248 31 143
35 256 31 142
34 251 29 147
34 245 30 147
30 261 29 157
30 261 29 157
30 261 29 157
30 261 29 157
30 261 29 157
30 261 29 157
30 261 29 157
30 261 29 157
37 266 29 147
36 262 33 141
36 243 28 148
34 287 27 150
34 257 33 143
32 281 29 156
34 255 31 144
35 278 27 150
35 271 30 145
32 247 30 146
33 258 31 143
35 263 31 142
36 262 33 141
34 258 33 142
34 263 33 141
36 262 33 141
36 262 33 141
41 334 27 150
37 318 27 154
36 276 34 141
34 250 32 146
33 262 30 147
41 309 29 147
39 273 30 145
37 282 29 151
35 254 31 146
38 261 28 149
34 263 31 143
37 286 28 148
38 264 28 148
36 254 30 146
34 259 33 143
37 270 33 141
34 260 33 142
36 267 31 142
34 260 33 142
46 342 29 147
45 400 27 150
43 371 27 154
37 272 33 141
35 252 34 151
34 264 33 142
40 286 28 148
38 313 29 153
43 352 29 147
36 264 32 143
35 265 31 144
34 262 33 145
36 254 30 147
35 257 31 146
36 262 30 146
36 273 31 142
35 263 33 142
35 257 31 146
52 423 29 150
46 386 27 154
41 315 29 156
37 272 34 141
35 264 34 144
35 258 33 150
37 264 30 147
38 291 30 146
37 280 31 143
39 266 32 144
37 275 33 141
36 264 33 142
39 281 31 142
35 273 32 144
37 300 30 146
36 293 30 147
35 267 32 145
35 265 31 146
35 265 31 146
37 275 33 141
35 271 33 142
37 275 33 141
37 275 33 141
35 265 31 146
46 407 29 157
37 277 33 141
36 277 34 143
35 267 31 146
40 286 30 148
39 318 30 147
39 293 31 142
37 275 33 142
37 277 33 141
38 282 31 143
36 276 33 145
42 320 30 148
41 302 33 141
37 279 34 141
40 311 31 142
38 292 31 144
39 281 33 143
39 284 31 143
41 308 31 142
38 293 31 143
37 282 33 142
47 333 30 150
46 344 30 149
45 313 33 142
39 285 37 142
39 281 33 144
38 319 31 154
39 292 31 143
39 286 31 144
39 286 31 144
39 286 31 144
50 426 33 142
39 287 31 144
39 308 31 143
40 303 31 143
53 468 31 143
39 290 31 144
39 287 36 147
40 291 31 144
39 315 31 144
39 297 33 148
42 300 31 144
41 323 32 145
41 299 33 144
44 343 31 144
44 316 33 144
43 324 36 150
43 336 33 147
51 404 32 151
34 254 33 140
34 254 33 140
33 264 27 147
31 236 30 147
29 237 28 148
29 237 28 148
33 263 33 140
34 254 33 140
32 250 31 142
31 236 30 147
32 249 30 143
30 242 29 145
33 243 31 143
30 239 28 146
33 243 31 143
32 250 31 142
31 248 30 144
30 242 29 145
30 242 29 145
29 237 28 148
30 239 28 146
33 243 31 143
33 243 29 144
32 249 30 143
31 264 27 148
31 248 30 144
29 237 28 148
32 244 29 144
31 248 30 144
33 251 31 141
33 251 31 141
33 251 27 148
33 249 31 142
32 249 30 143
32 244 29 144
32 244 29 144
31 236 30 147
30 242 29 145
34 254 33 140
33 251 27 148
30 242 29 145
29 237 28 148
33 251 31 141
33 243 31 143
32 263 27 148
32 250 31 142
32 249 30 143
32 249 30 143
32 244 29 144
31 264 27 148
31 248 30 144
30 250 29 144
30 242 29 145
29 237 28 148
34 254 33 140
34 254 33 140
34 254 33 140
34 254 33 140
34 254 33 140
34 254 33 140
34 254 33 140
34 254 33 140
34 254 33 140
34 254 33 140
34 254 33 140
34 254 33 140
33 251 31 141
33 251 31 141
33 251 31 141
33 251 31 141
33 251 27 148
33 251 27 148
33 251 27 148
33 243 31 143
33 243 31 143
33 243 31 143
33 243 31 143
33 243 31 143
33 243 31 143
33 243 31 143
33 243 31 143
33 243 31 143
33 243 31 143
33 243 31 143
33 243 31 143
33 243 31 143
33 243 29 144
33 243 29 144
33 243 29 144
32 263 27 148
32 263 27 148
32 263 27 148
32 263 27 148
32 250 31 142
32 250 31 142
32 250 31 142
32 250 31 142
32 250 31 142
32 250 31 142
32 250 31 142
32 250 31 142
32 249 30 143
32 249 30 143
32 249 30 143
32 249 30 143
32 249 30 143
32 249 30 143
32 249 30 143
32 249 30 143
32 249 30 143
32 249 30 143
32 249 30 143
32 249 30 143
32 249 30 143
32 249 30 143
32 249 30 143
32 249 30 143
32 249 30 143
32 249 30 143
32 249 30 143
32 249 30 143
32 244 29 144
32 244 29 144
32 244 29 144
32 244 29 144
32 244 29 144
31 264 27 148
31 248 30 144
31 248 30 144
31 248 30 144
31 248 30 144
31 248 30 144
31 248 30 144
31 248 30 144
31 248 30 144
31 248 30 144
31 248 30 144
31 248 30 144
31 248 30 144
31 248 30 144
31 236 30 147
31 236 30 147
31 236 30 147
31 236 30 147
31 236 30 147
31 236 30 147
31 236 30 147
31 236 30 147
31 236 30 147
31 236 30 147
31 236 30 147
31 236 30 147
30 250 29 144
30 250 29 144
30 250 29 144
30 250 29 144
30 250 29 144
30 250 29 144
30 250 29 144
30 242 29 145
30 242 29 145
30 242 29 145
30 242 29 145
30 242 29 145
30 242 29 145
30 242 29 145
30 239 28 146
30 239 28 146
30 239 28 146
30 239 28 146
29 237 28 148
29 237 28 148
29 237 28 148
29 237 28 148
29 237 28 148
29 237 28 148
37 266 28 146
36 260 27 148
35 276 31 141
34 256 33 140
33 265 33 140
33 242 30 147
30 250 30 146
34 263 31 142
32 250 30 143
33 266 27 147
30 250 28 148
33 246 29 144
31 255 29 145
31 255 29 145
33 265 33 140
32 264 27 148
32 262 29 144
32 252 29 145
33 265 33 140
33 265 33 140
32 246 31 145
33 266 27 147
33 265 33 140
32 246 31 145
32 246 31 145
33 266 27 147
33 265 33 140
33 265 33 140
32 264 27 148
33 266 27 147
33 266 27 147
33 266 27 147
33 266 27 147
33 266 27 147
33 266 27 147
33 266 27 147
33 266 27 147
33 266 27 147
33 266 27 147
33 266 27 147
33 265 33 140
33 265 33 140
33 265 33 140
33 265 33 140
33 265 33 140
33 265 33 140
33 265 33 140
33 265 33 140
33 265 33 140
33 265 33 140
33 265 33 140
33 265 33 140
33 265 33 140
33 265 33 140
33 265 33 140
33 265 33 140
33 265 33 140
33 265 33 140
33 265 33 140
33 265 33 140
33 265 33 140
33 265 33 140
33 265 33 140
33 265 33 140
33 265 33 140
33 265 33 140
33 265 33 140
33 265 33 140
33 265 33 140
33 265 33 140
33 265 33 140
33 265 33 140
33 265 33 140
33 265 33 140
33 265 33 140
33 265 33 140
33 265 33 140
33 265 33 140
33 265 33 140
33 265 33 140
33 265 33 140
33 265 33 140
33 265 33 140
33 265 33 140
33 265 33 140
33 265 33 140
33 265 33 140
33 265 33 140
33 265 33 140
33 265 33 140
33 265 33 140
33 265 33 140
33 265 33 140
33 265 33 140
33 265 33 140
33 265 33 140
33 265 33 140
33 265 33 140
33 265 33 140
33 265 33 140
33 265 33 140
33 265 33 140
32 246 31 145
32 246 31 145
53 389 31 141
37 273 27 148
34 257 33 140
33 292 27 148
33 266 33 140
32 251 30 143
38 288 28 146
33 253 29 144
35 264 31 142
34 269 28 147
35 278 27 147
40 301 28 146
35 283 27 147
34 258 33 140
33 274 33 141
33 251 30 145
32 254 31 144
35 270 31 142
32 270 30 143
39 263 30 144
35 261 29 145
37 271 29 144
37 271 29 144
34 260 31 143
37 271 29 144
37 271 29 144
38 274 31 142
35 284 27 147
35 272 29 148
35 262 33 140
35 256 30 147
33 265 30 146
37 283 27 147
36 273 29 145
35 270 30 143
34 264 33 141
34 269 30 145
34 265 33 140
35 260 31 145
35 275 31 142
35 272 29 148
35 272 29 148
35 260 31 145
35 272 29 148
35 272 29 148
38 279 29 148
36 285 27 148
35 266 33 140
35 261 31 145
34 303 31 145
34 270 33 140
34 266 30 147
37 286 30 143
35 286 27 147
35 263 33 141
36 276 31 142
35 277 30 144
42 281 30 145
39 309 30 144
36 279 33 140
36 277 30 147
36 274 34 140
35 292 27 147
35 264 33 141
37 300 31 142
37 287 31 143
36 297 30 145
38 288 31 142
35 264 33 141
35 264 33 141
46 337 31 143
37 293 27 147
37 270 33 141
36 284 33 140
36 283 30 147
36 279 34 140
36 272 33 141
42 319 30 144
45 306 30 146
40 301 31 144
37 293 27 147
39 288 31 146
39 295 31 145
38 307 30 146
36 272 33 141
36 272 33 141
46 366 30 144
39 275 33 141
37 295 27 147
36 287 33 140
42 314 30 146
38 329 30 146
43 327 30 145
37 277 33 141
39 325 30 146
48 391 30 144
37 296 27 147
37 295 33 140
37 284 33 141
36 299 33 144
36 294 33 145
40 333 30 146
42 340 27 147
41 342 30 146
40 309 33 140
38 286 34 142
37 302 27 148
37 302 27 148
37 297 30 147
37 302 27 148
46 361 30 146
42 309 33 141
41 318 27 148
39 302 36 147
38 299 36 148
37 307 30 147
46 347 27 147
41 317 33 144
38 304 33 147
46 349 33 142
39 308 30 147
38 306 33 149
42 321 33 145
39 307 33 147
39 307 33 147
39 307 33 147
39 307 33 147
39 307 33 147
39 307 33 147
46 344 33 145
46 344 33 145
40 312 30 150
39 314 33 147
40 318 31 147
40 318 31 147
40 318 31 147
40 318 31 147
47 345 33 146
40 313 30 150
40 313 30 150
40 331 33 148
44 334 36 148
40 322 30 150
40 314 33 151
