2 0.326617
80 682 39 201
74 610 54 184
69 560 57 192
62 472 38 215
52 442 47 209
71 657 51 195
53 453 47 208
57 478 54 195
53 451 44 210
58 472 42 200
73 499 41 203
62 524 41 208
66 514 41 206
62 515 45 197
62 566 41 199
58 466 46 199
66 514 41 206
57 496 46 209
57 486 47 205
66 514 41 206
66 514 41 206
75 656 45 197
72 573 57 195
72 564 38 215
70 554 60 196
55 443 47 209
53 477 44 216
53 471 44 218
69 544 41 206
75 656 45 197
55 443 47 209
65 502 41 215
58 475 46 199
63 510 44 204
56 493 54 208
55 488 45 210
62 476 45 203
56 493 54 208
70 520 46 198
59 475 45 214
60 499 43 208
59 535 42 208
59 475 45 214
59 475 45 214
55 443 47 209
59 475 45 214
59 475 45 214
59 475 45 214
56 493 54 208
56 493 54 208
55 443 47 209
55 443 47 209
55 443 47 209
55 443 47 209
89 773 40 222
76 606 60 195
59 473 49 224
56 470 54 210
54 471 54 220
84 718 56 197
82 672 42 206
76 606 60 195
76 644 44 206
75 527 52 198
64 548 45 206
84 718 56 197
63 514 43 217
71 545 41 208
69 521 44 207
58 478 46 199
70 533 45 203
57 474 47 210
60 476 47 201
61 484 45 218
59 490 45 214
55 489 51 221
65 533 43 208
60 508 45 213
61 505 45 213
65 528 45 210
59 538 42 208
65 528 45 210
55 489 51 221
65 528 45 210
55 489 51 221
84 718 56 197
84 718 56 197
84 718 56 197
80 685 41 221
80 668 60 198
67 497 45 224
60 480 47 224
58 511 51 219
79 614 60 199
59 483 51 202
73 527 45 215
73 535 45 205
63 510 46 210
69 554 46 200
62 541 42 208
66 494 47 209
70 553 46 202
61 481 49 208
61 486 48 223
60 515 47 201
59 539 49 200
60 487 48 200
59 532 49 202
60 480 47 224
69 554 46 200
69 554 46 200
60 480 47 224
69 554 46 200
69 554 46 200
84 674 42 208
81 676 42 210
78 686 45 205
73 576 60 200
70 519 45 227
59 490 54 217
59 488 51 222
78 609 45 207
62 552 43 209
68 524 46 212
67 531 46 217
78 661 42 211
66 542 45 211
68 535 47 203
64 530 49 201
60 516 47 207
61 496 49 206
63 537 48 201
63 517 53 204
61 564 49 204
59 531 52 209
61 490 48 208
60 497 49 209
78 661 42 211
63 519 49 204
78 661 42 211
85 732 47 207
75 619 49 201
71 586 44 212
69 489 52 224
67 494 59 211
61 493 49 230
59 501 54 225
80 625 45 208
63 492 56 220
67 550 46 225
80 564 52 202
69 539 48 205
73 596 47 208
71 594 50 201
62 517 47 215
75 619 49 201
69 500 53 218
66 495 53 222
66 575 45 216
69 556 44 214
65 580 45 209
75 619 49 201
64 585 51 204
63 504 48 214
61 496 54 220
60 547 49 220
72 563 44 209
60 524 54 207
69 553 54 201
68 519 49 204
64 585 51 204
63 524 49 210
65 514 48 210
61 499 54 208
65 548 47 212
68 576 54 202
63 565 47 210
66 575 45 216
64 585 51 204
66 577 52 201
68 519 49 204
68 519 49 204
66 575 45 216
86 710 51 201
80 719 45 214
71 645 44 222
68 582 64 204
65 513 60 224
63 519 58 243
62 529 50 217
73 600 46 231
77 653 54 202
72 627 61 202
79 604 50 204
69 556 54 205
64 567 49 218
68 582 64 204
66 605 58 206
62 539 56 215
65 513 60 224
71 645 44 222
80 594 56 202
73 613 46 217
71 635 47 209
72 590 60 203
67 547 48 214
71 519 50 217
64 566 52 216
68 598 47 211
65 576 48 212
76 556 48 207
70 570 51 209
76 556 48 207
66 516 52 210
67 589 51 209
63 536 58 215
74 543 57 208
68 531 48 212
63 543 49 227
71 645 44 222
80 719 45 214
67 557 49 211
63 545 53 210
70 618 54 203
77 526 53 209
64 519 54 209
65 515 53 211
74 543 57 208
73 613 46 217
73 560 51 207
63 543 49 227
69 607 49 208
74 543 57 208
64 519 54 209
70 576 49 209
63 554 54 208
64 554 48 229
65 514 48 222
73 562 49 210
71 572 50 206
62 529 50 217
64 554 48 229
73 593 48 208
77 649 49 206
72 604 45 227
62 529 50 217
71 606 45 222
69 607 49 208
65 514 48 222
65 513 60 224
80 719 45 214
76 556 48 207
73 613 46 217
68 582 64 204
65 514 48 222
64 554 48 229
85 692 46 224
72 595 60 203
67 535 67 216
66 516 52 221
63 550 51 225
80 682 49 206
75 574 50 210
81 641 56 203
82 619 55 206
69 570 62 206
70 531 57 213
70 527 61 217
72 634 50 206
72 581 52 208
69 606 53 209
71 520 61 212
68 543 48 217
66 602 49 222
69 554 54 211
72 595 60 203
69 563 56 209
70 604 47 211
66 541 52 213
68 556 49 212
68 556 49 212
72 595 60 203
87 566 50 226
85 540 69 222
81 696 47 214
80 651 57 207
73 530 53 238
71 517 57 223
65 550 54 226
66 545 57 230
72 570 65 210
81 556 61 213
83 668 47 212
77 600 48 220
67 571 57 215
77 642 52 210
72 587 60 212
69 583 52 222
83 684 49 208
68 549 53 223
71 553 54 218
71 601 59 214
75 636 53 212
74 584 49 226
76 686 54 209
76 624 49 212
74 583 56 208
66 552 53 221
71 608 47 216
82 614 53 212
75 600 55 210
77 619 55 209
75 584 49 216
72 606 47 220
69 565 57 216
73 600 49 213
71 558 52 215
75 601 54 212
86 658 47 231
85 747 52 212
84 726 61 210
74 547 61 225
73 673 47 221
69 549 65 226
67 561 58 221
80 702 50 213
76 651 56 211
70 563 53 230
72 610 63 213
77 614 51 217
71 567 53 222
70 591 63 217
69 594 58 215
75 653 48 219
76 618 48 221
69 584 52 228
76 628 51 219
72 573 57 220
71 575 52 215
85 613 51 215
74 613 51 221
70 568 58 220
81 676 54 218
80 639 49 237
78 679 59 212
72 567 62 222
71 598 57 222
74 654 56 215
71 617 55 225
75 600 53 222
79 620 50 224
80 638 51 221
73 576 55 221
99 821 51 221
92 840 65 216
77 585 58 228
73 583 69 223
82 649 52 225
81 721 61 219
80 607 61 225
75 592 67 222
82 662 53 226
77 659 68 224
94 699 65 230
69 567 40 193
61 479 38 207
49 396 44 180
53 436 43 190
66 529 39 205
60 488 42 187
58 466 42 200
63 538 40 195
69 566 39 199
59 468 41 194
59 485 41 193
69 538 39 205
67 532 39 207
62 512 52 185
59 485 41 214
53 418 51 204
63 506 45 187
54 449 43 190
54 445 50 210
53 437 51 199
61 499 42 191
59 488 42 193
59 486 41 194
62 503 42 188
70 544 39 205
69 571 50 188
59 494 41 214
58 443 52 211
57 448 56 209
54 459 45 211
65 529 52 189
56 452 48 198
69 541 42 190
57 470 43 190
62 505 41 194
55 468 51 201
55 460 45 208
70 544 39 205
55 449 51 202
62 504 42 191
56 469 43 192
60 504 42 209
57 454 52 197
62 505 41 194
62 504 42 191
62 504 42 191
62 505 41 194
62 505 41 194
78 637 56 190
73 569 39 208
60 457 57 204
59 500 41 214
55 489 45 209
70 587 51 192
64 488 55 197
62 516 41 194
57 471 51 199
61 463 46 212
59 493 55 196
63 476 44 200
56 475 50 200
59 481 46 206
59 509 43 193
58 466 47 208
56 467 56 209
62 512 41 204
62 487 47 199
59 497 44 208
57 460 51 204
60 493 43 209
60 493 43 209
60 493 43 209
60 493 43 209
90 773 43 195
68 516 41 201
61 528 50 193
61 474 57 205
60 493 46 216
56 480 50 212
83 637 43 197
78 597 41 199
56 478 51 204
69 538 43 198
64 500 56 199
66 485 47 212
67 527 44 193
63 517 48 195
66 554 42 203
63 493 46 211
65 551 44 202
63 564 43 201
61 504 48 208
66 544 45 202
62 504 47 200
60 477 50 207
58 531 47 212
64 539 47 197
59 520 43 203
64 499 56 200
60 475 51 201
62 548 41 208
59 499 45 211
64 476 48 212
59 499 45 211
63 493 46 211
61 537 47 201
64 502 47 204
59 502 51 201
63 493 46 211
64 500 56 199
64 500 56 199
64 500 56 199
64 500 56 199
64 500 56 199
64 500 56 199
64 500 56 199
64 500 56 199
64 500 56 199
64 500 56 199
59 499 45 211
59 499 45 211
59 499 45 211
75 575 41 218
73 590 46 193
68 498 49 223
66 577 59 194
60 477 57 218
57 508 53 207
71 561 42 210
60 517 47 213
69 546 50 198
65 536 46 221
57 490 53 213
72 558 50 195
61 509 58 203
68 589 43 212
64 550 50 196
62 489 54 208
70 505 58 200
62 506 48 204
70 490 51 203
69 549 43 211
64 513 56 202
67 505 48 206
65 537 47 210
63 540 44 206
65 500 55 204
71 517 54 200
64 523 49 203
60 482 50 212
67 548 44 196
62 501 55 207
64 513 45 223
64 541 55 200
68 525 45 222
67 539 45 222
71 559 43 209
63 580 56 196
68 498 49 223
67 539 45 222
66 500 51 208
63 580 56 196
66 500 51 208
64 523 56 200
60 494 50 210
66 500 51 208
63 580 56 196
67 539 45 222
68 498 49 223
83 629 54 193
78 683 62 194
71 592 43 216
67 580 44 226
67 577 64 201
63 484 50 222
60 486 52 216
82 619 54 194
77 556 60 199
64 581 56 196
74 541 48 206
70 575 44 197
60 486 52 216
63 494 63 208
66 553 56 205
69 577 47 199
65 536 53 207
67 527 50 203
62 523 47 213
72 521 53 204
72 501 51 208
65 540 45 212
71 564 46 201
66 554 49 209
71 588 46 196
68 557 48 199
66 582 53 204
62 504 52 210
60 494 50 211
68 560 44 204
67 571 45 208
62 504 52 210
66 563 48 206
66 537 51 210
66 544 48 211
66 554 49 209
71 525 54 201
62 540 52 208
60 486 52 216
66 544 48 211
66 582 53 204
66 582 53 204
66 554 49 209
66 544 48 211
62 504 52 210
62 504 52 210
87 622 44 199
86 758 54 195
78 605 43 220
64 513 63 209
63 550 49 225
60 501 52 212
73 640 47 198
74 579 58 200
83 612 46 200
70 607 49 202
67 553 56 211
64 535 49 214
74 527 49 218
69 560 45 205
73 628 47 200
67 557 46 224
74 592 51 198
86 629 43 218
65 528 47 213
76 586 49 203
68 595 56 199
77 604 53 196
67 565 54 207
80 579 50 197
64 504 50 213
73 570 44 219
73 605 44 202
80 560 50 204
73 561 54 201
77 603 49 201
68 574 50 201
68 581 47 204
80 560 50 204
80 560 50 204
91 676 43 219
90 691 48 199
77 547 72 209
66 512 51 233
66 502 53 228
64 512 62 217
89 654 46 200
82 611 44 214
69 530 60 224
68 584 55 207
81 610 50 203
71 508 52 225
74 567 47 222
67 555 62 215
68 601 51 205
72 528 57 219
66 512 51 233
75 615 53 202
69 578 52 205
91 676 43 219
75 634 44 203
72 583 45 211
67 538 53 220
66 549 48 217
76 632 46 204
65 546 47 227
65 536 51 222
72 566 48 215
81 613 45 209
72 606 57 204
72 584 46 207
65 546 47 227
65 546 47 227
93 721 44 217
81 730 45 220
79 648 55 203
71 553 56 223
70 616 65 207
68 602 48 224
66 559 52 219
86 592 48 215
82 690 45 214
68 565 60 218
76 684 47 207
80 660 51 205
82 636 48 212
71 614 58 210
72 598 57 213
73 578 62 214
78 591 46 217
75 652 54 204
77 623 54 208
76 626 55 206
81 586 49 209
76 585 63 210
73 612 61 207
76 647 49 219
81 647 53 205
74 584 51 216
71 594 54 215
71 604 51 216
76 563 54 217
74 599 56 207
73 592 50 210
70 583 56 215
79 586 50 207
71 607 51 214
73 583 54 215
89 724 47 224
84 699 47 231
81 601 78 209
77 656 55 205
73 564 60 231
67 588 57 219
68 585 65 220
81 613 73 210
87 681 47 226
70 626 52 221
79 670 50 208
77 622 51 215
74 613 48 228
85 654 54 206
68 570 55 221
80 601 50 211
78 643 49 226
73 605 53 216
75 593 51 223
82 692 51 205
75 615 59 207
74 632 51 218
75 624 50 210
78 633 55 206
82 610 49 209
86 654 49 209
83 637 49 226
83 601 54 226
82 695 51 205
77 685 52 227
82 633 50 223
78 636 51 213
88 748 51 216
86 697 65 206
83 633 66 231
78 655 53 216
82 678 61 213
88 663 54 209
84 647 53 224
85 704 52 211
90 673 54 209
86 681 66 214
84 665 57 228
83 736 55 216
83 707 54 228
87 713 60 230
96 782 60 230
82 645 59 189
61 537 39 207
56 450 41 212
51 423 47 199
49 428 46 202
71 580 51 190
69 571 45 191
62 514 43 195
61 475 50 194
54 463 41 204
58 440 40 206
59 472 50 195
54 454 43 199
61 486 45 195
58 436 44 201
55 453 40 197
53 453 46 200
61 451 44 200
54 446 45 197
73 594 55 192
67 597 39 209
67 549 57 195
49 429 46 202
64 530 44 196
58 440 40 207
60 489 40 200
66 567 51 194
54 468 41 204
60 443 52 201
66 567 51 194
55 451 47 199
61 543 42 199
69 561 40 199
56 471 43 202
54 449 45 203
67 458 44 201
68 542 46 195
57 467 43 203
57 486 44 199
67 549 57 195
54 452 45 197
55 451 47 199
58 447 45 203
55 451 45 200
54 452 45 197
67 549 57 195
58 447 45 203
58 447 45 203
58 447 45 203
67 549 57 195
55 451 47 199
55 451 47 199
69 544 57 195
61 492 40 200
60 545 42 203
58 451 40 208
58 436 48 204
51 440 49 205
60 518 44 202
55 461 47 199
59 476 45 197
67 478 44 201
54 471 46 202
57 478 42 206
57 461 45 202
67 478 44 201
55 443 47 205
57 472 43 203
58 451 45 203
73 626 43 200
69 545 57 195
63 496 63 200
58 464 40 210
58 444 48 204
55 457 47 206
62 565 42 204
73 626 43 200
61 507 45 198
63 498 53 199
68 540 46 197
64 543 50 197
62 472 44 208
66 496 56 201
64 543 42 206
59 481 44 206
65 496 40 203
58 502 45 208
60 484 43 203
67 480 44 201
67 503 46 200
60 484 43 203
67 480 44 201
67 480 44 201
67 480 44 201
67 480 44 201
67 480 44 201
60 484 43 203
77 651 63 195
70 608 41 206
61 447 49 207
57 457 49 219
73 598 42 208
58 496 42 213
71 580 47 199
65 510 55 198
68 552 59 197
61 520 60 201
68 554 50 197
58 475 54 209
58 478 46 210
62 485 44 205
62 545 55 200
60 531 49 203
59 483 41 212
67 484 44 201
60 463 50 208
63 550 47 204
63 510 51 202
59 511 51 209
64 508 63 199
63 503 43 208
59 519 51 206
64 547 43 206
64 508 63 199
64 512 63 198
64 511 49 199
59 511 51 209
59 511 51 209
80 632 41 211
74 593 51 197
64 512 63 199
62 531 46 227
60 470 52 212
58 495 50 212
77 539 54 199
64 521 57 200
71 555 53 198
62 534 45 224
60 483 49 217
70 546 46 203
68 585 42 213
65 528 44 218
61 491 51 214
67 491 47 201
61 527 51 210
69 502 44 207
59 521 48 224
64 509 48 206
69 569 43 211
71 562 43 207
62 489 48 212
65 568 43 212
67 518 44 205
71 561 44 202
65 522 45 205
67 551 51 199
63 510 47 207
65 547 49 202
71 585 49 200
65 528 52 203
65 528 44 218
63 568 42 217
64 550 51 200
63 568 42 217
65 528 44 218
71 562 43 207
60 483 49 217
71 585 49 200
60 483 49 217
63 568 42 217
71 585 49 200
71 585 49 200
71 585 49 200
71 562 43 207
63 568 42 217
63 568 42 217
79 600 43 208
77 676 59 197
77 656 63 197
73 622 67 200
72 651 42 217
60 482 53 212
58 539 52 228
79 595 65 198
69 495 47 202
67 521 56 204
62 547 50 221
63 518 49 220
78 589 44 204
74 553 52 201
64 563 46 226
66 554 59 203
65 522 62 208
66 534 50 207
71 618 43 210
71 566 45 203
64 505 48 213
65 535 47 218
67 525 49 202
67 523 44 205
63 501 50 217
71 575 43 216
65 568 48 212
64 523 54 208
72 606 43 211
72 579 51 201
65 551 47 216
64 563 46 226
64 565 51 209
64 553 47 213
72 611 49 201
66 565 49 202
62 547 50 221
65 548 51 210
62 547 50 221
66 549 46 212
65 535 47 218
64 523 54 208
65 568 48 212
64 523 54 208
72 611 49 201
71 618 43 210
72 611 49 201
65 568 48 212
65 568 48 212
65 568 48 212
71 618 43 210
65 535 47 218
64 563 46 226
90 763 63 199
75 504 52 206
74 562 64 201
70 524 48 227
67 532 44 208
62 522 62 219
76 676 44 205
90 763 63 199
73 627 49 201
75 567 59 203
63 549 49 221
66 584 47 218
67 587 52 203
65 560 56 214
66 514 62 215
62 540 55 221
65 568 51 210
71 583 45 205
71 526 56 205
72 508 48 204
62 522 62 219
66 559 55 207
68 571 48 205
70 532 51 206
63 509 50 219
65 579 49 219
66 536 52 209
65 579 49 219
63 509 50 219
90 763 63 199
95 739 47 205
91 708 44 219
79 604 65 201
75 570 66 204
68 520 63 217
66 542 57 230
65 551 62 222
80 659 45 210
79 657 46 213
75 627 57 204
66 581 60 207
67 538 45 214
79 598 48 204
74 621 52 206
73 581 47 209
69 561 47 210
78 569 51 208
66 564 54 209
77 613 51 207
79 604 65 201
67 575 48 209
66 546 52 210
68 581 48 208
87 757 48 206
84 644 65 201
79 656 75 207
78 654 45 215
68 547 46 232
67 542 49 217
66 553 60 220
76 710 53 206
78 659 55 207
75 591 51 212
72 614 50 210
86 632 48 208
68 614 58 213
70 577 54 209
69 597 51 208
78 643 47 211
68 555 45 218
71 570 49 213
69 565 52 214
77 550 46 216
71 581 47 216
69 552 55 214
72 554 49 215
69 582 46 214
86 759 57 209
78 611 64 209
76 594 67 212
73 598 45 228
70 545 56 233
67 587 62 220
75 657 48 214
81 647 47 218
71 547 61 224
80 554 52 222
69 565 63 219
77 618 49 216
76 563 50 228
75 553 55 216
73 636 49 221
74 607 52 210
70 623 51 213
72 601 51 211
73 655 46 223
74 578 45 220
71 611 48 223
73 578 50 216
72 562 53 218
70 572 54 218
71 573 56 213
71 597 53 212
69 572 50 220
72 596 50 216
88 592 53 221
84 704 50 215
78 641 59 211
75 622 45 221
75 560 55 226
74 582 49 239
69 575 53 224
85 689 57 214
79 595 48 227
75 616 45 229
81 635 49 219
82 612 52 221
84 697 58 211
74 608 46 223
77 616 51 221
74 622 53 215
75 571 58 220
75 581 55 219
74 594 51 223
95 798 58 217
88 702 45 221
79 645 70 213
78 660 50 229
77 646 51 223
85 726 52 219
85 667 67 214
84 698 59 221
86 661 64 222
87 657 60 214
90 727 73 218
76 591 41 192
61 509 46 188
61 466 42 209
56 492 38 201
56 452 51 200
51 422 43 208
67 535 41 197
62 526 45 190
57 463 49 198
64 461 39 205
62 506 46 194
58 473 41 199
60 515 42 195
58 459 50 196
57 482 41 206
63 441 44 204
54 462 44 199
63 441 44 204
56 483 43 205
54 471 44 195
56 483 43 205
63 441 44 204
73 586 42 199
72 605 42 199
68 514 46 193
62 508 38 201
56 486 49 232
56 458 51 200
53 445 50 211
59 465 44 221
63 533 42 200
58 450 46 213
55 479 50 209
60 502 40 201
57 492 44 195
62 505 39 207
62 497 41 202
58 487 48 201
63 484 41 204
57 484 43 208
59 504 41 205
60 493 42 201
56 458 51 200
59 485 48 200
57 489 43 205
57 489 43 205
57 489 43 205
56 458 51 200
56 458 51 200
75 601 43 199
71 592 48 193
70 463 55 205
69 587 58 195
64 520 38 201
62 480 49 220
54 466 50 211
71 570 51 195
63 550 40 209
65 484 44 210
56 475 51 200
62 493 47 203
61 525 42 203
58 497 44 200
64 503 48 199
60 486 43 209
64 516 41 206
62 506 43 202
61 514 43 208
60 515 44 196
63 504 42 205
65 484 44 210
83 705 46 198
80 654 54 193
69 587 61 195
64 521 38 201
61 494 46 232
60 471 59 217
54 473 50 211
58 513 45 223
74 612 49 198
71 604 53 194
79 684 46 199
68 544 50 199
60 471 59 217
65 485 44 210
69 587 61 195
63 503 46 205
61 537 42 217
69 499 43 214
65 540 51 197
64 495 49 215
56 478 51 202
62 535 42 211
59 478 51 200
61 533 43 203
61 501 47 200
61 509 44 202
59 497 48 201
59 532 46 202
65 497 44 204
60 471 59 217
65 499 44 201
61 527 44 200
65 497 44 204
61 527 44 200
61 525 46 200
61 527 44 200
65 497 44 204
65 499 44 201
65 499 44 201
61 527 44 200
83 700 46 199
80 717 46 199
79 654 64 195
79 650 76 196
64 522 38 201
61 512 46 222
61 472 59 217
58 482 52 205
72 603 60 197
65 504 45 211
63 549 43 203
69 502 49 201
59 478 55 210
80 635 63 196
65 478 53 222
60 509 49 207
63 542 44 200
60 491 51 204
62 486 51 202
62 504 48 200
61 504 47 203
61 488 51 203
79 666 64 195
68 606 38 204
65 477 65 218
61 507 52 231
58 484 57 212
79 627 44 200
70 533 39 201
62 478 55 227
68 585 45 202
63 564 44 209
68 495 52 214
64 542 44 219
66 570 42 205
66 549 51 200
64 551 43 206
60 515 52 213
62 528 49 202
60 522 55 208
61 511 47 203
67 534 47 202
62 478 55 227
64 493 53 205
66 505 54 204
70 527 41 206
68 529 41 206
65 546 44 210
66 491 55 219
68 538 45 203
60 536 50 211
60 536 50 211
62 478 55 227
60 536 50 211
80 712 77 199
74 614 40 201
64 493 59 215
61 513 48 219
59 507 57 215
67 580 65 201
78 577 49 201
68 529 41 208
64 603 46 209
71 497 56 218
67 496 61 207
63 514 52 216
64 513 47 211
65 551 45 206
61 531 58 204
61 557 47 218
70 549 54 201
70 567 48 202
61 538 51 206
64 498 53 219
62 518 47 203
61 538 51 206
62 518 47 203
64 553 49 202
64 493 59 215
61 518 48 207
62 518 47 203
62 518 47 203
61 538 51 206
76 614 49 202
74 627 42 201
71 545 41 213
71 515 65 220
67 587 45 225
61 525 50 220
65 563 56 204
68 528 62 203
62 526 54 212
64 550 49 207
69 516 49 220
66 523 51 223
67 534 47 203
63 523 54 214
69 527 56 204
68 531 42 208
67 523 51 207
68 531 42 208
63 523 54 214
67 523 51 207
61 525 50 220
61 525 50 220
68 531 42 208
67 523 51 207
63 523 54 214
80 673 67 201
72 528 63 206
71 561 41 213
68 532 55 231
62 551 50 221
63 546 56 225
79 652 42 202
71 572 43 211
65 580 50 214
78 624 64 203
67 550 47 206
75 604 66 204
66 540 55 231
78 629 44 205
70 590 44 215
76 665 52 204
66 605 53 213
69 556 45 219
72 594 48 205
77 666 49 202
72 538 45 224
74 536 49 213
80 673 67 201
67 528 56 220
67 539 54 216
71 561 41 213
69 536 54 205
76 554 48 205
69 539 50 218
74 536 49 213
68 536 53 213
66 552 50 220
66 540 55 231
80 673 67 201
71 561 41 213
71 561 41 213
66 540 55 231
95 790 48 204
81 687 49 202
77 604 41 213
73 636 70 205
73 539 63 234
64 553 50 222
69 546 66 227
66 560 50 221
75 644 46 212
69 551 61 223
70 543 56 207
80 632 44 205
81 604 43 212
71 547 54 211
74 557 49 224
67 581 47 206
76 540 56 225
67 559 56 209
72 574 44 222
71 552 52 210
72 567 51 209
71 589 44 213
68 563 47 213
72 577 50 208
69 553 51 212
67 566 52 208
72 560 50 213
95 728 47 205
81 672 41 216
79 653 73 205
73 546 58 211
64 566 53 233
87 682 51 205
70 553 59 213
78 557 50 225
82 713 45 214
72 636 46 220
68 601 50 207
75 638 47 212
82 699 46 214
68 563 49 217
65 574 53 222
67 559 56 213
68 591 52 208
78 660 53 206
66 570 59 221
67 579 53 208
70 556 54 214
71 575 47 214
67 593 50 215
67 597 48 211
67 597 48 211
67 574 52 215
68 564 47 221
89 789 45 220
88 700 76 205
74 614 47 227
71 554 63 227
68 583 52 220
81 749 46 216
74 578 66 219
86 702 47 214
81 678 65 206
74 625 50 209
74 598 56 208
83 566 55 219
79 604 53 209
81 679 47 224
77 619 48 213
69 573 49 225
71 605 51 210
77 589 47 225
71 605 52 207
70 606 52 207
69 581 55 213
74 588 48 214
88 681 50 209
80 639 47 226
80 629 47 234
78 721 48 227
76 617 73 207
68 590 55 220
72 611 67 211
69 623 59 215
86 617 48 230
80 670 50 215
75 603 53 223
79 677 49 233
83 681 52 212
75 689 53 215
81 597 53 225
70 617 54 208
83 670 48 216
77 611 52 216
76 592 56 216
75 608 50 219
91 787 50 215
88 632 57 241
87 685 54 208
78 644 50 222
76 601 67 222
73 674 56 231
81 656 57 215
80 643 53 217
79 677 54 215
92 728 53 218
89 758 50 227
87 662 58 223
78 617 56 187
78 617 56 187
49 407 39 188
49 407 39 188
78 617 56 187
78 617 56 187
78 617 56 187
49 407 39 188
73 584 52 190
63 494 40 211
61 515 53 188
59 436 55 197
51 417 50 214
50 433 43 203
56 463 45 193
66 547 44 198
55 473 41 203
57 506 40 205
66 534 40 203
66 544 44 199
62 512 53 189
62 512 53 189
66 547 44 198
80 674 49 193
64 531 53 189
59 528 40 208
54 456 45 214
52 419 50 214
52 419 50 214
71 595 47 194
68 515 44 203
62 492 46 196
55 473 41 204
56 462 43 206
65 552 42 203
66 549 44 198
65 528 52 195
56 452 49 207
58 470 46 198
64 527 45 203
60 472 44 204
66 549 44 198
54 462 49 203
52 419 50 214
54 462 49 203
54 456 45 214
66 549 44 198
54 462 49 203
78 619 60 193
74 643 47 195
61 529 40 208
58 465 50 216
55 445 54 215
69 585 43 203
59 471 54 209
62 500 57 205
66 560 44 198
56 478 41 207
60 476 50 214
67 550 41 204
60 523 49 202
64 516 47 200
63 494 49 196
64 520 46 196
66 541 42 204
65 525 44 205
61 505 45 204
66 514 46 203
62 536 44 205
61 512 50 203
61 512 50 203
61 512 50 203
78 634 60 193
78 634 60 193
77 705 52 196
71 532 64 197
67 478 50 217
61 528 41 207
59 493 46 221
56 496 46 208
74 675 52 197
72 594 53 197
62 563 54 204
63 491 46 216
75 567 51 199
78 608 44 200
78 630 60 194
58 505 41 210
69 535 64 201
66 555 51 204
68 564 48 201
60 519 43 207
58 482 50 214
59 495 46 214
61 482 49 209
69 538 50 206
67 478 50 217
70 549 42 204
70 544 49 201
70 549 42 204
78 630 60 194
70 549 42 204
67 478 50 217
61 494 43 207
70 549 42 204
82 605 45 205
81 660 54 200
78 634 60 195
74 573 69 200
63 532 41 207
63 487 49 216
59 487 52 226
58 512 51 209
68 597 61 205
76 615 55 201
79 643 54 201
58 492 51 221
72 591 53 203
75 591 58 201
61 509 49 211
72 571 56 205
60 496 46 221
76 596 49 202
61 497 49 214
62 497 43 207
69 544 56 206
69 544 56 206
74 600 52 205
68 496 43 214
58 515 46 208
69 601 55 206
63 487 49 216
70 598 56 202
60 520 41 210
68 597 61 205
60 520 41 210
61 518 45 209
61 511 52 210
63 487 49 216
72 591 53 203
70 598 56 202
70 598 56 202
58 515 46 208
58 515 46 208
72 591 53 203
69 544 56 206
68 597 61 205
85 708 51 203
76 599 55 202
70 589 60 206
65 501 53 221
60 521 41 210
60 518 48 214
63 574 49 207
80 626 49 205
77 583 42 208
81 652 53 202
75 600 53 205
62 520 43 211
60 524 46 208
62 507 48 218
75 673 44 209
66 509 54 217
60 518 48 214
64 512 44 217
85 696 52 203
65 501 53 221
83 670 51 204
61 515 46 208
64 510 45 207
83 670 51 204
85 696 52 203
68 509 53 214
68 509 53 214
60 518 48 214
85 696 52 203
68 509 53 214
65 501 53 221
82 652 50 205
76 671 43 211
67 502 58 230
60 521 41 212
63 515 54 215
71 605 47 210
69 511 53 220
65 512 52 230
76 570 45 210
70 621 50 207
77 647 47 208
71 575 48 207
78 658 42 208
64 513 52 217
80 670 50 206
65 531 45 211
61 542 49 208
69 511 53 220
64 551 46 211
61 516 49 212
69 550 53 207
64 551 46 211
65 519 49 210
82 717 43 211
71 598 51 207
65 531 58 211
63 520 56 213
62 525 41 213
61 522 47 222
73 627 49 207
67 522 52 219
66 523 42 214
73 576 48 210
62 542 54 210
69 598 45 212
63 559 51 208
69 609 49 208
70 523 50 212
65 531 58 211
66 543 53 211
73 619 45 211
63 520 56 213
63 520 56 213
86 675 48 210
85 722 48 211
80 665 42 217
80 622 56 207
73 538 68 212
66 525 58 222
62 526 59 220
62 525 48 232
72 652 55 208
65 528 46 223
77 552 53 212
80 584 57 211
74 615 50 208
81 586 53 211
64 549 51 214
70 596 56 209
66 582 44 215
68 601 52 209
62 533 48 228
69 540 45 218
69 563 58 208
71 526 48 216
62 533 48 228
73 613 49 212
65 572 53 213
67 546 43 222
67 550 45 220
66 527 49 219
65 551 47 221
68 570 51 213
74 558 54 212
62 553 54 215
62 530 56 214
71 534 45 213
65 537 50 220
65 533 49 221
67 589 51 212
65 541 48 217
67 560 52 212
67 545 46 221
94 743 58 208
81 680 43 217
80 527 51 216
69 558 69 214
62 542 61 230
62 536 52 241
84 651 51 211
83 680 50 211
66 527 49 220
70 584 60 210
66 562 47 226
67 550 54 218
73 595 55 212
75 637 44 217
72 535 46 226
63 546 52 230
69 618 57 213
76 624 59 209
75 550 50 219
66 606 51 215
72 570 48 213
81 575 59 208
65 553 52 215
73 600 61 209
79 629 45 213
71 617 52 211
79 627 46 218
78 601 52 209
63 561 55 218
75 621 47 213
62 543 58 215
95 808 65 209
81 681 46 220
75 626 46 232
67 543 66 219
66 529 60 223
65 553 59 215
87 725 58 211
71 602 48 227
84 676 47 231
83 702 49 213
73 533 55 230
68 566 52 217
66 589 57 216
77 647 53 212
66 545 50 222
67 573 56 215
72 618 49 218
76 653 48 218
76 693 49 215
70 544 62 215
79 635 60 211
73 607 56 213
71 613 51 216
69 529 60 222
70 563 54 216
76 633 62 211
67 541 55 223
71 625 59 212
67 555 49 223
78 606 48 218
75 635 48 219
92 689 61 213
89 702 73 211
86 743 50 214
78 691 49 222
74 544 56 232
66 547 59 233
65 566 65 230
80 687 51 217
71 557 68 225
77 665 54 215
72 609 62 215
79 628 49 220
67 584 59 221
87 733 50 213
72 635 50 218
76 590 55 217
75 658 49 224
75 573 57 215
69 571 50 222
74 634 49 226
74 569 49 229
80 648 58 216
80 593 51 227
76 636 50 218
75 629 63 216
71 650 54 224
71 600 56 225
78 597 56 219
88 670 61 219
84 661 50 220
78 639 51 224
78 628 62 220
78 667 50 220
99 721 60 220
88 755 56 223
80 667 50 229
79 648 51 229
87 681 58 226
90 719 56 228
88 726 58 230
82 669 65 238
