118 2.35653
34 276 31 141
34 275 33 140
34 271 33 141
33 288 30 142
32 249 28 150
29 251 26 152
28 257 28 152
31 259 29 144
32 283 27 147
31 255 30 144
33 275 27 146
33 268 32 142
32 274 29 143
30 250 28 150
30 266 28 147
33 268 32 142
31 259 29 144
30 250 28 150
32 269 30 143
34 276 31 141
33 268 32 142
32 269 30 143
32 269 30 143
29 251 26 152
28 257 28 152
33 277 33 141
30 260 27 148
34 276 31 141
34 276 31 141
33 268 32 142
29 251 26 152
28 257 28 152
33 288 30 142
32 283 27 147
33 267 31 143
32 252 29 145
32 252 29 145
30 260 27 148
29 258 28 148
29 257 28 149
34 276 31 141
34 276 31 141
34 275 33 140
33 268 32 142
31 259 29 144
31 251 29 147
30 255 29 146
30 250 28 150
29 257 28 149
29 251 26 152
28 258 28 151
28 258 28 151
31 255 30 144
29 253 28 150
34 276 31 141
34 276 31 141
34 275 33 140
34 273 32 141
34 271 33 141
34 271 33 141
34 270 29 143
34 270 29 143
33 277 33 141
33 272 31 142
33 272 31 142
33 267 31 143
32 274 29 143
32 273 31 142
32 269 30 143
32 249 28 150
31 259 29 144
31 251 29 147
31 251 29 147
30 266 28 147
30 250 28 150
29 253 28 150
28 258 28 151
34 276 31 141
34 276 31 141
34 276 31 141
34 276 31 141
34 276 31 141
34 276 31 141
34 276 31 141
34 276 31 141
34 276 31 141
34 276 31 141
34 276 31 141
34 276 31 141
34 276 31 141
34 276 31 141
34 276 31 141
34 276 31 141
34 276 31 141
34 276 31 141
34 276 31 141
34 276 31 141
34 276 31 141
34 276 31 141
34 276 31 141
34 276 31 141
34 276 31 141
34 276 31 141
34 276 31 141
34 276 31 141
34 276 31 141
34 276 31 141
34 276 31 141
34 276 31 141
34 276 31 141
34 276 31 141
34 276 31 141
34 276 31 141
34 276 31 141
34 276 31 141
34 276 31 141
34 276 31 141
34 276 31 141
34 276 31 141
34 276 31 141
34 276 31 141
34 276 31 141
34 276 31 141
34 276 31 141
34 276 31 141
34 276 31 141
34 276 31 141
34 276 31 141
34 276 31 141
34 276 31 141
34 276 31 141
34 276 31 141
34 276 31 141
34 276 31 141
34 276 31 141
34 276 31 141
34 276 31 141
34 276 31 141
34 276 31 141
34 276 31 141
34 276 31 141
34 276 31 141
34 276 31 141
34 276 31 141
34 276 31 141
34 276 31 141
34 276 31 141
34 276 31 141
34 276 31 141
34 276 31 141
34 276 31 141
34 276 31 141
34 276 31 141
34 276 31 141
34 276 31 141
34 276 31 141
34 276 31 141
34 276 31 141
34 276 31 141
34 276 31 141
34 276 31 141
34 276 31 141
34 276 31 141
34 276 31 141
34 276 31 141
34 276 31 141
34 276 31 141
34 276 31 141
34 276 31 141
34 276 31 141
34 276 31 141
34 276 31 141
34 276 31 141
34 276 31 141
34 276 31 141
34 276 31 141
34 276 31 141
34 276 31 141
34 276 31 141
34 276 31 141
34 276 31 141
34 276 31 141
34 276 31 141
34 276 31 141
34 276 31 141
34 276 31 141
34 276 31 141
34 276 31 141
34 276 31 141
34 276 31 141
34 276 31 141
34 276 31 141
34 276 31 141
34 276 31 141
34 276 31 141
34 276 31 141
34 276 31 141
34 276 31 141
34 276 31 141
34 276 31 141
34 276 31 141
34 276 31 141
34 276 31 141
34 276 31 141
34 276 31 141
34 276 31 141
34 276 31 141
34 276 31 141
34 276 31 141
34 276 31 141
34 276 31 141
34 276 31 141
34 276 31 141
34 276 31 141
34 276 31 141
34 276 31 141
34 276 31 141
34 276 31 141
34 276 31 141
34 276 31 141
34 276 31 141
34 276 31 141
34 276 31 141
34 276 31 141
34 276 31 141
34 276 31 141
34 275 33 140
34 275 33 140
34 275 33 140
34 275 33 140
34 275 33 140
34 271 33 141
34 271 33 141
34 271 33 141
34 271 33 141
33 277 33 141
33 277 33 141
33 277 33 141
33 272 31 142
33 272 31 142
33 272 31 142
33 272 31 142
33 268 32 142
33 268 32 142
33 268 32 142
33 268 32 142
33 268 32 142
33 268 32 142
33 268 32 142
33 268 32 142
33 268 32 142
33 268 32 142
33 268 32 142
33 268 32 142
32 273 31 142
32 269 30 143
32 269 30 143
32 269 30 143
32 269 30 143
32 269 30 143
32 269 30 143
32 269 30 143
32 258 28 145
32 258 28 145
32 258 28 145
32 249 28 150
32 249 28 150
32 249 28 150
31 260 28 145
31 259 29 144
31 259 29 144
31 259 29 144
31 259 29 144
31 259 29 144
31 259 29 144
31 259 29 144
31 259 29 144
31 259 29 144
31 255 30 144
30 250 28 150
30 250 28 150
30 250 28 150
29 257 28 149
29 257 28 149
29 251 26 152
29 251 26 152
28 257 28 152
28 257 28 152
28 257 28 152
42 340 29 143
34 277 33 140
33 280 33 141
31 258 26 152
31 252 28 150
30 273 28 151
30 257 30 154
34 311 27 148
39 300 27 151
32 261 28 145
34 272 33 141
33 273 31 142
34 277 31 141
32 267 29 144
32 274 31 142
33 269 30 143
32 270 30 143
32 265 30 144
34 277 31 141
34 277 33 140
34 277 31 141
42 351 29 143
34 278 33 140
33 262 28 150
31 264 26 152
35 294 30 143
33 273 28 145
36 277 31 141
34 286 29 144
32 274 32 142
32 278 31 142
34 275 31 142
36 276 30 143
34 276 33 141
34 276 33 141
33 276 31 142
32 275 30 144
33 276 31 142
36 277 31 141
34 275 31 142
34 278 31 141
34 278 31 141
40 347 30 143
37 277 34 141
37 267 26 152
34 286 33 140
31 265 28 156
36 295 28 145
31 268 27 152
37 289 29 147
34 276 33 142
34 282 28 150
34 279 31 141
35 291 29 144
34 278 32 141
34 277 30 145
35 291 29 144
41 351 28 149
37 291 33 140
37 279 34 141
34 297 28 151
34 277 34 155
39 337 30 146
35 283 30 153
38 303 30 148
37 312 29 147
35 314 29 150
34 279 31 142
39 317 28 150
34 280 31 141
35 292 33 140
34 280 31 141
44 337 29 149
37 297 33 140
36 297 28 153
34 280 31 142
37 323 30 148
35 308 28 151
34 281 31 141
35 280 31 141
35 280 31 141
41 335 28 151
38 311 33 140
37 315 28 153
35 280 31 142
34 283 31 144
40 332 30 148
34 293 32 142
35 282 31 141
35 282 31 141
35 282 31 141
35 282 31 141
47 387 30 148
47 365 30 153
39 321 33 140
35 283 32 141
35 284 31 141
47 387 30 148
50 419 30 148
47 366 30 154
47 366 30 154
35 285 31 141
51 427 30 148
36 291 31 141
35 285 32 141
35 289 31 142
37 287 36 148
36 292 31 141
36 289 31 147
35 306 34 143
35 291 31 145
35 296 33 144
37 292 34 142
36 293 31 141
35 297 31 145
35 293 33 146
36 293 31 141
37 294 31 141
37 294 31 141
37 294 31 141
36 296 31 141
36 295 33 141
38 297 31 141
37 298 32 149
37 294 33 144
36 301 33 141
37 299 31 141
37 300 31 141
37 300 31 141
37 299 31 142
37 295 33 146
36 307 33 141
40 299 37 145
39 305 31 141
39 299 33 147
37 322 34 142
37 301 31 144
37 310 31 143
38 306 31 141
38 301 34 142
38 304 33 143
39 304 31 142
39 304 31 142
38 306 31 141
39 304 31 142
38 306 31 141
40 301 37 145
39 306 31 141
38 307 31 141
37 306 31 145
37 304 34 145
38 306 34 142
38 306 34 142
37 306 31 145
38 307 31 141
39 309 31 146
39 308 34 141
38 315 31 141
38 315 31 141
38 310 33 147
37 312 31 145
38 311 33 146
39 315 31 141
39 315 31 141
39 311 34 141
38 337 32 142
38 336 31 145
38 316 35 142
38 336 31 145
39 311 34 141
40 317 31 141
39 321 31 141
39 317 33 149
40 325 31 144
40 324 31 145
39 326 31 141
39 322 32 152
41 329 32 146
39 330 31 141
46 333 37 144
41 334 31 141
40 354 31 145
39 341 31 149
42 347 31 141
42 335 33 141
41 341 31 143
41 334 33 145
44 349 34 141
42 355 31 141
42 345 31 145
42 341 34 149
41 349 34 145
44 345 33 144
43 346 31 144
43 366 31 141
43 366 31 141
43 356 34 142
43 350 36 145
43 369 31 141
43 366 34 141
43 366 34 141
49 372 31 144
47 377 34 142
44 377 31 144
48 387 31 145
47 380 33 146
46 387 33 149
37 307 28 144
34 275 33 140
29 251 26 152
29 251 26 152
29 245 27 151
28 258 28 152
34 276 31 141
33 288 30 142
31 259 29 144
31 255 28 148
29 253 28 150
33 288 30 142
32 252 29 145
31 255 28 148
28 258 28 152
29 245 27 151
30 260 27 148
32 267 30 143
29 251 26 152
33 268 32 142
30 248 28 150
34 276 31 141
34 276 31 141
34 273 32 141
33 277 33 141
33 268 32 142
31 259 29 144
29 245 27 151
33 277 33 141
34 270 29 143
32 250 29 146
29 266 29 147
29 253 28 150
34 276 31 141
32 258 29 144
29 251 26 152
33 268 32 142
32 267 30 143
30 256 27 149
29 266 29 147
29 257 29 149
28 260 28 151
33 277 33 141
32 283 27 147
34 276 31 141
34 275 33 140
33 275 27 146
33 268 32 142
32 258 29 144
32 252 29 145
31 259 29 144
29 245 27 151
32 283 27 147
34 264 31 143
30 248 28 150
34 264 31 143
32 273 31 142
31 255 28 148
34 276 31 141
34 276 31 141
34 273 32 141
34 271 33 141
34 271 33 141
34 270 29 143
33 275 27 146
33 272 31 142
33 272 31 142
32 252 29 145
32 250 29 146
31 259 29 144
30 256 27 149
29 257 29 149
29 253 28 150
28 258 28 152
34 276 31 141
34 276 31 141
34 276 31 141
34 276 31 141
34 276 31 141
34 276 31 141
34 276 31 141
34 276 31 141
34 276 31 141
34 276 31 141
34 276 31 141
34 276 31 141
34 276 31 141
34 276 31 141
34 276 31 141
34 276 31 141
34 276 31 141
34 276 31 141
34 276 31 141
34 276 31 141
34 276 31 141
34 276 31 141
34 276 31 141
34 276 31 141
34 276 31 141
34 276 31 141
34 276 31 141
34 276 31 141
34 276 31 141
34 276 31 141
34 276 31 141
34 276 31 141
34 276 31 141
34 276 31 141
34 276 31 141
34 276 31 141
34 276 31 141
34 276 31 141
34 276 31 141
34 276 31 141
34 276 31 141
34 276 31 141
34 276 31 141
34 276 31 141
34 276 31 141
34 276 31 141
34 276 31 141
34 276 31 141
34 276 31 141
34 276 31 141
34 276 31 141
34 276 31 141
34 276 31 141
34 276 31 141
34 276 31 141
34 276 31 141
34 276 31 141
34 276 31 141
34 276 31 141
34 276 31 141
34 276 31 141
34 276 31 141
34 276 31 141
34 276 31 141
34 276 31 141
34 276 31 141
34 276 31 141
34 276 31 141
34 276 31 141
34 276 31 141
34 276 31 141
34 276 31 141
34 276 31 141
34 276 31 141
34 276 31 141
34 276 31 141
34 276 31 141
34 276 31 141
34 276 31 141
34 276 31 141
34 276 31 141
34 276 31 141
34 276 31 141
34 276 31 141
34 276 31 141
34 276 31 141
34 276 31 141
34 276 31 141
34 276 31 141
34 276 31 141
34 276 31 141
34 276 31 141
34 276 31 141
34 276 31 141
34 276 31 141
34 276 31 141
34 276 31 141
34 276 31 141
34 276 31 141
34 276 31 141
34 276 31 141
34 276 31 141
34 276 31 141
34 276 31 141
34 276 31 141
34 276 31 141
34 276 31 141
34 276 31 141
34 276 31 141
34 276 31 141
34 276 31 141
34 276 31 141
34 276 31 141
34 276 31 141
34 276 31 141
34 276 31 141
34 276 31 141
34 276 31 141
34 276 31 141
34 276 31 141
34 276 31 141
34 276 31 141
34 276 31 141
34 276 31 141
34 276 31 141
34 276 31 141
34 276 31 141
34 276 31 141
34 276 31 141
34 276 31 141
34 276 31 141
34 276 31 141
34 276 31 141
34 276 31 141
34 276 31 141
34 276 31 141
34 276 31 141
34 276 31 141
34 276 31 141
34 276 31 141
34 276 31 141
34 276 31 141
34 276 31 141
34 276 31 141
34 276 31 141
34 276 31 141
34 276 31 141
34 276 31 141
34 276 31 141
34 276 31 141
34 276 31 141
34 276 31 141
34 276 31 141
34 276 31 141
34 276 31 141
34 276 31 141
34 276 31 141
34 276 31 141
34 276 31 141
34 276 31 141
34 276 31 141
34 276 31 141
34 275 33 140
34 275 33 140
34 275 33 140
34 275 33 140
34 273 32 141
34 273 32 141
34 271 33 141
34 271 33 141
34 270 29 143
34 264 31 143
33 277 33 141
33 277 33 141
33 277 33 141
33 277 33 141
33 277 33 141
33 277 33 141
33 277 33 141
33 277 33 141
33 277 33 141
33 277 33 141
33 272 31 142
33 272 31 142
33 272 31 142
33 268 32 142
33 268 32 142
33 268 32 142
33 268 32 142
32 252 29 145
32 252 29 145
32 252 29 145
32 252 29 145
32 250 29 146
32 250 29 146
32 250 29 146
31 260 28 145
31 259 29 144
31 259 29 144
31 255 28 148
31 255 28 148
31 255 28 148
31 255 28 148
30 251 30 148
30 251 29 149
30 251 29 149
30 251 29 149
30 251 29 149
30 251 29 149
30 251 29 149
30 248 28 150
29 253 28 150
29 251 26 152
29 251 26 152
29 251 26 152
29 245 27 151
29 245 27 151
29 245 27 151
28 260 28 151
28 258 28 152
43 365 28 144
34 277 33 140
30 257 26 152
30 257 26 152
29 248 27 151
28 260 28 152
40 326 29 143
36 272 29 145
33 279 31 142
34 255 31 148
43 365 28 144
32 269 30 143
34 258 30 147
34 273 31 142
34 275 29 144
34 274 32 141
30 263 27 148
30 263 27 148
34 274 32 141
30 257 26 152
34 277 31 141
30 263 27 148
34 277 31 141
34 277 31 141
34 277 31 141
44 373 28 147
34 283 33 140
30 261 26 152
43 341 29 143
36 278 29 145
31 263 28 150
31 269 27 148
34 278 31 141
32 274 30 143
33 273 31 144
33 271 33 143
34 277 31 142
31 267 30 148
33 266 29 148
36 277 31 141
34 283 33 140
34 283 29 144
47 384 28 147
35 279 35 142
35 272 30 148
34 287 33 140
32 283 26 152
32 283 26 152
32 277 31 144
44 365 29 143
33 289 27 148
41 274 27 151
36 283 33 140
34 280 31 141
32 273 28 150
35 277 30 144
32 282 29 149
33 282 30 143
34 285 29 144
33 273 28 149
32 283 26 152
32 283 26 152
47 360 27 148
38 317 26 152
35 291 33 140
33 281 31 145
33 278 30 157
42 350 27 151
38 302 29 144
40 312 28 149
36 298 28 150
34 284 31 141
37 282 30 149
34 280 31 142
34 283 32 141
36 293 29 145
33 292 28 152
35 314 28 148
33 283 30 147
35 283 30 143
36 281 31 141
35 283 30 143
35 283 31 141
41 337 26 152
40 305 33 140
35 288 30 153
35 280 31 142
34 287 31 144
38 314 28 148
36 311 29 145
34 284 32 142
36 312 28 151
37 304 30 143
38 305 29 144
37 306 29 145
34 301 28 152
35 286 31 141
35 305 30 143
34 301 28 152
35 286 31 141
45 366 33 140
42 304 30 151
40 315 28 148
36 284 32 146
35 293 31 142
41 332 29 144
39 348 28 150
36 318 30 145
40 346 29 145
37 310 30 147
37 286 31 146
35 307 33 141
39 307 30 143
36 288 31 148
36 290 31 141
42 338 29 144
41 344 30 144
40 318 28 148
36 291 31 141
39 333 30 145
42 325 30 143
43 338 29 144
41 368 30 147
40 335 28 148
37 292 34 142
36 293 31 141
42 335 30 143
44 344 30 147
43 370 28 149
41 363 28 154
37 294 31 141
36 296 31 141
41 360 30 149
42 353 30 144
48 411 30 145
43 372 30 147
40 303 31 141
38 297 31 142
36 298 33 141
36 298 33 141
36 320 31 142
47 384 30 146
37 301 31 146
40 303 31 141
37 306 31 141
38 305 31 141
40 303 31 141
47 383 30 149
40 300 31 142
39 305 31 141
37 328 31 150
36 301 33 141
37 330 31 146
37 310 32 142
38 306 31 144
38 308 31 141
41 312 31 143
40 313 31 141
39 326 31 142
37 313 32 151
36 302 33 141
38 318 31 145
38 320 31 143
40 318 31 141
40 314 31 142
38 331 31 144
36 308 33 141
36 308 33 141
40 313 32 143
44 319 31 141
39 348 33 141
39 309 34 142
38 331 31 146
37 312 34 143
38 312 33 144
40 329 31 142
39 324 33 142
45 359 31 141
45 359 31 141
43 338 31 142
41 317 33 145
40 343 32 150
39 330 34 143
41 347 31 146
44 343 32 141
41 333 32 144
41 340 33 142
48 382 31 141
47 397 31 141
43 351 31 149
43 342 34 142
42 365 34 144
42 361 33 145
44 373 31 146
43 346 32 142
47 361 31 142
48 382 31 142
46 385 32 145
43 350 33 143
48 394 32 146
48 364 34 145
45 382 36 156
34 276 31 141
34 275 33 140
33 288 30 142
30 248 28 150
29 251 26 152
29 250 27 152
28 254 27 152
32 283 27 147
30 260 27 148
33 277 33 141
29 251 26 152
31 252 29 145
31 268 30 143
31 268 30 143
32 273 31 142
31 251 29 147
29 255 28 149
34 276 31 141
33 266 32 142
31 260 31 143
30 248 28 150
28 254 27 152
29 259 27 150
33 266 32 142
34 276 31 141
34 276 31 141
34 275 33 140
34 271 32 141
34 256 32 143
29 255 28 149
28 254 27 152
33 273 28 144
33 288 30 142
32 283 27 147
33 275 27 146
31 260 28 145
29 259 27 150
34 276 31 141
34 276 31 141
34 275 33 140
33 266 32 142
33 266 32 142
31 268 30 143
31 255 30 144
31 251 29 147
30 255 29 146
29 255 28 149
29 255 28 149
29 251 27 151
29 251 27 151
29 251 26 152
29 250 29 148
34 256 32 143
34 270 29 143
31 268 30 143
30 266 28 147
30 248 28 150
29 250 29 148
34 276 31 141
34 276 31 141
34 271 32 141
34 271 32 141
34 270 29 143
34 256 32 143
33 277 33 141
33 272 31 142
33 272 31 142
31 255 30 144
29 254 29 147
29 251 26 152
29 250 29 148
34 276 31 141
34 276 31 141
34 276 31 141
34 276 31 141
34 276 31 141
34 276 31 141
34 276 31 141
34 276 31 141
34 276 31 141
34 276 31 141
34 276 31 141
34 276 31 141
34 276 31 141
34 276 31 141
34 276 31 141
34 276 31 141
34 276 31 141
34 276 31 141
34 276 31 141
34 276 31 141
34 276 31 141
34 276 31 141
34 276 31 141
34 276 31 141
34 276 31 141
34 276 31 141
34 276 31 141
34 276 31 141
34 276 31 141
34 276 31 141
34 276 31 141
34 276 31 141
34 276 31 141
34 276 31 141
34 276 31 141
34 276 31 141
34 276 31 141
34 276 31 141
34 276 31 141
34 276 31 141
34 276 31 141
34 276 31 141
34 276 31 141
34 276 31 141
34 276 31 141
34 276 31 141
34 276 31 141
34 276 31 141
34 276 31 141
34 276 31 141
34 276 31 141
34 276 31 141
34 276 31 141
34 276 31 141
34 276 31 141
34 276 31 141
34 276 31 141
34 276 31 141
34 276 31 141
34 276 31 141
34 276 31 141
34 276 31 141
34 276 31 141
34 276 31 141
34 276 31 141
34 276 31 141
34 276 31 141
34 276 31 141
34 276 31 141
34 276 31 141
34 276 31 141
34 276 31 141
34 276 31 141
34 276 31 141
34 276 31 141
34 276 31 141
34 276 31 141
34 276 31 141
34 276 31 141
34 276 31 141
34 276 31 141
34 276 31 141
34 276 31 141
34 276 31 141
34 276 31 141
34 276 31 141
34 276 31 141
34 276 31 141
34 276 31 141
34 276 31 141
34 276 31 141
34 276 31 141
34 276 31 141
34 276 31 141
34 276 31 141
34 276 31 141
34 276 31 141
34 276 31 141
34 276 31 141
34 276 31 141
34 276 31 141
34 276 31 141
34 276 31 141
34 276 31 141
34 276 31 141
34 276 31 141
34 276 31 141
34 276 31 141
34 276 31 141
34 276 31 141
34 276 31 141
34 276 31 141
34 276 31 141
34 276 31 141
34 276 31 141
34 276 31 141
34 276 31 141
34 276 31 141
34 276 31 141
34 276 31 141
34 276 31 141
34 276 31 141
34 276 31 141
34 276 31 141
34 276 31 141
34 276 31 141
34 276 31 141
34 276 31 141
34 276 31 141
34 276 31 141
34 276 31 141
34 276 31 141
34 276 31 141
34 276 31 141
34 276 31 141
34 276 31 141
34 276 31 141
34 276 31 141
34 276 31 141
34 276 31 141
34 276 31 141
34 276 31 141
34 276 31 141
34 276 31 141
34 276 31 141
34 276 31 141
34 276 31 141
34 276 31 141
34 276 31 141
34 276 31 141
34 276 31 141
34 276 31 141
34 276 31 141
34 276 31 141
34 276 31 141
34 276 31 141
34 276 31 141
34 276 31 141
34 276 31 141
34 276 31 141
34 276 31 141
34 276 31 141
34 276 31 141
34 276 31 141
34 276 31 141
34 276 31 141
34 276 31 141
34 276 31 141
34 276 31 141
34 276 31 141
34 276 31 141
34 276 31 141
34 276 31 141
34 276 31 141
34 276 31 141
34 276 31 141
34 276 31 141
34 276 31 141
34 276 31 141
34 276 31 141
34 276 31 141
34 276 31 141
34 276 31 141
34 276 31 141
34 276 31 141
34 276 31 141
34 276 31 141
34 276 31 141
34 276 31 141
34 276 31 141
34 276 31 141
34 276 31 141
34 276 31 141
34 276 31 141
34 276 31 141
34 276 31 141
34 275 33 140
34 275 33 140
34 275 33 140
34 275 33 140
34 275 33 140
34 275 33 140
34 275 33 140
34 275 33 140
34 275 33 140
34 271 32 141
34 271 32 141
34 271 32 141
34 256 32 143
33 277 33 141
33 277 33 141
33 272 31 142
33 272 31 142
33 266 32 142
33 266 32 142
31 268 30 143
31 268 30 143
31 268 30 143
31 268 30 143
31 268 30 143
31 268 30 143
31 268 30 143
31 268 30 143
31 260 31 143
31 260 31 143
31 260 31 143
31 255 30 144
31 255 30 144
30 248 28 150
30 248 28 150
29 255 28 149
29 255 28 149
29 251 26 152
29 251 26 152
29 251 26 152
29 251 26 152
29 251 26 152
29 251 26 152
29 251 26 152
29 250 29 148
28 254 27 152
28 254 27 152
28 254 27 152
28 254 27 152
35 273 34 141
34 277 33 140
31 271 26 152
30 251 30 149
29 259 29 147
34 270 32 142
31 257 30 144
32 274 31 142
32 252 29 145
32 252 29 145
30 263 27 148
31 269 30 143
30 263 27 148
29 252 29 148
29 259 29 147
34 277 31 141
30 263 27 148
34 277 31 141
34 277 31 141
34 277 31 141
34 277 31 141
30 263 27 148
30 263 27 148
30 263 27 148
38 301 30 143
35 279 33 140
34 285 33 140
32 282 26 152
32 255 32 147
31 267 27 152
30 263 30 148
31 259 29 147
32 286 31 142
30 271 27 148
31 259 31 145
33 276 30 144
34 273 30 144
32 263 27 148
34 278 31 141
40 332 27 148
39 339 27 148
35 285 33 140
34 301 27 152
31 266 30 148
39 310 29 147
31 272 28 149
34 279 31 141
35 272 33 145
34 275 30 147
34 280 30 144
35 279 30 144
34 278 28 148
44 373 27 150
39 317 27 152
36 288 33 140
33 269 30 157
41 330 30 144
36 308 29 148
40 299 28 149
34 280 31 141
34 277 29 149
39 298 29 148
34 293 30 147
35 279 31 141
34 279 31 145
34 279 31 145
44 373 29 148
44 335 28 149
39 311 33 140
34 280 33 141
42 334 30 145
34 287 31 142
38 326 30 147
36 312 30 148
34 281 31 143
35 282 31 141
47 396 28 151
41 353 33 140
34 282 32 143
39 317 30 148
38 333 30 149
34 287 31 145
35 284 31 141
35 284 31 141
51 422 33 140
39 338 30 149
35 285 31 141
34 294 33 144
39 340 30 148
40 357 30 150
36 285 31 141
35 286 32 141
36 285 31 141
36 285 31 141
36 285 31 141
49 390 30 150
36 286 31 141
35 294 33 144
36 286 31 141
38 287 31 143
36 288 31 141
38 290 34 141
36 293 31 141
36 293 31 141
36 295 31 141
36 293 34 141
37 295 31 141
37 295 31 141
37 293 34 142
36 320 31 145
36 298 33 146
36 305 32 142
36 300 33 142
40 297 37 144
37 298 31 141
37 295 33 146
36 309 32 146
37 298 31 141
37 300 31 141
37 299 32 148
39 300 31 141
39 300 31 141
38 302 31 141
37 303 31 141
37 300 31 142
39 304 31 141
38 301 34 142
37 313 31 142
37 307 31 144
37 306 34 141
39 302 32 141
38 306 31 141
41 303 33 146
39 307 31 141
37 313 33 146
37 310 34 147
39 306 34 142
38 310 31 141
38 309 33 146
40 307 31 141
38 311 31 141
40 316 31 141
38 318 31 141
38 316 35 142
38 312 33 146
40 324 34 141
40 316 37 141
39 326 31 141
38 314 34 146
38 318 32 142
40 336 31 141
39 331 31 142
39 325 32 147
38 320 33 143
46 366 31 141
42 331 31 145
41 377 34 141
38 323 34 146
40 332 31 143
42 338 34 141
40 335 31 142
43 337 34 141
46 379 33 141
43 348 34 141
42 335 31 144
39 323 34 146
39 323 34 146
42 367 31 142
41 346 31 145
56 438 34 141
43 362 36 143
43 340 31 144
39 323 34 150
48 408 31 142
41 346 33 146
47 372 34 142
42 344 31 144
58 487 33 142
55 444 32 148
43 369 33 147
51 370 33 149
