7 0.0610795
65 489 37 192
63 490 49 184
62 422 52 212
59 422 50 213
53 459 41 197
54 456 46 186
58 482 37 195
55 430 52 212
57 464 39 201
54 445 43 207
53 452 43 208
60 458 42 207
57 464 39 201
54 445 43 207
61 423 52 209
61 423 52 209
57 464 39 201
54 445 43 207
62 422 52 212
61 423 52 209
57 464 39 201
62 422 52 212
62 422 52 212
57 464 39 201
57 464 39 201
57 464 39 201
57 464 39 201
57 464 39 201
57 464 39 201
57 464 39 201
57 464 39 201
57 464 39 201
57 464 39 201
57 464 39 201
57 464 39 201
57 464 39 201
54 445 43 207
69 547 48 189
63 494 49 184
62 529 55 191
62 498 37 195
61 423 52 212
57 498 42 222
54 474 53 219
69 547 48 189
59 484 39 198
58 456 45 207
66 444 55 210
65 489 41 194
55 490 43 208
60 507 55 192
60 447 50 212
54 480 53 218
58 474 41 197
63 494 49 184
56 463 46 202
61 452 46 212
54 468 53 221
56 463 43 210
62 431 52 211
56 463 46 202
62 431 52 211
60 456 43 208
57 498 42 222
61 423 52 212
66 444 55 210
59 463 43 208
56 463 46 202
61 452 46 212
56 463 43 210
63 494 49 184
63 494 49 184
63 494 49 184
61 423 52 212
61 423 52 212
59 463 43 208
59 463 43 208
57 498 42 222
56 463 46 202
56 463 46 202
56 463 46 202
56 463 46 202
56 463 43 210
69 562 52 186
69 562 52 186
66 516 39 197
62 428 52 212
56 480 55 203
54 474 53 220
54 469 53 221
60 450 50 212
69 548 48 189
65 527 39 195
60 509 55 192
63 433 52 211
59 493 39 198
58 475 49 200
61 478 46 203
67 520 52 187
60 458 43 208
61 485 45 204
56 468 48 210
55 481 53 219
62 477 42 212
57 498 47 208
63 475 43 206
55 481 53 219
62 486 41 197
57 502 47 205
56 489 49 209
67 501 49 188
56 489 49 209
66 522 39 196
62 511 40 195
66 516 39 197
62 511 40 195
59 474 48 207
56 480 55 203
56 481 52 207
63 475 43 206
59 474 48 207
61 485 45 204
56 481 52 207
58 476 43 208
66 516 39 197
64 474 43 207
64 474 43 207
63 475 43 206
57 502 47 205
55 481 53 219
54 474 53 220
62 511 40 195
56 483 52 204
67 501 49 188
57 502 47 205
54 474 53 220
66 516 39 197
66 516 39 197
66 516 39 197
58 476 43 208
57 498 47 208
58 476 43 208
55 481 53 219
66 516 39 197
66 516 39 197
66 516 39 197
66 516 39 197
66 516 39 197
66 516 39 197
63 475 43 206
62 511 40 195
58 476 43 208
58 476 43 208
58 476 43 208
57 502 47 205
57 502 47 205
57 498 47 208
57 498 47 208
55 481 53 219
55 481 53 219
55 481 53 219
54 474 53 220
54 474 53 220
54 474 53 220
72 577 52 186
66 519 39 197
64 470 63 209
62 431 52 212
54 472 53 222
54 472 53 222
64 545 55 192
61 458 46 216
67 521 52 187
55 496 53 219
63 467 60 211
56 483 52 206
60 471 43 208
63 458 47 213
68 487 49 201
62 431 52 212
68 487 49 201
56 485 55 203
59 502 42 199
62 518 40 195
62 514 41 196
63 467 60 211
59 508 39 198
58 479 52 206
62 492 41 197
63 458 47 213
68 487 49 201
67 521 52 187
56 485 55 203
54 472 53 222
63 458 47 213
60 509 55 193
56 483 52 206
58 479 52 206
59 502 48 198
63 468 47 211
59 502 48 198
56 485 55 203
62 494 39 198
59 478 52 206
60 509 55 193
63 458 47 213
62 431 52 212
60 509 55 193
60 509 55 193
60 509 55 193
56 483 52 206
63 458 47 213
56 483 52 206
59 478 52 206
68 487 49 201
62 431 52 212
62 431 52 212
56 483 52 206
56 483 52 206
60 509 55 193
68 487 49 201
68 487 49 201
68 487 49 201
68 487 49 201
68 487 49 201
68 487 49 201
63 458 47 213
63 458 47 213
63 458 47 213
63 458 47 213
62 431 52 212
62 431 52 212
62 431 52 212
62 431 52 212
62 431 52 212
62 431 52 212
62 431 52 212
60 509 55 193
60 509 55 193
60 509 55 193
60 509 55 193
60 509 55 193
60 509 55 193
60 509 55 193
60 509 55 193
60 509 55 193
60 509 55 193
60 509 55 193
60 509 55 193
60 509 55 193
59 502 48 198
59 478 52 206
56 485 55 203
56 483 52 206
56 483 52 206
56 483 52 206
56 483 52 206
56 483 52 206
56 483 52 206
56 483 52 206
56 483 52 206
56 483 52 206
56 483 52 206
56 483 52 206
56 483 52 206
56 483 52 206
56 483 52 206
56 483 52 206
56 483 52 206
56 483 52 206
56 483 52 206
56 483 52 206
56 483 52 206
56 483 52 206
56 483 52 206
56 483 52 206
56 483 52 206
56 483 52 206
67 527 52 187
67 527 52 187
66 522 39 197
64 545 55 193
63 433 52 212
54 473 53 222
54 473 53 222
63 459 47 217
54 473 53 222
58 501 52 206
62 437 52 212
60 523 40 200
61 502 42 203
59 485 55 203
59 508 43 207
59 508 44 203
59 508 48 198
62 497 39 198
62 498 41 197
59 507 48 199
63 512 55 196
63 512 55 196
59 485 55 203
62 498 41 197
59 507 48 199
59 507 48 199
59 507 48 199
62 498 41 197
59 507 48 199
63 512 55 196
63 512 55 196
62 498 41 197
62 498 41 197
62 498 41 197
62 498 41 197
62 498 41 197
62 498 41 197
62 498 41 197
62 498 41 197
62 498 41 197
62 498 41 197
62 498 41 197
62 498 41 197
62 498 41 197
62 498 41 197
62 498 41 197
62 498 41 197
59 507 48 199
59 507 48 199
59 507 48 199
59 507 48 199
59 507 48 199
59 507 48 199
59 507 48 199
59 507 48 199
59 507 48 199
59 507 48 199
59 507 48 199
59 485 55 203
59 485 55 203
59 485 55 203
54 473 53 222
66 486 63 207
64 548 55 193
62 502 39 198
62 450 52 212
55 477 53 222
63 460 47 217
62 494 58 211
58 502 52 206
64 512 41 197
59 511 48 199
60 511 44 203
62 502 39 198
64 512 41 197
59 508 44 204
60 511 44 203
59 508 44 204
62 502 39 198
59 508 44 204
62 502 39 198
62 502 39 198
59 508 44 204
62 502 39 198
62 502 39 198
62 502 39 198
62 502 39 198
62 502 39 198
62 502 39 198
62 502 39 198
62 502 39 198
62 502 39 198
62 502 39 198
62 502 39 198
62 502 39 198
62 502 39 198
62 502 39 198
60 511 44 203
59 508 44 204
59 508 44 204
59 508 44 204
59 508 44 204
59 508 44 204
59 508 44 204
59 508 44 204
59 508 44 204
67 530 41 197
66 473 56 213
62 502 39 199
59 505 52 206
59 530 48 201
63 511 39 198
61 515 48 199
60 518 48 199
62 502 39 199
62 502 39 199
68 540 41 197
63 517 39 198
62 536 54 199
62 505 43 201
59 519 53 217
61 524 52 206
71 624 41 197
69 514 49 209
68 532 39 198
63 542 46 201
64 534 43 208
66 541 40 201
64 539 43 199
64 534 48 199
76 638 39 201
69 543 40 199
65 568 44 204
70 559 47 202
