2352 121.934
40 233 28 146
39 233 36 141
36 242 33 140
34 227 31 146
32 250 26 151
30 256 27 145
29 246 26 152
27 236 27 149
35 232 29 145
35 228 32 145
30 244 26 152
38 228 31 144
32 255 27 145
30 249 30 142
29 247 27 146
38 230 34 142
35 229 32 143
33 227 30 148
31 247 31 141
39 233 36 141
37 237 28 147
34 238 31 142
29 238 28 144
39 233 36 141
32 230 29 150
38 230 34 142
39 233 36 141
31 231 28 149
28 237 28 148
33 244 33 140
38 228 33 143
36 242 33 140
32 250 26 151
28 240 28 147
37 231 34 142
36 242 33 140
32 229 30 148
28 240 28 147
27 236 27 149
40 233 28 146
40 233 28 146
38 228 33 143
40 233 28 146
38 230 34 142
32 230 29 150
28 237 28 148
27 236 27 149
40 233 28 146
39 233 36 141
36 242 33 140
27 236 27 149
29 246 26 152
40 233 28 146
38 231 30 145
38 230 34 142
33 243 31 141
32 255 27 145
31 239 30 143
30 256 27 145
30 249 30 142
30 239 27 147
29 243 29 143
28 241 28 146
28 241 28 146
28 237 28 148
40 233 28 146
40 233 28 146
40 233 28 146
40 233 28 146
40 233 28 146
40 233 28 146
40 233 28 146
40 233 28 146
40 233 28 146
40 233 28 146
40 233 28 146
40 233 28 146
40 233 28 146
40 233 28 146
40 233 28 146
40 233 28 146
40 233 28 146
40 233 28 146
40 233 28 146
40 233 28 146
40 233 28 146
40 233 28 146
40 233 28 146
40 233 28 146
40 233 28 146
40 233 28 146
40 233 28 146
40 233 28 146
40 233 28 146
40 233 28 146
40 233 28 146
40 233 28 146
40 233 28 146
40 233 28 146
40 233 28 146
40 233 28 146
40 233 28 146
40 233 28 146
40 233 28 146
40 233 28 146
40 233 28 146
40 233 28 146
40 233 28 146
40 233 28 146
40 233 28 146
40 233 28 146
40 233 28 146
40 233 28 146
40 233 28 146
40 233 28 146
40 233 28 146
40 233 28 146
40 233 28 146
40 233 28 146
40 233 28 146
40 233 28 146
40 233 28 146
40 233 28 146
40 233 28 146
40 233 28 146
40 233 28 146
40 233 28 146
40 233 28 146
40 233 28 146
40 233 28 146
40 233 28 146
40 233 28 146
40 233 28 146
39 233 36 141
39 233 36 141
39 233 36 141
39 233 36 141
39 233 36 141
39 233 36 141
39 233 36 141
39 233 36 141
39 233 36 141
39 233 36 141
39 233 36 141
39 233 36 141
39 233 36 141
39 233 36 141
39 233 36 141
39 233 36 141
39 233 36 141
39 233 36 141
39 233 36 141
39 233 36 141
39 233 36 141
39 233 36 141
39 233 36 141
39 233 36 141
39 233 36 141
39 233 36 141
39 233 36 141
39 233 36 141
39 233 36 141
39 233 36 141
39 233 36 141
39 233 36 141
39 233 36 141
39 233 36 141
39 233 36 141
39 233 36 141
39 233 36 141
39 233 36 141
39 233 36 141
39 233 36 141
39 233 36 141
39 233 36 141
39 233 36 141
39 233 36 141
39 233 36 141
39 233 36 141
39 233 36 141
39 233 36 141
39 233 36 141
39 233 36 141
39 233 36 141
39 233 36 141
39 233 36 141
39 233 36 141
39 233 36 141
39 233 36 141
39 233 36 141
39 233 36 141
39 233 36 141
39 233 36 141
38 231 30 145
38 231 30 145
38 230 34 142
38 230 34 142
38 230 34 142
38 230 34 142
38 230 34 142
38 228 33 143
36 242 33 140
36 242 33 140
36 242 33 140
36 242 33 140
36 242 33 140
28 240 28 147
28 240 28 147
28 237 28 148
28 237 28 148
28 237 28 148
28 237 28 148
28 237 28 148
27 236 27 149
27 236 27 149
45 310 30 143
42 284 27 150
40 238 36 141
39 265 36 140
38 328 27 149
38 231 34 142
29 242 29 148
36 253 33 145
29 242 29 148
39 289 31 142
40 235 28 146
43 261 32 143
36 274 29 147
29 244 28 148
42 240 31 144
37 254 30 144
42 254 29 145
38 264 33 141
38 232 30 145
37 316 28 147
41 288 27 149
39 267 33 140
41 317 29 143
39 240 33 143
42 265 32 143
29 242 29 148
29 242 29 148
29 242 29 148
44 366 31 142
40 239 36 141
39 273 33 140
38 234 34 142
37 297 28 148
34 264 28 149
30 252 29 148
38 305 29 147
37 258 30 144
43 253 31 144
43 271 29 145
40 239 36 141
41 247 33 144
41 290 31 143
40 245 28 146
38 236 30 145
38 290 28 148
39 265 33 141
40 252 33 143
37 297 28 148
37 297 28 148
38 236 30 145
41 290 31 143
40 239 36 141
37 297 28 148
37 297 28 148
46 294 33 140
43 321 29 145
42 257 36 141
41 247 28 146
40 238 34 142
34 273 30 150
34 260 29 152
44 317 34 141
43 303 32 143
36 307 31 149
46 278 33 142
36 302 33 149
38 238 30 145
45 275 31 144
38 275 29 148
41 266 36 141
37 277 30 144
40 253 28 147
42 305 31 143
37 300 28 148
37 300 28 148
46 267 30 144
40 295 36 141
41 255 33 143
51 311 31 143
46 351 34 141
43 308 36 141
42 254 28 146
40 243 30 146
37 298 30 153
50 327 29 145
39 297 31 151
47 306 34 141
39 307 28 148
44 282 36 141
46 276 31 144
43 273 33 143
44 262 33 143
40 308 29 147
37 283 32 145
42 286 31 144
43 313 30 144
38 301 31 145
41 275 28 146
40 244 34 142
40 243 30 146
40 246 30 145
40 243 30 146
56 448 31 143
44 277 34 142
43 256 28 146
41 254 35 142
40 244 30 147
41 302 29 146
46 283 31 144
40 257 30 145
43 297 33 143
41 244 31 146
45 287 33 143
42 262 28 146
41 289 34 144
41 291 29 147
43 292 31 144
47 262 28 146
46 326 31 144
43 263 35 142
40 252 31 147
46 306 33 143
42 268 30 145
43 290 34 144
45 298 32 144
40 267 30 146
40 258 34 145
43 273 28 146
40 283 31 145
44 268 28 146
40 279 32 145
46 313 33 143
46 312 36 142
44 270 28 148
43 268 30 145
42 325 30 150
40 276 33 147
41 288 31 145
44 277 35 143
43 274 28 146
42 277 31 145
47 314 33 143
45 327 36 143
44 300 28 146
44 273 31 146
43 275 36 146
42 296 31 151
41 343 31 147
43 306 30 145
46 325 33 143
43 281 31 149
46 298 28 146
42 314 31 148
41 291 32 145
46 284 28 148
45 281 31 145
44 286 31 145
43 277 32 145
44 289 30 145
52 330 33 143
49 322 36 143
48 354 33 143
45 348 28 146
43 297 36 146
43 279 34 149
42 327 31 148
42 317 32 155
43 291 31 149
46 299 30 145
49 327 33 144
45 311 29 148
47 329 28 146
44 283 31 146
45 327 29 147
45 281 32 145
43 284 33 148
49 321 36 144
45 330 31 145
46 314 28 147
43 314 31 146
46 294 31 145
43 281 34 147
47 330 28 147
47 307 30 145
44 346 31 148
44 284 36 146
43 325 32 155
43 303 34 147
46 286 32 150
45 315 31 146
46 296 33 149
43 326 31 149
46 292 34 145
45 297 34 147
45 309 33 146
48 334 30 147
47 353 31 145
44 290 36 146
44 289 36 151
43 330 32 155
45 343 33 151
46 299 32 151
46 315 31 146
48 324 31 146
48 318 31 149
45 291 36 146
44 336 32 155
46 325 31 148
47 322 32 146
51 340 31 146
47 344 32 147
45 293 36 146
45 293 36 146
57 341 33 150
54 361 33 147
46 295 36 146
45 321 36 155
49 349 34 148
52 370 34 148
50 376 34 156
46 298 36 154
40 235 28 146
39 233 36 141
34 227 31 146
33 244 33 140
32 250 26 151
30 256 27 145
29 246 26 152
27 236 27 149
30 256 27 145
32 255 27 145
30 244 26 152
36 234 30 144
35 229 32 143
33 234 29 147
32 229 30 148
39 233 36 141
38 230 34 142
34 238 31 142
33 227 30 148
29 238 28 144
28 240 28 147
28 237 28 148
38 231 31 144
38 228 33 143
27 236 27 149
35 232 29 145
31 247 31 141
38 230 34 142
39 233 36 141
36 242 33 140
32 250 26 151
32 230 29 150
28 241 27 147
37 237 29 144
37 231 34 142
36 242 33 140
35 240 31 141
32 255 27 145
31 239 30 143
30 249 30 142
29 247 27 146
27 236 27 149
40 235 28 146
40 235 28 146
38 228 33 143
35 229 32 143
40 235 28 146
40 235 28 146
38 230 34 142
38 228 33 143
32 230 29 150
27 236 27 149
40 235 28 146
39 233 36 141
39 233 36 141
38 230 34 142
38 230 34 142
30 249 30 142
29 246 26 152
40 235 28 146
40 235 28 146
39 233 36 141
38 236 28 146
38 231 31 144
38 228 33 143
38 228 33 143
33 243 31 141
31 239 30 143
29 243 29 143
28 241 27 147
40 235 28 146
40 235 28 146
40 235 28 146
40 235 28 146
40 235 28 146
40 235 28 146
40 235 28 146
40 235 28 146
40 235 28 146
40 235 28 146
40 235 28 146
40 235 28 146
40 235 28 146
40 235 28 146
40 235 28 146
40 235 28 146
40 235 28 146
40 235 28 146
40 235 28 146
40 235 28 146
40 235 28 146
40 235 28 146
40 235 28 146
40 235 28 146
40 235 28 146
40 235 28 146
40 235 28 146
40 235 28 146
40 235 28 146
40 235 28 146
40 235 28 146
40 235 28 146
40 235 28 146
40 235 28 146
40 235 28 146
40 235 28 146
40 235 28 146
40 235 28 146
40 235 28 146
40 235 28 146
40 235 28 146
40 235 28 146
40 235 28 146
40 235 28 146
40 235 28 146
40 235 28 146
40 235 28 146
40 235 28 146
40 235 28 146
40 235 28 146
40 235 28 146
40 235 28 146
40 235 28 146
40 235 28 146
40 235 28 146
40 235 28 146
40 235 28 146
40 235 28 146
40 235 28 146
40 235 28 146
40 235 28 146
40 235 28 146
40 235 28 146
40 235 28 146
40 235 28 146
40 235 28 146
40 235 28 146
40 235 28 146
40 235 28 146
40 235 28 146
40 235 28 146
40 235 28 146
40 235 28 146
40 235 28 146
40 235 28 146
40 235 28 146
40 235 28 146
40 235 28 146
40 235 28 146
40 235 28 146
40 235 28 146
40 235 28 146
40 235 28 146
40 235 28 146
40 235 28 146
40 235 28 146
40 235 28 146
40 235 28 146
40 235 28 146
40 235 28 146
40 235 28 146
40 235 28 146
40 235 28 146
40 235 28 146
40 235 28 146
40 235 28 146
40 235 28 146
40 235 28 146
40 235 28 146
40 235 28 146
40 235 28 146
40 235 28 146
40 235 28 146
40 235 28 146
40 235 28 146
40 235 28 146
40 235 28 146
40 235 28 146
40 235 28 146
40 235 28 146
40 235 28 146
40 235 28 146
40 235 28 146
40 235 28 146
40 235 28 146
40 235 28 146
40 235 28 146
40 235 28 146
40 235 28 146
40 235 28 146
40 235 28 146
40 235 28 146
40 235 28 146
40 235 28 146
40 235 28 146
40 235 28 146
40 235 28 146
40 235 28 146
40 235 28 146
40 235 28 146
40 235 28 146
40 235 28 146
40 235 28 146
40 235 28 146
40 235 28 146
40 235 28 146
40 235 28 146
40 235 28 146
40 235 28 146
40 235 28 146
40 235 28 146
40 235 28 146
40 235 28 146
40 235 28 146
40 235 28 146
40 235 28 146
40 235 28 146
40 235 28 146
40 235 28 146
40 230 31 144
40 230 31 144
39 233 36 141
39 233 36 141
39 233 36 141
39 233 36 141
39 233 36 141
39 233 36 141
39 233 36 141
39 233 36 141
39 233 36 141
39 233 36 141
38 231 31 144
38 231 31 144
38 231 31 144
38 231 31 144
38 231 31 144
38 231 31 144
38 231 31 144
38 231 31 144
38 231 31 144
38 230 34 142
38 230 34 142
38 230 34 142
38 230 34 142
38 230 34 142
38 230 34 142
38 230 34 142
38 230 34 142
38 230 34 142
38 230 34 142
38 228 33 143
38 228 33 143
27 236 27 149
27 236 27 149
27 236 27 149
27 236 27 149
27 236 27 149
27 236 27 149
27 236 27 149
44 258 31 143
39 237 36 141
38 233 30 145
27 239 27 149
31 247 28 147
36 248 32 143
38 243 29 145
40 237 28 146
38 234 34 142
44 246 30 144
39 239 33 143
38 237 31 144
40 234 32 143
44 246 30 144
39 239 33 143
44 246 30 144
46 262 30 144
40 239 36 141
38 285 28 147
38 234 30 145
30 255 27 149
41 253 29 145
38 237 34 142
41 238 32 143
38 276 29 148
39 264 29 145
39 261 28 148
40 237 31 144
40 237 31 144
40 238 28 146
40 238 28 146
38 238 31 144
40 238 28 146
50 292 36 141
42 308 27 149
38 236 30 145
33 275 28 149
39 241 34 142
43 238 28 149
41 257 32 143
41 240 28 148
40 245 31 144
41 241 33 143
40 245 28 146
41 260 29 145
42 241 31 144
41 260 29 145
41 260 29 145
41 241 28 146
40 245 28 146
41 241 28 146
44 241 28 146
42 258 36 142
41 263 31 144
41 261 34 142
40 242 31 146
41 247 33 143
43 262 29 145
43 260 31 144
40 246 28 146
42 245 28 146
44 244 33 146
43 248 36 144
42 301 31 145
41 256 33 143
41 247 28 146
40 253 28 146
43 274 31 144
43 271 29 145
41 263 32 144
47 338 29 145
44 249 36 144
41 258 33 143
41 248 28 146
46 316 30 145
41 264 32 144
44 249 36 144
47 338 29 145
44 249 36 144
44 249 36 144
44 249 36 144
51 364 29 145
42 250 28 146
41 259 33 143
41 259 28 148
47 319 32 144
46 322 30 145
41 261 30 147
42 250 28 146
42 250 28 146
51 378 29 145
43 250 28 146
41 263 33 143
41 262 31 148
46 329 30 145
51 378 29 145
47 325 32 144
42 252 31 146
47 325 32 144
43 250 28 146
51 378 29 145
51 378 29 145
46 260 28 149
46 260 28 149
44 261 30 151
43 264 28 146
42 258 31 147
41 264 33 145
41 262 34 148
45 263 30 150
43 264 28 146
43 264 28 146
43 264 28 146
43 264 28 146
48 277 30 147
45 278 28 146
43 281 28 147
43 259 32 150
42 268 33 145
42 268 33 145
43 262 32 149
44 268 31 147
43 270 31 148
42 269 32 148
42 268 33 145
42 268 33 145
42 268 33 145
42 268 33 145
48 268 33 147
45 281 28 146
44 285 30 151
43 263 32 149
42 275 36 148
43 273 31 148
43 263 32 149
43 263 32 149
43 263 32 149
43 263 32 149
43 263 32 149
43 263 32 149
43 263 32 149
43 263 32 149
46 284 28 146
46 284 28 146
46 281 32 148
43 265 32 149
49 285 33 148
46 294 28 146
46 294 28 146
43 272 32 150
43 278 32 149
44 274 32 149
53 377 28 146
53 377 28 146
43 284 33 149
43 275 32 151
50 311 31 147
48 319 29 146
47 298 30 150
44 288 32 149
46 319 29 147
48 278 32 149
46 283 32 149
43 277 32 150
54 381 28 146
53 279 34 155
43 297 32 150
52 344 33 147
44 292 32 151
54 345 30 151
52 289 32 151
52 291 32 150
44 300 32 150
44 300 32 150
44 297 32 152
43 312 32 151
48 312 32 150
39 233 36 141
36 242 33 140
33 227 30 148
32 250 26 151
30 256 27 145
29 246 26 152
27 236 27 149
37 231 34 142
30 249 30 142
39 233 36 141
35 229 32 143
32 230 29 150
32 255 27 145
30 244 26 152
34 234 31 142
33 244 33 140
33 243 31 141
33 234 29 147
31 239 30 143
34 231 31 144
27 236 27 149
31 247 31 141
29 238 28 144
38 230 34 142
38 228 32 143
29 243 29 143
37 237 28 146
36 242 33 140
35 240 31 141
35 232 29 145
33 228 29 149
33 227 30 148
32 255 27 145
32 250 26 151
32 229 30 148
31 231 28 149
29 247 27 146
28 241 28 146
28 237 28 148
38 235 28 146
38 235 28 146
38 235 28 146
38 235 28 146
38 235 28 146
38 235 28 146
33 227 30 148
33 227 30 148
32 229 30 148
30 239 27 147
30 239 27 147
29 236 28 148
29 246 26 152
38 235 28 146
38 235 28 146
36 236 30 144
35 232 29 145
30 256 27 145
30 249 30 142
30 239 27 147
28 241 27 147
28 240 28 147
27 236 27 149
38 235 28 146
38 235 28 146
38 235 28 146
38 235 28 146
38 235 28 146
38 235 28 146
38 235 28 146
38 235 28 146
38 235 28 146
38 235 28 146
38 235 28 146
38 235 28 146
38 235 28 146
38 235 28 146
38 235 28 146
38 235 28 146
38 235 28 146
38 235 28 146
38 235 28 146
38 235 28 146
38 235 28 146
38 235 28 146
38 235 28 146
38 235 28 146
38 235 28 146
38 235 28 146
38 235 28 146
38 235 28 146
38 235 28 146
38 235 28 146
38 235 28 146
38 235 28 146
38 235 28 146
38 235 28 146
38 235 28 146
38 235 28 146
38 235 28 146
38 235 28 146
38 235 28 146
38 235 28 146
38 235 28 146
38 235 28 146
38 235 28 146
38 235 28 146
38 235 28 146
38 235 28 146
38 235 28 146
38 235 28 146
38 235 28 146
38 235 28 146
38 235 28 146
38 235 28 146
38 235 28 146
38 235 28 146
38 235 28 146
38 235 28 146
38 235 28 146
38 235 28 146
38 235 28 146
38 235 28 146
38 235 28 146
38 235 28 146
38 235 28 146
38 235 28 146
38 235 28 146
38 235 28 146
38 235 28 146
38 235 28 146
38 235 28 146
38 235 28 146
38 235 28 146
38 235 28 146
38 235 28 146
38 235 28 146
38 235 28 146
38 235 28 146
38 235 28 146
38 235 28 146
38 235 28 146
38 235 28 146
38 235 28 146
38 235 28 146
38 235 28 146
38 235 28 146
38 235 28 146
38 235 28 146
38 235 28 146
38 235 28 146
38 235 28 146
38 235 28 146
38 235 28 146
38 235 28 146
38 235 28 146
38 235 28 146
38 235 28 146
38 235 28 146
38 235 28 146
38 235 28 146
38 235 28 146
38 235 28 146
38 235 28 146
38 235 28 146
38 235 28 146
38 235 28 146
38 235 28 146
38 235 28 146
38 235 28 146
38 235 28 146
38 235 28 146
38 235 28 146
38 235 28 146
38 235 28 146
38 235 28 146
38 235 28 146
38 235 28 146
38 235 28 146
38 235 28 146
38 235 28 146
38 235 28 146
38 235 28 146
38 235 28 146
38 235 28 146
38 235 28 146
38 235 28 146
38 235 28 146
38 235 28 146
38 235 28 146
38 235 28 146
38 235 28 146
38 235 28 146
33 228 29 149
33 228 29 149
33 227 30 148
33 227 30 148
33 227 30 148
33 227 30 148
33 227 30 148
33 227 30 148
33 227 30 148
33 227 30 148
33 227 30 148
33 227 30 148
33 227 30 148
33 227 30 148
27 236 27 149
27 236 27 149
27 236 27 149
27 236 27 149
27 236 27 149
39 244 31 144
38 238 28 146
36 262 28 146
31 252 27 147
29 239 28 148
35 245 29 145
39 243 30 145
41 248 31 145
40 275 29 145
38 326 27 147
37 268 31 145
36 253 27 149
34 240 30 148
31 272 27 151
35 297 28 147
39 242 28 146
32 260 28 149
34 240 30 148
33 279 28 148
36 256 31 147
38 243 28 146
33 279 27 149
38 264 31 145
44 291 27 150
42 318 29 145
42 260 31 145
38 272 27 151
37 311 27 149
37 244 30 148
35 247 30 148
36 263 31 147
38 245 28 146
39 244 28 146
40 307 27 149
36 301 27 150
37 244 30 148
39 279 31 145
40 273 31 145
37 244 30 148
37 244 30 148
48 313 27 150
47 329 27 149
43 318 29 145
41 301 31 145
40 309 27 151
39 246 28 146
36 320 27 151
35 248 30 148
38 285 28 146
37 268 31 147
38 250 29 150
43 263 31 145
42 279 31 145
38 253 28 149
52 334 29 145
41 351 27 151
38 297 31 146
36 248 30 148
35 261 30 148
43 280 31 145
38 273 29 149
40 249 28 146
35 261 30 148
39 256 28 146
35 261 30 148
35 261 30 148
35 261 30 148
35 261 30 148
35 261 30 148
41 251 28 146
38 301 29 150
37 251 30 148
36 278 30 148
39 258 28 146
41 252 31 146
40 264 28 146
36 309 30 151
37 253 30 148
39 266 28 146
44 265 29 148
41 271 28 146
41 261 31 146
40 295 28 148
40 288 28 150
37 264 30 148
39 275 30 146
43 268 30 153
41 272 28 146
40 327 29 148
40 290 31 146
37 276 30 150
40 293 28 151
39 277 30 148
42 271 30 149
41 271 31 146
39 277 30 148
41 273 28 146
37 311 30 152
40 279 30 149
45 282 28 146
43 283 31 147
42 279 28 150
40 323 30 152
40 310 30 153
41 284 29 146
41 296 28 146
43 295 28 146
50 279 30 150
43 304 28 146
43 286 31 146
43 280 28 150
41 292 29 146
45 291 28 148
43 284 29 148
44 297 28 146
42 286 29 147
49 292 28 147
41 297 28 147
43 286 31 146
41 292 29 146
43 286 31 146
41 292 29 146
43 286 31 146
43 286 31 146
43 286 31 146
43 286 31 146
43 286 31 146
43 286 31 146
43 286 31 146
41 292 29 146
41 292 29 146
41 292 29 146
50 288 30 148
46 309 28 146
44 281 30 154
41 300 28 147
41 292 29 147
43 289 29 148
41 295 29 146
51 327 28 146
50 351 28 146
48 290 30 149
42 303 28 150
42 295 31 146
41 300 29 146
44 325 28 148
46 326 28 147
43 306 28 149
41 329 28 149
47 297 29 147
47 304 28 149
42 296 29 149
52 335 28 146
49 303 28 152
45 357 28 148
43 295 31 146
41 305 30 149
41 301 31 146
47 329 28 147
49 305 28 149
51 300 29 148
44 299 29 149
50 326 28 148
44 315 30 148
44 328 28 149
41 323 29 147
45 318 30 147
49 302 29 148
44 315 30 148
55 338 28 148
52 346 28 146
46 308 29 151
45 296 31 146
41 324 31 147
41 333 30 147
50 306 29 148
44 316 29 149
44 328 29 147
42 304 31 146
50 345 28 149
46 311 29 149
54 365 28 150
51 313 31 148
47 342 31 146
45 331 30 152
44 316 33 151
41 334 31 148
48 331 29 147
45 349 30 149
52 314 30 150
46 324 30 149
48 315 31 148
48 324 31 146
47 344 30 148
47 332 31 147
44 332 30 151
47 342 31 146
46 324 30 149
48 315 31 148
56 332 30 151
53 351 29 150
51 316 32 151
48 358 31 146
48 318 33 153
44 338 32 148
49 356 30 148
46 336 30 149
53 352 29 148
53 345 29 151
56 333 30 150
56 333 30 150
56 333 30 150
56 333 30 150
56 333 30 150
56 333 30 150
56 333 30 150
56 333 30 150
56 333 30 150
56 333 30 150
56 336 30 150
53 352 29 150
49 340 30 149
53 353 29 150
49 342 30 149
57 346 30 150
40 230 31 144
39 233 36 141
33 244 33 140
33 227 30 148
32 250 26 151
30 256 27 145
29 246 26 152
27 236 27 149
35 254 29 143
30 249 30 142
38 230 34 142
29 246 26 152
39 233 36 141
28 241 27 147
35 229 32 143
31 231 28 149
29 235 29 148
28 241 28 146
27 236 27 149
36 242 33 140
35 228 32 145
31 247 31 141
32 230 29 150
38 237 30 143
38 230 34 142
38 228 33 143
38 228 33 143
40 235 28 146
33 234 29 147
32 250 26 151
37 231 34 142
36 255 28 144
36 234 30 144
35 232 29 145
34 238 31 142
34 227 31 146
32 229 30 148
28 237 28 148
40 239 28 144
40 239 28 144
40 230 31 144
40 230 31 144
37 239 29 143
40 230 31 144
40 230 31 144
39 233 36 141
38 228 33 143
32 230 29 150
40 230 31 144
39 233 36 141
39 233 36 141
38 237 30 143
38 228 33 143
37 239 29 143
30 249 30 142
40 239 28 144
40 239 28 144
40 230 31 144
39 233 36 141
38 238 29 143
37 240 28 144
37 240 28 144
36 255 28 144
35 254 29 143
35 232 29 145
40 239 28 144
40 239 28 144
40 239 28 144
40 239 28 144
40 239 28 144
40 239 28 144
40 239 28 144
40 239 28 144
40 239 28 144
40 239 28 144
40 239 28 144
40 239 28 144
40 239 28 144
40 239 28 144
40 239 28 144
40 239 28 144
40 239 28 144
40 239 28 144
40 239 28 144
40 239 28 144
40 239 28 144
40 239 28 144
40 239 28 144
40 239 28 144
40 239 28 144
40 239 28 144
40 239 28 144
40 239 28 144
40 239 28 144
40 239 28 144
40 239 28 144
40 239 28 144
40 239 28 144
40 239 28 144
40 239 28 144
40 239 28 144
40 239 28 144
40 230 31 144
40 230 31 144
40 230 31 144
40 230 31 144
40 230 31 144
40 230 31 144
40 230 31 144
40 230 31 144
40 230 31 144
40 230 31 144
40 230 31 144
40 230 31 144
40 230 31 144
40 230 31 144
40 230 31 144
40 230 31 144
40 230 31 144
40 230 31 144
40 230 31 144
40 230 31 144
40 230 31 144
40 230 31 144
40 230 31 144
40 230 31 144
40 230 31 144
40 230 31 144
40 230 31 144
40 230 31 144
40 230 31 144
40 230 31 144
40 230 31 144
40 230 31 144
40 230 31 144
40 230 31 144
40 230 31 144
40 230 31 144
40 230 31 144
40 230 31 144
40 230 31 144
40 230 31 144
40 230 31 144
40 230 31 144
40 230 31 144
40 230 31 144
40 230 31 144
40 230 31 144
40 230 31 144
40 230 31 144
40 230 31 144
40 230 31 144
40 230 31 144
40 230 31 144
40 230 31 144
40 230 31 144
40 230 31 144
40 230 31 144
40 230 31 144
40 230 31 144
40 230 31 144
40 230 31 144
40 230 31 144
40 230 31 144
40 230 31 144
40 230 31 144
40 230 31 144
40 230 31 144
40 230 31 144
40 230 31 144
40 230 31 144
40 230 31 144
40 230 31 144
40 230 31 144
40 230 31 144
40 230 31 144
40 230 31 144
40 230 31 144
40 230 31 144
40 230 31 144
40 230 31 144
40 230 31 144
40 230 31 144
40 230 31 144
40 230 31 144
40 230 31 144
40 230 31 144
40 230 31 144
40 230 31 144
40 230 31 144
40 230 31 144
40 230 31 144
40 230 31 144
40 230 31 144
40 230 31 144
40 230 31 144
40 230 31 144
40 230 31 144
40 230 31 144
40 230 31 144
40 230 31 144
40 230 31 144
40 230 31 144
40 230 31 144
40 230 31 144
40 230 31 144
40 230 31 144
40 230 31 144
40 230 31 144
40 230 31 144
40 230 31 144
39 233 36 141
39 233 36 141
39 233 36 141
39 233 36 141
39 233 36 141
39 233 36 141
39 233 36 141
38 230 34 142
38 230 34 142
38 228 33 143
38 228 33 143
38 228 33 143
38 228 33 143
37 239 29 143
37 239 29 143
37 239 29 143
42 275 33 141
40 241 28 144
39 234 36 141
38 245 28 145
38 230 33 143
38 256 31 142
41 255 32 142
38 242 29 143
38 235 34 142
40 236 31 144
40 236 31 144
40 241 28 144
42 271 33 142
41 242 28 144
39 285 29 143
39 251 28 145
39 235 36 141
38 232 33 143
40 237 31 144
40 249 29 143
40 254 28 144
39 257 31 143
39 262 30 144
39 262 30 144
40 249 29 143
40 249 29 143
40 249 29 143
40 249 29 143
46 291 34 142
42 248 28 146
39 237 36 141
39 233 36 143
40 238 31 144
40 254 29 143
42 250 28 144
39 264 30 144
40 252 28 145
39 264 30 144
39 264 30 144
39 264 30 144
39 264 30 144
39 264 30 144
39 264 30 144
39 264 30 144
54 387 34 142
41 262 28 145
40 239 36 141
40 239 31 144
39 267 32 147
45 276 28 144
42 255 29 143
40 256 30 145
40 270 29 143
40 239 31 144
41 256 29 143
41 262 28 145
41 262 28 145
41 262 28 145
48 300 28 144
41 270 28 145
41 244 31 144
40 273 30 151
40 260 36 141
39 272 33 149
40 248 36 142
41 257 29 143
40 245 31 144
40 245 31 144
40 245 31 144
40 245 31 144
40 245 31 144
53 342 28 144
49 378 28 144
46 298 36 141
42 247 31 144
40 297 30 151
42 270 28 146
42 247 31 144
42 294 28 145
50 344 28 144
52 343 28 144
41 259 29 143
41 259 29 143
41 259 29 143
41 259 29 143
40 250 31 144
41 249 31 144
41 259 29 143
41 259 29 143
41 259 29 143
41 259 29 143
41 259 29 143
52 348 28 144
45 295 28 145
41 260 29 143
41 250 31 144
40 305 30 151
40 256 34 145
42 259 32 143
47 304 28 146
42 261 29 143
42 252 31 144
41 260 32 143
41 254 31 146
41 262 29 143
41 261 31 144
52 347 28 146
43 255 31 144
42 262 29 143
41 264 32 143
42 257 31 144
45 261 31 145
43 265 29 143
41 306 33 150
42 294 29 143
42 276 30 144
42 262 31 145
42 267 31 144
43 263 31 144
45 272 29 143
43 285 30 143
43 264 33 148
44 283 29 143
43 266 31 146
43 272 31 144
47 285 29 143
46 284 30 148
43 297 31 143
43 287 32 143
43 271 31 146
45 287 29 143
43 273 31 144
48 272 33 149
45 291 29 143
45 291 29 143
45 278 34 145
43 281 31 144
46 288 30 147
44 280 31 144
45 279 31 144
45 294 29 143
45 291 32 143
45 281 31 144
44 283 31 144
49 294 31 143
47 294 35 145
46 302 29 143
46 284 32 148
45 325 29 143
44 287 33 148
49 291 31 144
45 296 31 144
49 297 31 143
47 292 33 149
46 303 29 143
44 306 33 149
47 297 32 148
46 301 31 144
46 294 33 149
52 303 31 148
49 331 29 143
49 331 29 143
46 307 30 151
46 304 33 144
46 304 31 145
46 323 31 144
50 307 30 149
48 313 31 144
51 336 31 144
50 346 29 143
50 304 32 147
48 328 30 153
48 318 33 144
46 309 31 146
49 339 30 148
47 306 33 149
48 305 33 147
55 315 32 147
50 352 29 143
46 320 33 146
46 309 32 155
51 337 31 144
47 310 33 148
55 353 30 147
52 356 30 147
52 344 32 150
50 356 31 144
49 313 33 149
47 339 34 147
53 355 31 146
48 317 33 148
47 345 33 148
61 370 30 147
61 370 30 147
55 369 30 148
53 390 31 149
50 356 37 147
50 322 33 149
49 349 33 149
59 381 30 147
50 326 33 148
62 375 30 147
56 380 31 148
50 333 33 148
49 351 39 153
51 341 33 148
52 381 33 148
64 400 33 152
54 384 36 153
40 235 28 146
39 233 36 141
36 242 33 140
33 227 30 148
32 250 26 151
30 256 27 145
29 246 26 152
27 236 27 149
30 244 26 152
33 244 33 140
29 243 29 143
38 232 31 144
38 228 32 143
33 243 31 141
35 228 32 145
33 227 30 148
39 233 36 141
38 230 34 142
29 238 28 144
28 237 28 148
32 255 27 145
34 235 31 147
32 230 29 150
32 230 29 150
31 247 31 141
32 229 30 148
30 256 27 145
38 231 30 145
30 249 30 142
28 240 28 147
28 237 28 148
37 234 31 144
36 242 33 140
36 236 31 144
35 240 31 141
34 238 31 142
31 239 30 143
40 235 28 146
40 235 28 146
40 234 29 145
38 230 34 142
40 235 28 146
39 233 36 141
38 236 28 146
38 230 34 142
32 250 26 151
27 236 27 149
27 236 27 149
40 235 28 146
39 233 36 141
39 233 36 141
38 231 30 145
38 230 34 142
37 235 34 142
28 240 28 147
27 236 27 149
30 249 30 142
29 246 26 152
40 235 28 146
40 235 28 146
40 234 29 145
40 230 31 144
39 233 36 141
38 231 30 145
38 230 34 142
32 255 27 145
32 250 26 151
32 229 30 148
31 247 31 141
31 239 30 143
28 241 28 146
28 241 27 147
40 235 28 146
40 235 28 146
40 235 28 146
40 235 28 146
40 235 28 146
40 235 28 146
40 235 28 146
40 235 28 146
40 235 28 146
40 235 28 146
40 235 28 146
40 235 28 146
40 235 28 146
40 235 28 146
40 235 28 146
40 235 28 146
40 235 28 146
40 235 28 146
40 235 28 146
40 235 28 146
40 235 28 146
40 235 28 146
40 235 28 146
40 235 28 146
40 235 28 146
40 235 28 146
40 235 28 146
40 235 28 146
40 235 28 146
40 235 28 146
40 235 28 146
40 235 28 146
40 235 28 146
40 235 28 146
40 235 28 146
40 235 28 146
40 235 28 146
40 235 28 146
40 235 28 146
40 235 28 146
40 235 28 146
40 235 28 146
40 235 28 146
40 235 28 146
40 235 28 146
40 235 28 146
40 235 28 146
40 235 28 146
40 235 28 146
40 235 28 146
40 235 28 146
40 235 28 146
40 235 28 146
40 235 28 146
40 235 28 146
40 235 28 146
40 235 28 146
40 235 28 146
40 235 28 146
40 235 28 146
40 235 28 146
40 235 28 146
40 235 28 146
40 235 28 146
40 235 28 146
40 235 28 146
40 235 28 146
40 235 28 146
40 235 28 146
40 235 28 146
40 235 28 146
40 235 28 146
40 235 28 146
40 235 28 146
40 235 28 146
40 235 28 146
40 235 28 146
40 235 28 146
40 235 28 146
40 235 28 146
40 235 28 146
40 235 28 146
40 235 28 146
40 235 28 146
40 235 28 146
40 235 28 146
40 235 28 146
40 235 28 146
40 235 28 146
40 235 28 146
40 235 28 146
40 235 28 146
40 235 28 146
40 235 28 146
40 235 28 146
40 235 28 146
40 235 28 146
40 235 28 146
40 235 28 146
40 235 28 146
40 235 28 146
40 235 28 146
40 235 28 146
40 235 28 146
40 235 28 146
40 235 28 146
40 235 28 146
40 235 28 146
40 235 28 146
40 235 28 146
40 235 28 146
40 235 28 146
40 235 28 146
40 235 28 146
40 235 28 146
40 235 28 146
40 235 28 146
40 235 28 146
40 235 28 146
40 235 28 146
40 235 28 146
40 235 28 146
40 235 28 146
40 235 28 146
40 235 28 146
40 235 28 146
40 234 29 145
39 233 36 141
39 233 36 141
39 233 36 141
39 233 36 141
39 233 36 141
39 233 36 141
39 233 36 141
39 233 36 141
39 233 36 141
39 233 36 141
39 233 36 141
39 233 36 141
39 233 36 141
39 233 36 141
39 233 36 141
38 236 28 146
38 231 30 145
38 231 30 145
38 231 30 145
32 229 30 148
32 229 30 148
32 229 30 148
32 229 30 148
28 241 28 146
28 240 28 147
28 240 28 147
27 236 27 149
27 236 27 149
27 236 27 149
42 271 32 143
41 293 31 143
39 239 36 141
38 268 28 146
38 230 35 142
34 246 30 148
32 257 28 147
37 260 31 146
38 257 29 145
35 249 29 147
39 234 33 143
38 235 34 142
41 239 32 144
34 244 31 147
38 242 31 144
38 236 30 145
40 237 28 146
38 244 33 143
40 244 29 145
40 244 29 145
49 313 32 143
40 240 36 141
38 284 28 146
38 235 34 143
36 260 30 149
33 273 28 148
41 249 31 144
40 246 29 145
39 254 31 144
36 268 30 148
38 270 28 147
38 236 34 142
40 240 36 141
38 244 30 145
39 264 33 143
40 238 28 146
41 241 32 144
39 239 33 144
41 242 30 145
44 269 33 143
42 290 33 143
40 247 36 141
40 241 28 146
39 274 28 149
39 237 34 142
35 289 29 148
38 260 30 146
40 255 31 144
41 251 31 144
39 260 30 145
43 275 33 143
40 248 29 145
43 275 33 143
43 275 33 143
43 275 33 143
49 281 32 144
45 271 36 141
43 309 31 144
40 244 28 146
40 241 32 147
39 281 29 149
38 261 30 146
45 271 36 141
39 291 31 145
42 258 34 142
44 283 31 144
42 258 29 145
43 276 33 143
40 262 34 142
43 248 30 145
41 272 33 144
42 262 33 144
41 253 30 145
40 255 30 145
45 271 36 141
47 325 29 145
45 289 36 141
40 245 28 146
40 244 29 146
38 292 31 150
44 315 33 143
45 295 31 144
46 260 34 145
46 279 36 141
39 266 30 149
38 272 34 148
43 277 30 145
39 286 30 147
44 263 34 142
41 280 34 142
39 284 32 146
42 262 32 145
39 267 34 147
42 266 34 142
49 296 31 145
46 332 31 145
44 265 34 142
44 244 31 147
43 288 34 142
43 246 28 146
40 246 31 146
48 319 32 144
40 253 28 146
42 250 28 146
43 246 28 146
43 246 28 146
50 311 31 145
45 292 35 142
45 246 33 146
44 295 34 142
42 250 28 147
41 257 28 150
40 247 31 146
48 276 34 143
40 277 30 147
40 260 28 148
44 284 34 143
40 284 28 146
46 281 34 143
43 251 28 146
41 264 28 146
42 254 28 146
57 385 31 145
52 302 34 142
42 255 28 146
41 258 28 150
40 265 30 148
45 292 34 143
40 309 29 148
41 270 28 147
40 307 29 149
46 294 34 143
46 257 32 149
43 260 28 146
40 341 31 151
40 288 33 150
42 260 30 146
41 282 28 147
43 260 28 146
42 285 28 146
42 271 28 148
42 266 28 149
46 300 34 143
46 300 34 143
46 264 32 146
43 276 28 146
41 312 31 147
41 286 33 149
44 275 31 147
42 286 28 146
41 312 29 149
41 312 29 149
46 300 34 143
54 356 34 144
45 281 34 149
44 296 41 146
42 292 28 149
42 288 33 150
41 315 29 149
47 333 28 146
47 301 30 146
44 283 30 147
42 297 29 147
42 289 30 148
50 347 29 146
45 283 32 150
44 293 34 149
43 289 30 151
41 316 29 149
47 286 32 149
43 308 33 150
42 324 34 147
42 300 34 148
44 304 30 147
42 300 34 148
43 330 30 147
41 316 29 149
44 295 33 150
43 330 30 147
44 303 29 149
41 316 29 149
43 330 30 147
42 300 34 148
48 319 31 147
47 306 30 150
47 305 34 148
44 297 34 149
43 331 30 147
43 312 33 150
42 342 30 150
44 311 30 148
44 304 33 150
52 378 30 147
49 330 30 151
48 307 38 148
45 304 34 149
44 346 32 153
44 310 33 150
46 325 31 152
46 339 31 150
44 316 34 148
50 330 31 148
51 360 32 152
51 327 34 148
49 373 33 150
45 315 34 149
45 322 34 149
50 374 36 151
