34982 105.5
38 253 28 144
33 264 27 146
33 242 33 140
29 238 26 151
29 230 28 150
28 240 26 151
28 236 28 150
34 254 28 145
33 264 27 146
36 240 33 140
32 239 31 141
29 231 29 148
38 252 27 146
33 242 33 140
32 235 31 142
29 231 29 148
29 240 29 143
28 236 28 150
31 245 28 146
38 253 28 144
31 241 31 141
33 242 33 140
31 239 30 144
31 239 30 144
38 253 28 144
38 253 28 144
35 254 28 144
32 232 29 144
28 237 27 151
32 235 31 142
29 240 29 143
29 230 28 150
28 238 28 147
35 253 27 146
34 254 28 145
33 242 33 140
32 239 31 141
31 241 31 141
38 253 28 144
38 253 28 144
34 254 28 145
32 239 31 141
28 238 28 147
31 245 28 146
29 234 27 148
29 232 29 145
38 253 28 144
38 253 28 144
38 252 27 146
31 241 31 141
31 241 31 141
29 234 27 148
28 237 27 151
28 236 28 150
38 253 28 144
38 253 28 144
38 253 28 144
38 253 28 144
38 253 28 144
38 253 28 144
38 253 28 144
38 253 28 144
38 253 28 144
38 253 28 144
38 253 28 144
38 253 28 144
38 253 28 144
38 253 28 144
38 253 28 144
38 253 28 144
38 253 28 144
38 253 28 144
38 253 28 144
38 253 28 144
38 253 28 144
38 253 28 144
38 253 28 144
38 253 28 144
38 253 28 144
38 253 28 144
38 253 28 144
38 253 28 144
38 253 28 144
38 253 28 144
38 253 28 144
38 253 28 144
38 253 28 144
38 253 28 144
38 253 28 144
38 253 28 144
38 253 28 144
38 253 28 144
38 253 28 144
38 253 28 144
38 253 28 144
38 253 28 144
38 253 28 144
38 253 28 144
38 253 28 144
38 253 28 144
38 253 28 144
38 253 28 144
38 253 28 144
38 253 28 144
38 253 28 144
38 253 28 144
38 253 28 144
38 253 28 144
38 253 28 144
38 253 28 144
38 253 28 144
38 253 28 144
38 253 28 144
38 253 28 144
38 253 28 144
38 253 28 144
38 253 28 144
38 253 28 144
38 253 28 144
38 253 28 144
38 253 28 144
38 253 28 144
38 253 28 144
38 253 28 144
38 253 28 144
38 253 28 144
38 253 28 144
38 253 28 144
38 253 28 144
38 253 28 144
38 253 28 144
38 253 28 144
38 253 28 144
38 253 28 144
38 253 28 144
38 253 28 144
38 253 28 144
38 253 28 144
38 253 28 144
38 253 28 144
38 253 28 144
38 253 28 144
38 253 28 144
38 253 28 144
38 253 28 144
38 253 28 144
38 253 28 144
38 253 28 144
38 253 28 144
38 253 28 144
38 253 28 144
38 253 28 144
38 253 28 144
38 253 28 144
38 253 28 144
38 253 28 144
38 253 28 144
38 253 28 144
38 253 28 144
38 253 28 144
38 253 28 144
38 253 28 144
38 253 28 144
38 253 28 144
38 253 28 144
38 253 28 144
38 253 28 144
38 253 28 144
38 253 28 144
38 253 28 144
38 253 28 144
38 253 28 144
38 253 28 144
38 253 28 144
38 253 28 144
38 253 28 144
38 253 28 144
38 253 28 144
38 253 28 144
38 253 28 144
38 253 28 144
38 253 28 144
38 253 28 144
38 253 28 144
38 253 28 144
38 253 28 144
38 253 28 144
38 253 28 144
38 253 28 144
38 253 28 144
38 253 28 144
38 253 28 144
38 253 28 144
38 253 28 144
38 253 28 144
38 253 28 144
38 253 28 144
38 253 28 144
38 253 28 144
38 253 28 144
38 253 28 144
38 253 28 144
38 253 28 144
38 253 28 144
38 253 28 144
38 253 28 144
38 253 28 144
38 253 28 144
38 253 28 144
38 253 28 144
38 253 28 144
38 253 28 144
38 253 28 144
38 253 28 144
38 253 28 144
38 253 28 144
38 253 28 144
38 253 28 144
38 253 28 144
38 253 28 144
38 253 28 144
38 253 28 144
38 253 28 144
38 253 28 144
38 253 28 144
38 253 28 144
38 253 28 144
38 253 28 144
38 253 28 144
38 253 28 144
38 253 28 144
38 253 28 144
38 253 28 144
38 253 28 144
38 253 28 144
38 253 28 144
38 253 28 144
38 253 28 144
38 253 28 144
38 253 28 144
38 253 28 144
38 253 28 144
38 253 28 144
38 253 28 144
38 253 28 144
38 253 28 144
38 253 28 144
38 253 28 144
38 253 28 144
38 253 28 144
38 253 28 144
38 253 28 144
38 253 28 144
38 253 28 144
38 253 28 144
38 253 28 144
38 253 28 144
38 253 28 144
38 253 28 144
38 253 28 144
38 253 28 144
38 253 28 144
38 253 28 144
38 253 28 144
38 253 28 144
38 253 28 144
38 253 28 144
38 253 28 144
38 253 28 144
38 253 28 144
38 253 28 144
38 253 28 144
38 253 28 144
38 253 28 144
38 253 28 144
38 253 28 144
38 253 28 144
38 253 28 144
38 253 28 144
38 253 28 144
38 253 28 144
38 253 28 144
38 253 28 144
38 253 28 144
38 253 28 144
38 253 28 144
38 253 28 144
38 253 28 144
38 253 28 144
38 253 28 144
38 253 28 144
38 253 28 144
38 253 28 144
38 253 28 144
38 253 28 144
38 253 28 144
38 253 28 144
38 253 28 144
38 253 28 144
38 253 28 144
38 253 28 144
38 253 28 144
38 253 28 144
38 253 28 144
38 253 28 144
38 253 28 144
38 253 28 144
38 253 28 144
38 253 28 144
38 253 28 144
38 253 28 144
38 252 27 146
38 252 27 146
35 253 27 146
34 254 28 145
34 254 28 145
33 242 33 140
33 242 33 140
33 242 33 140
33 242 33 140
33 242 33 140
33 242 33 140
33 242 33 140
32 239 31 141
32 239 31 141
32 239 31 141
32 239 31 141
32 239 31 141
31 241 31 141
31 241 31 141
31 241 31 141
31 241 31 141
31 241 31 141
28 237 27 151
28 237 27 151
28 237 27 151
28 237 27 151
28 237 27 151
28 236 28 150
28 236 28 150
28 236 28 150
28 236 28 150
28 236 28 150
28 236 28 150
38 254 28 144
36 256 36 140
35 260 27 146
30 253 27 151
29 243 28 150
31 251 31 141
36 255 27 146
36 255 27 146
40 289 27 146
37 278 33 141
31 254 27 151
30 248 28 150
34 255 31 143
38 255 28 144
39 254 29 145
38 255 28 144
38 286 34 142
31 258 28 150
38 258 28 144
38 261 28 144
38 258 33 147
33 271 29 154
39 261 28 144
39 261 28 144
38 285 37 144
38 266 28 146
38 266 28 146
43 264 33 149
39 267 28 144
39 269 28 144
39 269 28 144
40 269 28 144
39 324 33 146
41 273 28 144
40 269 33 145
43 305 28 144
40 272 34 148
41 290 30 146
42 281 31 145
45 323 28 144
43 292 34 147
41 311 39 153
43 292 34 147
43 292 34 147
45 332 28 144
45 332 28 144
45 323 33 145
49 354 31 145
45 327 33 148
45 329 33 149
55 390 33 149
48 354 34 150
