1030 27.2324
36 230 31 142
33 238 33 140
33 223 30 148
30 257 26 152
29 227 27 151
34 231 28 144
36 230 31 142
33 234 33 141
31 226 29 147
32 254 27 145
32 251 26 152
34 231 28 144
35 244 26 152
32 251 26 152
30 233 29 143
30 233 29 143
36 230 31 142
36 230 31 142
35 227 29 146
35 225 29 148
35 225 29 148
33 224 28 149
33 224 28 149
33 224 28 149
33 223 30 148
32 251 26 152
32 230 30 143
32 226 30 146
31 231 29 143
30 227 27 150
29 230 27 150
29 227 27 151
34 231 28 144
33 238 33 140
33 234 33 141
33 224 28 149
33 224 28 149
32 237 31 141
31 238 28 147
29 239 29 146
32 254 27 145
30 257 26 152
36 230 31 142
36 230 31 142
36 227 31 145
36 227 31 145
35 244 26 152
33 225 30 146
33 223 30 148
32 230 30 143
31 231 29 143
30 227 27 150
30 227 27 150
29 227 27 151
29 227 27 151
35 244 26 152
29 242 28 145
36 230 31 142
36 230 31 142
36 228 31 144
35 229 31 144
35 227 29 146
35 225 29 148
33 234 33 141
33 229 28 146
33 225 30 146
33 223 30 148
32 237 31 141
32 232 31 142
32 232 31 142
32 226 30 146
31 228 29 145
30 241 27 146
30 241 27 146
30 236 27 148
30 236 27 148
29 242 28 145
29 240 27 147
29 240 27 147
29 239 29 146
29 235 28 149
29 235 28 149
36 230 31 142
36 230 31 142
36 230 31 142
36 230 31 142
36 230 31 142
36 230 31 142
36 230 31 142
36 230 31 142
36 230 31 142
36 230 31 142
36 230 31 142
36 230 31 142
36 230 31 142
36 230 31 142
36 230 31 142
36 230 31 142
36 230 31 142
36 230 31 142
36 230 31 142
36 230 31 142
36 230 31 142
36 230 31 142
36 230 31 142
36 230 31 142
36 230 31 142
36 230 31 142
36 230 31 142
36 230 31 142
36 230 31 142
36 230 31 142
36 230 31 142
36 230 31 142
36 230 31 142
36 230 31 142
36 230 31 142
36 230 31 142
36 230 31 142
36 230 31 142
36 230 31 142
36 230 31 142
36 230 31 142
36 230 31 142
36 230 31 142
36 230 31 142
36 230 31 142
36 230 31 142
36 230 31 142
36 230 31 142
36 230 31 142
36 230 31 142
36 230 31 142
36 230 31 142
36 230 31 142
36 230 31 142
36 230 31 142
36 230 31 142
36 230 31 142
36 230 31 142
36 230 31 142
36 230 31 142
36 230 31 142
36 230 31 142
36 230 31 142
36 230 31 142
36 230 31 142
36 230 31 142
36 230 31 142
36 230 31 142
36 230 31 142
36 230 31 142
36 230 31 142
36 230 31 142
36 230 31 142
36 230 31 142
36 230 31 142
36 230 31 142
36 230 31 142
36 230 31 142
36 230 31 142
36 230 31 142
36 230 31 142
36 230 31 142
36 230 31 142
36 230 31 142
36 230 31 142
36 230 31 142
36 230 31 142
36 230 31 142
36 230 31 142
36 230 31 142
36 230 31 142
36 230 31 142
36 230 31 142
36 230 31 142
36 230 31 142
36 230 31 142
36 230 31 142
36 230 31 142
36 230 31 142
36 230 31 142
36 230 31 142
36 230 31 142
36 230 31 142
36 230 31 142
36 230 31 142
36 230 31 142
36 230 31 142
36 230 31 142
36 230 31 142
36 230 31 142
36 230 31 142
36 230 31 142
36 230 31 142
36 230 31 142
36 230 31 142
36 230 31 142
36 230 31 142
36 230 31 142
36 230 31 142
36 230 31 142
36 230 31 142
36 230 31 142
36 230 31 142
36 230 31 142
36 230 31 142
36 230 31 142
36 230 31 142
36 230 31 142
36 230 31 142
36 230 31 142
36 230 31 142
36 230 31 142
36 230 31 142
36 230 31 142
36 230 31 142
36 230 31 142
36 230 31 142
36 230 31 142
36 230 31 142
36 230 31 142
36 227 31 145
36 227 31 145
36 227 31 145
36 227 31 145
36 227 31 145
35 244 26 152
35 244 26 152
35 244 26 152
35 229 31 144
35 227 29 146
35 227 29 146
35 227 29 146
35 225 29 148
35 225 29 148
35 225 29 148
35 225 29 148
35 225 29 148
35 225 29 148
34 231 28 144
34 231 28 144
34 231 28 144
34 231 28 144
34 231 28 144
34 231 28 144
34 231 28 144
34 231 28 144
33 234 33 141
33 234 33 141
33 229 28 146
33 225 30 146
33 224 28 149
33 224 28 149
33 224 28 149
33 224 28 149
33 224 28 149
33 224 28 149
33 224 28 149
33 224 28 149
33 223 30 148
33 223 30 148
33 223 30 148
33 223 30 148
33 223 30 148
33 223 30 148
33 223 30 148
33 223 30 148
33 223 30 148
32 251 26 152
32 251 26 152
32 251 26 152
32 251 26 152
32 251 26 152
32 230 30 143
32 226 30 146
32 226 30 146
32 226 30 146
32 226 30 146
31 231 29 143
31 231 29 143
31 231 29 143
30 233 29 143
30 233 29 143
30 227 27 150
29 230 27 150
29 230 27 150
29 230 27 150
29 230 27 150
29 227 27 151
29 227 27 151
40 259 31 141
38 266 26 152
33 239 33 140
33 224 30 148
30 234 29 143
32 241 27 150
36 225 31 147
34 236 28 144
34 230 28 149
35 233 29 148
33 229 30 146
37 231 31 142
33 233 30 143
32 236 31 142
36 229 30 145
36 232 31 142
36 232 31 142
36 232 31 142
36 231 30 143
43 265 33 141
37 275 33 140
34 230 30 148
33 251 27 151
31 243 29 143
39 268 33 141
34 240 28 144
33 264 27 150
32 237 31 142
37 233 31 142
33 240 30 143
35 234 28 149
36 236 31 142
35 234 28 149
37 233 31 142
40 286 33 141
37 235 31 142
34 277 27 151
32 238 31 142
36 251 29 143
34 242 28 149
37 246 29 143
35 280 27 150
36 236 31 145
34 248 28 144
35 243 28 144
36 236 31 145
36 237 31 142
46 289 33 141
41 291 27 150
39 235 31 144
38 293 27 151
34 254 28 151
33 238 31 142
34 248 30 149
34 262 28 144
38 255 29 143
35 248 28 144
37 237 31 142
37 237 31 142
50 296 33 141
42 321 27 152
40 341 27 151
36 238 31 145
35 281 29 152
33 246 31 142
36 253 30 148
38 285 28 149
39 259 28 144
37 255 29 145
36 278 28 150
39 259 30 143
38 264 29 143
38 238 31 142
36 240 31 142
36 255 30 145
46 264 29 143
42 317 28 150
38 240 31 142
34 250 32 147
38 302 29 148
37 263 30 146
39 265 29 143
34 252 31 147
37 241 31 145
35 250 31 142
39 265 29 143
37 245 31 142
37 245 31 142
45 340 28 150
39 290 29 150
39 243 31 142
36 251 31 144
39 270 30 145
40 266 29 143
37 247 31 142
38 244 31 142
38 244 31 142
39 243 31 142
45 285 29 143
42 276 29 146
39 275 30 146
39 243 31 145
38 245 31 142
37 293 31 144
40 266 30 143
40 287 29 143
45 285 29 143
38 245 31 142
48 293 29 143
43 337 29 145
40 285 30 156
38 246 31 142
41 270 30 143
40 297 30 155
40 308 29 149
43 304 29 147
40 285 30 156
40 285 30 156
48 337 29 143
44 382 29 151
41 287 30 156
39 246 31 142
38 248 31 144
42 300 30 148
41 293 30 149
43 287 30 143
39 246 31 142
45 325 30 143
44 337 30 149
41 246 31 142
40 246 35 146
38 254 31 146
38 282 33 144
39 251 31 142
48 332 30 143
42 246 33 147
40 252 31 142
38 287 33 144
38 254 31 152
39 282 31 142
39 260 31 145
49 368 30 151
40 267 31 142
40 258 31 144
38 298 34 144
44 268 34 142
44 261 34 146
41 269 31 142
40 262 31 145
39 302 35 156
40 271 31 142
44 261 34 146
41 269 31 142
44 268 34 142
40 271 31 142
44 268 34 142
43 267 31 150
41 270 31 142
40 275 31 142
42 270 32 142
41 274 34 144
41 274 31 145
40 276 31 142
44 270 34 146
42 278 31 142
41 280 31 142
40 277 31 146
41 274 33 145
42 275 33 144
45 278 34 142
45 275 33 151
42 279 31 142
42 278 31 146
41 282 31 142
40 281 31 146
41 280 31 144
41 282 31 142
42 278 31 146
45 282 34 142
43 289 31 142
41 291 31 142
47 304 31 142
47 290 37 147
45 296 31 145
44 349 31 145
43 314 31 153
41 298 32 150
44 323 32 144
47 301 35 143
42 336 31 146
45 310 31 142
46 305 31 144
46 308 31 142
46 308 33 147
45 311 31 142
44 356 31 145
45 311 31 142
58 357 31 142
49 333 40 147
45 342 31 146
55 335 33 144
56 341 34 144
45 356 31 149
52 411 33 150
49 376 34 157
37 232 33 141
35 244 26 152
33 238 33 140
33 223 30 148
30 257 26 152
29 227 27 151
30 241 27 146
36 230 31 142
33 234 33 141
31 226 29 147
30 257 26 152
34 231 28 144
30 233 29 143
34 231 28 144
33 224 28 149
35 244 26 152
32 251 26 152
32 252 28 144
32 224 30 148
30 233 29 143
36 230 31 142
33 230 30 143
33 223 30 148
30 233 29 143
29 227 27 151
36 230 31 142
36 230 31 142
35 244 26 152
35 231 31 142
34 231 28 144
33 234 28 144
32 224 30 148
31 228 29 145
29 227 27 151
33 238 33 140
30 227 27 150
29 242 28 145
29 240 27 147
29 239 29 146
32 254 27 145
36 230 31 142
36 230 31 142
33 234 33 141
33 230 30 143
33 229 28 146
33 224 28 149
32 224 30 148
32 224 30 148
31 228 29 145
29 230 27 150
29 227 27 151
32 254 27 145
32 252 28 144
30 236 27 148
29 242 28 145
36 230 31 142
36 230 31 142
34 231 28 144
33 234 33 141
33 234 28 144
33 229 28 146
33 229 28 146
33 227 29 146
33 226 28 147
33 225 30 146
33 225 30 146
33 224 28 149
33 223 30 148
32 251 26 152
32 237 31 141
32 237 31 141
32 232 31 142
31 231 29 143
31 228 29 145
31 228 29 145
30 241 27 146
30 233 29 143
29 240 27 147
29 239 29 146
29 235 28 149
29 235 28 149
36 230 31 142
36 230 31 142
36 230 31 142
36 230 31 142
36 230 31 142
36 230 31 142
36 230 31 142
36 230 31 142
36 230 31 142
36 230 31 142
36 230 31 142
36 230 31 142
36 230 31 142
36 230 31 142
36 230 31 142
36 230 31 142
36 230 31 142
36 230 31 142
36 230 31 142
36 230 31 142
36 230 31 142
36 230 31 142
36 230 31 142
36 230 31 142
36 230 31 142
36 230 31 142
36 230 31 142
36 230 31 142
36 230 31 142
36 230 31 142
36 230 31 142
36 230 31 142
36 230 31 142
36 230 31 142
36 230 31 142
36 230 31 142
36 230 31 142
36 230 31 142
36 230 31 142
36 230 31 142
36 230 31 142
36 230 31 142
36 230 31 142
36 230 31 142
36 230 31 142
36 230 31 142
36 230 31 142
36 230 31 142
36 230 31 142
36 230 31 142
36 230 31 142
36 230 31 142
36 230 31 142
36 230 31 142
36 230 31 142
36 230 31 142
36 230 31 142
36 230 31 142
36 230 31 142
36 230 31 142
36 230 31 142
36 230 31 142
36 230 31 142
36 230 31 142
36 230 31 142
36 230 31 142
36 230 31 142
36 230 31 142
36 230 31 142
36 230 31 142
36 230 31 142
36 230 31 142
36 230 31 142
36 230 31 142
36 230 31 142
36 230 31 142
36 230 31 142
36 230 31 142
36 230 31 142
36 230 31 142
36 230 31 142
36 230 31 142
36 230 31 142
36 230 31 142
36 230 31 142
36 230 31 142
36 230 31 142
36 230 31 142
36 230 31 142
36 230 31 142
36 230 31 142
36 230 31 142
36 230 31 142
36 230 31 142
36 230 31 142
36 230 31 142
36 230 31 142
36 230 31 142
36 230 31 142
36 230 31 142
36 230 31 142
36 230 31 142
36 230 31 142
36 230 31 142
36 230 31 142
36 230 31 142
36 230 31 142
36 230 31 142
36 230 31 142
36 230 31 142
36 230 31 142
36 230 31 142
36 230 31 142
36 230 31 142
36 230 31 142
36 230 31 142
36 230 31 142
36 230 31 142
36 230 31 142
36 230 31 142
36 230 31 142
36 230 31 142
36 230 31 142
36 230 31 142
36 230 31 142
36 230 31 142
36 230 31 142
36 230 31 142
36 230 31 142
36 230 31 142
36 230 31 142
36 230 31 142
36 230 31 142
36 230 31 142
36 230 31 142
36 230 31 142
36 230 31 142
36 230 31 142
36 230 31 142
36 230 31 142
36 230 31 142
36 230 31 142
36 230 31 142
36 230 31 142
36 230 31 142
36 230 31 142
36 230 31 142
36 230 31 142
36 230 31 142
36 230 31 142
36 230 31 142
36 230 31 142
36 230 31 142
36 230 31 142
36 230 31 142
36 230 31 142
36 230 31 142
36 230 31 142
36 230 31 142
36 230 31 142
36 230 31 142
36 230 31 142
36 230 31 142
36 230 31 142
36 230 31 142
36 230 31 142
36 230 31 142
36 230 31 142
36 230 31 142
36 230 31 142
36 230 31 142
36 230 31 142
36 230 31 142
36 230 31 142
36 230 31 142
36 230 31 142
36 230 31 142
36 230 31 142
36 230 31 142
36 227 31 145
35 244 26 152
35 231 31 142
34 231 28 144
34 231 28 144
34 231 28 144
34 231 28 144
34 231 28 144
34 231 28 144
34 231 28 144
33 234 33 141
33 234 33 141
33 234 33 141
33 234 33 141
33 234 33 141
33 234 28 144
33 230 30 143
33 230 30 143
33 230 30 143
33 230 30 143
33 230 30 143
33 230 30 143
33 229 28 146
33 227 29 146
33 227 29 146
33 227 29 146
33 226 28 147
33 225 30 146
33 224 28 149
33 223 30 148
33 223 30 148
33 223 30 148
33 223 30 148
33 223 30 148
33 223 30 148
33 223 30 148
33 223 30 148
33 223 30 148
33 223 30 148
32 252 28 144
32 232 31 142
32 224 30 148
32 224 30 148
31 231 29 143
31 228 29 145
31 228 29 145
31 228 29 145
31 228 29 145
30 233 29 143
29 227 27 151
29 227 27 151
29 227 27 151
29 227 27 151
37 251 26 152
35 283 27 149
34 240 33 141
33 225 30 148
30 234 27 150
32 237 31 142
30 236 29 143
34 236 28 144
32 226 31 147
33 233 29 146
36 232 28 144
36 225 31 147
33 235 29 143
36 231 31 142
42 275 36 141
38 228 30 153
36 254 28 144
33 226 31 147
31 245 31 144
34 229 30 148
33 241 29 143
37 235 29 143
35 237 28 146
34 240 29 145
36 231 31 143
32 243 31 142
36 235 28 146
32 236 30 143
36 235 31 142
36 235 31 142
33 233 31 146
33 239 29 146
44 290 28 145
36 245 28 153
35 267 33 142
34 230 30 148
32 269 30 149
37 239 29 148
33 253 29 145
33 238 30 150
36 233 31 143
35 246 28 146
33 239 30 143
35 242 29 143
36 236 31 142
37 235 31 142
36 236 31 142
36 236 31 142
37 235 31 142
36 236 31 142
39 235 31 142
38 285 28 146
36 243 31 142
36 233 31 144
35 246 28 147
33 246 30 143
36 253 29 143
35 239 30 146
37 236 31 142
40 295 28 151
37 237 31 142
36 249 31 142
36 233 31 145
33 272 30 149
37 260 29 147
35 242 30 148
36 263 29 143
34 246 30 143
38 237 31 142
36 281 29 143
36 268 29 145
34 268 31 156
35 254 30 148
36 250 30 145
37 244 31 142
44 253 30 152
43 296 29 143
40 268 29 145
40 238 31 142
37 245 31 142
38 255 30 148
39 239 31 142
39 239 31 142
38 240 31 142
38 240 31 142
39 239 31 142
39 239 31 142
45 335 29 146
43 276 29 147
40 239 35 143
40 239 35 143
39 240 31 142
37 250 33 142
40 279 30 145
37 252 31 142
37 251 31 145
38 244 31 142
38 244 31 142
45 297 29 147
40 284 30 149
40 240 35 143
39 244 31 142
37 264 31 144
40 289 30 145
38 245 33 142
38 247 31 142
38 247 31 142
47 344 29 148
47 326 29 149
42 367 30 149
40 240 35 144
38 256 31 142
37 265 33 150
45 297 30 145
43 244 31 146
41 248 34 142
39 251 31 144
40 249 31 143
48 327 30 145
46 331 30 146
42 249 35 143
41 262 31 142
38 264 35 147
38 282 31 142
45 254 33 147
40 267 33 143
44 263 33 142
41 269 31 142
41 264 31 150
39 331 31 154
39 302 36 154
40 270 33 147
40 270 33 147
41 269 31 142
40 270 33 147
45 267 33 149
44 263 34 142
43 270 31 142
41 278 31 143
42 276 31 146
45 274 35 143
42 280 31 143
41 314 32 147
41 281 33 147
41 308 33 144
42 280 31 143
42 276 33 147
42 280 31 143
42 280 31 143
48 276 35 143
46 310 31 143
45 279 35 143
42 281 31 144
41 292 34 147
45 279 35 143
49 352 31 144
43 299 31 146
42 281 33 148
41 328 37 157
42 289 34 146
42 289 34 146
42 289 34 146
45 302 31 146
42 291 33 148
50 308 31 147
46 316 31 146
45 389 32 159
45 293 33 149
43 334 33 148
46 313 33 147
55 397 31 146
54 295 33 149
46 322 31 147
43 354 34 150
47 319 33 146
54 295 33 149
47 319 33 146
54 295 33 149
49 368 31 149
49 321 35 150
47 325 33 146
46 326 34 147
62 358 33 149
36 230 31 142
33 238 33 140
33 223 30 148
30 257 26 152
29 227 27 151
35 244 26 152
33 234 33 141
29 227 27 151
36 230 31 142
33 231 28 144
29 242 28 145
32 254 27 145
33 234 33 141
30 227 27 150
29 227 27 151
32 251 26 152
32 232 31 142
29 239 29 146
36 230 31 142
36 230 31 142
35 244 26 152
33 229 28 146
33 223 30 148
32 224 30 148
31 228 29 145
31 228 29 145
30 257 26 152
30 233 29 143
35 244 26 152
30 241 27 146
36 228 31 144
30 233 29 143
30 227 27 150
29 240 27 147
29 239 29 146
29 235 28 149
29 235 28 149
32 254 27 145
32 251 26 152
30 257 26 152
36 230 31 142
36 230 31 142
36 228 31 144
36 227 31 145
33 238 33 140
33 223 30 148
32 224 30 148
31 226 29 147
30 233 29 143
30 236 27 148
36 230 31 142
36 230 31 142
33 238 33 140
33 238 33 140
33 234 33 141
33 234 33 141
33 231 28 144
33 231 28 144
33 229 28 146
33 229 28 146
33 226 28 147
33 225 30 146
33 225 30 146
33 223 30 148
32 237 31 141
32 237 31 141
32 232 31 142
32 224 30 148
32 224 30 148
31 228 29 145
31 226 29 147
30 233 29 143
29 242 28 145
29 240 27 147
29 227 27 151
36 230 31 142
36 230 31 142
36 230 31 142
36 230 31 142
36 230 31 142
36 230 31 142
36 230 31 142
36 230 31 142
36 230 31 142
36 230 31 142
36 230 31 142
36 230 31 142
36 230 31 142
36 230 31 142
36 230 31 142
36 230 31 142
36 230 31 142
36 230 31 142
36 230 31 142
36 230 31 142
36 230 31 142
36 230 31 142
36 230 31 142
36 230 31 142
36 230 31 142
36 230 31 142
36 230 31 142
36 230 31 142
36 230 31 142
36 230 31 142
36 230 31 142
36 230 31 142
36 230 31 142
36 230 31 142
36 230 31 142
36 230 31 142
36 230 31 142
36 230 31 142
36 230 31 142
36 230 31 142
36 230 31 142
36 230 31 142
36 230 31 142
36 230 31 142
36 230 31 142
36 230 31 142
36 230 31 142
36 230 31 142
36 230 31 142
36 230 31 142
36 230 31 142
36 230 31 142
36 230 31 142
36 230 31 142
36 230 31 142
36 230 31 142
36 230 31 142
36 230 31 142
36 230 31 142
36 230 31 142
36 230 31 142
36 230 31 142
36 230 31 142
36 230 31 142
36 230 31 142
36 230 31 142
36 230 31 142
36 230 31 142
36 230 31 142
36 230 31 142
36 230 31 142
36 230 31 142
36 230 31 142
36 230 31 142
36 230 31 142
36 230 31 142
36 230 31 142
36 230 31 142
36 230 31 142
36 230 31 142
36 230 31 142
36 230 31 142
36 230 31 142
36 230 31 142
36 230 31 142
36 230 31 142
36 230 31 142
36 230 31 142
36 230 31 142
36 230 31 142
36 230 31 142
36 230 31 142
36 230 31 142
36 230 31 142
36 230 31 142
36 230 31 142
36 230 31 142
36 230 31 142
36 230 31 142
36 230 31 142
36 230 31 142
36 230 31 142
36 230 31 142
36 230 31 142
36 230 31 142
36 230 31 142
36 230 31 142
36 230 31 142
36 230 31 142
36 230 31 142
36 230 31 142
36 230 31 142
36 230 31 142
36 230 31 142
36 230 31 142
36 230 31 142
36 230 31 142
36 230 31 142
36 230 31 142
36 230 31 142
36 230 31 142
36 230 31 142
36 230 31 142
36 230 31 142
36 230 31 142
36 230 31 142
36 230 31 142
36 230 31 142
36 230 31 142
36 230 31 142
36 230 31 142
36 230 31 142
36 230 31 142
36 230 31 142
36 230 31 142
36 230 31 142
36 230 31 142
36 230 31 142
36 230 31 142
36 230 31 142
36 230 31 142
36 230 31 142
36 230 31 142
36 230 31 142
36 230 31 142
36 230 31 142
36 230 31 142
36 230 31 142
36 230 31 142
36 230 31 142
36 230 31 142
36 230 31 142
36 230 31 142
36 230 31 142
36 230 31 142
36 230 31 142
36 230 31 142
36 230 31 142
36 230 31 142
36 230 31 142
36 230 31 142
36 230 31 142
36 230 31 142
36 230 31 142
36 230 31 142
36 230 31 142
36 230 31 142
36 230 31 142
36 230 31 142
36 230 31 142
36 230 31 142
36 230 31 142
36 230 31 142
36 230 31 142
36 230 31 142
36 230 31 142
36 230 31 142
36 230 31 142
36 230 31 142
36 230 31 142
36 230 31 142
36 230 31 142
36 230 31 142
36 230 31 142
36 230 31 142
36 230 31 142
36 230 31 142
36 230 31 142
36 230 31 142
36 230 31 142
36 230 31 142
36 230 31 142
36 230 31 142
36 230 31 142
36 230 31 142
36 230 31 142
36 230 31 142
36 228 31 144
36 228 31 144
36 228 31 144
36 227 31 145
35 244 26 152
35 244 26 152
35 244 26 152
35 244 26 152
35 229 31 144
33 238 33 140
33 238 33 140
33 238 33 140
33 238 33 140
33 238 33 140
33 238 33 140
33 238 33 140
33 234 33 141
33 234 33 141
33 234 33 141
33 234 33 141
33 234 33 141
33 231 28 144
33 231 28 144
33 231 28 144
33 231 28 144
33 231 28 144
33 229 28 146
33 229 28 146
33 229 28 146
33 229 28 146
33 225 30 146
33 225 30 146
33 225 30 146
33 223 30 148
33 223 30 148
33 223 30 148
32 232 31 142
32 232 31 142
32 232 31 142
32 232 31 142
32 232 31 142
32 232 31 142
32 232 31 142
32 224 30 148
31 231 29 143
31 228 29 145
31 228 29 145
31 228 29 145
31 228 29 145
31 228 29 145
31 228 29 145
31 226 29 147
30 233 29 143
30 233 29 143
30 227 29 146
29 227 27 151
29 227 27 151
29 227 27 151
29 227 27 151
29 227 27 151
29 227 27 151
29 227 27 151
29 227 27 151
29 227 27 151
38 249 33 140
35 251 33 140
32 255 26 152
32 255 26 152
31 227 29 146
29 232 27 151
38 237 33 141
31 243 28 150
34 230 28 147
36 232 29 143
33 230 31 145
33 238 33 141
30 235 29 143
36 229 30 145
34 243 28 144
36 231 30 143
33 232 31 142
34 231 28 146
36 232 28 144
36 229 30 145
31 234 29 143
36 231 31 142
37 231 31 142
33 269 26 152
33 240 33 141
33 227 30 146
30 243 27 151
36 246 28 144
36 231 31 143
34 237 29 143
34 235 29 145
33 240 31 142
33 244 29 145
37 231 31 142
36 232 31 142
36 232 31 142
37 231 31 142
36 232 31 142
38 249 28 144
36 305 28 150
35 274 27 151
34 244 33 141
33 231 30 148
36 235 31 144
34 247 31 142
34 238 29 143
37 235 31 142
36 237 30 143
34 238 29 143
37 235 31 142
36 236 31 142
39 277 27 151
38 281 28 145
38 246 33 141
37 237 31 142
36 250 33 141
33 243 32 149
39 258 28 144
34 239 29 143
34 255 31 142
36 239 31 142
36 239 31 142
41 283 33 141
40 283 28 144
39 307 28 148
39 284 33 141
38 237 31 142
34 241 29 145
34 270 29 143
35 240 30 146
36 239 33 147
36 245 29 143
36 244 31 144
37 241 31 142
38 237 31 142
45 290 36 141
41 299 28 156
40 316 28 148
38 239 31 142
35 272 30 149
36 262 29 143
36 245 30 143
44 262 29 145
43 345 28 148
42 346 28 150
38 243 31 142
36 251 31 143
37 279 29 148
36 255 30 144
39 263 29 143
38 243 31 142
44 276 29 143
41 268 29 145
39 289 30 147
38 247 31 142
38 246 34 142
38 244 31 144
37 289 29 153
37 264 31 145
37 279 30 148
37 266 32 143
40 278 29 143
38 245 31 143
44 318 30 146
41 269 30 147
40 244 31 144
38 249 31 142
42 246 33 147
40 252 31 144
39 251 33 142
38 257 31 142
41 254 31 143
43 255 34 146
40 256 31 145
39 258 34 142
38 267 31 142
40 262 33 143
39 260 31 146
39 260 31 146
42 268 33 147
41 269 31 142
39 267 33 151
38 280 31 142
38 276 33 143
39 274 32 150
40 274 31 142
43 272 31 146
42 269 33 147
41 273 31 142
38 288 33 144
39 287 33 144
45 276 31 154
43 281 31 142
42 271 33 149
41 312 33 144
41 280 31 145
41 312 33 144
42 279 31 146
45 297 31 142
43 282 33 145
42 279 31 147
41 318 32 154
42 279 31 147
42 279 31 147
42 279 31 147
42 279 31 147
42 279 31 147
52 320 31 142
45 361 31 144
45 299 33 145
42 287 31 147
46 306 32 145
44 300 31 147
43 305 33 147
43 300 33 154
42 317 31 150
50 323 33 147
44 322 32 148
50 372 34 152
51 375 34 152
