36 0.0695505
77 624 63 232
69 594 55 238
87 730 53 235
103 813 64 247
76 641 56 246
77 586 65 230
105 908 64 241
76 656 61 243
82 687 71 234
83 737 70 236
85 794 67 233
73 605 55 230
80 689 64 240
80 679 50 223
97 806 52 249
79 595 74 230
76 654 65 223
76 641 74 246
88 693 55 227
80 616 73 240
88 755 73 242
77 613 61 232
77 633 65 231
85 717 59 236
96 782 71 239
83 716 65 233
96 765 76 240
98 792 66 240
87 747 82 231
97 812 55 248
82 633 79 225
80 634 77 227
85 707 63 230
86 729 66 228
72 628 54 231
92 757 79 223
87 761 71 245
68 603 50 232
82 649 59 232
93 826 79 224
83 642 54 238
76 649 53 233
74 639 61 235
77 692 63 242
92 736 78 237
99 886 65 246
90 790 60 240
73 628 66 234
95 758 51 234
68 607 62 241
85 753 55 239
97 726 64 242
72 627 56 245
92 751 71 230
88 715 65 239
87 731 80 245
89 749 77 223
75 663 54 233
67 569 60 235
105 820 92 230
88 758 71 237
89 740 82 238
88 691 64 233
83 729 70 231
80 695 75 242
111 947 74 230
90 801 79 227
108 900 63 242
80 703 63 237
100 855 96 234
67 554 62 233
88 732 69 239
80 610 60 237
104 854 69 233
83 737 68 240
88 712 72 224
103 798 71 224
73 595 66 229
74 666 60 236
89 763 57 238
104 820 84 230
91 786 70 233
85 702 78 235
83 740 66 228
67 568 52 232
93 751 89 228
67 547 54 227
72 587 58 236
87 721 64 234
82 748 48 239
86 603 64 228
78 608 68 233
74 642 64 220
101 871 68 225
79 661 66 244
82 657 58 243
70 603 64 228
92 741 61 241
99 842 78 224
99 867 63 236
