70 4.22106
33 264 29 144
32 261 31 143
32 261 31 143
31 265 28 148
31 264 27 152
30 253 29 145
30 253 29 145
33 259 28 148
33 259 28 148
32 254 31 144
32 262 28 148
31 263 30 144
32 262 27 152
32 261 31 143
31 264 27 152
31 263 30 144
31 254 28 149
30 253 29 145
30 253 29 145
32 262 28 148
32 262 28 148
32 261 31 143
31 263 30 144
31 263 30 144
30 253 29 145
32 261 31 143
31 254 28 149
32 261 31 143
32 262 28 148
31 263 30 144
31 263 30 144
32 262 28 148
31 265 28 148
31 263 30 144
30 253 29 145
33 259 28 148
32 262 28 148
32 262 28 148
32 262 28 148
32 262 28 148
32 262 28 148
32 262 28 148
32 262 28 148
32 262 28 148
32 262 28 148
32 262 28 148
32 262 28 148
32 262 28 148
32 262 28 148
32 262 28 148
32 262 28 148
32 262 28 148
32 262 28 148
32 262 28 148
32 262 28 148
32 262 28 148
32 262 28 148
32 262 28 148
32 262 28 148
32 262 28 148
32 262 28 148
32 262 28 148
32 262 28 148
32 262 28 148
32 262 28 148
32 262 27 152
32 262 27 152
32 262 27 152
32 262 27 152
32 262 27 152
32 262 27 152
32 262 27 152
32 262 27 152
32 262 27 152
32 262 27 152
32 261 31 143
32 261 31 143
32 261 31 143
32 261 31 143
32 261 31 143
32 261 31 143
32 261 31 143
32 261 31 143
32 261 31 143
32 261 31 143
32 261 31 143
32 261 31 143
32 261 31 143
32 261 31 143
32 261 31 143
32 261 31 143
32 261 31 143
32 261 31 143
32 261 31 143
32 261 31 143
32 261 31 143
32 261 31 143
32 261 31 143
32 261 31 143
32 261 31 143
32 261 31 143
32 261 31 143
32 261 31 143
32 261 31 143
32 261 31 143
32 261 31 143
32 261 31 143
32 261 31 143
32 261 31 143
32 261 31 143
32 261 31 143
32 261 31 143
32 261 31 143
32 261 31 143
32 261 31 143
32 261 31 143
32 261 31 143
32 261 31 143
32 261 31 143
32 261 31 143
32 261 31 143
32 261 31 143
32 261 31 143
32 261 31 143
32 261 31 143
32 261 31 143
32 261 31 143
32 261 31 143
32 261 31 143
32 261 31 143
32 261 31 143
32 261 31 143
32 261 31 143
32 261 31 143
32 261 31 143
32 261 31 143
32 261 31 143
32 261 31 143
32 261 31 143
32 261 31 143
32 261 31 143
32 261 31 143
32 261 31 143
32 261 31 143
32 261 31 143
32 261 31 143
32 261 31 143
32 261 31 143
32 261 31 143
32 261 31 143
32 261 31 143
32 261 31 143
32 261 31 143
32 261 31 143
32 261 31 143
32 261 31 143
32 254 31 144
32 254 31 144
32 254 31 144
32 254 31 144
32 254 31 144
32 254 31 144
32 254 31 144
32 254 31 144
31 265 28 148
31 265 28 148
31 264 27 152
31 264 27 152
31 264 27 152
31 264 27 152
31 264 27 152
31 264 27 152
31 263 30 144
31 263 30 144
31 263 30 144
31 263 30 144
31 263 30 144
31 263 30 144
31 263 30 144
31 263 30 144
31 254 28 149
31 254 28 149
30 253 29 145
30 253 29 145
30 253 29 145
30 253 29 145
30 253 29 145
30 253 29 145
30 253 29 145
30 253 29 145
30 253 29 145
30 253 29 145
30 253 29 145
30 253 29 145
30 253 29 145
30 253 29 145
30 253 29 145
34 270 31 143
33 279 31 143
33 277 27 152
31 255 29 145
30 256 29 145
32 261 28 149
31 268 28 148
31 264 30 144
32 266 28 148
30 256 29 145
33 260 28 148
33 266 29 144
33 260 31 144
33 266 29 144
33 266 29 144
33 266 29 144
33 266 29 144
33 266 29 144
33 266 29 144
33 266 29 144
33 266 29 144
42 313 31 143
35 286 27 152
31 260 29 148
32 270 30 144
37 289 29 144
32 262 28 149
36 297 29 144
33 268 31 144
32 260 29 146
36 262 28 148
32 267 28 148
31 263 29 145
33 266 28 148
36 297 29 144
32 261 29 145
40 300 29 144
33 285 30 144
33 267 28 148
32 277 28 148
32 263 29 145
31 264 29 147
35 278 30 144
40 303 29 144
37 281 31 144
35 263 29 145
34 270 28 148
33 271 28 148
31 269 29 147
32 268 31 146
35 293 30 144
33 265 30 145
38 290 30 144
32 269 31 145
33 284 29 145
41 329 29 144
37 293 31 144
34 270 28 149
33 266 31 145
32 274 31 146
35 298 30 144
39 284 31 144
35 280 29 147
33 274 28 148
38 283 29 145
34 289 29 147
33 283 30 145
33 272 30 146
37 293 29 145
33 292 29 147
33 274 28 148
33 274 28 148
33 274 28 148
33 274 28 148
33 274 28 148
43 331 29 144
41 297 31 144
35 277 28 149
34 273 30 150
33 267 31 146
32 275 31 148
38 287 29 145
36 305 29 147
33 279 28 148
35 303 30 144
33 269 31 145
36 297 30 145
35 267 31 145
39 280 31 145
37 304 30 144
35 281 28 148
35 274 30 152
35 267 31 148
33 282 31 145
33 271 31 146
38 287 29 146
39 275 30 150
33 281 29 148
42 313 29 146
39 314 31 144
37 300 33 145
35 284 28 149
34 289 29 152
33 272 31 146
36 283 30 150
37 310 30 147
38 304 29 147
37 288 28 148
35 289 29 148
45 318 31 144
40 333 31 144
37 285 29 150
35 286 28 149
34 273 31 149
38 306 29 147
38 320 28 148
35 276 31 146
34 287 31 146
34 276 31 148
34 287 31 146
34 287 31 146
34 287 31 146
34 287 31 146
41 311 29 148
39 329 28 148
38 286 28 149
37 285 31 148
36 292 31 146
35 303 33 148
35 287 29 152
38 327 29 147
35 298 31 149
39 313 29 147
37 303 29 151
35 292 31 150
47 370 28 148
39 298 28 150
38 313 29 152
36 300 31 146
36 296 31 148
42 329 29 147
44 312 30 148
38 325 28 149
44 342 29 150
40 315 30 156
36 306 31 146
39 331 30 149
41 341 30 149
40 309 31 146
38 311 31 150
37 312 31 146
52 375 30 149
40 320 31 146
38 321 33 148
38 321 33 148
38 328 31 147
40 325 31 146
40 322 31 147
45 345 31 147
44 344 31 148
42 347 33 151
40 343 36 152
45 354 31 147
45 354 31 147
45 350 31 148
44 372 31 149
52 391 35 150
33 253 28 149
33 253 28 149
32 273 30 144
32 261 31 146
31 280 29 146
30 256 29 149
30 248 28 151
32 273 30 144
33 253 28 149
33 253 28 149
32 273 30 144
32 273 30 144
32 271 29 145
31 257 31 148
31 257 31 148
31 257 31 148
30 256 29 149
30 256 29 149
30 250 29 150
32 261 31 146
31 269 30 145
32 273 30 144
31 280 29 146
32 270 29 146
32 260 31 147
30 256 29 149
33 253 28 149
32 271 29 145
32 271 29 145
32 260 31 147
32 253 29 148
31 257 31 148
30 250 29 150
30 250 29 150
30 248 28 151
32 260 31 147
32 253 29 148
31 257 31 148
31 254 28 150
30 250 29 150
32 273 30 144
32 271 29 145
30 250 29 150
30 248 28 151
33 271 30 144
33 253 28 149
32 270 29 146
31 269 30 145
31 257 31 148
33 253 28 149
33 253 28 149
33 253 28 149
33 253 28 149
33 253 28 149
33 253 28 149
33 253 28 149
33 253 28 149
33 253 28 149
33 253 28 149
33 253 28 149
33 253 28 149
33 253 28 149
33 253 28 149
33 253 28 149
33 253 28 149
33 253 28 149
33 253 28 149
33 253 28 149
33 253 28 149
33 253 28 149
32 273 30 144
32 273 30 144
32 273 30 144
32 273 30 144
32 273 30 144
32 273 30 144
32 273 30 144
32 273 30 144
32 273 30 144
32 273 30 144
32 273 30 144
32 273 30 144
32 273 30 144
32 273 30 144
32 273 30 144
32 273 30 144
32 273 30 144
32 273 30 144
32 273 30 144
32 273 30 144
32 273 30 144
32 273 30 144
32 271 29 145
32 271 29 145
32 271 29 145
32 271 29 145
32 271 29 145
32 271 29 145
32 271 29 145
32 271 29 145
32 271 29 145
32 271 29 145
32 271 29 145
32 271 29 145
32 271 29 145
32 271 29 145
32 271 29 145
32 271 29 145
32 271 29 145
32 271 29 145
32 271 29 145
32 271 29 145
32 270 29 146
32 270 29 146
32 270 29 146
32 270 29 146
32 261 31 146
32 261 31 146
32 253 29 148
32 253 29 148
32 253 29 148
32 253 29 148
32 253 29 148
32 253 29 148
32 253 29 148
32 253 29 148
32 253 29 148
32 253 29 148
32 253 29 148
32 253 29 148
32 253 29 148
32 253 29 148
32 253 29 148
31 269 30 145
31 269 30 145
31 269 30 145
31 257 31 148
31 257 31 148
31 257 31 148
31 257 31 148
31 257 31 148
31 257 31 148
31 257 31 148
31 257 31 148
31 257 31 148
31 257 31 148
31 257 31 148
31 257 31 148
31 257 31 148
31 257 31 148
31 257 31 148
31 257 31 148
31 257 31 148
31 257 31 148
31 257 31 148
31 257 31 148
31 257 31 148
31 257 31 148
31 257 31 148
31 257 31 148
31 257 31 148
31 257 31 148
31 257 31 148
31 257 31 148
31 257 31 148
31 257 31 148
31 257 31 148
31 257 31 148
31 257 31 148
31 257 31 148
31 257 31 148
31 257 31 148
30 256 29 149
30 256 29 149
30 256 29 149
30 256 29 149
30 256 29 149
30 256 29 149
30 256 29 149
30 256 29 149
30 256 28 150
30 256 28 150
30 256 28 150
30 250 29 150
30 250 29 150
30 250 29 150
30 250 29 150
30 250 29 150
30 250 29 150
30 250 29 150
30 250 29 150
30 250 29 150
30 250 29 150
30 250 29 150
30 250 29 150
30 250 29 150
30 250 29 150
30 250 29 150
30 250 29 150
30 248 28 151
30 248 28 151
35 262 31 147
33 272 30 144
32 278 29 149
32 266 31 147
30 255 29 150
30 250 28 151
32 272 30 145
33 273 29 145
33 252 29 150
32 257 31 149
30 257 28 150
31 260 31 148
33 252 29 150
32 278 29 149
31 260 31 148
33 254 29 148
33 254 28 149
33 272 30 144
32 266 31 147
32 259 31 148
33 272 30 144
36 283 29 147
34 308 29 145
34 278 30 144
32 261 31 148
32 250 28 151
30 255 28 151
35 300 29 145
32 273 30 147
31 259 28 150
33 255 29 148
36 265 31 147
33 258 28 149
34 273 31 146
32 268 31 147
31 262 31 148
33 277 30 146
33 256 28 150
36 265 31 147
37 301 29 145
35 288 30 144
35 281 34 145
35 254 31 155
33 255 28 151
31 268 29 150
32 269 31 147
31 263 31 148
33 273 30 148
34 255 29 148
36 290 29 147
36 273 30 147
35 285 30 145
34 258 28 149
33 259 28 149
33 257 29 149
33 268 31 147
53 392 29 145
49 399 29 145
36 292 34 145
35 298 30 144
33 256 28 151
33 256 28 151
31 271 31 148
39 285 30 147
35 296 32 145
32 270 31 148
34 259 29 148
36 292 31 146
33 263 28 149
33 263 28 149
37 293 30 144
33 272 31 147
35 297 30 145
39 299 32 144
37 299 34 145
36 302 30 144
33 261 28 151
39 293 31 146
34 287 29 148
35 261 29 148
37 277 32 147
33 270 31 148
33 265 28 149
33 278 31 147
34 263 28 149
39 299 30 147
33 265 28 149
41 305 30 147
39 326 30 144
37 304 32 145
35 263 31 148
33 266 28 151
33 265 31 150
39 291 29 148
33 283 31 148
34 280 31 147
37 326 30 148
33 270 28 149
33 267 29 149
36 266 28 149
45 342 31 146
43 346 30 144
41 347 31 146
38 310 37 146
36 268 28 150
34 272 28 151
33 273 28 150
40 306 37 145
38 339 32 145
41 319 34 146
37 297 32 147
39 311 29 148
38 283 28 149
37 282 34 147
35 270 29 150
35 302 31 147
36 273 29 149
34 283 31 148
35 276 31 148
37 282 34 147
46 365 30 145
43 384 30 144
36 268 28 151
35 287 34 148
33 282 29 150
33 277 28 151
41 351 29 148
46 327 34 146
35 303 34 147
39 313 28 149
40 290 31 148
40 323 32 147
36 274 29 150
38 279 31 149
37 314 32 149
41 320 32 147
37 335 31 148
38 287 34 147
33 282 29 150
49 386 31 145
38 296 34 147
37 287 28 151
36 283 34 154
43 353 30 148
40 324 28 149
40 316 29 149
36 291 31 150
42 310 31 148
53 413 31 147
52 416 31 145
40 295 32 152
38 301 34 150
37 298 28 151
42 344 29 149
41 354 28 149
41 311 32 150
44 346 29 149
44 344 31 155
43 349 31 149
39 321 37 151
38 329 34 151
44 344 32 150
47 359 32 149
36 263 35 144
36 263 35 144
36 263 35 144
33 247 30 149
32 287 32 144
30 256 28 151
29 262 28 151
31 269 29 148
33 271 28 150
35 251 32 146
32 281 29 147
30 256 28 151
32 281 29 147
36 263 35 144
34 258 33 146
34 258 33 146
33 280 30 145
34 260 33 145
32 273 30 146
32 254 30 148
31 266 31 146
33 259 31 146
33 253 30 147
31 266 31 146
35 276 28 149
36 257 35 145
33 280 30 145
30 257 30 147
32 287 32 144
36 263 35 144
36 263 35 144
35 268 30 146
35 258 32 145
34 258 33 146
33 247 30 149
33 247 30 149
32 287 32 144
30 256 28 151
30 256 28 151
29 262 28 151
36 263 35 144
33 247 30 149
32 250 30 149
36 268 32 144
35 271 32 144
32 273 30 146
30 256 28 151
29 262 28 151
36 263 35 144
35 270 35 144
35 270 35 144
35 258 32 145
35 251 32 146
34 258 33 146
33 253 30 147
32 268 32 145
32 250 30 149
31 269 29 148
29 262 28 151
36 263 35 144
36 263 35 144
36 263 35 144
36 263 35 144
36 263 35 144
36 263 35 144
36 263 35 144
36 263 35 144
36 263 35 144
36 263 35 144
36 263 35 144
36 263 35 144
36 263 35 144
36 263 35 144
36 263 35 144
36 263 35 144
36 263 35 144
36 263 35 144
36 263 35 144
36 263 35 144
36 263 35 144
36 263 35 144
36 263 35 144
36 263 35 144
36 263 35 144
36 263 35 144
36 263 35 144
36 263 35 144
36 263 35 144
36 263 35 144
36 263 35 144
36 263 35 144
36 263 35 144
36 263 35 144
36 263 35 144
36 263 35 144
36 263 35 144
36 263 35 144
36 263 35 144
36 263 35 144
36 263 35 144
36 263 35 144
36 263 35 144
36 263 35 144
36 263 35 144
36 263 35 144
36 263 35 144
36 263 35 144
36 263 35 144
36 263 35 144
36 263 35 144
36 263 35 144
36 263 35 144
36 263 35 144
36 263 35 144
36 263 35 144
36 263 35 144
36 263 35 144
36 263 35 144
36 263 35 144
36 263 35 144
36 263 35 144
36 263 35 144
36 263 35 144
36 263 35 144
36 263 35 144
36 263 35 144
36 263 35 144
36 263 35 144
36 263 35 144
36 263 35 144
36 263 35 144
36 263 35 144
36 263 35 144
36 263 35 144
36 263 35 144
36 263 35 144
36 263 35 144
36 263 35 144
36 263 35 144
36 263 35 144
36 263 35 144
36 263 35 144
36 263 35 144
36 263 35 144
36 263 35 144
36 263 35 144
36 263 35 144
36 263 35 144
36 263 35 144
36 263 35 144
36 263 35 144
35 270 35 144
35 251 32 146
34 258 33 146
34 258 33 146
34 258 33 146
34 258 33 146
34 258 33 146
33 253 30 147
33 247 30 149
33 247 30 149
33 247 30 149
32 281 29 147
32 273 30 146
32 273 30 146
32 268 32 145
30 257 30 147
30 257 30 147
30 256 28 151
30 256 28 151
30 256 28 151
30 256 28 151
29 262 28 151
29 262 28 151
29 262 28 151
38 269 32 145
36 268 35 144
35 287 28 149
34 298 30 145
33 286 28 151
33 253 30 148
30 259 30 147
34 265 33 145
35 271 28 151
37 265 35 144
31 257 30 150
35 276 28 150
36 294 30 146
32 273 32 146
32 274 31 146
35 262 33 145
34 297 32 145
32 256 30 149
35 274 32 144
35 270 32 145
33 260 31 146
35 259 31 146
34 273 28 151
35 287 28 149
37 265 35 144
32 274 31 146
35 287 28 149
33 260 31 146
35 287 28 149
35 287 28 149
35 287 28 149
35 287 28 149
35 287 28 149
33 260 31 146
41 307 30 145
38 318 30 145
36 283 28 150
35 307 35 144
35 279 28 152
34 260 33 146
30 268 30 150
33 262 30 147
32 264 30 149
40 305 31 145
36 270 35 144
38 293 32 144
34 276 31 146
37 305 30 146
35 295 32 145
34 295 33 145
36 276 32 145
36 265 35 145
42 316 31 145
40 319 31 145
37 307 28 151
37 271 35 144
33 266 30 147
33 264 30 149
37 310 30 146
41 282 31 146
40 299 32 144
34 268 33 146
36 278 32 145
34 288 31 146
36 280 35 144
35 299 33 145
36 276 33 145
35 313 35 144
35 285 31 146
36 278 32 145
35 301 32 145
40 319 31 145
36 278 32 145
47 377 30 146
39 276 38 144
38 324 28 151
34 265 30 150
33 275 30 147
41 338 31 145
36 284 35 144
42 326 31 145
36 279 32 145
37 271 33 147
37 276 35 145
35 288 33 146
35 303 33 145
35 293 31 146
34 294 31 146
42 277 35 144
37 278 35 144
41 341 31 145
41 281 35 144
36 300 35 144
33 279 30 148
36 313 31 146
35 295 30 147
37 285 34 145
38 288 32 145
40 285 33 146
37 287 33 146
36 290 33 145
35 294 32 146
36 296 32 145
37 283 35 144
39 323 31 146
37 285 35 144
36 327 31 146
36 301 35 144
35 282 30 148
34 281 34 152
37 305 32 145
34 288 32 152
34 282 33 149
39 293 32 145
36 295 31 147
36 302 33 145
37 298 33 146
37 289 33 147
43 285 35 144
41 354 31 146
37 323 30 149
35 283 34 153
42 325 31 146
39 298 30 148
40 294 32 145
39 320 32 145
39 302 33 145
36 306 33 145
36 296 31 148
38 292 32 148
39 292 35 145
38 309 35 144
42 290 35 144
40 287 35 145
38 304 35 145
43 337 30 148
43 320 30 149
41 357 31 146
41 299 35 145
40 324 35 144
36 317 33 145
43 305 32 145
38 311 33 146
36 317 33 145
40 330 32 145
40 300 33 146
38 321 32 148
37 315 35 145
40 303 35 145
38 314 33 145
36 317 33 145
45 328 35 144
43 343 30 149
43 299 35 145
40 344 32 149
40 330 35 144
38 317 33 145
44 335 32 146
40 313 33 146
41 303 33 146
42 311 35 145
43 341 32 145
46 335 32 148
44 357 30 149
43 300 35 145
39 321 36 148
38 326 33 145
38 321 35 150
42 309 35 147
43 311 33 146
40 323 33 148
44 334 33 145
43 316 33 148
43 313 35 145
39 326 33 147
39 331 34 146
44 323 33 146
46 350 33 147
44 365 34 147
44 328 35 145
40 329 37 151
42 358 35 149
55 410 35 146
52 381 33 148
48 403 33 148
44 338 35 147
47 347 35 147
45 338 35 148
45 348 37 149
34 281 28 145
34 264 27 149
33 278 33 142
33 278 33 142
33 245 30 147
32 279 27 147
30 246 28 150
30 246 28 150
32 255 29 146
32 263 32 144
30 264 29 147
31 260 28 147
31 260 28 147
32 254 31 145
34 276 29 144
33 267 31 144
30 247 28 149
33 258 33 143
34 276 29 144
34 269 31 143
33 267 31 144
33 267 31 144
32 263 32 144
31 265 28 146
31 262 30 145
33 276 32 143
34 276 29 144
33 245 30 147
32 251 28 148
33 245 30 147
32 266 27 149
32 255 29 146
34 281 28 145
34 276 29 144
33 258 33 143
32 266 27 149
32 255 27 150
32 251 28 148
31 262 30 145
30 255 29 148
33 258 33 143
30 255 29 148
34 281 28 145
34 268 33 142
33 278 33 142
33 249 28 148
32 279 27 147
32 251 28 148
31 262 30 145
31 253 28 148
31 251 30 146
31 249 30 148
30 247 28 149
34 269 31 143
33 278 33 142
32 279 27 147
32 266 27 149
32 254 28 147
31 265 28 146
31 253 28 148
30 247 28 149
30 246 28 150
34 281 28 145
34 281 28 145
34 281 28 145
34 281 28 145
34 281 28 145
34 276 29 144
34 276 29 144
34 276 29 144
34 276 29 144
34 269 31 143
33 278 33 142
33 278 33 142
33 278 33 142
33 278 33 142
33 278 33 142
33 278 33 142
33 278 33 142
33 276 32 143
33 276 32 143
33 267 31 144
33 267 31 144
33 267 31 144
33 267 29 145
33 258 33 143
33 258 33 143
33 258 33 143
33 249 31 146
33 245 30 147
33 245 30 147
33 245 30 147
33 245 30 147
33 245 30 147
33 245 30 147
33 245 30 147
32 279 27 147
32 279 27 147
32 279 27 147
32 279 27 147
32 279 27 147
32 266 27 149
32 255 29 146
32 255 29 146
32 255 29 146
32 255 27 150
32 255 27 150
32 255 27 150
32 255 27 150
32 255 27 150
32 255 27 150
32 254 31 145
32 254 31 145
32 254 31 145
32 251 28 148
32 251 28 148
32 251 28 148
31 265 28 146
31 265 28 146
31 265 28 146
31 255 29 147
31 253 28 148
31 251 30 146
30 264 29 147
30 255 29 148
30 255 29 148
30 247 28 149
30 247 28 149
30 247 28 149
30 247 28 149
30 247 28 149
30 247 28 149
30 247 28 149
30 247 28 149
30 246 28 150
38 290 29 144
37 300 29 144
34 270 33 142
33 280 27 147
32 259 27 150
30 247 28 150
33 281 33 142
34 270 32 143
31 260 28 148
35 276 31 144
35 271 29 145
32 252 28 148
34 281 30 144
33 249 30 147
32 268 28 147
33 252 31 146
37 268 29 146
31 250 30 148
32 257 31 145
31 250 30 148
36 276 31 143
35 263 28 147
36 261 30 146
33 270 33 143
35 281 28 145
34 270 33 142
34 270 33 142
34 270 33 142
34 265 29 147
32 252 30 147
34 273 29 146
34 273 29 146
34 270 33 142
33 280 28 146
35 281 28 145
34 270 33 142
34 270 33 142
34 270 33 142
34 270 33 142
34 270 33 142
34 270 33 142
34 270 33 142
34 270 33 142
34 270 33 142
34 270 33 142
34 270 33 142
34 270 33 142
34 270 33 142
34 270 33 142
34 270 33 142
33 281 33 142
41 313 29 144
36 297 33 142
32 262 27 151
32 262 27 151
32 254 28 148
31 261 28 148
37 273 29 146
38 306 30 144
39 295 30 144
33 268 27 150
34 282 32 143
39 270 28 147
35 276 32 144
34 263 31 147
33 288 29 146
35 280 30 145
33 282 27 147
33 274 33 144
36 291 28 145
38 306 31 143
35 280 31 144
33 267 30 147
37 309 31 143
35 267 31 145
34 289 30 145
37 290 28 145
34 275 29 146
41 302 30 144
39 308 31 143
34 283 33 143
34 275 33 144
32 259 28 148
33 267 31 147
37 288 28 147
34 281 29 146
36 300 29 145
34 295 30 145
37 300 28 145
35 272 31 145
36 267 31 145
35 273 30 147
35 273 30 147
34 278 29 147
35 281 31 144
35 276 29 147
35 273 30 147
38 304 28 145
38 287 33 143
37 318 28 145
36 263 28 148
32 268 28 150
32 259 29 148
35 274 30 147
35 287 31 144
34 283 29 146
34 268 28 149
37 273 31 145
33 270 28 148
36 283 31 144
35 278 31 145
42 304 28 147
38 315 30 145
38 297 33 143
36 278 34 146
35 271 28 148
35 259 31 148
33 272 28 149
32 268 29 148
39 311 29 145
36 294 33 144
32 263 30 148
35 281 31 145
37 287 31 144
34 291 29 147
33 275 28 148
36 283 29 146
35 279 31 146
39 284 31 144
34 288 31 146
47 361 29 145
39 263 32 149
38 298 33 143
34 270 34 148
33 273 28 149
40 327 30 145
41 295 31 144
36 277 28 148
38 302 29 147
36 281 31 145
39 315 29 146
36 294 30 146
38 293 32 144
37 289 33 144
37 296 32 144
35 301 31 147
35 308 29 148
37 288 30 147
36 293 30 147
38 299 31 144
41 309 31 144
41 307 33 143
39 316 29 146
39 313 33 143
33 276 28 149
37 289 30 147
39 300 32 144
36 281 29 148
40 277 28 148
38 284 33 145
36 286 31 145
40 305 29 147
38 310 29 147
41 307 33 143
41 307 33 143
41 317 31 144
40 321 33 143
36 278 31 149
33 282 28 153
37 292 30 147
39 312 32 144
33 286 31 150
35 282 28 149
34 295 29 149
36 299 31 145
40 316 29 146
39 311 29 148
38 314 29 148
37 289 31 145
43 319 29 147
42 335 29 147
37 292 31 145
37 285 30 150
36 307 31 145
35 287 28 150
41 329 29 148
38 295 30 147
37 290 31 146
43 365 29 147
43 324 29 148
38 293 31 145
38 290 31 146
35 293 30 151
38 313 30 147
41 330 29 148
39 307 30 148
37 293 31 146
40 306 30 147
45 359 29 149
39 299 31 145
38 295 30 154
37 301 33 152
38 303 31 146
38 302 32 147
39 298 31 148
45 311 34 146
40 312 31 145
38 317 32 147
38 296 30 154
39 313 31 146
40 313 31 145
39 316 32 148
38 300 30 154
38 300 30 154
39 314 32 149
38 300 30 154
38 300 30 154
41 315 31 145
39 315 33 151
39 303 30 154
38 310 31 154
40 313 31 147
41 316 31 146
41 316 31 147
42 318 31 147
41 318 33 147
42 329 31 149
43 335 37 150
42 335 37 151
37 279 34 142
30 246 29 145
30 246 28 146
30 246 28 146
37 279 34 142
34 255 31 143
34 255 31 143
34 255 31 143
30 246 29 145
31 249 29 144
31 250 28 145
37 279 34 142
31 249 29 144
31 249 29 144
31 249 29 144
31 249 29 144
31 249 29 144
30 246 29 145
31 250 28 145
37 279 34 142
37 279 34 142
34 255 31 143
34 255 31 143
34 255 31 143
34 255 31 143
34 255 31 143
31 249 29 144
31 249 29 144
31 249 29 144
31 249 29 144
31 249 29 144
31 249 29 144
31 249 29 144
31 249 29 144
31 249 29 144
31 249 29 144
31 249 29 144
31 249 29 144
31 249 29 144
31 249 29 144
31 249 29 144
31 249 29 144
31 249 29 144
31 249 29 144
31 249 29 144
31 249 29 144
31 249 29 144
30 246 29 145
30 246 29 145
30 246 29 145
30 246 29 145
30 246 29 145
30 246 29 145
30 246 29 145
30 246 29 145
30 246 29 145
30 246 29 145
30 246 29 145
39 286 34 142
32 258 28 145
30 246 29 146
30 246 29 146
30 246 28 147
39 286 34 142
34 261 31 143
34 261 31 143
32 253 29 144
30 246 29 146
32 253 29 144
32 258 28 145
32 258 28 145
32 258 28 145
30 246 29 146
30 246 29 146
30 246 28 147
30 246 29 146
30 246 28 147
31 249 29 145
31 249 29 145
30 246 28 147
30 250 29 145
30 248 28 146
30 246 29 146
31 249 29 145
30 250 29 145
32 258 28 145
32 258 28 145
32 258 28 145
32 258 28 145
32 258 28 145
32 258 28 145
32 258 28 145
32 258 28 145
32 258 28 145
32 258 28 145
32 253 29 144
32 253 29 144
31 249 29 145
31 249 29 145
31 249 29 145
31 249 29 145
30 246 29 146
30 246 29 146
30 246 29 146
30 246 29 146
30 246 29 146
30 246 29 146
30 246 29 146
30 246 29 146
30 246 29 146
30 246 29 146
30 246 29 146
30 246 29 146
30 246 29 146
30 246 29 146
30 246 29 146
30 246 29 146
30 246 29 146
30 246 29 146
30 246 29 146
30 246 29 146
30 246 29 146
30 246 29 146
30 246 29 146
30 246 29 146
30 246 29 146
30 246 29 146
30 246 29 146
30 246 29 146
30 246 29 146
30 246 29 146
30 246 29 146
30 246 29 146
30 246 29 146
30 246 29 146
30 246 29 146
30 246 29 146
30 246 29 146
30 246 29 146
30 246 29 146
30 246 29 146
30 246 29 146
30 246 29 146
30 246 29 146
30 246 29 146
30 246 29 146
30 246 29 146
30 246 29 146
30 246 29 146
30 246 29 146
30 246 29 146
30 246 29 146
30 246 29 146
30 246 29 146
30 246 28 147
30 246 28 147
30 246 28 147
30 246 28 147
30 246 28 147
30 246 28 147
30 246 28 147
30 246 28 147
30 246 28 147
30 246 28 147
30 246 28 147
30 246 28 147
30 246 28 147
30 246 28 147
30 246 28 147
30 246 28 147
30 246 28 147
30 246 28 147
30 246 28 147
30 246 28 147
30 246 28 147
30 246 28 147
30 246 28 147
30 246 28 147
30 246 28 147
30 246 28 147
30 246 28 147
39 287 34 142
39 287 34 142
31 247 28 147
30 248 28 147
30 248 28 147
34 266 31 143
32 255 29 144
30 249 29 146
31 252 28 146
32 260 28 145
32 260 28 145
30 249 29 146
30 248 28 147
30 256 29 145
31 250 29 145
39 287 34 142
39 287 34 142
39 287 34 142
39 287 34 142
39 287 34 142
39 287 34 142
39 287 34 142
39 287 34 142
40 292 34 142
39 293 34 142
31 247 28 148
30 250 28 147
36 269 31 143
36 269 31 143
33 260 28 145
34 255 30 144
32 258 29 144
33 256 28 146
32 260 28 146
31 247 28 148
36 269 31 143
34 255 30 144
31 252 29 145
30 254 29 146
36 269 31 143
36 269 31 143
36 269 31 143
34 255 30 144
31 247 29 147
30 257 29 145
30 257 29 145
31 247 29 147
30 257 29 145
31 249 29 146
30 250 28 147
30 257 29 145
30 257 29 145
30 254 29 146
36 269 31 143
36 269 31 143
36 269 31 143
36 269 31 143
36 269 31 143
36 269 31 143
36 269 31 143
36 269 31 143
36 269 31 143
36 269 31 143
36 269 31 143
36 269 31 143
36 269 31 143
36 269 31 143
36 269 31 143
36 269 31 143
36 269 31 143
36 269 31 143
36 269 31 143
36 269 31 143
36 269 31 143
36 269 31 143
36 269 31 143
34 255 30 144
33 257 29 144
33 257 29 144
31 247 29 147
31 247 29 147
31 247 28 148
30 257 29 145
30 257 29 145
30 257 29 145
30 257 29 145
30 257 29 145
30 257 29 145
30 257 29 145
30 257 29 145
39 295 34 142
31 250 28 149
31 249 29 147
30 254 28 147
30 254 28 147
36 270 31 143
39 295 34 142
33 264 28 145
32 253 28 148
32 255 29 145
31 249 29 147
31 250 28 149
33 259 29 144
33 262 28 146
32 262 29 144
33 252 28 147
33 262 28 146
30 254 28 147
30 260 29 145
33 264 28 145
33 259 29 144
30 254 28 147
33 262 28 146
33 262 28 146
31 250 28 149
31 250 28 149
31 250 28 149
30 254 28 147
36 271 31 143
36 271 31 143
33 255 28 147
33 253 31 148
30 257 28 147
32 257 29 145
33 265 29 144
33 266 28 145
30 257 28 147
36 271 31 143
36 271 31 143
36 272 31 143
32 258 28 147
32 257 29 146
31 260 29 147
35 267 30 144
32 259 29 145
32 259 29 145
36 281 31 143
33 257 29 146
32 260 28 147
32 259 29 146
36 269 30 144
32 261 29 145
33 259 29 145
32 259 29 146
32 259 29 146
42 317 34 143
33 259 29 146
32 262 28 147
32 260 29 146
37 273 30 144
34 261 29 145
36 270 31 144
36 270 31 144
36 270 31 144
36 273 31 144
33 262 28 147
32 261 29 146
35 267 29 145
32 261 29 146
32 261 29 146
36 270 30 145
35 283 31 145
35 272 28 147
34 261 29 146
33 263 30 147
32 268 29 147
32 272 31 146
33 265 29 146
39 311 30 145
34 261 30 147
33 270 29 146
39 310 31 146
36 277 33 146
34 261 30 148
37 271 30 148
36 295 30 148
36 291 34 147
35 274 31 152
34 261 33 150
41 324 33 148
39 314 30 149
37 299 33 149
37 305 33 149
