352 18.1476
37 250 28 149
36 234 33 144
34 279 29 143
34 229 30 148
33 257 33 140
30 254 27 145
30 254 27 145
36 234 33 144
34 229 31 147
32 233 29 147
33 257 33 140
34 279 29 143
33 266 30 142
37 253 28 147
34 229 30 148
32 243 30 145
30 254 27 145
34 229 31 147
37 253 28 147
34 229 31 147
32 233 29 147
35 263 30 142
33 255 31 141
32 256 31 141
31 254 28 144
34 233 30 146
34 231 31 145
36 234 33 144
36 234 33 144
35 263 30 142
31 254 28 144
30 254 27 145
36 244 29 146
33 255 31 141
32 256 31 141
32 245 31 142
36 240 33 143
36 234 33 144
35 263 30 142
37 253 28 147
36 240 33 143
36 234 33 144
36 234 33 144
34 279 29 143
32 245 31 142
30 254 27 145
32 245 31 142
34 264 30 142
37 253 28 147
36 240 33 143
34 242 31 144
34 231 31 145
33 266 30 142
33 251 33 141
37 253 28 147
36 244 29 146
36 234 33 144
33 251 33 141
33 242 30 145
32 243 30 145
32 233 29 147
37 253 28 147
37 253 28 147
37 253 28 147
37 253 28 147
37 253 28 147
37 253 28 147
37 253 28 147
37 253 28 147
37 253 28 147
37 253 28 147
36 240 33 143
36 240 33 143
36 234 33 144
36 234 33 144
36 234 33 144
36 234 33 144
36 234 33 144
36 234 33 144
36 234 33 144
36 234 33 144
36 234 33 144
36 234 33 144
36 234 33 144
36 234 33 144
36 234 33 144
36 234 33 144
36 234 33 144
36 234 33 144
36 234 33 144
36 234 33 144
36 234 33 144
36 234 33 144
36 234 33 144
36 234 33 144
36 234 33 144
36 234 33 144
36 234 33 144
36 234 33 144
36 234 33 144
36 234 33 144
36 234 33 144
36 234 33 144
36 234 33 144
36 234 33 144
36 234 33 144
36 234 33 144
36 234 33 144
36 234 33 144
36 234 33 144
36 234 33 144
36 234 33 144
36 234 33 144
36 234 33 144
36 234 33 144
36 234 33 144
36 234 33 144
36 234 33 144
36 234 33 144
36 234 33 144
36 234 33 144
36 234 33 144
36 234 33 144
36 234 33 144
36 234 33 144
36 234 33 144
36 234 33 144
36 234 33 144
36 234 33 144
36 234 33 144
36 234 33 144
36 234 33 144
36 234 33 144
36 234 33 144
36 234 33 144
36 234 33 144
36 234 33 144
36 234 33 144
36 234 33 144
36 234 33 144
36 234 33 144
36 234 33 144
36 234 33 144
36 234 33 144
36 234 33 144
36 234 33 144
36 234 33 144
36 234 33 144
36 234 33 144
36 234 33 144
36 234 33 144
36 234 33 144
36 234 33 144
36 234 33 144
36 234 33 144
36 234 33 144
35 263 30 142
35 263 30 142
34 233 30 146
34 231 31 145
34 231 31 145
34 231 31 145
34 229 31 147
34 229 31 147
34 229 31 147
34 229 31 147
34 229 31 147
34 229 30 148
34 229 30 148
34 229 30 148
34 229 30 148
33 257 33 140
32 256 31 141
32 256 31 141
32 256 31 141
32 233 29 147
32 233 29 147
32 233 29 147
32 233 29 147
32 233 29 147
32 233 29 147
32 233 29 147
30 254 27 145
30 254 27 145
30 254 27 145
37 252 29 146
36 287 31 141
34 232 31 146
33 267 33 140
31 259 27 145
36 238 33 144
36 282 30 142
35 241 30 146
35 272 31 143
33 249 30 145
34 283 29 143
36 244 33 143
34 234 31 145
34 283 29 143
33 249 30 145
34 283 29 143
42 306 29 143
41 276 33 143
40 335 28 145
38 282 33 140
35 248 30 148
34 232 31 147
33 251 30 145
39 290 28 147
38 260 29 145
37 285 33 141
36 284 30 142
36 241 33 144
37 314 31 141
37 253 29 146
40 281 33 141
37 292 28 147
34 234 31 146
37 253 29 146
37 313 29 144
37 253 29 146
34 235 31 145
37 253 29 146
37 253 29 146
37 253 29 146
37 253 29 146
37 253 29 146
37 253 29 146
37 253 29 146
37 253 29 146
45 331 33 141
45 294 28 147
44 340 33 140
44 305 28 147
38 302 34 141
36 235 33 146
34 264 31 146
41 308 30 142
37 259 29 146
34 271 30 145
34 251 31 147
39 332 31 141
37 244 32 146
39 284 31 144
37 241 31 147
36 251 33 144
35 251 30 145
38 286 31 144
41 308 30 142
39 298 31 143
39 299 33 142
38 249 33 144
39 299 30 143
48 344 34 141
43 357 33 141
38 265 29 146
37 310 29 148
36 240 33 146
34 258 31 147
39 299 31 143
40 333 34 142
42 298 31 144
35 262 30 145
47 346 31 141
38 251 31 147
39 330 30 144
43 324 30 142
37 258 30 148
39 249 33 144
37 255 33 144
49 369 31 141
41 342 34 142
38 284 29 146
38 250 33 146
35 265 32 147
42 307 31 143
44 329 30 144
48 365 30 142
39 332 33 143
43 349 31 142
38 292 30 145
37 326 30 145
43 275 30 146
45 366 30 142
41 266 33 144
45 338 30 143
46 327 30 143
38 273 31 145
37 272 33 146
43 335 33 142
41 339 31 143
56 405 33 141
44 275 31 146
40 302 29 148
39 278 31 148
38 325 29 147
50 309 33 143
43 334 30 145
44 363 31 142
40 321 29 147
47 287 33 144
39 308 30 147
45 341 31 143
49 355 31 142
45 294 31 145
44 355 31 143
45 317 31 144
41 302 29 146
39 309 30 146
41 361 31 144
42 289 33 144
42 308 31 145
43 355 31 144
41 337 33 144
44 303 31 145
50 372 33 142
47 297 31 145
42 314 29 147
39 311 34 150
39 304 34 152
46 364 31 143
44 308 30 148
42 312 33 145
45 348 30 145
40 335 31 146
48 338 33 144
43 323 31 145
45 341 33 143
43 312 30 146
45 347 31 144
47 342 33 143
47 309 31 145
46 378 31 143
43 327 30 146
42 336 32 146
45 315 33 145
45 329 32 145
43 336 31 145
51 379 34 144
48 399 31 143
47 423 31 144
46 322 34 145
45 349 30 146
44 337 34 145
48 380 33 143
45 337 31 145
44 343 31 145
51 410 31 143
49 351 30 147
48 423 30 148
48 382 33 144
44 345 33 146
47 352 32 145
45 352 31 146
50 420 30 150
50 383 33 144
49 386 33 145
49 355 31 151
46 347 33 147
50 402 31 146
50 384 31 148
56 389 33 144
51 402 32 146
56 464 33 148
37 236 34 145
37 236 34 145
34 229 31 147
33 250 33 140
32 270 30 142
30 264 26 151
30 264 26 151
29 237 28 146
33 234 28 149
35 230 30 148
31 238 30 145
30 253 27 145
31 242 29 143
37 236 34 145
33 244 32 142
30 239 29 145
32 270 30 142
31 262 26 151
32 241 29 143
30 240 27 146
33 248 27 145
34 229 31 147
34 259 30 142
35 230 30 148
31 241 31 144
29 237 28 146
34 259 30 142
33 250 33 140
32 251 31 141
31 246 31 142
37 236 34 145
34 229 31 147
34 229 31 147
34 229 31 147
33 250 33 140
33 250 33 140
29 237 28 146
33 265 30 142
37 239 34 144
33 244 33 141
34 231 30 148
37 239 34 144
37 236 34 145
37 236 34 145
35 230 30 148
35 230 30 148
34 229 31 147
29 237 28 146
33 244 33 141
31 246 31 142
30 253 27 145
37 239 34 144
37 236 34 145
37 236 34 145
34 243 31 141
34 243 31 141
34 235 31 146
34 235 31 146
34 229 31 147
33 265 30 142
31 251 28 144
31 238 30 145
29 240 29 145
37 236 34 145
37 236 34 145
37 236 34 145
37 236 34 145
37 236 34 145
37 236 34 145
37 236 34 145
37 236 34 145
37 236 34 145
37 236 34 145
37 236 34 145
37 236 34 145
37 236 34 145
37 236 34 145
37 236 34 145
37 236 34 145
37 236 34 145
37 236 34 145
37 236 34 145
37 236 34 145
37 236 34 145
37 236 34 145
37 236 34 145
37 236 34 145
37 236 34 145
37 236 34 145
37 236 34 145
37 236 34 145
37 236 34 145
37 236 34 145
37 236 34 145
37 236 34 145
37 236 34 145
37 236 34 145
37 236 34 145
37 236 34 145
37 236 34 145
37 236 34 145
37 236 34 145
37 236 34 145
37 236 34 145
37 236 34 145
37 236 34 145
37 236 34 145
37 236 34 145
37 236 34 145
37 236 34 145
37 236 34 145
37 236 34 145
37 236 34 145
37 236 34 145
37 236 34 145
37 236 34 145
37 236 34 145
37 236 34 145
37 236 34 145
37 236 34 145
37 236 34 145
37 236 34 145
37 236 34 145
37 236 34 145
37 236 34 145
37 236 34 145
37 236 34 145
37 236 34 145
37 236 34 145
37 236 34 145
37 236 34 145
37 236 34 145
37 236 34 145
37 236 34 145
37 236 34 145
37 236 34 145
37 236 34 145
37 236 34 145
37 236 34 145
37 236 34 145
37 236 34 145
37 236 34 145
37 236 34 145
37 236 34 145
37 236 34 145
37 236 34 145
37 236 34 145
37 236 34 145
37 236 34 145
37 236 34 145
37 236 34 145
37 236 34 145
37 236 34 145
37 236 34 145
37 236 34 145
37 236 34 145
37 236 34 145
37 236 34 145
35 236 30 147
35 236 30 147
35 236 30 147
35 230 30 148
35 230 30 148
35 230 30 148
34 235 31 146
34 235 31 146
34 229 31 147
34 229 31 147
34 229 31 147
34 229 31 147
34 229 31 147
34 229 31 147
34 229 31 147
33 250 33 140
33 250 33 140
33 250 33 140
29 240 29 145
29 237 28 146
29 237 28 146
38 299 31 142
37 303 29 145
37 254 33 140
37 239 34 145
35 235 29 149
35 231 30 149
33 256 28 146
30 240 28 148
32 248 31 147
37 280 30 143
38 240 33 145
35 303 31 145
36 274 31 145
36 236 33 146
34 233 30 148
35 240 31 146
34 233 30 148
37 239 34 145
37 239 34 145
45 331 31 144
41 262 36 144
39 349 31 142
39 324 28 150
39 295 34 140
35 240 31 147
34 250 30 149
42 334 30 143
40 317 29 145
39 285 33 141
43 286 36 140
37 240 34 145
43 305 28 147
35 275 30 146
44 311 29 146
37 241 33 146
38 285 31 145
43 276 34 143
35 250 30 148
38 258 33 145
39 271 34 144
39 271 34 144
39 299 33 140
38 274 30 147
50 353 32 142
44 390 30 143
43 321 33 140
41 287 34 144
40 329 29 145
40 319 29 148
37 241 34 145
35 286 30 147
40 303 33 141
42 362 32 144
36 254 30 148
47 334 32 143
43 353 31 143
39 288 32 145
39 290 31 146
46 339 31 144
38 257 33 146
38 278 30 147
40 290 34 143
36 282 31 147
39 315 30 146
43 279 34 144
39 267 31 147
35 286 30 147
39 298 33 143
40 313 31 145
41 320 29 145
38 321 33 145
36 258 33 147
42 290 31 145
40 321 30 145
38 318 31 146
35 286 30 147
40 321 30 145
56 416 32 143
49 423 31 143
48 365 33 140
47 340 29 145
43 327 29 148
38 243 34 145
37 247 34 145
37 247 34 145
46 405 32 144
50 363 31 144
41 343 34 141
41 315 30 146
42 309 33 142
39 302 30 147
41 317 33 143
43 321 31 145
39 300 32 145
40 278 31 147
42 293 34 144
40 303 31 146
37 291 31 147
41 337 33 142
48 318 31 145
48 308 34 143
50 419 32 144
47 408 34 141
44 303 31 151
40 320 30 149
38 249 34 145
37 251 34 145
37 247 34 149
44 349 31 145
37 294 33 147
46 316 33 142
45 338 30 146
43 310 34 142
45 345 32 145
40 326 30 147
42 313 33 143
39 310 33 145
38 306 31 147
41 337 34 143
43 299 34 144
41 305 31 146
38 306 31 147
48 331 33 142
45 385 33 143
43 334 34 142
40 330 30 147
38 255 34 145
37 267 34 145
46 346 32 145
42 314 31 146
45 367 31 145
43 311 33 146
47 326 33 144
47 348 33 142
39 335 31 147
42 323 34 143
46 363 31 145
41 326 33 146
46 364 33 142
41 335 33 145
51 367 31 145
48 390 31 145
47 364 33 142
44 351 34 144
41 352 30 149
39 266 34 145
37 276 34 145
44 318 31 146
44 352 30 147
43 343 31 146
46 389 33 145
45 350 34 142
49 352 34 142
46 393 31 146
46 364 34 143
44 357 30 147
44 348 31 151
40 267 34 145
38 279 34 149
47 372 33 144
42 359 30 149
44 350 33 146
55 449 31 146
53 379 30 147
51 443 30 147
50 375 34 142
47 372 36 144
42 279 34 145
47 385 33 144
47 372 36 144
42 279 34 145
50 436 34 142
50 411 37 143
48 390 33 144
43 287 34 145
42 288 34 145
58 467 34 142
50 402 36 144
42 301 34 145
44 343 34 145
44 329 34 146
43 322 36 145
50 356 34 145
55 415 34 146
50 384 42 147
37 239 34 144
34 229 31 147
33 266 30 142
33 252 33 140
31 262 26 151
29 240 29 145
33 234 28 149
30 264 26 151
35 230 30 148
33 244 32 142
32 233 29 148
31 258 27 145
31 250 28 144
30 237 29 148
31 250 28 144
32 241 29 143
31 242 29 143
32 257 27 145
34 263 30 142
34 235 31 146
33 248 33 141
34 263 30 142
33 266 30 142
30 265 28 145
29 240 29 145
33 252 33 140
35 230 30 148
34 263 30 142
34 263 30 142
34 229 31 147
31 250 28 144
34 235 31 146
33 248 33 141
32 253 31 141
32 237 30 147
31 258 27 145
31 241 31 144
31 238 28 149
29 242 28 148
32 253 31 141
34 263 30 142
34 229 31 147
34 235 31 146
31 246 31 142
31 246 31 142
35 230 30 148
34 263 30 142
34 243 31 141
34 243 31 141
34 229 31 147
33 249 27 145
33 249 27 145
32 257 27 145
32 233 29 148
31 262 26 151
31 250 28 144
31 238 28 149
30 265 28 145
30 239 29 145
29 240 29 145
35 230 30 148
35 230 30 148
35 230 30 148
35 230 30 148
35 230 30 148
35 230 30 148
35 230 30 148
35 230 30 148
35 230 30 148
35 230 30 148
35 230 30 148
35 230 30 148
35 230 30 148
35 230 30 148
35 230 30 148
34 263 30 142
34 263 30 142
34 263 30 142
34 263 30 142
34 263 30 142
34 263 30 142
34 263 30 142
34 263 30 142
34 263 30 142
34 263 30 142
34 263 30 142
34 263 30 142
34 263 30 142
34 263 30 142
34 263 30 142
34 263 30 142
34 263 30 142
34 263 30 142
34 263 30 142
34 263 30 142
34 263 30 142
34 263 30 142
34 263 30 142
34 263 30 142
34 263 30 142
34 263 30 142
34 263 30 142
34 263 30 142
34 263 30 142
34 263 30 142
34 263 30 142
34 263 30 142
34 263 30 142
34 263 30 142
34 263 30 142
34 263 30 142
34 263 30 142
34 263 30 142
34 263 30 142
34 263 30 142
34 263 30 142
34 263 30 142
34 263 30 142
34 263 30 142
34 263 30 142
34 263 30 142
34 263 30 142
34 263 30 142
34 263 30 142
34 263 30 142
34 263 30 142
34 263 30 142
34 263 30 142
34 263 30 142
34 263 30 142
34 263 30 142
34 263 30 142
34 263 30 142
34 263 30 142
34 263 30 142
34 263 30 142
34 263 30 142
34 263 30 142
34 263 30 142
34 263 30 142
34 263 30 142
34 235 31 146
33 266 30 142
33 266 30 142
33 266 30 142
33 266 30 142
33 266 30 142
32 253 31 141
31 250 28 144
31 250 28 144
31 250 28 144
29 240 29 145
36 293 28 144
35 242 30 148
33 257 31 141
31 244 31 144
34 265 30 142
32 262 30 145
43 314 28 144
40 320 28 148
37 270 31 141
36 267 32 143
35 245 30 148
34 263 30 148
32 265 31 145
39 305 29 145
36 287 31 141
33 274 30 146
34 252 31 147
34 272 30 142
35 252 31 146
33 269 31 144
40 271 30 147
48 388 29 144
47 395 28 144
43 335 28 148
39 281 32 141
38 259 30 148
36 271 33 143
34 275 30 147
46 365 29 145
43 345 29 146
41 276 31 141
36 290 31 141
39 347 29 147
36 290 31 141
35 276 30 146
36 277 30 142
35 276 31 142
35 282 30 142
36 290 31 141
54 375 28 149
49 439 28 147
39 276 31 145
36 291 31 141
35 320 31 146
35 282 31 147
44 380 29 147
36 278 30 142
53 416 28 148
35 282 31 147
45 389 29 149
37 311 31 141
36 278 31 142
36 293 30 144
37 283 30 142
41 334 31 141
40 279 31 146
39 320 33 141
37 286 30 143
36 285 31 142
41 317 30 142
43 338 31 141
39 285 31 146
37 289 30 146
36 288 31 146
41 336 30 142
39 310 30 143
39 302 30 144
36 292 31 142
38 291 31 142
48 386 30 142
47 341 32 141
46 348 31 141
39 288 31 146
37 300 30 147
37 293 31 142
41 305 30 145
39 312 30 143
39 307 30 144
38 290 31 146
37 312 30 146
43 329 30 143
41 337 30 143
40 293 31 147
39 308 30 144
38 299 31 142
37 325 31 147
38 295 31 145
46 329 30 143
42 340 30 143
39 310 30 144
39 299 31 142
39 295 31 147
38 325 31 142
38 305 31 144
43 295 31 146
39 310 30 144
39 310 30 144
39 310 30 144
43 365 30 143
43 302 31 142
40 307 33 143
40 299 32 145
39 313 30 145
38 316 31 147
38 337 31 146
39 316 31 142
40 314 30 144
41 315 31 142
39 307 31 146
52 391 30 143
43 325 30 148
42 302 33 147
41 319 33 144
39 323 33 142
43 311 32 146
45 343 30 144
44 309 31 142
42 373 30 145
40 326 31 144
44 330 30 145
43 355 30 144
42 334 31 143
40 332 30 146
41 317 31 146
44 330 30 145
43 325 31 144
52 395 30 143
44 353 31 142
42 302 36 147
41 338 30 148
39 331 33 143
46 324 31 144
52 395 30 143
44 324 31 146
42 328 34 142
43 356 30 144
41 331 32 145
39 324 33 144
40 337 31 145
40 329 31 147
39 331 33 143
52 395 30 143
44 331 30 145
45 354 30 144
42 346 30 147
42 326 31 145
42 354 31 144
52 395 30 143
39 331 33 143
39 331 33 143
39 331 33 143
47 354 31 142
46 337 30 148
43 387 30 144
43 331 33 145
41 332 34 144
40 334 33 143
45 377 31 144
41 344 32 146
42 345 31 146
43 363 30 145
47 354 30 147
43 351 31 145
60 462 33 142
52 379 34 142
48 420 30 144
44 331 33 145
43 369 31 147
40 341 33 143
42 349 32 146
41 336 33 146
46 386 30 145
44 377 30 146
46 380 31 145
42 336 33 143
49 370 31 145
44 384 31 145
44 377 30 146
44 377 30 146
44 377 30 146
44 377 30 146
51 378 31 150
48 417 30 145
45 348 33 143
44 346 34 143
43 340 34 148
41 344 33 147
45 365 32 148
48 384 31 145
44 352 33 146
51 405 31 145
50 399 31 150
45 352 33 143
45 345 39 148
44 350 37 149
50 350 33 146
54 466 31 145
51 424 32 152
51 375 33 143
45 349 40 149
45 355 36 147
48 391 33 145
47 352 34 144
48 358 34 143
52 416 33 143
49 358 34 145
47 372 36 148
58 446 33 143
53 374 36 150
52 431 33 147
47 380 39 150
49 410 37 150
37 237 34 144
34 229 31 147
33 266 30 142
33 252 33 140
31 262 26 151
31 262 26 151
29 240 29 145
35 230 30 148
37 236 34 145
32 257 27 145
33 252 33 140
31 238 28 149
31 251 28 144
35 263 30 142
30 264 26 151
32 241 29 143
32 237 30 147
34 235 30 147
33 240 33 143
33 244 32 142
31 246 31 142
34 229 31 147
33 244 32 142
31 258 27 145
30 265 28 145
29 240 29 145
33 248 28 144
33 234 28 149
32 238 29 145
31 246 31 142
34 229 31 147
34 229 31 147
33 266 30 142
30 237 29 148
29 240 29 145
34 243 31 141
34 235 31 146
33 266 30 142
32 251 31 141
31 241 31 144
29 242 28 148
31 258 27 145
34 235 31 146
29 240 29 145
34 233 30 148
31 249 28 146
37 236 34 145
35 263 30 142
35 230 30 148
34 243 31 141
34 235 30 147
34 233 30 148
33 249 27 145
33 248 28 144
32 257 27 145
30 265 28 145
30 264 26 151
29 242 28 148
37 236 34 145
37 236 34 145
37 236 34 145
37 236 34 145
37 236 34 145
34 235 31 146
34 235 31 146
34 235 31 146
34 233 30 148
34 233 30 148
34 233 30 148
34 229 31 147
34 229 31 147
34 229 31 147
34 229 31 147
34 229 31 147
34 229 31 147
34 229 31 147
34 229 31 147
34 229 31 147
34 229 31 147
34 229 31 147
34 229 31 147
34 229 31 147
33 266 30 142
33 266 30 142
33 266 30 142
33 266 30 142
32 237 30 147
29 240 29 145
29 240 29 145
29 240 29 145
46 378 33 140
37 239 34 144
34 233 31 147
32 243 30 147
31 255 29 145
33 268 30 142
38 247 34 143
31 243 31 144
37 238 34 145
32 243 30 147
38 247 34 143
37 239 34 144
37 239 34 144
37 239 34 144
37 239 34 144
37 239 34 144
37 239 34 144
37 239 34 144
38 247 34 143
37 239 34 144
37 239 34 144
37 239 34 144
37 239 34 144
37 239 34 144
37 239 34 144
37 239 34 144
37 239 34 144
37 239 34 144
37 239 34 144
37 239 34 144
37 239 34 144
37 239 34 144
37 239 34 144
37 239 34 144
37 239 34 144
37 239 34 144
37 239 34 144
37 239 34 144
37 239 34 144
37 239 34 144
37 239 34 144
37 239 34 144
37 239 34 144
37 239 34 144
37 239 34 144
37 239 34 144
37 239 34 144
37 239 34 144
37 239 34 144
37 239 34 144
37 239 34 144
37 239 34 144
37 239 34 144
37 239 34 144
37 239 34 144
37 239 34 144
37 239 34 144
37 239 34 144
37 239 34 144
37 239 34 144
37 239 34 144
37 239 34 144
37 239 34 144
37 239 34 144
37 239 34 144
37 239 34 144
37 239 34 144
37 239 34 144
37 239 34 144
37 239 34 144
37 239 34 144
37 239 34 144
37 239 34 144
37 239 34 144
37 239 34 144
37 239 34 144
37 239 34 144
37 239 34 144
37 239 34 144
37 239 34 144
37 239 34 144
37 239 34 144
37 239 34 144
37 239 34 144
37 239 34 144
37 239 34 144
37 239 34 144
51 362 33 142
47 364 33 142
44 341 36 142
39 243 30 148
37 240 31 147
31 256 29 145
40 312 30 144
40 276 36 143
40 243 34 145
39 299 33 144
32 247 30 147
35 255 31 146
36 254 32 145
34 241 31 147
40 278 31 143
37 315 31 143
36 250 34 144
37 293 34 143
38 246 34 144
37 247 34 145
37 247 34 145
62 488 33 142
48 349 36 142
34 242 31 147
31 258 29 145
49 382 35 142
44 334 30 144
36 255 31 146
41 317 32 143
38 246 34 145
40 296 33 143
42 289 33 144
40 334 31 143
39 254 33 145
42 291 34 143
42 299 31 143
40 333 31 144
40 293 34 143
37 251 34 144
37 296 34 143
37 251 34 144
37 251 34 144
37 251 34 144
37 251 34 144
52 370 31 143
51 381 31 143
37 254 34 144
35 249 31 147
31 259 29 145
45 346 30 144
47 316 32 143
41 302 33 144
41 305 33 143
40 317 33 144
44 319 31 144
51 383 31 143
49 403 30 144
41 325 34 143
38 256 34 144
37 260 30 148
33 267 29 145
41 266 33 145
43 308 34 143
51 339 31 144
37 259 34 144
45 372 33 143
46 357 31 144
45 347 33 144
43 353 33 144
55 403 31 143
51 419 30 144
43 311 34 143
41 336 29 145
38 259 34 144
35 290 29 148
34 272 31 145
46 372 33 143
52 374 31 144
40 270 33 145
40 269 30 148
49 389 31 144
38 315 29 146
37 276 30 147
37 271 34 144
39 308 29 146
39 307 29 147
42 330 30 145
42 294 29 147
41 306 29 146
35 268 31 146
35 282 30 147
57 403 31 143
44 315 34 143
38 261 34 144
36 293 29 148
35 270 33 150
48 388 33 144
44 346 30 145
40 324 29 146
42 302 30 147
38 280 31 145
43 312 29 147
37 274 34 144
38 261 34 144
59 432 31 143
44 327 36 143
43 273 34 144
41 331 29 146
37 296 29 148
45 358 30 145
41 281 31 147
57 390 33 144
52 417 33 144
38 286 31 145
44 331 34 143
53 397 33 144
41 303 34 144
57 390 33 144
57 390 33 144
57 390 33 144
57 390 33 144
50 309 29 148
44 384 30 148
44 340 34 143
43 285 34 144
40 295 34 145
39 294 32 151
38 315 30 149
48 339 30 147
38 310 33 146
39 317 32 147
47 360 30 145
45 326 31 145
41 293 33 145
43 327 31 148
42 373 31 145
45 374 30 145
45 334 34 143
43 311 32 145
41 347 32 145
44 349 31 145
53 393 30 145
48 360 30 146
46 336 34 143
43 287 34 144
42 316 32 149
42 313 34 147
47 351 31 149
45 333 33 145
44 327 32 146
47 330 33 145
43 334 32 145
53 377 31 146
52 395 30 146
48 373 30 150
46 364 34 143
44 288 34 145
43 340 33 151
43 329 34 144
46 353 33 147
51 336 32 145
47 328 33 146
44 299 34 144
43 356 32 145
47 339 32 145
54 410 30 146
51 378 34 143
45 321 34 144
44 335 38 150
43 353 36 145
48 402 34 143
50 339 32 145
44 362 32 145
44 347 34 144
59 406 33 145
54 414 34 143
50 422 34 143
47 334 39 148
45 384 33 150
45 339 37 147
51 393 33 149
45 355 37 145
47 347 34 144
45 360 34 144
52 356 34 145
46 368 34 144
51 373 34 145
37 235 34 145
37 235 34 145
34 228 31 147
33 266 30 142
33 252 33 140
30 264 26 151
29 237 28 146
31 262 26 151
34 228 31 147
31 242 29 143
35 263 30 142
32 233 29 148
31 258 27 145
33 244 32 142
33 252 33 140
32 256 28 144
33 234 28 149
33 249 27 145
35 236 32 146
35 236 32 146
34 243 31 141
33 266 30 142
33 252 33 140
33 248 33 141
31 238 30 145
30 265 28 145
30 265 28 145
30 240 27 146
30 239 29 145
29 237 28 146
33 248 33 141
31 246 31 142
37 235 34 145
36 234 33 146
36 234 33 146
33 252 33 140
33 234 28 149
32 233 29 148
32 251 31 141
32 241 29 143
31 241 31 144
37 235 34 145
37 235 34 145
35 236 32 146
34 228 31 147
33 234 28 149
32 233 29 148
32 233 29 148
35 230 30 148
32 233 29 148
35 230 30 148
32 251 31 141
31 246 31 142
37 239 34 144
37 235 34 145
37 235 34 145
35 263 30 142
34 264 30 142
34 243 31 141
33 249 27 145
33 234 28 149
33 234 28 149
32 257 27 145
32 257 27 145
32 256 28 144
31 262 28 144
31 258 27 145
31 238 30 145
29 240 29 145
37 235 34 145
37 235 34 145
37 235 34 145
37 235 34 145
37 235 34 145
37 235 34 145
37 235 34 145
37 235 34 145
37 235 34 145
37 235 34 145
37 235 34 145
37 235 34 145
37 235 34 145
37 235 34 145
37 235 34 145
37 235 34 145
37 235 34 145
37 235 34 145
37 235 34 145
37 235 34 145
37 235 34 145
37 235 34 145
37 235 34 145
37 235 34 145
37 235 34 145
37 235 34 145
37 235 34 145
37 235 34 145
37 235 34 145
37 235 34 145
37 235 34 145
37 235 34 145
37 235 34 145
37 235 34 145
37 235 34 145
37 235 34 145
37 235 34 145
37 235 34 145
37 235 34 145
37 235 34 145
37 235 34 145
37 235 34 145
37 235 34 145
37 235 34 145
37 235 34 145
37 235 34 145
37 235 34 145
37 235 34 145
37 235 34 145
37 235 34 145
37 235 34 145
37 235 34 145
37 235 34 145
37 235 34 145
37 235 34 145
37 235 34 145
37 235 34 145
37 235 34 145
37 235 34 145
37 235 34 145
37 235 34 145
37 235 34 145
37 235 34 145
37 235 34 145
35 236 32 146
35 236 32 146
35 236 32 146
35 236 32 146
35 236 32 146
35 236 32 146
35 236 32 146
35 236 32 146
35 236 32 146
35 230 30 148
35 230 30 148
34 228 31 147
34 228 31 147
34 228 31 147
33 252 33 140
33 252 33 140
33 252 33 140
33 252 33 140
33 252 33 140
33 234 28 149
33 234 28 149
32 233 29 148
29 237 28 146
29 237 28 146
38 237 33 146
37 236 34 145
34 266 33 140
34 229 31 147
33 275 29 145
33 271 28 147
33 236 28 149
32 234 29 148
36 260 31 141
35 240 32 146
36 253 31 146
37 236 34 145
35 267 28 146
38 237 33 146
34 229 31 147
34 229 31 147
37 236 34 145
37 236 34 145
37 236 34 145
37 236 34 145
34 229 31 147
34 229 31 147
34 229 31 147
34 229 31 147
47 340 30 145
45 367 30 145
40 295 33 140
38 264 36 144
33 238 28 149
32 237 29 148
32 237 29 148
35 268 33 141
44 312 31 143
42 276 30 147
40 325 28 148
37 239 34 145
45 305 31 142
37 282 31 146
43 334 28 147
41 297 29 146
39 265 34 141
36 250 32 146
36 299 32 145
38 266 31 145
36 238 31 147
41 284 30 147
39 290 30 147
37 239 34 145
39 292 30 146
55 470 28 147
42 321 33 140
38 268 36 144
35 239 29 148
33 267 30 148
33 256 28 149
47 377 30 145
36 284 33 141
46 323 31 142
43 340 31 145
37 240 34 145
34 246 31 149
43 279 34 144
34 251 29 148
45 328 31 142
40 274 32 145
40 305 31 146
41 312 30 146
41 293 30 147
43 289 30 147
37 259 31 147
37 240 34 145
40 257 31 147
43 289 30 147
43 289 30 147
54 476 30 145
48 360 33 140
38 292 28 149
37 291 36 141
35 242 29 148
35 239 30 148
46 329 31 142
39 274 36 144
37 292 33 143
39 295 33 141
37 244 34 145
37 244 34 145
38 279 31 147
45 311 32 145
40 275 31 147
42 331 30 146
43 284 34 144
42 319 31 146
44 314 30 146
41 290 32 146
41 271 31 147
44 355 31 145
40 288 34 144
48 330 31 144
44 355 31 146
43 312 28 149
43 295 36 144
40 306 33 141
35 266 29 148
35 243 30 148
44 313 32 146
36 256 29 148
46 334 31 145
40 297 34 143
37 246 34 145
38 300 36 144
45 290 34 144
41 278 31 147
41 278 31 147
37 246 34 145
41 278 31 147
40 302 33 146
41 278 31 147
53 375 28 150
48 397 31 144
43 301 36 144
42 352 34 141
37 250 34 145
35 261 33 151
40 265 29 148
41 290 31 147
46 364 32 146
45 305 34 143
36 251 31 148
37 312 30 150
37 320 29 148
42 347 34 142
40 328 34 143
49 362 33 141
43 318 33 142
50 369 31 144
41 325 33 144
48 375 31 145
47 312 33 142
50 367 31 146
47 310 33 145
47 293 34 144
41 320 33 145
50 383 31 145
48 396 31 146
45 371 33 142
43 280 31 151
41 305 29 148
41 251 34 145
37 252 34 145
45 314 32 147
42 277 33 150
48 347 34 143
44 365 34 144
42 297 32 150
49 333 33 146
42 352 33 146
42 303 32 149
45 342 33 145
50 351 33 143
43 349 33 145
45 336 33 146
43 347 33 146
52 389 34 144
52 385 36 143
47 402 33 144
46 340 30 150
39 256 34 145
37 263 34 145
50 335 31 148
46 339 31 148
37 263 34 145
46 339 33 147
47 361 33 145
38 257 34 145
51 404 34 144
48 339 32 149
39 258 34 145
37 274 34 146
49 394 33 145
37 288 34 145
38 264 34 145
38 264 34 145
56 442 34 144
52 353 33 149
42 258 34 145
39 298 34 145
50 415 33 145
51 406 33 145
40 263 34 145
52 407 33 149
41 286 34 145
40 310 34 145
40 286 34 147
58 413 33 150
42 292 34 145
40 313 34 146
42 292 34 145
45 303 34 150
43 308 34 145
43 314 34 145
47 319 34 145
43 343 34 151
50 332 34 151
49 385 34 145
47 350 34 148
49 360 34 152
47 387 37 150
