10 0.923221
72 575 32 179
70 591 33 175
68 555 42 166
53 396 51 171
48 341 40 191
40 344 36 178
47 343 47 179
48 374 34 185
57 490 34 174
68 565 36 170
64 484 38 171
49 423 35 183
44 386 39 173
58 413 33 184
51 458 41 171
54 485 37 173
60 439 35 178
51 395 35 184
48 405 38 172
44 386 39 173
61 442 37 172
61 442 37 172
53 440 35 179
54 466 34 179
53 472 37 177
51 397 34 183
54 461 37 177
53 472 37 177
53 472 37 177
53 472 37 177
53 472 37 177
53 472 37 177
61 442 37 172
44 386 39 173
70 594 33 175
64 525 43 171
49 391 36 199
49 355 47 179
49 355 47 179
46 395 38 192
70 594 33 175
62 497 34 175
57 464 34 183
49 391 36 199
48 375 42 188
61 456 37 172
55 523 46 171
47 363 40 190
50 391 36 186
49 380 44 182
56 378 37 188
46 395 38 192
51 389 36 184
47 363 37 191
53 427 38 177
55 523 46 171
53 473 37 177
53 415 40 177
55 454 41 172
52 442 35 189
54 399 35 183
54 432 38 176
52 457 39 173
52 390 39 181
54 410 41 175
46 397 44 189
51 444 35 184
50 417 38 180
56 472 34 179
47 391 39 183
51 385 39 182
48 402 36 182
52 457 39 173
49 355 47 179
55 450 40 173
50 438 39 177
51 420 37 178
48 412 39 179
51 389 36 184
47 394 41 177
55 417 38 176
52 401 39 178
55 523 46 171
55 523 46 171
49 355 47 179
52 390 39 181
70 594 33 175
52 390 39 181
49 355 47 179
47 363 37 191
49 355 47 179
47 363 37 191
52 457 39 173
52 424 41 175
53 446 36 179
50 438 39 177
49 391 36 199
55 523 46 171
46 397 44 189
46 397 44 189
70 594 33 175
70 594 33 175
70 594 33 175
70 594 33 175
70 594 33 175
55 523 46 171
55 523 46 171
52 457 39 173
50 438 39 177
49 391 36 199
49 391 36 199
49 391 36 199
49 391 36 199
49 355 47 179
49 355 47 179
49 355 47 179
49 355 47 179
49 355 47 179
47 363 37 191
47 363 37 191
47 363 37 191
46 397 44 189
46 397 44 189
71 608 33 175
56 468 43 172
52 429 49 177
49 392 36 199
47 376 37 191
47 363 37 192
59 541 34 182
63 485 40 175
49 364 47 179
51 392 43 188
62 497 34 177
48 418 36 193
58 495 34 185
49 432 39 179
57 460 38 176
53 479 38 178
50 397 36 192
52 455 41 177
52 429 49 177
54 461 36 179
55 415 39 178
54 444 35 184
50 405 43 186
55 404 36 182
51 371 37 191
55 465 41 174
54 444 35 184
56 402 40 181
48 409 41 181
52 416 37 184
50 419 38 180
54 481 37 178
49 429 40 185
54 465 41 176
54 444 35 184
51 412 40 187
52 457 43 176
53 405 36 182
51 418 36 185
51 417 39 187
51 417 39 187
50 419 38 180
54 465 41 176
51 392 43 188
48 418 36 193
53 482 37 178
54 465 41 176
51 412 40 187
51 412 40 187
52 455 41 177
54 465 41 176
54 465 41 176
54 465 41 176
54 444 35 184
54 444 35 184
54 444 35 184
54 444 35 184
54 444 35 184
51 418 36 185
50 419 38 180
66 552 43 172
62 518 34 182
60 558 39 176
50 399 48 180
49 365 47 184
47 374 37 194
47 374 37 194
60 528 44 174
63 517 36 179
57 464 42 176
61 499 37 178
56 474 35 188
54 469 45 178
52 432 38 181
64 477 37 179
49 390 47 181
53 395 43 188
61 489 41 174
53 441 41 180
54 408 41 191
48 410 45 186
58 444 35 187
51 394 37 192
49 424 36 193
58 480 36 180
55 421 36 182
61 446 40 179
49 365 47 184
59 408 37 189
55 410 40 189
51 461 39 182
53 420 36 190
51 417 41 185
53 405 43 182
59 471 38 177
48 427 37 191
59 471 38 177
57 450 35 184
62 479 39 176
54 447 39 179
49 390 47 181
52 414 41 191
62 479 39 176
57 450 35 184
59 471 38 177
57 450 35 184
57 428 39 181
55 421 36 182
57 474 39 178
53 420 36 190
51 423 37 186
62 479 39 176
53 441 41 180
53 412 47 179
52 430 38 184
57 478 38 178
52 427 39 184
62 479 39 176
62 479 39 176
62 479 39 176
59 471 38 177
57 450 35 184
57 450 35 184
57 450 35 184
57 450 35 184
57 450 35 184
55 421 36 182
49 365 47 184
49 365 47 184
49 365 47 184
49 365 47 184
69 516 41 174
65 552 43 174
61 470 35 189
57 502 51 177
50 439 36 196
49 365 47 185
47 381 40 194
49 392 47 183
63 455 39 180
53 414 39 192
58 479 41 179
61 450 42 179
59 507 38 178
48 380 38 195
55 424 44 187
61 520 42 175
61 514 43 177
59 499 38 180
67 531 40 177
53 464 45 180
49 449 41 191
65 537 36 179
52 428 42 190
51 437 38 188
56 429 38 182
55 428 36 185
48 429 45 186
53 474 40 184
49 381 38 194
53 385 47 184
51 419 46 187
65 513 41 177
58 504 35 185
67 531 40 177
51 419 46 187
54 443 38 181
56 417 41 188
54 443 38 181
51 434 40 189
51 445 37 190
65 552 43 174
49 365 47 185
48 418 37 194
58 423 39 186
49 392 47 183
57 416 42 190
51 437 39 186
52 444 38 186
51 445 37 190
51 425 37 192
49 392 47 183
49 392 47 183
49 392 47 183
49 392 47 183
49 392 47 183
53 464 45 180
55 425 38 183
58 504 35 185
53 414 39 192
58 444 36 183
53 424 40 188
49 381 38 194
53 424 40 188
49 392 47 183
49 392 47 183
49 392 47 183
49 392 47 183
49 392 47 183
49 392 47 183
49 392 47 183
49 392 47 183
49 392 47 183
49 392 47 183
49 392 47 183
49 392 47 183
49 365 47 185
49 365 47 185
49 365 47 185
68 512 38 180
65 551 50 175
63 508 35 191
51 445 40 196
49 373 47 185
48 434 45 187
58 489 41 179
63 525 37 183
60 452 36 186
53 485 43 188
52 429 37 194
49 392 47 184
53 468 43 190
55 429 37 188
53 461 38 193
65 514 38 180
49 405 43 196
56 404 39 195
51 445 40 196
54 437 38 192
57 468 37 185
56 451 38 181
54 453 41 181
55 433 44 183
55 439 36 187
56 404 39 195
58 445 37 184
49 398 47 183
55 441 37 186
54 443 38 184
54 443 38 184
55 452 43 181
49 405 43 196
49 398 47 183
49 398 47 183
49 405 43 196
49 398 47 183
69 575 35 193
63 523 45 179
61 421 39 195
51 392 47 187
49 396 47 185
68 537 44 179
63 432 42 194
61 484 38 184
56 437 40 190
55 432 44 192
58 448 39 186
66 516 39 182
67 497 37 187
52 429 38 195
64 460 36 188
61 467 36 193
67 520 38 180
56 451 38 185
54 459 41 182
58 438 39 189
55 453 47 182
55 441 37 188
54 453 38 188
55 441 37 188
55 441 37 188
55 441 37 188
70 547 44 179
66 571 41 184
63 542 36 198
62 446 39 188
59 491 47 184
52 450 42 200
64 540 36 190
57 485 46 185
69 528 42 183
62 509 44 183
57 464 40 187
57 447 37 188
55 448 39 189
66 507 41 185
69 530 38 180
62 495 40 186
65 489 39 187
69 530 38 180
55 448 39 189
65 530 38 186
69 530 38 180
69 530 38 180
69 530 38 180
76 636 36 191
71 534 38 180
61 508 51 186
57 448 38 196
69 563 42 189
66 492 47 188
70 538 45 191
57 458 38 195
71 521 39 187
67 533 46 189
57 454 39 193
73 611 39 192
71 586 46 187
58 496 40 193
72 553 40 190
72 562 45 191
66 600 50 194
76 612 45 215
65 586 30 163
56 478 51 160
47 355 43 179
42 357 38 177
48 409 34 168
48 388 47 172
49 386 41 162
42 357 38 177
47 387 44 175
55 433 36 164
48 398 32 170
50 372 36 166
54 463 38 165
55 435 36 161
48 392 46 170
42 357 38 177
50 372 36 166
48 393 47 169
50 372 36 166
54 463 38 165
54 463 38 165
48 393 47 169
54 463 38 165
54 463 38 165
54 463 38 165
54 463 38 165
48 393 47 169
48 393 47 169
61 482 40 163
51 401 34 185
49 387 41 162
48 373 44 184
46 397 38 186
46 381 38 187
55 435 36 164
54 411 36 169
48 406 44 173
52 390 39 168
55 435 36 164
50 400 35 171
50 387 37 180
49 387 41 162
48 396 39 183
48 377 40 184
50 392 39 178
47 397 39 179
49 387 41 162
50 392 39 178
48 380 40 180
46 397 38 186
51 401 34 185
48 408 34 170
51 401 34 185
49 387 41 162
49 384 44 179
51 401 34 185
46 397 38 186
48 407 34 172
48 407 34 172
50 392 39 178
48 373 44 184
51 401 34 185
50 392 39 178
50 392 39 178
50 392 39 178
49 387 41 162
48 407 34 172
48 407 34 172
48 407 34 172
48 407 34 172
48 373 44 184
48 373 44 184
48 373 44 184
56 430 50 164
54 457 36 169
54 451 44 162
49 412 34 172
48 373 44 186
47 386 38 187
46 394 38 187
51 403 47 169
53 389 43 178
51 421 42 165
56 430 50 164
49 397 41 181
55 438 36 164
51 435 39 170
48 407 40 175
52 418 43 170
50 402 35 171
50 440 41 170
48 376 44 184
52 394 41 174
49 374 44 185
52 394 41 174
50 402 35 171
48 373 44 186
48 373 44 186
46 394 38 187
51 409 34 185
48 392 43 183
48 392 43 183
51 409 34 185
48 392 43 183
48 373 44 186
46 394 38 187
48 392 43 183
46 394 38 187
46 394 38 187
50 402 35 171
50 402 35 171
48 373 44 186
48 373 44 186
48 373 44 186
48 373 44 186
46 394 38 187
46 394 38 187
60 491 37 165
56 432 50 164
55 436 51 167
49 419 34 175
49 377 44 184
47 394 43 200
46 395 38 189
57 480 38 165
47 394 43 200
54 458 36 169
52 402 35 189
51 404 47 169
52 396 41 174
48 425 40 188
50 406 35 171
53 412 34 177
54 449 43 165
59 402 39 179
48 378 44 185
51 404 37 177
59 402 39 179
48 378 44 185
56 451 39 165
59 402 39 179
51 453 43 169
48 411 43 176
46 395 38 189
47 394 43 200
47 394 43 200
47 394 43 200
75 616 37 165
60 452 51 165
53 425 34 183
51 410 51 170
51 396 43 202
48 415 40 189
48 380 44 186
58 473 39 167
49 422 38 191
53 420 47 170
55 451 47 168
52 403 45 185
50 414 35 171
57 470 34 175
52 412 40 171
55 460 36 169
56 456 43 168
50 399 38 189
57 470 34 175
50 413 37 179
51 411 37 184
49 436 34 180
49 422 38 191
57 456 51 166
53 425 34 183
49 426 36 181
50 406 39 175
52 430 34 180
53 425 34 183
49 426 36 181
52 430 34 180
52 426 47 169
51 400 47 184
53 425 34 183
52 405 43 180
53 425 34 183
51 404 47 171
53 425 34 183
53 425 34 183
53 425 34 183
53 425 34 183
53 425 34 183
53 425 34 183
53 425 34 183
53 425 34 183
53 425 34 183
53 425 34 183
53 425 34 183
66 499 42 168
63 476 52 166
59 452 55 168
57 512 44 168
55 465 34 180
54 417 35 192
51 407 39 177
49 439 43 184
51 408 47 175
57 482 35 172
55 421 35 189
65 476 43 168
55 461 36 169
51 415 51 174
58 452 35 173
63 486 44 167
52 447 40 174
53 413 37 179
54 432 47 169
49 421 40 191
53 423 38 176
50 413 42 188
54 450 36 171
50 418 37 181
53 433 39 173
54 431 41 175
51 450 34 185
55 431 39 174
50 416 38 183
49 439 43 184
50 413 43 182
55 437 36 171
52 428 42 171
53 422 47 170
63 486 44 167
53 427 34 183
51 450 34 185
63 486 44 167
55 465 34 180
52 441 39 175
50 428 35 176
49 439 43 184
54 422 42 171
55 431 39 174
49 439 43 184
55 423 37 177
53 423 38 176
50 413 42 188
49 439 43 184
50 423 36 180
50 413 42 188
50 413 42 188
69 529 42 168
67 536 47 167
65 434 35 186
63 477 52 166
59 453 55 168
53 415 44 182
51 453 36 192
50 422 38 186
55 487 38 174
61 455 35 175
52 416 44 186
52 456 36 187
55 440 50 175
53 453 36 183
55 452 47 173
55 425 46 178
62 468 41 170
52 427 40 178
64 438 36 171
50 421 41 187
57 454 51 171
59 453 55 168
51 439 38 177
59 421 44 177
59 481 36 169
53 417 37 179
52 458 44 175
56 474 38 169
65 431 36 178
53 464 36 179
63 477 36 173
58 480 36 172
56 461 43 170
58 438 42 173
58 451 37 176
57 459 37 171
56 455 37 172
54 460 35 178
54 452 36 175
52 421 39 181
62 478 35 174
52 421 39 181
58 470 36 174
59 441 36 178
53 429 39 178
55 459 43 171
50 428 37 179
55 487 38 174
53 429 39 178
55 448 35 177
52 443 37 178
63 477 36 173
65 431 36 178
56 463 47 169
55 474 44 169
55 448 35 177
58 470 36 174
52 443 37 178
59 441 36 178
54 452 36 175
52 460 39 175
50 428 37 179
50 422 38 186
59 453 55 168
52 421 39 181
79 631 42 168
65 495 55 168
64 520 35 176
54 441 37 189
54 426 41 182
50 432 38 186
59 485 48 169
67 510 35 175
65 495 55 168
53 429 45 182
52 439 43 179
53 432 38 183
57 450 39 181
61 508 39 171
60 501 40 170
56 459 35 179
58 506 38 172
55 469 43 172
64 520 35 176
64 510 36 169
62 450 42 173
57 453 35 177
65 495 55 168
55 437 38 182
55 482 41 175
63 464 43 170
56 465 36 177
56 474 37 174
54 473 36 176
64 510 36 169
60 480 36 173
58 482 36 174
63 501 36 171
57 473 36 175
57 456 39 175
67 510 35 175
62 450 42 173
54 426 41 182
60 480 36 173
65 495 55 168
55 482 41 175
65 495 55 168
56 474 37 174
63 501 36 171
54 473 36 176
67 510 35 175
67 510 35 175
65 495 55 168
65 495 55 168
64 520 35 176
57 473 36 175
72 574 43 169
67 585 38 169
66 506 55 168
65 548 35 177
65 493 55 170
55 431 43 185
54 464 39 188
53 433 40 184
56 491 39 179
60 460 44 175
69 522 36 171
66 498 47 172
66 492 52 170
61 474 36 177
67 543 37 172
54 479 39 187
65 519 40 170
66 483 40 174
59 466 37 185
59 487 43 176
60 461 38 178
63 509 42 170
63 509 42 170
58 465 40 178
59 514 38 172
65 493 55 170
58 511 38 174
63 499 36 173
63 499 36 173
63 499 36 173
65 493 55 170
63 499 36 173
58 511 38 174
65 493 55 170
65 493 55 170
65 493 55 170
63 499 36 173
76 563 35 177
70 516 52 170
69 516 59 171
63 499 36 190
55 448 42 186
60 538 40 182
65 507 45 177
62 516 54 176
60 472 42 178
68 552 37 180
59 502 38 186
61 519 40 172
59 493 39 185
65 514 42 172
57 507 42 179
60 486 41 186
66 555 39 176
58 493 42 178
67 499 41 176
59 500 41 180
70 538 47 172
64 477 51 185
63 525 40 182
63 509 51 181
62 557 41 172
60 512 43 182
68 525 42 180
61 522 45 178
63 541 40 175
72 542 49 176
69 545 44 177
69 513 43 184
63 532 41 184
62 521 47 183
67 543 41 179
72 540 44 183
66 504 33 162
52 385 33 174
51 399 41 167
40 354 34 174
57 453 37 165
46 383 34 168
56 427 40 167
58 487 33 180
52 407 41 167
48 378 42 178
43 368 38 189
43 368 38 189
43 368 38 189
58 487 33 180
52 407 41 167
47 392 39 172
45 379 37 174
48 378 42 178
53 388 34 174
44 382 35 174
44 388 34 177
48 398 34 169
53 388 34 174
52 407 41 167
48 398 34 169
44 388 34 177
58 487 33 180
43 368 38 189
43 368 38 189
58 487 33 180
58 487 33 180
58 487 33 180
58 487 33 180
58 487 33 180
53 388 34 174
53 388 34 174
52 407 41 167
52 407 41 167
48 378 42 178
43 368 38 189
43 368 38 189
43 368 38 189
43 368 38 189
43 368 38 189
43 368 38 189
43 368 38 189
65 504 36 171
60 519 34 172
58 497 33 180
52 411 41 167
47 385 43 177
45 376 38 190
44 392 38 196
44 392 38 196
55 434 38 171
46 392 40 185
56 401 34 181
45 376 38 190
48 391 42 178
60 519 34 172
44 392 38 196
52 407 41 168
51 421 35 172
54 388 35 184
53 417 34 174
50 384 40 175
47 410 39 176
45 376 41 189
47 407 39 177
49 423 37 176
47 413 41 174
53 417 34 174
54 388 35 184
51 390 37 175
48 386 37 189
48 386 37 189
45 376 41 189
44 392 38 196
44 392 38 196
50 430 34 178
48 379 38 179
47 404 34 180
50 411 35 173
48 379 38 179
48 379 38 179
44 392 38 196
54 388 35 184
49 423 37 176
45 395 37 178
50 384 40 175
48 429 39 171
52 411 41 167
48 386 37 189
45 395 37 178
45 376 38 190
47 407 39 177
54 388 35 184
48 386 37 189
44 392 38 196
52 411 41 167
49 423 37 176
49 423 37 176
48 386 37 189
45 376 38 190
44 392 38 196
44 392 38 196
44 392 38 196
44 392 38 196
44 392 38 196
44 392 38 196
44 392 38 196
44 392 38 196
44 392 38 196
44 392 38 196
44 392 38 196
44 392 38 196
44 392 38 196
44 392 38 196
44 392 38 196
44 392 38 196
44 392 38 196
44 392 38 196
44 392 38 196
65 511 36 171
54 415 41 167
50 424 34 181
45 389 38 198
45 378 45 190
45 377 41 191
45 377 41 191
52 427 43 172
54 474 34 176
51 449 37 173
56 496 36 173
59 413 34 181
54 408 35 184
45 378 45 190
50 382 39 194
46 389 40 193
57 413 35 181
58 440 35 176
54 410 34 182
49 435 36 196
55 449 34 174
48 424 37 188
51 418 41 173
50 389 42 178
49 422 37 182
51 393 37 175
53 441 35 178
45 397 41 179
47 416 39 177
45 395 40 188
53 448 35 177
46 392 40 187
53 445 38 174
50 389 42 178
48 394 38 183
45 394 38 196
46 392 40 187
48 388 41 183
45 395 40 188
47 391 38 190
45 394 38 196
59 413 34 181
56 431 35 178
49 393 40 182
47 391 38 190
48 428 41 174
48 381 40 190
50 389 42 178
48 394 38 183
48 394 38 183
50 414 37 197
50 397 38 179
49 427 36 197
50 424 34 181
48 394 38 183
47 416 39 177
45 394 38 196
54 427 36 178
48 413 38 180
48 413 38 180
46 389 40 193
45 389 38 198
56 431 35 178
51 430 36 178
49 425 38 177
53 448 35 177
53 441 35 178
49 427 36 197
49 425 38 177
48 388 41 183
48 381 40 190
50 389 42 178
50 389 42 178
50 389 42 178
49 427 36 197
48 424 37 188
48 424 37 188
48 394 38 183
48 394 38 183
48 394 38 183
48 394 38 183
48 394 38 183
48 394 38 183
48 394 38 183
48 394 38 183
48 394 38 183
48 394 38 183
48 394 38 183
48 394 38 183
47 416 39 177
47 416 39 177
47 413 41 176
47 391 38 190
74 598 36 171
56 441 34 181
55 455 41 167
52 414 46 178
49 427 37 197
45 401 38 196
45 381 42 192
67 544 38 172
56 497 34 174
58 415 44 175
48 386 42 191
53 467 36 180
55 443 42 170
61 455 34 175
47 417 39 177
61 434 41 173
49 409 44 179
48 425 45 176
53 407 37 182
51 449 34 186
52 428 45 174
47 403 41 180
55 455 35 177
47 395 41 189
47 397 40 188
47 397 40 188
56 452 41 167
54 401 37 182
55 398 37 187
54 449 35 178
48 394 38 185
54 457 41 172
48 396 38 183
51 451 34 181
49 420 38 182
47 395 41 189
51 394 41 181
50 394 42 180
46 394 42 189
51 439 37 176
52 435 37 175
51 444 36 183
47 399 41 184
54 401 37 182
50 415 42 179
51 442 36 184
51 403 38 179
46 394 42 189
48 396 38 183
54 401 37 182
54 449 35 178
46 407 41 180
46 407 41 180
54 449 35 178
54 401 37 182
53 407 37 182
51 444 36 183
54 401 37 182
54 401 37 182
54 401 37 182
54 401 37 182
54 401 37 182
54 401 37 182
54 401 37 182
54 401 37 182
54 401 37 182
50 415 38 182
76 614 36 171
64 471 34 176
56 455 41 168
54 395 39 190
52 475 48 175
47 398 40 188
69 560 38 172
57 503 34 177
48 426 45 176
51 397 41 181
48 402 39 185
62 554 35 175
66 497 34 174
61 498 36 175
55 480 36 180
49 418 39 179
48 426 45 176
48 415 38 183
62 554 35 175
48 420 40 180
52 435 37 177
55 464 35 182
66 497 34 174
51 423 38 179
53 456 36 181
51 466 37 182
54 418 37 182
53 445 37 175
51 397 41 181
55 435 40 175
51 397 41 181
54 418 37 182
53 408 38 180
51 397 41 181
57 455 36 181
53 408 38 180
52 411 38 179
51 414 38 181
51 456 39 177
51 397 41 181
51 397 41 181
51 397 41 181
51 397 41 181
51 397 41 181
69 540 36 174
64 554 36 178
64 520 43 173
62 503 34 180
52 457 37 195
52 398 41 183
47 399 47 191
57 462 45 173
67 502 34 180
59 476 35 182
49 404 40 190
51 435 38 187
55 460 36 181
50 425 39 179
48 418 38 194
59 465 41 174
52 461 46 176
60 488 36 180
63 482 37 175
48 428 41 185
54 456 42 177
54 433 38 186
51 441 38 183
58 453 38 176
53 458 39 177
54 412 40 183
61 503 37 177
55 419 37 183
49 420 41 180
53 462 41 176
51 404 41 183
62 484 37 177
52 414 41 179
71 541 44 174
65 485 35 183
60 421 48 180
51 409 43 187
50 427 40 201
49 421 41 181
57 475 37 187
65 529 39 175
63 539 37 175
53 442 39 181
51 453 38 185
55 479 39 179
57 420 42 182
54 424 44 179
59 499 36 186
61 518 37 180
56 449 42 179
61 492 38 177
61 493 45 176
59 472 38 184
53 470 46 176
60 478 36 182
61 519 38 176
61 469 39 179
65 500 37 180
53 475 42 178
51 446 38 187
61 500 41 176
53 470 46 176
53 470 46 176
71 583 37 181
68 595 37 180
68 547 41 176
67 509 35 185
60 521 36 197
57 429 42 193
56 507 46 176
50 438 42 183
61 516 39 177
56 469 40 187
50 437 44 186
60 481 37 186
58 469 45 179
53 453 42 181
57 446 45 182
55 471 40 185
54 488 42 180
54 483 40 186
66 532 39 177
63 481 38 195
61 536 37 187
60 552 46 180
57 444 43 190
54 450 51 186
53 458 45 190
56 500 49 181
58 474 40 187
62 510 44 182
61 447 42 185
61 523 40 178
61 506 45 179
69 552 41 178
67 546 39 205
59 486 40 193
57 494 49 192
63 495 46 189
61 511 40 187
58 522 48 188
73 635 47 178
64 584 41 189
64 504 49 198
71 579 43 183
66 530 44 188
67 524 43 191
86 649 47 186
72 624 43 206
59 471 47 170
59 432 33 176
53 360 38 180
44 366 41 203
42 374 39 188
54 449 45 171
55 433 35 180
51 407 34 181
46 396 35 181
51 407 34 181
42 370 39 192
44 372 36 172
43 385 36 192
54 371 39 179
46 396 35 181
46 391 35 184
42 377 38 185
42 389 37 187
43 390 35 186
52 374 35 181
42 389 37 187
42 378 38 184
46 391 35 184
53 360 38 180
53 360 38 180
53 360 38 180
53 360 38 180
46 391 35 184
53 360 38 180
53 360 38 180
53 360 38 180
53 360 38 180
53 360 38 180
53 360 38 180
53 360 38 180
46 391 35 184
65 538 35 178
55 474 34 181
53 362 38 181
50 413 44 172
47 378 38 198
42 374 39 194
58 424 35 181
49 381 41 179
46 402 37 187
46 388 37 195
51 377 40 175
42 374 39 194
44 372 39 197
57 443 35 182
52 435 34 183
55 364 40 180
47 398 39 182
46 373 43 182
54 458 35 181
45 382 39 183
48 379 43 175
55 405 36 177
47 378 38 198
54 434 41 174
46 402 37 187
56 419 35 184
48 430 35 184
45 384 38 183
48 400 36 187
48 428 35 185
48 425 35 186
46 373 43 182
42 374 39 194
54 434 41 174
55 405 36 177
57 453 35 180
56 419 35 184
57 453 35 180
55 403 36 182
54 399 37 183
42 374 39 194
57 453 35 180
48 400 37 177
55 370 38 180
42 374 39 194
55 405 36 177
55 370 38 180
48 400 36 187
42 380 38 184
57 453 35 180
55 405 36 177
55 405 36 177
42 374 39 194
42 374 39 194
42 374 39 194
42 374 39 194
65 563 37 178
56 367 40 181
55 481 34 183
53 440 47 172
44 372 41 204
43 383 38 204
55 483 35 182
57 465 38 178
51 417 43 175
53 440 47 172
46 389 37 195
48 402 37 189
56 476 36 180
57 395 38 180
49 388 37 200
47 394 39 184
45 392 40 185
53 451 40 175
48 379 43 179
52 457 35 183
51 407 42 178
49 408 36 193
45 379 41 203
52 421 39 178
44 380 38 193
48 437 35 184
51 407 42 178
57 454 35 182
48 411 36 195
56 387 40 178
55 481 34 183
44 372 41 204
49 388 37 200
50 410 36 187
49 394 41 183
54 393 39 182
52 405 39 180
49 431 38 182
55 403 36 183
46 405 37 194
52 427 35 186
51 430 37 185
52 444 37 183
50 404 36 193
46 382 39 188
49 417 36 187
46 383 38 186
55 403 36 183
54 393 39 182
47 427 43 182
45 408 39 183
53 440 47 172
49 388 37 200
44 372 41 204
46 382 39 188
45 392 40 185
44 372 41 204
55 481 34 183
48 379 43 179
46 382 39 188
57 454 35 182
57 454 35 182
46 389 37 195
45 392 40 185
48 428 39 182
47 409 37 187
55 403 36 183
48 428 39 182
48 411 36 195
57 454 35 182
55 481 34 183
55 481 34 183
53 440 47 172
49 408 36 193
48 428 39 182
48 379 43 179
48 379 43 179
46 389 37 195
46 389 37 195
46 389 37 195
46 389 37 195
46 389 37 195
46 389 37 195
45 408 39 183
45 408 39 183
45 408 39 183
45 392 40 185
45 392 40 185
44 388 39 188
44 372 41 204
44 372 41 204
44 372 41 204
44 372 41 204
44 372 41 204
44 372 41 204
44 372 41 204
44 372 41 204
70 561 35 182
65 579 47 177
63 507 34 187
56 470 50 173
46 394 38 209
44 380 39 194
44 372 41 205
60 534 40 180
57 377 44 185
59 451 42 178
63 507 34 187
44 385 41 193
53 465 35 183
52 389 38 198
56 490 41 180
46 394 38 209
51 403 43 179
56 399 41 183
47 397 37 195
47 400 38 189
49 418 39 183
49 406 37 193
49 390 37 200
52 396 43 186
57 423 36 183
51 439 37 186
49 411 46 183
57 486 37 181
46 401 40 185
51 422 36 187
45 408 40 185
51 441 35 184
47 409 39 186
57 388 42 183
53 468 40 181
50 458 38 183
50 458 38 183
49 411 46 183
48 412 39 184
57 391 40 188
47 400 38 189
47 400 38 189
49 390 37 200
48 397 43 186
57 423 36 183
47 400 38 189
53 407 42 179
51 441 35 184
46 400 37 195
48 412 39 184
49 411 46 183
47 400 38 189
53 468 40 181
53 465 35 183
57 423 36 183
56 399 41 183
49 411 46 183
49 391 40 189
47 400 38 189
57 423 36 183
51 441 35 184
49 411 46 183
49 411 46 183
49 411 46 183
49 411 46 183
49 411 46 183
49 411 46 183
49 411 46 183
49 411 46 183
47 400 38 189
47 400 38 189
47 397 37 195
65 582 47 177
63 516 34 187
52 417 50 184
44 380 41 203
44 380 41 203
63 516 34 187
65 531 39 183
57 410 44 185
65 582 47 177
50 458 38 184
55 457 42 182
49 391 37 200
49 419 40 189
52 448 43 181
59 408 43 179
55 432 36 191
47 395 41 194
47 382 44 201
53 429 40 183
47 386 44 196
50 426 38 192
54 451 44 179
51 441 35 185
50 396 44 190
59 408 43 179
50 421 46 183
48 413 39 194
54 439 36 187
51 423 36 200
51 422 39 184
46 390 39 195
50 423 42 183
54 418 43 180
45 392 44 195
52 442 35 184
48 401 43 192
54 433 36 190
51 403 41 192
50 396 44 190
50 421 46 183
49 391 37 200
46 415 43 192
47 386 44 196
45 392 44 195
51 403 41 192
54 418 43 180
48 413 39 194
54 418 43 180
50 412 43 185
54 418 43 180
54 418 43 180
65 582 47 177
65 582 47 177
65 582 47 177
63 516 34 187
63 516 34 187
54 418 43 180
54 418 43 180
54 418 43 180
54 418 43 180
54 418 43 180
68 521 34 187
67 590 47 177
53 419 50 185
46 400 40 210
44 380 41 204
44 380 41 204
63 412 43 179
51 465 35 185
56 451 40 183
46 394 43 202
60 431 40 184
54 443 36 193
46 401 39 199
52 432 45 189
49 399 43 201
51 441 38 188
51 426 38 194
46 400 40 210
44 380 41 204
50 432 46 183
50 417 40 196
54 420 43 180
53 431 39 192
52 436 44 187
46 398 44 195
50 432 46 183
52 422 40 195
51 418 41 192
54 420 43 180
53 458 35 184
51 444 35 187
53 396 39 201
53 399 39 196
44 380 41 204
52 450 43 183
53 399 39 196
44 380 41 204
44 380 41 204
46 400 40 210
44 380 41 204
44 380 41 204
66 533 43 180
63 502 49 179
58 424 53 181
53 460 35 184
44 383 41 204
44 383 41 204
44 383 41 204
52 454 39 189
58 462 46 182
55 445 36 199
53 467 44 183
58 425 48 184
48 394 43 202
53 402 40 198
48 400 44 195
62 434 43 184
56 409 41 197
51 440 42 193
47 402 39 199
51 429 41 196
56 427 41 193
57 446 39 194
63 431 43 183
44 383 41 204
47 402 39 199
67 494 36 187
61 532 35 184
60 465 35 193
50 428 40 200
48 413 44 195
56 481 41 185
55 421 39 200
57 479 38 190
53 449 39 200
60 528 35 186
58 473 39 186
57 467 36 192
53 485 38 184
70 559 39 187
60 501 39 193
58 444 48 201
57 493 40 185
54 450 41 200
54 488 41 195
61 475 40 188
59 525 39 192
66 486 41 186
59 483 40 194
68 563 39 198
63 486 60 191
60 454 57 203
58 497 43 210
57 516 40 185
55 458 44 202
62 475 47 200
65 487 44 196
59 489 42 194
57 490 44 198
63 492 41 197
61 496 40 197
71 555 40 189
62 534 51 185
60 501 46 200
64 522 41 189
64 514 43 195
61 505 42 196
63 530 41 193
71 551 47 193
65 509 54 207
64 539 41 196
66 517 50 195
77 641 43 196
72 593 41 202
56 462 32 164
54 444 47 162
47 344 32 167
44 363 34 175
46 371 37 172
44 386 39 166
51 379 35 165
47 399 44 163
50 352 44 166
55 425 37 163
49 437 37 163
56 462 32 164
56 462 32 164
56 462 32 164
59 441 33 169
58 482 32 164
54 446 47 162
54 446 47 162
50 362 38 189
49 352 41 172
45 377 45 186
53 470 35 168
52 448 33 175
45 377 45 186
46 364 34 180
50 427 38 169
47 389 34 175
48 407 44 163
45 397 39 166
54 415 32 177
51 384 39 165
56 439 33 173
45 382 35 181
49 394 34 171
55 417 35 167
45 378 37 178
46 381 37 172
56 439 33 173
55 389 36 165
45 377 45 186
48 407 44 163
54 446 47 162
50 387 36 174
45 382 35 181
48 407 44 163
48 407 44 163
49 386 35 177
49 386 35 177
56 439 33 173
56 439 33 173
54 446 47 162
54 446 47 162
54 446 47 162
54 446 47 162
54 446 47 162
54 446 47 162
54 446 47 162
54 446 47 162
49 386 35 177
48 407 44 163
56 466 34 173
54 416 32 177
50 359 41 176
49 412 44 163
45 384 45 186
45 378 37 194
45 378 37 194
52 389 40 169
54 416 32 177
46 374 39 180
48 412 39 166
55 459 34 174
51 385 42 173
50 373 38 185
54 427 36 171
49 439 37 171
55 399 37 169
54 443 38 169
51 385 42 173
49 394 34 175
50 364 38 189
49 405 36 174
47 380 38 183
46 400 36 185
46 377 37 190
50 359 41 176
49 403 44 167
47 380 38 183
50 395 35 174
48 400 35 175
47 380 38 183
50 393 35 178
49 392 43 172
47 400 37 173
48 384 37 177
50 364 38 189
49 392 43 172
50 364 38 189
55 419 35 167
50 392 37 172
55 419 35 167
55 419 35 167
49 405 36 174
49 394 34 175
46 400 36 185
50 392 37 172
48 384 37 177
46 377 37 190
55 419 35 167
50 392 37 172
47 380 38 183
46 377 37 190
55 419 35 167
55 419 35 167
55 419 35 167
51 385 42 173
50 392 37 172
50 364 38 189
50 364 38 189
49 394 34 175
49 394 34 175
48 384 37 177
48 384 37 177
47 380 38 183
47 380 38 183
46 394 37 183
46 394 37 183
46 377 37 190
63 532 34 176
57 442 47 163
56 471 51 164
55 454 33 177
50 366 38 189
46 383 42 187
46 380 38 195
59 504 36 169
53 463 34 180
61 431 37 172
53 414 47 167
46 382 37 190
52 413 36 174
46 380 38 195
53 408 46 168
46 377 39 188
49 394 35 175
46 395 39 184
59 427 41 167
48 385 38 183
56 397 35 174
57 465 36 171
59 492 37 167
49 405 43 172
54 444 47 165
55 479 37 172
50 422 44 167
50 388 40 182
51 422 40 172
51 420 45 167
46 380 38 195
56 419 37 173
54 391 41 176
55 476 39 166
50 425 42 172
58 447 36 170
58 447 36 170
54 416 34 177
54 415 43 170
55 421 43 169
46 383 42 187
46 383 42 187
53 408 40 173
48 403 40 176
46 380 38 195
58 443 39 170
48 403 40 176
48 390 37 177
51 420 45 167
54 416 34 177
46 383 42 187
55 479 37 172
50 416 38 173
46 400 37 183
50 416 38 173
46 400 37 183
46 400 37 183
50 425 42 172
46 380 38 195
55 421 43 169
54 444 40 169
48 390 37 177
46 383 42 187
54 416 34 177
54 416 34 177
54 416 34 177
54 416 34 177
54 416 34 177
54 416 34 177
54 416 34 177
54 416 34 177
46 400 37 183
46 383 42 187
46 383 42 187
46 383 42 187
46 383 42 187
46 380 38 195
46 380 38 195
46 380 38 195
46 380 38 195
46 380 38 195
46 380 38 195
46 380 38 195
46 380 38 195
46 380 38 195
46 380 38 195
46 380 38 195
46 380 38 195
46 380 38 195
46 380 38 195
46 380 38 195
46 380 38 195
46 380 38 195
46 380 38 195
46 380 38 195
46 380 38 195
46 380 38 195
62 480 45 167
61 487 47 163
61 432 55 171
56 520 39 166
55 436 34 177
51 366 38 189
46 382 37 194
59 465 53 164
58 447 36 172
56 443 48 170
50 378 38 189
61 425 37 173
52 459 45 172
53 446 40 173
47 386 37 191
51 409 35 179
56 426 41 174
46 381 41 191
50 400 38 183
49 439 38 178
55 446 41 170
54 445 48 171
53 394 37 175
47 400 39 189
48 387 44 187
49 395 42 187
49 402 35 180
48 403 37 190
51 421 44 176
48 418 39 185
50 412 46 173
51 456 35 175
47 392 41 188
52 412 35 176
46 395 43 186
54 442 41 173
52 415 39 175
56 436 54 167
50 412 46 173
49 395 42 187
46 395 43 186
52 397 36 187
52 404 36 177
52 397 36 187
56 435 35 174
51 421 44 176
56 436 54 167
56 429 38 173
51 409 35 179
52 410 35 177
48 401 39 187
48 401 39 187
46 395 43 186
52 397 36 187
50 412 46 173
47 400 39 189
46 395 43 186
69 566 53 164
69 566 53 164
68 516 57 167
60 474 34 178
47 384 40 194
46 386 38 195
49 390 46 190
63 500 57 168
59 524 55 169
62 465 43 171
62 545 40 169
63 481 41 170
54 443 45 173
65 532 34 177
56 496 34 186
55 469 44 170
55 421 46 174
48 394 37 192
51 419 39 181
58 395 37 179
57 400 42 187
54 413 42 175
49 390 46 190
52 411 38 177
51 430 39 180
50 408 37 182
65 532 34 177
51 391 41 191
57 476 36 174
57 459 35 175
59 469 39 174
55 456 41 172
50 440 36 180
56 496 34 186
59 472 40 172
47 400 37 193
55 451 42 172
60 474 34 178
56 412 37 180
47 384 40 194
46 386 38 195
53 418 35 182
52 419 35 179
51 404 35 184
57 448 35 177
52 417 37 176
50 408 35 183
50 408 35 183
56 470 38 174
52 417 37 176
51 404 35 184
53 418 35 182
50 408 35 183
57 471 39 173
53 407 38 179
52 417 37 176
50 408 35 183
52 417 37 176
50 408 35 183
50 408 35 183
50 408 35 183
64 498 41 170
63 523 36 177
61 470 52 170
58 486 35 178
46 387 38 196
55 397 40 192
58 474 44 170
52 419 50 176
49 392 41 194
53 432 37 180
59 422 35 184
54 456 37 179
62 469 43 174
54 409 41 182
51 413 39 195
54 412 35 187
56 464 35 179
62 484 37 175
52 411 36 186
57 473 41 173
53 422 39 178
55 487 41 173
53 427 36 182
57 418 43 178
50 418 37 182
53 415 38 183
52 431 38 176
50 428 35 183
50 418 36 186
50 428 35 183
50 418 36 186
52 429 36 182
52 431 38 176
50 418 36 186
50 418 36 186
50 418 36 186
74 613 47 171
64 475 49 171
55 444 36 190
49 411 41 195
61 498 37 178
57 492 42 173
61 494 47 172
51 421 44 185
52 462 48 176
50 429 37 185
56 427 43 180
52 459 36 183
50 423 39 182
56 462 38 176
54 417 40 185
54 460 39 176
54 435 39 179
54 459 39 178
78 605 36 188
69 539 44 175
52 434 39 191
52 434 40 182
63 478 38 184
54 495 39 176
55 436 38 187
56 460 39 176
71 578 38 186
64 517 40 176
61 437 39 188
60 489 38 188
60 460 46 186
56 439 44 199
60 514 42 179
59 467 39 181
60 487 44 176
56 461 39 187
82 619 40 186
70 554 46 177
67 497 50 180
67 468 39 187
61 482 39 190
56 463 44 187
63 507 41 182
64 519 47 180
64 483 43 185
62 523 44 186
73 594 43 183
71 560 39 188
65 515 41 193
59 490 45 187
68 519 40 192
63 507 44 184
66 496 43 190
66 515 42 184
64 514 44 183
64 519 43 192
71 575 51 191
