10 0.913732
60 445 35 170
57 484 32 179
52 410 41 169
50 374 43 174
49 411 34 190
43 361 41 185
43 350 40 186
58 460 32 178
48 380 39 174
55 483 33 173
46 398 37 172
55 422 40 170
49 411 34 190
54 449 34 178
46 398 37 172
44 383 35 177
55 477 34 175
43 362 40 182
47 383 35 172
45 365 35 175
45 362 40 181
49 411 34 190
44 364 40 181
49 411 34 190
46 398 37 172
45 362 40 181
45 362 40 181
49 411 34 190
49 411 34 190
49 411 34 190
49 411 34 190
49 411 34 190
46 398 37 172
46 398 37 172
45 362 40 181
63 530 39 170
61 524 32 179
59 499 45 170
49 411 34 194
43 369 41 185
43 361 40 186
46 387 38 193
49 431 36 174
60 514 32 183
56 485 35 173
48 407 37 173
57 497 34 178
56 505 33 178
52 394 38 174
51 435 35 174
58 485 42 171
47 368 35 175
57 475 44 171
62 452 38 171
44 391 35 186
58 471 44 171
61 524 32 179
49 400 43 174
60 450 39 171
45 371 39 182
45 377 39 175
60 450 39 171
44 396 38 185
44 365 40 181
58 461 34 180
49 400 43 174
43 369 41 185
44 403 35 182
45 371 39 182
60 450 39 171
58 461 34 180
44 365 40 181
44 365 40 181
62 452 38 171
58 461 34 180
47 368 35 175
60 460 34 180
47 368 35 175
45 371 39 182
43 369 41 185
58 461 34 180
44 365 40 181
57 475 44 171
62 452 38 171
61 524 32 179
60 450 39 171
60 450 39 171
60 450 39 171
60 450 39 171
57 475 44 171
57 475 44 171
57 475 44 171
57 475 44 171
45 371 39 182
45 371 39 182
44 365 40 181
44 365 40 181
44 365 40 181
44 365 40 181
44 365 40 181
44 365 40 181
43 369 41 185
43 369 41 185
66 453 45 173
65 555 39 170
65 555 39 170
61 543 32 179
46 398 36 192
44 366 40 181
43 375 41 185
52 397 37 188
50 434 35 177
46 398 36 192
45 407 42 178
49 403 43 175
61 505 45 170
56 421 37 174
44 396 38 186
61 528 33 180
62 531 40 172
60 465 44 173
47 373 43 180
55 491 35 174
58 468 34 183
62 469 42 173
53 459 43 174
43 375 41 185
60 482 42 173
63 497 40 171
59 485 44 171
61 543 32 179
47 400 35 186
48 412 35 179
56 403 41 174
62 525 42 171
63 454 45 173
57 503 34 178
46 385 39 176
56 434 36 174
46 385 39 176
47 403 38 178
47 401 35 183
61 543 32 179
46 398 36 192
65 555 39 170
65 555 39 170
57 503 34 178
59 495 35 173
48 412 35 179
65 555 39 170
59 485 44 171
47 401 35 183
44 401 38 185
55 491 35 174
47 403 38 178
43 375 41 185
65 555 39 170
59 485 44 171
57 503 34 178
57 503 34 178
55 491 35 174
46 397 38 185
46 385 39 176
43 375 41 185
55 491 35 174
55 491 35 174
57 503 34 178
46 398 36 192
46 397 38 185
65 555 39 170
65 555 39 170
65 555 39 170
65 555 39 170
65 555 39 170
65 555 39 170
65 555 39 170
65 555 39 170
65 555 39 170
61 543 32 179
59 485 44 171
59 485 44 171
59 485 44 171
59 485 44 171
57 503 34 178
55 491 35 174
55 491 35 174
55 491 35 174
55 491 35 174
55 491 35 174
55 491 35 174
55 491 35 174
55 491 35 174
55 491 35 174
55 491 35 174
55 491 35 174
55 491 35 174
55 491 35 174
55 491 35 174
55 491 35 174
55 491 35 174
55 491 35 174
55 491 35 174
55 491 35 174
55 491 35 174
55 491 35 174
55 491 35 174
48 412 35 179
48 412 35 179
47 401 35 183
46 398 36 192
46 398 36 192
46 398 36 192
46 398 36 192
46 398 36 192
46 398 36 192
46 397 38 185
46 385 39 176
46 385 39 176
43 375 41 185
43 375 41 185
74 511 37 173
67 530 33 182
61 561 40 173
61 510 45 171
50 417 47 176
47 400 36 192
44 368 40 181
44 368 40 181
67 530 33 182
47 420 35 186
47 376 43 180
63 452 41 175
62 508 44 171
57 433 42 174
47 428 37 183
52 437 35 180
51 415 43 176
59 518 34 179
63 474 35 178
59 518 34 179
58 495 35 174
53 454 36 177
51 418 39 177
65 555 39 172
50 443 35 183
47 407 36 185
57 482 36 174
55 491 38 175
64 467 36 175
48 393 39 181
62 543 39 173
47 420 38 184
57 501 35 174
44 401 38 186
64 507 40 172
51 418 39 177
44 401 38 186
63 515 34 184
48 406 35 184
47 385 40 177
66 457 45 173
66 457 45 173
66 457 45 173
64 507 40 172
61 536 34 178
55 417 35 179
53 395 40 176
67 530 33 182
64 467 36 175
52 400 38 186
61 536 34 178
59 518 34 179
64 468 39 174
53 395 40 176
64 468 39 174
51 418 39 177
44 401 38 186
64 468 39 174
64 468 39 174
61 536 34 178
53 395 40 176
51 418 39 177
51 418 39 177
71 501 47 173
69 522 46 171
62 568 40 173
61 538 34 178
45 405 39 197
45 368 40 188
44 373 40 181
64 559 43 172
52 424 36 192
55 437 36 179
48 419 38 185
51 461 38 183
58 483 42 174
55 480 35 184
59 512 39 174
58 457 36 177
46 420 39 196
46 371 40 181
54 458 37 178
51 419 39 177
48 412 38 186
47 384 43 180
54 400 40 176
47 401 39 190
60 491 35 180
57 492 35 182
59 459 35 182
60 498 35 175
58 483 42 174
47 387 40 177
60 496 39 175
67 538 34 180
59 487 44 174
55 430 47 176
47 402 39 190
47 371 40 184
45 373 40 181
60 524 38 176
62 486 35 183
61 501 37 175
64 468 42 176
49 418 40 180
46 372 40 186
52 416 39 186
49 389 43 180
55 423 45 177
56 453 46 176
61 492 42 174
52 469 40 177
56 458 37 182
54 436 43 178
54 442 39 180
57 479 37 178
58 482 36 179
52 425 47 179
47 403 43 180
54 458 38 181
58 474 39 178
55 463 37 179
58 459 43 176
59 487 44 174
59 487 44 174
59 487 44 174
59 487 44 174
59 487 44 174
59 487 44 174
59 487 44 174
59 487 44 174
59 487 44 174
68 493 42 175
67 510 45 174
61 567 39 175
59 512 36 181
58 441 48 176
49 425 39 195
46 377 40 184
45 379 40 182
50 415 39 190
64 494 44 175
53 464 39 189
61 521 40 176
62 462 47 178
52 406 40 181
55 464 38 180
56 476 37 181
51 416 43 180
60 483 38 178
56 450 39 183
58 506 37 178
60 467 39 179
62 499 36 179
62 499 36 179
62 488 40 177
58 459 39 180
51 421 40 180
67 531 40 176
65 552 36 181
62 491 49 177
47 405 40 188
47 380 43 182
45 385 41 182
55 409 40 183
56 446 40 180
49 415 40 182
58 515 47 179
59 489 39 187
63 514 39 186
57 520 38 181
59 512 40 179
62 516 39 178
66 515 37 181
69 560 38 182
68 548 41 176
65 580 39 181
61 532 38 184
60 519 48 179
57 438 40 187
49 400 44 183
46 402 41 185
59 464 47 181
57 489 46 180
65 467 42 180
61 494 40 184
58 478 43 181
58 490 42 183
66 484 43 180
61 556 38 185
61 546 40 191
56 489 48 184
50 427 41 185
62 542 40 186
66 513 51 182
62 508 44 191
60 474 45 192
60 452 46 188
69 580 49 188
63 482 45 192
63 482 45 192
63 486 45 192
66 492 45 192
70 536 49 193
60 441 33 173
57 444 35 171
49 433 32 175
47 384 33 184
43 358 37 178
41 358 35 183
41 358 35 183
44 392 36 181
53 426 33 183
49 407 35 178
47 405 35 181
47 385 37 174
52 428 33 177
44 391 37 177
41 358 35 183
41 358 35 183
52 428 33 177
52 428 33 177
52 428 33 177
52 428 33 177
52 428 33 177
52 428 33 177
52 428 33 177
52 428 33 177
52 428 33 177
52 428 33 177
52 428 33 177
52 428 33 177
41 358 35 183
41 358 35 183
41 358 35 183
68 573 35 172
59 459 45 171
57 482 32 180
49 418 33 184
46 358 42 180
41 360 35 183
64 523 35 173
45 378 40 179
52 392 41 174
46 377 38 181
58 436 37 175
64 523 35 173
53 438 34 182
46 384 37 178
50 396 39 177
65 469 34 174
48 407 37 177
48 409 34 184
56 431 38 174
56 472 33 180
64 466 33 175
42 359 35 183
51 430 36 179
47 397 38 177
50 419 36 182
50 419 36 182
56 472 33 180
58 444 33 177
56 435 35 182
52 434 36 178
51 449 35 182
41 360 35 183
41 360 35 183
51 417 33 184
64 523 35 173
50 419 36 182
41 360 35 183
41 360 35 183
52 449 35 180
50 419 36 182
49 418 33 184
56 472 33 180
41 360 35 183
51 433 33 183
64 523 35 173
64 523 35 173
64 523 35 173
64 523 35 173
64 523 35 173
64 523 35 173
64 523 35 173
64 523 35 173
50 419 36 182
50 419 36 182
49 418 33 184
49 418 33 184
49 418 33 184
41 360 35 183
41 360 35 183
41 360 35 183
41 360 35 183
41 360 35 183
41 360 35 183
41 360 35 183
70 531 36 175
59 520 32 184
59 461 45 171
43 365 35 183
59 461 45 171
47 388 42 182
63 450 39 175
57 487 35 180
65 476 34 176
66 473 37 176
55 470 35 181
53 421 39 177
46 408 37 179
54 450 41 174
49 417 41 177
54 446 36 179
52 431 36 181
50 422 33 184
59 497 36 178
47 397 37 178
46 393 39 178
61 457 33 177
54 450 41 174
54 450 41 174
50 430 36 182
54 468 34 182
54 454 33 183
50 396 37 180
61 457 33 177
61 457 33 177
50 430 36 182
52 431 36 181
48 422 37 177
47 397 37 178
47 397 37 178
47 397 37 178
61 457 33 177
47 397 37 178
54 450 41 174
50 430 36 182
50 430 36 182
47 397 37 178
54 450 41 174
54 454 33 183
47 397 37 178
61 457 33 177
61 457 33 177
59 461 45 171
59 461 45 171
59 461 45 171
59 461 45 171
59 461 45 171
54 454 33 183
54 450 41 174
54 450 41 174
54 450 41 174
54 450 41 174
50 430 36 182
50 430 36 182
47 397 37 178
47 397 37 178
47 397 37 178
47 397 37 178
47 397 37 178
47 397 37 178
47 397 37 178
47 397 37 178
47 397 37 178
47 397 37 178
47 397 37 178
47 397 37 178
47 397 37 178
47 397 37 178
47 397 37 178
47 397 37 178
47 397 37 178
47 397 37 178
47 397 37 178
47 397 37 178
47 397 37 178
47 397 37 178
47 397 37 178
65 478 34 176
61 462 33 177
60 490 33 183
59 455 41 174
52 389 42 183
48 369 40 184
44 374 41 187
50 425 33 184
49 417 35 184
48 425 36 185
47 400 37 178
46 404 36 186
53 442 35 183
55 471 35 181
47 397 40 178
55 475 36 179
63 450 42 174
57 471 36 180
46 393 39 180
46 393 39 180
55 462 36 181
65 478 34 176
65 478 34 176
61 457 33 178
47 402 36 186
65 478 34 176
63 450 42 174
63 450 42 174
46 393 39 180
57 476 41 174
54 455 34 183
65 478 34 176
46 393 39 180
65 478 34 176
65 478 34 176
65 478 34 176
65 478 34 176
65 478 34 176
65 478 34 176
65 478 34 176
65 478 34 176
65 478 34 176
65 478 34 176
65 478 34 176
65 478 34 176
65 478 34 176
65 478 34 176
65 478 34 176
46 393 39 180
46 393 39 180
46 393 39 180
46 393 39 180
46 393 39 180
65 483 34 176
60 519 41 174
51 431 33 188
49 388 43 210
46 397 39 183
56 486 35 181
49 390 43 205
47 404 37 189
59 469 42 176
56 477 36 180
64 465 33 177
52 401 38 182
51 432 33 184
51 426 34 185
50 454 34 184
47 409 37 178
50 395 40 208
46 394 42 186
48 406 36 186
49 400 41 179
50 395 40 208
49 390 43 205
49 402 37 178
47 406 38 185
46 405 39 180
47 398 39 180
51 431 33 188
51 431 33 188
47 401 40 178
51 431 33 188
50 395 40 208
50 395 40 208
49 390 43 205
49 390 43 205
72 486 33 177
68 586 33 178
66 478 42 176
51 433 33 184
50 402 45 181
49 390 43 208
47 414 41 184
51 430 34 186
65 515 34 179
58 488 35 181
69 566 33 179
49 397 40 200
63 477 42 177
59 483 36 183
49 397 40 200
48 404 39 181
51 441 37 178
50 402 45 181
49 427 37 181
53 408 38 182
52 434 37 178
53 408 38 182
50 412 37 179
53 408 38 182
51 433 33 184
51 433 33 184
51 433 33 184
51 433 33 184
50 402 45 181
51 433 33 184
51 433 33 184
51 433 33 184
51 433 33 184
51 433 33 184
51 433 33 184
51 433 33 184
51 433 33 184
51 433 33 184
51 433 33 184
51 433 33 184
51 433 33 184
51 433 33 184
51 433 33 184
50 402 45 181
50 402 45 181
49 397 40 200
60 508 35 182
53 437 37 178
51 434 33 184
50 399 40 208
49 405 45 182
47 420 44 201
56 404 41 181
51 403 43 207
49 426 40 183
50 414 41 180
51 425 38 179
52 425 37 180
51 425 38 179
53 411 38 182
50 412 37 181
49 408 45 181
50 407 45 181
49 408 45 181
51 425 38 179
49 408 45 181
62 473 37 181
60 514 36 183
56 411 38 182
55 418 43 205
53 449 40 178
53 437 33 184
50 421 38 181
50 416 48 180
52 419 37 186
60 514 36 183
53 431 46 179
55 474 37 180
51 441 33 184
51 458 37 182
56 415 41 180
52 426 39 180
52 437 38 179
56 413 41 181
56 413 41 181
56 413 41 181
55 474 37 180
63 502 37 180
57 503 37 181
55 423 42 188
53 452 40 178
52 445 46 180
51 445 33 184
51 444 33 188
50 438 41 181
54 454 38 183
51 435 38 184
56 433 45 181
52 432 41 182
54 441 40 183
51 444 33 188
53 449 40 179
55 444 38 179
50 438 41 181
59 478 38 181
56 471 40 178
55 481 38 179
52 452 33 184
52 436 40 184
51 440 38 186
50 443 41 181
57 474 38 183
53 451 40 179
62 461 44 179
59 509 38 179
59 444 50 183
57 492 40 178
54 463 33 184
54 442 49 187
51 444 38 188
57 455 41 180
53 468 40 180
66 513 40 178
63 543 42 178
57 451 44 188
56 473 46 180
55 465 33 189
60 510 38 181
56 465 33 184
58 475 40 183
64 522 41 178
64 494 44 180
59 470 42 181
57 500 40 179
72 568 54 180
71 581 59 178
57 468 33 184
56 473 46 182
63 526 38 182
60 481 42 183
59 510 41 183
79 659 39 183
63 510 33 184
59 469 48 184
59 469 48 184
58 489 46 182
58 485 35 185
62 520 42 184
67 497 43 184
59 469 48 184
68 552 34 185
66 497 43 197
65 515 35 184
61 537 46 186
63 526 39 186
64 548 38 184
69 577 37 184
69 566 49 184
65 580 40 184
65 531 43 189
60 486 32 186
57 400 44 180
55 467 43 173
48 416 34 192
37 344 35 181
57 434 38 174
51 409 41 180
53 414 33 175
47 404 43 179
48 424 35 179
50 426 34 188
50 426 34 188
47 404 43 179
50 426 34 188
47 404 43 179
64 540 37 177
58 439 33 185
45 373 36 197
45 357 44 182
42 388 37 183
62 519 39 178
56 473 34 179
58 433 38 180
45 395 35 183
53 444 39 179
50 384 37 190
44 358 43 184
50 376 37 192
48 366 40 193
44 376 36 196
47 375 41 183
54 444 40 178
50 435 43 179
49 372 41 189
49 372 41 189
46 366 41 194
54 437 34 189
42 388 37 183
45 373 36 197
42 390 37 181
58 439 33 185
46 366 41 194
58 439 33 185
45 373 36 197
58 439 33 185
49 372 41 189
42 388 37 183
58 439 33 185
58 439 33 185
58 439 33 185
58 439 33 185
58 439 33 185
58 439 33 185
58 439 33 185
58 439 33 185
58 439 33 185
58 439 33 185
58 439 33 185
58 439 33 185
58 439 33 185
58 439 33 185
58 439 33 185
58 439 33 185
58 439 33 185
58 439 33 185
58 439 33 185
58 439 33 185
58 439 33 185
45 373 36 197
64 558 40 177
58 446 33 185
49 388 36 199
45 359 44 182
43 404 43 195
60 500 43 178
45 406 43 190
57 486 34 193
56 476 39 179
54 450 37 182
54 459 44 180
51 464 35 183
61 453 38 180
47 395 39 192
47 399 35 185
44 412 37 183
47 394 42 195
46 408 35 184
44 412 37 183
50 385 38 198
48 399 40 181
50 398 41 182
46 394 38 197
48 373 41 194
61 453 38 180
57 474 41 180
47 399 35 185
47 394 42 195
48 373 41 194
47 394 42 195
46 400 36 193
50 398 41 182
46 400 36 193
48 388 38 183
45 359 44 182
50 385 38 198
48 373 41 194
47 394 42 195
50 385 38 198
48 373 41 194
46 394 38 197
46 400 36 193
50 398 41 182
46 400 36 193
48 388 38 183
48 373 41 194
48 373 41 194
48 373 41 194
48 373 41 194
48 373 41 194
48 373 41 194
48 373 41 194
47 399 35 185
47 394 42 195
45 359 44 182
63 521 47 178
60 452 33 185
49 391 36 199
49 367 44 182
43 410 43 198
56 512 39 182
46 406 36 193
47 399 35 186
48 378 41 194
49 396 38 190
62 471 38 180
48 420 37 183
47 395 41 196
47 395 42 194
60 500 43 179
43 410 43 198
50 440 35 184
54 464 44 180
50 440 35 184
43 416 43 195
60 500 43 179
46 417 37 184
54 459 40 182
53 468 35 183
59 476 39 182
48 397 39 191
59 476 39 182
49 391 36 199
53 468 35 183
53 456 41 181
61 453 38 182
54 459 40 182
43 410 43 198
59 476 39 182
53 468 35 183
59 476 39 182
53 468 35 183
49 391 36 199
54 459 40 182
49 391 36 199
53 468 35 183
43 410 43 198
60 500 43 179
59 476 39 182
54 459 40 182
53 468 35 183
53 468 35 183
53 468 35 183
53 468 35 183
53 468 35 183
53 468 35 183
53 468 35 183
53 468 35 183
53 468 35 183
53 468 35 183
53 468 35 183
53 468 35 183
53 468 35 183
50 440 35 184
49 391 36 199
49 391 36 199
49 391 36 199
43 410 43 198
76 639 38 180
68 561 53 178
66 491 33 185
52 389 47 194
45 416 43 198
76 639 38 180
68 561 53 178
54 468 40 182
49 437 39 189
57 470 43 181
50 441 35 184
61 503 43 179
60 500 43 180
47 412 42 192
61 496 34 186
50 416 45 185
53 482 35 183
47 399 42 195
46 409 41 197
48 415 39 192
63 534 38 182
50 420 37 187
62 487 39 181
63 534 38 182
50 402 38 188
46 409 41 197
52 431 42 184
49 397 42 198
52 400 37 193
46 425 43 193
63 534 38 182
47 438 42 184
52 427 37 186
56 392 44 182
56 392 44 182
53 439 37 183
53 436 37 184
47 421 41 187
53 436 37 184
68 561 53 178
56 392 44 182
56 392 44 182
56 392 44 182
47 402 35 193
47 421 41 187
56 392 44 182
53 439 37 183
52 400 37 193
68 561 53 178
68 561 53 178
68 561 53 178
68 561 53 178
63 534 38 182
63 534 38 182
56 392 44 182
56 392 44 182
56 392 44 182
56 392 44 182
52 400 37 193
47 421 41 187
46 409 41 197
46 409 41 197
46 409 41 197
46 409 41 197
71 570 56 178
66 526 33 187
65 593 44 180
56 394 44 182
46 421 45 206
45 423 43 198
55 474 46 182
63 496 34 186
57 489 43 181
68 504 33 185
65 540 39 182
46 421 45 206
66 526 33 187
54 458 35 184
52 430 37 191
47 402 36 194
47 414 42 192
53 427 40 189
50 428 38 190
51 450 38 185
47 402 36 194
52 445 35 185
55 491 35 183
50 414 37 193
48 418 36 193
57 491 40 182
56 436 38 185
53 475 35 184
49 417 36 193
47 414 42 192
47 402 36 194
53 447 38 183
54 446 37 183
53 440 38 187
54 446 37 183
53 475 35 184
57 491 40 182
57 491 40 182
66 526 33 187
66 526 33 187
66 526 33 187
66 526 33 187
57 491 40 182
57 491 40 182
57 491 40 182
57 491 40 182
47 402 36 194
47 402 36 194
68 538 34 185
62 544 44 181
61 505 49 181
50 412 38 200
47 404 41 198
47 403 42 195
68 538 34 185
56 446 40 190
53 430 47 192
48 444 48 194
53 456 45 186
55 482 35 186
47 414 36 196
56 462 37 183
56 408 44 182
57 496 35 185
61 505 49 181
53 466 35 188
59 441 43 185
50 437 42 194
58 450 38 188
52 463 41 187
50 442 42 191
51 408 36 199
53 452 35 195
58 459 36 187
51 418 36 193
59 496 35 183
54 464 37 183
52 404 37 195
51 418 36 193
58 450 37 192
59 496 35 183
55 410 36 194
51 418 36 193
54 458 38 187
53 466 35 188
58 459 36 187
51 418 36 193
51 418 36 193
51 418 36 193
51 418 36 193
51 418 36 193
81 668 34 185
62 518 35 183
53 406 44 199
51 463 48 194
49 419 42 198
68 538 34 187
59 491 35 188
55 454 42 192
58 467 40 184
55 503 39 184
51 432 36 195
54 489 43 192
49 412 43 195
56 458 35 196
55 443 41 194
56 462 38 188
56 490 37 186
57 474 37 183
59 469 37 184
56 458 35 196
56 466 36 193
55 436 42 193
53 444 42 194
56 458 35 196
71 538 36 183
62 556 35 186
53 429 45 198
49 446 43 195
63 533 38 183
58 497 42 184
57 459 41 194
55 461 42 192
60 469 38 188
57 489 40 185
51 446 38 195
52 446 36 197
57 474 37 191
59 477 37 185
60 494 35 188
57 474 39 186
58 538 37 187
56 496 37 192
74 563 38 186
66 573 38 184
66 521 35 191
60 481 44 193
59 463 43 200
53 474 39 195
54 465 41 196
67 515 37 191
68 565 39 185
61 526 42 189
63 542 38 196
68 536 42 188
64 527 43 184
65 543 42 184
66 558 41 184
66 522 37 189
77 648 35 193
68 591 38 185
60 482 46 195
55 470 41 198
66 545 42 189
64 576 44 186
76 583 39 195
56 499 39 197
66 522 40 194
60 536 43 196
64 538 40 196
67 498 44 193
69 591 43 185
69 582 48 195
68 604 40 195
63 503 40 198
60 507 41 202
57 508 39 197
56 515 39 197
57 508 39 197
61 530 40 198
64 553 47 202
62 541 53 200
61 556 42 199
60 458 39 165
55 483 38 166
55 449 41 165
47 377 33 176
42 385 38 189
41 334 39 167
41 334 39 167
46 400 36 181
55 425 34 171
57 478 38 169
48 379 36 171
45 363 37 172
47 355 37 173
47 377 33 176
47 377 33 176
47 377 33 176
47 355 37 173
47 377 33 176
41 334 39 167
47 377 33 176
47 377 33 176
47 377 33 176
47 377 33 176
47 377 33 176
47 377 33 176
47 355 37 173
47 355 37 173
47 355 37 173
64 562 33 182
56 493 43 166
45 385 38 201
43 362 41 184
64 562 33 182
59 459 35 174
45 399 37 186
45 396 37 200
57 457 39 167
46 369 42 174
53 405 40 170
48 366 37 172
50 421 36 175
50 377 35 178
43 362 41 184
53 405 40 170
45 385 38 201
47 391 34 176
47 380 38 178
51 412 37 171
50 431 33 185
43 371 39 183
47 391 34 176
45 399 37 186
50 431 33 185
50 377 35 178
45 399 37 186
52 404 36 174
57 394 37 171
43 374 39 177
47 391 34 176
52 413 33 184
52 404 36 174
52 404 36 174
43 371 39 183
52 404 36 174
45 399 37 186
50 377 35 178
50 377 35 178
47 391 34 176
45 399 37 186
45 399 37 186
45 399 37 186
45 399 37 186
45 385 38 201
45 385 38 201
70 488 41 169
67 506 49 166
60 533 43 168
52 367 46 181
47 397 34 176
43 384 39 191
54 447 46 170
59 500 38 171
61 526 43 166
48 372 37 187
60 480 35 175
44 407 39 182
60 528 44 166
60 507 43 169
50 382 38 177
52 428 36 174
51 422 41 175
48 381 38 178
46 397 40 186
46 412 39 181
43 378 41 187
45 380 42 181
47 377 41 183
53 379 35 185
52 367 46 181
60 480 35 175
49 376 39 176
60 533 43 168
46 397 40 186
49 382 42 173
47 377 41 183
60 533 43 168
52 371 37 172
60 480 35 175
52 428 36 174
49 382 42 173
46 368 41 184
46 370 42 174
52 428 36 174
52 371 37 172
52 371 37 172
49 382 42 173
46 368 41 184
60 533 43 168
53 382 35 183
52 371 37 172
52 371 37 172
52 428 36 174
60 533 43 168
52 371 37 172
46 370 42 174
46 368 41 184
60 533 43 168
60 533 43 168
60 533 43 168
60 533 43 168
60 533 43 168
60 533 43 168
60 533 43 168
60 533 43 168
60 533 43 168
60 533 43 168
60 480 35 175
60 480 35 175
60 480 35 175
60 480 35 175
52 428 36 174
52 428 36 174
52 428 36 174
52 371 37 172
52 371 37 172
52 371 37 172
52 371 37 172
52 371 37 172
52 371 37 172
52 371 37 172
52 371 37 172
52 371 37 172
52 371 37 172
52 371 37 172
52 367 46 181
52 367 46 181
52 367 46 181
52 367 46 181
49 382 42 173
49 382 42 173
49 382 42 173
49 382 42 173
46 397 40 186
46 397 40 186
46 397 40 186
46 370 42 174
46 368 41 184
46 368 41 184
46 368 41 184
46 368 41 184
68 508 49 166
62 555 43 168
53 451 34 179
48 390 38 202
46 368 41 185
44 408 39 182
68 508 49 166
49 381 45 183
56 394 35 183
52 388 37 190
53 429 34 195
46 370 41 184
48 390 40 200
54 437 36 174
55 416 34 176
49 385 42 173
49 439 35 181
52 394 37 172
47 405 38 199
48 395 38 179
47 405 43 175
48 431 36 177
51 423 37 177
44 408 39 182
52 410 35 181
50 383 38 177
48 390 38 202
50 435 36 176
53 388 35 185
47 407 39 181
51 412 35 182
44 408 39 182
47 428 36 182
68 508 49 166
47 407 39 181
47 421 37 182
44 408 39 182
68 508 49 166
68 508 49 166
68 508 49 166
47 407 39 181
44 408 39 182
44 408 39 182
44 408 39 182
58 501 34 179
53 403 40 172
49 389 42 173
47 405 38 204
47 370 41 184
46 411 39 183
55 443 34 195
50 384 38 177
53 451 35 180
48 401 39 200
54 441 36 174
53 480 39 176
51 418 35 185
46 401 41 202
47 421 37 188
55 399 40 176
47 421 37 188
57 490 34 182
56 394 41 176
51 415 36 182
52 402 37 179
47 405 38 204
46 413 39 182
52 434 36 179
57 429 39 174
49 429 36 182
58 416 39 175
52 400 40 175
47 411 41 181
57 445 35 177
53 445 35 182
46 411 39 183
49 402 39 183
52 402 37 179
67 512 35 177
66 532 34 185
55 425 41 172
50 384 38 178
49 405 49 189
48 402 39 200
46 419 39 182
48 392 43 198
63 500 35 178
57 463 34 196
61 528 35 179
57 463 34 196
54 448 36 174
51 426 35 188
61 442 36 174
53 462 35 182
52 416 37 186
51 391 42 173
48 411 40 186
53 439 40 174
50 386 38 177
48 402 39 200
52 421 35 185
55 446 36 174
50 408 42 174
55 425 41 172
47 414 39 185
67 512 35 177
68 525 35 177
55 426 41 172
53 384 43 179
52 384 38 194
47 444 39 182
55 458 36 174
65 496 35 183
57 449 35 185
61 433 37 189
52 413 42 173
55 426 35 190
53 454 40 176
48 419 39 182
52 411 43 176
62 442 37 177
54 441 41 176
50 389 38 177
61 518 35 183
61 433 37 189
61 518 35 183
50 389 38 177
50 389 38 177
50 389 38 177
50 389 38 177
61 433 37 189
61 433 37 189
50 389 38 177
50 389 38 177
50 389 38 177
50 389 38 177
50 389 38 177
50 389 38 177
50 389 38 177
50 389 38 177
50 389 38 177
50 389 38 177
74 596 35 180
61 505 35 186
58 486 42 172
55 418 45 173
50 394 38 177
48 429 39 183
49 434 41 182
56 472 37 186
59 471 36 174
52 426 44 175
48 429 39 183
59 457 41 172
48 429 39 183
55 466 38 175
61 505 35 186
52 458 42 176
53 429 42 176
58 472 41 173
57 419 44 173
57 419 44 173
48 429 39 183
57 419 44 173
62 479 42 176
60 485 36 174
59 482 41 172
58 478 37 187
54 467 44 176
50 394 38 179
50 403 38 177
57 422 44 173
55 434 44 176
57 481 40 176
59 482 41 172
59 482 41 172
59 482 41 172
71 479 37 188
68 563 36 176
63 502 45 172
57 427 45 175
54 397 38 208
50 407 40 186
51 403 43 178
56 443 39 177
50 420 38 204
59 523 43 173
60 507 36 184
59 438 44 173
50 407 40 186
62 504 37 175
50 428 39 182
59 468 38 177
50 415 40 184
51 404 38 183
51 419 38 179
51 406 43 177
50 420 38 204
50 420 38 204
50 407 40 186
50 436 40 178
50 420 38 204
51 403 43 178
50 407 40 186
65 472 38 178
64 487 44 173
55 418 45 177
53 428 39 200
52 405 44 190
50 412 40 188
53 432 39 182
61 430 43 177
55 429 39 199
57 475 40 177
56 430 41 181
53 446 43 178
59 466 39 178
59 455 44 176
51 457 39 180
52 454 41 179
59 438 43 177
53 449 38 180
53 443 40 179
53 445 38 181
56 441 38 179
62 467 38 179
59 501 39 178
57 445 38 183
53 447 44 178
52 420 41 200
51 418 42 197
50 442 41 190
53 459 39 182
53 438 40 187
60 488 40 178
57 484 38 179
60 478 40 180
53 446 41 179
53 445 41 185
62 493 39 188
61 496 38 197
58 464 41 179
56 476 41 180
53 455 40 188
69 602 41 185
61 518 38 204
58 466 43 180
54 463 42 188
59 510 40 191
69 494 46 183
60 513 41 203
56 475 44 189
62 496 42 193
58 505 44 189
69 580 34 168
63 466 32 177
50 413 48 163
47 352 38 184
47 352 38 184
42 355 41 177
56 476 37 168
55 455 36 172
63 466 32 177
48 388 44 167
46 390 44 168
49 378 35 175
50 413 48 163
50 423 34 176
47 403 41 171
47 366 36 180
44 391 40 173
48 409 40 164
46 381 37 182
50 413 48 163
45 407 37 174
47 366 36 180
47 394 44 165
47 403 41 171
47 352 38 184
44 366 38 183
45 394 44 167
44 378 41 173
46 386 37 177
44 372 38 176
48 365 34 177
44 366 38 183
48 387 37 172
48 383 41 172
47 403 41 171
47 352 38 184
47 352 38 184
46 415 37 172
63 466 32 177
63 466 32 177
50 413 48 163
50 413 48 163
47 403 41 171
47 403 41 171
47 366 36 180
67 542 37 169
63 473 32 177
53 474 44 166
50 411 48 168
48 356 38 184
44 374 41 182
58 457 40 170
51 405 34 180
56 449 41 171
55 392 44 171
50 418 45 167
48 400 46 170
49 397 48 169
50 433 34 178
49 393 37 173
49 377 43 177
50 423 36 179
46 379 41 174
57 391 40 172
49 421 35 182
58 457 40 170
45 388 38 183
49 377 43 177
45 368 41 182
50 423 36 179
44 374 41 182
48 356 38 184
48 369 37 178
53 417 36 176
45 408 37 180
44 374 41 182
53 417 36 176
47 411 37 179
46 379 41 174
53 417 36 176
49 415 48 168
46 390 37 180
48 356 38 184
48 400 46 170
45 408 37 180
48 400 37 172
53 417 36 176
48 369 37 178
44 374 41 182
49 377 43 177
45 408 37 180
50 433 34 178
46 385 37 182
50 433 34 178
50 423 36 179
46 379 41 174
45 408 37 180
44 374 41 182
50 401 44 170
48 369 37 178
44 374 41 182
45 412 37 176
46 410 38 177
45 408 37 180
53 417 36 176
58 457 40 170
53 417 36 176
53 417 36 176
53 417 36 176
53 417 36 176
53 417 36 176
50 433 34 178
50 433 34 178
50 433 34 178
50 423 36 179
50 423 36 179
48 369 37 178
48 369 37 178
48 369 37 178
48 369 37 178
48 369 37 178
48 369 37 178
48 369 37 178
48 356 38 184
46 379 41 174
46 379 41 174
46 379 41 174
46 379 41 174
46 379 41 174
46 379 41 174
45 408 37 180
45 408 37 180
45 408 37 180
45 408 37 180
45 408 37 180
45 408 37 180
45 408 37 180
45 408 37 180
45 408 37 180
45 408 37 180
45 408 37 180
45 408 37 180
45 408 37 180
45 408 37 180
44 374 41 182
44 374 41 182
44 374 41 182
44 374 41 182
44 374 41 182
44 374 41 182
44 374 41 182
72 599 36 176
62 493 34 179
53 464 48 167
49 408 48 171
48 369 37 179
47 405 39 191
44 375 41 183
61 473 34 180
57 451 35 179
56 485 35 178
48 416 46 170
46 415 38 176
55 458 45 170
46 380 41 174
49 416 48 168
54 435 36 179
55 396 44 171
51 424 37 172
53 419 40 173
55 396 44 171
54 408 39 173
60 397 40 172
60 397 40 172
49 410 48 169
50 403 37 174
47 410 37 180
52 406 36 180
50 403 37 174
51 397 37 174
50 415 48 168
60 461 44 170
50 403 37 174
55 396 44 171
51 397 37 174
51 397 37 174
51 397 37 174
60 397 40 172
60 397 40 172
60 397 40 172
60 397 40 172
60 397 40 172
51 397 37 174
51 397 37 174
51 397 37 174
51 397 37 174
51 397 37 174
51 397 37 174
51 397 37 174
74 613 36 177
70 572 34 180
49 427 48 168
49 415 48 169
48 375 37 181
44 378 41 183
56 509 44 171
70 572 34 180
59 408 45 171
47 391 41 174
57 485 37 172
63 471 35 181
51 421 37 176
59 457 39 173
74 595 36 178
52 410 40 178
63 471 35 181
51 401 38 179
55 468 36 179
49 415 48 169
50 430 37 180
49 380 43 177
59 457 39 173
53 412 36 182
46 414 43 180
53 425 41 173
74 613 36 177
49 415 48 169
49 388 38 180
49 427 48 168
74 595 36 178
74 595 36 178
49 415 48 169
50 414 48 169
50 414 48 169
49 415 48 169
49 415 48 169
49 415 48 169
53 414 37 178
49 415 48 169
74 595 36 178
74 595 36 178
63 471 35 181
49 427 48 168
49 427 48 168
49 427 48 168
49 415 48 169
49 415 48 169
49 415 48 169
49 415 48 169
49 415 48 169
49 415 48 169
49 415 48 169
49 415 48 169
49 415 48 169
49 415 48 169
49 415 48 169
49 415 48 169
49 415 48 169
49 415 48 169
49 415 48 169
49 415 48 169
49 415 48 169
49 415 48 169
49 415 48 169
49 415 48 169
49 415 48 169
49 415 48 169
49 415 48 169
49 415 48 169
49 415 48 169
49 415 48 169
49 415 48 169
49 415 48 169
49 415 48 169
49 415 48 169
49 415 48 169
49 415 48 169
49 415 48 169
49 415 48 169
49 415 48 169
49 415 48 169
74 607 36 178
50 437 48 168
50 377 43 183
49 418 48 169
46 413 41 204
45 380 42 189
66 545 45 171
70 607 43 172
62 504 46 171
50 379 40 193
61 490 40 173
67 503 37 175
52 423 37 176
57 380 40 186
60 516 44 172
55 460 41 174
47 393 41 182
65 506 38 175
51 416 39 182
56 418 41 174
48 424 40 181
54 430 36 183
50 395 44 180
60 416 38 178
58 428 42 173
58 458 41 173
48 378 43 183
51 386 38 184
51 386 38 184
50 379 40 193
60 516 44 172
50 377 43 183
53 399 38 182
48 400 41 175
57 398 41 174
50 377 43 183
48 399 41 178
60 516 44 172
50 377 43 183
64 495 36 186
63 507 44 173
52 442 51 168
45 386 42 201
45 386 42 201
62 505 46 173
52 422 40 187
56 406 42 195
47 404 43 186
58 480 37 176
49 422 48 169
54 388 45 186
59 455 37 178
53 461 37 178
49 422 48 169
57 427 40 177
49 414 41 185
56 436 41 174
56 452 37 180
55 407 41 177
58 440 37 180
52 431 39 183
54 422 38 184
56 442 38 176
55 458 37 181
52 432 39 176
55 413 42 176
75 598 40 176
62 470 52 168
56 482 37 178
49 405 42 207
46 410 46 201
66 515 45 173
50 428 48 169
49 431 42 189
58 412 41 187
49 443 46 185
56 459 39 184
56 475 45 175
53 451 41 176
57 458 37 180
61 467 41 174
57 482 39 177
63 464 45 174
51 429 41 188
48 411 42 202
54 433 41 176
49 407 42 203
49 405 42 207
54 473 38 178
54 472 40 178
54 473 38 178
57 463 37 179
54 469 37 180
57 469 41 175
67 539 40 178
64 546 52 168
56 474 40 186
54 482 37 180
50 428 48 171
60 487 44 175
58 462 39 183
59 440 42 176
51 440 48 170
61 472 41 176
52 431 48 169
57 475 38 181
54 434 41 178
57 479 38 179
72 540 40 178
71 595 40 178
61 487 37 183
56 470 48 169
55 489 48 169
55 487 39 187
50 429 48 171
54 469 45 182
62 490 41 178
59 515 37 181
57 469 43 181
54 476 41 183
55 433 48 170
58 475 39 183
59 495 39 181
63 530 37 182
57 478 48 169
52 431 48 201
54 477 41 183
59 503 39 183
55 439 48 171
67 559 38 185
60 526 43 196
58 484 48 169
55 461 48 177
55 485 46 188
64 489 41 184
64 489 41 184
64 489 41 184
70 579 43 188
58 496 48 169
66 500 44 184
69 580 51 171
68 521 52 169
61 500 57 180
