5681 166.375
34 229 32 145
33 239 33 140
31 246 26 150
29 238 29 143
28 236 28 144
29 241 27 145
29 228 29 147
28 227 28 148
29 234 29 144
30 230 27 148
32 240 31 141
32 240 30 142
34 230 32 143
34 231 33 142
29 234 29 144
28 236 28 144
31 240 31 142
28 233 28 145
33 239 33 140
34 230 32 143
30 230 27 148
30 238 27 145
32 240 31 141
28 227 28 148
29 238 29 143
32 232 32 145
31 246 26 150
34 231 33 142
31 240 31 142
29 241 27 145
28 236 28 144
29 234 29 144
28 233 28 145
29 238 29 143
28 227 28 148
31 246 26 150
34 231 33 142
34 230 32 143
32 240 31 141
34 229 32 145
30 230 27 148
33 239 33 140
30 230 27 148
31 230 31 146
29 238 29 143
32 240 31 141
29 241 27 145
34 230 32 143
31 240 31 142
28 236 28 144
28 233 28 145
33 239 33 140
34 229 32 145
31 246 26 150
28 227 28 148
34 231 33 142
29 238 29 143
34 230 32 143
30 230 27 148
28 236 28 144
34 231 33 142
29 234 29 144
29 241 27 145
28 227 28 148
31 240 31 142
33 239 33 140
32 240 31 141
29 228 29 147
34 229 32 145
31 246 26 150
34 229 32 145
30 230 27 148
29 238 29 143
32 240 31 141
29 234 29 144
34 231 33 142
31 246 26 150
33 239 33 140
31 236 31 143
36 234 31 143
28 233 28 145
29 241 27 145
28 232 28 147
28 236 28 144
32 240 31 141
31 246 26 150
36 234 31 143
28 236 28 144
29 238 29 143
34 231 33 142
29 234 29 144
33 239 33 140
34 229 32 145
28 227 28 148
29 234 27 148
29 241 27 145
29 228 29 147
31 240 31 142
28 236 28 144
29 241 27 145
31 240 31 142
32 240 31 141
28 233 28 145
34 231 33 142
34 230 32 143
28 227 28 148
31 246 26 150
33 239 33 140
34 229 32 145
29 234 29 144
30 230 27 148
29 238 29 143
34 229 32 145
33 239 33 140
28 227 28 148
28 233 28 145
29 241 27 145
30 230 27 148
32 240 31 141
29 234 29 144
28 236 28 144
34 230 32 143
31 246 26 150
29 238 29 143
31 240 31 142
34 231 33 142
34 231 33 142
34 229 32 145
29 238 29 143
33 239 33 140
31 240 31 142
30 230 27 148
29 228 29 147
32 240 31 141
28 227 28 148
29 241 27 145
28 236 28 144
29 234 29 144
34 235 31 143
31 246 26 150
34 231 33 142
29 238 29 143
29 234 29 144
30 238 27 145
28 236 28 144
34 229 32 145
32 240 31 141
28 233 28 145
28 227 28 148
34 230 32 143
31 246 26 150
33 239 33 140
30 230 27 148
31 236 31 143
29 241 27 145
34 231 33 142
29 238 29 143
31 240 31 142
34 229 32 145
33 239 33 140
28 236 28 144
34 230 32 143
31 246 26 150
29 234 29 144
28 233 28 145
28 227 28 148
32 240 31 141
30 230 27 148
33 239 33 140
36 234 31 143
28 236 28 144
29 241 27 145
32 240 31 141
34 231 33 142
30 230 27 148
31 246 26 150
28 227 28 148
29 238 29 143
29 228 29 147
29 234 29 144
31 240 31 142
34 229 32 145
30 230 27 148
31 240 31 142
34 229 32 145
30 238 27 145
28 236 28 144
28 227 28 148
28 233 28 145
29 234 29 144
34 230 32 143
34 231 33 142
32 240 31 141
33 239 33 140
31 246 26 150
29 238 29 143
29 241 27 145
31 240 31 142
34 231 33 142
28 227 28 148
29 238 29 143
28 236 28 144
34 229 32 145
29 234 29 144
30 230 27 148
32 240 31 141
34 230 32 143
31 246 26 150
28 233 28 145
33 239 33 140
33 239 33 140
34 229 32 145
32 240 31 141
31 246 26 150
29 234 29 144
34 230 32 143
31 240 31 142
28 236 28 144
28 233 28 145
34 231 33 142
30 230 27 148
30 238 27 145
29 238 29 143
28 227 28 148
33 237 33 142
31 236 31 143
34 230 32 143
30 230 27 148
28 236 28 144
29 241 27 145
32 240 31 141
29 234 29 144
34 229 32 145
31 246 26 150
28 227 28 148
28 233 28 145
33 239 33 140
29 238 29 143
32 240 31 141
29 234 29 144
30 230 27 148
31 246 26 150
34 230 32 143
28 236 28 144
28 227 28 148
34 229 32 145
29 241 27 145
34 231 33 142
29 238 29 143
28 233 28 145
33 239 33 140
31 240 31 142
28 233 28 145
32 240 31 141
29 234 29 144
33 239 33 140
34 231 33 142
34 230 32 143
28 236 28 144
34 229 32 145
29 238 29 143
28 227 28 148
31 240 31 142
30 230 27 148
31 246 26 150
29 241 27 145
34 230 32 143
29 238 29 143
32 240 31 141
28 236 28 144
29 234 29 144
29 228 29 147
30 230 27 148
31 246 26 150
33 239 33 140
34 231 33 142
29 241 27 145
34 229 32 145
31 236 31 143
28 227 28 148
33 239 33 140
31 240 31 142
28 227 28 148
29 241 27 145
29 228 29 147
28 236 28 144
34 231 33 142
31 246 26 150
29 234 29 144
32 240 31 141
36 234 31 143
34 229 32 145
29 238 29 143
30 230 27 148
29 241 27 145
28 236 28 144
31 246 26 150
32 240 31 141
31 236 31 143
34 230 32 143
33 239 33 140
30 230 27 148
34 231 33 142
29 234 29 144
28 227 28 148
34 229 32 145
29 238 29 143
29 228 29 147
34 231 33 142
30 230 27 148
30 238 27 145
29 238 29 143
31 236 31 143
29 228 29 147
33 239 33 140
28 227 28 148
32 240 31 141
34 229 32 145
29 234 29 144
31 246 26 150
28 236 28 144
34 230 32 143
30 238 27 145
31 236 31 143
29 238 29 143
28 227 28 148
34 230 32 143
34 231 33 142
29 228 29 147
32 240 31 141
31 246 26 150
34 229 32 145
28 236 28 144
33 239 33 140
29 234 29 144
30 230 27 148
33 239 33 140
29 234 29 144
29 234 27 148
28 236 28 144
34 230 32 143
28 233 28 145
29 241 27 145
32 240 31 141
31 246 26 150
34 231 33 142
29 238 29 143
28 227 28 148
31 240 31 142
34 229 32 145
33 239 33 140
34 231 33 142
34 229 32 145
32 240 31 141
31 240 31 142
31 246 26 150
34 230 32 143
28 227 28 148
29 234 29 144
28 236 28 144
28 233 28 145
29 241 27 145
30 230 27 148
29 238 29 143
32 240 31 141
29 241 27 145
29 234 29 144
33 239 33 140
31 236 31 143
28 227 28 148
28 233 28 145
30 230 27 148
34 231 33 142
28 236 28 144
34 230 32 143
29 238 29 143
31 246 26 150
34 229 32 145
31 240 31 142
34 231 33 142
29 234 29 144
31 246 26 150
28 236 28 144
30 230 27 148
32 240 31 141
28 227 28 148
33 239 33 140
29 238 29 143
34 230 32 143
30 238 27 145
34 229 32 145
28 233 28 145
31 240 31 142
30 230 27 148
34 229 32 145
28 233 28 145
34 231 33 142
29 241 27 145
28 236 28 144
29 238 29 143
