306 0.276558
60 454 35 178
54 475 38 177
49 384 40 184
49 408 38 188
48 411 40 185
48 411 40 185
49 408 38 188
52 413 36 185
56 439 36 179
50 445 38 184
59 468 35 183
55 459 39 180
59 468 35 183
51 399 40 182
59 468 35 183
51 399 40 182
48 411 40 185
50 418 39 184
49 413 37 185
49 413 37 185
52 413 36 185
59 468 35 183
53 428 37 182
53 428 37 182
55 459 39 180
50 418 39 184
49 384 40 184
54 475 38 177
56 439 36 179
52 413 36 185
50 445 38 184
50 418 39 184
55 459 39 180
48 411 40 185
54 475 38 177
51 399 40 182
52 413 36 185
49 384 40 184
49 413 37 185
53 428 37 182
59 468 35 183
55 459 39 180
50 418 39 184
52 413 36 185
59 468 35 183
50 418 39 184
50 418 39 184
56 439 36 179
49 408 38 188
52 413 36 185
52 413 36 185
59 468 35 183
54 475 38 177
52 413 36 185
50 418 39 184
52 413 36 185
52 413 36 185
60 454 35 178
50 418 39 184
56 439 36 179
54 475 38 177
48 411 40 185
48 411 40 185
49 408 38 188
48 411 40 185
52 413 36 185
56 439 36 179
48 411 40 185
48 411 40 185
49 384 40 184
52 413 36 185
54 475 38 177
52 413 36 185
52 413 36 185
49 384 40 184
49 413 37 185
48 411 40 185
52 413 36 185
49 413 37 185
49 413 37 185
56 439 36 179
54 475 38 177
50 418 39 184
50 418 39 184
56 439 36 179
52 413 36 185
50 418 39 184
59 468 35 183
53 428 37 182
49 413 37 185
49 384 40 184
52 413 36 185
51 399 40 182
49 408 38 188
55 459 39 180
50 418 39 184
52 413 36 185
49 384 40 184
50 418 39 184
49 413 37 185
49 413 37 185
50 418 39 184
59 468 35 183
59 468 35 183
55 459 39 180
48 411 40 185
49 413 37 185
52 413 36 185
48 411 40 185
49 413 37 185
49 384 40 184
52 413 36 185
54 475 38 177
52 413 36 185
48 411 40 185
52 413 36 185
49 408 38 188
48 411 40 185
54 475 38 177
56 439 36 179
50 418 39 184
52 413 36 185
49 408 38 188
50 418 39 184
52 413 36 185
54 475 38 177
52 413 36 185
52 413 36 185
