0 0.00307186
69 607 50 230
64 555 57 225
79 628 61 220
80 726 57 237
68 574 56 221
61 510 50 220
78 593 55 239
75 620 58 228
80 643 70 211
98 822 61 238
67 593 50 212
82 672 65 227
75 603 60 205
83 750 67 230
78 695 63 224
73 618 58 221
70 564 61 215
70 549 59 229
82 640 63 229
77 612 55 215
82 583 62 233
90 692 62 228
72 612 50 221
80 713 58 227
76 645 66 215
77 622 62 247
63 552 60 219
72 570 52 235
93 739 62 233
80 706 60 233
104 873 54 225
81 647 56 229
79 664 59 229
78 596 65 220
70 529 47 210
79 619 53 216
97 817 59 243
83 566 65 221
81 576 49 232
60 511 54 227
104 854 73 230
80 682 74 224
100 828 58 229
71 596 49 215
82 733 56 227
76 618 47 219
75 584 51 229
73 587 59 208
72 638 54 221
64 583 49 221
64 521 53 220
64 490 51 215
72 587 44 223
67 576 44 234
85 690 72 231
87 746 66 218
92 714 60 218
84 665 47 227
81 604 51 241
74 568 53 243
85 674 66 226
77 613 65 229
84 579 68 229
72 565 48 216
100 800 52 218
85 618 59 214
76 612 54 224
78 630 64 225
95 707 62 233
79 690 52 224
86 790 50 223
83 673 62 216
68 594 59 223
73 651 57 221
72 587 54 221
83 615 58 215
70 604 68 208
83 694 63 225
72 568 52 214
84 637 63 227
103 902 76 240
92 626 53 216
67 541 51 229
64 529 47 224
81 618 50 212
86 684 69 241
99 805 54 223
75 563 71 222
69 562 61 221
77 657 54 229
78 594 60 213
84 717 58 231
73 646 61 228
80 614 61 223
83 667 63 213
69 577 49 217
87 742 58 217
68 494 54 219
78 670 63 224
89 686 61 235
91 816 70 229
111 957 79 242
83 678 55 224
94 688 46 216
104 895 63 228
76 610 44 218
105 877 64 242
83 693 68 224
72 621 49 222
77 633 62 221
74 608 54 227
81 686 60 220
79 628 57 226
80 659 63 216
80 651 67 225
89 677 50 223
76 653 56 219
79 687 71 207
69 614 59 227
85 718 66 230
79 671 61 226
106 922 42 214
89 739 64 235
70 566 63 212
75 577 64 220
73 575 61 245
86 727 50 226
81 648 58 223
