939 10.7042
28 245 28 149
29 239 28 149
30 253 26 153
35 274 34 142
29 242 29 147
29 240 28 148
32 270 31 143
29 242 28 148
29 240 28 148
29 240 28 148
31 246 30 145
29 240 28 148
31 261 31 144
30 245 30 146
29 240 28 148
29 243 28 149
32 244 31 146
29 249 27 150
30 244 28 147
29 240 28 148
32 269 28 146
31 246 30 145
30 247 30 145
28 245 28 149
29 240 28 149
29 242 29 147
29 240 28 149
29 240 28 148
31 246 30 145
29 248 29 147
30 251 29 145
29 240 28 149
29 240 28 148
32 244 31 146
29 242 29 147
29 240 28 148
32 248 31 144
30 247 30 145
29 242 29 147
29 240 28 148
30 256 29 145
29 242 29 147
31 255 31 144
29 244 29 147
29 239 28 149
30 248 28 146
31 255 31 144
28 241 28 150
30 244 28 147
29 249 27 150
29 241 28 148
30 248 28 146
32 244 31 146
28 241 28 150
29 240 28 148
29 240 28 149
30 248 29 146
32 244 31 146
30 247 30 145
29 242 29 147
32 248 31 144
29 242 29 147
29 249 27 150
29 239 28 149
29 240 28 148
29 242 29 147
32 248 31 144
30 256 29 145
29 240 28 148
29 240 28 148
31 246 30 145
29 239 28 149
32 270 29 145
30 245 30 146
29 239 28 149
29 242 28 148
31 264 29 145
29 240 28 148
31 246 30 145
28 241 28 150
30 253 26 153
31 246 30 145
31 255 31 144
29 248 29 147
31 255 27 149
29 242 29 147
30 248 28 146
29 240 28 148
29 242 29 147
29 241 28 148
32 248 31 144
29 256 28 147
29 242 29 147
29 240 28 148
29 249 27 150
29 239 28 149
31 246 30 145
30 256 29 145
29 239 28 149
29 239 28 149
32 248 31 144
29 242 29 147
31 246 30 145
29 241 28 148
29 240 28 148
31 246 30 145
30 250 29 145
29 240 28 149
30 244 28 147
29 240 28 148
29 242 29 147
29 240 28 149
32 244 31 146
29 244 29 147
29 249 27 150
29 240 28 148
29 241 28 148
29 242 29 147
30 256 29 145
28 241 28 150
35 263 34 143
30 247 30 145
29 242 29 147
29 240 28 148
29 240 28 149
29 239 28 149
32 248 31 144
29 249 27 150
29 240 28 148
29 242 29 147
31 246 30 145
29 240 28 148
32 248 31 144
30 256 29 145
29 239 28 149
31 255 27 149
31 246 30 145
30 247 30 145
30 245 30 146
29 240 28 148
31 253 28 148
30 250 29 145
30 250 29 145
28 241 28 150
30 258 27 150
31 246 30 145
30 248 28 146
29 242 29 147
29 242 29 147
28 241 28 150
31 246 30 145
29 240 28 148
29 240 28 149
29 242 29 147
30 248 28 146
29 240 28 148
32 270 31 143
30 247 30 145
29 242 29 147
29 239 28 149
30 250 28 146
29 240 28 149
31 246 30 145
29 242 29 147
29 240 28 148
31 256 28 146
31 253 31 144
29 241 28 148
30 248 28 146
29 249 27 150
29 241 28 148
29 241 28 148
31 246 30 145
29 248 29 147
29 240 28 149
29 239 28 149
30 244 28 147
31 246 30 145
32 244 31 146
28 245 28 149
33 265 31 143
31 246 30 145
30 256 29 145
29 239 28 149
29 240 28 148
29 240 28 148
32 270 31 143
29 243 29 147
29 239 28 149
29 239 28 149
31 246 30 145
29 239 28 149
30 248 29 145
30 256 29 145
29 239 28 149
30 248 28 146
31 246 30 145
29 241 28 148
29 242 29 147
29 239 28 149
