26 0.484475
42 340 34 176
39 326 37 176
39 326 37 176
42 340 34 176
42 340 34 176
39 326 37 176
44 356 40 173
42 340 34 176
39 326 37 176
39 326 37 176
42 347 37 176
39 328 37 176
39 326 37 176
39 326 37 176
39 326 37 176
45 355 37 175
42 340 34 176
42 340 34 176
42 340 34 176
39 326 37 176
44 352 34 176
39 326 37 176
39 326 37 177
42 340 34 176
42 340 34 176
39 326 37 177
39 326 37 176
47 370 40 173
42 340 34 176
39 326 37 176
44 352 34 176
40 335 37 177
42 340 34 176
42 340 34 176
44 352 38 178
42 340 34 176
39 326 37 176
42 340 34 176
44 352 34 176
44 354 37 174
40 335 37 176
42 340 34 176
42 340 34 176
42 336 37 176
42 340 34 176
44 352 34 176
39 326 37 176
39 326 37 176
44 352 34 176
42 340 34 176
39 326 37 176
39 326 37 176
42 340 34 176
39 326 37 176
47 381 37 174
39 326 37 176
42 340 34 176
44 352 34 176
44 352 34 176
39 326 37 176
42 340 34 176
39 326 37 176
42 340 34 176
39 326 37 176
42 340 34 176
39 326 37 176
45 363 40 173
39 326 37 177
44 356 40 173
39 326 37 176
39 326 37 176
42 331 37 177
39 326 37 176
39 326 37 176
39 328 37 176
44 354 37 174
39 328 37 176
42 341 34 176
39 326 37 176
48 383 34 176
44 356 40 173
39 326 37 176
47 370 40 173
39 326 37 176
42 340 34 176
42 340 34 176
44 352 38 178
42 340 34 176
42 340 34 176
39 326 37 176
39 326 37 177
39 326 37 176
42 340 34 176
39 328 37 176
42 340 34 176
39 326 37 176
44 352 34 176
42 340 34 176
39 326 37 176
39 326 37 177
45 363 40 173
39 328 37 176
42 347 37 176
39 328 37 176
39 326 37 176
42 331 37 177
39 326 37 176
39 326 37 176
42 340 34 176
42 340 34 176
42 340 34 176
39 326 37 176
47 370 40 173
39 326 37 176
42 340 34 176
42 340 34 176
39 326 37 176
44 352 34 176
39 326 37 177
42 340 34 176
39 326 37 176
42 340 34 176
39 326 37 176
42 340 34 176
42 341 34 176
42 341 34 176
39 326 37 176
39 326 37 176
39 326 37 177
45 363 40 173
39 326 37 176
48 383 38 178
39 326 37 176
44 352 34 176
39 326 37 176
42 349 37 176
42 340 34 176
39 326 37 176
42 331 37 176
39 326 37 176
42 349 37 176
44 352 34 176
39 328 37 177
42 340 34 176
39 328 37 176
39 326 37 176
39 326 37 177
42 340 34 176
39 326 37 176
45 363 40 173
39 328 37 177
39 326 37 177
42 344 37 174
39 326 37 176
42 341 34 176
42 340 34 176
44 352 34 176
42 340 34 176
39 326 37 176
42 340 34 176
42 340 34 176
39 326 37 176
39 326 37 176
39 328 37 176
47 370 40 173
42 340 34 176
39 326 37 176
39 326 37 176
44 352 34 176
44 352 34 176
39 328 37 176
42 331 37 177
39 326 37 176
42 344 37 174
39 326 37 176
39 326 37 176
39 328 37 176
39 326 37 176
42 340 34 176
42 340 34 176
42 340 34 176
42 340 34 176
39 326 37 176
39 326 37 176
39 326 37 176
42 340 34 176
39 326 37 176
44 356 40 173
39 326 37 177
39 328 37 177
39 326 37 177
42 347 37 176
42 340 34 176
39 326 37 177
42 340 34 176
39 326 37 176
45 355 37 176
44 352 34 176
39 326 37 177
42 340 34 176
39 326 37 176
47 370 40 173
39 326 37 176
42 340 34 176
39 328 37 176
39 328 37 176
42 340 34 176
42 340 34 176
47 370 40 173
39 326 37 176
42 340 34 176
42 340 34 176
39 326 37 176
39 326 37 176
39 326 37 177
39 326 37 177
42 340 34 176
39 326 37 176
42 340 34 176
45 363 40 173
47 370 40 173
39 326 37 177
42 340 34 176
44 352 34 176
39 326 37 176
39 328 37 176
39 326 37 177
39 326 37 176
42 340 34 176
42 340 34 176
42 331 37 177
42 340 34 176
39 326 37 177
39 326 37 176
42 340 34 176
39 326 37 176
39 326 37 176
45 363 40 173
44 352 34 176
39 326 37 176
44 356 40 173
44 352 34 176
42 340 34 176
44 356 40 173
39 326 37 177
42 347 37 176
39 326 37 176
42 340 34 176
42 347 37 176
44 356 40 173
39 326 37 176
42 340 34 176
39 326 37 176
42 340 34 176
42 340 34 176
39 326 37 176
39 326 37 176
42 340 34 176
39 326 37 176
39 326 37 177
44 352 34 176
42 347 37 176
39 326 37 177
39 326 37 176
42 340 34 176
39 326 37 176
39 326 37 176
42 340 34 176
42 340 38 178
42 340 34 176
40 335 37 176
42 340 34 176
39 326 37 177
42 340 34 176
42 340 34 176
42 340 34 176
39 328 37 176
39 326 37 176
44 352 34 176
44 352 34 176
42 340 34 176
42 340 34 176
42 340 34 176
42 340 34 176
48 383 34 176
39 326 37 176
42 340 34 176
39 326 37 177
43 351 37 174
39 326 37 176
39 328 37 176
39 328 37 176
39 326 37 176
42 340 38 178
39 326 37 176
42 340 34 176
39 328 37 176
44 352 34 176
39 326 37 176
39 326 37 176
43 351 37 174
42 340 34 176
39 328 37 176
44 352 34 176
39 326 37 176
39 326 37 176
39 326 37 176
39 326 37 176
42 340 34 176
39 326 37 176
42 340 34 176
44 352 34 176
42 340 34 176
42 340 34 176
39 326 37 177
42 340 34 176
42 340 34 176
39 326 37 176
42 347 37 176
42 340 34 176
39 326 37 176
42 340 34 176
42 340 34 176
42 340 34 176
39 326 37 177
39 326 37 176
44 354 37 174
39 328 37 177
47 370 40 173
45 363 40 173
42 340 34 176
42 340 38 178
39 326 37 176
42 340 34 176
39 326 37 176
42 340 34 176
44 352 34 176
39 326 37 176
39 326 37 176
39 326 37 176
42 341 34 176
42 340 34 176
40 337 37 176
39 326 37 176
39 326 37 177
42 340 34 176
42 340 34 176
42 340 34 176
42 340 34 176
42 340 34 176
42 340 34 176
42 340 34 176
50 397 40 173
39 326 37 176
42 340 34 176
39 326 37 176
42 340 34 176
39 326 37 176
42 340 34 176
42 340 34 176
39 328 37 176
39 326 37 176
42 340 34 176
39 328 37 176
39 326 37 176
45 355 37 175
39 326 37 177
43 351 37 174
39 326 37 176
39 326 37 176
39 326 37 177
39 326 37 177
39 326 37 176
44 352 34 176
42 331 37 176
42 340 34 176
39 326 37 176
39 326 37 176
39 326 37 176
39 326 37 176
39 326 37 177
48 383 34 176
39 326 37 177
44 352 34 176
42 331 37 176
39 328 37 176
39 326 37 177
42 340 34 176
39 326 37 176
42 340 34 176
39 326 37 176
39 326 37 176
42 340 34 176
42 340 34 176
44 352 34 176
39 326 37 176
39 326 37 176
42 340 34 176
44 352 34 176
42 340 34 176
39 326 37 177
39 326 37 176
42 340 34 176
44 356 40 173
44 357 37 174
42 340 34 176
39 326 37 176
45 355 37 176
39 326 37 177
44 352 34 176
39 326 37 177
42 340 34 176
39 326 37 176
39 326 37 176
48 383 34 176
44 352 34 176
42 340 34 176
39 326 37 176
44 352 34 176
39 326 37 177
42 347 37 176
39 326 37 176
39 326 37 177
39 326 37 177
39 326 37 177
44 352 34 176
42 340 34 176
39 326 37 176
39 326 37 176
48 383 34 176
44 352 34 176
39 328 37 176
42 340 34 176
47 370 40 173
48 383 34 176
42 340 34 176
45 363 40 173
42 340 34 176
40 335 37 176
42 340 34 176
42 340 34 176
39 326 37 176
44 352 34 176
39 328 37 176
39 328 37 176
42 340 34 176
42 340 34 176
42 340 34 176
42 340 34 176
39 326 37 177
44 352 34 176
42 340 34 176
39 326 37 177
42 340 34 176
42 340 34 176
39 326 37 176
40 335 37 176
44 356 40 173
39 326 37 177
42 340 34 176
39 326 37 176
39 328 37 176
39 326 37 176
39 326 37 176
39 328 37 176
42 340 34 176
39 326 37 176
39 328 37 176
44 356 40 173
44 352 34 176
44 352 34 176
39 326 37 176
39 326 37 176
39 326 37 176
39 326 37 176
39 326 37 176
39 326 37 177
39 326 37 176
44 352 38 178
42 340 34 176
