10 0.0211576
77 624 51 229
82 689 56 239
74 639 69 237
90 735 57 236
70 569 70 224
92 772 77 245
80 714 64 225
81 674 53 226
66 542 44 215
80 602 71 228
94 722 57 235
72 576 51 232
77 661 57 241
81 700 62 233
82 676 63 221
78 626 56 247
75 610 63 234
83 746 70 230
78 585 54 246
70 582 56 236
80 670 55 238
84 769 56 245
88 696 79 237
80 650 71 228
93 793 62 239
92 765 89 226
88 666 83 240
75 594 75 241
98 845 63 238
106 879 63 229
68 552 65 221
111 826 82 236
101 630 54 245
108 906 67 239
95 786 60 246
108 830 58 236
79 586 62 232
84 683 62 238
80 690 62 244
90 743 62 231
92 751 65 244
82 666 61 232
72 626 70 236
84 702 68 239
87 621 57 228
87 723 67 237
94 711 63 241
82 747 54 239
82 629 58 239
84 636 62 236
79 638 59 243
105 889 71 243
87 741 60 230
80 651 79 233
90 762 50 240
100 797 77 239
73 565 58 242
95 745 64 247
94 783 65 241
77 670 61 225
95 721 63 229
94 757 61 247
78 650 53 234
100 807 71 235
65 556 58 244
79 629 74 241
82 672 53 238
90 677 52 239
89 657 61 236
71 513 68 234
75 627 68 243
93 753 60 233
83 688 58 236
82 654 53 247
82 677 74 236
82 684 46 247
78 665 76 236
94 685 62 244
87 678 57 234
84 711 75 244
79 647 57 241
89 722 67 239
93 745 52 240
73 605 54 240
79 731 63 234
77 602 65 226
69 553 47 238
82 659 69 236
88 683 52 242
86 688 55 234
82 631 66 236
85 716 61 235
94 682 64 237
76 597 59 237
65 578 62 234
102 811 80 235
88 745 57 243
120 1006 76 227
105 799 58 245
78 662 73 235
