1817 133.925
323 2854 321 821
321 2857 321 821
204 2023 204 878
204 2023 204 878
305 2635 303 825
211 2538 210 853
249 2274 249 837
233 2264 231 841
296 2531 294 827
209 2237 204 857
231 2114 231 863
217 2436 213 849
249 2229 249 841
287 2449 285 829
222 2665 222 843
204 2024 204 872
240 2266 240 839
206 2150 204 861
312 2736 312 823
267 2345 267 833
225 2403 221 847
213 2360 213 852
213 2159 213 859
228 2279 222 845
240 2222 240 843
246 2405 222 843
287 2449 285 829
276 2396 276 831
258 2309 258 835
267 2345 267 833
258 2309 258 835
231 2192 231 856
294 2534 294 827
285 2452 285 829
269 2342 267 833
222 2054 222 866
216 2084 204 868
260 2308 258 835
278 2393 276 831
303 2638 303 825
222 2091 222 864
245 2409 222 843
204 2029 204 870
211 2538 210 853
213 2038 213 868
314 2733 312 823
222 2054 222 866
219 2378 204 855
231 2118 231 862
312 2736 312 823
312 2736 312 823
305 2635 303 825
294 2534 294 827
258 2309 258 835
215 2262 213 855
213 2159 213 859
231 2217 231 845
276 2396 276 831
285 2452 285 829
226 2489 222 843
314 2733 312 823
312 2736 312 823
278 2393 276 831
226 2489 222 843
231 2321 231 843
225 2403 221 847
269 2342 267 833
260 2308 258 835
249 2274 249 837
240 2266 240 839
219 2378 204 855
323 2854 321 821
312 2736 312 823
312 2736 312 823
305 2635 303 825
294 2534 294 827
278 2393 276 831
240 2266 240 839
240 2266 240 839
276 2396 276 831
269 2342 267 833
294 2534 294 827
323 2854 321 821
321 2857 321 821
314 2733 312 823
305 2635 303 825
303 2638 303 825
296 2531 294 827
312 2736 312 823
287 2449 285 829
278 2393 276 831
312 2736 312 823
287 2449 285 829
278 2393 276 831
323 2854 321 821
323 2854 321 821
323 2854 321 821
323 2854 321 821
323 2854 321 821
323 2854 321 821
323 2854 321 821
321 2857 321 821
321 2857 321 821
321 2857 321 821
321 2857 321 821
321 2857 321 821
321 2857 321 821
312 2736 312 823
312 2736 312 823
312 2736 312 823
312 2736 312 823
312 2736 312 823
312 2736 312 823
305 2635 303 825
305 2635 303 825
305 2635 303 825
303 2638 303 825
294 2534 294 827
294 2534 294 827
287 2449 285 829
287 2449 285 829
285 2452 285 829
285 2452 285 829
285 2452 285 829
285 2452 285 829
278 2393 276 831
276 2396 276 831
276 2396 276 831
276 2396 276 831
276 2396 276 831
269 2342 267 833
269 2342 267 833
269 2342 267 833
258 2309 258 835
258 2309 258 835
240 2266 240 839
240 2266 240 839
240 2266 240 839
240 2266 240 839
240 2266 240 839
325 2861 321 821
321 2902 321 821
240 2272 240 839
294 2557 294 827
305 2641 303 825
267 2353 267 833
258 2330 258 835
312 2755 312 823
287 2466 285 829
312 2738 312 824
276 2400 276 831
285 2465 285 830
249 2302 249 837
249 2302 249 837
282 2397 276 831
278 2398 276 831
282 2397 276 831
276 2400 276 831
324 2902 321 821
321 2906 321 821
240 2278 240 839
312 2760 312 823
287 2481 285 829
305 2648 303 825
276 2407 276 831
296 2827 249 837
258 2454 258 837
297 2601 294 827
261 2400 258 835
296 2628 294 827
269 2360 267 833
269 2360 267 833
267 2420 267 833
269 2360 267 833
269 2360 267 833
323 2909 321 821
321 2953 321 821
315 2965 249 837
244 2335 240 839
287 2547 285 829
264 2413 258 835
305 2662 303 825
312 2770 312 823
298 2624 294 827
276 2438 276 831
314 2768 312 823
280 2434 276 831
269 2365 267 833
297 2661 294 827
313 2653 303 825
269 2365 267 833
267 2495 267 833
325 2953 321 821
321 2969 321 821
270 2372 267 833
249 2413 240 849
247 2443 240 849
260 2478 240 839
271 2534 258 835
294 2663 285 829
276 2440 276 831
309 2779 303 825
296 2601 294 830
301 2689 294 827
313 2706 303 825
312 2772 312 823
312 2736 312 826
269 2423 267 833
267 2511 267 833
329 2955 321 821
321 3017 321 821
270 2375 267 839
250 2431 240 849
294 2702 285 829
261 2494 249 843
276 2446 276 831
276 2530 240 839
312 2780 312 823
301 2830 294 827
308 2766 294 827
282 2513 240 839
309 2816 258 835
270 2385 267 833
309 2797 258 838
316 2778 303 825
269 2433 267 833
312 2844 303 825
313 2798 303 825
327 2998 321 821
325 3002 321 821
313 2798 303 825
313 2798 303 825
313 2798 303 825
339 2965 321 821
326 3088 321 821
284 2570 240 839
282 2728 258 845
272 2415 267 833
267 2495 267 843
303 2713 285 829
298 2738 285 829
311 2790 294 827
271 2503 267 833
312 2832 312 823
319 2789 303 825
280 2455 276 831
277 2487 276 831
334 2985 321 822
318 2809 312 823
331 3034 321 821
313 2807 303 825
314 2825 312 823
278 2471 276 831
337 3149 321 821
303 2846 240 839
302 2774 249 857
277 2416 267 833
267 2507 267 852
316 2866 303 825
314 2940 294 827
285 2696 258 845
292 2935 249 847
307 2805 285 829
329 2823 312 823
282 2460 276 831
273 2529 267 833
314 2742 312 829
277 2614 276 831
281 2558 276 831
312 2833 312 823
269 2516 267 843
344 3239 321 821
293 2811 258 845
292 2763 258 853
279 2438 267 833
273 2582 267 843
322 2959 294 827
276 2635 276 841
312 2950 312 823
316 2974 285 829
317 2877 303 825
277 2475 267 833
287 2476 276 831
318 2855 285 829
316 2843 312 823
296 2767 258 845
295 2808 258 845
282 2561 276 831
276 2521 276 843
275 2569 267 843
295 2808 258 845
276 2547 267 843
295 2808 258 845
295 2808 258 845
295 2808 258 845
353 3317 321 821
295 2813 258 845
295 2808 258 853
279 2482 267 833
317 2852 312 823
328 3135 285 829
333 2908 303 825
326 3078 294 827
318 2983 303 825
282 2565 276 831
322 3092 294 827
289 2537 276 831
289 2537 276 831
282 2565 276 831
327 2971 303 825
282 2565 276 831
282 2565 276 831
282 2565 276 831
282 2565 276 831
360 3360 321 821
310 2901 258 852
296 2921 258 859
286 2505 285 835
279 2528 267 833
326 3079 294 827
342 3167 303 825
318 2870 312 823
341 3241 285 829
282 2567 276 831
317 2972 312 823
291 2555 276 831
328 2907 312 823
326 3087 294 827
321 2897 321 827
290 2544 288 838
283 2597 267 833
282 2585 276 831
317 2981 312 823
283 2580 276 832
318 2946 312 823
328 2910 312 823
326 3092 294 827
325 2931 324 830
287 2598 267 833
283 2659 267 845
321 3005 312 823
295 2700 276 831
289 2776 276 831
285 2645 267 845
292 2703 276 831
324 2957 312 823
328 2922 312 823
328 2914 321 827
326 3146 312 823
288 2599 267 833
326 3096 294 827
298 2714 276 831
292 2754 276 831
326 3096 294 827
326 3096 294 827
326 3096 294 827
326 3096 294 827
326 3096 294 827
326 3096 294 827
330 3012 312 823
326 3097 294 827
289 2612 267 833
292 2757 276 831
312 2736 312 831
326 3097 294 827
326 3097 294 827
339 3150 312 823
296 2622 276 844
289 2639 267 845
326 3100 294 827
313 2922 267 833
305 2665 303 835
301 2642 288 838
300 2855 276 831
312 2736 312 833
290 2746 276 841
305 2771 276 831
302 2786 276 831
289 2765 267 843
356 3496 267 833
343 3158 312 823
313 2687 303 838
309 2710 276 847
304 2831 267 843
301 2889 276 841
326 3113 294 827
311 2943 276 831
313 2869 285 838
316 2776 294 836
302 2773 294 843
328 3104 276 831
326 3140 294 827
321 2912 321 836
314 2692 303 841
304 2869 267 843
303 2972 276 841
312 2944 312 839
320 3005 285 838
321 2823 294 840
323 3060 294 837
344 3182 294 827
334 3228 276 831
321 2919 321 836
306 2880 285 853
304 2910 267 843
304 2879 294 851
319 3040 276 841
323 2884 321 843
323 3038 285 838
323 3038 285 838
336 3109 285 838
334 3166 285 838
326 3001 324 839
304 2916 267 843
323 3048 285 839
326 3097 294 839
323 3060 306 840
310 2952 267 849
308 3110 267 843
304 2971 267 857
341 3092 321 848
326 3110 294 839
325 3097 294 851
323 3051 303 849
323 2850 321 821
321 2853 321 821
204 2023 204 878
204 2023 204 878
204 2023 204 878
314 2733 312 823
233 2264 231 841
312 2736 312 823
209 2237 204 857
211 2538 210 853
222 2196 222 847
240 2266 240 839
305 2635 303 825
285 2452 285 829
287 2449 285 829
296 2531 294 827
249 2229 249 841
213 2038 213 868
231 2217 231 845
204 2024 204 872
206 2150 204 861
219 2378 204 855
213 2159 213 859
269 2342 267 833
217 2436 213 849
269 2342 267 833
240 2266 240 839
249 2274 249 837
228 2279 222 845
249 2274 249 837
222 2665 222 843
225 2403 221 847
216 2084 204 868
305 2635 303 825
278 2393 276 831
258 2309 258 835
303 2638 303 825
226 2489 222 843
222 2054 222 866
231 2114 231 863
231 2321 231 843
245 2409 222 843
204 2029 204 870
211 2538 210 853
222 2054 222 866
231 2118 231 862
258 2309 258 835
305 2635 303 825
296 2531 294 827
278 2393 276 831
267 2345 267 833
258 2309 258 835
218 2308 213 851
294 2534 294 827
296 2531 294 827
278 2393 276 831
276 2396 276 831
285 2452 285 829
213 2360 213 852
312 2736 312 823
260 2308 258 835
226 2489 222 843
312 2736 312 823
260 2308 258 835
222 2091 222 864
222 2091 222 864
225 2403 221 847
246 2405 222 843
213 2360 213 852
312 2736 312 823
305 2635 303 825
296 2531 294 827
285 2452 285 829
278 2393 276 831
267 2345 267 833
258 2309 258 835
240 2266 240 839
258 2309 258 835
269 2342 267 833
276 2396 276 831
294 2534 294 827
267 2345 267 833
278 2393 276 831
321 2853 321 821
305 2635 303 825
296 2531 294 827
278 2393 276 831
321 2853 321 821
312 2736 312 823
305 2635 303 825
321 2853 321 821
321 2853 321 821
321 2853 321 821
321 2853 321 821
321 2853 321 821
321 2853 321 821
321 2853 321 821
321 2853 321 821
312 2736 312 823
312 2736 312 823
305 2635 303 825
305 2635 303 825
305 2635 303 825
296 2531 294 827
296 2531 294 827
296 2531 294 827
296 2531 294 827
296 2531 294 827
296 2531 294 827
285 2452 285 829
285 2452 285 829
285 2452 285 829
285 2452 285 829
285 2452 285 829
278 2393 276 831
278 2393 276 831
278 2393 276 831
278 2393 276 831
278 2393 276 831
276 2396 276 831
267 2345 267 833
267 2345 267 833
267 2345 267 833
267 2345 267 833
267 2345 267 833
260 2308 258 835
258 2309 258 835
258 2309 258 835
258 2309 258 835
258 2309 258 835
258 2309 258 835
249 2274 249 837
249 2274 249 837
249 2274 249 837
249 2274 249 837
240 2266 240 839
240 2266 240 839
321 2855 321 821
321 2855 321 821
240 2273 240 839
312 2745 312 823
276 2397 276 831
258 2327 258 835
249 2294 249 837
296 2548 294 827
285 2463 285 829
303 2656 303 825
294 2586 294 827
305 2637 303 825
287 2453 285 829
267 2372 267 833
269 2356 267 833
321 2856 321 821
240 2278 240 839
285 2469 285 829
258 2330 258 835
296 2582 294 827
312 2789 312 823
305 2654 303 825
249 2439 249 837
294 2639 294 827
267 2493 267 833
303 2752 303 825
314 2760 312 824
265 2411 249 837
269 2417 267 833
278 2404 276 831
278 2404 276 831
271 2375 267 833
276 2411 276 831
256 2416 249 837
278 2404 276 831
321 2865 321 821
258 2284 240 839
240 2286 240 839
240 2286 240 839
240 2286 240 839
312 2799 312 823
305 2674 303 825
296 2713 294 827
304 2615 294 827
269 2507 267 833
256 2505 249 837
264 2381 258 836
278 2408 276 831
286 2472 285 829
285 2473 285 829
276 2426 276 831
271 2391 267 833
273 2430 249 837
261 2459 258 835
240 2286 240 839
303 2707 294 827
264 2386 258 835
264 2444 249 837
261 2502 249 837
337 2965 321 821
331 3132 321 821
243 2316 240 845
240 2314 240 849
315 2826 312 823
305 2677 303 825
285 2486 285 829
301 2835 294 827
272 2466 267 833
267 2529 249 837
246 2326 240 839
261 2460 258 835
304 2657 294 827
265 2409 258 835
281 2511 249 837
276 2449 276 831
278 2413 276 831
333 3042 321 821
244 2335 240 839
304 2657 294 827
339 3141 321 821
333 3230 321 821
246 2368 240 848
240 2342 240 865
318 2840 312 823
305 2690 294 827
285 2489 285 829
306 2720 303 825
267 2547 249 837
276 2458 276 831
274 2470 267 833
270 2383 240 839
261 2462 258 835
273 2454 258 838
257 2455 240 847
335 3143 321 821
255 2466 240 839
338 3179 321 821
279 2401 240 854
257 2425 240 848
320 2860 312 823
285 2558 285 829
305 2782 294 827
263 2484 258 835
276 2458 276 841
316 2768 303 825
280 2670 249 837
261 2509 240 839
310 2769 303 825
278 2672 249 837
277 2503 267 834
276 2463 276 831
283 2537 267 833
275 2543 267 833
283 2537 267 833
280 2462 276 831
350 3296 321 821
273 2450 267 850
261 2512 240 839
294 2563 285 829
310 2918 303 825
328 2905 312 823
317 2812 294 827
278 2463 276 831
263 2486 258 835
263 2486 258 835
275 2559 267 833
311 2843 294 827
276 2517 276 831
313 2817 303 825
317 2812 294 827
312 2816 294 827
350 3297 321 821
264 2557 240 847
263 2489 258 845
262 2540 249 854
342 3079 312 823
337 3243 312 823
321 2822 303 825
278 2492 276 831
263 2672 240 849
296 2616 285 829
312 2916 294 827
289 2588 267 833
266 2610 240 839
314 2821 294 827
309 2568 285 829
315 2915 303 825
267 2565 249 843
277 2597 267 833
271 2498 258 835
265 2503 258 835
353 3295 312 823
350 3307 321 821
349 3332 312 823
282 2526 276 831
279 2530 279 840
274 2535 258 835
271 2589 258 835
284 2637 267 833
317 2903 294 827
296 2633 285 829
328 2893 303 825
320 3118 303 825
327 3025 303 825
280 2542 276 831
272 2558 258 835
354 3357 321 821
283 2543 258 835
273 2626 258 852
328 2995 303 825
353 3336 312 823
296 2641 285 829
274 2567 258 835
324 2929 294 827
288 2665 267 833
319 2959 294 828
280 2596 276 831
291 2654 267 833
283 2570 276 831
353 3336 312 823
321 2957 294 827
353 3336 312 823
353 3352 312 823
289 2594 276 831
275 2601 258 852
298 2653 285 829
331 3086 303 825
285 2686 261 844
323 3034 294 827
327 2998 294 827
288 2798 267 833
289 2617 258 835
340 3049 303 825
278 2658 258 847
282 2602 276 831
278 2605 267 845
289 2669 267 833
340 3049 303 825
292 2661 267 833
354 3367 312 823
353 3469 312 823
304 2988 258 835
291 2601 285 838
275 2612 258 852
341 3146 303 825
305 2751 258 835
331 3042 294 827
284 2692 267 845
348 3097 303 825
298 2659 285 829
327 3122 303 827
286 2626 279 840
293 2714 267 833
286 2717 261 844
287 2609 276 831
285 2696 276 831
285 2696 276 831
354 3275 303 825
302 2759 267 850
289 2617 276 831
288 2742 276 831
340 3154 294 827
303 2815 267 833
297 2746 270 842
298 2671 285 829
298 2671 285 829
298 2671 285 829
341 3166 294 827
307 3025 267 845
295 2628 276 831
289 2709 276 831
300 2675 285 829
298 2702 285 829
292 2656 276 831
290 2657 276 831
346 3182 294 827
344 3265 294 827
313 2717 276 837
311 2719 288 838
305 2660 303 837
295 2738 276 831
300 2732 285 829
304 2667 294 837
299 2733 285 829
350 3186 294 827
302 2733 285 829
297 2755 276 831
295 2746 279 840
295 2746 279 840
299 2798 285 829
350 3204 294 827
322 2873 276 831
312 2737 312 831
309 2739 294 844
295 2748 279 840
310 2788 303 837
304 2965 276 831
311 2839 285 829
303 2812 294 836
303 2916 288 838
305 2895 288 838
356 3217 303 828
352 3269 294 827
333 3065 321 829
315 2973 276 831
312 2748 312 832
295 2773 279 840
316 2935 297 836
305 2905 288 838
339 2970 321 830
305 2905 288 838
333 3106 321 831
322 3113 276 831
319 3142 276 831
317 3111 279 840
305 2907 288 838
330 2957 312 832
323 2972 321 837
318 2995 279 840
335 3137 321 831
305 2923 288 838
305 2923 288 838
333 3100 321 837
333 3100 321 837
333 3100 321 837
305 2923 288 838
318 3113 288 838
323 2854 321 821
321 2857 321 821
204 2023 204 878
204 2023 204 878
204 2023 204 878
305 2635 303 825
267 2345 267 833
312 2736 312 823
249 2274 249 837
225 2403 221 847
231 2114 231 863
222 2091 222 864
258 2305 258 835
211 2538 210 853
222 2054 222 866
213 2159 213 859
213 2038 213 868
296 2531 294 827
214 2311 210 854
285 2452 285 829
222 2665 222 843
240 2266 240 839
314 2733 312 823
269 2342 267 833
314 2733 312 823
249 2229 249 841
303 2638 303 825
240 2222 240 843
258 2305 258 835
228 2279 222 845
314 2733 312 823
276 2396 276 831
204 2024 204 872
231 2217 231 845
246 2405 222 843
233 2264 231 841
276 2396 276 831
278 2393 276 831
216 2084 204 868
231 2118 231 862
287 2449 285 829
219 2378 204 855
206 2150 204 861
204 2029 204 870
215 2262 213 855
209 2237 204 857
294 2534 294 827
305 2635 303 825
218 2308 213 851
258 2305 258 835
249 2274 249 837
209 2237 204 857
258 2305 258 835
211 2538 210 853
287 2449 285 829
285 2452 285 829
226 2489 222 843
213 2360 213 852
217 2436 213 849
305 2635 303 825
296 2531 294 827
294 2534 294 827
276 2396 276 831
206 2150 204 861
236 2430 222 843
287 2449 285 829
217 2436 213 849
231 2518 231 841
213 2360 213 852
242 2407 222 843
226 2489 222 843
236 2430 222 843
240 2266 240 839
269 2342 267 833
204 2024 204 872
242 2407 222 843
323 2854 321 821
296 2531 294 827
287 2449 285 829
276 2396 276 831
267 2345 267 833
242 2407 222 843
233 2264 231 841
323 2854 321 821
321 2857 321 821
312 2736 312 823
305 2635 303 825
303 2638 303 825
294 2534 294 827
269 2342 267 833
267 2345 267 833
233 2264 231 841
314 2733 312 823
296 2531 294 827
276 2396 276 831
323 2854 321 821
323 2854 321 821
323 2854 321 821
321 2857 321 821
321 2857 321 821
321 2857 321 821
321 2857 321 821
321 2857 321 821
314 2733 312 823
314 2733 312 823
314 2733 312 823
314 2733 312 823
314 2733 312 823
305 2635 303 825
305 2635 303 825
305 2635 303 825
305 2635 303 825
305 2635 303 825
305 2635 303 825
303 2638 303 825
296 2531 294 827
296 2531 294 827
296 2531 294 827
296 2531 294 827
294 2534 294 827
294 2534 294 827
287 2449 285 829
285 2452 285 829
276 2396 276 831
276 2396 276 831
276 2396 276 831
276 2396 276 831
276 2396 276 831
269 2342 267 833
258 2305 258 835
258 2305 258 835
258 2305 258 835
258 2305 258 835
258 2305 258 835
258 2305 258 835
258 2305 258 835
258 2305 258 835
242 2407 222 843
233 2264 231 841
233 2264 231 841
233 2264 231 841
233 2264 231 841
233 2264 231 841
233 2264 231 841
233 2264 231 841
233 2264 231 841
321 2858 321 821
253 2295 231 841
236 2335 231 841
267 2374 267 833
245 2339 240 839
258 2328 258 835
305 2659 303 825
312 2743 312 823
294 2549 294 827
303 2676 303 825
312 2743 312 823
285 2502 285 829
296 2545 294 827
261 2438 249 837
276 2405 276 831
276 2405 276 831
251 2446 249 837
287 2453 285 829
287 2453 285 829
323 2860 321 821
321 2865 321 821
253 2312 231 844
245 2355 240 851
244 2403 231 841
305 2678 303 825
294 2564 294 827
276 2413 276 831
321 2859 321 822
312 2744 312 823
272 2402 267 833
287 2743 285 829
249 2357 249 849
246 2448 240 839
288 2534 285 829
258 2341 258 837
259 2521 249 837
312 2744 312 823
259 2329 258 835
266 2355 231 841
272 2501 249 837
262 2363 240 839
263 2381 231 841
258 2353 258 835
245 2355 240 851
312 2744 312 823
325 2861 321 821
321 2868 321 821
259 2330 258 835
248 2421 231 841
245 2358 240 851
244 2442 231 844
296 2700 285 829
276 2418 276 831
272 2403 267 833
261 2555 249 837
294 2734 294 827
260 2548 240 839
296 2596 294 827
309 2836 303 825
312 2745 312 823
310 2804 303 825
259 2330 258 835
258 2358 258 835
312 2745 312 823
246 2425 231 841
321 2868 321 821
310 2804 303 825
323 2862 321 821
323 2862 321 821
336 3193 249 837
321 2874 321 821
269 2373 267 843
249 2480 231 841
247 2386 240 851
312 2747 312 823
266 2419 258 835
276 2421 276 831
296 2634 294 827
298 2777 285 829
301 2632 294 827
272 2551 267 833
319 2854 303 825
320 2850 303 825
273 2422 267 833
323 2903 321 821
321 2930 321 821
320 2980 303 825
262 2391 240 851
259 2595 231 841
247 2394 240 851
279 2481 258 835
300 2791 285 829
273 2597 258 835
313 2698 294 828
322 2872 303 825
277 2456 276 831
314 2764 312 823
279 2428 276 831
309 2748 294 827
312 2786 285 829
279 2475 267 833
307 2749 294 827
312 2786 312 823
279 2475 267 833
300 2754 294 827
339 2942 321 821
324 3014 303 825
321 2977 321 821
278 2468 276 831
260 2631 231 841
258 2506 240 851
272 2616 258 850
309 2754 294 827
303 2841 285 829
326 2934 303 825
286 2633 258 835
282 2645 258 835
314 2767 312 823
312 2801 285 829
312 2817 312 823
279 2492 267 833
280 2488 267 834
329 2993 321 821
327 3103 303 825
321 3036 321 821
278 2477 276 854
260 2653 231 841
269 2540 249 852
291 2785 258 836
308 2982 294 829
282 2685 258 837
312 2872 312 823
318 2805 285 829
280 2516 267 833
279 2510 276 831
314 2769 312 823
309 2757 294 827
328 3006 303 825
309 2757 294 827
339 3071 321 821
331 3245 321 821
284 2881 240 847
281 2550 276 831
273 2659 249 852
285 2689 258 848
312 2833 294 827
282 2644 267 836
324 2888 285 829
323 3010 285 829
319 2806 312 823
280 2569 276 834
313 2790 303 828
282 2748 267 833
314 2807 312 823
283 2592 267 833
313 2817 294 827
348 3219 321 821
336 3245 321 821
282 2550 276 834
278 2677 249 852
324 2920 285 829
314 2836 312 823
287 2625 267 833
312 2889 294 827
284 2658 267 842
284 2688 276 831
281 2574 276 847
322 2862 294 827
334 3243 285 829
314 2866 312 823
284 2691 249 852
282 2558 276 834
313 2892 294 827
285 2808 270 844
297 2701 267 848
322 2870 294 827
282 2558 276 834
292 2663 285 833
303 2737 276 831
284 2787 267 845
292 2743 276 831
300 2738 285 832
293 2737 267 833
327 2952 294 827
318 2966 312 823
284 2731 249 852
282 2566 276 834
286 2789 267 850
318 2966 312 823
294 2737 267 833
295 2707 285 833
297 2918 276 831
302 2840 276 831
305 2809 294 831
295 2707 285 833
298 2860 276 831
305 2809 294 831
318 2966 312 823
318 2966 312 823
318 2966 312 823
343 3118 312 823
325 3193 312 826
305 2684 303 842
301 2934 258 853
288 2688 288 840
296 2773 285 833
310 2852 276 831
329 3073 294 829
298 2817 267 836
303 2713 303 835
335 2972 294 827
309 2882 276 831
339 3150 312 823
332 3034 294 827
303 2879 267 833
338 3113 294 827
320 3007 276 831
312 2748 312 838
303 2693 294 848
288 2722 288 840
308 2829 285 835
303 2936 285 842
309 2925 294 831
309 2720 294 844
331 3142 276 831
318 2988 312 831
313 2942 285 847
288 2724 288 840
311 3081 297 836
314 2938 306 834
308 2941 288 838
314 2781 312 838
344 3410 285 844
315 3007 306 834
314 2809 312 838
293 2728 288 841
363 3563 297 841
337 3081 312 836
331 3024 294 842
322 3088 306 834
311 2846 303 846
320 3111 306 834
326 3092 306 834
320 3142 306 834
320 3147 306 834
320 3145 306 844
320 3149 306 834
320 3149 306 834
320 3149 306 834
320 3151 306 834
320 3151 306 834
325 3152 306 834
320 3156 306 834
320 3156 306 834
320 3156 306 834
320 3156 306 834
320 3156 306 834
320 3156 306 834
320 3155 306 837
320 3158 306 834
320 3156 318 836
320 3161 306 834
324 3166 306 834
322 3185 306 834
320 3191 306 834
320 3162 306 836
327 3168 306 834
322 3186 306 834
322 3175 306 836
322 3165 306 842
339 3183 306 834
322 3191 306 834
323 3194 306 834
323 3201 306 834
329 3228 306 834
328 3229 306 834
327 3240 306 834
337 3336 306 834
321 2852 321 821
204 2023 204 878
204 2023 204 878
204 2023 204 878
321 2852 321 821
211 2538 210 853
312 2736 312 823
314 2733 312 823
240 2265 240 839
231 2217 231 845
276 2396 276 831
303 2638 303 825
240 2222 240 843
204 2024 204 872
249 2229 249 841
219 2378 204 855
213 2159 213 859
294 2534 294 827
213 2124 213 866
213 2360 213 852
258 2309 258 835
296 2531 294 827
231 2135 231 861
225 2403 221 847
269 2342 267 833
228 2279 222 845
246 2405 222 843
249 2274 249 837
305 2635 303 825
245 2409 222 843
222 2054 222 866
222 2665 222 843
216 2084 204 868
305 2635 303 825
287 2449 285 829
267 2345 267 833
258 2309 258 835
258 2309 258 835
285 2452 285 829
231 2518 231 841
236 2430 222 843
267 2345 267 833
278 2393 276 831
278 2393 276 831
231 2114 231 863
209 2237 204 857
213 2038 213 868
204 2029 204 870
211 2538 210 853
206 2150 204 861
206 2150 204 861
217 2436 213 849
314 2733 312 823
285 2452 285 829
267 2345 267 833
249 2274 249 837
233 2264 231 841
225 2403 221 847
222 2091 222 864
314 2733 312 823
209 2237 204 857
260 2308 258 835
305 2635 303 825
296 2531 294 827
287 2449 285 829
217 2436 213 849
305 2635 303 825
226 2489 222 843
260 2308 258 835
226 2489 222 843
231 2118 231 862
249 2274 249 837
222 2091 222 864
285 2452 285 829
267 2345 267 833
314 2733 312 823
296 2531 294 827
303 2638 303 825
296 2531 294 827
294 2534 294 827
287 2449 285 829
276 2396 276 831
314 2733 312 823
312 2736 312 823
285 2452 285 829
278 2393 276 831
287 2449 285 829
312 2736 312 823
278 2393 276 831
258 2309 258 835
321 2852 321 821
321 2852 321 821
321 2852 321 821
321 2852 321 821
314 2733 312 823
314 2733 312 823
314 2733 312 823
314 2733 312 823
314 2733 312 823
314 2733 312 823
312 2736 312 823
312 2736 312 823
305 2635 303 825
305 2635 303 825
305 2635 303 825
305 2635 303 825
305 2635 303 825
305 2635 303 825
305 2635 303 825
305 2635 303 825
296 2531 294 827
296 2531 294 827
296 2531 294 827
287 2449 285 829
287 2449 285 829
287 2449 285 829
287 2449 285 829
287 2449 285 829
285 2452 285 829
285 2452 285 829
285 2452 285 829
285 2452 285 829
285 2452 285 829
285 2452 285 829
278 2393 276 831
267 2345 267 833
267 2345 267 833
267 2345 267 833
267 2345 267 833
258 2309 258 835
258 2309 258 835
258 2309 258 835
258 2309 258 835
258 2309 258 835
249 2274 249 837
323 2852 321 821
321 2856 321 821
240 2266 240 839
240 2266 240 839
240 2266 240 839
240 2266 240 839
276 2409 276 831
267 2349 267 833
258 2322 258 835
249 2285 249 837
296 2533 294 827
308 2647 303 825
303 2697 303 825
294 2753 294 827
323 2852 321 821
318 2737 312 823
285 2464 285 829
312 2745 312 823
287 2462 285 829
285 2464 285 829
240 2266 240 839
314 2742 312 823
240 2266 240 839
240 2266 240 839
327 2856 321 821
323 2906 321 821
247 2280 240 839
255 2320 249 837
315 2731 303 825
296 2535 294 827
310 2776 303 825
265 2404 258 835
276 2537 276 831
290 2479 285 829
273 2395 258 835
282 2527 276 831
285 2482 285 829
312 2771 312 823
314 2754 312 823
276 2500 276 832
267 2352 267 833
267 2352 267 833
293 2518 276 831
267 2352 267 833
314 2754 312 823
267 2352 267 833
267 2352 267 833
267 2352 267 833
267 2352 267 833
267 2352 267 833
326 2933 321 821
325 2944 321 821
267 2369 267 833
261 2382 258 844
251 2434 240 839
296 2536 294 827
317 2804 303 825
279 2585 276 831
256 2390 249 837
314 2757 312 823
287 2483 285 829
312 2778 312 823
265 2431 258 835
267 2369 267 833
283 2542 276 831
285 2574 285 829
339 2966 321 821
338 3206 321 821
267 2371 267 833
251 2441 240 841
296 2548 294 827
320 2851 303 825
319 3018 303 825
277 2607 258 835
312 2786 312 823
281 2647 276 831
314 2767 312 823
289 2535 285 829
262 2443 258 838
283 2576 276 831
285 2618 285 829
264 2488 240 839
264 2493 249 837
265 2476 249 837
264 2493 249 837
264 2493 249 837
264 2493 249 837
340 3107 321 821
277 2446 258 852
268 2377 267 833
266 2672 240 841
253 2475 249 849
320 2938 303 825
296 2551 294 827
340 3107 321 821
312 2884 312 823
264 2507 249 837
278 2643 258 835
314 2768 312 823
281 2660 276 831
287 2606 276 831
267 2435 267 833
294 2578 285 829
289 2607 285 829
266 2469 258 844
260 2584 258 847
314 2768 312 823
275 2503 249 847
266 2672 240 841
266 2672 240 841
291 2585 285 829
340 3107 321 822
332 3133 303 825
272 2390 267 833
270 2680 240 841
255 2515 249 856
312 2914 312 826
336 3098 303 825
316 2801 312 823
278 2655 258 835
296 2552 294 827
285 2724 276 831
260 2575 249 849
267 2456 267 833
298 2586 285 829
267 2576 258 847
269 2700 240 841
270 2403 270 842
290 2679 276 831
291 2587 285 829
314 2823 312 823
272 2531 249 837
272 2531 249 837
260 2575 249 849
293 2630 276 831
271 2405 267 833
291 2642 276 831
272 2531 249 837
314 2853 312 823
273 2735 240 841
273 2430 267 833
265 2652 258 864
296 2662 276 831
296 2571 294 827
266 2577 249 849
292 2803 249 837
267 2461 267 833
294 2603 285 829
279 2655 258 835
278 2643 258 837
293 2735 249 837
318 2860 312 823
316 2996 312 823
293 2776 249 854
274 2449 267 833
267 2463 267 833
278 2643 258 843
296 2574 294 827
306 2876 276 831
293 2723 258 835
301 2710 258 835
296 2619 285 829
296 2619 285 829
271 2461 267 833
273 2452 267 833
320 2939 312 823
312 3019 276 831
293 2785 249 854
267 2465 267 833
267 2465 267 833
293 2729 258 835
293 2729 258 835
298 2576 294 827
296 2627 285 829
296 2608 294 827
297 2585 294 827
267 2465 267 833
327 2957 312 823
312 3022 276 831
296 2811 249 854
271 2465 267 833
267 2472 267 833
301 2905 258 835
296 2638 285 829
304 2616 294 827
299 2732 294 827
312 3022 276 831
300 2680 294 827
302 2678 294 827
342 3071 312 823
330 3201 312 823
302 2892 249 854
285 2469 285 842
267 2498 267 833
314 3046 276 831
300 2683 294 827
276 2479 267 833
281 2476 276 838
298 2653 285 829
296 2667 294 830
311 2992 249 869
304 2693 294 827
302 2716 294 827
267 2506 267 842
281 2534 276 838
272 2546 267 833
298 2677 285 829
298 2677 285 829
298 2677 285 829
298 2677 285 829
306 2720 294 827
281 2537 276 838
277 2552 267 833
273 2577 267 833
300 2684 285 829
307 2744 294 827
307 2744 294 827
283 2547 276 838
279 2556 267 833
300 2689 285 829
311 2748 294 827
307 2750 294 827
287 2752 267 833
283 2586 267 840
301 2708 285 829
296 2593 294 836
300 2749 285 829
292 2646 267 833
293 2619 267 833
286 2607 267 834
301 2708 285 829
316 2775 294 827
314 2825 294 827
295 2750 267 833
284 2609 276 848
308 2631 294 842
287 2755 267 835
301 2710 285 829
298 2679 285 844
302 2675 294 844
300 2742 294 842
302 2705 294 842
316 2871 294 827
316 2871 294 827
315 2921 294 827
301 2707 285 844
295 2765 267 842
295 2769 267 833
302 2710 294 842
301 2751 285 829
300 2744 294 842
300 2744 294 842
316 2895 294 827
305 2795 267 833
304 2769 276 840
313 2771 285 839
304 2864 267 833
306 2818 285 829
307 2792 285 829
316 2977 294 827
312 3022 276 840
312 2835 312 835
311 2769 303 840
308 2880 267 845
306 2881 267 845
310 2919 294 842
315 2823 312 832
313 2830 285 829
321 3241 267 856
321 3006 294 827
316 2875 285 829
335 3054 285 829
329 2945 324 830
323 3148 294 827
316 2896 294 836
333 3041 312 829
321 3088 285 829
341 3120 324 830
337 3372 285 829
336 3081 303 835
335 3256 294 827
329 3127 303 840
333 3114 303 838
339 3111 303 835
336 3343 294 827
336 3115 303 835
336 3116 303 835
336 3153 303 835
349 3350 303 835
323 2852 321 821
321 2857 321 821
204 2023 204 878
204 2023 204 878
204 2024 204 872
211 2538 210 853
276 2396 276 831
213 2159 213 859
222 2196 222 847
258 2309 258 835
303 2638 303 825
225 2403 221 847
312 2736 312 823
249 2229 249 841
214 2311 210 854
278 2393 276 831
231 2217 231 845
222 2665 222 843
287 2449 285 829
314 2733 312 823
240 2222 240 843
231 2118 231 862
249 2274 249 837
249 2274 249 837
228 2279 222 845
305 2635 303 825
222 2054 222 866
240 2266 240 839
260 2308 258 835
287 2449 285 829
267 2345 267 833
216 2084 204 868
231 2518 231 841
269 2342 267 833
294 2534 294 827
314 2733 312 823
260 2308 258 835
231 2114 231 863
209 2237 204 857
296 2531 294 827
236 2430 222 843
204 2029 204 870
240 2266 240 839
217 2436 213 849
213 2360 213 852
213 2038 213 868
314 2733 312 823
245 2409 222 843
312 2736 312 823
305 2635 303 825
267 2345 267 833
233 2264 231 841
217 2436 213 849
246 2405 222 843
219 2378 204 855
231 2135 231 861
294 2534 294 827
278 2393 276 831
267 2345 267 833
209 2237 204 857
285 2452 285 829
226 2489 222 843
219 2378 204 855
312 2736 312 823
305 2635 303 825
296 2531 294 827
285 2452 285 829
213 2124 213 866
269 2342 267 833
226 2489 222 843
206 2150 204 861
222 2091 222 864
222 2091 222 864
206 2150 204 861
213 2360 213 852
323 2852 321 821
305 2635 303 825
305 2635 303 825
296 2531 294 827
296 2531 294 827
285 2452 285 829
260 2308 258 835
267 2345 267 833
240 2266 240 839
323 2852 321 821
321 2857 321 821
305 2635 303 825
303 2638 303 825
296 2531 294 827
287 2449 285 829
260 2308 258 835
287 2449 285 829
312 2736 312 823
287 2449 285 829
285 2452 285 829
323 2852 321 821
323 2852 321 821
323 2852 321 821
323 2852 321 821
323 2852 321 821
323 2852 321 821
321 2857 321 821
321 2857 321 821
321 2857 321 821
321 2857 321 821
321 2857 321 821
314 2733 312 823
314 2733 312 823
314 2733 312 823
312 2736 312 823
312 2736 312 823
305 2635 303 825
305 2635 303 825
305 2635 303 825
305 2635 303 825
305 2635 303 825
303 2638 303 825
303 2638 303 825
303 2638 303 825
303 2638 303 825
303 2638 303 825
303 2638 303 825
296 2531 294 827
296 2531 294 827
296 2531 294 827
294 2534 294 827
294 2534 294 827
294 2534 294 827
287 2449 285 829
287 2449 285 829
287 2449 285 829
287 2449 285 829
287 2449 285 829
287 2449 285 829
278 2393 276 831
278 2393 276 831
269 2342 267 833
269 2342 267 833
269 2342 267 833
269 2342 267 833
269 2342 267 833
260 2308 258 835
260 2308 258 835
260 2308 258 835
249 2274 249 837
249 2274 249 837
323 2860 321 821
321 2918 321 821
240 2283 240 839
250 2303 249 837
260 2310 258 835
305 2650 303 825
294 2536 294 827
314 2757 312 823
303 2684 303 825
312 2794 312 823
269 2351 267 833
276 2407 276 831
267 2450 267 833
296 2535 294 827
278 2404 276 831
287 2453 285 829
285 2478 285 829
285 2478 285 829
285 2478 285 829
278 2404 276 831
296 2535 294 827
285 2478 285 829
285 2478 285 829
327 2884 321 821
321 2949 321 821
261 2417 249 837
260 2314 258 835
269 2365 267 833
312 2798 312 823
305 2654 303 825
316 2766 312 824
278 2406 276 831
294 2571 294 828
296 2544 294 827
287 2454 285 829
276 2459 276 831
303 2691 303 825
285 2496 285 829
294 2669 294 827
285 2478 285 830
323 2887 321 821
314 2767 312 823
303 2691 303 825
286 2478 285 829
328 2908 321 821
266 2492 249 837
261 2316 258 835
260 2325 258 835
317 2827 312 823
287 2459 285 829
278 2417 276 831
309 2708 303 825
296 2548 294 827
294 2698 294 827
276 2397 267 833
303 2703 303 826
272 2414 267 833
317 2830 312 823
303 2676 249 839
269 2363 267 851
264 2535 258 835
314 2782 303 825
287 2462 285 829
296 2567 294 827
294 2727 294 827
303 2813 249 837
282 2434 276 831
270 2398 258 835
278 2404 276 833
275 2437 267 833
267 2420 258 835
276 2434 267 833
276 2434 267 833
323 2874 312 823
314 3160 303 825
270 2403 258 835
267 2540 258 835
284 2473 276 831
287 2465 285 829
314 2849 312 826
323 2847 303 825
296 2569 294 827
277 2449 267 833
294 2733 294 827
275 2472 267 833
294 2733 294 827
296 2569 294 827
268 2444 258 835
294 2733 294 827
331 2995 303 825
326 3055 303 825
324 2936 312 823
271 2447 258 835
268 2467 258 835
287 2510 285 829
294 2740 294 827
296 2582 294 827
278 2497 267 833
290 2595 276 831
278 2462 276 834
291 2572 276 831
350 3373 303 825
334 3234 312 823
285 2471 267 843
277 2476 258 835
309 2726 276 831
294 2750 294 827
296 2587 294 827
278 2576 267 833
289 2520 285 829
288 2530 285 829
313 2729 276 831
296 2589 294 827
282 2600 258 835
282 2511 267 843
281 2546 267 856
279 2623 258 835
289 2531 285 829
280 2580 267 833
288 2534 285 829
317 2896 276 831
296 2594 294 827
289 2541 285 829
281 2639 258 835
280 2670 258 835
281 2736 267 833
288 2589 285 829
284 2622 267 833
289 2541 285 829
284 2622 267 833
289 2541 285 829
289 2541 285 829
289 2541 285 829
321 2984 276 831
301 2541 285 829
299 2600 294 827
296 2605 294 827
292 2678 258 835
288 2594 288 838
280 2684 258 835
288 2793 267 833
290 2709 267 833
289 2543 285 829
296 2612 294 827
294 2768 267 833
291 2551 285 829
284 2689 258 835
280 2727 258 835
280 2727 258 835
280 2727 258 835
312 2824 267 833
299 2757 258 847
296 2615 294 827
296 2556 285 829
295 2828 267 833
291 2629 285 842
301 2821 258 835
291 2682 285 831
295 2603 285 838
294 2608 294 830
321 3060 267 833
308 2892 267 846
303 2556 285 829
297 2620 294 827
296 2629 294 827
296 2581 294 837
303 2900 276 841
321 2996 267 843
296 2615 285 829
300 2603 294 836
331 2981 276 841
316 2910 276 850
316 2910 276 850
305 2604 285 829
296 2633 294 827
301 2718 285 829
297 2615 294 836
301 2710 285 837
302 2621 294 833
302 2678 285 837
316 2910 276 850
316 2910 276 850
316 2910 276 850
316 2910 276 850
333 3044 276 847
316 2919 276 850
302 2638 294 827
300 2648 297 836
296 2641 294 849
301 2799 285 842
305 2684 285 829
303 2739 285 829
296 2665 294 827
300 2663 294 827
316 2967 276 862
309 2688 294 827
302 2649 294 846
300 2691 294 827
296 2665 294 835
304 2791 285 847
306 2892 285 829
315 2865 285 837
316 2837 285 829
296 2665 294 835
296 2665 294 835
316 2895 285 829
310 2699 294 827
308 2834 285 848
306 2901 285 829
305 2670 294 836
301 2743 294 827
296 2674 294 835
304 2701 294 827
317 2937 285 829
314 2733 312 833
307 2700 294 836
305 2731 303 851
303 2780 294 827
310 2734 294 833
338 3038 285 839
322 3055 285 842
316 2747 294 836
312 2782 294 827
307 2814 294 827
336 3050 285 839
312 2782 294 827
312 2782 294 827
312 2782 294 827
324 3056 285 842
321 2776 303 837
316 2807 294 827
308 2856 294 829
312 2782 294 830
309 2844 294 827
312 2813 294 827
342 3404 285 842
324 2836 312 829
321 2840 294 827
310 2856 294 827
320 2852 294 827
321 2849 294 827
321 2849 294 827
321 2849 294 827
321 2849 294 827
321 2849 294 827
321 2841 294 836
319 2872 294 827
316 2887 294 840
311 2912 294 827
321 2854 294 827
312 2939 294 827
323 2864 321 833
322 2871 294 827
316 2968 294 827
326 2983 294 827
323 2927 321 830
323 2873 321 831
322 2896 294 840
322 2936 303 838
323 2934 294 837
329 2991 294 827
324 3227 306 847
323 2881 321 833
326 3090 294 827
328 2937 312 838
333 3007 333 828
332 2982 321 834
330 3212 312 836
329 2996 321 834
336 3292 312 836
333 3038 333 829
332 2990 321 834
330 3001 321 834
342 3375 312 846
332 2995 321 834
332 3003 321 834
333 3032 333 837
332 3217 321 836
