1127 17.4915
206 2214 204 859
206 2118 204 883
204 2180 204 861
321 3047 321 814
204 2126 204 883
321 3047 321 814
312 2919 312 816
294 2727 294 820
303 2813 303 818
285 2621 285 822
312 2919 312 816
294 2727 294 820
303 2813 303 818
285 2621 285 822
276 2537 276 824
269 2485 267 826
276 2537 276 824
269 2485 267 826
251 2424 249 832
240 2305 240 844
276 2537 276 824
223 2258 222 854
233 2372 231 838
258 2463 258 828
221 2384 221 842
204 2148 204 872
258 2409 258 832
260 2459 258 828
231 2313 231 848
222 2330 222 846
231 2370 231 840
251 2395 249 834
206 2123 204 880
221 2384 221 842
212 2493 204 850
240 2301 240 850
242 2455 231 835
213 2174 213 864
204 2163 204 870
206 2172 204 866
234 2329 231 840
261 2422 258 830
213 2457 210 848
206 2128 204 877
249 2438 249 832
204 2134 204 874
240 2355 240 838
213 2397 213 846
215 2366 213 844
267 2489 267 826
206 2172 204 866
204 2206 204 860
204 2129 204 880
206 2128 204 877
204 2163 204 870
213 2174 213 864
206 2118 204 883
222 2277 222 854
215 2351 213 846
210 2392 210 850
215 2411 210 849
214 2234 213 857
260 2399 258 832
240 2412 240 834
222 2335 222 844
261 2422 258 830
240 2385 240 836
222 2382 222 840
222 2290 222 852
231 2393 231 836
204 2134 204 874
260 2429 258 830
204 2175 204 866
213 2188 213 858
233 2372 231 838
242 2455 231 835
240 2305 240 844
213 2174 213 864
240 2451 240 832
231 2324 231 842
276 2537 276 824
222 2272 222 856
231 2313 231 848
260 2459 258 828
213 2271 213 857
212 2493 204 850
223 2258 222 854
214 2234 213 857
222 2382 222 840
251 2450 249 830
213 2322 213 851
206 2214 204 859
204 2206 204 860
223 2258 222 854
242 2431 222 839
267 2489 267 826
222 2272 222 856
213 2322 213 851
204 2180 204 861
258 2409 258 832
204 2309 204 852
204 2218 204 858
222 2468 222 838
210 2392 210 850
260 2399 258 832
204 2218 204 858
249 2459 249 830
242 2431 222 839
231 2461 231 834
214 2443 210 849
222 2323 222 849
215 2351 213 846
213 2337 213 848
222 2290 222 852
215 2366 213 844
222 2382 222 840
213 2188 213 858
249 2438 249 832
231 2317 231 844
204 2296 204 854
222 2335 222 844
222 2277 222 854
231 2324 231 842
251 2424 249 832
206 2118 204 883
240 2301 240 850
204 2296 204 854
206 2123 204 880
222 2468 222 838
231 2313 231 848
258 2439 258 830
204 2309 204 852
242 2455 231 835
240 2301 240 850
240 2451 240 832
214 2443 210 849
240 2355 240 838
204 2126 204 883
231 2370 231 840
242 2315 240 838
231 2461 231 834
213 2457 210 848
260 2429 258 830
260 2459 258 828
213 2411 213 844
222 2315 222 850
213 2337 213 848
258 2463 258 828
222 2323 222 849
258 2439 258 830
242 2398 240 834
240 2412 240 834
213 2271 213 857
222 2272 222 856
204 2175 204 866
251 2450 249 830
242 2398 240 834
222 2330 222 846
204 2129 204 880
206 2214 204 859
223 2258 222 854
221 2384 221 842
214 2234 213 857
321 3047 321 814
285 2621 285 822
240 2451 240 832
223 2258 222 854
213 2457 210 848
222 2330 222 846
285 2621 285 822
223 2258 222 854
204 2206 204 860
