74 23.1328
234 2843 231 864
233 2937 231 862
232 2793 231 865
221 2988 204 875
206 2628 204 880
205 2593 204 887
205 2576 204 896
223 2740 222 866
214 2650 213 875
215 2733 213 870
208 2790 204 877
223 2709 222 873
227 2895 213 868
234 2843 231 864
205 2593 204 887
221 2988 204 875
217 2897 213 868
231 2900 222 864
224 2845 222 865
214 2822 213 870
205 2585 204 890
205 2576 204 896
205 2624 204 881
215 2711 213 872
205 2593 204 887
207 2620 204 881
233 2937 231 862
233 2881 231 864
223 2709 222 873
214 2650 213 875
221 2988 204 875
205 2587 204 889
232 2793 231 865
231 2900 222 864
206 2628 204 880
205 2642 204 879
223 2709 222 873
205 2642 204 879
233 2937 231 862
223 2709 222 873
205 2593 204 887
206 2628 204 880
234 2843 231 864
223 2709 222 873
205 2593 204 887
205 2585 204 890
232 2793 231 865
205 2593 204 887
234 2843 231 864
234 2843 231 864
233 2937 231 862
233 2937 231 862
231 2900 222 864
231 2900 222 864
206 2628 204 880
206 2628 204 880
206 2628 204 880
205 2593 204 887
205 2593 204 887
205 2593 204 887
205 2593 204 887
205 2593 204 887
205 2593 204 887
205 2593 204 887
205 2593 204 887
205 2593 204 887
205 2593 204 887
205 2593 204 887
205 2593 204 887
205 2593 204 887
205 2593 204 887
205 2593 204 887
205 2593 204 887
234 2845 231 864
233 2940 231 862
222 2991 204 875
205 2653 204 879
205 2588 204 890
205 2581 204 896
223 2744 222 866
214 2650 213 877
223 2744 222 866
215 2668 213 875
205 2605 204 887
227 2898 213 868
233 2868 231 865
217 2916 213 868
217 2782 213 870
208 2794 204 877
215 2713 213 872
205 2631 204 885
206 2644 204 880
208 2794 204 877
231 2900 222 865
205 2637 204 881
214 2695 213 875
232 2872 231 865
215 2713 213 872
231 2903 222 864
205 2605 204 887
205 2589 204 889
205 2625 204 886
207 2631 204 881
205 2653 204 879
233 2868 231 865
215 2793 213 870
214 2650 213 877
234 2793 231 865
214 2650 213 877
233 2868 231 865
215 2668 213 875
205 2588 204 890
233 2868 231 865
233 2868 231 865
233 2868 231 865
233 2868 231 865
233 2868 231 865
233 2868 231 865
215 2668 213 875
208 2794 204 877
205 2588 204 890
205 2588 204 890
243 2967 231 862
233 3094 231 862
205 2582 204 896
205 2582 204 896
205 2582 204 896
223 2764 222 866
235 2848 231 864
214 2696 213 875
242 2975 222 864
220 2933 213 868
208 2798 204 877
220 2933 213 868
205 2593 204 889
206 2626 204 886
234 2980 231 862
205 2593 204 889
234 2850 231 864
215 2795 213 870
213 2640 204 881
205 2648 204 881
215 2715 213 872
205 2606 204 887
215 2715 213 872
205 2660 204 879
206 2645 204 880
215 2795 213 870
220 2933 213 868
205 2593 204 889
205 2660 204 879
205 2648 204 881
205 2593 204 889
205 2582 204 896
205 2648 204 881
215 2795 213 870
215 2715 213 872
205 2660 204 879
205 2593 204 889
205 2593 204 889
205 2593 204 889
205 2593 204 889
205 2582 204 896
205 2582 204 896
205 2582 204 896
205 2582 204 896
205 2582 204 896
251 3161 222 864
246 3024 231 862
205 2583 204 896
205 2582 204 902
234 2875 231 864
209 2597 204 890
222 2947 213 868
214 2633 213 886
215 2809 213 870
234 2875 231 864
223 2715 222 873
224 2768 222 866
216 2704 213 875
208 2802 204 877
223 2823 222 866
205 2598 204 890
214 2674 204 879
205 2609 204 887
214 2646 213 883
215 2716 213 872
206 2684 204 879
205 2651 204 881
205 2730 204 880
214 2706 213 875
214 2658 204 880
223 2715 222 873
207 2683 204 879
224 2768 222 866
206 2663 204 880
224 2768 222 866
206 2663 204 880
206 2663 204 880
224 2768 222 866
248 2985 213 868
246 3030 231 862
231 3093 213 869
205 2612 204 895
205 2587 204 896
234 2884 231 864
235 2983 213 869
214 2697 204 879
231 2781 222 868
215 2726 213 872
205 2631 204 887
224 2821 222 868
237 3087 213 868
230 2791 222 870
246 3030 231 862
215 2833 213 870
207 2677 204 882
205 2616 204 892
210 2833 204 877
230 2829 222 866
206 2716 204 882
206 2733 204 879
233 2804 222 867
210 2824 204 878
234 2989 213 869
215 2819 213 871
230 2791 222 870
215 2726 213 872
231 3093 213 869
246 3030 231 862
246 3030 231 862
246 3030 231 862
252 3029 213 868
246 3034 231 862
242 3115 213 868
205 2668 204 887
205 2588 204 896
207 2712 204 882
240 2940 231 864
215 2783 213 876
230 2804 222 872
231 2837 222 866
239 2998 231 864
235 2825 222 867
218 2745 213 879
214 2711 213 881
228 2897 222 868
222 2809 213 872
211 2849 204 877
230 2940 222 866
211 2830 204 879
216 2778 213 877
246 3034 231 862
224 2834 213 870
212 2749 204 879
215 2840 213 870
230 2890 222 868
225 2838 204 877
225 2838 204 877
246 3034 231 862
246 3034 231 862
225 2838 204 877
254 3215 213 868
248 3036 231 862
209 2668 204 889
205 2615 204 896
234 2843 231 869
232 2898 222 866
207 2706 204 887
226 2838 213 872
214 2754 213 880
224 2818 222 873
216 2712 204 883
211 2757 204 885
232 2854 222 867
219 2806 204 879
233 2805 222 874
214 2880 204 877
223 2796 222 877
232 2890 231 866
215 2849 213 870
214 2770 204 882
214 2785 204 881
215 2827 213 878
226 2828 213 877
214 2820 204 879
232 2890 231 866
257 3195 231 862
210 2675 204 890
205 2695 204 898
237 2865 231 870
227 3018 204 877
235 2915 222 868
224 2837 222 874
220 2866 204 879
218 2850 213 877
224 2841 213 878
236 2925 222 866
214 2815 204 886
213 2761 204 887
217 2808 204 881
210 2747 204 889
216 2878 213 870
223 2806 204 880
214 2723 204 889
225 2851 213 872
218 2760 204 887
222 2857 213 872
216 2812 204 881
214 2839 204 880
216 2865 213 879
222 2857 213 872
258 3209 231 863
213 2704 204 890
239 3111 204 878
225 2876 213 872
240 2937 222 866
221 2911 213 870
223 2806 222 882
241 2925 222 866
214 2847 204 887
213 2749 204 889
215 2852 204 880
224 2812 204 880
224 2812 204 880
270 3275 231 865
214 2781 204 895
251 3187 204 878
229 2925 213 870
237 2921 222 874
247 3090 222 866
232 2825 213 886
245 3056 222 867
220 2864 204 880
232 2886 213 877
221 2846 213 889
229 2799 204 892
224 2818 204 890
228 2878 213 878
224 2827 204 880
251 3118 222 866
216 2808 204 904
234 3000 222 870
224 2831 213 886
231 2943 213 872
231 2904 204 880
226 2833 222 885
222 2891 204 882
250 3046 231 870
244 3157 204 880
226 2976 204 885
226 2843 213 887
223 2959 213 907
234 2943 222 881
243 3125 213 872
230 2931 213 883
232 2957 213 873
235 3006 213 885
235 2883 213 889
235 2857 222 889
233 2958 222 873
240 2905 222 895
235 3030 222 874
234 3038 222 876
215 2548 213 876
215 2548 213 876
213 2588 213 876
213 2516 213 884
204 2577 204 878
204 2507 204 886
213 2516 213 884
206 2536 204 878
206 2536 204 878
206 2536 204 878
213 2516 213 884
213 2588 213 876
215 2548 213 876
213 2516 213 884
213 2516 213 884
213 2516 213 884
213 2516 213 884
213 2516 213 884
206 2536 204 878
215 2551 213 876
215 2551 213 876
213 2594 213 876
204 2512 204 886
204 2507 204 893
206 2538 204 878
213 2594 213 876
213 2520 213 884
204 2512 204 886
204 2579 204 878
204 2579 204 878
204 2579 204 878
204 2512 204 886
213 2594 213 876
204 2512 204 886
213 2594 213 876
213 2594 213 876
213 2594 213 876
213 2594 213 876
213 2594 213 876
213 2594 213 876
213 2594 213 876
213 2594 213 876
213 2594 213 876
204 2579 204 878
204 2579 204 878
204 2579 204 878
204 2579 204 878
204 2579 204 878
204 2579 204 878
204 2579 204 878
204 2512 204 886
204 2512 204 886
204 2512 204 886
204 2512 204 886
215 2552 213 876
213 2595 213 876
204 2512 204 889
204 2509 204 893
213 2524 213 884
206 2539 204 878
204 2580 204 878
213 2524 213 884
204 2514 204 886
204 2514 204 886
204 2514 204 886
213 2524 213 884
204 2514 204 886
204 2514 204 886
204 2514 204 886
204 2514 204 886
204 2514 204 886
204 2514 204 886
204 2514 204 886
204 2514 204 886
204 2514 204 886
204 2514 204 886
204 2514 204 886
215 2555 213 876
215 2555 213 876
213 2596 213 876
213 2525 213 884
206 2543 204 878
204 2511 204 893
204 2511 204 893
204 2511 204 893
204 2516 204 886
206 2543 204 878
215 2555 213 876
206 2543 204 878
204 2516 204 886
204 2511 204 893
204 2580 204 884
206 2543 204 878
206 2543 204 878
204 2511 204 893
204 2516 204 886
204 2582 204 878
215 2555 213 876
204 2580 204 884
206 2543 204 878
204 2582 204 878
215 2555 213 876
215 2555 213 876
215 2555 213 876
215 2555 213 876
215 2555 213 876
215 2555 213 876
215 2555 213 876
215 2555 213 876
215 2555 213 876
206 2543 204 878
206 2543 204 878
206 2543 204 878
206 2543 204 878
206 2543 204 878
206 2543 204 878
206 2543 204 878
206 2543 204 878
206 2543 204 878
206 2543 204 878
206 2543 204 878
206 2543 204 878
206 2543 204 878
206 2543 204 878
206 2543 204 878
206 2543 204 878
206 2543 204 878
206 2543 204 878
206 2543 204 878
206 2543 204 878
206 2543 204 878
206 2543 204 878
206 2543 204 878
206 2543 204 878
206 2543 204 878
206 2543 204 878
206 2543 204 878
206 2543 204 878
206 2543 204 878
206 2543 204 878
204 2582 204 878
204 2580 204 884
204 2580 204 884
204 2511 204 893
204 2511 204 893
204 2511 204 893
204 2511 204 893
204 2511 204 893
204 2511 204 893
204 2511 204 893
204 2511 204 893
204 2511 204 893
204 2511 204 893
204 2511 204 893
215 2557 213 876
215 2557 213 876
215 2557 213 876
213 2598 213 876
204 2511 204 901
204 2511 204 901
206 2543 204 884
215 2557 213 876
213 2598 213 876
204 2518 204 886
204 2513 204 893
206 2545 204 878
204 2513 204 893
204 2582 204 884
215 2557 213 876
213 2526 213 884
206 2545 204 878
204 2583 204 878
215 2557 213 876
213 2598 213 876
213 2598 213 876
215 2557 213 876
206 2543 204 884
213 2598 213 876
204 2583 204 878
215 2557 213 876
215 2557 213 876
215 2557 213 876
215 2557 213 876
215 2557 213 876
215 2557 213 876
215 2557 213 876
215 2557 213 876
215 2557 213 876
215 2557 213 876
215 2557 213 876
215 2557 213 876
215 2557 213 876
215 2557 213 876
215 2557 213 876
215 2557 213 876
215 2557 213 876
215 2557 213 876
215 2557 213 876
215 2557 213 876
215 2557 213 876
215 2557 213 876
215 2557 213 876
215 2557 213 876
215 2557 213 876
215 2557 213 876
215 2557 213 876
215 2557 213 876
215 2557 213 876
215 2557 213 876
215 2557 213 876
215 2557 213 876
213 2598 213 876
213 2598 213 876
213 2598 213 876
213 2598 213 876
213 2598 213 876
213 2598 213 876
213 2598 213 876
213 2598 213 876
213 2598 213 876
213 2598 213 876
213 2598 213 876
213 2598 213 876
213 2598 213 876
213 2598 213 876
213 2598 213 876
213 2598 213 876
213 2598 213 876
213 2598 213 876
213 2598 213 876
213 2598 213 876
213 2598 213 876
206 2545 204 878
206 2545 204 878
206 2545 204 878
206 2545 204 878
206 2545 204 878
206 2545 204 878
206 2545 204 878
204 2583 204 878
204 2513 204 893
215 2560 213 876
213 2600 213 876
204 2511 204 914
204 2586 204 878
206 2546 204 878
204 2519 204 886
204 2516 204 893
204 2512 204 901
204 2586 204 878
204 2512 204 901
204 2512 204 901
215 2567 213 876
213 2602 213 876
204 2516 204 899
204 2589 204 878
206 2547 204 878
206 2546 204 884
204 2523 204 886
204 2520 204 893
215 2568 213 876
213 2610 213 876
213 2516 213 899
204 2523 204 895
204 2593 204 878
204 2526 204 886
206 2548 204 878
206 2548 204 878
204 2525 204 893
206 2548 204 878
206 2548 204 878
215 2570 213 876
213 2612 213 876
204 2530 204 893
204 2595 204 878
204 2551 204 886
206 2555 204 878
206 2555 204 878
215 2572 213 876
213 2620 213 876
204 2532 204 893
204 2598 204 878
204 2552 204 886
206 2557 204 878
215 2575 213 876
204 2601 204 878
204 2536 204 893
206 2558 204 878
204 2595 204 886
204 2579 204 887
221 2580 213 876
215 2755 213 876
204 2551 204 893
206 2559 204 878
219 2616 213 876
216 2736 213 876
206 2559 204 878
221 2582 213 876
206 2562 204 878
204 2563 204 893
221 2597 213 876
213 2565 213 897
206 2571 204 878
204 2579 204 895
204 2590 204 893
223 2612 213 876
206 2579 204 878
223 2661 213 876
216 2580 213 884
206 2582 204 891
206 2583 204 878
225 2726 213 876
206 2586 204 878
228 2763 213 876
206 2588 204 878
228 2798 213 876
216 2588 213 887
206 2589 204 891
206 2673 204 878
218 2593 213 884
206 2656 204 884
212 2614 204 878
207 2629 204 878
213 2609 213 884
207 2589 204 886
237 2880 213 876
218 2598 213 889
207 2639 204 878
219 2627 213 882
213 2615 213 884
216 2613 213 884
238 2912 213 876
225 2661 225 883
225 2646 225 896
212 2654 204 901
208 2712 204 891
212 2720 204 878
217 2668 204 886
216 2680 204 884
225 2683 213 884
225 2674 225 883
219 2730 204 878
216 2683 204 893
212 2716 204 891
216 2688 216 885
217 2706 204 886
218 2698 204 884
228 2749 213 881
222 2685 213 896
220 2759 204 878
218 2700 216 887
217 2692 204 893
216 2688 216 893
219 2723 204 891
220 2704 213 884
240 2916 225 883
218 2724 204 905
221 2768 204 891
232 2729 213 899
224 2734 213 884
247 3118 204 891
231 2899 204 899
231 2773 216 885
237 2851 225 899
239 3003 213 848
237 3056 213 848
213 2421 213 875
204 2471 204 865
204 2457 204 870
204 2411 204 885
214 2605 210 856
227 2985 204 859
227 2822 210 852
218 2787 213 852
221 2765 213 852
212 2528 210 858
233 2881 213 850
213 2421 213 875
224 2961 204 861
219 2600 210 856
204 2440 204 872
231 2786 210 854
213 2438 213 870
226 2912 213 850
225 2915 204 861
213 2517 213 856
204 2476 204 863
220 2799 210 854
204 2440 204 872
213 2458 213 861
204 2471 204 865
204 2476 204 863
231 2786 210 854
213 2526 213 854
204 2440 204 872
213 2523 210 858
213 2517 213 856
213 2517 213 856
213 2517 213 856
213 2526 213 854
213 2523 210 858
231 2786 210 854
231 2786 210 854
213 2526 213 854
213 2526 213 854
213 2517 213 856
213 2517 213 856
213 2517 213 856
204 2440 204 872
204 2440 204 872
204 2440 204 872
204 2440 204 872
204 2440 204 872
204 2440 204 872
247 3188 213 848
213 2428 213 875
204 2446 204 872
214 2557 210 858
204 2495 204 863
212 2583 210 858
235 2883 210 852
229 2795 213 852
227 2989 204 859
231 2934 213 850
215 2609 210 856
204 2474 204 865
213 2455 213 870
222 2837 210 854
204 2446 204 872
225 2882 213 852
219 2601 210 856
213 2535 213 854
213 2518 213 856
226 2949 204 861
213 2467 213 861
213 2466 213 863
227 2989 204 859
213 2467 213 861
227 2849 213 852
219 2601 210 856
215 2609 210 856
213 2467 213 861
213 2467 213 861
213 2467 213 861
213 2467 213 861
249 3228 213 848
213 2433 213 875
213 2430 213 883
204 2479 204 865
204 2449 204 872
233 3060 204 859
225 2680 210 856
228 2908 213 852
224 2730 210 856
227 2909 210 854
236 2859 210 854
204 2449 204 872
216 2569 210 858
213 2469 213 866
234 2952 213 850
213 2537 213 854
230 2849 213 852
232 3010 204 861
204 2507 204 863
216 2569 210 858
235 2893 210 852
213 2433 213 875
204 2449 204 872
232 3010 204 861
229 3058 204 861
213 2537 213 854
213 2525 213 856
213 2470 213 861
204 2479 204 865
227 2909 210 854
235 2893 210 852
236 2859 210 854
216 2569 210 858
229 3058 204 861
213 2525 213 856
204 2479 204 865
213 2525 213 856
213 2433 213 875
213 2433 213 875
204 2479 204 865
204 2479 204 865
204 2479 204 865
204 2479 204 865
204 2479 204 865
204 2479 204 865
204 2479 204 865
204 2479 204 865
204 2479 204 865
204 2479 204 865
204 2479 204 865
253 3237 213 848
213 2435 213 875
213 2433 213 877
204 2509 204 863
204 2481 204 870
204 2450 204 878
216 2601 210 858
204 2450 204 878
235 2895 210 854
243 3084 204 859
230 2854 213 852
238 2965 213 850
225 2695 210 856
225 2695 210 856
249 2981 210 852
204 2482 204 865
213 2553 213 854
204 2481 204 870
236 2881 210 854
240 2963 213 850
204 2452 204 872
232 3023 204 861
213 2471 213 861
232 3023 204 861
204 2509 204 863
235 2895 210 854
231 2915 210 854
204 2452 204 872
238 2965 213 850
232 3023 204 861
213 2528 213 856
231 2915 210 854
238 2965 213 850
238 2965 213 850
235 2966 213 850
213 2553 213 854
235 2895 210 854
204 2481 204 870
238 2965 213 850
235 2895 210 854
204 2481 204 870
259 3356 213 848
259 3356 213 848
213 2484 213 861
213 2435 213 877
204 2491 204 865
204 2453 204 872
239 3109 204 861
235 2919 210 854
259 3356 213 848
221 2634 210 858
242 2967 213 850
226 2758 210 856
219 2641 210 858
238 3009 213 850
205 2510 204 863
230 2855 213 852
235 2919 210 854
230 2855 213 852
213 2564 213 854
213 2474 213 863
213 2471 213 869
213 2474 213 863
213 2473 213 868
213 2484 213 861
221 2634 210 858
213 2530 213 856
204 2531 204 863
213 2473 213 868
205 2484 204 868
213 2484 213 861
213 2473 213 868
204 2531 204 863
213 2484 213 861
213 2484 213 861
213 2484 213 861
213 2484 213 861
213 2484 213 861
213 2484 213 861
213 2473 213 868
213 2473 213 868
213 2473 213 868
213 2473 213 868
213 2473 213 868
213 2473 213 868
213 2473 213 868
264 3438 213 848
213 2444 213 877
213 2444 213 877
204 2635 204 863
204 2454 204 872
243 3034 210 854
244 3059 213 850
230 2861 213 852
221 2666 210 862
207 2516 204 865
228 2772 210 856
213 2474 213 870
222 2678 210 858
215 2535 210 864
213 2569 213 854
213 2485 213 861
221 2696 210 858
213 2485 213 861
213 2538 213 856
205 2536 204 863
221 2666 210 862
213 2478 213 863
213 2478 213 863
213 2444 213 877
221 2666 210 862
213 2485 213 861
213 2444 213 877
249 3188 213 850
213 2473 213 873
213 2457 213 875
210 2479 204 878
204 2482 204 872
231 2900 210 856
206 2560 204 863
226 2742 210 858
218 2700 213 854
236 2882 213 852
210 2550 204 863
234 2810 210 856
213 2738 213 854
230 2884 213 852
220 2494 213 861
223 2712 210 861
213 2503 213 861
213 2539 213 856
218 2497 213 861
231 2900 210 856
260 3406 213 850
213 2461 213 883
204 2500 204 872
212 2574 210 864
212 2595 204 863
230 2906 213 852
216 2739 213 854
228 2812 210 858
236 2893 213 852
235 2853 210 856
213 2514 213 861
235 2853 210 856
213 2545 213 856
236 2893 213 852
236 2893 213 852
265 3513 213 850
213 2521 213 866
210 2547 204 872
204 2591 204 872
220 2712 204 863
229 2814 210 858
231 2934 213 852
236 2901 213 852
236 2881 210 856
218 2760 213 854
214 2630 204 865
213 2553 213 856
208 2552 204 872
239 2892 210 856
236 2909 213 852
213 2559 213 856
212 2577 204 872
223 2774 204 863
231 2879 210 862
216 2674 204 871
234 2903 210 860
225 2787 213 854
254 3226 210 856
236 2912 213 852
232 2798 221 854
213 2561 213 861
212 2628 204 878
245 3071 210 862
235 3019 204 863
216 2676 204 872
224 2791 204 868
239 2938 204 863
226 2864 213 854
215 2650 204 874
213 2573 213 856
224 2830 204 865
254 3207 213 852
223 2711 204 872
213 2564 213 862
227 2935 204 868
238 2866 204 865
213 2613 213 856
223 2753 204 872
213 2651 213 856
213 2574 213 877
213 2634 213 861
213 2603 213 872
242 2838 204 874
229 2939 204 875
226 2975 204 873
225 2647 225 870
217 2715 213 856
213 2665 213 863
216 2687 213 861
215 2694 213 861
227 2985 204 884
218 2766 213 856
216 2676 213 871
213 2759 213 863
215 2713 213 861
223 2714 213 861
222 2743 213 861
220 2769 213 856
228 2995 213 858
226 2759 213 861
225 2761 213 877
225 2751 225 869
221 2931 213 870
223 2772 213 859
231 2795 213 876
230 2891 213 859
225 2835 213 866
223 2891 213 861
240 2856 213 866
234 2852 223 876
230 2894 213 859
228 2959 213 870
227 2891 215 861
242 3026 221 859
241 3026 213 862
240 3030 213 859
236 3056 213 866
235 2932 216 875
247 3113 213 861
242 3127 213 859
234 2530 229 866
213 2388 213 874
204 2480 204 874
204 2399 204 884
204 2399 204 884
220 2492 220 868
204 2401 204 883
220 2479 220 870
204 2424 204 876
204 2435 204 875
211 2486 211 871
213 2452 213 872
211 2482 211 873
204 2399 204 884
220 2479 220 870
213 2452 213 872
211 2515 211 870
204 2424 204 876
211 2515 211 870
213 2388 213 874
204 2435 204 875
211 2482 211 873
213 2388 213 874
211 2482 211 873
213 2388 213 874
211 2515 211 870
211 2482 211 873
234 2546 229 866
213 2392 213 874
204 2427 204 876
204 2401 204 884
204 2401 204 884
220 2493 220 868
234 2546 229 866
211 2516 211 870
220 2480 220 870
204 2417 204 883
204 2427 204 876
217 2465 213 872
211 2490 211 872
205 2487 204 874
205 2438 204 875
213 2453 213 873
213 2392 213 874
211 2512 211 871
213 2472 213 872
213 2392 213 874
204 2458 204 875
204 2417 204 883
211 2490 211 872
211 2512 211 871
234 2546 229 866
234 2546 229 866
234 2546 229 866
234 2546 229 866
213 2392 213 874
213 2392 213 874
211 2490 211 872
211 2490 211 872
204 2427 204 876
204 2427 204 876
234 2549 229 866
213 2394 213 874
204 2466 204 875
204 2427 204 877
204 2404 204 884
220 2494 220 868
234 2549 229 866
220 2484 220 871
211 2527 211 870
205 2448 204 875
211 2525 211 871
204 2438 204 876
213 2394 213 874
210 2498 204 874
206 2503 204 874
206 2503 204 874
213 2394 213 874
213 2473 213 872
213 2457 213 873
213 2457 213 873
204 2466 204 875
211 2491 211 872
213 2394 213 874
213 2394 213 874
211 2491 211 872
211 2491 211 872
213 2473 213 872
234 2549 229 866
213 2473 213 872
213 2394 213 874
213 2394 213 874
213 2394 213 874
211 2491 211 872
234 2554 229 866
213 2395 213 874
204 2406 204 884
204 2406 204 884
204 2406 204 884
220 2495 220 868
211 2534 211 870
213 2395 213 874
220 2495 220 868
204 2440 204 877
211 2501 204 874
211 2494 211 872
218 2467 213 873
211 2528 211 871
204 2433 204 883
204 2436 204 882
213 2483 213 872
206 2439 204 876
204 2456 204 876
206 2504 204 874
204 2406 204 884
205 2466 204 875
213 2476 213 873
204 2470 204 875
204 2436 204 882
204 2406 204 884
213 2395 213 874
211 2494 211 872
213 2395 213 874
213 2395 213 874
211 2501 204 874
204 2470 204 875
220 2495 220 868
213 2395 213 874
213 2395 213 874
213 2395 213 874
213 2395 213 874
213 2395 213 874
213 2395 213 874
213 2395 213 874
213 2395 213 874
213 2395 213 874
213 2395 213 874
213 2395 213 874
213 2395 213 874
213 2395 213 874
213 2395 213 874
213 2395 213 874
213 2395 213 874
213 2395 213 874
213 2395 213 874
213 2395 213 874
204 2406 204 884
204 2406 204 884
204 2406 204 884
204 2406 204 884
204 2406 204 884
204 2406 204 884
204 2406 204 884
204 2406 204 884
204 2406 204 884
234 2557 229 866
213 2404 213 875
204 2451 204 877
204 2409 204 884
204 2409 204 884
220 2497 220 868
211 2535 211 870
209 2511 204 874
220 2496 220 871
204 2434 204 883
211 2496 211 872
217 2478 213 873
204 2451 204 877
208 2515 204 874
213 2486 213 872
205 2471 204 875
207 2441 204 877
204 2462 204 876
204 2462 204 876
213 2407 213 874
204 2474 204 875
204 2434 204 883
208 2445 204 876
204 2451 204 877
204 2409 204 884
213 2486 213 872
204 2451 204 877
204 2451 204 877
234 2564 229 866
206 2504 204 875
204 2439 204 883
204 2410 204 884
223 2498 220 870
218 2490 213 873
211 2540 211 870
213 2410 213 874
207 2446 204 877
220 2499 220 871
206 2462 204 876
204 2468 204 876
220 2519 220 868
220 2519 220 868
211 2539 211 871
211 2499 211 872
208 2528 204 874
220 2501 220 869
207 2446 204 877
208 2528 204 874
211 2539 211 871
208 2528 204 874
220 2500 220 870
220 2499 220 871
220 2499 220 871
220 2499 220 871
220 2499 220 871
220 2499 220 871
208 2528 204 874
208 2528 204 874
234 2565 229 866
212 2520 204 876
204 2447 204 883
204 2412 204 884
223 2499 220 870
214 2543 204 874
220 2501 220 871
211 2486 211 880
211 2507 211 872
220 2520 220 868
208 2490 204 877
214 2414 213 874
204 2476 204 882
207 2456 204 882
213 2433 213 874
208 2532 204 875
207 2441 204 883
210 2552 204 874
213 2415 213 875
211 2500 211 873
220 2512 220 869
213 2499 213 872
211 2553 211 870
211 2540 211 871
223 2499 220 870
220 2501 220 871
220 2502 220 870
220 2502 220 870
220 2502 220 870
263 3092 229 866
255 3176 229 866
204 2427 204 884
204 2419 204 893
220 2502 220 871
215 2593 204 874
255 3176 229 866
206 2487 204 882
209 2539 204 875
217 2499 213 872
211 2502 211 873
220 2525 220 868
213 2438 213 874
216 2550 211 871
211 2564 211 870
220 2522 220 869
220 2525 220 868
220 2525 220 868
211 2512 211 872
220 2503 220 870
220 2525 220 868
255 3176 229 866
255 3176 229 866
220 2525 220 868
220 2525 220 868
220 2525 220 868
220 2525 220 868
220 2525 220 868
220 2525 220 868
255 3178 229 866
224 2707 204 874
216 2439 213 874
204 2475 204 884
229 2526 211 881
214 2552 204 876
211 2567 211 870
220 2504 220 871
213 2446 213 879
220 2525 220 869
220 2526 220 868
211 2547 211 872
212 2545 211 873
213 2455 213 874
215 2516 213 873
220 2499 213 873
217 2511 213 873
220 2525 220 869
220 2507 220 870
211 2567 211 870
211 2567 211 870
211 2567 211 870
225 2683 204 876
224 2690 204 882
220 2527 220 868
213 2451 213 882
205 2490 204 892
220 2564 213 873
211 2566 211 879
209 2516 204 884
220 2507 220 871
211 2603 211 870
216 2482 213 875
214 2598 211 870
218 2461 213 874
222 2511 220 870
213 2568 211 871
213 2496 213 874
228 2540 204 884
220 2528 220 868
218 2480 213 875
211 2622 211 870
211 2557 211 889
211 2572 204 884
218 2568 213 872
216 2621 211 870
220 2513 220 871
223 2516 220 870
217 2505 213 881
217 2510 213 880
213 2537 213 874
213 2562 204 884
220 2513 220 871
211 2622 211 870
231 2519 222 870
226 2744 211 871
225 2521 225 881
223 2531 220 868
216 2595 204 884
216 2569 216 891
215 2640 211 872
219 2626 213 872
217 2538 213 875
222 2555 220 868
217 2524 213 881
220 2545 220 870
220 2533 220 871
224 2626 213 872
223 2671 204 891
223 2534 220 868
222 2559 220 868
219 2559 213 879
220 2548 220 870
238 2658 213 872
236 2575 229 869
231 2672 213 873
227 2644 213 889
225 2636 220 868
223 2534 220 870
222 2564 220 870
225 2593 220 869
251 2901 229 869
234 2673 213 890
234 2546 229 874
222 2590 220 875
232 2774 213 877
230 2584 220 870
261 3001 213 882
235 2632 220 871
225 2590 225 881
230 2709 220 871
229 2688 222 879
225 2684 220 880
234 2648 231 853
222 2830 222 853
207 2589 204 867
204 2463 204 872
204 2451 204 873
205 2654 204 868
213 2569 213 863
222 2512 222 866
222 2545 222 861
213 2469 213 869
222 2545 222 861
213 2484 213 868
222 2621 222 854
213 2537 213 864
222 2608 222 856
213 2613 213 857
209 2572 204 867
213 2514 213 866
213 2597 213 859
222 2512 222 866
213 2484 213 868
213 2574 213 862
204 2476 204 870
222 2545 222 861
222 2572 222 858
222 2569 222 860
204 2476 204 870
209 2572 204 867
207 2616 204 866
222 2596 222 857
213 2469 213 869
213 2469 213 869
208 2579 204 869
208 2579 204 869
213 2582 213 861
213 2484 213 868
222 2596 222 857
213 2469 213 869
213 2613 213 857
222 2545 222 861
213 2484 213 868
213 2469 213 869
209 2572 204 867
224 2680 222 854
222 2707 222 854
217 2742 213 857
204 2456 204 873
204 2456 204 873
222 2572 222 859
204 2456 204 873
213 2541 213 864
222 2549 222 861
213 2541 213 864
222 2656 222 855
209 2578 204 867
213 2518 213 866
204 2478 204 870
213 2541 213 864
207 2700 204 866
222 2617 222 856
207 2589 204 868
208 2680 204 866
204 2474 204 872
204 2474 204 872
222 2572 222 859
224 2680 222 854
213 2491 213 868
213 2570 213 863
213 2615 213 858
222 2598 222 857
213 2579 213 862
207 2595 204 867
213 2541 213 864
222 2577 222 858
213 2477 213 869
222 2617 222 856
213 2570 213 863
213 2590 213 861
213 2477 213 869
222 2598 222 857
213 2579 213 862
213 2491 213 868
204 2474 204 872
213 2491 213 868
213 2590 213 861
222 2598 222 857
213 2579 213 862
224 2680 222 854
213 2541 213 864
213 2541 213 864
213 2541 213 864
213 2541 213 864
213 2541 213 864
213 2491 213 868
213 2477 213 869
204 2474 204 872
224 2704 222 854
222 2724 222 854
222 2724 222 854
222 2597 222 858
207 2607 204 869
204 2461 204 873
204 2461 204 873
222 2619 222 856
213 2581 213 862
213 2572 213 863
213 2593 213 861
209 2552 204 870
222 2597 222 858
222 2523 222 866
213 2635 213 858
207 2644 204 867
213 2478 213 869
208 2688 204 866
209 2552 204 870
222 2694 222 855
222 2615 222 857
207 2607 204 869
204 2461 204 873
213 2552 213 864
213 2524 213 868
207 2705 204 866
222 2555 222 861
213 2477 213 872
209 2552 204 870
213 2627 213 859
204 2478 204 872
222 2544 222 865
209 2552 204 870
222 2587 222 859
222 2572 222 860
222 2544 222 865
207 2607 204 869
213 2530 213 866
209 2582 204 867
208 2688 204 866
222 2724 222 854
222 2597 222 858
213 2593 213 861
222 2572 222 860
204 2461 204 873
208 2688 204 866
222 2597 222 858
208 2604 204 869
208 2604 204 869
207 2607 204 869
204 2555 204 870
222 2724 222 854
222 2724 222 854
222 2597 222 858
222 2597 222 858
222 2597 222 858
222 2597 222 858
222 2597 222 858
222 2597 222 858
222 2597 222 858
222 2597 222 858
222 2597 222 858
222 2572 222 860
222 2572 222 860
222 2572 222 860
209 2552 204 870
209 2552 204 870
209 2552 204 870
209 2552 204 870
208 2688 204 866
208 2604 204 869
207 2607 204 869
207 2607 204 869
207 2607 204 869
226 2710 222 855
224 2711 222 854
222 2769 222 854
222 2527 222 866
208 2668 204 867
204 2479 204 872
204 2467 204 873
213 2634 213 860
213 2760 204 866
213 2647 213 858
222 2556 222 861
216 2650 204 867
213 2557 213 864
207 2560 204 871
222 2728 222 855
213 2481 213 869
213 2586 213 862
213 2533 213 866
209 2654 204 867
222 2619 222 857
222 2623 222 856
222 2591 222 859
207 2638 204 869
222 2576 222 860
222 2605 222 858
222 2527 222 866
204 2562 204 870
208 2668 204 867
209 2601 204 868
209 2597 204 869
204 2562 204 870
208 2655 204 868
208 2655 204 868
208 2655 204 868
208 2655 204 868
213 2760 204 866
213 2651 204 867
222 2527 222 866
222 2527 222 866
208 2668 204 867
208 2655 204 868
208 2655 204 868
204 2562 204 870
231 2613 231 859
224 2715 222 854
213 2770 204 866
204 2492 204 872
204 2474 204 874
222 2730 222 855
217 2751 213 858
213 2600 213 863
213 2486 213 870
222 2596 222 860
222 2538 222 866
208 2662 204 868
208 2677 204 867
222 2557 222 862
213 2568 213 864
222 2630 222 856
209 2641 204 868
214 2720 213 861
204 2585 204 870
222 2614 222 858
213 2489 213 869
209 2641 204 868
222 2587 222 861
213 2565 213 867
213 2724 213 860
222 2557 222 862
222 2557 222 862
213 2610 213 862
222 2557 222 862
231 2888 222 854
231 2756 231 854
231 2616 231 858
230 2957 222 855
204 2476 204 886
204 2474 204 893
204 2497 204 872
214 2734 213 860
213 2503 213 870
213 2582 213 864
222 2574 222 862
222 2631 222 856
222 2631 222 856
231 2756 231 854
222 2539 222 867
207 2692 204 870
231 2888 222 854
210 2609 204 871
208 2671 204 868
222 2539 222 867
208 2679 204 867
211 2622 204 870
222 2565 222 863
213 2615 213 862
222 2617 222 858
222 2631 222 856
222 2631 222 856
244 2835 231 855
231 2920 222 854
230 2959 222 855
213 2503 213 879
204 2535 204 872
204 2513 204 873
209 2685 204 870
213 2586 213 867
222 2645 222 857
231 2633 231 856
222 2577 222 862
213 2642 213 862
218 2710 204 868
222 2649 222 856
214 2740 204 867
208 2734 204 869
222 2628 222 858
213 2611 213 864
216 2641 213 862
213 2591 213 865
214 2740 204 867
238 2950 222 854
231 2633 231 857
213 2553 213 876
210 2559 204 872
204 2594 204 872
218 2851 204 869
231 2633 231 857
222 2606 222 862
213 2685 213 862
214 2705 204 870
210 2704 204 871
213 2603 213 866
222 2656 222 856
207 2589 204 873
213 2618 213 865
222 2632 222 859
222 2640 222 858
231 2633 231 857
231 3095 204 869
231 2648 231 857
222 2658 222 856
213 2558 213 884
211 2582 204 873
208 2705 204 882
218 2776 213 862
216 2832 204 871
222 2610 222 867
224 2722 213 862
214 2668 213 865
222 2637 222 860
213 2642 213 868
222 2643 222 858
213 2568 213 872
235 3187 204 873
222 2665 222 856
222 2616 222 878
211 2762 204 882
219 2811 213 864
224 2687 213 869
223 2783 213 862
222 2644 222 859
222 2663 222 858
235 3191 204 873
235 3143 204 884
222 2675 222 856
222 2650 222 860
221 2837 213 871
226 2861 213 862
232 2854 213 870
224 2856 213 864
232 2984 213 865
225 2902 213 866
223 2939 213 880
222 2727 222 856
222 2675 222 859
222 2697 222 858
222 2719 222 857
244 2978 213 867
231 2914 213 869
222 2733 222 856
222 2685 222 859
222 2717 222 858
242 3052 213 869
222 2742 222 856
222 2701 222 862
222 2727 222 860
228 2706 222 869
222 2755 222 856
231 2767 222 862
227 2877 222 856
222 2830 222 864
245 2895 222 860
222 2873 222 866
256 3189 222 874
