1513 247.505
330 2960 330 812
206 2200 204 864
204 2100 204 899
204 2100 204 899
204 2100 204 899
330 2960 330 812
321 2853 321 814
321 2853 321 814
312 2760 312 816
312 2760 312 816
303 2675 303 818
294 2630 294 820
294 2630 294 820
303 2675 303 818
276 2549 276 824
267 2518 267 826
249 2465 249 832
241 2572 240 832
285 2618 285 822
286 2612 285 822
222 2270 222 851
258 2484 258 830
276 2549 276 824
264 2501 249 830
255 2456 240 834
204 2130 204 886
204 2126 204 894
267 2518 267 826
210 2301 204 862
231 2518 231 836
231 2418 231 838
226 2489 221 842
204 2185 204 873
285 2618 285 822
258 2462 258 832
258 2495 258 828
213 2221 213 862
236 2593 222 839
249 2504 249 830
206 2200 204 864
276 2549 276 824
227 2451 204 860
224 2666 205 859
286 2612 285 822
205 2162 204 867
204 2133 204 881
204 2185 204 873
204 2176 204 877
204 2133 204 881
204 2130 204 886
225 2490 210 853
211 2250 204 862
204 2153 204 878
231 2347 231 840
248 2471 231 836
221 2434 221 844
217 2303 210 857
223 2384 222 842
267 2469 267 828
255 2456 240 834
236 2646 222 838
205 2162 204 867
213 2226 213 855
258 2462 258 832
244 2439 240 836
213 2363 213 848
240 2607 240 832
222 2270 222 851
204 2126 204 894
204 2108 204 896
204 2108 204 896
238 2598 205 859
249 2419 249 834
222 2396 222 842
240 2400 240 838
216 2342 213 846
222 2254 222 854
216 2302 210 860
244 2439 240 836
231 2347 231 840
221 2434 221 844
231 2522 231 834
213 2363 213 848
204 2100 204 899
224 2666 205 859
236 2593 222 839
213 2363 213 848
241 2572 240 832
223 2490 222 840
225 2490 210 853
223 2475 213 844
215 2313 213 853
211 2339 210 857
215 2362 213 846
223 2490 222 840
222 2319 222 844
249 2504 249 830
205 2162 204 867
215 2362 213 846
255 2456 240 834
276 2549 276 824
276 2549 276 824
222 2270 222 851
204 2176 204 877
204 2153 204 878
224 2502 205 861
238 2487 231 836
213 2221 213 862
231 2418 231 838
224 2502 205 861
211 2339 210 857
217 2303 210 857
222 2270 222 851
206 2200 204 864
216 2334 210 855
213 2226 213 855
222 2254 222 854
214 2478 213 846
223 2384 222 842
204 2209 204 864
240 2477 240 837
214 2335 213 853
240 2477 240 837
248 2471 231 836
204 2209 204 864
204 2100 204 899
216 2334 210 855
204 2100 204 899
258 2495 258 828
267 2518 267 826
211 2250 204 862
231 2418 231 838
276 2549 276 824
276 2549 276 824
223 2384 222 842
222 2254 222 854
211 2339 210 857
206 2200 204 864
204 2185 204 873
204 2185 204 873
204 2100 204 899
204 2100 204 899
204 2100 204 899
204 2100 204 899
204 2100 204 899
276 2558 276 824
262 2876 222 840
205 2129 204 894
204 2149 204 881
204 2112 204 899
267 2522 267 826
234 2450 231 842
221 2384 213 856
217 2336 210 857
206 2173 204 867
249 2673 240 832
225 2505 213 846
242 2628 231 840
242 2614 222 844
223 2274 222 851
255 2463 240 834
213 2245 213 860
264 2579 249 830
206 2213 204 864
256 2431 249 838
258 2616 258 828
251 2659 240 836
224 2480 205 863
258 2521 258 830
248 2586 231 838
215 2413 213 859
261 2651 249 832
250 2672 240 836
251 2508 249 834
296 2817 267 826
276 2575 276 824
276 2531 276 826
209 2137 204 894
204 2157 204 881
204 2124 204 899
234 2521 210 863
274 2728 258 828
227 2216 204 867
219 2348 213 858
218 2376 204 875
213 2250 213 865
254 2623 240 841
267 2641 258 832
244 2535 222 854
254 2761 249 832
255 2578 249 834
244 2450 240 850
239 2429 231 852
219 2308 204 869
239 2565 222 851
212 2274 204 878
231 2372 231 854
252 2793 222 844
237 2645 222 848
265 2659 249 830
260 2632 240 838
242 2712 213 855
253 2671 249 834
257 2714 240 837
212 2411 204 875
263 2699 249 832
238 2466 231 842
214 2421 213 864
251 2644 240 838
232 2474 231 853
231 2357 204 864
232 2474 231 853
252 2720 231 838
279 2767 267 828
276 2576 276 824
270 2976 231 840
214 2158 204 899
204 2161 204 886
277 2822 216 860
265 2634 258 837
205 2234 204 882
269 2663 267 833
264 2535 249 844
241 2542 240 856
244 2586 240 843
246 2277 213 875
222 2463 205 877
239 2603 222 852
230 2576 210 869
216 2305 204 879
252 2704 222 851
231 2388 231 860
234 2570 204 864
257 2671 249 834
229 2324 204 877
245 2569 240 848
219 2395 213 862
222 2356 213 873
258 2666 240 839
232 2616 231 853
231 2422 231 858
255 2726 231 841
225 2356 222 863
241 2495 213 861
253 2682 249 837
252 2728 231 844
222 2389 222 862
239 2469 204 869
240 2361 222 858
220 2467 204 875
222 2358 222 869
257 2671 249 834
257 2671 249 834
257 2671 249 834
288 2870 240 841
276 2612 276 824
267 2907 222 854
205 2243 204 882
204 2173 204 905
257 2719 249 840
216 2317 213 879
219 2438 213 862
253 2627 240 843
228 2536 204 875
266 2759 231 852
260 2709 249 834
237 2696 210 867
250 2481 222 859
216 2402 204 881
228 2435 213 862
238 2617 231 858
248 2790 240 852
250 2645 240 850
246 2623 204 868
235 2655 231 855
241 2522 204 877
259 2713 249 834
237 2741 204 868
240 2661 222 860
247 2494 240 858
257 2612 231 858
248 2706 231 854
283 2753 276 824
277 3095 222 861
208 2270 204 882
263 2740 249 834
276 2666 276 826
277 2918 240 849
232 2343 213 880
228 2539 204 875
279 2812 240 844
232 2462 231 868
223 2505 213 866
240 2722 221 862
232 2479 222 870
249 2682 231 858
253 2653 240 857
251 2608 216 863
247 2616 213 863
229 2509 213 865
255 2675 249 855
257 2671 249 843
257 2671 249 843
236 2478 231 863
258 2742 240 856
299 2800 276 824
284 3245 231 859
214 2293 204 882
213 2273 204 896
212 2448 204 883
284 2764 267 835
279 2775 249 859
276 2789 249 834
261 2730 231 860
213 2372 207 885
229 2555 204 875
234 2617 221 866
248 2756 222 863
230 2600 213 871
254 2773 213 863
239 2563 231 864
234 2571 222 868
292 2855 223 864
278 2801 258 846
269 3070 222 863
215 2314 204 884
283 2989 249 848
225 2495 204 882
248 2602 213 872
244 2725 204 880
238 2673 213 874
254 2638 204 875
239 2618 221 866
216 2331 204 883
300 3251 231 863
299 3093 249 854
227 2344 204 886
219 2357 204 902
286 3128 240 863
257 2757 204 878
223 2444 211 887
269 2728 205 883
240 2543 222 883
251 2660 222 868
248 2629 213 872
249 2619 213 873
284 2940 213 877
260 2761 222 868
250 2629 243 883
233 2381 213 897
229 2436 204 896
221 2422 213 903
271 2754 231 876
236 2423 222 891
250 2777 213 890
260 2729 213 886
243 2717 222 888
246 2667 222 888
282 2973 222 869
282 2842 258 869
235 2520 204 896
287 3254 222 877
253 2683 204 897
290 2866 213 911
330 2969 330 812
330 2969 330 812
330 2969 330 812
330 2969 330 812
204 2202 204 858
204 2174 204 875
204 2174 204 875
321 2857 321 814
312 2769 312 816
303 2672 303 818
285 2566 285 822
294 2605 294 820
312 2769 312 816
267 2473 267 828
303 2672 303 818
276 2506 276 826
294 2605 294 820
285 2566 285 822
249 2601 240 832
249 2439 249 832
217 2331 213 846
330 2969 330 812
208 2401 204 852
276 2540 276 824
222 2275 222 850
204 2200 204 866
234 2848 231 834
258 2522 258 828
322 2853 321 814
230 2810 210 848
258 2453 258 830
213 2187 213 870
214 2304 213 853
267 2518 267 826
267 2473 267 828
218 2635 204 850
322 2853 321 814
230 2506 221 842
260 2676 231 834
231 2554 231 836
249 2509 249 830
213 2255 213 856
204 2202 204 858
214 2587 210 850
205 2326 204 857
255 2505 249 830
214 2587 210 850
240 2504 240 834
330 2969 330 812
278 2539 276 824
241 2496 240 834
213 2290 213 854
204 2200 204 866
234 2733 222 838
330 2969 330 812
232 2828 213 844
222 2741 222 840
206 2364 204 856
214 2304 213 853
258 2453 258 830
278 2539 276 824
213 2368 213 852
204 2199 204 872
251 2728 213 844
242 2697 222 838
218 2398 210 855
251 2728 213 844
227 2501 222 840
243 2605 240 832
236 2756 231 834
222 2275 222 850
229 2853 210 848
231 2554 231 836
231 2388 231 838
227 2501 222 840
222 2741 222 840
213 2187 213 870
232 2828 213 844
240 2400 240 836
222 2378 222 842
240 2400 240 836
249 2439 249 832
236 2756 231 834
330 2969 330 812
204 2179 204 874
253 2550 240 832
204 2371 204 856
260 2516 258 828
242 2620 240 832
242 2697 222 838
204 2179 204 874
234 2848 231 834
213 2255 213 856
204 2194 204 873
204 2194 204 873
258 2522 258 828
253 2550 240 832
231 2388 231 838
242 2620 240 832
230 2506 221 842
241 2496 240 834
229 2853 210 848
321 2857 321 814
206 2364 204 856
222 2378 222 842
243 2605 240 832
267 2518 267 826
249 2601 240 832
240 2504 240 834
330 2969 330 812
330 2969 330 812
330 2969 330 812
330 2969 330 812
330 2969 330 812
330 2969 330 812
330 2969 330 812
330 2969 330 812
330 2969 330 812
330 2969 330 812
330 2969 330 812
330 2969 330 812
330 2969 330 812
330 2969 330 812
330 2969 330 812
330 2969 330 812
330 2969 330 812
330 2969 330 812
330 2969 330 812
330 2969 330 812
330 2969 330 812
330 2969 330 812
330 2969 330 812
330 2969 330 812
330 2969 330 812
330 2969 330 812
242 2620 240 832
330 2972 330 812
315 3199 303 818
260 2737 231 834
260 2737 231 834
252 2731 240 834
321 2860 321 814
314 3101 312 816
294 3039 294 822
280 2812 276 824
287 2989 258 828
257 2803 240 832
327 3076 303 819
300 2893 249 830
296 3012 285 822
285 2761 285 826
301 3199 294 820
283 2799 276 829
274 2837 267 826
312 2917 312 818
303 2920 303 820
270 2850 267 826
276 2937 249 830
309 3082 294 820
330 2972 330 812
271 2806 258 830
319 3085 303 818
316 2973 294 822
331 3229 312 816
330 2978 330 812
261 2744 249 850
252 2839 240 854
268 2814 258 832
296 3013 285 822
287 3139 249 839
284 2839 276 824
303 2963 303 820
294 3122 258 828
312 2963 312 818
294 3193 240 851
295 2771 285 838
323 2924 321 814
295 2993 249 830
323 3135 303 818
292 2925 267 826
321 2944 321 816
321 2959 321 814
290 2979 267 826
285 2783 285 826
330 2979 330 812
330 2969 330 815
291 3318 240 874
289 2841 285 837
268 3016 240 878
262 2850 261 862
314 2984 312 818
277 2933 270 851
324 3206 303 818
303 3245 258 846
321 2992 321 814
280 2962 249 855
282 3131 240 877
285 2934 276 840
299 3272 249 830
290 3081 276 830
322 3209 258 834
294 3016 294 827
298 2885 294 824
298 3250 258 830
295 2946 285 826
302 3090 285 822
303 2985 303 820
297 2979 267 826
301 3033 285 824
296 2889 294 830
281 3004 276 838
297 3059 285 824
292 3017 285 835
291 2938 276 836
331 3464 267 844
330 2993 330 812
330 2977 330 820
316 3581 267 834
295 3212 252 885
290 2903 285 845
279 3040 261 891
303 3260 258 873
304 3442 258 863
280 3063 261 883
296 2958 294 835
324 3311 303 818
321 3125 321 814
291 3139 279 840
301 3226 270 849
329 3066 321 816
287 2948 276 846
328 3144 312 818
297 3203 270 858
310 3297 258 854
307 2943 303 839
314 3026 312 823
313 3172 276 826
303 3005 303 832
310 3008 285 826
299 3017 276 830
323 3106 321 814
299 3198 261 863
305 3058 285 824
325 3307 312 819
298 3061 285 833
303 3034 303 820
303 3142 285 822
334 3233 312 819
330 2996 330 812
326 3551 312 818
309 2991 303 835
290 3140 261 883
289 3254 261 883
298 3068 288 869
300 3055 294 843
325 3512 270 874
321 3463 276 828
306 3286 270 881
304 3185 276 838
322 3329 321 814
321 3335 321 816
303 3073 303 820
314 3174 285 826
328 3162 321 814
311 3240 285 826
325 3057 294 827
321 3238 294 822
328 3231 285 824
312 3114 294 826
305 3046 294 834
312 3028 312 830
311 3124 294 824
325 3145 285 830
303 3054 303 822
328 3006 312 834
312 3036 312 820
325 3240 276 834
347 3254 321 814
331 3696 270 884
330 3003 330 812
330 2999 330 818
297 3339 261 889
338 3467 294 822
308 3391 288 860
311 3338 306 831
326 3437 276 850
325 3294 321 820
315 3400 279 854
313 3279 288 837
301 3211 294 848
300 3074 297 851
310 3064 294 844
319 3344 285 826
315 3127 294 824
315 3179 285 833
321 3097 303 822
305 3361 303 820
306 3245 303 834
320 3283 303 822
330 3003 330 812
325 3311 303 820
312 3304 303 822
343 3616 294 833
332 3022 330 815
330 3041 330 812
330 3016 330 818
327 3682 297 835
319 3283 288 858
317 3394 285 846
306 3229 306 857
310 3243 303 846
321 3227 321 832
335 3304 294 835
325 3596 303 820
326 3462 303 822
321 3344 288 846
318 3156 315 834
320 3377 285 840
322 3200 303 826
331 3111 303 822
327 3205 312 824
329 3158 303 838
322 3120 312 825
321 3353 294 840
327 3291 303 825
338 3257 321 823
336 3549 294 839
330 3070 330 812
323 3317 303 834
337 3420 312 822
324 3221 303 827
334 3528 312 824
327 3239 303 826
356 3609 312 824
330 3127 330 812
328 3249 303 840
325 3271 321 832
335 3306 303 827
326 3435 324 831
330 3335 312 830
327 3227 321 827
376 4133 306 831
351 3503 303 835
337 3178 330 812
334 3193 330 818
332 3142 330 825
329 3359 312 852
363 3758 312 825
340 3518 321 828
333 3290 321 836
367 3717 321 841
346 3224 330 820
342 3258 330 812
341 3462 312 857
336 3319 330 830
336 3314 321 849
340 3281 330 834
342 3255 330 834
352 3320 330 812
351 3300 330 834
349 3419 321 849
343 3403 330 846
346 3324 330 834
359 3565 330 848
330 2960 330 812
330 2960 330 812
330 2960 330 812
330 2960 330 812
204 2202 204 858
204 2174 204 875
204 2174 204 875
285 2566 285 822
237 2881 222 838
260 2516 258 828
276 2506 276 826
285 2566 285 822
255 2505 249 830
303 2673 303 818
303 2673 303 818
249 2439 249 832
267 2518 267 826
217 2331 213 846
321 2849 321 814
204 2200 204 866
278 2539 276 824
243 2533 240 834
222 2275 222 850
243 2533 240 834
294 2599 294 820
229 2853 210 848
213 2187 213 870
232 2501 231 836
214 2587 210 850
214 2309 213 853
267 2518 267 826
312 2753 312 816
321 2849 321 814
312 2753 312 816
294 2599 294 820
330 2960 330 812
227 2450 222 842
249 2439 249 832
241 2489 240 836
294 2599 294 820
240 2677 213 844
239 2759 222 838
205 2326 204 857
236 2756 231 834
222 2741 222 840
240 2672 240 832
213 2226 213 856
258 2522 258 828
312 2753 312 816
208 2401 204 852
213 2290 213 854
223 2451 222 842
267 2473 267 828
231 2805 231 836
208 2401 204 852
330 2960 330 812
330 2960 330 812
321 2849 321 814
312 2753 312 816
294 2599 294 820
230 2506 221 842
218 2398 210 855
227 2450 222 842
204 2200 204 866
244 2498 240 834
258 2522 258 828
231 2388 231 844
214 2309 213 853
213 2459 213 848
278 2539 276 824
204 2199 204 872
218 2635 204 850
240 2752 222 838
222 2741 222 840
207 2365 204 856
222 2275 222 850
204 2202 204 858
231 2613 231 838
204 2371 204 856
231 2395 231 843
240 2451 240 840
204 2188 204 874
232 2828 213 844
232 2828 213 844
213 2226 213 856
230 2810 210 848
276 2540 276 824
258 2453 258 830
213 2187 213 870
321 2849 321 814
258 2453 258 830
235 2846 231 834
240 2544 240 834
218 2635 204 850
234 2848 231 834
204 2174 204 875
207 2365 204 856
204 2194 204 873
204 2194 204 873
267 2473 267 828
276 2540 276 824
236 2756 231 834
235 2846 231 834
230 2506 221 842
231 2388 231 844
321 2849 321 814
240 2544 240 834
227 2501 222 840
330 2960 330 812
330 2960 330 812
330 2960 330 812
330 2960 330 812
330 2960 330 812
330 2960 330 812
330 2960 330 812
330 2960 330 812
330 2960 330 812
330 2960 330 812
330 2960 330 812
330 2960 330 812
330 2960 330 812
330 2960 330 812
330 2960 330 812
330 2960 330 812
330 2960 330 812
330 2960 330 812
330 2960 330 812
330 2960 330 812
330 2960 330 812
330 2960 330 812
330 2960 330 812
330 2960 330 812
330 2960 330 812
330 2960 330 812
330 2960 330 812
330 2960 330 812
330 2960 330 812
321 2849 321 814
321 2849 321 814
312 2753 312 816
294 2599 294 820
338 3284 276 826
330 2983 330 812
323 3259 258 835
285 2563 285 824
312 2862 312 816
294 2600 294 820
303 2695 303 818
307 2946 267 830
325 3082 267 828
295 2722 285 822
321 2993 321 814
297 3042 276 828
322 2963 321 814
338 3284 276 826
297 3027 267 830
338 3284 276 826
338 3284 276 826
338 3292 276 826
330 3005 330 812
329 3134 267 830
303 2699 303 818
292 2734 285 824
314 2929 312 816
308 2827 294 820
299 3064 276 828
323 3239 321 814
327 3215 285 822
312 3075 312 816
310 2729 294 820
328 3029 321 814
325 3058 321 814
354 3688 267 856
330 3008 330 812
303 2703 303 818
297 3039 294 836
338 3336 276 826
300 3070 285 841
316 3312 276 828
325 3079 321 814
305 2801 285 824
312 2763 294 820
309 2977 294 822
318 2999 312 816
329 3052 321 814
317 3039 312 816
343 3371 276 839
330 3018 330 812
322 3383 276 837
303 2706 303 818
307 3011 294 827
312 3115 285 824
314 3249 294 820
325 3211 321 814
343 3120 321 814
321 3052 312 816
319 3161 294 822
336 3153 321 814
322 3035 312 816
330 3209 321 814
344 3335 294 820
330 3054 330 812
328 3249 285 832
323 3511 285 824
313 3169 294 840
307 2721 303 818
304 2954 303 820
323 3138 312 816
316 3082 294 835
319 3360 285 834
338 3102 321 817
331 3045 330 812
329 3292 321 814
339 3442 294 820
305 3003 303 818
334 3272 321 814
341 3413 294 820
342 3252 321 814
346 3401 294 820
341 3499 294 820
330 3343 285 832
330 3055 330 812
324 3311 294 850
308 2731 303 818
331 3165 312 816
338 3313 321 814
352 3474 294 820
343 3510 294 820
339 3388 285 844
330 3097 330 812
312 2765 312 822
308 2787 303 818
346 3427 294 833
313 2767 303 818
335 3289 312 816
339 3428 321 814
336 3173 321 816
336 3188 312 816
343 3323 321 814
344 3399 312 816
343 3698 294 842
333 3104 330 812
330 3110 330 812
310 2864 303 818
308 3101 306 835
342 3488 321 814
373 3587 321 814
364 3788 321 814
348 3124 330 812
330 3298 330 812
315 2868 312 829
314 2907 303 818
312 3087 312 840
350 3473 312 816
313 2953 303 818
337 3136 330 812
350 3629 312 816
344 3273 330 812
317 2935 303 827
313 3049 312 851
321 2935 321 820
324 3063 303 818
321 3244 303 818
322 3127 303 818
315 3042 303 820
357 3425 330 815
353 3668 321 816
345 3544 330 812
322 2987 303 827
321 2973 321 821
316 3055 312 867
315 3078 312 851
328 3133 303 818
316 3123 315 833
318 2990 303 829
325 3118 303 822
327 3028 321 820
324 3103 321 820
362 3708 321 816
352 3546 330 812
350 3558 330 812
324 3047 303 831
321 3032 306 835
321 2973 321 827
318 3183 303 835
337 3147 312 821
321 3273 321 821
336 3171 330 818
323 3106 312 832
343 3187 303 818
327 3189 303 824
329 3217 303 818
332 3069 321 820
331 3099 321 826
358 3447 303 818
351 3733 303 818
330 3120 330 827
330 3056 303 833
321 3151 321 849
323 3213 312 835
339 3449 303 820
330 3201 312 832
324 3208 315 833
333 3247 321 822
333 3347 303 826
343 3373 303 820
332 3227 330 818
329 3228 312 826
331 3328 312 818
338 3199 330 821
335 3318 303 826
329 3423 321 820
332 3299 321 822
358 3539 303 818
349 3647 312 818
333 3606 303 843
333 3484 303 856
330 3178 330 827
321 3157 321 849
329 3227 312 851
338 3431 303 848
345 3306 330 821
337 3331 321 830
344 3380 312 824
343 3468 321 821
353 3388 321 820
332 3270 312 835
328 3261 312 849
334 3283 312 832
341 3413 312 828
332 3365 312 833
339 3324 321 830
333 3415 321 822
360 3574 303 818
350 3356 330 821
330 3183 330 827
321 3199 321 864
343 3365 312 832
347 3461 312 826
337 3337 321 830
340 3458 321 822
340 3450 321 824
337 3337 321 830
337 3337 321 830
337 3337 321 830
337 3337 321 830
365 3749 312 826
363 3537 330 825
361 3464 312 838
356 3726 321 822
337 3381 321 845
330 3220 330 834
342 3463 321 829
332 3224 330 827
337 3391 321 830
341 3530 321 827
366 3646 330 825
360 3714 321 827
351 3467 321 830
347 3511 321 838
343 3259 342 836
350 3539 330 829
345 3622 321 837
353 3377 342 836
330 2960 330 812
330 2960 330 812
330 2960 330 812
204 2174 204 875
204 2174 204 875
303 2673 303 818
294 2599 294 820
285 2566 285 822
294 2599 294 820
234 2848 231 834
312 2749 312 816
312 2749 312 816
321 2851 321 814
267 2518 267 826
285 2566 285 822
321 2851 321 814
303 2673 303 818
244 2882 222 838
227 2811 210 848
204 2202 204 858
213 2187 213 870
330 2960 330 812
208 2401 204 852
237 2932 222 838
204 2200 204 866
278 2539 276 824
278 2539 276 824
267 2473 267 828
258 2453 258 830
231 2479 231 838
249 2439 249 832
258 2522 258 828
249 2439 249 832
240 2533 240 834
218 2635 204 850
240 2672 240 832
276 2506 276 826
223 2451 222 842
213 2218 213 854
236 2756 231 834
249 2509 249 830
204 2188 204 874
230 2506 221 842
231 2388 231 844
205 2346 204 856
260 2516 258 828
222 2275 222 850
227 2811 210 848
255 2505 249 830
222 2726 213 844
244 2662 240 832
217 2331 213 846
215 2541 213 848
214 2309 213 853
213 2425 213 851
204 2200 204 866
267 2473 267 828
222 2275 222 850
214 2574 213 846
276 2540 276 824
232 2507 231 836
241 2489 240 836
213 2425 213 851
227 2450 222 842
222 2637 222 842
222 2741 222 840
222 2741 222 840
205 2434 204 854
231 2395 231 843
214 2587 210 850
204 2199 204 872
214 2309 213 853
205 2326 204 857
227 2501 222 840
240 2502 240 836
244 2498 240 834
205 2346 204 856
227 2450 222 842
213 2187 213 870
204 2174 204 875
330 2960 330 812
321 2851 321 814
205 2326 204 857
213 2218 213 854
258 2453 258 830
216 2570 210 850
213 2456 213 850
230 2506 221 842
204 2199 204 872
228 2733 210 848
214 2587 210 850
214 2395 204 854
204 2194 204 873
204 2194 204 873
222 2492 222 844
204 2202 204 858
228 2733 210 848
231 2388 231 844
231 2479 231 838
232 2507 231 836
223 2451 222 842
218 2635 204 850
240 2502 240 836
240 2533 240 834
222 2492 222 844
258 2522 258 828
276 2540 276 824
330 2960 330 812
330 2960 330 812
330 2960 330 812
330 2960 330 812
330 2960 330 812
330 2960 330 812
330 2960 330 812
330 2960 330 812
330 2960 330 812
330 2960 330 812
330 2960 330 812
330 2960 330 812
330 2960 330 812
330 2960 330 812
330 2960 330 812
330 2960 330 812
330 2960 330 812
330 2960 330 812
330 2960 330 812
330 2960 330 812
330 2960 330 812
330 2960 330 812
330 2960 330 812
321 2851 321 814
321 2851 321 814
321 2851 321 814
321 2851 321 814
312 2749 312 816
330 2977 330 812
296 2690 294 827
295 3263 267 841
278 2806 258 846
321 2896 321 814
303 2739 303 818
286 2886 276 840
290 2973 285 824
303 3165 267 838
317 3098 267 832
312 2926 312 816
309 2983 294 820
301 3060 276 826
297 2841 285 822
297 3008 276 835
314 2813 312 816
300 3113 276 826
305 2978 276 832
306 2979 276 826
336 3314 294 820
330 3054 330 812
313 3619 267 840
309 2743 303 818
301 3367 267 845
298 2962 285 826
321 2901 321 814
301 3083 285 822
305 3009 276 832
303 2798 303 820
316 2979 312 816
335 3029 330 812
313 2929 294 837
305 3009 276 832
315 3049 312 816
301 2960 294 822
305 2949 303 818
328 2939 312 816
303 3038 276 844
331 3110 330 812
330 3128 330 812
319 2817 312 818
305 3075 276 832
305 3024 276 835
299 3057 285 829
316 2903 303 832
321 2928 321 814
323 2928 303 818
316 3003 312 816
311 3125 285 824
303 2971 285 826
302 3061 294 822
307 2990 303 818
309 3025 294 823
304 3020 294 824
302 2982 294 834
311 3012 294 822
332 3129 330 812
323 2935 303 820
320 3189 276 836
316 3300 285 826
305 3128 276 845
301 3112 294 832
314 3061 294 824
316 3016 312 816
309 3108 276 838
305 3021 285 840
321 2984 321 816
303 3034 303 837
318 3146 285 827
312 2996 303 818
321 3090 285 834
321 3012 321 814
304 3029 303 830
322 3185 285 824
311 3084 303 820
312 3108 294 822
344 3173 330 812
338 3270 330 812
327 3243 276 836
327 2955 321 820
322 3396 285 826
307 3108 285 843
304 3109 303 830
313 3099 312 823
318 3223 294 830
307 3303 285 842
304 3115 294 834
326 3003 321 817
330 3055 330 815
326 3309 285 826
318 3005 303 818
328 3026 312 816
321 3139 321 814
319 3132 294 822
324 3069 321 814
316 3062 303 820
304 3109 303 830
317 3028 312 816
304 3109 303 830
313 3113 303 820
304 3109 303 830
355 3399 330 812
346 3454 330 812
329 3005 306 839
316 3442 285 850
304 3113 303 830
308 3199 288 847
346 3363 330 813
336 3074 321 814
319 3147 294 822
319 3012 303 835
325 3404 285 845
317 3033 312 816
313 3120 312 823
326 3128 321 814
318 3007 312 819
328 3088 321 814
319 3028 303 818
357 3398 330 813
351 3646 330 812
350 3524 285 851
330 3024 330 821
321 3011 321 822
317 3143 312 824
320 3179 294 845
328 3230 303 818
330 3117 312 830
335 3127 303 818
331 3101 312 829
322 3177 294 822
344 3123 330 815
340 3173 321 814
327 3137 321 816
323 3101 321 819
325 3201 303 820
318 3169 312 816
332 3221 330 815
326 3152 312 816
332 3172 303 820
331 3118 321 816
362 3702 330 812
333 3022 330 826
332 3144 312 831
322 3180 294 822
317 3204 312 826
345 3394 321 814
362 3514 330 813
336 3271 303 820
335 3358 303 820
336 3161 321 820
330 3219 312 816
330 3106 330 824
328 3287 321 816
336 3203 312 817
336 3131 330 823
332 3212 312 816
367 3568 330 813
360 3657 321 814
330 3112 330 825
322 3185 294 828
337 3343 303 820
359 3560 312 816
325 3195 312 824
347 3399 330 814
322 3231 294 822
330 3351 321 817
332 3469 312 818
333 3243 312 820
343 3455 321 816
369 3699 303 820
354 3580 321 816
337 3205 312 851
333 3208 324 825
331 3206 294 836
322 3338 297 843
363 3658 312 817
341 3395 321 820
327 3345 297 833
328 3225 312 829
348 3583 312 818
343 3362 321 817
330 3233 303 829
328 3249 294 822
324 3287 294 835
343 3388 303 821
323 3210 312 835
356 3602 312 818
346 3418 321 820
334 3229 312 849
332 3268 294 822
331 3325 312 855
328 3429 303 835
337 3253 321 829
349 3439 321 820
346 3482 321 820
339 3275 321 823
333 3299 294 822
332 3346 321 831
336 3295 321 826
350 3323 312 843
346 3487 321 820
337 3297 321 838
334 3377 294 822
333 3366 312 833
333 3442 294 832
346 3395 324 825
344 3379 303 846
338 3397 294 822
338 3396 303 838
338 3413 294 822
352 3573 294 834
350 3511 330 822
346 3414 294 835
341 3530 312 822
339 3545 294 839
348 3471 303 832
346 3418 321 823
344 3493 303 823
362 3711 312 831
362 3657 330 825
351 3504 303 842
342 3591 312 834
358 3637 321 829
345 3640 303 833
357 3634 312 832
354 3665 303 833
361 3698 303 833
359 3774 303 833
385 3942 324 838
330 2960 330 812
330 2960 330 812
204 2174 204 875
204 2174 204 875
321 2857 321 814
303 2672 303 818
312 2771 312 816
285 2566 285 822
204 2202 204 858
312 2771 312 816
267 2473 267 828
294 2599 294 820
303 2672 303 818
285 2566 285 822
222 2741 222 840
249 2439 249 832
260 2516 258 828
217 2331 213 846
240 2544 240 834
204 2200 204 866
234 2848 231 834
276 2540 276 824
278 2539 276 824
208 2401 204 852
255 2505 249 830
235 2500 231 840
267 2518 267 826
204 2199 204 872
276 2506 276 826
214 2309 213 853
244 2498 240 834
218 2398 210 855
267 2473 267 828
294 2599 294 820
213 2187 213 870
258 2522 258 828
213 2255 213 856
213 2255 213 856
239 2693 213 844
322 2853 321 814
218 2635 204 850
249 2439 249 832
253 2674 249 830
294 2599 294 820
237 2592 222 838
222 2741 222 840
229 2853 210 848
205 2326 204 857
204 2200 204 866
322 2853 321 814
230 2506 221 842
278 2539 276 824
234 2783 231 836
205 2416 204 854
258 2522 258 828
222 2275 222 850
232 2828 213 844
207 2365 204 856
222 2275 222 850
234 2783 231 836
230 2506 221 842
241 2489 240 836
214 2309 213 853
229 2853 210 848
231 2613 231 838
207 2365 204 856
321 2857 321 814
238 2509 231 838
231 2395 231 843
230 2810 210 848
258 2453 258 830
228 2834 222 838
245 2681 231 836
213 2290 213 854
231 2388 231 844
258 2453 258 830
227 2450 222 842
223 2451 222 842
213 2187 213 870
330 2960 330 812
294 2599 294 820
235 2691 231 834
214 2587 210 850
227 2450 222 842
232 2828 213 844
218 2635 204 850
222 2492 222 844
240 2572 231 837
232 2824 231 837
243 2533 240 834
240 2572 231 837
204 2194 204 873
204 2188 204 874
204 2194 204 873
243 2533 240 834
232 2824 231 837
245 2681 231 836
214 2587 210 850
213 2290 213 854
205 2416 204 854
253 2674 249 830
204 2202 204 858
230 2810 210 848
204 2188 204 874
231 2388 231 844
222 2492 222 844
227 2501 222 840
223 2451 222 842
240 2451 240 840
234 2848 231 834
330 2960 330 812
330 2960 330 812
330 2960 330 812
330 2960 330 812
330 2960 330 812
330 2960 330 812
330 2960 330 812
330 2960 330 812
330 2960 330 812
330 2960 330 812
330 2960 330 812
330 2960 330 812
330 2960 330 812
330 2960 330 812
330 2960 330 812
330 2960 330 812
330 2960 330 812
303 2672 303 818
294 2599 294 820
330 2963 330 812
303 3092 276 824
303 2673 303 820
301 2786 294 829
286 2801 258 828
321 2952 321 814
313 2862 312 816
313 3040 285 822
303 2678 303 818
297 2945 294 822
311 2918 294 820
302 2986 294 820
305 2926 294 820
330 2977 330 812
325 3460 267 828
303 3169 258 832
303 2683 303 828
296 2939 276 843
289 3082 276 830
315 2924 294 829
318 3176 312 816
301 3064 267 839
321 2966 321 814
296 2976 294 839
316 3121 285 824
303 2691 303 818
328 3099 312 816
306 2966 294 820
318 3175 285 822
304 2687 303 818
320 2962 294 820
319 3107 312 816
342 3566 267 830
332 2992 330 812
317 2869 303 818
315 3198 258 845
303 3020 303 820
333 3409 285 831
321 2971 321 814
318 3231 312 816
306 3171 285 832
306 2898 303 818
313 3121 294 845
325 3127 312 816
314 3045 294 839
330 3029 330 812
315 3113 294 827
318 3091 294 836
322 3035 294 820
317 3156 294 822
306 3132 288 831
319 3110 294 820
339 3061 330 812
324 3233 285 834
322 3455 294 820
318 3089 294 839
307 2901 303 824
305 3080 303 827
321 2986 321 814
330 3087 330 812
315 2904 303 818
319 3419 294 823
325 3041 294 820
319 3270 294 836
322 3189 285 838
323 3243 312 816
335 3168 312 816
314 3007 303 818
319 3166 294 837
310 3084 303 818
309 3090 303 818
326 3170 312 816
335 3071 330 812
337 3276 312 816
335 3072 330 812
331 3125 330 812
327 3300 312 816
318 3097 294 839
312 2902 303 836
307 2934 303 824
321 2992 321 814
326 3207 294 820
325 3164 294 828
312 3166 312 822
317 3040 303 818
315 3003 303 819
337 3109 294 826
329 3285 312 816
318 2917 303 818
349 3400 312 816
338 3140 294 836
337 3631 312 816
335 3130 330 812
333 3014 333 821
312 2977 303 824
309 3150 303 852
321 3074 321 814
327 3222 294 820
341 3410 312 816
316 3126 312 822
325 3210 294 840
321 3189 303 820
323 3162 303 818
333 3132 330 812
326 3085 303 818
352 3714 294 820
341 3191 330 812
334 3478 294 845
313 3031 312 827
313 2985 312 830
313 3101 303 834
342 3454 294 822
350 3403 312 816
322 3058 315 825
314 3213 312 826
324 3147 321 816
323 3022 303 824
322 3080 306 829
329 3144 303 818
333 3093 312 822
326 3084 321 814
313 3268 303 827
319 3149 303 829
320 3088 303 824
323 3229 321 814
326 3155 303 818
322 3207 303 820
324 3180 312 822
342 3427 312 816
319 3222 312 824
326 3151 312 819
322 3155 321 816
351 3457 312 816
348 3577 297 831
347 3308 330 812
335 3074 330 824
328 3003 312 845
313 3114 303 845
341 3546 303 818
328 3120 321 814
333 3488 312 824
316 3139 303 835
348 3242 330 812
325 3207 306 827
314 3237 312 839
346 3101 321 827
320 3108 312 830
325 3163 321 822
349 3401 303 818
337 3294 312 819
335 3318 303 826
344 3470 312 816
338 3433 303 824
330 3081 330 825
326 3148 321 828
332 3115 303 833
332 3116 330 821
368 3687 312 816
350 3486 330 812
343 3137 303 835
330 3104 330 825
322 3147 303 843
346 3626 303 818
351 3579 303 827
327 3369 321 828
338 3398 315 827
325 3245 303 841
335 3523 312 826
322 3158 315 831
333 3390 306 829
329 3312 306 836
329 3141 321 814
328 3144 303 837
367 3721 312 822
347 3192 321 814
337 3180 303 848
333 3150 330 825
329 3360 315 858
353 3663 303 824
365 3499 312 829
354 3367 315 837
338 3419 312 837
343 3287 321 814
330 3295 330 824
338 3565 312 826
336 3287 321 817
334 3369 321 827
330 3203 330 825
331 3200 330 828
337 3339 321 814
363 3688 303 824
362 4001 312 839
348 3317 321 814
345 3676 303 865
339 3197 330 829
336 3252 333 833
333 3311 330 825
352 3634 312 855
347 3610 321 814
349 3702 312 861
336 3290 321 817
368 3737 303 827
356 3390 321 817
338 3255 333 837
336 3427 321 826
368 3695 312 831
341 3576 321 824
337 3320 324 835
350 3360 321 822
345 3368 330 818
349 3478 321 817
343 3415 321 821
358 3500 321 817
351 3449 321 828
349 3533 333 833
342 3631 324 829
337 3431 324 835
355 3588 321 822
353 3529 324 823
355 3461 324 823
368 3658 321 831
359 3517 321 850
355 3762 324 823
353 3588 342 832
349 3676 324 870
338 3452 330 844
352 3573 342 840
356 3688 321 828
353 3588 342 832
353 3588 342 832
353 3588 342 832
353 3588 342 832
367 3551 333 847
364 3707 324 838
353 3594 342 832
