3266 72.7533
218 2941 218 1091
227 2946 227 1082
226 2931 211 1123
228 2982 211 1112
227 2890 227 1089
226 2964 216 1099
251 3241 245 1048
285 3612 204 1200
220 2866 220 1120
218 2941 218 1091
233 3086 218 1091
221 2988 218 1091
218 2942 218 1091
224 3042 218 1091
221 2988 218 1091
220 2976 218 1091
232 3103 218 1091
227 3088 218 1091
234 3112 218 1091
249 3238 218 1091
228 3032 218 1091
228 3049 218 1091
223 2984 218 1099
228 3096 218 1091
221 2982 218 1091
222 3008 218 1091
233 3093 218 1091
226 2988 218 1091
245 3205 218 1091
221 2990 218 1091
222 2987 218 1091
228 3050 218 1091
232 3103 218 1091
221 2982 218 1091
232 3143 218 1092
221 2992 218 1091
220 2975 218 1091
233 3010 226 1095
228 3032 218 1091
228 3040 218 1091
219 2955 218 1091
221 2981 218 1091
222 2941 218 1092
228 3049 218 1091
221 2988 218 1091
228 3075 218 1091
245 3205 218 1091
218 2941 218 1091
228 3040 218 1091
233 3095 218 1091
221 2988 218 1091
226 2991 218 1091
227 3035 218 1091
228 3049 218 1091
218 2963 218 1091
218 2963 218 1091
222 2941 218 1091
223 3005 218 1091
228 3088 218 1091
223 3024 218 1091
224 3034 218 1091
221 2997 218 1092
218 2956 218 1091
233 3086 218 1091
231 3078 218 1091
218 2958 218 1091
221 2988 218 1092
230 2978 226 1096
233 3095 218 1091
221 2982 218 1091
222 3005 218 1091
218 2962 218 1091
224 3026 218 1091
228 3089 218 1091
221 2988 218 1091
243 3133 226 1095
226 3090 218 1091
218 2948 218 1091
220 2970 218 1091
222 2951 218 1091
244 3259 218 1091
243 3183 218 1091
220 2970 218 1091
222 2948 218 1091
233 3095 218 1091
218 2941 218 1091
233 3109 218 1091
218 2948 218 1091
227 3083 218 1091
221 3011 218 1091
222 2962 218 1091
228 3065 218 1091
236 3177 218 1091
221 2988 218 1091
230 3056 218 1091
232 3094 218 1091
222 3006 218 1091
221 2985 218 1091
221 2985 218 1091
220 2975 218 1091
228 2961 226 1095
239 3199 218 1091
232 3094 218 1091
228 3038 218 1091
221 2988 218 1091
247 3303 218 1091
228 3049 218 1091
218 2944 218 1091
225 3060 218 1091
227 3101 218 1091
222 3035 218 1091
228 3040 218 1091
218 2941 218 1091
220 2975 218 1092
221 2988 218 1091
232 3094 218 1091
218 2941 218 1091
225 3032 218 1091
225 3024 218 1091
227 3078 218 1091
221 2991 218 1091
218 2941 218 1092
218 2948 218 1091
223 3005 218 1091
218 2958 218 1091
243 3179 218 1092
221 2982 218 1091
218 2982 218 1091
222 2996 218 1091
248 3254 218 1091
228 3049 218 1091
228 3040 218 1091
221 2997 218 1091
218 2959 218 1091
221 2981 218 1091
252 3314 218 1091
232 3148 218 1091
222 2948 218 1091
228 3040 218 1091
227 2987 218 1091
223 3005 218 1091
228 3080 218 1091
218 2948 218 1091
220 2976 218 1091
228 3040 218 1091
247 3240 218 1091
228 3049 218 1091
222 3002 218 1091
246 3222 218 1091
243 3183 218 1091
218 2944 218 1091
220 2975 218 1091
249 3261 218 1091
218 2949 218 1092
222 2951 218 1091
222 2948 218 1091
221 2988 218 1091
235 3130 218 1091
228 3040 218 1091
232 3103 218 1091
232 3103 218 1091
221 2994 218 1091
218 2941 218 1091
232 3092 218 1091
228 3088 218 1091
234 3170 218 1091
225 3031 218 1091
235 3143 218 1091
223 2966 218 1091
233 3109 218 1091
233 3107 218 1091
241 3261 230 1098
218 2974 218 1091
221 2985 218 1091
227 3065 218 1091
222 2948 218 1091
235 3126 218 1091
222 3019 218 1091
220 2970 218 1091
223 2966 218 1092
218 2948 218 1092
233 3010 226 1095
227 3005 218 1091
221 2994 218 1091
221 2994 218 1091
220 2970 218 1091
243 3179 218 1091
220 2988 218 1091
228 3040 218 1091
245 3205 218 1091
235 3127 218 1099
218 2944 218 1091
218 2948 218 1091
222 3000 218 1091
218 2966 218 1091
218 2944 218 1091
218 2948 218 1091
222 3001 218 1091
221 2975 218 1091
228 3040 218 1091
219 2955 218 1091
221 2975 218 1091
222 2996 218 1091
228 3049 218 1091
233 3101 218 1091
218 2948 218 1091
228 3049 218 1091
218 2944 218 1091
236 3126 218 1091
228 3040 218 1091
222 2991 218 1091
218 2959 218 1091
226 2982 218 1091
218 2948 218 1092
218 2944 218 1091
222 2948 218 1091
221 2987 218 1091
228 3032 218 1091
220 2977 218 1099
228 3049 218 1099
241 3281 230 1098
235 3143 218 1091
222 2969 218 1091
243 3160 218 1091
233 3118 218 1091
228 3083 218 1091
221 2982 218 1091
221 2975 218 1092
221 2988 218 1091
228 3040 218 1091
219 2956 218 1091
230 3104 218 1092
222 3000 218 1091
253 3327 218 1091
235 3134 218 1091
233 3102 218 1091
223 3006 218 1091
229 3053 218 1091
222 2986 218 1091
218 2948 218 1091
219 2955 218 1091
220 2975 218 1091
221 2988 218 1091
218 2941 218 1091
220 2980 218 1091
218 2963 218 1091
259 3293 226 1095
249 3261 218 1091
222 3035 218 1091
237 3161 218 1091
231 3086 218 1091
230 3045 218 1091
230 3108 218 1091
234 3112 218 1091
232 3103 218 1091
231 3086 218 1091
233 3163 218 1091
245 3205 218 1091
218 2963 218 1091
227 3045 218 1091
228 3040 218 1092
231 3077 218 1091
232 3109 218 1099
218 2942 218 1091
222 2986 218 1091
220 2970 218 1091
234 3112 218 1091
244 3270 218 1091
247 3239 218 1091
230 3056 218 1091
235 3126 218 1091
244 3252 218 1091
218 2963 218 1091
232 3005 226 1095
228 3049 218 1091
227 3065 218 1091
219 2955 218 1091
231 3016 226 1095
228 2961 226 1095
218 2942 218 1091
248 3244 218 1091
231 3086 218 1091
252 3303 218 1091
228 3049 218 1092
243 3183 218 1091
221 2997 218 1091
222 2986 218 1091
228 3080 218 1092
220 2970 218 1091
218 2948 218 1091
242 3231 218 1091
233 3109 218 1091
228 3049 218 1091
230 3128 218 1091
230 3056 218 1091
221 3006 218 1092
245 3205 218 1091
218 2958 218 1091
218 2944 218 1091
232 3103 218 1091
222 3004 218 1091
218 2944 218 1091
228 3049 218 1091
234 3112 218 1091
220 2976 218 1091
218 2958 218 1091
224 3026 218 1091
224 3013 218 1091
224 3008 218 1091
221 2991 218 1091
233 3107 218 1091
232 3094 218 1091
221 2981 218 1091
226 3051 218 1091
221 2975 218 1091
228 3049 218 1091
232 3094 218 1091
221 2988 218 1091
221 2984 218 1091
220 2976 218 1091
218 2957 218 1091
228 3093 218 1091
245 3205 218 1091
232 3094 218 1091
220 2975 218 1091
227 3068 218 1091
235 3126 218 1091
233 3109 218 1091
226 3089 218 1091
218 2948 218 1091
235 3142 218 1091
244 3262 218 1091
221 2993 218 1091
221 2992 218 1091
222 3002 218 1091
218 2944 218 1091
249 3262 218 1091
221 2994 218 1091
228 3032 218 1092
221 2988 218 1091
268 3612 230 1098
228 3050 218 1091
225 3053 218 1091
218 2948 218 1091
228 3049 218 1091
219 2955 218 1091
218 2944 218 1091
218 2943 218 1091
221 2989 218 1091
221 2988 218 1091
232 3094 218 1091
218 2963 218 1091
218 2948 218 1091
218 2941 218 1091
228 3040 218 1091
228 3032 218 1091
228 3038 218 1091
221 3000 218 1091
222 2986 218 1091
220 2975 218 1091
221 3002 218 1091
235 3130 218 1091
222 2948 218 1091
228 3049 218 1091
220 2970 218 1091
249 3238 218 1091
220 2980 218 1091
233 3099 218 1091
227 3065 218 1091
222 3009 218 1091
239 3211 218 1091
222 3004 218 1091
232 3143 218 1091
222 2984 218 1091
218 2948 218 1091
232 3104 218 1091
218 2961 218 1091
231 3077 218 1091
222 3006 218 1091
226 2981 218 1091
256 3366 218 1091
233 3109 218 1091
220 2970 218 1091
228 3049 218 1091
218 2948 218 1091
218 2941 218 1091
230 3045 218 1091
228 3040 218 1091
226 2988 218 1091
235 3130 218 1091
219 2957 218 1091
233 3107 218 1091
228 3040 218 1091
226 3047 218 1091
222 2990 218 1091
220 2970 218 1091
235 3154 218 1091
222 2941 218 1091
218 2948 218 1091
221 2991 218 1091
218 2941 218 1091
222 2941 218 1092
219 2955 218 1092
221 2984 218 1091
221 2992 218 1091
221 3008 218 1091
241 3254 230 1098
218 2944 218 1091
223 2966 218 1091
233 3109 218 1091
218 2941 218 1092
245 3205 218 1091
232 3103 218 1091
218 2948 218 1091
222 2959 218 1091
228 3049 218 1091
226 3006 218 1091
228 3098 218 1091
222 3000 218 1091
220 2975 218 1091
219 2947 218 1091
231 3141 218 1099
218 2948 218 1091
232 3103 218 1091
234 3077 226 1096
221 2989 218 1091
219 2955 218 1091
228 3049 218 1091
228 3043 218 1091
221 2997 218 1091
221 2985 218 1092
218 2951 218 1091
228 3049 218 1091
218 2949 218 1091
221 2988 218 1091
229 3113 218 1091
232 3148 218 1091
245 3205 218 1091
233 3010 226 1095
222 2969 218 1091
250 3276 218 1091
233 3123 218 1091
243 3183 218 1091
228 3040 218 1092
232 3103 218 1091
218 2944 218 1091
231 3086 218 1091
227 3065 218 1091
218 2949 218 1091
218 2941 218 1092
228 3040 218 1091
234 3112 218 1092
226 2988 218 1091
243 3179 218 1091
218 2959 218 1091
218 2963 218 1091
233 3102 218 1091
224 3034 218 1091
218 2942 218 1091
235 3126 218 1091
221 2993 218 1091
222 2984 218 1091
248 3258 218 1091
232 3094 218 1091
221 2988 218 1091
232 3094 218 1091
228 3049 218 1091
218 2948 218 1091
218 2948 218 1091
233 3118 218 1091
218 2948 218 1091
218 2944 218 1091
222 2996 218 1091
219 2974 218 1091
228 3049 218 1091
234 3112 218 1091
218 2941 218 1091
227 3001 227 1082
233 3095 218 1091
235 3143 218 1091
