57 0.801588
224 2806 220 977
242 3126 204 971
214 2755 204 1028
220 2853 220 979
229 3186 204 968
223 2975 222 943
235 3068 222 923
220 2853 220 979
242 3126 204 971
224 2806 220 977
225 2978 213 937
233 3075 220 936
222 3048 222 943
225 2978 213 937
211 2735 211 993
237 3081 222 918
234 3052 229 933
233 3066 229 936
225 2930 213 943
211 2735 211 993
229 3095 222 935
227 2960 204 997
244 2984 238 916
241 3119 213 893
239 3200 204 928
241 3119 213 893
248 3185 211 950
242 3126 204 971
233 3223 213 926
257 3343 213 891
225 2978 213 937
232 3226 204 965
224 2974 213 954
241 3083 204 990
228 3133 204 978
216 2754 204 1028
223 2975 222 943
241 3119 213 893
248 3276 204 900
235 3169 204 952
232 3091 213 930
225 3232 204 946
243 3103 204 970
227 2822 227 976
225 2978 213 937
220 2853 220 979
236 3217 204 928
211 2735 211 993
220 2861 204 1005
214 2755 204 1028
224 2974 213 954
246 3258 204 921
240 3315 204 913
229 3187 204 968
246 3068 222 923
227 2823 220 983
227 2850 220 977
227 2823 220 983
227 2823 220 983
225 2962 213 943
227 2962 204 997
227 2962 204 997
252 3058 250 929
251 3066 247 927
229 3139 204 981
241 3291 231 915
241 3291 231 915
241 3288 231 925
241 3288 231 925
241 3288 231 925
248 3182 222 918
248 3215 222 916
248 3182 222 918
247 3203 213 923
247 3223 238 904
273 3609 213 896
260 3358 222 894
242 3151 222 928
271 3525 204 907
293 3638 204 901
263 3396 204 910
255 3499 213 912
255 3499 213 912
255 3499 213 912
262 3536 213 911
251 3314 213 917
263 3396 204 910
263 3396 204 910
263 3538 213 904
238 3185 204 974
238 3185 204 974
259 3201 204 961
239 3152 220 933
236 3098 229 933
236 3098 229 933
236 3098 229 933
236 3098 229 933
238 3201 222 935
233 3101 220 936
229 3241 204 946
227 3233 204 959
245 3116 204 970
245 3116 204 970
244 3171 204 971
243 3126 204 984
227 2839 227 981
227 2839 227 981
227 3108 222 940
227 3108 222 940
227 3108 222 940
246 3021 229 942
231 3052 220 938
220 2858 220 979
220 2853 220 984
240 3301 204 930
240 3264 231 928
240 3264 231 928
241 3263 238 932
240 3264 231 928
239 3317 231 928
240 3264 231 928
241 3263 238 932
238 3273 222 931
237 3230 204 939
212 2777 211 993
220 2866 204 1005
214 2758 204 1028
224 3052 213 971
224 3019 222 977
254 3284 204 925
260 3631 204 913
260 3631 204 913
260 3360 204 918
260 3631 204 913
260 3631 204 913
260 3631 204 913
261 3564 204 915
255 3337 231 914
253 3401 231 914
253 3401 231 914
245 3363 222 924
245 3363 222 924
253 3401 231 914
245 3363 222 924
255 3406 213 914
241 3353 213 925
252 3315 204 925
260 3631 204 913
252 3072 250 923
220 2765 204 1028
214 2872 204 1042
214 2872 204 1042
238 3185 204 975
279 3809 213 906
298 3676 204 904
274 3641 222 894
289 3581 204 907
250 3377 240 917
219 2791 211 1005
260 3218 238 916
225 3050 216 977
220 2849 220 994
244 3174 231 932
248 3106 229 933
243 3161 225 941
216 2785 204 1028
245 3205 229 930
230 2965 204 997
285 3632 213 903
265 3446 213 912
282 3739 213 896
298 3676 204 904
