428 4.66314
204 2226 204 882
206 2198 204 901
207 2219 204 876
231 2528 231 854
206 2211 204 882
206 2208 204 887
216 2362 213 858
207 2219 204 876
206 2201 204 890
206 2208 204 887
222 2248 222 871
206 2211 204 882
214 2329 213 860
207 2232 204 876
206 2208 204 887
206 2211 204 882
207 2218 204 876
206 2317 204 875
207 2218 204 876
206 2201 204 896
221 2367 204 864
213 2237 213 873
213 2256 213 867
207 2218 204 876
209 2207 204 899
206 2211 204 882
206 2208 204 887
206 2211 204 882
213 2246 213 869
210 2292 204 875
222 2265 222 865
206 2198 204 901
206 2211 204 882
207 2218 204 876
206 2212 204 882
206 2201 204 890
224 2279 222 865
213 2246 213 869
207 2218 204 876
206 2202 204 901
213 2304 213 865
206 2211 204 882
213 2288 213 865
207 2219 204 876
206 2198 204 901
213 2256 213 867
213 2291 213 865
206 2208 204 890
207 2219 204 876
204 2226 204 882
206 2211 204 882
213 2241 213 873
207 2219 204 876
206 2212 204 882
206 2211 204 882
206 2208 204 887
213 2237 213 873
207 2219 204 876
213 2246 213 869
207 2233 204 876
222 2265 222 865
207 2218 204 876
206 2317 204 875
206 2198 204 901
206 2208 204 890
207 2218 204 876
224 2279 222 865
210 2347 204 869
206 2208 204 887
206 2200 204 895
213 2235 213 873
206 2198 204 901
214 2329 213 860
207 2232 204 876
206 2198 204 901
207 2219 204 876
214 2329 213 860
206 2211 204 882
213 2246 213 869
206 2208 204 887
206 2211 204 882
213 2235 213 873
213 2288 213 865
207 2409 204 871
207 2233 204 876
207 2219 204 876
213 2235 213 873
206 2208 204 887
206 2211 204 882
206 2208 204 887
222 2265 222 865
211 2274 204 874
207 2218 204 876
206 2211 204 882
206 2317 204 875
206 2198 204 901
213 2246 213 869
213 2257 213 867
206 2198 204 901
206 2198 204 901
213 2256 213 867
206 2211 204 882
213 2246 213 869
207 2218 204 876
209 2207 204 899
213 2235 213 873
213 2257 213 867
206 2201 204 890
213 2235 213 873
206 2209 204 887
207 2218 204 876
209 2207 204 899
207 2218 204 876
207 2218 204 876
207 2219 204 876
206 2211 204 882
206 2212 204 882
206 2211 204 882
213 2256 213 867
206 2201 204 890
214 2329 213 860
213 2246 213 869
207 2218 204 876
206 2208 204 890
206 2198 204 901
206 2198 204 901
213 2256 213 867
204 2215 204 899
206 2211 204 882
206 2212 204 882
213 2239 213 873
206 2208 204 887
213 2241 213 873
210 2351 204 869
206 2200 204 895
207 2233 204 876
213 2241 213 873
213 2256 213 867
213 2235 213 873
206 2208 204 887
207 2233 204 876
213 2256 213 867
213 2257 213 867
206 2208 204 887
207 2233 204 876
213 2237 213 873
213 2256 213 867
206 2212 204 882
206 2211 204 882
206 2198 204 901
213 2237 213 873
206 2201 204 890
206 2198 204 901
207 2218 204 876
213 2237 213 873
206 2207 204 896
216 2363 213 858
213 2246 213 869
206 2212 204 882
206 2198 204 901
213 2268 213 867
206 2198 204 901
213 2235 213 873
206 2212 204 882
206 2200 204 895
225 2403 204 860
213 2288 213 865
206 2211 204 882
213 2237 213 873
206 2265 204 876
206 2212 204 882
206 2212 204 882
213 2239 213 873
207 2409 204 871
206 2201 204 896
206 2198 204 901
207 2219 204 876
213 2246 213 869
207 2218 204 876
204 2257 204 876
224 2346 222 858
213 2235 213 873
213 2261 213 867
206 2201 204 901
206 2208 204 887
206 2208 204 887
213 2422 213 858
207 2218 204 876
206 2198 204 901
206 2198 204 901
213 2239 213 873
206 2198 204 901
213 2246 213 869
213 2270 213 869
206 2201 204 890
213 2239 213 873
213 2235 213 873
207 2219 204 876
206 2214 204 882
206 2198 204 901
