978 7.02404
321 3420 321 814
207 2603 204 856
204 2306 204 896
204 2306 204 896
204 2326 204 883
314 3282 312 816
312 3298 312 816
247 3148 213 845
258 2591 258 837
242 3105 222 839
267 2978 267 826
231 2875 231 840
238 3009 221 844
287 2939 285 825
222 2405 222 872
252 2835 249 834
243 2934 240 835
276 2874 276 826
303 3087 303 818
294 2963 294 820
285 2949 285 822
213 2356 213 876
276 2789 276 828
258 2591 258 837
216 2521 204 862
277 2784 276 829
312 3298 312 816
231 2622 231 842
277 2784 276 829
241 2787 240 837
249 2758 249 837
204 2411 204 882
221 2552 213 850
267 2775 267 830
267 2853 267 828
303 3087 303 818
303 3087 303 818
303 3087 303 818
294 2963 294 820
294 2963 294 820
268 2690 267 835
285 2941 285 825
222 2520 213 851
268 2690 267 835
212 2637 204 855
212 2637 204 855
276 3040 276 824
261 2797 258 832
287 2939 285 825
294 2963 294 820
252 2835 249 834
226 2516 222 848
213 2366 213 874
213 2478 213 860
222 2432 222 866
234 2545 231 847
217 2904 204 851
247 3148 213 845
218 2426 213 869
249 2503 249 853
261 2797 258 832
243 2533 240 847
285 2949 285 822
249 2503 249 853
303 3087 303 818
228 2878 221 845
204 2326 204 883
204 2460 204 876
242 3105 222 839
238 3012 221 843
218 2872 204 851
222 2432 222 866
213 2366 213 874
217 2904 204 851
205 2561 204 857
314 3282 312 816
230 2721 213 847
234 2996 213 846
214 2461 213 859
248 3034 222 839
235 2855 213 846
258 2580 258 839
204 2518 204 868
276 3040 276 824
214 2510 213 854
220 2508 204 873
222 2446 222 858
312 3298 312 816
303 3087 303 818
294 2963 294 820
249 2585 249 839
215 2819 213 849
215 2429 213 869
240 2734 240 838
267 2701 267 833
243 2573 240 845
226 2516 222 848
267 2747 267 831
214 2460 213 860
215 2819 213 849
221 2552 213 850
267 2775 267 830
235 2960 222 841
234 2996 213 846
240 2857 231 839
285 2941 285 825
258 2711 258 834
240 2734 240 838
204 2306 204 896
267 2747 267 831
204 2411 204 882
277 2829 267 828
312 3298 312 816
228 2878 221 845
258 2711 258 834
243 2934 240 835
243 2533 240 847
240 2617 240 840
220 2556 213 850
303 3087 303 818
267 2701 267 833
249 2758 249 837
213 2478 213 860
249 2813 249 836
238 3012 221 843
238 3009 221 844
235 2960 222 841
213 2443 213 872
243 2573 240 845
240 2815 240 836
220 2508 204 873
214 2510 213 854
204 2552 204 858
204 2518 204 868
248 3034 222 839
240 2804 240 837
294 2963 294 820
218 2426 213 869
258 2863 258 828
240 2581 240 843
231 2622 231 842
222 2862 222 842
230 2721 213 847
205 2561 204 857
240 2617 240 840
219 2623 213 850
234 2996 213 846
222 2561 222 848
213 2521 213 859
205 2561 204 857
219 2525 213 851
228 2878 221 845
220 2832 204 851
241 2787 240 837
235 2855 213 846
222 2520 213 851
206 2428 204 876
267 2853 267 828
249 2842 249 832
213 2443 213 872
219 2623 213 850
206 2428 204 876
213 2356 213 876
221 2552 213 850
258 2863 258 828
234 2951 231 837
218 2872 204 851
285 2949 285 822
213 2528 213 853
267 2697 267 835
258 2741 258 833
258 2580 258 839
249 2842 249 832
243 2799 231 841
222 2704 222 844
258 2741 258 833
249 2585 249 839
222 2405 222 872
218 2810 213 849
249 2550 249 846
240 2804 240 837
234 2545 231 847
215 2716 204 853
215 2716 204 853
267 2697 267 835
240 2815 240 836
240 2581 240 843
220 2556 213 850
294 2963 294 820
277 2829 267 828
234 2860 231 839
222 2704 222 844
222 2446 222 858
220 2832 204 851
219 2525 213 851
218 2810 213 849
276 2874 276 826
276 2789 276 828
249 2813 249 836
249 2550 249 846
240 2857 231 839
234 2951 231 837
234 2860 231 839
222 2862 222 842
222 2520 213 851
213 2521 213 859
314 3282 312 816
314 3282 312 816
314 3282 312 816
312 3298 312 816
312 3298 312 816
312 3298 312 816
312 3298 312 816
312 3298 312 816
312 3298 312 816
303 3087 303 818
303 3087 303 818
294 2963 294 820
294 2963 294 820
294 2963 294 820
294 2963 294 820
294 2963 294 820
285 2949 285 822
267 2853 267 828
267 2853 267 828
238 3012 221 843
238 3012 221 843
234 2996 213 846
226 2516 222 848
226 2516 222 848
222 2520 213 851
222 2405 222 872
221 2552 213 850
221 2552 213 850
219 2525 213 851
213 2366 213 874
204 2326 204 883
204 2326 204 883
204 2326 204 883
204 2326 204 883
321 3430 321 814
321 3430 321 814
321 3430 321 814
213 2356 213 884
204 2359 204 900
258 2872 258 834
285 2955 285 822
310 3198 294 820
233 2959 226 848
277 2869 267 828
246 3055 221 843
305 3262 303 820
317 3324 312 816
222 2483 222 872
267 2994 267 826
258 3029 258 828
317 3289 303 818
236 2950 221 845
222 2388 222 874
206 2593 204 864
221 2564 213 850
208 2579 204 890
219 2661 213 855
216 2525 204 862
209 2588 204 882
240 2587 222 848
267 2994 267 826
219 2661 213 855
321 3430 321 814
321 3430 321 814
207 2611 204 856
233 2984 221 845
207 2611 204 856
321 3430 321 814
321 3430 321 814
321 3430 321 814
321 3430 321 814
321 3430 321 814
321 3430 321 814
321 3430 321 814
321 3430 321 814
321 3430 321 814
321 3430 321 814
321 3430 321 814
321 3430 321 814
321 3430 321 814
321 3430 321 814
321 3430 321 814
321 3430 321 814
321 3430 321 814
321 3430 321 814
321 3430 321 814
321 3430 321 814
321 3430 321 814
321 3430 321 814
321 3430 321 814
321 3430 321 814
321 3430 321 814
321 3430 321 814
321 3430 321 814
321 3430 321 814
321 3430 321 814
321 3430 321 814
321 3430 321 814
321 3430 321 814
321 3430 321 814
321 3430 321 814
321 3430 321 814
321 3430 321 814
321 3430 321 814
321 3430 321 814
321 3430 321 814
321 3430 321 814
321 3430 321 814
321 3430 321 814
321 3430 321 814
321 3430 321 814
321 3430 321 814
321 3430 321 814
321 3430 321 814
321 3430 321 814
321 3430 321 814
321 3430 321 814
321 3430 321 814
321 3430 321 814
321 3448 321 814
204 2363 204 917
294 3101 294 822
258 2768 258 848
294 2963 294 829
267 3010 267 828
246 3082 221 843
221 2570 213 850
215 2658 204 868
206 2412 204 908
234 2997 221 845
217 2528 204 862
216 2538 204 875
208 2579 204 895
208 2579 204 895
297 3122 297 829
217 2473 204 933
211 2475 204 911
210 2476 204 943
208 2622 204 898
246 3055 221 846
267 3066 267 844
294 2992 294 848
279 3017 279 846
220 2539 213 876
228 2720 213 850
225 2808 204 868
238 2777 204 862
267 3087 267 832
217 2748 216 894
223 2630 213 867
211 2586 204 896
295 3011 276 845
294 3064 294 838
321 3466 321 829
214 2479 204 912
213 2497 204 921
258 2776 258 851
286 3372 267 844
226 2632 222 875
294 3160 294 833
235 2806 222 850
217 2640 204 908
312 3298 312 830
301 3098 285 844
298 3246 276 846
244 3107 204 871
230 2724 213 865
231 2900 216 858
228 2955 216 871
314 3347 312 835
239 2516 204 946
231 2964 216 862
285 3098 285 851
242 2756 213 896
308 3223 303 836
257 3320 204 872
236 2982 225 852
236 2664 225 941
233 2956 216 858
241 3081 213 868
238 2604 204 943
321 3486 321 836
242 2861 213 924
242 2754 232 945
233 2973 216 858
296 3414 267 854
288 3074 288 854
319 3302 315 839
269 3287 213 901
266 3157 213 903
235 2957 221 863
233 2973 216 858
322 3577 321 837
258 3408 216 875
247 3018 221 861
233 3030 229 874
321 3566 321 852
270 3131 270 861
262 3488 216 904
255 3171 222 871
255 3171 222 871
312 3485 285 863
284 3187 276 867
261 3233 222 874
255 3254 222 871
306 3350 294 874
