10 0.457292
284 3777 252 1238
281 3655 261 1260
300 3852 220 1275
297 3941 205 1304
280 3712 211 1330
320 4414 228 1239
353 4629 285 1171
348 4345 204 1318
281 3655 261 1260
280 3712 211 1330
355 4790 230 1339
374 4960 246 1228
330 4422 234 1276
363 4693 212 1345
353 4543 211 1325
373 4953 297 1240
315 4299 261 1256
307 4076 217 1369
314 4226 220 1308
343 4622 216 1304
361 4766 253 1310
355 4668 258 1223
405 5218 279 1269
337 4495 236 1282
336 4445 216 1297
358 4741 221 1349
362 4868 239 1263
366 4632 247 1317
336 4237 254 1271
389 5230 236 1228
369 4908 241 1315
378 4754 227 1359
397 5176 265 1206
378 4986 211 1353
345 4727 215 1317
301 4022 225 1274
365 4765 212 1358
346 4532 252 1251
313 4088 234 1266
300 4009 211 1317
355 4439 211 1326
326 4219 245 1260
345 4769 255 1294
400 5351 239 1227
295 3995 250 1268
364 4503 220 1358
318 4251 211 1362
372 4885 216 1301
330 4248 205 1275
326 4212 248 1366
322 4379 247 1300
336 4400 216 1268
361 4476 230 1325
308 4088 213 1272
366 4878 268 1249
329 4327 255 1277
295 3897 213 1233
319 4154 223 1354
347 4388 261 1289
373 4730 289 1269
341 4455 264 1257
371 4907 269 1223
308 4233 220 1349
346 4266 268 1254
373 4649 254 1269
324 4350 273 1271
365 4974 220 1365
353 4446 211 1359
393 5201 281 1243
326 4232 232 1347
322 4221 246 1203
340 4676 224 1300
312 4012 252 1229
337 4178 204 1336
386 4963 212 1331
344 4511 225 1381
299 3969 211 1370
356 4794 285 1245
354 4606 254 1257
347 4618 257 1205
319 4185 259 1233
332 4449 264 1304
317 4248 258 1276
370 4943 220 1338
353 4597 275 1308
304 3951 255 1246
341 4532 227 1346
388 5062 253 1198
324 4398 249 1347
359 4721 273 1284
336 4389 257 1295
344 4466 220 1346
342 4530 243 1265
346 4555 250 1264
384 4890 299 1209
324 4283 250 1359
314 4049 220 1308
338 4600 220 1323
307 3996 241 1287
327 4348 237 1228
338 4345 264 1278
359 4879 267 1226
343 4406 222 1318
362 4638 212 1309
339 4346 205 1305
347 4583 220 1318
370 4704 213 1333
308 3951 215 1335
312 4022 222 1326
359 4888 236 1267
447 5710 228 1386
294 4011 243 1212
365 4716 211 1376
308 4155 211 1335
374 4754 229 1278
313 4179 273 1299
415 5302 223 1276
317 4141 252 1285
371 4627 223 1311
388 5008 220 1335
329 4417 238 1305
287 3724 211 1308
325 4294 211 1303
354 4895 292 1245
330 4095 220 1340
305 3984 228 1211
320 4356 237 1260
395 5296 278 1246
379 5079 218 1296
336 4232 241 1282
350 4610 270 1279
309 4174 259 1297
380 4892 261 1241
340 4342 215 1345
351 4578 236 1320
354 4629 252 1259
348 4444 205 1345
367 4961 212 1371
340 4686 216 1236
353 4311 213 1289
326 4056 232 1359
343 4402 211 1314
351 4721 248 1287
303 4012 223 1332
318 4214 261 1253
328 4360 213 1222
382 5087 257 1261
353 4135 250 1322
383 5091 262 1273
430 5651 228 1361
304 4165 254 1315
327 4406 252 1281
393 5268 294 1173
335 4326 211 1338
310 3975 245 1274
363 4464 259 1243
355 4634 213 1328
341 4649 254 1285
359 4832 220 1310
338 4302 250 1275
325 4311 273 1306
320 4068 254 1282
363 4722 220 1302
314 4179 237 1222
345 4641 243 1282
334 4282 205 1305
363 4879 204 1338
342 4544 222 1317
418 5342 259 1328
335 4281 244 1321
311 4045 212 1353
342 4443 216 1321
410 5552 213 1292
320 4244 216 1246
320 4034 216 1332
311 4089 211 1321
311 3949 229 1337
330 4429 211 1328
425 5795 216 1296
325 4438 227 1263
336 4347 210 1348
369 4950 269 1216
326 4347 220 1360
331 4408 245 1253
334 4233 211 1313
370 4777 213 1339
384 5114 228 1311
356 4598 216 1333
347 4417 261 1258
379 4846 211 1298
375 5072 245 1275
403 5283 243 1255
331 3996 220 1296
335 4362 257 1288
330 4415 213 1313
355 4636 254 1253
362 4758 259 1266
339 4451 270 1252
342 4496 269 1303
345 4776 255 1242
323 4337 220 1338
359 4711 258 1234
379 4718 257 1285
322 4179 253 1315
411 5020 220 1321
321 4330 236 1227
320 3989 238 1306
367 4830 269 1243
327 4175 220 1319
351 4087 222 1309
388 5147 232 1345
332 4496 216 1307
331 4240 219 1326
372 4619 242 1250
371 4829 260 1214
396 5346 283 1226
331 4614 225 1273
316 4081 222 1314
300 4001 265 1282
307 4201 218 1363
294 3940 211 1381
337 4259 255 1279
368 4679 235 1343
321 4417 245 1275
385 5116 232 1309
324 4307 218 1338
353 4688 264 1293
372 4911 236 1287
342 4354 204 1313
363 4735 252 1283
400 5505 269 1224
351 4453 243 1254
363 4753 220 1316
345 4721 243 1282
363 4812 223 1273
332 4321 212 1317
323 4274 211 1315
331 4282 252 1227
380 4993 252 1325
302 3849 220 1331
365 4821 238 1290
326 4107 204 1323
313 4049 213 1345
387 5141 220 1355
366 4735 279 1189
310 4073 240 1308
334 4389 254 1240
342 4315 250 1320
325 4226 229 1270
413 5421 254 1335
325 4234 213 1262
371 4745 257 1279
348 4689 211 1289
322 4273 222 1308
360 4812 214 1357
327 4358 257 1299
306 3903 277 1254
349 4327 228 1267
318 4368 252 1229
402 5064 272 1231
324 4360 243 1287
357 4734 267 1298
352 4838 211 1321
382 4921 290 1216
377 4719 220 1337
334 4249 250 1229
348 4620 278 1304
346 4743 249 1239
350 4609 246 1234
330 4464 220 1328
376 5009 232 1325
311 4114 234 1277
321 4194 261 1245
364 4857 211 1329
369 4765 269 1237
386 4974 260 1269
298 4051 243 1230
357 4534 204 1300
366 5021 243 1268
386 5157 300 1190
354 4680 264 1308
326 4378 211 1350
394 5097 274 1239
327 4374 238 1269
289 3882 220 1342
327 4394 255 1282
309 4065 216 1282
348 4485 220 1332
367 4754 280 1313
346 4305 223 1374
334 4278 246 1292
332 4325 259 1272
349 4650 256 1243
320 4029 228 1249
364 4786 271 1211
384 5169 229 1282
307 4148 220 1361
315 4145 256 1309
344 4470 249 1386
328 4175 222 1299
344 4455 269 1300
306 4106 229 1303
347 4524 207 1329
309 3818 245 1346
332 4386 250 1290
374 4675 205 1312
346 4242 226 1366
337 4275 225 1338
343 4551 230 1286
322 4239 241 1286
357 4752 236 1308
352 4468 269 1303
344 4259 237 1242
347 4408 217 1312
345 4358 234 1315
419 5510 268 1198
331 4287 211 1330
352 4614 225 1238
345 4463 262 1195
330 4186 252 1239
337 4239 277 1233
359 4660 223 1319
303 3927 223 1355
336 4487 235 1313
366 4605 250 1303
340 4523 211 1373
330 4381 252 1301
318 4180 237 1260
311 4296 246 1263
307 3974 211 1393
310 4171 241 1319
337 4320 225 1330
337 4536 234 1277
319 4279 211 1372
313 4131 228 1242
370 4500 220 1329
372 4722 266 1265
347 4597 218 1348
377 4864 259 1306
343 4388 241 1291
364 4882 234 1234
364 4710 290 1191
339 4157 216 1319
372 4852 216 1309
359 4534 220 1316
329 4263 232 1311
395 5283 245 1351
336 4530 256 1323
318 4041 211 1320
343 4610 234 1292
371 4606 245 1295
380 5020 216 1303
312 4164 241 1324
379 5074 261 1249
351 4470 229 1273
310 4149 205 1308
311 3984 211 1355
310 4109 249 1263
374 4771 223 1321
338 4481 246 1239
308 3947 211 1330
336 4229 253 1348
379 5020 294 1209
387 5198 279 1299
355 4848 285 1172
333 4497 257 1285
306 4051 269 1289
358 4422 241 1323
330 4581 250 1232
340 4401 257 1303
339 4420 240 1329
347 4521 234 1345
304 3915 220 1299
308 4097 220 1314
326 4289 211 1359
348 4388 213 1306
297 3971 228 1255
363 4654 204 1312
305 4020 235 1327
303 4001 212 1328
320 4331 260 1185
326 4136 218 1309
323 4321 254 1240
314 4083 245 1241
316 4239 211 1356
366 4807 255 1223
332 4486 213 1261
333 4321 264 1235
330 4383 227 1390
300 4014 232 1319
318 4227 211 1314
383 4893 281 1200
367 4729 266 1333
346 4541 245 1286
343 4524 282 1252
339 4234 217 1394
371 4737 232 1330
342 4416 225 1297
381 4970 230 1276
306 4031 220 1290
340 4125 223 1303
339 4415 259 1264
322 4241 220 1290
340 4360 253 1334
313 4253 268 1251
331 4405 237 1237
363 5053 211 1326
338 4584 225 1319
315 4034 261 1299
301 3710 220 1284
318 4212 222 1280
365 4947 204 1291
342 4435 211 1334
304 3868 220 1337
362 4675 246 1309
355 4888 246 1259
307 4043 225 1340
287 3840 220 1341
320 4244 220 1356
326 4181 229 1311
332 4178 220 1297
321 4178 268 1242
384 4933 211 1350
326 4292 245 1277
319 4240 246 1257
363 4761 266 1193
323 4176 204 1331
365 4898 261 1249
318 3984 262 1279
291 3899 220 1331
322 4093 241 1282
361 4706 261 1325
333 4333 253 1258
421 5366 212 1292
348 4394 223 1366
365 4386 205 1300
336 4376 211 1332
314 4267 237 1251
306 3865 220 1326
325 4344 246 1211
357 4440 232 1279
352 4652 229 1309
385 5130 243 1365
295 3930 204 1298
366 4815 249 1218
378 5074 279 1196
414 5287 276 1258
340 4498 230 1315
341 4579 271 1246
314 4246 252 1260
314 4272 225 1315
323 4350 220 1327
364 4629 261 1262
366 4899 232 1368
303 4127 234 1266
268 3476 243 1270
397 5136 257 1327
291 3840 211 1361
387 4816 285 1180
330 4275 220 1338
327 4271 243 1253
364 4632 254 1287
327 4206 249 1233
342 4301 217 1334
344 4509 264 1308
324 4205 211 1362
366 4623 238 1297
338 4318 216 1314
326 4130 222 1377
367 5043 264 1260
326 4206 245 1240
336 4488 240 1262
333 4256 259 1233
319 4291 250 1252
376 5030 264 1200
319 4396 245 1286
332 4264 220 1367
373 4607 226 1335
309 4159 249 1252
303 3880 257 1229
