13 0.219506
325 4247 248 1216
287 3723 266 1245
297 4061 252 1224
336 4095 204 1367
319 3765 234 1283
311 4039 209 1318
320 4242 248 1219
298 3955 252 1224
292 4032 262 1215
319 3970 232 1259
287 3723 266 1245
326 4433 220 1189
296 4015 250 1273
325 4247 248 1216
322 4032 231 1268
367 4876 216 1265
335 4274 220 1177
300 4059 213 1285
300 3927 250 1212
287 3723 266 1245
325 4247 248 1216
320 4242 248 1219
293 3817 259 1355
324 4221 270 1152
322 4316 234 1182
301 4059 234 1257
339 4578 209 1268
287 3723 266 1245
297 3827 239 1240
285 3632 266 1262
318 4049 220 1247
297 3793 220 1337
311 4067 220 1230
333 4253 245 1210
294 3934 257 1175
296 3728 254 1246
300 3814 232 1298
289 3936 234 1288
412 5384 204 1379
336 4095 204 1380
336 4095 208 1373
324 3856 234 1296
330 3820 234 1293
315 4236 209 1318
338 4309 243 1203
333 4223 213 1326
332 4296 252 1214
316 4025 252 1224
347 4586 245 1198
340 4538 238 1202
330 4524 239 1205
341 4351 236 1225
343 4461 247 1191
332 4372 247 1226
402 5373 237 1216
330 4524 239 1205
335 4359 238 1213
429 5645 237 1204
355 4836 213 1273
293 3799 266 1245
304 4172 246 1280
304 4172 246 1280
309 4007 239 1240
302 4073 248 1249
304 4172 246 1280
304 4162 246 1283
304 4205 242 1261
286 3651 266 1262
330 4189 228 1286
317 4283 220 1305
344 4347 234 1242
334 4228 220 1295
330 4189 228 1286
318 4119 222 1347
333 4268 234 1262
325 4321 248 1230
328 4380 236 1272
322 4389 250 1235
334 4218 232 1285
346 4379 220 1263
314 4249 231 1284
337 4252 220 1268
319 4233 220 1295
357 4809 225 1250
333 4449 222 1255
316 4079 229 1302
343 4305 250 1210
321 4364 260 1213
314 4073 261 1208
325 4194 278 1191
309 4025 263 1239
316 4231 275 1181
333 4652 273 1177
303 3929 250 1366
302 4094 234 1363
307 4038 234 1301
298 3983 259 1319
315 3996 244 1321
298 4015 259 1319
308 3857 268 1269
432 5684 237 1204
346 4466 284 1186
311 4033 250 1381
339 4459 209 1318
400 5160 272 1194
388 5404 238 1231
395 5315 216 1280
298 3983 259 1333
317 4213 230 1356
359 4663 275 1193
305 4139 234 1368
336 4403 278 1206
321 3955 257 1373
391 4970 214 1310
375 5177 262 1195
362 4898 234 1257
377 4332 262 1211
334 4434 236 1305
309 4025 263 1246
344 4619 248 1212
370 5053 247 1199
356 4555 243 1228
348 4388 213 1326
344 4815 220 1295
369 4826 232 1254
368 4718 236 1234
343 4546 224 1283
371 4943 241 1230
332 4604 246 1227
353 4749 254 1209
341 4524 265 1219
356 4564 238 1242
310 4038 250 1363
356 4466 220 1263
373 5006 239 1206
319 4437 252 1224
313 4013 257 1298
335 4312 236 1277
309 4067 239 1240
310 4065 255 1253
390 4527 262 1198
328 4512 236 1291
315 4261 225 1324
338 4486 232 1262
341 4486 227 1310
370 5005 254 1201
318 4147 266 1208
341 4945 229 1287
332 4222 260 1234
349 4371 269 1207
323 4054 248 1267
333 4559 234 1289
324 4236 220 1313
317 4352 260 1225
345 4451 269 1207
348 4163 262 1219
336 4332 256 1228
307 4217 246 1273
341 4049 251 1317
327 4234 220 1313
346 4939 229 1270
368 4794 229 1256
347 4743 238 1257
320 4179 224 1377
315 4261 225 1324
320 4179 224 1377
365 4764 268 1207
365 4764 268 1207
336 4437 229 1296
342 4451 234 1274
315 4055 257 1273
334 4500 236 1280
