7 0.145735
460 6188 251 1365
425 5624 267 1345
363 4692 221 1419
320 4203 258 1467
319 4078 267 1453
317 4299 302 1435
316 4136 299 1448
447 5870 258 1353
404 5165 282 1368
330 4265 267 1430
455 6083 258 1352
367 4603 236 1387
397 5305 228 1399
344 4429 245 1393
378 5032 232 1382
381 5073 223 1400
421 5501 258 1354
401 5194 258 1365
450 5617 263 1353
317 4316 293 1437
410 5432 225 1382
316 4084 290 1457
359 4739 232 1396
327 4236 255 1441
339 4404 236 1404
324 4275 302 1426
342 4497 227 1405
321 4175 287 1434
417 5426 225 1386
350 4469 236 1396
381 5064 232 1370
344 4491 227 1411
342 4454 227 1413
408 5246 225 1397
316 4136 299 1448
339 4404 236 1404
378 5035 232 1372
324 4285 302 1418
362 4694 232 1392
359 4739 232 1396
322 4138 267 1440
322 4156 255 1451
405 5248 225 1399
378 5035 232 1372
361 4717 232 1399
317 4093 267 1453
320 4131 267 1444
320 4131 267 1444
417 5426 225 1386
361 4717 232 1399
339 4404 236 1404
318 4285 302 1433
316 4149 267 1440
322 4156 255 1451
361 4717 232 1399
318 4285 302 1433
322 4161 267 1434
316 4149 267 1440
316 4136 299 1448
339 4404 236 1404
339 4404 236 1404
322 4156 255 1451
458 5735 263 1353
447 5954 267 1345
363 4730 221 1419
331 4318 304 1423
320 4262 258 1467
319 4094 267 1453
316 4154 299 1448
409 5200 282 1368
434 5681 225 1386
344 4522 245 1405
378 5035 232 1375
401 5194 258 1369
421 5535 258 1354
447 5954 267 1345
405 5212 246 1373
427 5823 245 1370
370 4818 232 1399
367 4685 236 1387
339 4415 236 1411
419 5456 225 1392
335 4248 255 1451
344 4477 227 1413
316 4136 299 1463
410 5321 225 1398
363 4996 274 1393
361 4717 232 1404
331 4362 302 1426
407 5314 225 1399
362 4894 232 1396
331 4362 302 1426
330 4261 267 1435
344 4462 236 1409
375 5006 232 1395
322 4143 267 1446
320 4290 302 1434
409 5430 258 1368
337 4241 258 1441
363 4996 274 1393
322 4161 255 1456
317 4299 302 1440
331 4293 255 1450
339 4415 236 1411
361 4717 232 1404
344 4489 236 1407
378 5035 232 1375
378 5032 232 1387
363 4996 274 1393
319 4190 267 1452
321 4160 267 1449
362 4518 236 1396
322 4161 267 1444
322 4161 267 1444
319 4094 267 1453
319 4094 267 1453
378 5035 232 1375
322 4181 267 1440
330 4261 267 1435
319 4094 267 1453
322 4181 267 1440
362 4518 236 1396
363 4996 274 1393
319 4190 267 1452
319 4190 267 1452
330 4261 267 1435
330 4261 267 1435
330 4261 267 1435
330 4261 267 1435
322 4161 267 1444
322 4161 267 1444
322 4161 267 1444
319 4190 267 1452
319 4190 267 1452
319 4094 267 1453
319 4094 267 1453
319 4094 267 1453
490 6705 243 1376
424 5655 258 1354
380 4882 221 1419
324 4314 302 1435
322 4197 258 1467
319 4094 267 1456
481 6464 236 1380
409 5203 282 1368
430 5805 238 1379
408 5285 246 1373
427 5854 245 1370
335 4414 267 1436
324 4283 302 1447
423 5540 225 1393
330 4260 255 1463
420 5450 258 1371
340 4423 267 1429
344 4479 227 1413
424 5655 258 1354
361 4717 232 1405
362 4599 236 1396
325 4316 267 1440
344 4479 227 1413
378 5035 232 1381
327 4219 258 1458
422 5695 245 1378
361 4721 232 1404
375 5038 232 1396
321 4108 267 1453
368 4977 232 1400
378 5035 232 1381
375 5005 232 1398
368 4977 232 1400
332 4263 267 1444
410 5321 225 1399
410 5321 225 1399
420 5450 258 1371
322 4152 267 1450
376 4912 232 1399
342 4465 236 1411
331 4288 267 1448
375 5005 232 1398
322 4152 267 1450
410 5321 225 1399
361 4717 232 1405
344 4466 236 1409
325 4300 267 1444
342 4465 236 1411
375 5005 232 1398
344 4466 236 1409
375 5038 232 1396
342 4465 236 1411
344 4466 236 1409
325 4300 267 1444
375 5038 232 1396
424 5655 258 1354
410 5321 225 1399
375 5038 232 1396
325 4300 267 1444
488 6675 236 1380
439 5829 258 1354
383 4929 221 1419
329 4345 302 1443
322 4217 258 1467
321 4112 267 1460
319 4150 267 1458
488 6675 236 1380
427 5550 258 1371
406 5184 282 1384
433 6108 236 1381
367 4939 279 1402
408 5288 246 1373
400 5210 239 1381
436 5705 258 1358
436 5946 245 1378
332 4269 299 1448
361 4720 232 1405
383 4929 221 1419
384 5125 232 1389
322 4214 267 1450
320 4122 267 1463
371 4879 236 1404
411 5336 225 1399
344 4494 227 1413
349 4574 236 1409
329 4345 302 1443
378 5035 232 1391
329 4361 302 1435
366 4627 236 1408
411 5336 225 1399
384 5125 232 1389
329 4361 302 1435
322 4217 258 1467
411 5336 225 1399
378 5035 232 1391
342 4470 236 1415
409 5200 282 1382
342 4470 236 1415
332 4269 299 1448
345 4477 236 1411
339 4175 267 1450
335 4359 267 1447
339 4298 258 1458
320 4122 267 1463
335 4338 302 1444
342 4470 236 1415
332 4269 299 1448
322 4217 258 1467
322 4149 267 1458
409 5200 282 1382
335 4338 302 1444
344 4484 236 1411
322 4217 258 1467
344 4484 245 1409
339 4175 267 1450
344 4484 236 1411
335 4359 267 1447
344 4484 245 1409
319 4150 267 1458
329 4361 302 1435
322 4149 267 1458
488 6675 236 1380
344 4484 236 1411
344 4484 236 1411
344 4484 236 1411
335 4359 267 1447
332 4269 299 1448
332 4269 299 1448
332 4269 299 1448
332 4269 299 1448
332 4269 299 1448
332 4269 299 1448
332 4269 299 1448
329 4361 302 1435
329 4361 302 1435
329 4361 302 1435
455 6074 258 1354
455 6074 258 1354
446 6254 236 1381
419 5456 225 1399
381 4990 313 1408
322 4217 258 1472
322 4153 267 1458
319 4190 267 1458
400 4979 274 1406
394 5195 232 1389
424 5646 251 1373
339 4561 265 1461
411 5259 282 1384
440 5961 245 1378
362 4670 227 1413
355 4689 236 1411
418 5732 279 1388
372 4666 236 1409
436 5543 241 1386
329 4354 302 1451
447 5916 267 1355
424 5550 258 1373
414 5275 282 1381
327 4347 293 1454
436 5711 258 1358
322 4307 302 1453
357 4500 236 1428
344 4565 245 1433
360 4529 236 1421
446 5695 239 1388
378 5035 232 1396
378 5035 232 1396
420 5500 258 1375
331 4372 302 1435
336 4349 290 1451
419 5456 225 1399
455 6074 258 1354
344 4453 267 1453
346 4501 245 1409
329 4355 302 1443
336 4323 292 1452
329 4355 302 1443
420 5500 258 1375
419 5456 225 1399
336 4354 267 1456
359 4533 236 1411
333 4322 302 1451
319 4190 267 1458
322 4153 267 1458
319 4190 267 1458
331 4372 302 1435
319 4190 267 1458
319 4190 267 1458
331 4372 302 1435
319 4190 267 1458
455 6074 258 1354
455 6074 258 1354
455 6074 258 1354
455 6074 258 1354
455 6074 258 1354
419 5456 225 1399
419 5456 225 1399
378 5035 232 1396
331 4372 302 1435
331 4372 302 1435
331 4372 302 1435
319 4190 267 1458
319 4190 267 1458
319 4190 267 1458
319 4190 267 1458
486 6645 245 1378
455 6105 258 1354
421 5460 225 1399
334 4447 302 1442
322 4156 267 1458
319 4190 267 1474
414 5275 282 1382
445 5876 258 1373
338 4425 302 1435
426 5555 258 1375
384 4778 227 1413
363 4785 236 1423
367 4813 232 1433
409 5306 232 1395
346 4521 267 1440
358 4643 258 1467
453 5800 239 1388
426 5555 258 1375
377 4986 227 1413
410 5057 274 1404
329 4361 302 1447
377 5017 239 1409
378 5069 232 1396
415 5279 273 1391
321 4200 267 1459
415 5408 258 1389
353 4408 302 1443
421 5460 225 1399
322 4156 267 1458
330 4389 302 1446
322 4156 267 1458
321 4200 267 1459
322 4156 267 1458
322 4156 267 1458
467 6254 258 1354
432 5651 225 1399
349 4662 302 1444
322 4156 267 1461
381 5080 232 1396
414 5341 282 1382
360 4678 267 1444
432 5570 258 1389
329 4361 302 1448
360 4652 299 1448
432 5615 258 1378
323 4168 267 1458
356 4678 267 1451
432 5615 258 1378
484 6336 263 1358
477 6416 258 1367
385 5155 232 1398
329 4362 302 1448
324 4169 267 1467
444 5769 258 1378
362 4764 267 1444
326 4206 267 1458
496 6729 257 1415
338 4407 302 1456
337 4288 287 1458
334 4443 267 1475
394 5215 267 1435
421 5622 265 1455
375 4956 267 1453
346 4572 267 1462
336 4445 267 1469
352 4564 267 1458
356 4725 267 1458
361 4796 267 1458
363 4909 274 1467
