142 0.179282
296 3976 222 1310
325 4347 229 1230
324 4341 243 1241
299 3960 222 1306
343 4513 213 1343
353 4786 204 1294
343 4513 213 1343
299 3960 222 1306
325 4347 229 1230
305 4052 229 1281
304 4200 229 1253
296 3976 222 1310
326 4420 220 1278
322 4315 222 1257
326 4420 220 1278
304 4200 229 1253
325 4147 222 1301
305 4052 229 1281
322 4315 222 1257
305 4052 229 1281
343 4513 213 1343
326 4420 220 1278
325 4147 222 1301
324 4299 222 1293
343 4513 213 1343
324 4299 222 1293
296 3976 222 1310
325 4147 222 1301
299 3960 222 1306
324 4299 222 1293
343 4513 213 1343
299 3960 222 1306
343 4513 213 1343
324 4299 222 1293
299 3960 222 1306
325 4147 222 1301
299 3960 222 1306
324 4299 222 1293
304 4200 229 1253
326 4420 220 1278
304 4200 229 1253
324 4299 222 1293
322 4315 222 1257
326 4420 220 1278
325 4147 222 1301
324 4299 222 1293
353 4786 204 1294
324 4299 222 1293
322 4315 222 1257
325 4147 222 1301
322 4315 222 1257
353 4786 204 1294
326 4420 220 1278
324 4299 222 1293
324 4299 222 1293
353 4786 204 1294
305 4052 229 1281
299 3960 222 1306
324 4299 222 1293
353 4786 204 1294
326 4420 220 1278
299 3960 222 1306
324 4341 243 1241
324 4299 222 1293
325 4147 222 1301
299 3960 222 1306
324 4299 222 1293
324 4299 222 1293
326 4420 220 1278
326 4420 220 1278
324 4299 222 1293
324 4299 222 1293
324 4299 222 1293
324 4299 222 1293
324 4299 222 1293
299 3960 222 1306
324 4299 222 1293
299 3960 222 1306
299 3960 222 1306
343 4513 213 1343
322 4315 222 1257
324 4299 222 1293
324 4299 222 1293
325 4147 222 1301
326 4420 220 1278
322 4315 222 1257
324 4299 222 1293
326 4420 220 1278
304 4200 229 1253
299 3960 222 1306
325 4147 222 1301
324 4299 222 1293
325 4147 222 1301
299 3960 222 1306
343 4513 213 1343
299 3960 222 1306
325 4147 222 1301
296 3976 222 1310
326 4420 220 1278
305 4052 229 1281
305 4052 229 1281
325 4147 222 1301
326 4420 220 1278
322 4315 222 1257
299 3960 222 1306
299 3960 222 1306
299 3960 222 1306
324 4299 222 1293
299 3960 222 1306
324 4299 222 1293
324 4299 222 1293
324 4299 222 1293
324 4299 222 1293
326 4420 220 1278
326 4420 220 1278
324 4299 222 1293
324 4299 222 1293
343 4513 213 1343
325 4147 222 1301
324 4299 222 1293
324 4341 243 1241
299 3960 222 1306
326 4420 220 1278
353 4786 204 1294
305 4052 229 1281
353 4786 204 1294
324 4299 222 1293
324 4299 222 1293
