6 0.124315
319 4426 251 1428
321 3960 255 1449
356 4755 229 1383
364 4553 274 1340
319 4211 256 1380
318 4091 252 1393
343 4467 258 1341
330 4116 264 1435
341 4246 264 1445
318 4091 252 1393
341 4180 252 1432
328 4143 256 1386
351 4309 274 1357
339 4375 263 1497
310 4196 263 1379
327 4185 253 1388
339 4116 285 1478
319 4426 251 1428
320 3962 255 1445
325 3995 285 1466
365 5054 237 1385
335 4178 255 1460
297 3957 244 1391
346 4384 253 1428
309 4266 251 1407
345 4308 246 1450
313 4007 270 1424
321 3960 255 1449
302 4118 251 1401
317 4257 251 1398
328 4216 256 1380
342 4268 241 1425
305 3977 246 1418
322 4298 266 1483
342 4268 241 1425
313 4176 251 1429
324 4348 272 1381
326 4091 251 1421
336 4354 253 1402
315 4076 255 1470
322 4057 274 1388
358 4270 262 1416
297 3947 244 1391
338 4076 255 1432
323 4236 251 1386
314 4119 251 1434
297 3947 244 1391
330 4116 264 1435
326 4219 251 1436
302 4165 251 1407
338 4076 255 1432
322 4098 260 1337
318 4080 255 1440
319 4246 256 1390
305 3977 246 1418
318 4074 239 1441
326 4219 251 1436
335 4178 255 1460
338 4076 255 1432
320 3962 255 1445
324 4348 272 1381
332 4163 241 1404
319 4426 251 1428
329 4073 264 1471
304 4162 251 1389
328 4049 285 1479
309 4064 263 1386
323 4267 263 1389
318 4091 252 1393
354 4275 274 1387
318 3907 264 1435
335 4178 255 1460
338 4486 258 1379
312 4010 258 1430
307 3973 241 1394
315 4076 255 1470
351 4309 274 1357
332 4163 241 1404
321 4078 256 1417
328 4306 253 1435
374 4573 234 1430
325 3995 285 1466
343 4467 258 1341
318 4419 239 1414
346 4384 253 1428
328 4049 285 1479
314 4119 251 1434
318 4018 255 1440
300 3884 244 1414
337 4048 274 1469
328 4216 256 1380
310 4068 246 1400
318 3925 264 1434
320 4087 263 1412
325 4435 239 1392
341 4246 264 1445
317 4066 253 1413
322 4098 260 1337
337 4281 263 1385
353 4360 258 1396
328 4196 263 1390
325 3995 285 1466
322 4202 250 1395
331 4242 246 1423
326 4344 263 1426
322 4057 274 1388
310 4196 263 1379
342 4273 292 1459
310 4068 246 1400
328 4143 256 1386
339 4116 285 1478
317 4066 253 1413
330 4128 234 1466
354 4275 274 1387
302 4118 251 1401
318 4018 255 1440
321 4201 263 1417
333 4141 264 1458
340 4256 255 1410
332 4308 256 1434
338 4498 244 1363
302 4118 251 1401
318 4060 239 1436
304 4162 251 1389
318 3907 264 1435
312 4010 258 1430
328 4216 256 1380
340 4540 251 1406
321 4078 256 1417
353 4360 258 1396
328 4167 274 1381
328 4143 256 1386
341 4180 252 1432
338 4486 258 1379
319 4246 256 1390
321 4360 244 1431
318 3907 264 1435
331 4242 246 1423
336 4307 262 1441
337 4048 274 1469
321 3971 255 1432
339 4377 258 1424
297 3957 244 1391
312 4010 258 1430
348 4441 239 1429
318 4080 255 1440
315 4106 241 1392
307 3973 241 1394
328 4049 285 1479
321 3960 255 1449
341 4180 252 1432
341 4233 252 1407
332 4308 256 1434
318 3925 264 1434
345 4308 246 1450
313 4176 251 1429
343 4467 258 1341
313 4007 270 1424
323 4267 263 1389
317 4257 251 1398
307 3973 241 1394
332 4377 267 1430
318 3907 264 1435
325 4298 255 1476
313 4176 251 1429
338 4498 244 1363
297 3957 244 1391
317 4066 253 1413
322 4057 274 1388
318 4080 255 1440
355 4258 260 1382
305 3977 246 1418
323 4236 251 1386
307 4244 263 1367
345 4276 243 1436
318 4060 239 1436
330 4227 253 1423
302 4118 251 1401
332 4163 241 1404
315 4076 255 1470
344 4517 272 1356
318 4299 267 1474
332 4386 260 1385
321 4201 263 1417
300 3884 244 1414
302 4165 251 1407
338 4498 244 1363
329 4073 264 1471
349 4283 264 1449
332 4338 265 1466
318 3925 264 1434
358 4270 262 1416
328 4216 256 1380
340 4256 255 1410
322 4098 260 1337
331 4225 260 1376
346 4130 285 1484
314 4119 251 1434
354 4275 274 1387
344 4286 255 1412
