57 3.75316
98 1100 98 330
82 880 63 351
82 824 66 345
77 826 73 364
75 844 73 363
82 963 78 337
91 893 65 347
90 927 90 333
90 947 90 332
79 866 79 352
85 921 84 335
87 871 78 338
85 921 84 335
83 877 78 338
77 849 73 358
90 957 90 331
78 877 68 347
84 923 84 334
79 893 66 346
90 927 90 333
79 824 79 357
84 863 72 340
76 829 73 363
90 947 90 332
77 874 67 357
84 910 78 337
83 843 72 341
79 891 63 349
79 849 79 355
77 866 67 360
86 854 72 340
80 880 72 341
79 886 70 346
81 852 67 359
78 877 68 347
75 911 72 343
84 871 84 336
90 957 90 331
75 911 72 343
77 891 72 342
79 849 79 355
76 858 73 358
79 886 70 346
86 854 72 340
91 893 65 347
85 880 63 348
82 958 78 338
78 881 78 339
91 893 65 347
83 877 78 338
81 869 66 346
83 863 78 340
76 858 73 358
85 880 63 348
80 833 79 355
79 849 79 355
77 834 73 360
76 829 73 363
80 864 78 339
77 874 67 357
76 829 73 363
81 852 67 359
85 921 84 335
75 844 73 363
77 887 66 347
90 957 90 331
90 927 90 333
85 921 84 335
85 880 63 348
85 880 63 348
82 880 63 351
82 844 66 344
82 844 66 344
79 893 66 346
79 866 79 352
77 891 72 342
77 866 67 360
77 826 73 364
76 858 73 358
83 877 78 338
78 877 68 347
80 836 72 343
79 849 79 355
75 844 73 363
82 839 72 342
80 833 79 355
77 891 72 342
77 887 66 347
84 866 67 343
83 877 78 338
82 879 63 357
82 839 72 342
81 869 66 346
77 826 73 364
85 921 84 335
81 852 67 359
77 866 67 360
77 834 73 360
77 826 73 364
76 850 73 360
85 911 65 347
85 880 63 348
80 833 79 355
77 834 73 360
76 850 73 360
91 893 65 347
90 957 90 331
90 957 90 331
90 947 90 332
90 927 90 333
86 854 72 340
85 911 65 347
85 880 63 348
85 880 63 348
82 880 63 351
82 880 63 351
82 880 63 351
82 880 63 351
82 880 63 351
82 844 66 344
82 844 66 344
81 852 67 359
80 833 79 355
80 833 79 355
80 833 79 355
80 833 79 355
79 866 79 352
79 866 67 359
79 866 67 359
79 849 79 355
79 849 79 355
79 849 79 355
79 849 79 355
79 849 79 355
78 877 68 347
78 877 68 347
78 877 68 347
77 891 72 342
77 887 66 347
77 834 73 360
77 826 73 364
77 826 73 364
77 826 73 364
77 826 73 364
77 826 73 364
77 826 73 364
77 826 73 364
77 826 73 364
77 826 73 364
102 1057 67 343
99 1114 98 330
98 1126 98 330
85 941 63 348
83 828 66 345
76 830 73 363
75 849 73 363
91 938 90 333
93 908 66 344
84 872 84 336
90 959 90 331
79 871 79 354
86 922 84 335
90 957 90 332
78 885 68 347
84 1040 84 334
79 892 63 349
98 1126 98 330
86 910 78 337
82 996 78 337
80 887 72 341
79 925 66 346
77 845 73 360
82 882 63 351
79 838 73 361
82 996 78 337
84 851 72 341
81 867 78 339
80 844 76 358
82 833 66 345
76 859 73 360
81 869 67 359
82 964 78 338
79 883 67 357
83 879 78 338
80 844 76 358
78 903 78 339
79 853 79 355
80 839 79 355
77 881 67 359
99 1114 98 330
98 1126 98 330
85 943 84 334
76 830 73 363
84 945 84 335
82 964 78 338
82 964 78 338
86 887 63 348
82 833 66 345
81 867 78 339
77 850 73 358
85 943 78 337
82 964 78 338
81 867 78 339
77 850 73 358
82 833 66 345
80 844 76 358
86 910 78 337
85 943 78 337
84 945 84 335
77 850 73 358
99 1114 98 330
99 1114 98 330
99 1114 98 330
99 1114 98 330
99 1114 98 330
98 1126 98 330
98 1126 98 330
98 1126 98 330
98 1126 98 330
98 1126 98 330
98 1126 98 330
98 1126 98 330
98 1126 98 330
86 910 78 337
86 910 78 337
82 964 78 338
82 964 78 338
82 964 78 338
82 964 78 338
82 964 78 338
82 964 78 338
81 867 78 339
80 844 76 358
80 844 76 358
80 844 76 358
80 844 76 358
77 850 73 358
102 1014 66 344
99 1116 98 330
92 942 63 348
78 833 73 364
77 864 73 358
97 961 97 331
80 846 76 358
99 1061 66 344
94 971 90 332
79 859 79 355
79 913 68 347
100 1053 66 344
84 1005 84 335
85 868 79 352
99 1116 98 330
85 945 84 334
88 965 78 337
86 872 66 345
81 891 72 341
78 913 78 339
90 987 90 331
79 898 63 349
83 890 72 341
83 939 66 346
92 942 63 348
86 995 78 337
87 886 84 336
90 976 90 332
86 926 84 335
83 883 78 339
90 987 90 331
84 889 78 338
82 861 73 358
85 945 84 334
93 944 84 334
84 892 84 336
93 944 84 334
93 944 84 334
90 976 90 332
92 942 63 348
90 987 90 331
93 944 84 334
99 1116 98 330
99 1116 98 330
93 944 84 334
93 944 84 334
93 944 84 334
92 942 63 348
85 945 84 334
85 945 84 334
100 1061 66 344
99 1120 98 330
95 1020 63 348
81 866 73 363
80 861 79 355
92 1004 90 332
93 974 84 334
83 892 73 361
93 988 90 331
86 886 68 347
87 951 84 335
96 995 78 337
84 891 78 338
89 994 72 341
89 894 66 345
82 899 63 351
84 942 63 349
82 898 63 357
87 915 72 342
100 1061 66 344
85 911 72 343
81 940 72 342
91 991 72 341
86 985 84 335
112 1128 63 348
100 1129 98 330
84 893 79 355
82 902 63 357
92 1099 72 341
92 1012 90 332
96 1046 63 350
90 986 84 335
87 900 78 338
86 1012 68 347
95 1030 84 334
90 943 72 344
88 1034 84 335
87 962 67 349
82 900 79 352
84 937 63 356
89 958 72 342
90 916 66 345
88 917 63 351
89 1035 66 347
90 912 63 351
106 1160 66 345
105 1214 98 330
89 951 63 351
83 900 79 354
82 921 73 360
100 1124 72 341
103 1039 84 335
95 1042 90 332
92 1011 85 337
88 909 73 358
85 908 67 359
95 1042 90 332
96 928 66 346
87 934 78 338
90 973 72 342
90 921 78 338
90 968 66 347
86 925 85 352
92 1041 84 337
90 973 72 342
87 928 79 353
90 973 72 342
113 1141 72 341
112 1233 66 345
109 1223 98 330
98 978 66 347
90 922 73 360
84 929 79 354
104 1197 86 336
97 1061 90 332
89 969 79 352
92 1029 70 355
97 1078 67 360
91 954 78 339
90 961 73 356
89 991 78 338
91 974 72 342
90 975 72 342
103 1050 78 338
101 1153 66 347
101 1062 90 332
98 1002 66 354
92 978 72 347
90 1021 72 342
91 988 79 348
94 1065 78 341
97 1042 78 339
93 1019 85 340
95 1005 72 343
91 1033 85 339
111 1053 84 339
110 1260 66 348
102 1082 92 333
100 1007 66 358
97 992 85 349
90 1025 72 342
104 1132 84 341
91 1009 79 354
94 1024 85 340
96 1003 91 352
98 1002 72 350
96 1022 72 346
106 1208 85 341
94 1027 72 351
92 1036 85 343
93 1057 78 349
95 1030 72 342
93 1057 85 342
95 1031 72 342
94 1049 72 353
102 1043 78 350
99 1041 76 358
96 1076 72 342
95 1099 72 350
95 1031 79 346
94 1062 73 356
96 1067 73 355
100 1071 78 350
106 1154 86 344
102 1038 85 350
97 1077 72 346
102 1052 78 350
104 1192 73 346
103 1073 79 353
101 1141 85 347
97 1082 79 354
100 1094 79 351
109 1202 80 347
106 1099 79 354
102 1124 80 355
104 1129 80 354
121 1285 85 347
95 1173 90 333
81 945 62 369
75 882 62 375
72 832 72 356
71 851 66 365
90 1097 90 335
95 1173 90 333
91 1102 90 334
86 1024 62 355
84 932 84 338
78 951 63 362
81 920 77 347
84 1003 62 357
73 846 66 356
77 901 63 372
76 877 64 374
84 932 84 338
80 959 79 343
76 921 72 348
75 899 68 354
85 945 84 336
82 945 72 342
81 920 77 347
71 851 66 365
75 899 68 354
76 912 68 351
82 885 62 369
87 914 62 365
88 945 78 340
76 900 65 371
83 944 78 341
91 1102 90 334
83 888 63 352
83 994 63 348
82 947 78 340
87 914 62 365
74 881 66 355
84 880 63 351
86 960 66 348
78 933 78 346
78 933 78 346
74 881 66 355
76 877 64 374
80 959 79 343
80 959 79 343
76 900 65 371
79 848 63 353
84 966 66 345
80 977 72 342
74 858 68 355
79 948 63 349
79 949 78 345
83 999 78 339
87 914 62 365
79 848 63 353
84 932 84 338
80 879 66 349
88 945 78 340
75 882 62 375
74 883 72 352
71 851 66 365
81 960 78 344
88 945 78 340
79 848 63 353
79 848 63 353
84 966 66 345
82 924 72 343
80 945 78 345
84 987 78 339
80 977 72 342
79 948 63 349
75 882 62 375
74 883 72 352
74 881 66 355
79 910 79 346
88 945 78 340
84 987 78 339
84 966 66 345
81 960 78 344
80 977 72 342
80 959 79 343
78 933 78 346
76 921 72 348
76 886 68 354
74 883 72 352
84 987 78 339
81 856 66 352
76 921 72 348
80 879 66 349
79 910 79 346
76 886 68 354
74 883 72 352
74 858 68 355
84 932 84 338
76 921 72 348
76 900 65 371
76 886 68 354
74 881 66 355
95 1173 90 333
95 1173 90 333
95 1173 90 333
95 1173 90 333
88 945 78 340
84 987 78 339
84 987 78 339
84 987 78 339
84 966 66 345
81 960 78 344
81 920 77 347
80 977 72 342
80 959 79 343
80 879 66 349
79 910 79 346
79 848 63 353
79 848 63 353
76 921 72 348
76 921 72 348
76 921 72 348
76 921 72 348
76 921 72 348
76 921 72 348
76 886 68 354
76 877 64 374
75 882 62 375
75 882 62 375
75 882 62 375
74 883 72 352
74 881 66 355
74 858 68 355
74 858 68 355
74 858 68 355
74 858 68 355
98 1102 66 347
95 1201 90 333
91 1098 90 335
87 944 62 365
76 900 64 374
72 847 72 356
72 847 72 356
93 1056 72 342
79 928 79 346
82 953 78 340
76 887 66 359
82 904 65 371
84 942 84 338
75 900 68 354
73 851 66 362
85 946 84 336
76 914 68 351
89 921 62 365
86 997 63 348
97 1125 90 334
91 1132 90 334
82 928 72 343
82 953 78 340
81 884 66 349
85 1010 63 348
74 930 66 355
86 893 62 369
80 892 66 349
91 1098 90 335
75 899 66 355
90 1103 90 335
81 946 62 369
84 942 84 338
82 928 72 343
85 896 63 351
72 847 72 356
84 942 84 338
85 896 63 351
83 899 63 352
82 928 72 343
85 896 63 351
85 946 84 336
83 899 63 352
83 899 63 352
90 1103 90 335
91 1098 90 335
81 946 62 369
73 849 66 365
73 849 66 365
72 847 72 356
85 1010 63 348
82 928 72 343
91 1132 90 334
81 946 62 369
81 946 62 369
73 849 66 365
73 849 66 365
91 1132 90 334
91 1132 90 334
91 1098 90 335
91 1098 90 335
91 1098 90 335
91 1098 90 335
91 1098 90 335
91 1098 90 335
91 1098 90 335
91 1098 90 335
91 1098 90 335
91 1098 90 335
90 1103 90 335
90 1103 90 335
90 1103 90 335
90 1103 90 335
90 1103 90 335
90 1103 90 335
85 946 84 336
84 942 84 338
83 899 63 352
83 899 63 352
83 899 63 352
83 899 63 352
82 928 72 343
82 928 72 343
82 928 72 343
82 928 72 343
82 928 72 343
82 928 72 343
82 928 72 343
81 946 62 369
81 946 62 369
73 849 66 365
73 849 66 365
73 849 66 365
73 849 66 365
73 849 66 365
73 849 66 365
73 849 66 365
73 849 66 365
73 849 66 365
73 849 66 365
72 847 72 356
72 847 72 356
97 1202 90 333
86 908 62 369
73 850 66 366
72 852 72 356
83 890 66 349
90 1109 90 335
84 960 84 338
83 969 78 340
95 1166 90 334
85 1017 63 348
85 974 84 336
90 1109 90 335
87 1003 63 352
77 914 77 351
77 914 77 351
76 933 68 351
97 1149 90 334
89 930 62 365
76 917 72 351
73 875 67 364
76 864 66 365
90 974 63 354
73 875 67 364
85 941 72 343
83 944 72 343
73 875 67 364
87 901 62 369
87 901 62 369
86 908 62 369
86 908 62 369
85 974 84 336
87 901 62 369
85 1017 63 348
87 901 62 369
85 1017 63 348
90 1109 90 335
87 901 62 369
87 901 62 369
86 908 62 369
86 908 62 369
73 875 67 364
73 875 67 364
73 875 67 364
73 875 67 364
73 875 67 364
99 1039 62 365
90 1120 90 335
87 1128 67 364
87 997 65 371
85 896 70 351
76 936 70 353
98 1076 63 348
81 913 72 356
92 965 84 339
91 1025 84 336
78 937 78 352
90 1120 90 335
84 1018 78 340
83 977 72 343
79 907 66 365
83 936 68 355
88 918 66 349
88 1034 63 367
91 959 62 367
90 981 63 354
83 1003 68 351
86 998 84 341
86 944 72 348
88 950 62 369
87 1008 62 369
90 981 63 354
92 936 62 369
107 1218 84 336
94 1131 90 335
89 971 62 369
85 904 70 351
79 973 77 356
83 1026 77 351
101 975 84 339
90 985 63 356
93 955 67 364
99 1146 63 348
80 917 66 365
98 1127 90 335
79 945 79 353
95 1188 66 355
107 1218 84 336
84 1005 72 346
85 1006 72 343
100 1084 63 354
94 1088 84 338
92 999 68 354
88 986 72 346
88 1025 78 340
98 997 66 353
80 949 72 354
95 970 84 340
85 1000 72 344
84 987 78 346
120 1294 84 337
117 1351 70 351
101 1254 63 361
99 1196 90 335
96 1080 64 374
86 920 66 366
80 951 72 354
108 1254 66 358
98 1150 84 338
86 927 75 362
115 1278 64 359
85 999 78 353
91 1037 78 340
116 1168 67 362
90 1084 65 371
89 998 72 346
82 1028 66 365
89 1103 78 341
94 1089 72 343
93 1006 78 343
85 1017 72 348
98 1018 66 364
90 1091 66 364
106 1170 90 339
101 1266 66 365
99 1205 90 335
91 984 66 372
84 1116 72 363
97 1148 78 340
95 997 72 362
86 1031 72 348
89 1049 72 346
93 988 74 365
91 1078 66 368
94 1114 72 343
105 1132 66 367
96 1191 90 341
102 1133 66 366
127 1432 90 336
105 1220 66 369
99 1127 66 372
90 1063 72 354
90 1055 78 348
111 1284 84 340
100 1094 67 368
93 1162 77 352
99 1124 72 346
111 1195 84 342
94 1126 72 343
107 1204 66 368
105 1209 78 342
105 1220 66 369
105 1220 66 369
105 1220 66 369
105 1220 66 369
105 1220 66 369
105 1220 66 369
105 1220 66 369
118 1350 85 341
106 1228 66 369
105 1239 66 369
93 1067 72 362
93 1067 72 362
94 1143 79 346
107 1292 72 350
113 1250 84 342
103 1216 85 344
96 1183 72 354
110 1187 76 352
93 1106 72 357
94 1157 75 355
107 1216 84 344
112 1233 73 352
112 1233 73 352
112 1233 73 352
119 1253 84 342
117 1292 84 342
109 1310 72 351
98 1129 72 362
95 1172 72 369
98 1232 84 347
108 1174 72 358
119 1278 84 342
119 1278 84 342
110 1390 72 356
99 1147 72 362
98 1183 72 362
123 1379 84 342
99 1149 72 362
99 1149 72 362
108 1342 72 362
84 960 84 334
84 960 84 334
84 861 84 337
84 849 67 343
82 798 66 346
79 852 63 349
73 840 63 353
70 836 66 350
84 941 84 335
84 960 84 334
80 877 72 340
77 905 72 341
78 871 78 340
78 871 78 340
80 891 78 337
77 905 72 341
76 818 66 346
78 871 78 340
72 830 66 347
80 876 78 338
72 866 63 352
78 810 66 345
74 825 66 344
82 806 66 345
77 846 65 347
70 836 66 350
78 884 78 338
84 903 84 336
75 840 72 343
70 836 66 350
82 816 72 343
82 806 66 345
82 798 66 346
73 853 63 348
70 836 66 350
79 808 66 344
72 826 66 348
73 853 63 348
82 875 72 340
78 827 65 347
82 806 66 345
81 871 67 343
81 871 67 343
77 905 72 341
75 840 72 343
73 834 66 345
82 820 72 342
77 823 66 344
72 830 66 347
84 903 84 336
82 820 72 342
81 871 67 343
79 808 66 344
77 905 72 341
77 905 72 341
73 853 63 348
73 840 63 353
81 871 67 343
82 866 67 343
78 871 78 340
75 862 65 347
73 834 66 345
72 830 66 347
78 838 72 341
78 838 72 341
77 905 72 341
77 823 66 344
77 820 66 345
75 840 72 343
73 834 66 345
70 836 66 350
70 836 66 350
82 875 72 340
79 808 66 344
77 809 72 345
77 809 72 345
84 960 84 334
84 960 84 334
84 960 84 334
84 960 84 334
84 903 84 336
82 875 72 340
82 866 67 343
82 806 66 345
82 806 66 345
82 806 66 345
82 806 66 345
82 806 66 345
82 806 66 345
82 806 66 345
82 806 66 345
82 798 66 346
82 798 66 346
81 871 67 343
79 808 66 344
78 871 78 340
78 838 72 341
78 838 72 341
78 838 72 341
77 905 72 341
77 905 72 341
77 905 72 341
77 905 72 341
77 905 72 341
77 905 72 341
77 905 72 341
77 905 72 341
77 905 72 341
77 905 72 341
77 905 72 341
77 905 72 341
77 905 72 341
77 905 72 341
77 905 72 341
77 905 72 341
77 905 72 341
77 905 72 341
77 905 72 341
77 905 72 341
77 905 72 341
77 905 72 341
77 905 72 341
77 905 72 341
77 905 72 341
77 905 72 341
77 905 72 341
77 905 72 341
77 905 72 341
77 905 72 341
77 905 72 341
77 905 72 341
77 823 66 344
77 820 66 345
77 809 72 345
77 809 72 345
75 840 72 343
75 840 72 343
73 853 63 348
73 853 63 348
73 853 63 348
73 853 63 348
73 853 63 348
73 840 63 353
73 840 63 353
73 840 63 353
73 840 63 353
73 840 63 353
73 834 66 345
73 834 66 345
73 834 66 345
73 834 66 345
73 834 66 345
73 834 66 345
72 830 66 347
70 836 66 350
70 836 66 350
70 836 66 350
70 836 66 350
70 836 66 350
70 836 66 350
70 836 66 350
70 836 66 350
89 949 84 335
84 975 84 334
82 811 66 345
75 870 63 348
74 852 63 353
72 831 66 347
89 949 84 335
80 874 72 343
77 910 72 341
78 885 78 339
82 882 72 340
84 866 84 337
78 885 78 339
82 888 67 343
78 899 72 341
84 956 84 335
73 827 66 350
72 830 66 350
72 867 63 352
81 906 78 337
79 812 66 344
73 836 66 345
75 842 66 344
79 812 66 344
75 865 65 347
84 907 84 336
82 888 67 343
84 866 84 337
76 820 66 346
75 865 65 347
75 870 63 348
78 876 78 340
78 818 66 345
80 834 65 347
78 893 78 338
78 893 78 338
75 865 65 347
76 820 66 346
78 885 78 339
75 865 65 347
84 866 84 337
84 866 84 337
82 888 67 343
76 820 66 346
76 820 66 346
78 823 66 344
75 870 63 348
76 820 66 346
84 866 84 337
76 831 66 345
89 949 84 335
89 949 84 335
82 888 67 343
82 888 67 343
79 812 66 344
79 812 66 344
79 812 66 344
79 812 66 344
78 885 78 339
78 885 78 339
78 885 78 339
76 820 66 346
76 820 66 346
76 820 66 346
76 820 66 346
76 820 66 346
76 820 66 346
75 865 65 347
75 865 65 347
75 865 65 347
75 865 65 347
93 887 72 341
84 979 84 334
84 926 84 336
81 993 78 337
80 812 66 345
78 910 63 348
75 864 63 353
72 868 63 352
84 873 84 337
78 894 78 338
84 927 67 343
83 914 78 337
83 939 72 340
75 866 65 347
73 829 66 350
78 912 72 341
73 858 66 345
80 904 72 342
84 957 84 335
82 815 66 344
72 837 66 347
75 846 66 344
78 823 66 345
84 957 84 335
81 843 66 344
82 986 78 337
84 979 84 334
72 868 63 352
78 894 78 338
81 993 78 337
83 914 78 337
78 894 78 338
84 979 84 334
72 868 63 352
78 894 78 338
78 912 72 341
84 957 84 335
84 957 84 335
84 957 84 335
84 957 84 335
84 957 84 335
84 957 84 335
84 957 84 335
84 957 84 335
78 894 78 338
78 894 78 338
78 894 78 338
72 868 63 352
96 1051 67 343
87 830 66 345
84 981 84 334
72 871 63 352
94 972 72 340
78 895 78 338
84 934 84 336
78 913 72 341
80 928 63 348
78 886 65 347
75 850 66 344
78 928 63 351
81 844 66 345
83 837 66 344
73 860 66 345
73 838 66 347
84 976 84 335
79 846 66 345
98 1150 63 348
85 983 84 334
84 840 66 345
73 887 63 352
98 1084 72 340
93 976 84 336
78 903 78 338
79 921 72 341
73 846 66 350
86 857 66 344
78 892 65 347
80 944 63 351
75 860 66 346
78 923 66 344
74 905 66 345
83 897 66 344
79 850 66 345
80 912 66 344
104 1147 72 340
93 849 66 351
85 988 84 334
77 924 63 353
75 899 66 350
80 926 78 338
79 963 78 338
81 922 72 341
84 979 66 344
88 920 65 349
82 933 65 347
88 891 66 344
79 878 66 345
78 861 66 347
85 917 66 344
110 1234 72 340
86 991 84 334
82 868 66 347
80 883 66 350
78 899 66 347
95 1063 78 338
85 932 66 344
83 941 78 339
79 918 73 345
81 928 72 342
79 898 66 347
79 963 78 339
82 991 72 341
86 903 66 346
81 904 66 345
80 921 66 345
83 937 72 341
119 1360 72 340
90 912 66 347
86 1017 84 334
81 916 66 348
95 1120 78 338
99 1083 78 338
84 948 72 341
86 992 84 336
86 946 78 339
90 1073 66 344
94 998 84 335
84 934 66 346
82 961 66 345
88 922 66 345
82 928 66 347
88 1008 84 334
88 918 66 347
104 1095 66 344
95 1198 78 338
91 1028 84 334
81 947 66 350
99 1087 78 338
85 969 72 341
86 961 72 342
84 976 66 346
90 955 78 339
87 997 66 345
86 1008 78 339
89 994 78 339
109 1140 66 344
107 1245 84 334
95 1002 66 345
88 989 67 346
88 969 72 341
86 983 72 342
99 1092 78 338
91 1048 84 335
90 1018 78 339
87 1043 72 341
89 1032 66 345
113 1318 66 344
99 1058 66 345
97 1066 84 336
89 981 72 342
87 996 72 342
99 1138 78 338
94 1039 78 339
101 1122 78 338
88 986 74 341
88 990 72 341
107 1235 84 336
99 1062 66 345
93 990 72 341
88 1019 72 341
99 1144 78 338
97 1101 78 340
92 995 72 341
104 1210 78 338
99 1098 66 345
96 1019 72 341
93 1028 72 347
90 1077 72 345
94 1077 72 341
91 1057 72 346
109 1293 78 338
107 1214 66 345
101 1053 72 344
99 1164 72 345
99 1098 78 344
107 1191 72 341
105 1218 78 339
109 1293 78 339
104 1091 72 344
100 1203 78 345
108 1252 78 340
91 955 90 333
91 955 90 333
90 979 90 332
84 993 84 336
82 815 63 351
80 820 63 360
80 795 72 348
74 866 67 347
81 885 79 341
75 855 67 356
87 885 84 336
86 916 84 335
90 979 90 332
75 860 73 347
80 795 72 348
75 855 67 356
85 903 78 338
91 955 90 333
86 916 84 335
77 806 66 354
91 955 90 333
82 921 78 338
80 820 63 360
87 917 65 347
90 979 90 332
76 857 73 347
79 822 66 353
76 888 73 344
86 842 66 346
85 862 72 343
87 817 66 349
81 830 66 350
90 979 90 332
83 905 78 339
82 890 72 341
75 855 67 356
83 905 78 339
79 802 79 348
85 862 72 343
84 866 63 348
85 868 66 344
84 832 66 348
86 916 84 335
85 903 78 338
81 919 78 341
81 827 63 351
79 822 66 353
77 806 66 354
84 993 84 336
83 844 72 345
80 824 72 347
77 821 73 348
85 850 78 339
82 890 72 341
82 877 66 346
81 895 66 344
80 900 72 342
91 955 90 333
87 885 84 336
86 916 84 335
84 866 63 348
83 848 66 347
81 827 63 351
86 916 84 335
81 827 63 351
80 900 72 342
77 869 73 345
81 833 66 348
75 866 73 346
82 815 63 351
77 806 66 354
85 849 66 345
83 869 79 343
79 822 66 353
87 885 84 336
82 877 66 346
77 806 66 354
84 993 84 336
84 866 63 348
83 844 72 345
82 921 78 338
80 824 72 347
79 802 79 348
79 802 79 348
81 895 66 344
75 872 73 345
83 844 72 345
81 864 66 347
81 848 72 344
82 872 63 348
82 860 66 347
81 827 63 351
80 824 72 347
85 903 78 338
85 866 72 341
83 861 66 345
82 921 78 338
82 815 63 351
81 919 78 341
81 919 78 341
79 822 66 353
85 849 66 345
81 889 78 343
81 889 78 343
81 848 72 344
75 860 73 347
91 955 90 333
91 955 90 333
91 955 90 333
91 955 90 333
91 955 90 333
91 955 90 333
90 979 90 332
90 979 90 332
87 885 84 336
87 885 84 336
87 885 84 336
86 916 84 335
86 916 84 335
86 916 84 335
86 916 84 335
86 916 84 335
86 916 84 335
85 903 78 338
85 903 78 338
85 903 78 338
85 862 72 343
85 862 72 343
85 862 72 343
85 862 72 343
85 849 66 345
85 849 66 345
84 993 84 336
84 993 84 336
84 993 84 336
84 993 84 336
84 993 84 336
84 877 72 343
84 866 63 348
82 921 78 338
82 921 78 338
82 921 78 338
82 921 78 338
82 877 66 346
81 895 66 344
81 895 66 344
81 889 78 343
81 889 78 343
81 889 78 343
81 827 63 351
81 827 63 351
81 827 63 351
81 827 63 351
81 827 63 351
80 824 72 347
80 820 63 360
80 820 63 360
80 820 63 360
80 820 63 360
79 822 66 353
79 822 66 353
79 822 66 353
79 822 66 353
77 806 66 354
77 806 66 354
75 866 73 346
75 866 73 346
75 860 73 347
93 1011 90 332
82 878 63 349
80 823 63 360
80 797 72 348
75 855 67 358
93 955 84 335
90 995 63 348
84 1005 84 336
83 908 78 340
82 909 79 342
82 918 72 341
79 804 79 354
83 933 78 338
77 809 66 360
82 828 63 351
81 944 79 341
89 895 84 336
79 827 73 348
78 816 66 354
84 826 63 351
83 863 66 347
81 834 66 348
85 927 78 338
79 826 66 353
87 924 65 347
87 885 66 344
79 827 73 348
86 846 66 346
88 845 66 346
85 872 66 345
78 879 73 346
81 850 72 344
76 884 67 347
86 846 66 346
86 855 66 345
86 846 66 346
85 872 66 345
80 823 63 360
87 924 65 347
83 898 66 344
81 827 63 354
83 893 72 341
76 890 73 344
88 845 66 346
87 924 65 347
87 924 65 347
76 890 73 344
88 845 66 346
76 890 73 344
84 869 66 346
83 884 66 345
76 884 67 347
87 924 65 347
87 924 65 347
88 845 66 346
86 846 66 346
81 909 66 344
88 845 66 346
88 845 66 346
88 845 66 346
88 845 66 346
88 845 66 346
88 845 66 346
88 845 66 346
88 845 66 346
87 924 65 347
87 924 65 347
87 924 65 347
87 924 65 347
87 924 65 347
87 924 65 347
86 855 66 345
86 846 66 346
86 846 66 346
86 846 66 346
86 846 66 346
86 846 66 346
83 884 66 345
80 823 63 360
80 823 63 360
80 823 63 360
80 823 63 360
76 890 73 344
76 890 73 344
76 890 73 344
94 1008 84 335
91 1105 84 336
80 826 63 360
80 799 72 348
77 892 67 353
93 933 84 336
83 944 78 338
88 903 78 342
90 954 65 347
80 836 66 353
81 850 73 344
84 864 72 345
87 850 66 346
83 912 72 341
82 880 63 349
81 884 67 347
82 880 63 349
89 911 72 343
84 942 78 338
90 845 66 346
78 900 67 347
83 886 66 345
78 900 67 347
83 910 66 344
81 884 67 347
84 888 72 344
81 840 66 348
81 840 66 348
78 900 67 347
84 884 66 347
81 840 66 348
78 900 67 347
81 840 66 348
78 900 67 347
78 900 67 347
78 900 67 347
106 1110 84 335
104 1239 84 335
87 938 85 341
82 839 63 360
80 802 72 348
78 900 67 350
93 1062 84 336
84 943 78 338
83 870 66 357
92 983 65 347
83 881 63 350
90 928 72 343
81 906 73 344
81 889 67 347
86 915 63 349
89 886 66 345
83 922 66 344
86 968 72 342
89 961 72 341
88 929 72 343
84 870 66 348
86 977 72 341
84 898 66 347
84 872 72 347
84 934 72 343
86 968 72 342
86 968 72 342
120 1221 84 336
83 850 63 360
83 850 63 360
80 803 72 348
99 1034 65 347
85 885 63 351
94 986 72 341
98 1057 65 347
86 943 78 339
84 935 78 343
82 950 67 347
85 906 72 347
98 983 72 341
89 896 66 345
91 1047 78 338
88 929 66 347
93 957 72 343
93 1041 78 338
85 898 66 350
87 941 66 344
98 1057 65 347
86 938 72 346
83 850 63 360
84 902 66 348
86 953 72 345
87 937 66 347
98 1057 65 347
98 1057 65 347
100 1067 72 341
95 1124 72 341
91 1050 78 338
87 849 79 348
83 866 63 360
81 811 72 349
80 863 73 348
86 923 64 353
88 977 78 341
88 938 67 348
99 1108 65 349
97 1067 72 342
92 906 67 347
99 1015 78 339
80 823 72 350
92 957 66 344
94 982 72 343
86 957 63 351
90 1043 73 346
82 859 79 348
95 944 66 346
91 1001 78 340
91 930 72 345
88 948 73 347
90 967 66 347
87 989 78 341
91 946 66 345
106 1075 72 342
97 1076 78 338
91 946 66 347
81 812 72 349
80 946 79 350
81 812 72 349
90 995 78 341
90 1004 67 347
98 1070 78 338
91 999 66 345
93 973 72 344
95 1003 78 340
92 1048 66 344
94 1032 66 344
95 993 78 343
96 985 78 342
97 1076 78 338
98 986 66 345
109 1172 72 342
109 1102 78 338
98 996 66 345
95 1129 78 341
81 848 72 349
98 1070 66 344
98 991 72 347
98 1027 78 340
90 1040 78 342
94 1057 72 345
97 1108 78 338
94 1064 72 344
95 1019 66 345
95 1032 72 344
102 1141 78 338
101 1032 66 345
92 956 72 349
95 1087 73 346
98 1030 78 340
96 1069 66 346
99 1060 66 345
98 1030 78 340
98 1030 78 340
113 1049 66 345
99 1043 78 340
99 1042 84 341
98 1104 72 349
95 1124 73 346
105 1093 66 345
98 1078 78 340
110 1277 78 340
110 1198 66 346
107 1173 79 341
107 1116 72 345
103 1172 72 349
101 1048 84 337
91 1087 84 337
89 952 84 338
81 818 73 349
80 836 66 361
76 912 63 352
72 819 67 361
99 1077 84 337
82 1008 78 341
80 960 78 342
92 994 78 340
82 849 79 346
92 994 78 340
74 828 67 360
84 1032 84 340
87 949 84 339
77 936 72 344
77 860 69 350
75 905 65 351
76 936 67 347
73 823 73 358
79 871 63 352
89 865 66 350
76 837 63 354
89 920 69 346
79 863 65 353
99 1077 84 337
79 855 79 345
74 843 67 352
86 901 78 341
76 837 63 354
73 823 73 358
85 893 66 349
73 826 73 356
73 826 73 356
79 848 79 349
77 936 72 344
78 850 67 351
85 1009 84 338
80 927 66 348
87 943 69 346
73 847 67 353
78 933 72 344
77 923 67 347
76 852 73 348
80 836 66 361
77 914 66 350
76 889 72 345
80 896 72 343
84 1032 84 340
86 901 78 341
82 909 66 348
80 896 72 343
77 860 69 350
89 1002 78 340
80 836 66 361
84 845 66 352
75 905 65 351
90 891 69 346
79 863 65 353
77 884 65 351
74 876 67 351
76 936 67 347
89 952 84 338
90 891 69 346
89 952 84 338
89 868 66 348
82 1008 78 341
78 865 67 349
90 891 69 346
85 1009 84 338
82 849 79 346
90 891 69 346
86 901 78 341
77 936 72 344
89 952 84 338
77 936 72 344
82 1008 78 341
82 909 66 348
89 920 69 346
89 868 67 347
89 868 66 348
78 865 67 349
76 936 67 347
80 912 66 350
76 890 69 348
73 847 67 353
76 837 63 354
90 891 69 346
90 891 69 346
89 952 84 338
89 952 84 338
89 952 84 338
89 952 84 338
89 952 84 338
89 868 66 348
86 901 78 341
86 901 78 341
86 901 78 341
86 901 78 341
86 901 78 341
86 901 78 341
82 1008 78 341
80 912 66 350
80 912 66 350
80 896 72 343
80 836 66 361
80 836 66 361
80 836 66 361
80 836 66 361
79 863 65 353
79 863 65 353
77 936 72 344
77 936 72 344
77 936 72 344
77 936 72 344
77 936 72 344
77 936 72 344
77 936 72 344
77 936 72 344
76 936 67 347
76 912 63 352
76 837 63 354
73 826 73 356
73 823 73 358
73 823 73 358
73 823 73 358
102 1067 84 337
102 1067 84 337
96 1099 84 337
88 998 85 340
81 825 73 349
79 911 63 352
72 831 67 365
72 831 67 365
90 1025 78 340
99 1084 84 337
85 880 79 345
92 1006 78 340
73 849 73 356
80 897 72 343
89 954 84 338
76 869 73 348
96 1099 84 337
87 966 69 346
79 872 65 353
86 905 78 341
87 966 69 346
74 833 67 360
83 889 63 353
102 1067 84 337
96 1099 84 337
81 842 66 361
80 970 78 342
82 860 79 346
79 946 72 344
93 1004 78 340
73 837 67 363
78 872 69 350
77 926 67 347
92 1006 78 340
76 932 69 348
78 896 65 353
81 825 73 349
84 877 66 352
73 837 67 363
80 928 66 348
91 882 67 347
85 880 79 345
93 918 69 346
83 889 79 345
91 882 67 347
75 887 67 351
72 831 67 365
76 912 72 345
79 853 79 348
75 887 67 351
89 946 69 346
80 970 78 342
89 873 72 347
84 851 67 351
74 833 67 360
81 825 73 349
76 869 73 348
91 882 67 347
81 888 65 351
84 877 66 352
79 853 79 348
74 833 67 360
80 970 78 342
75 887 67 351
72 831 67 365
89 865 67 349
74 893 67 351
74 848 67 352
80 862 67 351
84 877 66 352
80 928 66 348
79 853 79 348
89 873 72 347
79 872 65 353
102 1067 84 337
102 1067 84 337
102 1067 84 337
102 1067 84 337
102 1067 84 337
102 1067 84 337
96 1099 84 337
96 1099 84 337
92 1006 78 340
91 882 67 347
89 873 72 347
87 966 69 346
84 877 66 352
84 877 66 352
80 970 78 342
80 928 66 348
79 853 79 348
79 853 79 348
76 869 73 348
75 887 67 351
75 887 67 351
75 887 67 351
75 887 67 351
75 887 67 351
74 833 67 360
74 833 67 360
74 833 67 360
73 837 67 363
73 837 67 363
73 837 67 363
72 831 67 365
101 1055 69 346
96 1106 84 337
83 890 63 353
81 826 73 349
72 832 67 365
94 959 84 338
79 876 65 355
100 1086 84 337
86 897 78 344
91 1030 78 340
89 1005 78 341
79 958 72 344
80 903 79 346
89 961 78 342
90 1053 78 340
80 929 66 348
79 853 79 349
80 977 78 342
80 905 72 343
76 917 72 345
83 861 79 346
78 914 72 345
75 884 67 353
81 918 65 351
86 975 78 342
82 977 67 347
79 855 67 354
79 901 79 348
83 890 63 353
81 918 65 351
84 896 66 352
75 888 67 351
91 903 67 347
89 973 84 338
85 899 73 347
85 899 73 347
79 923 63 352
79 898 65 353
81 884 67 352
84 894 79 345
78 914 72 345
79 853 79 349
81 918 65 351
83 890 63 353
79 853 79 349
83 890 63 353
84 894 79 345
83 890 63 353
83 890 63 353
83 890 63 353
83 890 63 353
79 853 79 349
79 853 79 349
79 853 79 349
79 853 79 349
78 914 72 345
96 1005 78 341
95 992 63 352
93 973 84 338
92 1098 78 341
81 827 73 349
78 889 67 365
77 929 72 345
85 883 66 355
89 966 72 343
83 983 67 347
91 978 84 338
82 1008 78 343
94 1065 78 340
80 933 66 348
85 897 79 345
79 904 67 351
84 1004 72 344
85 897 79 345
94 1065 78 340
81 972 65 351
91 913 67 347
84 892 67 353
83 885 79 347
82 901 65 353
90 896 63 353
83 901 63 353
90 917 78 343
83 919 66 351
83 919 66 351
94 1065 78 340
83 919 66 351
83 919 66 351
83 919 66 351
101 1036 66 348
100 1105 66 349
92 1001 84 338
87 907 66 361
87 891 73 349
83 915 63 353
81 957 79 345
96 1083 78 340
97 1022 72 343
82 956 67 354
93 1083 72 343
89 1048 67 347
82 935 73 349
91 977 69 349
92 944 72 345
100 958 67 349
95 1002 79 344
83 980 69 348
83 921 66 351
90 892 79 348
89 938 72 348
96 994 67 347
85 1009 72 344
84 955 79 345
85 935 66 350
86 907 79 345
82 1016 72 345
81 985 67 350
81 944 73 348
124 1221 66 349
97 1020 63 361
94 1060 91 338
89 919 66 361
87 903 86 350
81 956 73 348
103 1191 78 340
89 963 65 357
88 964 79 345
98 1001 65 353
98 1116 72 343
96 1081 84 338
93 1136 72 344
100 1007 71 347
93 999 72 347
85 922 67 351
83 929 66 351
96 1008 84 339
85 946 66 350
90 921 79 346
97 1038 67 347
95 1028 72 344
103 1084 72 343
101 1088 72 343
97 911 79 348
101 1047 84 338
102 1019 84 338
89 951 72 349
97 952 72 346
109 1056 67 347
107 1075 65 353
104 1077 84 338
103 1160 78 346
97 1072 91 340
90 929 79 349
83 939 66 351
105 1043 72 344
103 1131 84 338
87 971 73 348
99 1077 84 339
98 995 79 346
103 1016 66 350
85 958 67 350
85 933 66 351
104 975 66 350
118 1070 72 347
112 1325 72 345
106 1163 85 341
87 940 66 361
85 933 67 351
83 975 67 352
106 1136 85 345
91 978 73 348
87 944 66 355
95 1031 66 351
112 1325 72 345
112 1129 72 346
88 1009 67 350
94 973 66 352
90 989 67 350
88 981 66 353
112 1325 72 345
112 1325 72 345
113 1159 69 351
107 1166 78 350
94 992 79 348
93 988 66 353
89 962 67 363
86 970 67 352
97 1025 66 356
93 1031 67 357
106 1159 66 356
101 1053 66 361
97 1079 67 360
