10349 13.3829
67 776 66 361
69 761 62 358
93 958 78 339
67 776 66 361
70 758 64 357
78 874 78 341
76 808 72 343
78 874 78 341
93 958 78 339
76 792 70 346
69 761 62 358
93 958 78 339
74 767 68 350
70 762 64 352
69 768 66 355
69 768 66 355
70 758 64 357
76 808 72 343
72 768 66 351
72 768 66 351
76 808 72 343
73 787 63 351
69 768 66 355
76 808 72 343
74 767 68 350
72 792 72 345
70 800 63 352
93 958 78 339
72 792 72 345
70 800 63 352
76 808 72 343
69 767 66 356
69 761 62 358
76 808 72 343
69 768 66 355
70 769 66 349
72 792 72 345
74 787 63 350
70 800 63 352
67 776 66 361
70 800 63 352
69 768 66 355
67 776 66 361
76 808 72 343
69 768 66 355
70 800 63 352
70 758 64 357
69 768 66 355
72 792 72 345
69 768 66 355
67 776 66 361
74 787 63 350
72 792 72 345
69 768 66 355
72 792 72 345
69 768 66 355
70 758 64 357
72 792 72 345
70 758 64 357
70 800 63 352
72 792 72 345
69 761 62 358
76 792 70 346
76 808 72 343
70 769 66 349
70 800 63 352
70 800 63 352
70 800 63 352
93 958 78 339
72 792 72 345
74 787 63 350
70 758 64 357
70 800 63 352
69 768 66 355
76 808 72 343
70 800 63 352
74 787 63 350
72 792 72 345
67 776 66 361
69 768 66 355
76 808 72 343
70 762 64 352
93 958 78 339
74 767 68 350
76 808 72 343
72 792 72 345
70 758 64 357
72 792 72 345
70 800 63 352
70 800 63 352
76 792 70 346
72 792 72 345
70 800 63 352
70 758 64 357
70 758 64 357
69 768 66 355
72 792 72 345
72 792 72 345
67 776 66 361
69 768 66 355
88 852 63 349
70 800 63 352
76 808 72 343
74 778 68 347
68 768 67 351
74 787 63 350
72 792 72 345
70 762 64 352
78 873 66 346
76 808 72 343
72 792 72 345
70 762 64 352
69 761 62 358
70 800 63 352
69 768 66 355
67 776 66 361
76 792 70 346
69 768 66 355
69 768 66 355
76 808 72 343
69 767 66 356
74 800 72 344
74 808 66 347
69 768 66 355
70 758 64 357
93 958 78 339
76 808 72 343
72 770 66 348
