345 3.20311
103 1170 92 336
101 1165 99 336
99 1172 99 336
83 981 66 349
70 812 69 392
68 824 67 401
68 824 67 401
103 1158 70 346
94 1084 86 339
95 1028 93 339
77 913 73 347
97 1081 86 339
92 1021 80 342
88 1050 84 341
93 1073 91 337
77 833 69 390
96 1027 78 341
84 957 78 346
74 857 73 370
103 1158 70 346
72 846 69 378
68 824 67 401
72 854 67 383
79 845 79 362
73 826 73 372
70 815 68 395
82 922 72 349
95 1028 93 339
85 1000 79 343
83 919 68 347
93 1073 91 337
82 839 79 360
74 870 73 350
83 981 66 349
72 828 71 377
80 905 66 355
82 839 79 360
81 900 66 367
76 839 73 363
101 1165 99 336
95 1028 93 339
71 821 71 384
90 973 72 343
88 1050 84 341
97 1081 86 339
72 829 72 376
84 1043 79 344
99 1172 99 336
81 900 66 367
82 839 79 360
70 812 69 392
92 1021 80 342
101 1165 99 336
92 1021 80 342
93 1073 91 337
87 1053 78 344
71 817 70 387
70 815 68 395
87 908 68 347
90 973 72 343
85 902 67 353
71 817 70 387
72 829 72 376
74 858 73 365
92 1021 80 342
87 995 79 344
84 1043 79 344
82 892 68 354
80 883 73 349
89 987 72 346
86 896 67 353
76 899 67 355
86 896 67 353
70 812 69 392
73 831 70 386
80 883 73 349
73 831 70 386
74 858 73 365
84 957 78 346
80 969 66 351
70 841 67 384
96 1027 78 341
75 901 67 355
73 826 72 378
69 825 67 392
69 825 67 392
74 858 73 365
103 1170 92 336
97 1081 86 339
90 973 72 343
87 985 85 340
87 985 85 340
85 902 67 353
84 957 78 346
70 812 69 392
103 1170 78 340
96 1027 78 341
94 1084 86 339
93 1073 91 337
93 1073 91 337
90 973 72 343
89 987 72 346
87 985 85 340
87 985 85 340
85 902 67 353
82 892 68 354
80 969 66 351
80 911 73 347
79 845 79 362
75 901 67 355
73 831 70 386
71 817 70 387
82 892 68 354
81 991 72 348
81 991 72 348
80 969 66 351
82 922 72 349
80 905 67 350
72 854 67 383
97 1081 86 339
89 987 72 346
87 983 85 341
87 983 85 341
74 865 73 352
82 901 79 347
79 845 79 362
72 828 71 377
96 1027 78 341
90 973 72 343
87 985 85 340
85 902 67 353
80 969 66 351
80 905 66 355
74 865 73 352
74 865 73 352
73 831 70 386
73 826 72 378
71 867 67 360
87 995 79 344
70 821 67 401
94 1084 86 339
87 1053 78 344
87 908 68 347
80 911 73 347
80 905 66 355
74 870 73 350
87 985 85 340
87 985 85 340
80 911 73 347
77 913 73 347
74 865 73 352
85 902 67 353
81 900 66 367
68 824 67 401
103 1170 78 340
103 1170 78 340
103 1158 70 346
101 1165 99 336
101 1165 99 336
101 1165 99 336
101 1165 99 336
101 1165 99 336
101 1165 99 336
97 1081 86 339
97 1081 86 339
97 1081 86 339
97 1081 86 339
97 1081 86 339
97 1081 86 339
97 1081 86 339
96 1027 78 341
96 1027 78 341
96 1027 78 341
96 1027 78 341
96 1027 78 341
96 1027 78 341
95 1028 93 339
95 1028 93 339
95 1028 93 339
95 1028 93 339
95 1028 93 339
95 1028 93 339
94 1084 86 339
94 1084 86 339
94 1084 86 339
94 1084 86 339
94 1084 86 339
94 1084 86 339
93 1073 91 337
93 1073 91 337
93 1073 91 337
93 1073 91 337
93 1073 91 337
93 1073 91 337
92 1021 80 342
92 1021 80 342
92 1021 80 342
92 1021 80 342
92 1021 80 342
90 973 72 343
90 973 72 343
89 987 72 346
88 1050 84 341
88 1050 84 341
88 1050 84 341
88 1050 84 341
88 1050 84 341
88 1050 84 341
88 1050 84 341
87 995 79 344
87 985 85 340
87 985 85 340
87 985 85 340
87 985 85 340
87 985 85 340
87 985 85 340
87 985 85 340
87 985 85 340
87 985 85 340
87 985 85 340
87 985 85 340
87 985 85 340
87 985 85 340
87 908 68 347
85 902 67 353
85 902 67 353
85 902 67 353
84 1043 79 344
84 957 78 346
84 957 78 346
82 922 72 349
82 922 72 349
82 922 72 349
82 922 72 349
82 892 68 354
82 892 68 354
82 892 68 354
82 892 68 354
82 839 79 360
82 839 79 360
81 900 66 367
81 900 66 367
81 900 66 367
81 900 66 367
80 969 66 351
80 969 66 351
80 905 67 350
80 905 67 350
79 845 79 362
79 845 79 362
79 845 79 362
77 913 73 347
75 901 67 355
75 901 67 355
74 858 73 365
74 858 73 365
73 831 70 386
73 831 70 386
71 817 70 387
71 817 70 387
71 817 70 387
71 817 70 387
71 817 70 387
71 817 70 387
71 817 70 387
71 817 70 387
71 817 70 387
71 817 70 387
70 812 69 392
70 812 69 392
68 824 67 401
68 824 67 401
68 824 67 401
121 1406 78 340
102 1132 91 337
101 1167 99 338
88 1065 66 351
70 818 69 394
69 837 67 401
103 1230 86 339
121 1406 78 340
95 1035 93 339
90 1092 84 341
93 1112 91 339
96 1036 78 341
85 1002 79 343
71 822 70 387
83 913 66 367
72 828 71 383
90 983 72 343
82 861 79 360
73 827 73 372
82 850 68 396
73 827 73 372
69 837 67 401
83 947 67 350
81 910 68 357
87 988 85 346
72 828 71 383
76 881 73 352
84 924 67 355
78 833 69 390
84 905 68 354
87 990 85 340
77 917 73 347
85 1002 79 343
76 856 73 370
78 833 69 390
76 856 73 370
73 827 73 372
83 923 68 347
82 900 73 350
76 856 73 370
87 1054 78 344
79 913 73 347
78 833 69 390
83 923 68 347
87 1054 78 344
73 827 73 372
87 1054 78 344
82 903 79 347
73 827 73 372
72 828 71 383
82 911 68 354
83 923 68 347
82 903 79 347
79 913 73 347
78 833 69 390
82 903 79 347
87 1054 78 344
78 833 69 390
82 903 79 347
121 1406 78 340
83 923 68 347
83 923 68 347
83 923 68 347
82 903 79 347
82 903 79 347
82 903 79 347
79 913 73 347
78 833 69 390
78 833 69 390
78 833 69 390
78 833 69 390
78 833 69 390
78 833 69 390
78 833 69 390
78 833 69 390
78 833 69 390
78 833 69 390
76 856 73 370
76 856 73 370
73 827 73 372
73 827 73 372
97 1061 72 343
95 1036 93 339
90 1099 79 344
83 988 67 355
73 846 73 375
73 831 73 398
81 908 69 390
85 950 72 378
96 1042 78 341
92 1037 80 345
89 930 68 360
90 1041 85 340
87 1020 85 345
77 903 73 365
76 876 73 371
87 957 67 350
91 1081 79 346
78 918 73 347
88 969 68 347
76 878 73 370
87 920 72 378
99 1057 78 341
97 1081 86 340
90 1122 79 344
85 1010 67 355
78 854 74 390
81 938 73 347
115 1336 67 362
98 1108 93 345
95 1088 69 392
91 952 77 354
89 983 73 347
108 1213 78 346
98 1133 79 346
90 976 73 367
89 983 73 347
92 953 77 347
89 983 73 347
101 1131 80 348
97 976 78 390
97 976 78 390
97 976 78 390
