1 0.122235
143 1597 96 389
136 1706 130 373
132 1780 131 384
103 1180 73 412
101 1272 82 422
101 1272 82 422
134 1693 123 377
105 1232 95 401
126 1365 86 396
115 1197 79 406
116 1466 111 391
130 1418 97 390
125 1589 81 405
104 1239 88 394
136 1706 130 373
120 1519 102 393
119 1464 107 386
119 1464 107 386
120 1519 102 393
121 1465 109 385
115 1197 79 406
120 1519 102 393
121 1465 109 385
121 1465 109 385
136 1706 130 373
136 1706 130 373
115 1197 79 406
151 1836 73 426
130 1512 108 387
125 1476 121 393
111 1242 95 401
106 1356 86 434
105 1324 100 413
137 1620 86 398
151 1836 73 426
125 1593 81 405
124 1442 76 415
119 1539 111 390
134 1546 74 413
113 1357 83 428
108 1377 81 420
116 1441 78 427
120 1448 83 408
107 1258 88 394
111 1242 95 401
125 1449 80 409
107 1258 88 394
119 1488 111 393
111 1374 79 420
130 1419 97 390
130 1419 97 390
130 1419 97 390
111 1358 79 426
111 1358 79 426
111 1358 79 426
111 1358 79 426
107 1258 88 394
166 1922 117 388
160 1918 145 388
157 2034 131 387
151 1849 73 428
138 1595 76 428
114 1257 113 404
108 1370 89 425
139 1689 76 427
154 2030 131 389
142 1626 139 390
134 1570 87 413
112 1406 108 397
131 1500 78 426
116 1336 92 401
160 1918 145 388
111 1270 95 401
112 1448 90 417
108 1341 105 415
113 1438 93 411
123 1526 116 393
123 1631 117 391
115 1437 88 408
143 1524 93 396
110 1372 100 402
131 1591 102 392
108 1379 81 420
120 1618 104 395
119 1512 94 400
110 1263 89 420
127 1511 86 414
127 1574 88 402
121 1510 80 427
127 1432 95 394
125 1600 81 405
114 1460 88 406
125 1587 111 394
154 2030 131 389
125 1600 81 405
114 1460 88 406
122 1583 88 396
119 1512 94 400
125 1587 111 394
143 1524 93 396
125 1600 81 405
114 1460 88 406
175 2156 145 388
133 1515 78 426
116 1285 113 404
110 1363 99 429
108 1379 88 420
161 2095 130 391
144 1812 140 392
157 1669 116 393
130 1757 109 395
126 1650 83 406
112 1302 110 423
123 1483 123 397
153 1553 95 397
133 1501 100 395
115 1423 104 409
153 1553 95 397
131 1647 111 394
133 1572 86 415
123 1458 123 398
137 1685 89 403
142 1512 95 398
111 1395 104 417
132 1688 92 401
127 1465 96 408
136 1668 91 403
112 1407 87 425
124 1456 94 414
126 1454 96 412
120 1563 90 414
128 1672 80 427
118 1308 106 404
117 1287 97 419
110 1348 105 415
125 1584 94 399
142 1612 89 405
128 1437 107 398
117 1413 81 420
112 1337 97 421
119 1454 98 401
125 1581 93 410
119 1423 108 400
122 1492 90 419
128 1567 119 397
136 1439 94 402
133 1515 78 426
132 1688 92 401
116 1386 106 412
117 1296 99 408
130 1457 93 405
112 1344 99 420
119 1571 108 399
128 1567 119 397
133 1515 78 426
122 1426 97 417
128 1565 93 402
116 1285 113 404
126 1556 96 401
113 1369 112 410
130 1457 93 405
132 1634 99 397
116 1494 95 402
116 1386 106 412
128 1672 80 427
114 1328 99 425
119 1412 105 404
113 1369 112 410
125 1581 93 410
114 1328 99 425
112 1337 97 421
114 1426 100 402
123 1458 123 398
137 1685 89 403
136 1567 89 416
115 1404 86 425
136 1567 89 416
122 1426 97 417
128 1672 80 427
128 1553 86 417
136 1668 91 403
117 1308 89 420
117 1308 89 420
112 1344 99 420
128 1565 93 402
128 1672 80 427
114 1426 100 402
167 1954 118 393
161 2135 130 391
131 1711 80 427
122 1287 108 421
118 1423 83 433
112 1388 92 423
161 2135 130 391
150 2003 83 417
141 1767 111 394
156 1901 85 422
138 1878 109 396
150 2003 83 417
114 1373 114 410
138 1737 124 396
145 1764 120 395
123 1358 97 422
143 1543 95 415
130 1514 89 431
144 1631 81 432
134 1530 118 399
123 1491 103 406
134 1742 82 423
126 1462 96 417
125 1410 99 410
116 1304 113 404
158 1927 85 421
121 1452 102 411
135 1690 94 404
129 1667 122 399
129 1498 121 400
120 1400 101 414
132 1508 112 400
127 1483 100 407
128 1641 87 422
118 1312 106 404
135 1470 88 429
145 1764 120 395
140 1633 94 412
144 1623 100 402
121 1557 89 426
135 1633 88 424
116 1562 97 408
128 1531 89 420
117 1407 111 414
121 1486 119 401
141 1593 102 398
135 1470 88 429
123 1550 85 425
137 1669 93 406
138 1737 124 396
131 1570 113 403
125 1584 113 403
133 1674 87 413
126 1617 104 404
118 1312 106 404
138 1878 109 396
128 1515 97 413
128 1571 104 401
126 1462 96 417
137 1667 86 411
134 1678 110 397
158 1927 85 421
112 1388 92 423
141 1593 102 398
123 1550 85 425
117 1370 109 415
116 1416 112 420
130 1465 105 409
130 1665 89 412
134 1476 89 423
134 1678 110 397
113 1361 100 425
127 1565 95 411
130 1465 105 409
117 1376 101 423
137 1669 93 406
135 1474 90 423
135 1474 90 423
139 1661 94 404
122 1360 99 411
158 1927 85 421
118 1532 96 412
117 1376 101 423
121 1520 100 414
128 1515 97 413
117 1370 109 415
127 1565 95 411
139 1661 94 404
137 1667 86 411
116 1416 112 420
126 1617 104 404
121 1520 100 414
123 1358 97 422
161 2135 130 391
137 1667 86 411
178 2131 98 407
166 1918 117 396
144 1778 80 431
141 1415 129 404
125 1336 125 405
118 1427 83 433
112 1436 104 423
157 2028 88 412
178 2131 98 407
157 1907 92 414
149 1753 82 423
145 1832 127 397
133 1591 89 420
133 1743 85 427
136 1682 89 415
140 1708 87 418
119 1478 114 414
132 1555 120 401
130 1465 99 411
143 1731 107 398
112 1436 104 423
134 1608 117 401
127 1644 92 431
117 1396 110 426
145 1832 127 397
118 1406 94 423
149 1779 106 407
145 1676 122 398
130 1632 95 419
144 1665 81 432
129 1606 87 425
128 1526 97 417
134 1607 117 402
141 1415 129 404
117 1507 100 429
133 1680 113 402
149 1753 82 423
123 1609 101 410
118 1405 109 418
118 1427 83 433
119 1363 111 417
117 1507 100 429
145 1643 97 409
145 1676 122 398
120 1383 107 408
119 1363 111 417
129 1573 120 401
123 1620 88 432
117 1396 110 426
118 1487 110 406
122 1375 120 407
135 1621 102 408
121 1572 102 412
135 1621 102 408
126 1534 97 419
118 1487 110 406
127 1546 96 412
126 1534 97 419
117 1581 97 412
123 1609 101 410
122 1479 100 412
122 1375 120 407
118 1406 94 423
127 1546 96 412
118 1405 109 418
120 1383 107 408
145 1643 97 409
134 1701 87 419
134 1701 87 419
134 1607 117 402
129 1573 120 401
123 1620 88 432
121 1572 102 412
122 1479 100 412
149 1753 82 423
165 2007 115 400
156 1912 82 423
150 1801 150 398
120 1405 115 429
118 1430 83 433
116 1526 104 424
128 1477 124 407
156 1732 121 402
152 1994 90 417
122 1576 107 410
142 1795 98 414
146 1645 87 429
157 1859 93 417
130 1584 100 419
142 1929 87 423
139 1583 103 416
143 1828 87 419
156 1821 121 399
165 2007 115 400
135 1428 115 408
124 1439 111 411
121 1498 112 413
128 1477 124 407
141 1727 97 416
119 1482 95 427
116 1526 104 424
123 1453 110 408
129 1419 95 431
149 1878 123 400
130 1499 105 413
157 1859 93 417
130 1669 97 421
133 1699 93 420
130 1671 122 401
131 1620 91 426
120 1405 115 429
131 1620 91 426
150 1672 91 422
144 1721 87 423
149 1878 123 400
118 1429 97 429
129 1419 95 431
128 1406 103 425
133 1699 93 420
128 1406 103 425
124 1439 111 411
134 1478 103 422
119 1494 94 423
123 1429 103 426
119 1494 94 423
123 1452 95 425
123 1452 95 425
150 1672 91 422
123 1429 103 426
160 1709 94 428
158 1931 85 427
156 1861 133 399
121 1433 92 436
120 1453 102 445
119 1508 83 433
119 1472 90 434
142 1637 105 413
141 1737 123 406
155 1808 89 428
139 1693 130 401
124 1584 116 420
133 1611 110 409
126 1529 115 409
137 1586 111 409
128 1535 112 423
129 1713 95 431
120 1501 96 425
121 1476 87 443
127 1491 120 423
156 1861 133 399
139 1693 130 401
155 1808 89 428
131 1620 95 424
157 1829 87 421
121 1498 118 413
127 1452 116 425
121 1498 118 413
131 1603 111 420
157 1829 87 421
130 1472 104 425
119 1472 90 434
121 1476 87 443
179 2024 87 426
172 2058 90 422
155 1901 137 405
133 1487 88 445
126 1553 83 434
124 1465 92 439
124 1465 92 439
143 1814 125 406
148 1758 118 415
135 1656 110 419
142 1634 108 427
130 1661 102 425
145 1716 97 431
179 2024 87 426
148 1769 108 417
124 1519 87 440
146 1816 98 426
145 1697 100 432
133 1487 88 445
143 1641 105 421
134 1641 107 427
124 1537 87 433
169 1892 143 427
155 1948 118 417
127 1540 89 446
127 1540 89 446
126 1611 83 439
124 1553 91 442
138 1704 111 431
146 1652 105 431
146 1607 97 441
132 1541 87 446
124 1553 91 442
130 1635 90 433
140 1671 88 435
140 1671 88 435
151 1835 93 434
151 1835 93 434
148 1776 83 439
146 1641 109 443
139 1617 88 450
139 1617 88 450
132 1652 93 442
137 1779 102 438
151 1665 98 434
137 1747 87 439
148 1666 84 440
146 1713 90 438
132 1652 93 442
146 1713 90 438
148 1776 83 439
165 2115 111 437
152 1858 122 386
150 2006 88 398
122 1415 73 421
118 1321 80 434
101 1183 101 429
97 1262 95 410
144 1693 118 387
134 1731 101 398
121 1411 109 393
131 1642 102 399
130 1670 74 417
125 1395 77 426
123 1479 108 391
108 1284 81 411
101 1183 101 429
136 1464 81 403
130 1406 121 396
126 1466 104 392
105 1307 88 430
109 1251 97 420
118 1395 80 433
117 1522 76 401
118 1544 86 400
103 1352 102 400
107 1454 90 422
121 1494 84 402
117 1423 87 403
97 1262 95 410
129 1475 104 389
115 1362 101 403
105 1318 85 430
110 1254 96 417
108 1327 84 408
121 1322 101 407
111 1465 94 401
125 1492 103 392
109 1405 82 408
109 1370 97 407
114 1374 96 401
107 1454 90 422
114 1374 96 401
111 1465 94 401
118 1395 80 433
129 1475 104 389
121 1372 87 405
118 1341 101 405
107 1454 90 422
109 1265 104 399
118 1544 86 400
109 1251 97 420
107 1454 90 422
109 1251 97 420
121 1322 101 407
121 1322 101 407
107 1454 90 422
118 1341 101 405
121 1322 101 407
107 1454 90 422
159 1798 117 390
152 1878 122 386
135 1539 131 390
120 1599 76 404
107 1365 87 432
101 1186 101 429
140 1650 123 389
159 1798 117 390
112 1287 96 423
119 1271 102 425
123 1499 110 393
118 1449 94 403
116 1288 82 415
129 1490 112 391
137 1478 81 409
124 1575 86 400
108 1295 81 411
109 1278 108 402
132 1647 102 399
117 1384 101 406
117 1384 101 406
130 1457 88 409
135 1725 81 402
135 1725 81 402
128 1470 104 392
128 1583 83 410
116 1369 90 408
111 1287 104 414
110 1330 102 409
112 1287 96 423
106 1375 102 400
132 1647 102 399
111 1287 104 414
106 1375 102 400
123 1499 110 393
110 1330 102 409
116 1288 82 415
118 1467 84 408
132 1647 102 399
118 1467 84 408
116 1369 90 408
128 1470 104 392
123 1499 110 393
159 1798 117 390
123 1499 110 393
116 1369 90 408
116 1288 82 415
116 1288 82 415
157 1938 121 392
152 1886 122 386
146 1672 136 389
142 1781 79 406
113 1294 101 429
106 1445 106 401
108 1297 81 411
135 1540 131 390
123 1500 110 393
152 1886 122 386
128 1629 104 399
139 1650 93 402
125 1610 84 405
108 1297 81 411
126 1703 99 401
142 1781 79 406
118 1383 97 410
135 1540 131 390
116 1400 115 403
142 1781 79 406
127 1667 87 401
122 1610 90 406
157 1938 121 392
124 1464 90 408
119 1467 96 403
123 1431 98 408
116 1400 115 403
123 1479 95 410
116 1419 103 410
142 1928 96 400
117 1448 102 400
117 1518 101 409
128 1629 104 399
117 1518 101 409
152 1886 122 386
142 1781 79 406
135 1540 131 390
135 1540 131 390
158 1897 124 391
158 1897 124 391
154 1758 137 392
153 1977 96 400
125 1490 81 414
119 1313 96 433
111 1310 97 417
108 1319 81 430
155 1958 132 391
149 1817 117 394
110 1355 82 420
139 1598 91 409
131 1555 118 398
152 1886 122 392
125 1632 117 396
143 1752 109 399
151 1911 116 393
109 1368 87 428
124 1553 95 410
125 1566 120 394
122 1534 97 408
143 1752 109 399
134 1461 134 401
116 1316 91 418
144 1610 117 399
120 1481 102 400
125 1612 84 405
116 1417 115 403
126 1370 104 413
119 1522 102 402
112 1356 100 416
114 1339 114 413
109 1368 87 428
117 1464 108 403
122 1496 81 412
134 1461 134 401
118 1445 103 410
118 1446 108 403
119 1313 96 433
109 1395 95 416
119 1493 104 401
108 1319 81 430
125 1632 117 396
114 1339 114 413
115 1347 90 416
125 1612 84 405
111 1371 87 411
115 1372 82 411
112 1356 100 416
153 1977 96 400
115 1353 104 414
115 1353 104 414
122 1534 97 408
115 1347 90 416
111 1371 87 411
119 1493 104 401
153 1977 96 400
153 1977 96 400
125 1612 84 405
155 1819 110 399
154 1759 137 392
134 1640 81 413
122 1369 84 443
110 1403 103 421
110 1339 87 434
145 1736 117 397
154 1759 137 392
120 1548 114 401
133 1639 130 396
132 1579 122 398
125 1613 84 405
140 1734 124 394
125 1508 102 400
130 1710 125 399
113 1397 85 431
155 1819 110 399
122 1392 89 420
130 1710 125 399
116 1396 87 428
119 1364 102 416
119 1539 104 407
115 1468 82 422
140 1734 124 394
132 1410 97 411
115 1406 87 424
132 1410 97 411
127 1437 116 410
123 1499 81 418
117 1421 82 411
112 1413 110 413
126 1459 118 410
127 1437 116 410
133 1493 104 408
118 1464 108 405
110 1403 103 421
122 1392 89 420
118 1464 108 405
116 1376 105 418
133 1493 104 408
116 1376 105 418
122 1378 120 412
122 1378 120 412
126 1459 118 410
114 1398 89 412
112 1500 104 413
114 1398 89 412
112 1500 104 413
154 1759 137 392
154 1759 137 392
159 1834 88 407
154 1806 138 392
134 1676 81 416
112 1344 94 437
110 1438 95 438
133 1713 124 399
145 1795 90 410
138 1511 134 401
123 1388 121 425
145 1795 90 410
137 1619 100 408
124 1590 116 405
135 1702 96 407
131 1651 82 414
134 1475 130 409
124 1432 124 414
115 1492 91 429
133 1407 91 423
123 1427 83 419
112 1344 94 437
119 1475 89 433
126 1601 108 403
140 1801 89 405
122 1473 89 420
130 1574 109 407
111 1491 87 438
141 1527 112 401
144 1542 105 406
128 1398 122 415
144 1542 105 406
133 1514 131 409
134 1582 120 400
116 1477 100 414
141 1527 112 401
120 1506 82 425
126 1558 110 404
118 1483 96 412
124 1435 99 412
129 1663 101 409
125 1529 81 418
137 1538 122 400
133 1520 109 402
114 1419 96 417
123 1539 81 431
126 1565 83 411
115 1404 107 433
115 1492 91 429
123 1418 103 422
120 1504 83 421
126 1460 87 411
124 1435 99 412
127 1590 103 400
129 1663 101 409
115 1444 97 416
123 1418 103 422
123 1388 121 425
121 1454 106 412
115 1477 97 415
131 1518 83 415
113 1413 112 432
126 1558 110 404
124 1527 88 418
113 1413 112 432
121 1454 106 412
129 1505 108 410
114 1419 96 417
124 1468 95 418
115 1404 107 433
117 1492 94 411
111 1491 87 438
125 1428 94 411
126 1583 108 410
125 1407 108 412
110 1438 95 438
120 1504 83 421
127 1590 103 400
117 1492 94 411
129 1505 108 410
115 1477 97 415
115 1444 97 416
126 1583 108 410
124 1527 88 418
160 1867 103 400
156 1834 150 394
146 1927 103 401
134 1715 81 417
119 1544 95 465
116 1358 102 461
115 1499 110 422
150 1751 96 410
134 1608 134 403
128 1557 83 452
116 1358 102 461
119 1424 119 434
134 1524 126 407
146 1927 103 401
155 1856 90 405
118 1567 88 441
131 1422 101 419
150 1751 96 410
125 1677 82 419
137 1624 90 413
118 1524 106 414
134 1608 134 403
142 1550 122 403
132 1581 83 443
141 1594 84 413
142 1550 122 403
131 1564 83 445
128 1585 111 405
126 1466 89 416
140 1460 90 411
119 1442 115 423
129 1636 103 405
137 1711 109 401
128 1542 88 414
120 1536 94 416
123 1450 100 417
129 1705 90 412
121 1449 98 426
134 1520 109 410
115 1440 98 427
123 1427 90 430
129 1606 93 411
129 1485 117 411
116 1456 110 416
133 1538 82 419
123 1454 87 427
129 1561 118 409
131 1459 84 420
124 1591 115 411
128 1560 87 426
119 1544 95 465
135 1711 101 408
124 1493 96 417
135 1711 101 408
122 1523 95 418
131 1564 83 445
129 1485 117 411
123 1427 90 430
129 1606 93 411
128 1560 87 426
125 1592 90 419
119 1442 115 423
122 1523 95 418
119 1547 94 422
126 1431 117 416
119 1547 94 422
116 1456 110 416
126 1431 117 416
131 1528 87 419
131 1528 87 419
167 1933 101 410
156 1980 152 398
150 1733 81 439
127 1446 96 463
120 1552 97 416
154 1840 145 402
150 1733 81 439
127 1446 96 463
138 1587 131 407
145 1883 84 432
124 1514 118 429
138 1633 116 406
135 1754 91 416
140 1685 88 423
162 1851 82 428
141 1705 90 415
131 1609 105 414
126 1587 110 414
148 1813 85 416
123 1500 99 431
145 1736 86 430
130 1614 101 413
162 1851 82 428
127 1577 94 418
135 1627 97 411
126 1513 89 419
134 1531 87 431
135 1599 82 438
149 1636 87 425
134 1494 89 425
148 1654 104 407
137 1745 85 427
135 1655 88 426
146 1653 82 430
134 1494 89 425
137 1745 85 427
135 1698 89 418
146 1653 82 430
127 1516 88 429
148 1654 104 407
127 1499 94 424
130 1614 101 413
127 1510 90 425
135 1599 82 438
127 1510 90 425
127 1516 88 429
127 1499 94 424
167 1690 88 434
155 1916 115 409
152 1895 84 430
146 1666 123 406
142 1730 87 440
134 1527 99 437
126 1611 105 420
134 1642 102 413
141 1841 122 408
140 1742 88 439
146 1837 93 418
162 1714 89 424
128 1597 90 432
130 1545 93 423
143 1799 85 429
143 1799 85 429
133 1543 92 422
162 1714 89 424
127 1553 93 424
143 1666 93 420
128 1726 104 422
155 1915 87 420
155 1915 87 420
142 1730 87 440
133 1543 92 422
159 2097 118 414
149 1884 89 439
140 1531 108 452
130 1623 95 440
143 1813 115 424
153 1655 91 447
134 1548 94 426
146 1703 105 415
148 1725 102 415
146 1771 93 426
154 1918 133 417
137 1572 109 449
135 1756 96 468
149 1742 115 425
140 1756 96 433
135 1768 101 428
152 1742 97 427
161 1953 101 440
152 2008 111 432
140 1768 127 379
115 1438 79 396
101 1223 96 416
100 1306 84 446
133 1616 102 382
127 1501 95 385
112 1373 80 428
113 1245 109 413
119 1325 96 391
124 1485 102 383
103 1267 102 384
113 1245 109 413
108 1373 81 420
101 1368 101 399
112 1346 82 408
117 1343 89 409
110 1325 83 423
125 1402 79 416
118 1417 80 395
119 1292 87 409
109 1344 87 400
110 1339 86 414
101 1367 88 415
110 1337 81 418
111 1411 80 409
124 1485 102 383
113 1245 109 413
109 1344 87 400
109 1344 87 400
124 1485 102 383
113 1245 109 413
113 1245 109 413
109 1344 87 400
163 1692 144 384
142 1789 127 379
122 1572 79 428
119 1534 79 430
113 1255 109 413
104 1360 103 409
163 1692 144 384
145 1632 100 394
138 1669 110 385
119 1299 115 410
116 1328 115 401
110 1380 81 418
108 1349 108 426
120 1624 110 395
139 1544 81 408
129 1347 126 400
132 1443 96 405
142 1504 104 395
125 1403 79 422
120 1488 85 405
123 1380 99 402
114 1352 83 413
120 1570 120 389
107 1430 101 399
125 1403 79 422
114 1453 96 402
122 1446 117 393
128 1560 80 395
127 1528 93 395
130 1431 98 403
127 1568 107 387
121 1448 90 405
125 1420 117 386
144 1680 102 390
131 1566 101 391
111 1360 87 419
121 1339 87 409
125 1451 98 397
118 1500 94 400
144 1680 102 390
131 1442 89 408
111 1374 103 397
116 1407 101 399
113 1366 89 409
104 1360 103 409
114 1426 80 409
111 1360 87 419
117 1524 83 397
118 1500 94 400
130 1523 110 391
121 1448 90 405
120 1570 120 389
114 1352 83 413
117 1452 115 391
120 1570 120 389
127 1568 107 387
120 1624 110 395
125 1420 117 386
111 1374 103 397
114 1426 80 409
121 1339 87 409
132 1443 96 405
104 1360 103 409
113 1366 89 409
130 1523 110 391
163 1692 144 384
120 1570 120 389
120 1570 120 389
114 1426 80 409
114 1426 80 409
104 1360 103 409
151 1778 102 390
143 1704 137 385
142 1796 127 379
126 1454 79 422
115 1336 114 414
111 1397 94 449
107 1441 101 399
144 1686 110 393
138 1660 115 388
129 1469 128 386
137 1711 107 393
134 1682 97 396
142 1796 127 379
128 1403 119 400
124 1598 83 397
130 1558 86 411
121 1476 90 408
127 1357 90 417
110 1463 96 440
116 1404 81 435
123 1424 99 403
113 1446 81 424
119 1543 99 401
120 1421 114 407
124 1514 117 394
129 1354 126 400
136 1566 82 410
108 1370 108 426
122 1579 79 430
124 1359 87 409
110 1463 96 440
111 1366 106 420
112 1370 89 425
112 1393 102 422
136 1666 102 396
138 1541 100 397
124 1514 117 394
110 1427 100 419
120 1352 95 433
124 1598 83 397
122 1579 79 430
107 1415 103 409
119 1397 82 421
120 1352 95 433
115 1372 83 413
117 1370 83 419
108 1370 108 426
115 1426 107 401
122 1413 116 410
130 1558 86 411
116 1439 81 418
122 1533 115 391
129 1354 126 400
122 1533 115 391
114 1393 90 412
122 1413 116 410
119 1432 103 397
111 1366 106 420
114 1393 90 412
107 1441 101 399
107 1441 101 399
124 1598 83 397
110 1427 100 419
142 1796 127 379
142 1796 127 379
142 1796 127 379
120 1352 95 433
172 1998 115 390
147 1756 137 387
142 1808 127 379
130 1505 79 422
120 1356 95 433
114 1397 89 447
108 1420 108 418
172 1979 108 393
146 1666 137 390
161 1812 82 419
161 1812 82 419
138 1710 118 396
113 1380 108 426
128 1591 81 435
125 1578 110 397
110 1472 101 401
135 1555 126 398
123 1431 83 433
118 1453 114 410
121 1449 120 404
133 1725 120 395
124 1604 83 397
137 1535 126 394
119 1413 97 413
124 1381 87 409
140 1473 104 398
113 1482 100 419
117 1378 103 417
131 1500 82 420
121 1449 120 404
115 1430 106 412
141 1602 97 407
129 1562 105 398
117 1487 85 417
114 1443 103 417
172 1998 115 390
130 1559 86 411
129 1549 81 421
115 1399 108 416
124 1490 82 434
122 1473 98 412
129 1432 117 406
119 1465 115 400
115 1381 86 419
128 1450 108 400
124 1536 116 399
119 1465 115 400
108 1420 108 418
129 1432 117 406
141 1602 97 407
125 1420 85 435
122 1473 98 412
128 1591 81 435
124 1536 116 399
115 1430 106 412
117 1417 97 416
124 1551 82 421
129 1549 81 421
161 1812 82 419
128 1591 81 435
167 2115 88 402
154 1786 144 391
149 1877 127 379
131 1582 80 424
125 1456 85 441
120 1381 93 433
112 1461 111 432
154 1873 136 388
157 1724 144 393
146 1809 84 413
139 1568 131 395
145 1794 84 415
128 1585 126 400
151 1678 130 394
139 1639 96 405
129 1552 81 421
152 1504 104 404
136 1649 94 397
130 1730 113 400
132 1678 105 397
112 1461 111 432
126 1468 120 402
116 1405 95 432
123 1407 107 428
121 1519 102 409
121 1505 120 401
118 1435 101 418
132 1415 89 419
126 1467 92 412
117 1541 88 435
132 1633 99 399
131 1607 88 411
123 1527 98 416
119 1393 88 431
117 1530 99 426
125 1397 109 420
118 1496 85 433
118 1515 99 416
133 1645 88 405
120 1544 86 418
125 1637 115 397
121 1528 116 405
119 1474 114 410
124 1502 87 419
133 1645 88 405
126 1410 95 411
122 1420 100 423
122 1420 100 423
117 1541 88 435
133 1427 94 409
125 1616 88 414
119 1413 94 429
125 1479 94 424
122 1512 115 401
131 1655 87 414
127 1522 99 409
125 1449 95 427
129 1544 114 405
127 1478 87 433
125 1479 94 424
123 1458 109 414
125 1449 95 427
130 1540 94 411
133 1549 113 405
124 1651 115 400
121 1505 120 401
130 1730 113 400
131 1655 87 414
125 1637 115 397
125 1413 120 410
121 1519 102 409
121 1528 116 405
130 1540 94 411
166 1876 81 439
162 1963 82 424
158 1893 132 395
139 1476 139 404
127 1396 102 431
121 1551 89 467
115 1554 115 433
118 1415 95 443
121 1551 89 467
123 1559 123 401
155 1943 102 397
131 1438 130 417
151 1783 96 403
143 1658 84 422
149 1734 102 398
121 1507 121 405
134 1714 93 413
129 1408 101 434
131 1587 85 437
119 1538 99 431
140 1544 109 411
120 1520 102 429
137 1613 116 406
133 1604 89 418
139 1818 118 399
128 1626 97 414
132 1475 97 432
147 1808 131 396
134 1674 104 400
145 1592 116 407
136 1654 121 404
140 1544 109 411
133 1659 105 404
152 1820 88 405
116 1418 116 438
128 1489 95 433
141 1602 90 425
138 1584 83 438
132 1690 116 405
135 1558 117 408
127 1582 103 409
151 1854 95 406
131 1438 130 417
136 1578 94 409
141 1602 90 425
129 1660 118 408
146 1560 96 415
140 1733 91 411
146 1560 96 415
140 1733 91 411
151 1854 95 406
147 1824 84 413
135 1542 88 428
130 1671 122 397
125 1527 88 432
145 1688 101 406
147 1824 84 413
125 1537 101 418
130 1536 87 432
136 1578 94 409
124 1583 96 431
147 1808 131 396
148 1947 102 397
126 1524 89 427
131 1678 96 413
130 1524 87 438
115 1554 115 433
133 1604 89 418
128 1549 92 418
116 1418 116 438
127 1396 102 431
128 1626 97 414
124 1583 96 431
129 1581 109 412
126 1524 89 427
124 1669 87 434
131 1537 130 404
131 1678 96 413
148 1947 102 397
128 1549 92 418
130 1524 87 438
132 1475 97 432
139 1818 118 399
135 1542 88 428
132 1690 116 405
125 1527 88 432
173 1871 118 399
158 1930 91 414
151 1675 145 400
148 1792 139 397
148 1745 84 445
148 1745 84 445
140 1447 132 421
120 1529 114 431
125 1470 100 444
173 1871 118 399
134 1531 105 433
129 1623 128 403
125 1594 89 439
135 1709 107 410
154 1893 88 417
150 1843 88 419
133 1603 92 427
158 1890 137 400
143 1674 109 401
138 1542 89 439
136 1761 122 405
137 1658 116 412
146 1711 91 422
139 1762 110 405
152 1654 123 404
149 1740 88 432
149 1806 93 420
138 1568 125 414
138 1546 133 419
141 1613 118 406
148 1876 88 423
144 1740 97 409
139 1570 126 408
130 1619 97 418
133 1738 97 415
140 1720 111 403
137 1667 103 411
158 1930 91 414
151 1665 95 414
138 1596 96 416
129 1724 114 411
149 1806 93 420
136 1635 123 406
132 1595 89 431
141 1613 118 406
131 1552 90 430
134 1585 123 416
134 1609 90 429
137 1619 95 417
131 1552 90 430
137 1667 103 411
136 1635 123 406
139 1570 126 408
148 1876 88 423
152 1654 123 404
134 1609 90 429
133 1738 97 415
158 1890 137 400
140 1720 111 403
137 1619 95 417
169 1932 90 418
164 2055 91 425
162 1931 153 398
145 1700 89 431
134 1544 101 449
131 1609 96 430
141 1771 112 417
137 1711 90 434
155 1876 142 399
165 1912 95 427
162 1685 131 401
144 1855 102 410
133 1656 97 420
149 1651 121 408
155 1876 142 399
136 1635 136 413
143 1832 116 409
138 1706 126 407
136 1685 126 414
162 1931 153 398
150 1818 117 409
132 1652 91 432
150 1818 117 409
137 1685 124 412
139 1631 131 409
162 1685 131 401
145 1700 89 431
168 1727 90 438
168 1727 90 438
154 1920 103 410
149 1843 119 409
146 1734 127 416
133 1706 94 441
133 1627 100 431
142 1847 104 428
148 1743 111 429
145 1661 94 433
136 1725 99 431
160 1927 107 423
159 2030 121 413
158 1791 130 428
138 1694 102 436
135 1679 105 446
137 1722 102 431
161 2030 124 417
146 1827 112 436
