96 11.6323
90 967 90 331
90 967 90 331
90 967 90 331
86 922 62 353
73 822 73 359
73 797 67 369
73 797 67 369
84 887 84 334
75 827 72 347
84 887 84 334
79 880 78 337
79 927 62 358
81 848 72 340
86 922 62 353
83 964 62 353
79 880 78 337
78 833 65 347
73 800 73 366
75 812 73 359
83 877 67 343
73 800 73 366
73 818 73 364
76 821 66 344
74 840 73 357
76 821 66 344
86 922 62 353
83 877 67 343
76 821 66 344
80 909 62 357
73 903 67 365
73 859 73 355
90 967 90 331
79 880 78 337
86 922 62 353
79 838 63 349
74 840 73 357
76 836 72 341
78 852 72 340
73 868 73 351
73 799 67 367
76 828 72 343
73 818 73 364
84 887 84 334
83 877 67 343
81 905 62 355
80 907 62 358
80 907 62 358
79 838 63 349
79 838 63 349
76 828 72 343
84 898 62 355
78 833 65 347
83 877 67 343
73 868 73 351
86 922 62 353
86 922 62 353
79 838 63 349
73 868 73 351
73 797 67 369
73 881 73 349
78 852 72 340
73 859 73 355
84 864 67 343
80 907 62 358
78 866 63 348
84 898 62 355
80 892 67 343
73 881 73 349
73 799 67 367
86 922 62 353
84 887 84 334
84 864 67 343
80 892 67 343
79 927 62 358
78 833 65 347
76 828 72 343
83 898 62 356
83 898 62 356
80 907 62 358
79 838 63 349
78 866 63 348
78 866 63 348
78 852 72 340
76 836 72 341
79 851 63 348
83 877 67 343
81 848 72 340
84 864 67 343
81 905 62 355
81 905 62 355
80 909 62 357
80 907 62 358
80 907 62 358
79 838 63 349
79 838 63 349
78 866 63 348
78 866 63 348
76 836 72 341
73 797 67 369
73 822 73 359
90 967 90 331
90 967 90 331
90 967 90 331
90 967 90 331
90 967 90 331
90 967 90 331
90 967 90 331
90 967 90 331
90 967 90 331
90 967 90 331
90 967 90 331
90 967 90 331
90 967 90 331
90 967 90 331
90 967 90 331
90 967 90 331
90 967 90 331
90 967 90 331
90 967 90 331
90 967 90 331
90 967 90 331
90 967 90 331
86 922 62 353
86 922 62 353
86 922 62 353
86 922 62 353
86 922 62 353
86 922 62 353
86 922 62 353
86 922 62 353
86 922 62 353
86 922 62 353
86 922 62 353
86 922 62 353
86 922 62 353
86 922 62 353
86 922 62 353
86 922 62 353
86 922 62 353
86 922 62 353
84 898 62 355
84 898 62 355
84 864 67 343
84 864 67 343
84 864 67 343
84 864 67 343
83 877 67 343
83 877 67 343
83 877 67 343
83 877 67 343
81 905 62 355
81 905 62 355
81 905 62 355
81 905 62 355
81 905 62 355
80 907 62 358
80 907 62 358
80 907 62 358
80 907 62 358
80 907 62 358
80 907 62 358
80 907 62 358
80 907 62 358
80 907 62 358
80 907 62 358
80 907 62 358
80 907 62 358
80 907 62 358
80 907 62 358
80 907 62 358
80 907 62 358
80 907 62 358
80 907 62 358
80 907 62 358
80 907 62 358
80 892 67 343
80 892 67 343
80 892 67 343
80 892 67 343
80 892 67 343
79 927 62 358
79 880 78 337
79 880 78 337
79 838 63 349
79 838 63 349
79 838 63 349
79 838 63 349
79 838 63 349
78 866 63 348
78 866 63 348
78 866 63 348
78 852 72 340
78 852 72 340
78 852 72 340
78 833 65 347
78 833 65 347
78 833 65 347
76 836 72 341
76 836 72 341
76 836 72 341
76 836 72 341
74 840 73 357
74 840 73 357
74 840 73 357
73 818 73 364
73 818 73 364
73 818 73 364
73 818 73 364
73 818 73 364
73 818 73 364
73 818 73 364
73 799 67 367
73 797 67 369
73 797 67 369
73 797 67 369
73 797 67 369
73 797 67 369
73 797 67 369
73 797 67 369
73 797 67 369
73 797 67 369
73 797 67 369
97 1033 65 347
92 1042 66 345
90 969 90 331
83 967 62 353
73 824 73 359
73 807 67 369
80 886 78 337
84 889 84 334
86 928 62 353
84 899 72 341
74 845 73 358
97 985 66 344
88 910 67 343
78 849 66 350
75 814 73 359
79 871 65 349
75 829 72 347
87 976 67 343
79 880 63 348
79 880 63 348
79 880 63 348
75 829 72 347
75 829 72 347
79 880 63 348
75 829 72 347
75 829 72 347
75 829 72 347
100 1050 66 346
98 1107 66 346
90 984 90 331
83 968 62 353
73 809 67 369
84 891 84 334
95 1001 67 345
74 825 73 366
97 1045 65 347
90 977 90 333
85 907 63 349
86 947 79 341
91 977 72 341
78 857 72 347
81 894 63 360
75 820 73 359
80 865 67 367
75 836 72 348
84 959 78 337
91 949 76 346
88 965 72 342
82 901 64 354
94 931 63 348
87 884 66 360
87 939 78 339
94 938 78 338
82 901 64 354
83 968 62 353
86 933 62 353
90 977 90 333
83 968 62 353
83 968 62 353
83 968 62 353
103 1010 63 349
100 1126 72 341
90 986 90 331
89 984 62 355
74 818 67 369
84 902 84 334
97 1107 76 342
81 847 73 363
79 857 79 359
87 961 78 337
76 859 73 359
85 940 66 351
87 955 67 349
100 1053 72 343
80 874 72 347
100 1030 63 350
100 1084 67 347
84 905 64 354
90 918 67 353
100 1097 63 348
86 994 62 353
89 988 66 350
89 991 62 353
118 1260 67 347
91 1044 90 331
90 1054 62 353
79 851 67 369
77 859 70 370
106 1162 72 341
88 976 78 337
92 991 90 331
87 963 84 334
84 932 84 335
96 1081 68 351
102 1058 72 343
84 935 66 362
81 935 79 351
86 905 67 364
105 1131 63 348
84 883 72 347
100 1091 63 351
81 863 73 363
95 999 64 354
82 968 79 350
102 1161 72 342
94 974 66 358
101 1009 63 363
89 993 66 355
84 918 67 360
101 1121 67 348
81 865 73 359
80 966 73 354
80 906 73 355
86 1004 66 353
115 1265 72 342
110 1292 73 346
101 1054 62 357
94 1023 90 333
93 1039 90 331
85 864 67 369
81 942 79 355
98 1127 78 338
87 976 84 334
81 873 73 359
111 1233 72 346
105 1168 68 351
113 1285 72 345
106 1158 63 353
86 936 67 361
85 913 79 348
86 943 70 360
108 1152 66 351
89 988 79 347
88 995 78 339
105 1242 66 350
94 986 66 360
92 1016 66 356
93 1004 68 353
96 1004 66 355
84 1029 73 353
85 1005 73 349
93 901 73 348
88 1015 67 359
87 935 72 348
86 992 73 348
117 1272 70 351
105 1119 67 355
103 993 67 369
94 900 73 359
93 1052 90 333
84 944 73 363
97 1117 84 338
113 1246 71 351
89 1022 79 341
92 1007 73 349
106 1184 72 350
101 1052 70 353
105 1126 68 354
92 1020 84 339
94 986 78 357
96 1046 72 358
105 1186 72 351
88 1010 73 351
91 923 73 360
90 1005 78 340
101 1005 67 360
94 1023 67 361
93 966 79 351
91 991 73 357
90 965 79 359
97 1020 67 356
92 1048 67 357
92 987 73 357
119 1223 90 334
112 1264 72 351
98 1028 67 364
97 982 73 361
92 1100 67 366
89 1047 79 344
99 1050 85 340
102 1055 73 349
101 1137 73 350
99 1079 77 349
94 1026 73 351
92 1045 79 341
93 1097 70 359
91 1059 73 354
94 1055 67 358
93 996 78 357
100 1123 78 340
92 1044 73 357
93 1042 73 366
100 1042 67 360
115 1276 78 341
104 1033 73 363
99 1099 80 350
99 1070 67 359
93 1045 79 355
111 1256 78 342
102 1064 71 360
104 1093 73 352
101 1083 79 349
106 1040 73 357
95 1065 73 359
94 1080 73 356
102 1067 73 358
105 1111 67 365
104 1177 73 352
96 1089 73 361
94 1098 73 356
104 1136 67 361
104 1098 73 354
112 1258 79 357
102 1159 78 364
99 837 61 367
93 1043 92 333
92 840 61 371
73 761 66 348
68 789 66 346
81 1011 62 353
95 1030 92 333
84 926 84 334
78 936 62 357
90 857 78 337
80 828 67 343
72 807 72 344
84 926 84 334
95 1030 92 333
84 921 62 353
83 815 65 347
90 856 76 340
78 832 78 340
88 892 61 364
80 876 78 337
76 864 72 341
68 789 66 346
73 774 63 350
84 915 62 359
92 840 61 371
87 844 62 355
77 825 63 348
78 823 74 343
70 800 66 345
88 892 61 364
74 844 72 342
88 857 61 367
78 936 62 357
72 807 72 344
82 882 76 340
83 884 62 361
90 856 76 340
93 846 76 340
80 840 62 365
84 915 62 359
92 851 61 367
90 856 76 340
87 909 84 334
85 913 84 334
79 836 74 341
76 828 65 347
73 762 66 347
70 800 66 345
79 843 78 338
79 836 74 341
83 815 65 347
75 808 66 344
83 884 62 361
81 797 63 348
75 858 65 347
80 840 62 365
87 909 84 334
81 896 72 340
73 784 66 346
85 848 62 360
83 884 62 361
82 882 76 340
81 797 63 348
78 773 63 350
73 762 66 347
79 836 74 341
77 799 63 349
74 843 72 343
73 762 66 347
85 913 84 334
85 848 62 360
78 838 78 339
93 846 76 340
92 851 61 367
87 909 84 334
78 836 72 342
74 843 72 343
73 761 66 348
78 775 63 349
73 784 66 346
80 833 72 342
79 844 62 364
78 838 78 339
78 775 63 349
75 808 66 344
85 848 62 360
78 773 63 350
77 799 63 349
73 762 66 347
73 761 66 348
70 800 66 345
78 822 65 347
70 800 66 345
79 853 72 341
87 909 84 334
85 913 84 334
81 896 72 340
78 832 78 340
76 828 65 347
77 825 63 348
74 851 63 348
93 846 76 340
92 851 61 367
92 840 61 371
80 833 72 342
79 844 62 364
78 823 74 343
77 799 63 349
75 835 63 349
78 822 65 347
78 773 63 350
75 858 65 347
75 835 63 349
73 836 66 344
73 774 63 350
73 761 66 348
95 1030 92 333
95 1030 92 333
95 1030 92 333
95 1030 92 333
95 1030 92 333
95 1030 92 333
95 1030 92 333
93 846 76 340
93 846 76 340
92 851 61 367
92 851 61 367
92 851 61 367
92 851 61 367
92 851 61 367
92 840 61 371
92 840 61 371
92 840 61 371
92 840 61 371
90 856 76 340
87 909 84 334
87 909 84 334
87 909 84 334
85 913 84 334
84 926 84 334
84 926 84 334
84 926 84 334
84 926 84 334
84 926 84 334
83 815 65 347
81 797 63 348
79 844 62 364
79 836 74 341
78 936 62 357
78 936 62 357
78 838 78 339
78 832 78 340
78 775 63 349
73 762 66 347
73 762 66 347
73 762 66 347
73 762 66 347
73 761 66 348
73 761 66 348
73 761 66 348
70 800 66 345
70 800 66 345
70 800 66 345
95 1035 92 333
95 1035 92 333
95 1035 92 333
93 1056 92 333
92 850 61 371
88 902 61 364
68 790 66 346
68 789 66 347
79 841 72 342
70 801 66 345
85 922 84 334
84 942 62 353
95 1035 92 333
80 845 63 358
82 890 78 337
93 1056 92 333
85 899 63 349
84 938 84 334
82 861 67 343
81 841 74 341
90 863 76 340
84 898 64 354
89 926 62 353
92 866 61 367
94 860 61 367
87 894 62 355
83 886 78 337
79 852 78 338
88 869 63 348
85 862 72 341
87 935 66 344
93 857 76 340
90 850 63 357
94 1051 92 333
81 897 72 340
82 890 78 337
82 861 67 343
95 1035 92 333
88 871 62 355
84 942 62 353
95 1035 92 333
89 926 62 353
82 890 78 337
88 871 62 355
89 926 62 353
95 1035 92 333
82 890 78 337
93 1056 92 333
89 926 62 353
82 890 78 337
82 890 78 337
95 1035 92 333
95 1035 92 333
95 1035 92 333
95 1035 92 333
95 1035 92 333
95 1035 92 333
95 1035 92 333
95 1035 92 333
95 1035 92 333
95 1035 92 333
95 1035 92 333
95 1035 92 333
95 1035 92 333
95 1035 92 333
95 1035 92 333
95 1035 92 333
95 1035 92 333
95 1035 92 333
95 1035 92 333
95 1035 92 333
95 1035 92 333
95 1035 92 333
93 1056 92 333
93 1056 92 333
93 1056 92 333
93 1056 92 333
93 1056 92 333
93 1056 92 333
93 1056 92 333
93 1056 92 333
93 1056 92 333
93 1056 92 333
93 1056 92 333
88 871 62 355
88 871 62 355
84 942 62 353
84 942 62 353
84 942 62 353
82 890 78 337
82 890 78 337
107 1093 66 344
93 1057 92 333
91 934 61 364
73 793 66 348
70 805 66 345
97 1042 92 333
84 945 84 334
87 852 63 358
82 901 78 337
79 864 78 338
90 982 63 349
89 960 72 342
84 944 62 353
96 916 63 349
80 799 66 346
83 884 74 341
83 907 67 343
88 883 62 355
91 902 76 340
80 902 72 344
93 901 76 340
88 883 62 355
83 907 67 343
95 1053 92 333
92 981 72 341
93 980 72 341
94 1056 92 333
88 883 62 355
99 945 72 343
93 1123 92 333
84 947 62 353
73 815 66 346
73 799 66 350
90 961 84 334
97 1064 92 333
79 866 78 345
94 986 72 341
75 799 66 348
96 930 63 352
85 919 78 338
87 888 74 341
84 804 66 346
86 901 78 337
89 985 72 342
91 903 76 340
88 899 66 345
91 903 76 340
74 814 66 346
94 986 72 341
105 1012 84 335
99 1100 92 333
99 943 63 370
96 1180 84 335
87 954 62 353
81 823 66 349
79 842 73 347
102 1101 64 352
92 1034 86 336
85 958 84 338
88 904 78 337
83 852 75 346
90 841 70 346
101 979 74 344
81 908 66 346
86 888 72 348
93 1020 76 340
98 928 72 345
90 1012 72 342
94 994 72 341
86 944 78 337
94 921 76 340
97 1018 84 334
87 986 74 341
92 956 66 345
108 1111 84 335
102 1124 92 333
96 973 63 371
95 1127 86 336
93 991 62 353
91 857 68 350
84 895 72 349
105 961 63 366
99 1070 92 336
86 919 66 354
100 1006 66 345
89 973 78 337
105 1106 92 333
98 992 76 340
102 1033 72 342
87 928 66 346
95 961 72 345
93 911 78 337
96 885 70 346
84 876 72 352
92 866 67 350
98 1024 72 344
96 1039 72 342
96 1026 76 340
92 918 66 347
89 920 68 350
126 1379 78 337
107 1206 92 333
98 872 76 358
97 1039 63 363
86 944 66 355
112 1268 76 343
94 982 84 337
95 1102 72 345
87 906 72 350
104 1045 68 347
89 986 78 339
105 1080 74 345
98 936 72 348
91 1090 66 348
90 952 70 346
95 936 78 341
91 1022 68 349
98 956 66 353
98 1025 66 351
91 1038 66 349
98 1052 66 346
98 1042 78 338
113 1147 66 346
102 1087 64 363
95 1068 86 337
91 924 72 354
89 1047 86 340
100 1123 84 337
100 967 67 353
92 946 71 356
104 1061 66 347
91 1035 80 339
93 997 78 339
95 995 74 347
98 1040 66 361
91 957 70 349
102 1011 73 347
98 1039 72 347
90 1059 72 349
101 1040 70 346
101 1039 86 337
91 953 72 348
91 953 72 348
120 1213 80 340
109 1065 66 355
97 957 70 370
97 948 71 358
95 1082 86 337
91 976 72 348
99 1052 80 341
98 1135 78 345
110 1177 74 346
111 1178 68 351
112 1062 70 346
98 985 70 349
121 1236 66 365
113 1219 86 337
113 1164 92 340
100 1069 71 374
93 977 72 348
91 1126 72 351
103 1059 80 342
99 1079 92 341
106 1144 86 341
105 1210 71 351
109 1117 86 343
103 1163 92 341
98 1012 72 348
96 1029 72 352
106 1127 80 346
109 1117 86 343
109 1117 86 343
109 1117 86 343
109 1117 86 343
109 1117 86 343
112 1238 72 348
110 1068 74 348
109 1122 86 343
107 1168 86 347
106 1154 74 349
109 1117 86 346
109 1142 86 345
96 954 61 359
91 933 90 331
90 976 90 331
80 997 61 359
77 860 60 375
72 726 68 349
69 766 66 360
88 848 72 340
76 779 61 362
78 892 78 337
83 816 78 340
80 857 60 375
93 870 84 334
91 933 90 331
84 856 84 335
91 907 65 347
90 976 90 331
85 924 65 347
80 997 61 359
81 859 72 340
75 741 66 351
85 820 63 349
73 727 66 353
73 773 72 346
90 969 90 333
91 933 90 331
95 932 90 332
74 743 70 348
72 763 63 356
77 874 63 352
78 794 66 345
79 866 67 343
85 843 84 335
83 833 66 344
74 743 70 348
80 853 67 343
93 870 84 334
78 844 63 349
96 901 90 331
72 726 68 349
77 874 63 352
70 787 66 357
74 756 72 345
69 766 66 360
91 907 65 347
78 825 78 339
84 856 84 335
74 788 72 343
69 813 66 359
72 726 68 349
71 786 66 359
72 802 62 353
69 813 66 359
78 834 72 341
70 787 66 357
90 969 90 333
75 749 68 347
74 756 72 345
79 795 63 353
75 749 68 347
72 763 63 356
83 845 67 343
76 779 61 362
69 766 66 360
73 773 72 346
70 781 61 362
73 808 66 350
72 802 62 353
95 932 90 332
85 820 63 349
79 828 63 348
72 727 66 359
71 786 66 359
73 797 62 353
84 873 84 334
84 856 84 335
80 857 60 375
78 844 63 349
76 779 61 362
73 773 72 346
73 727 66 353
83 833 66 344
77 860 60 375
80 827 78 337
80 823 78 338
74 746 66 348
85 820 63 349
77 835 72 341
80 823 78 338
78 869 66 344
78 834 72 341
90 976 90 331
96 901 90 331
95 932 90 332
95 932 90 332
93 870 84 334
85 820 63 349
73 808 66 350
72 763 63 356
71 786 66 359
69 766 66 360
96 901 90 331
79 861 66 344
73 808 66 350
79 828 63 348
73 797 62 353
70 781 61 362
93 870 84 334
84 856 84 335
78 869 66 344
74 766 66 346
74 746 66 348
80 857 60 375
76 779 61 362
72 817 66 350
70 819 66 353
93 870 84 334
91 933 90 331
84 856 84 335
80 857 60 375
78 844 63 349
74 788 72 343
72 817 66 350
72 726 68 349
70 819 66 353
96 901 90 331
96 901 90 331
96 901 90 331
95 932 90 332
95 932 90 332
95 932 90 332
95 932 90 332
95 932 90 332
95 932 90 332
93 870 84 334
93 870 84 334
93 870 84 334
93 870 84 334
93 870 84 334
91 933 90 331
91 933 90 331
91 933 90 331
91 933 90 331
91 933 90 331
91 933 90 331
90 976 90 331
90 976 90 331
90 976 90 331
90 976 90 331
90 976 90 331
85 820 63 349
85 820 63 349
85 820 63 349
85 820 63 349
84 856 84 335
84 856 84 335
84 856 84 335
84 856 84 335
84 856 84 335
84 856 84 335
84 856 84 335
84 856 84 335
84 856 84 335
84 856 84 335
84 856 84 335
80 857 60 375
80 857 60 375
80 857 60 375
80 857 60 375
80 857 60 375
80 857 60 375
80 857 60 375
80 823 78 338
80 823 78 338
80 823 78 338
79 828 63 348
78 834 72 341
77 874 63 352
76 779 61 362
76 779 61 362
76 779 61 362
76 779 61 362
76 779 61 362
76 779 61 362
76 779 61 362
76 779 61 362
76 779 61 362
76 779 61 362
76 779 61 362
73 797 62 353
72 817 66 350
72 763 63 356
72 727 66 359
70 781 61 362
70 781 61 362
69 766 66 360
69 766 66 360
95 948 90 332
91 958 90 331
85 995 65 347
80 862 60 375
76 754 70 348
95 876 84 334
77 835 63 367
79 914 66 357
81 803 68 349
87 867 72 341
77 817 66 372
78 866 78 339
81 850 62 353
84 861 78 337
90 970 90 333
86 873 66 345
86 885 84 334
86 925 67 343
78 826 68 349
85 926 66 347
88 861 72 340
90 970 90 333
82 845 62 353
85 995 65 347
84 902 66 350
82 964 66 352
86 978 65 347
82 906 72 340
87 830 78 338
83 817 78 341
80 831 78 338
82 864 78 337
79 833 78 339
79 838 72 342
84 965 84 334
86 885 84 334
82 906 72 340
83 836 72 347
84 912 66 348
90 970 90 333
78 861 78 340
86 885 84 334
83 820 78 340
86 978 65 347
90 970 90 333
86 885 84 334
82 906 72 340
79 833 78 339
84 965 84 334
90 970 90 333
90 970 90 333
90 970 90 333
90 970 90 333
90 970 90 333
86 885 84 334
86 885 84 334
86 885 84 334
86 885 84 334
86 885 84 334
86 885 84 334
82 906 72 340
82 906 72 340
103 972 67 347
93 1022 68 347
91 988 90 331
86 908 60 375
76 773 70 348
86 889 84 334
79 870 66 368
87 855 63 357
96 954 90 332
97 958 68 349
90 861 72 340
91 1003 62 369
87 950 62 374
94 1000 66 347
83 821 78 340
85 920 66 353
90 861 72 340
82 893 72 345
81 920 78 340
83 821 78 340
87 960 66 349
83 821 78 340
84 854 78 338
84 878 66 355
82 833 78 340
86 866 78 337
92 962 90 331
86 871 66 356
90 973 90 333
82 911 72 340
86 920 63 368
83 821 78 340
83 821 78 340
83 821 78 340
83 821 78 340
83 821 78 340
83 821 78 340
83 821 78 340
83 821 78 340
113 1003 66 347
103 1087 66 350
98 1058 63 359
93 1006 90 331
90 1008 90 333
88 931 65 368
79 816 72 359
90 855 70 358
80 895 72 348
95 963 90 332
96 878 84 339
86 901 84 337
102 992 66 353
93 892 78 337
85 877 78 340
93 944 65 359
99 1026 68 353
87 980 63 363
90 896 72 342
82 917 72 340
87 825 72 351
94 933 63 362
84 888 78 338
100 895 84 335
91 1054 68 353
88 964 63 361
97 877 72 345
97 1043 68 352
82 870 72 352
90 980 67 358
85 903 66 359
96 973 90 331
86 934 84 334
80 862 78 351
95 1057 66 351
95 931 84 334
117 1174 66 347
116 1351 63 360
105 977 90 331
92 999 63 372
90 953 90 335
89 848 72 352
83 920 72 340
108 1135 66 351
104 1091 63 367
97 933 84 334
104 1009 66 354
87 921 78 339
94 934 68 359
97 988 90 331
84 875 72 352
95 964 78 337
98 1079 66 356
101 1038 66 361
107 1060 63 362
84 892 84 338
92 900 72 344
88 1047 66 359
95 970 90 332
84 917 78 341
93 937 84 335
87 887 78 343
84 895 72 350
86 966 78 338
92 981 84 337
92 913 78 338
122 1195 66 349
98 892 73 353
97 1057 97 332
92 1000 63 372
83 957 72 353
103 1082 66 356
91 1069 66 367
99 987 84 335
91 906 72 350
90 982 78 339
84 941 78 341
86 932 72 343
98 941 84 337
103 970 90 332
96 995 90 333
102 1002 78 337
94 911 78 348
88 909 72 354
101 1060 84 334
96 979 84 338
88 927 72 340
95 1066 90 332
94 922 78 340
112 1018 78 337
111 1181 66 356
103 983 90 332
95 1016 63 372
95 930 72 343
84 947 78 341
95 1076 66 369
102 1086 84 335
88 957 72 341
90 933 72 344
102 1083 78 338
107 1080 84 334
103 982 90 335
109 1078 78 337
126 1242 78 340
105 1031 90 332
100 1148 63 373
94 934 72 357
88 956 78 352
112 1084 84 339
98 1117 72 342
88 970 74 347
100 952 76 346
101 981 72 341
96 1032 72 343
92 961 72 345
104 978 72 341
90 964 78 341
96 960 72 344
125 1152 91 335
118 1255 72 343
98 960 72 347
92 963 72 345
99 1076 78 341
98 979 78 342
117 1160 84 341
108 1177 90 342
107 1212 78 344
98 965 72 348
94 1071 72 355
105 1027 72 345
96 992 78 348
95 968 72 349
110 1250 72 347
107 1008 72 353
102 1047 72 355
97 1004 72 356
97 993 72 357
95 1003 72 360
98 913 98 331
75 744 63 348
75 739 65 349
71 726 67 348
71 726 67 348
78 778 78 338
79 772 78 338
84 828 84 335
75 745 72 341
90 868 90 332
84 828 84 335
90 868 90 332
90 868 90 332
90 868 90 332
84 828 84 335
79 772 78 338
90 868 90 332
84 828 84 335
74 767 72 342
84 828 84 335
75 733 66 346
90 868 90 332
84 828 84 335
90 868 90 332
84 828 84 335
73 747 73 344
74 767 72 342
78 745 65 347
73 747 73 344
75 748 65 347
78 735 66 345
75 744 63 348
75 733 66 346
73 729 73 345
73 729 73 345
71 726 67 348
71 726 67 348
75 740 66 344
78 745 65 347
75 739 65 349
90 868 90 332
75 745 72 341
75 744 63 348
78 742 63 348
73 729 73 345
74 767 72 342
71 731 67 347
75 738 66 345
78 742 63 348
78 735 66 345
75 744 63 348
73 747 73 344
75 748 65 347
75 738 66 345
90 868 90 332
90 868 90 332
90 868 90 332
90 868 90 332
90 868 90 332
90 868 90 332
90 868 90 332
90 868 90 332
90 868 90 332
90 868 90 332
90 868 90 332
90 868 90 332
90 868 90 332
90 868 90 332
90 868 90 332
90 868 90 332
90 868 90 332
90 868 90 332
90 868 90 332
90 868 90 332
90 868 90 332
90 868 90 332
90 868 90 332
90 868 90 332
90 868 90 332
90 868 90 332
90 868 90 332
90 868 90 332
90 868 90 332
90 868 90 332
90 868 90 332
90 868 90 332
90 868 90 332
90 868 90 332
90 868 90 332
90 868 90 332
90 868 90 332
90 868 90 332
90 868 90 332
90 868 90 332
90 868 90 332
90 868 90 332
90 868 90 332
90 868 90 332
90 868 90 332
90 868 90 332
90 868 90 332
90 868 90 332
90 868 90 332
90 868 90 332
90 868 90 332
90 868 90 332
90 868 90 332
90 868 90 332
90 868 90 332
90 868 90 332
90 868 90 332
90 868 90 332
90 868 90 332
90 868 90 332
90 868 90 332
90 868 90 332
90 868 90 332
90 868 90 332
90 868 90 332
90 868 90 332
90 868 90 332
90 868 90 332
90 868 90 332
90 868 90 332
90 868 90 332
90 868 90 332
90 868 90 332
90 868 90 332
90 868 90 332
90 868 90 332
90 868 90 332
90 868 90 332
90 868 90 332
90 868 90 332
90 868 90 332
90 868 90 332
90 868 90 332
90 868 90 332
90 868 90 332
90 868 90 332
90 868 90 332
90 868 90 332
90 868 90 332
90 868 90 332
90 868 90 332
90 868 90 332
90 868 90 332
90 868 90 332
90 868 90 332
90 868 90 332
90 868 90 332
90 868 90 332
90 868 90 332
90 868 90 332
90 868 90 332
90 868 90 332
90 868 90 332
90 868 90 332
90 868 90 332
90 868 90 332
90 868 90 332
90 868 90 332
90 868 90 332
90 868 90 332
90 868 90 332
90 868 90 332
90 868 90 332
90 868 90 332
90 868 90 332
90 868 90 332
90 868 90 332
90 868 90 332
90 868 90 332
90 868 90 332
90 868 90 332
90 868 90 332
90 868 90 332
90 868 90 332
90 868 90 332
84 828 84 335
84 828 84 335
84 828 84 335
84 828 84 335
84 828 84 335
84 828 84 335
84 828 84 335
84 828 84 335
84 828 84 335
84 828 84 335
84 828 84 335
84 828 84 335
84 828 84 335
84 828 84 335
84 828 84 335
79 772 78 338
79 772 78 338
79 772 78 338
79 772 78 338
78 745 65 347
78 742 63 348
78 735 66 345
75 745 72 341
75 744 63 348
75 744 63 348
75 744 63 348
75 744 63 348
75 744 63 348
75 739 65 349
75 739 65 349
75 739 65 349
74 767 72 342
74 767 72 342
74 767 72 342
73 747 73 344
71 726 67 348
71 726 67 348
71 726 67 348
71 726 67 348
98 917 98 331
98 917 98 331
92 971 65 347
88 871 63 348
78 789 65 349
71 733 67 347
84 829 84 335
78 799 72 341
90 875 90 332
78 779 78 338
96 868 65 347
92 815 63 348
98 917 98 331
76 757 66 344
98 917 98 331
75 765 66 344
76 757 66 344
77 747 66 344
77 747 66 344
76 757 66 344
75 765 66 344
75 765 66 344
98 917 98 331
98 917 98 331
98 917 98 331
98 917 98 331
98 917 98 331
98 917 98 331
98 917 98 331
98 917 98 331
98 917 98 331
98 917 98 331
98 917 98 331
98 917 98 331
98 917 98 331
98 917 98 331
98 917 98 331
76 757 66 344
98 919 98 331
94 896 63 348
85 828 65 349
79 748 66 346
78 784 78 338
84 886 84 335
88 849 72 341
91 876 90 332
90 867 84 335
87 909 72 341
78 794 66 344
79 755 66 344
90 895 90 332
78 784 78 338
78 784 78 338
78 784 78 338
78 784 78 338
87 873 84 335
78 784 78 338
78 784 78 338
78 784 78 338
78 784 78 338
108 1028 63 348
98 1085 63 348
98 938 98 331
90 874 65 349
83 756 66 345
78 811 67 347
80 793 78 344
78 794 78 338
91 883 91 336
84 898 84 335
96 886 90 332
91 907 72 341
80 759 73 345
90 935 90 332
85 809 66 344
95 890 72 341
90 885 84 335
94 910 90 332
107 867 66 344
99 945 65 349
98 967 98 331
89 1005 86 337
87 796 85 338
79 828 78 344
82 817 78 338
79 819 67 347
80 842 79 342
94 934 92 334
95 1001 74 343
101 907 72 342
92 987 84 337
85 839 73 344
88 805 78 338
96 965 72 341
97 900 97 332
91 858 66 346
96 934 72 342
97 895 84 335
93 987 84 335
92 917 72 345
94 942 84 336
90 902 90 335
90 942 90 333
96 926 90 332
94 944 66 344
95 859 66 345
93 961 90 332
95 945 90 332
98 927 72 342
97 903 90 332
108 1144 66 344
98 972 98 331
90 811 85 338
81 828 72 348
98 1048 74 343
92 818 78 339
92 947 92 334
98 923 98 332
104 966 72 342
91 862 66 346
103 943 84 335
85 848 67 347
87 822 78 338
100 980 84 335
90 919 90 335
98 930 90 332
99 976 84 336
83 836 78 339
91 969 73 344
88 830 67 347
100 930 72 343
107 1000 84 335
98 1054 90 332
98 982 98 331
97 823 79 341
96 977 66 346
89 903 67 347
84 852 78 344
86 855 78 339
91 936 91 336
106 940 72 344
102 1028 84 335
97 960 92 334
91 833 78 338
89 841 79 341
95 1032 73 344
105 958 90 332
87 844 78 338
94 1004 92 334
100 966 90 332
95 988 66 346
105 1022 84 335
93 1025 92 334
108 1021 66 346
105 1037 84 335
98 998 98 331
93 836 78 338
91 925 67 347
88 908 78 344
106 977 90 332
88 909 78 339
107 968 90 332
89 898 78 338
90 847 78 338
88 925 85 338
91 839 78 338
116 1065 92 334
109 1155 90 332
104 962 67 348
101 1005 98 331
94 851 78 338
90 898 78 338
106 1128 84 336
108 1093 84 335
91 867 78 338
111 1171 92 334
102 1011 98 331
94 869 78 338
91 887 85 344
90 952 79 341
91 929 78 339
91 888 85 338
92 890 79 342
92 907 78 338
102 1014 98 331
102 1014 98 331
94 873 79 347
93 909 78 338
92 895 85 338
92 983 79 345
105 1055 98 331
97 916 78 338
93 926 79 341
95 923 78 338
97 916 78 338
97 916 78 338
98 920 78 338
95 932 78 338
95 932 78 338
95 932 78 338
95 932 78 338
95 932 78 338
100 948 78 344
95 968 78 338
98 969 78 338
96 982 80 340
113 970 78 338
104 979 78 338
104 975 78 339
103 1001 78 338
102 1057 78 344
107 1166 78 338
104 1049 84 338
103 1032 78 339
110 1043 78 339
108 1105 92 340
131 1237 78 339
122 1173 84 341
108 961 106 330
106 971 106 330
91 976 63 348
70 701 60 370
69 699 60 376
69 699 60 376
98 900 98 331
102 891 100 333
70 701 60 370
90 940 84 335
84 923 78 338
106 971 106 330
69 699 60 376
78 710 61 364
74 733 63 360
92 943 90 332
93 851 86 337
81 799 74 344
94 852 94 336
95 886 92 334
80 768 68 355
96 932 90 332
82 824 70 350
91 781 66 351
80 816 80 341
73 746 64 359
78 794 66 351
83 955 72 341
71 735 61 367
81 764 68 355
74 754 62 358
102 891 100 333
99 835 63 349
83 845 60 362
70 734 62 369
72 725 61 361
93 851 86 337
89 802 66 346
79 756 68 356
81 799 74 344
89 960 84 335
85 807 66 350
87 944 66 344
86 866 72 343
102 891 100 333
86 866 72 343
74 761 64 356
94 938 90 334
92 818 72 342
77 828 66 348
96 929 90 333
99 835 63 349
72 725 61 361
91 791 70 350
71 720 61 369
96 859 66 344
86 783 60 365
79 867 63 356
89 853 78 338
80 859 62 357
76 791 66 355
75 803 66 352
76 918 72 344
96 874 84 336
92 936 92 334
82 809 72 347
84 907 84 336
80 816 80 341
94 852 94 336
84 849 65 347
79 800 64 354
81 898 63 351
80 832 61 359
80 816 80 341
78 710 61 364
95 836 65 347
87 822 63 351
82 783 68 351
94 905 63 348
80 861 66 345
88 797 72 344
88 792 66 347
81 764 68 355
75 840 72 347
80 816 80 341
77 828 66 348
75 840 72 347
70 710 66 369
94 905 63 348
92 818 72 342
71 722 62 366
71 720 61 369
89 878 63 349
89 856 72 342
82 812 64 352
74 761 64 356
71 722 62 366
70 701 60 370
90 881 72 341
84 849 65 347
83 845 60 362
80 876 78 339
80 876 78 339
80 861 66 345
80 847 78 340
73 746 64 359
85 843 74 343
84 835 68 347
77 816 68 351
73 746 64 359
69 699 60 376
90 858 86 337
86 886 86 337
86 879 62 353
86 879 62 353
80 847 78 340
80 801 63 357
80 801 63 357
79 800 64 354
77 802 63 357
71 735 61 367
96 874 84 336
102 891 100 333
86 835 86 338
83 791 60 365
71 722 62 366
71 722 62 366
84 913 72 341
84 913 72 341
79 920 68 347
94 927 92 334
92 936 92 334
82 824 70 350
82 812 64 352
81 787 64 355
81 787 64 355
75 803 66 352
86 843 63 355
84 923 78 338
82 809 72 347
99 880 84 335
94 927 92 334
91 881 84 335
91 781 66 351
90 885 84 336
90 858 86 337
89 856 72 342
87 822 63 351
85 843 74 343
83 883 72 342
83 883 72 342
81 898 63 351
76 796 72 348
69 699 60 376
95 836 65 347
90 885 84 336
89 853 78 338
86 848 72 344
86 848 72 344
86 835 86 338
76 796 72 348
106 971 106 330
106 971 106 330
106 971 106 330
106 971 106 330
106 971 106 330
102 891 100 333
94 927 92 334
92 818 72 342
91 881 84 335
91 881 84 335
90 858 86 337
89 853 78 338
86 886 86 337
86 886 86 337
86 879 62 353
85 843 74 343
80 801 63 357
78 710 61 364
77 802 63 357
76 796 72 348
76 796 72 348
73 746 64 359
73 746 64 359
71 735 61 367
70 701 60 370
70 701 60 370
69 699 60 376
69 699 60 376
69 699 60 376
69 699 60 376
69 699 60 376
69 699 60 376
111 1030 66 348
108 1045 66 345
108 962 106 330
70 704 60 370
69 708 60 376
82 818 78 355
106 986 106 330
80 765 62 358
71 742 61 367
72 726 61 361
90 871 72 342
81 845 66 357
97 947 84 335
74 783 63 360
85 851 74 343
97 853 88 339
102 892 100 333
94 854 94 336
91 882 66 354
87 875 73 346
95 1023 62 355
94 1031 68 350
96 893 86 340
85 860 68 351
71 738 62 368
74 783 63 360
94 943 90 332
85 850 80 344
96 904 92 334
89 916 72 348
76 831 62 358
84 881 80 349
108 962 106 330
100 889 100 334
76 831 62 358
96 939 90 332
83 874 72 352
94 900 84 336
108 962 106 330
95 922 66 349
72 726 61 361
98 900 98 332
98 903 98 331
100 889 100 334
98 903 98 331
87 882 80 341
108 962 106 330
100 889 100 334
97 896 72 341
100 889 100 334
74 783 63 360
108 962 106 330
98 903 98 331
94 943 90 332
98 903 98 331
108 962 106 330
108 962 106 330
108 962 106 330
108 962 106 330
108 962 106 330
108 962 106 330
108 962 106 330
100 889 100 334
100 889 100 334
100 889 100 334
100 889 100 334
100 889 100 334
98 903 98 331
98 903 98 331
94 943 90 332
94 943 90 332
94 943 90 332
74 783 63 360
109 990 86 338
108 964 106 330
107 1083 66 355
73 714 60 376
71 718 60 370
70 743 60 376
85 896 74 343
102 1022 84 340
93 873 68 351
88 813 61 361
94 871 94 336
102 893 100 333
77 777 63 363
80 827 62 358
103 1003 84 335
79 752 74 366
75 726 62 369
96 947 90 332
106 955 98 331
81 776 62 361
97 890 86 348
80 794 63 358
94 982 72 347
80 762 61 367
99 993 98 331
97 918 92 334
97 897 72 341
102 982 66 356
95 899 72 347
99 908 92 334
94 953 90 332
99 908 92 334
99 908 92 334
97 918 92 334
132 1143 78 341
113 1174 70 353
108 967 106 330
81 776 60 376
76 731 67 376
117 1100 70 352
87 869 62 365
96 948 90 332
111 946 100 333
106 1033 84 335
107 980 98 331
81 817 64 360
84 786 60 370
79 767 63 372
105 1032 84 338
102 933 100 336
89 972 80 359
108 942 72 350
95 962 78 344
98 920 74 355
90 897 80 359
99 912 67 358
98 910 86 345
100 1005 98 331
78 804 61 372
95 992 74 348
103 1136 66 357
94 971 61 361
77 814 60 370
93 988 78 345
101 937 80 347
81 786 66 364
105 1026 86 338
90 939 86 343
108 951 72 346
79 804 63 363
97 995 72 353
104 961 72 348
104 1015 66 357
99 973 78 342
99 951 72 356
79 807 60 376
90 902 63 360
104 1015 66 357
108 966 72 343
101 992 72 343
98 973 74 343
101 969 74 353
101 992 72 343
101 992 72 343
111 1039 84 339
110 1070 84 340
108 984 106 330
94 801 60 376
85 806 60 376
84 954 60 370
102 940 100 337
90 882 63 363
105 1003 72 351
99 971 80 348
84 859 66 361
96 952 90 332
103 1061 68 360
107 1044 86 337
105 1024 78 342
100 951 72 358
108 964 80 346
96 992 65 361
90 1027 63 362
96 952 90 332
107 993 78 343
104 992 72 356
111 1039 84 339
104 1015 66 359
110 1020 63 362
101 1021 72 345
103 1024 72 343
111 1039 84 339
124 1176 86 341
108 985 106 330
89 860 66 364
96 956 90 332
91 905 78 361
109 1019 67 359
121 1153 72 346
103 1033 72 349
106 1075 78 343
96 952 90 338
118 1063 78 342
104 984 88 357
100 974 72 358
120 1004 80 347
95 979 74 362
119 1176 74 343
132 1248 80 345
118 1033 72 355
112 998 106 330
89 953 76 367
98 956 90 332
122 1145 80 348
101 986 78 360
105 1119 72 350
118 1078 78 352
104 1091 74 363
117 1098 72 349
124 1201 72 352
118 1005 106 330
114 1013 106 330
110 1145 72 358
106 966 100 334
98 984 90 332
99 970 94 345
112 969 92 336
114 1013 106 330
114 1013 106 330
114 1013 106 330
114 1013 106 330
114 1014 106 330
114 997 90 332
105 1029 90 332
104 992 98 334
98 996 92 335
100 1007 100 334
103 1003 92 334
114 1006 92 334
112 1043 106 332
108 1052 98 332
103 996 92 339
100 1050 92 340
108 1030 94 337
111 1046 98 333
106 1047 98 334
122 1036 100 339
114 1188 100 335
114 1161 92 336
124 1257 100 340
