10127 229.074
146 1014 146 324
146 1014 146 324
146 1014 146 324
146 1014 146 324
75 637 73 353
73 746 60 360
68 759 61 361
65 682 63 355
114 795 114 328
130 885 130 326
130 885 130 326
84 677 84 336
106 761 106 329
122 832 122 327
146 1014 146 324
138 943 138 325
138 943 138 325
92 709 92 333
90 728 90 332
122 832 122 327
68 764 62 358
77 654 73 343
106 761 106 329
114 795 114 328
78 676 78 337
98 740 98 330
78 673 78 338
67 687 66 345
84 677 84 336
146 1014 146 324
138 943 138 325
138 943 138 325
130 885 130 326
122 832 122 327
114 795 114 328
84 698 84 334
91 725 90 332
69 658 63 351
68 712 65 347
146 1014 146 324
138 943 138 325
138 943 138 325
130 885 130 326
122 832 122 327
122 832 122 327
114 795 114 328
72 682 72 342
98 740 98 330
78 673 78 338
73 678 72 341
73 678 72 341
90 733 90 331
68 706 66 344
80 672 78 337
104 734 98 330
71 645 65 347
98 740 98 330
73 746 60 360
76 638 66 353
75 660 67 343
92 709 92 333
98 740 98 330
73 666 67 343
70 650 63 348
69 681 66 346
84 698 84 334
66 693 63 348
75 640 73 350
75 663 66 344
69 670 62 354
66 672 63 357
66 672 63 357
68 764 62 358
75 640 73 350
68 759 61 361
76 638 66 353
65 695 63 354
69 647 67 351
80 672 78 337
65 682 63 355
70 642 64 350
138 943 138 325
130 885 130 326
122 832 122 327
122 832 122 327
114 795 114 328
106 761 106 329
104 734 98 330
106 761 106 329
104 734 98 330
70 651 65 347
91 725 90 332
70 642 64 350
69 647 67 351
104 734 98 330
98 740 98 330
90 728 90 332
65 682 63 355
75 637 73 353
146 1014 146 324
146 1014 146 324
146 1014 146 324
146 1014 146 324
146 1014 146 324
146 1014 146 324
146 1014 146 324
146 1014 146 324
146 1014 146 324
146 1014 146 324
146 1014 146 324
146 1014 146 324
146 1014 146 324
146 1014 146 324
146 1014 146 324
146 1014 146 324
146 1014 146 324
146 1014 146 324
146 1014 146 324
146 1014 146 324
146 1014 146 324
146 1014 146 324
146 1014 146 324
146 1014 146 324
146 1014 146 324
146 1014 146 324
146 1014 146 324
146 1014 146 324
146 1014 146 324
146 1014 146 324
146 1014 146 324
146 1014 146 324
146 1014 146 324
146 1014 146 324
146 1014 146 324
146 1014 146 324
146 1014 146 324
146 1014 146 324
146 1014 146 324
146 1014 146 324
146 1014 146 324
146 1014 146 324
146 1014 146 324
146 1014 146 324
146 1014 146 324
146 1014 146 324
146 1014 146 324
146 1014 146 324
146 1014 146 324
146 1014 146 324
146 1014 146 324
146 1014 146 324
146 1014 146 324
146 1014 146 324
146 1014 146 324
146 1014 146 324
146 1014 146 324
146 1014 146 324
146 1014 146 324
146 1014 146 324
146 1014 146 324
146 1014 146 324
146 1014 146 324
146 1014 146 324
146 1014 146 324
146 1014 146 324
146 1014 146 324
146 1014 146 324
146 1014 146 324
146 1014 146 324
146 1014 146 324
146 1014 146 324
146 1014 146 324
146 1014 146 324
146 1014 146 324
146 1014 146 324
146 1014 146 324
146 1014 146 324
146 1014 146 324
146 1014 146 324
146 1014 146 324
146 1014 146 324
146 1014 146 324
146 1014 146 324
146 1014 146 324
146 1014 146 324
146 1014 146 324
146 1014 146 324
146 1014 146 324
146 1014 146 324
146 1014 146 324
146 1014 146 324
146 1014 146 324
146 1014 146 324
146 1014 146 324
146 1014 146 324
146 1014 146 324
146 1014 146 324
146 1014 146 324
146 1014 146 324
146 1014 146 324
146 1014 146 324
146 1014 146 324
146 1014 146 324
146 1014 146 324
146 1014 146 324
146 1014 146 324
146 1014 146 324
146 1014 146 324
146 1014 146 324
146 1014 146 324
146 1014 146 324
146 1014 146 324
146 1014 146 324
146 1014 146 324
146 1014 146 324
146 1014 146 324
146 1014 146 324
146 1014 146 324
146 1014 146 324
138 943 138 325
138 943 138 325
138 943 138 325
138 943 138 325
130 885 130 326
130 885 130 326
130 885 130 326
130 885 130 326
130 885 130 326
130 885 130 326
130 885 130 326
130 885 130 326
130 885 130 326
122 832 122 327
122 832 122 327
122 832 122 327
122 832 122 327
122 832 122 327
114 795 114 328
114 795 114 328
114 795 114 328
114 795 114 328
114 795 114 328
114 795 114 328
114 795 114 328
114 795 114 328
106 761 106 329
106 761 106 329
106 761 106 329
106 761 106 329
106 761 106 329
98 740 98 330
98 740 98 330
98 740 98 330
98 740 98 330
98 740 98 330
84 698 84 334
78 673 78 338
146 1017 146 324
146 1017 146 324
102 758 98 336
117 870 98 330
106 790 106 329
139 949 138 325
130 892 130 326
138 991 138 325
114 840 114 328
132 888 130 326
122 833 122 327
122 833 122 327
115 812 114 328
115 812 114 328
146 1018 146 324
146 1018 146 324
103 771 98 336
122 844 122 327
107 815 106 329
116 811 114 334
131 938 130 326
135 917 130 326
145 977 138 325
115 813 114 328
138 1001 138 325
141 988 138 325
147 1018 146 324
146 1019 146 324
112 817 106 329
123 858 122 327
116 822 114 328
138 941 130 326
131 957 130 326
143 994 138 325
139 1018 138 325
140 1008 138 325
147 1019 146 324
146 1020 146 324
141 1048 138 325
112 826 106 329
133 965 130 326
119 932 114 328
130 858 122 327
131 984 130 326
123 1005 122 327
143 1003 138 325
129 922 122 327
123 828 114 328
122 839 114 328
120 849 114 328
146 1022 146 324
131 1048 130 326
113 828 106 329
112 830 106 329
126 934 114 328
130 885 130 327
130 898 122 327
145 1003 138 325
143 1019 138 325
132 885 114 328
139 968 130 326
137 971 130 326
130 917 114 328
130 917 114 328
130 917 114 328
147 1012 138 325
146 1026 146 324
146 1026 146 324
136 1063 130 326
122 838 122 333
120 882 106 329
130 907 122 327
138 984 130 326
132 933 114 328
143 1033 138 325
131 996 114 328
143 1033 138 325
146 1026 146 324
158 1023 138 325
146 1032 146 324
139 1066 130 326
121 887 106 329
136 966 114 328
133 918 122 327
143 1040 138 325
132 917 130 328
140 997 130 326
146 1036 138 325
132 917 130 328
155 1044 138 325
147 1032 146 324
146 1038 146 324
139 1074 130 326
130 962 106 329
123 888 114 334
126 908 122 333
129 973 106 329
134 953 122 327
140 1000 130 326
132 961 130 328
149 1068 138 325
150 1049 138 325
149 1068 138 325
149 1068 138 325
149 1068 138 325
152 1068 138 325
150 1071 138 325
146 1039 146 324
132 1007 106 329
124 890 114 334
126 914 122 333
134 968 122 327
137 965 122 327
140 1043 130 326
144 1020 130 326
141 1028 130 326
160 1087 138 325
151 1122 138 325
149 1038 106 336
146 1042 146 324
124 912 122 335
130 937 122 333
140 1024 114 330
138 972 130 328
160 1087 138 325
152 1099 138 325
149 1040 146 324
138 986 122 327
141 1037 130 326
144 1032 130 326
140 1078 130 326
142 981 122 327
147 1026 130 326
141 1037 130 326
166 1089 138 325
154 1111 138 325
149 1041 146 324
148 1045 146 324
128 942 122 335
138 993 122 333
140 1007 130 332
143 1000 137 328
141 1040 130 326
149 1019 140 327
146 1011 122 330
141 1024 122 327
158 1106 138 325
153 1012 122 327
143 1011 130 328
150 1021 122 327
158 1111 138 325
155 1044 146 324
154 1150 138 325
148 1065 146 324
136 967 122 335
148 1023 146 330
138 1005 122 333
141 1030 130 329
142 1043 122 327
141 1043 130 326
143 1040 130 326
153 1039 122 327
149 1046 146 324
141 1043 130 326
160 1147 138 325
155 1047 146 324
154 1175 138 325
149 1050 146 324
147 1064 122 335
144 1040 130 326
146 1114 122 330
146 1159 122 327
153 1105 122 327
163 1153 138 325
162 1207 138 325
155 1050 146 324
151 1043 130 326
149 1080 146 324
145 1044 130 326
150 1072 146 324
150 1072 146 324
150 1072 146 324
166 1153 138 325
163 1186 138 325
156 1051 146 324
150 1073 146 324
149 1048 146 330
148 1053 138 331
145 1056 130 326
155 1054 140 328
165 1162 138 325
155 1061 146 324
150 1073 146 324
175 1163 138 325
164 1228 138 325
158 1059 146 324
151 1056 130 326
150 1095 146 324
150 1055 138 331
146 1074 130 332
146 1085 130 326
164 1228 138 325
164 1060 146 324
152 1104 146 324
146 1088 130 326
153 1098 146 324
157 1090 153 327
154 1106 146 324
149 1090 130 332
150 1091 130 326
157 1106 146 324
154 1120 146 324
152 1125 130 326
150 1108 130 338
150 1096 146 326
149 1110 130 332
154 1112 138 331
156 1121 132 328
164 1126 130 326
156 1120 146 324
154 1177 138 333
161 1141 130 326
165 1135 138 330
163 1183 130 326
158 1121 146 324
156 1207 146 324
156 1138 153 324
157 1138 146 326
157 1156 146 324
157 1156 146 324
172 1207 138 331
163 1156 146 324
161 1131 146 327
159 1189 146 324
158 1138 146 326
177 1185 146 324
165 1196 146 324
163 1218 146 324
174 1221 146 324
146 1014 146 324
146 1014 146 324
146 1014 146 324
146 1014 146 324
75 637 73 353
73 746 60 360
68 759 61 361
65 682 63 355
122 832 122 327
130 885 130 326
130 885 130 326
106 761 106 329
114 795 114 328
138 943 138 325
98 740 98 330
84 698 84 334
138 943 138 325
84 677 84 336
122 832 122 327
92 709 92 333
68 764 62 358
138 943 138 325
138 943 138 325
130 885 130 326
78 673 78 338
92 709 92 333
90 728 90 332
78 676 78 337
90 733 90 331
138 943 138 325
138 943 138 325
130 885 130 326
122 832 122 327
114 795 114 328
91 725 90 332
77 654 73 343
146 1014 146 324
122 832 122 327
114 795 114 328
114 795 114 328
106 761 106 329
98 740 98 330
73 678 72 341
114 795 114 328
104 734 98 330
98 740 98 330
76 638 66 353
65 682 63 355
71 703 67 343
68 764 62 358
69 647 67 351
80 672 78 337
66 672 63 357
74 675 62 353
71 645 65 347
70 651 65 347
80 672 78 337
73 666 67 343
66 684 66 346
67 687 66 345
70 642 64 350
67 760 61 361
65 700 63 349
75 663 66 344
72 692 72 340
69 670 62 354
104 734 98 330
72 682 72 342
66 672 63 357
69 681 66 346
65 700 63 349
65 695 63 354
68 712 65 347
98 740 98 330
84 698 84 334
76 644 66 344
75 640 73 350
69 658 63 351
90 733 90 331
84 682 84 335
84 677 84 336
78 673 78 338
78 671 78 339
78 671 78 339
76 662 72 341
72 692 72 340
70 679 66 345
67 691 63 348
66 693 63 348
74 675 62 353
146 1014 146 324
130 885 130 326
122 832 122 327
114 795 114 328
114 795 114 328
106 761 106 329
84 682 84 335
73 746 60 360
72 682 72 342
65 682 63 355
106 761 106 329
73 666 67 343
70 742 67 343
69 670 62 354
67 691 63 348
73 746 60 360
91 725 90 332
90 728 90 332
71 703 67 343
68 706 66 344
77 656 67 343
66 693 63 348
76 662 72 341
75 660 67 343
70 642 64 350
98 740 98 330
76 638 66 353
68 706 66 344
70 650 63 348
77 654 73 343
67 687 66 345
106 761 106 329
84 698 84 334
75 663 66 344
70 651 65 347
70 648 63 351
68 712 65 347
66 685 63 354
77 656 67 343
77 654 73 343
75 660 67 343
75 640 73 350
71 645 65 347
70 742 67 343
70 679 66 345
70 650 63 348
69 707 65 347
69 658 63 351
65 695 63 354
78 676 78 337
76 644 66 344
75 637 73 353
73 678 72 341
69 707 65 347
69 647 67 351
68 759 61 361
146 1014 146 324
146 1014 146 324
146 1014 146 324
146 1014 146 324
146 1014 146 324
146 1014 146 324
146 1014 146 324
146 1014 146 324
146 1014 146 324
146 1014 146 324
146 1014 146 324
146 1014 146 324
146 1014 146 324
146 1014 146 324
146 1014 146 324
146 1014 146 324
146 1014 146 324
146 1014 146 324
146 1014 146 324
146 1014 146 324
146 1014 146 324
146 1014 146 324
146 1014 146 324
146 1014 146 324
146 1014 146 324
146 1014 146 324
138 943 138 325
138 943 138 325
138 943 138 325
138 943 138 325
138 943 138 325
138 943 138 325
138 943 138 325
138 943 138 325
138 943 138 325
138 943 138 325
138 943 138 325
130 885 130 326
130 885 130 326
130 885 130 326
130 885 130 326
130 885 130 326
130 885 130 326
130 885 130 326
122 832 122 327
122 832 122 327
122 832 122 327
122 832 122 327
114 795 114 328
114 795 114 328
106 761 106 329
106 761 106 329
106 761 106 329
106 761 106 329
106 761 106 329
104 734 98 330
104 734 98 330
104 734 98 330
104 734 98 330
104 734 98 330
104 734 98 330
104 734 98 330
98 740 98 330
98 740 98 330
98 740 98 330
98 740 98 330
98 740 98 330
80 672 78 337
76 638 66 353
68 759 61 361
146 1016 146 324
102 747 98 330
99 753 98 330
130 889 130 326
122 838 122 327
114 798 114 328
106 765 106 329
138 956 138 325
139 949 138 325
146 1020 146 324
102 758 98 336
101 761 98 336
100 764 98 330
130 892 130 326
139 970 138 325
103 761 98 330
112 837 106 329
114 799 114 328
126 862 122 327
113 783 106 329
124 888 122 327
138 1001 138 325
114 799 114 328
125 872 122 327
138 1001 138 325
138 1001 138 325
114 799 114 328
146 1022 146 324
146 1022 146 324
107 768 98 330
103 801 98 332
143 992 138 325
116 815 106 329
130 893 130 326
113 868 106 329
115 807 114 328
126 891 122 327
134 881 122 327
141 996 138 325
105 804 98 330
130 893 130 326
148 995 138 325
146 1026 146 324
114 795 114 334
111 798 98 330
107 816 98 330
118 844 106 329
126 894 122 327
130 894 130 326
141 1007 138 325
115 812 114 328
130 894 130 326
143 999 138 325
147 1003 138 325
146 1028 146 324
120 831 98 336
116 815 114 328
115 819 114 328
123 832 98 330
131 894 130 326
127 963 122 327
141 1018 138 325
118 878 106 329
119 844 106 329
130 898 122 327
129 932 122 327
144 1007 138 325
156 1029 146 324
146 1039 146 324
130 940 98 330
118 823 114 328
116 840 114 328
145 1009 138 325
125 883 106 329
142 1032 138 325
135 903 122 327
133 918 130 326
118 900 106 329
134 908 130 326
130 907 122 327
147 1034 146 324
122 896 106 329
131 939 130 326
130 907 122 327
148 1035 146 324
146 1053 146 324
126 923 106 329
123 932 106 329
123 828 114 328
117 908 114 328
133 925 130 326
145 1020 138 325
143 1033 138 325
130 921 122 327
131 920 122 327
118 830 114 328
155 1044 146 324
149 1064 146 324
136 938 106 332
122 838 122 333
118 841 114 328
134 966 106 329
146 1040 138 325
133 931 130 326
130 1042 122 327
134 926 122 327
144 1048 138 325
120 840 114 328
144 1048 138 325
133 943 122 327
155 1047 146 324
153 1110 146 324
120 842 114 328
138 926 129 327
145 1070 138 325
131 1044 122 327
134 947 130 326
134 927 122 327
151 1047 138 325
136 941 130 326
149 1054 138 325
155 1061 146 324
153 1126 146 324
120 844 114 328
146 1071 138 325
141 938 122 327
134 1001 122 327
134 1001 130 326
135 955 130 326
135 975 122 327
160 1105 146 324
155 1120 146 324
120 846 114 328
135 959 130 326
144 987 122 327
152 1080 138 325
137 1054 122 327
147 1114 138 325
142 1004 122 327
149 1081 138 325
141 1039 122 327
157 1111 146 324
139 1052 122 327
141 1039 122 327
155 1134 146 324
124 846 114 328
120 892 114 328
149 1082 138 325
139 1010 130 326
144 991 122 327
142 1070 122 327
140 993 130 326
123 856 114 328
143 1029 122 327
158 1138 146 324
155 1145 146 324
132 885 114 328
126 908 122 333
120 933 114 328
149 1084 138 325
141 1043 130 326
144 994 130 326
145 1088 122 327
146 1054 122 327
127 911 114 328
153 1012 122 327
150 1021 122 327
143 998 130 326
153 1012 122 327
162 1140 146 324
156 1176 146 324
132 917 130 328
129 954 114 328
128 942 122 335
127 1052 114 328
132 918 122 333
142 1053 130 326
149 1108 138 325
148 1023 130 326
154 1070 122 327
158 1088 138 325
133 950 122 328
159 1173 146 324
144 1040 130 326
146 1079 122 327
146 1026 130 326
147 1072 122 327
160 1203 146 324
138 959 114 328
132 930 122 333
135 969 114 328
156 1142 138 325
150 1025 130 326
157 1127 138 325
142 1069 130 326
146 1088 122 327
146 1033 146 326
149 1077 122 327
146 1042 130 326
136 966 114 328
136 966 114 328
136 966 114 328
136 966 114 328
167 1204 146 324
165 1243 146 324
142 974 114 328
136 935 122 333
135 1004 114 334
157 1136 138 325
139 979 122 330
144 1087 130 326
153 1038 130 326
153 1105 122 327
136 1005 114 328
138 996 114 328
146 1113 122 327
147 1049 130 326
166 1219 146 324
150 1046 130 327
149 1108 122 327
149 1108 122 327
167 1208 146 324
143 986 114 328
140 949 122 333
140 1010 114 328
159 1137 138 325
157 1146 122 327
150 1068 130 326
145 1111 130 326
147 1079 130 326
149 1070 130 326
170 1219 146 324
164 1228 138 325
146 1011 122 330
144 1044 114 328
141 1013 130 332
140 1047 122 330
149 1074 130 326
165 1170 138 325
147 1099 130 326
142 1017 138 328
142 1042 132 328
169 1189 138 325
166 1231 138 325
148 1023 146 330
143 1018 138 331
142 1061 122 333
145 1095 122 329
150 1074 130 326
149 1048 130 328
149 1089 130 326
145 1052 130 328
148 1076 122 329
162 1173 122 333
150 1078 130 326
148 1076 122 339
148 1042 146 330
146 1096 138 331
148 1053 138 331
155 1065 146 330
151 1088 130 326
150 1133 130 326
156 1117 146 326
155 1089 140 327
154 1120 130 326
152 1100 130 328
153 1116 146 327
159 1121 130 326
158 1105 130 332
156 1184 146 326
153 1128 137 328
158 1117 146 329
157 1166 132 328
157 1138 146 326
163 1149 138 331
162 1142 146 326
157 1151 146 326
168 1292 138 331
160 1175 146 326
168 1197 146 326
146 1014 146 324
146 1014 146 324
146 1014 146 324
146 1014 146 324
75 637 73 353
73 746 60 360
67 760 61 361
65 682 63 355
130 885 130 326
122 832 122 327
138 943 138 325
138 943 138 325
106 761 106 329
146 1014 146 324
98 740 98 330
92 709 92 333
114 795 114 328
68 764 62 358
130 885 130 326
84 677 84 336
106 761 106 329
90 728 90 332
138 943 138 325
78 673 78 338
90 733 90 331
84 698 84 334
104 734 98 330
84 698 84 334
78 676 78 337
146 1014 146 324
130 885 130 326
122 832 122 327
114 795 114 328
114 795 114 328
122 832 122 327
114 795 114 328
72 682 72 342
146 1014 146 324
138 943 138 325
130 885 130 326
122 832 122 327
114 795 114 328
80 672 78 337
104 734 98 330
98 740 98 330
76 638 66 353
66 672 63 357
77 654 73 343
75 660 67 343
65 695 63 354
73 746 60 360
69 647 67 351
77 656 67 343
90 733 90 331
69 670 62 354
68 706 66 344
66 693 63 348
91 725 90 332
70 651 65 347
68 764 62 358
68 712 65 347
74 675 62 353
70 679 66 345
70 742 67 343
67 687 66 345
72 692 72 340
68 759 61 361
92 709 92 333
70 642 64 350
65 700 63 349
90 728 90 332
75 663 66 344
70 650 63 348
66 684 66 346
68 759 61 361
68 712 65 347
75 640 73 350
69 681 66 346
66 686 63 349
84 677 84 336
78 671 78 339
78 671 78 339
73 678 72 341
73 678 72 341
72 692 72 340
72 682 72 342
70 648 63 351
66 672 63 357
70 642 64 350
146 1014 146 324
130 885 130 326
122 832 122 327
122 832 122 327
114 795 114 328
114 795 114 328
106 761 106 329
98 740 98 330
92 709 92 333
84 682 84 335
84 682 84 335
78 673 78 338
73 746 60 360
65 682 63 355
104 734 98 330
80 672 78 337
91 725 90 332
77 654 73 343
73 666 67 343
71 703 67 343
72 699 67 343
71 645 65 347
69 658 63 351
66 685 63 354
78 676 78 337
76 638 66 353
75 663 66 344
75 637 73 353
74 675 62 353
76 644 66 344
70 679 66 345
67 691 63 348
75 637 73 353
73 666 67 343
67 687 66 345
71 703 67 343
69 707 65 347
98 740 98 330
77 656 67 343
76 662 72 341
76 644 66 344
75 660 67 343
75 640 73 350
70 648 63 351
70 642 64 350
69 658 63 351
69 647 67 351
65 695 63 354
106 761 106 329
78 673 78 338
76 662 72 341
71 645 65 347
70 651 65 347
69 681 66 346
69 670 62 354
68 706 66 344
67 760 61 361
146 1014 146 324
146 1014 146 324
146 1014 146 324
146 1014 146 324
146 1014 146 324
146 1014 146 324
146 1014 146 324
146 1014 146 324
146 1014 146 324
146 1014 146 324
146 1014 146 324
146 1014 146 324
146 1014 146 324
146 1014 146 324
146 1014 146 324
146 1014 146 324
146 1014 146 324
146 1014 146 324
146 1014 146 324
146 1014 146 324
146 1014 146 324
146 1014 146 324
146 1014 146 324
146 1014 146 324
146 1014 146 324
146 1014 146 324
146 1014 146 324
146 1014 146 324
146 1014 146 324
146 1014 146 324
146 1014 146 324
146 1014 146 324
146 1014 146 324
146 1014 146 324
146 1014 146 324
146 1014 146 324
138 943 138 325
138 943 138 325
138 943 138 325
138 943 138 325
138 943 138 325
138 943 138 325
138 943 138 325
138 943 138 325
138 943 138 325
138 943 138 325
130 885 130 326
130 885 130 326
130 885 130 326
130 885 130 326
130 885 130 326
130 885 130 326
130 885 130 326
130 885 130 326
130 885 130 326
130 885 130 326
130 885 130 326
130 885 130 326
122 832 122 327
122 832 122 327
122 832 122 327
122 832 122 327
122 832 122 327
114 795 114 328
114 795 114 328
114 795 114 328
114 795 114 328
114 795 114 328
114 795 114 328
106 761 106 329
106 761 106 329
106 761 106 329
106 761 106 329
106 761 106 329
106 761 106 329
106 761 106 329
104 734 98 330
104 734 98 330
104 734 98 330
98 740 98 330
90 728 90 332
76 638 66 353
146 1017 146 324
104 735 98 330
98 746 98 330
138 945 138 325
114 798 114 328
106 772 106 329
130 888 130 326
122 858 122 327
129 847 129 327
147 1018 146 324
146 1020 146 324
100 755 98 336
102 803 98 331
114 799 114 328
106 773 106 329
124 862 122 327
138 950 138 325
139 947 138 325
130 890 130 326
122 886 122 327
131 889 130 326
105 765 98 330
146 1020 146 324
154 1018 146 324
146 1022 146 324
140 1030 138 325
107 782 106 329
105 798 98 330
128 874 122 327
114 801 114 328
122 919 122 327
130 952 130 326
137 906 130 326
145 985 145 325
141 996 138 325
115 799 114 328
132 909 130 326
155 1023 146 324
146 1026 146 324
141 1029 138 325
116 900 98 330
114 793 106 329
109 869 106 329
109 805 106 335
115 909 98 330
133 909 130 326
125 961 122 327
114 803 114 328
112 817 106 329
147 997 138 325
130 990 130 326
130 898 122 327
128 945 122 327
147 1024 146 324
144 1024 138 325
129 902 122 327
130 898 122 327
149 1036 146 324
146 1047 146 324
141 1048 138 325
117 927 98 330
114 801 114 334
112 826 106 329
129 908 122 327
148 1008 138 325
137 917 130 326
133 924 130 326
114 820 114 328
145 1024 138 325
117 804 114 328
115 814 114 328
147 1037 146 324
147 1037 146 324
150 1029 138 325
149 1040 146 324
146 1048 146 324
144 1050 138 325
118 825 114 328
114 830 106 329
114 827 114 328
133 933 130 326
132 918 122 327
129 924 122 327
139 930 130 326
144 1050 138 325
145 1034 138 325
153 1041 146 324
146 1083 146 324
137 941 106 329
129 973 106 329
123 833 114 328
114 865 114 328
134 937 130 326
132 979 122 327
144 1065 138 325
134 918 122 327
148 1055 138 325
119 836 114 328
133 954 122 327
147 1052 146 324
155 1043 146 324
147 1053 146 324
145 1069 138 325
131 991 108 331
129 844 114 328
117 870 114 328
139 945 122 327
137 955 130 326
132 1037 122 327
134 1039 130 326
128 860 114 328
147 1065 138 325
147 1065 138 325
133 959 130 327
135 961 130 326
155 1050 146 324
148 1105 146 324
130 882 114 328
128 893 114 331
121 932 114 328
121 896 114 334
122 902 116 330
147 1066 138 325
136 1016 130 326
145 1013 122 327
140 959 130 326
143 1039 122 327
128 916 114 328
137 964 130 326
146 960 122 327
149 1056 146 324
126 930 114 328
146 1075 146 325
136 1078 122 327
138 1047 122 327
139 961 130 326
136 1078 122 327
158 1076 146 324
149 1092 146 324
140 922 114 328
130 909 114 334
126 924 116 330
148 1068 138 325
137 1014 130 326
132 961 130 328
145 1017 122 327
140 1076 122 327
133 923 122 330
142 984 130 326
133 927 114 328
148 995 122 327
130 987 114 328
139 971 130 327
139 992 130 326
155 1103 146 324
152 1174 146 324
136 966 114 328
136 937 130 329
133 1002 114 328
149 1068 138 325
153 1010 122 327
148 1069 138 325
142 1106 122 327
138 945 138 328
139 1010 130 326
145 1026 122 327
142 989 130 326
143 984 130 326
153 1110 146 324
152 1019 122 327
149 1068 138 325
143 956 130 328
154 1105 146 324
156 1106 146 324
149 973 114 334
139 972 122 333
135 1031 114 328
149 1080 138 325
145 1057 122 327
143 994 130 326
139 1052 130 326
136 995 114 328
140 1012 130 326
153 1012 122 327
153 1012 122 327
168 1113 146 324
156 1150 146 324
145 995 130 326
141 999 114 330
138 1160 122 333
149 1087 146 325
150 1116 138 325
160 1043 114 328
154 1023 122 327
143 1000 137 328
139 1058 130 326
162 1146 146 324
145 1073 122 327
140 1017 130 326
157 1147 146 324
145 1073 122 327
165 1123 138 325
157 1156 146 324
155 1167 138 325
146 1029 114 334
145 1015 138 328
139 1066 130 326
154 1078 114 331
163 1155 146 324
149 1099 146 325
154 1049 122 327
149 1084 122 327
141 1030 130 329
151 1081 122 333
147 1018 130 326
149 1015 130 326
146 1037 130 326
140 1046 130 326
164 1218 146 324
157 1083 122 327
147 1021 130 328
142 1031 132 330
159 1169 138 325
150 1086 122 327
143 1076 130 326
147 1026 130 326
142 1083 130 326
162 1171 138 325
151 1103 122 333
148 1023 146 330
147 1028 130 326
162 1157 122 327
163 1186 138 325
158 1030 138 331
150 1038 130 326
147 1042 130 326
166 1272 138 325
158 1061 130 326
150 1087 146 326
147 1045 138 331
147 1159 130 326
148 1097 130 328
149 1093 130 326
151 1099 130 326
150 1146 130 326
150 1096 146 326
149 1115 138 327
158 1117 130 326
156 1119 130 332
153 1098 146 327
151 1132 130 326
153 1099 138 328
155 1107 138 327
159 1125 130 326
158 1121 146 326
154 1123 138 331
151 1157 130 326
158 1123 138 327
157 1133 130 326
158 1138 146 326
157 1152 130 328
157 1141 138 333
155 1158 130 326
161 1160 130 326
159 1173 146 326
163 1183 130 326
162 1254 138 327
162 1190 146 326
