2 0.122961
136 1622 100 381
132 1537 109 370
113 1468 73 423
102 1140 80 389
100 1235 81 423
96 1175 95 403
128 1607 88 386
103 1270 79 411
106 1328 77 418
101 1150 80 395
110 1323 107 385
127 1389 78 390
122 1388 75 416
132 1428 99 382
118 1424 100 388
129 1536 101 382
111 1466 75 422
129 1536 101 382
122 1462 80 387
113 1468 73 423
123 1413 106 388
123 1413 106 388
110 1423 77 417
123 1413 106 388
113 1468 73 423
122 1462 80 387
113 1468 73 423
129 1536 101 382
129 1536 101 382
129 1536 101 382
123 1413 106 388
123 1413 106 388
113 1468 73 423
113 1468 73 423
113 1468 73 423
113 1468 73 423
113 1468 73 423
113 1468 73 423
132 1544 101 382
130 1559 130 382
113 1468 73 429
102 1160 80 389
101 1315 88 417
129 1457 79 390
111 1331 79 416
123 1420 106 388
102 1160 80 389
113 1473 73 423
110 1326 107 385
110 1395 77 423
110 1326 107 385
130 1416 79 390
110 1326 107 385
136 1494 79 390
132 1682 81 389
132 1550 101 382
113 1474 73 423
110 1341 107 385
109 1167 81 392
106 1408 81 428
104 1251 101 420
124 1426 106 388
108 1335 93 411
108 1375 100 400
107 1285 96 407
113 1377 79 419
119 1248 102 391
105 1241 96 426
120 1320 80 395
108 1264 103 409
112 1343 95 389
136 1494 79 390
110 1296 104 389
108 1330 94 421
120 1320 80 395
110 1415 77 423
109 1321 80 425
110 1415 77 423
110 1415 77 423
110 1415 77 423
120 1320 80 395
136 1494 79 390
136 1494 79 390
120 1320 80 395
110 1415 77 423
110 1415 77 423
151 1894 89 390
132 1560 101 382
129 1423 114 387
114 1481 73 423
105 1248 96 426
148 1692 79 404
134 1367 102 389
120 1491 107 385
123 1359 80 395
127 1451 106 388
114 1305 84 416
115 1494 89 401
130 1368 110 394
120 1403 88 400
116 1337 86 402
112 1381 93 393
110 1295 96 407
110 1416 77 423
108 1264 103 412
111 1323 94 418
125 1482 81 393
108 1332 98 412
116 1450 104 389
111 1248 82 420
113 1254 88 403
110 1284 98 415
109 1272 103 410
124 1416 100 391
110 1343 100 406
109 1399 109 394
111 1380 95 405
121 1429 82 404
112 1352 100 405
116 1379 109 389
110 1271 88 423
114 1443 82 404
125 1358 82 419
112 1336 90 410
112 1336 90 410
112 1371 102 404
110 1416 77 423
109 1288 104 405
108 1332 98 412
109 1288 104 405
108 1332 98 412
152 1908 89 390
133 1588 101 382
125 1476 123 390
116 1503 73 423
110 1347 88 440
105 1252 96 426
105 1252 96 426
152 1709 79 404
136 1433 110 394
129 1452 114 387
152 1908 89 390
118 1423 79 429
110 1347 88 440
124 1416 82 414
112 1344 90 410
113 1460 77 423
120 1459 80 425
113 1415 95 405
125 1549 82 411
116 1440 116 393
109 1347 98 412
112 1400 108 396
126 1507 81 393
124 1468 100 391
125 1570 104 389
118 1295 111 409
113 1319 83 427
128 1462 84 406
110 1332 99 419
121 1455 82 419
125 1485 89 401
105 1252 96 426
128 1482 106 388
114 1457 87 404
115 1282 101 420
116 1339 86 402
117 1391 106 401
111 1303 111 409
115 1294 83 421
126 1481 96 398
118 1447 104 395
125 1494 107 388
114 1387 102 404
112 1358 88 426
126 1413 98 401
127 1479 86 401
116 1434 116 394
114 1277 104 420
118 1473 102 397
125 1581 84 408
113 1338 96 413
117 1369 82 422
115 1338 88 420
113 1407 82 422
110 1429 98 408
110 1332 99 419
118 1495 96 393
115 1337 96 407
112 1318 103 409
113 1432 89 403
112 1318 103 409
110 1332 99 419
116 1440 116 393
118 1295 111 409
111 1424 102 408
117 1369 82 422
112 1318 103 409
116 1440 116 393
110 1347 88 440
113 1338 96 413
117 1369 82 422
116 1499 89 401
116 1440 116 393
126 1413 98 401
152 1908 89 390
152 1908 89 390
126 1413 98 401
118 1295 111 409
117 1369 82 422
117 1369 82 422
113 1338 96 413
112 1318 103 409
110 1347 88 440
110 1347 88 440
105 1252 96 426
105 1252 96 426
156 1765 79 404
152 1912 89 390
139 1636 101 382
117 1329 88 434
116 1504 73 425
116 1453 116 393
105 1256 96 426
132 1625 114 387
117 1474 77 431
113 1444 95 405
116 1542 85 423
124 1587 83 414
109 1364 109 416
110 1429 98 410
123 1524 115 395
130 1518 106 388
129 1413 83 423
114 1496 80 426
119 1486 103 400
120 1337 111 412
109 1372 100 412
117 1507 73 423
156 1493 102 400
112 1346 90 410
117 1428 110 399
112 1346 90 410
125 1499 107 391
116 1348 86 402
120 1337 111 412
127 1478 109 400
119 1486 109 397
119 1486 109 397
116 1348 86 402
119 1486 109 397
126 1520 81 393
125 1499 107 391
126 1520 81 393
126 1520 81 393
127 1478 109 400
116 1348 86 402
126 1520 81 393
125 1499 107 391
127 1478 109 400
126 1520 81 393
126 1520 81 393
126 1520 81 393
125 1499 107 391
120 1337 111 412
119 1486 109 397
119 1486 109 397
116 1348 86 402
112 1346 90 410
172 1948 85 401
157 1978 89 390
143 1728 101 382
131 1531 75 441
123 1309 96 440
122 1580 73 423
119 1488 116 394
109 1404 109 416
161 1819 79 412
172 1948 85 401
142 1787 86 396
150 1549 87 401
142 1695 115 390
115 1339 104 434
128 1557 76 430
133 1625 94 397
136 1463 110 399
125 1342 114 418
124 1544 106 401
134 1587 110 391
126 1568 108 392
128 1346 95 428
136 1511 83 425
112 1416 103 418
118 1459 90 423
143 1696 90 395
115 1437 93 417
115 1393 92 425
136 1539 76 435
113 1423 101 419
115 1374 101 414
134 1460 87 437
117 1366 101 420
115 1402 98 412
158 1961 89 390
129 1551 83 407
126 1469 89 408
129 1385 96 411
116 1453 102 405
134 1655 89 398
142 1650 89 400
116 1349 116 404
128 1537 81 421
122 1354 103 407
117 1440 96 406
121 1370 88 434
123 1498 80 434
120 1505 87 402
127 1575 102 397
131 1533 81 416
126 1529 90 398
125 1493 95 403
119 1404 89 420
136 1539 76 435
119 1490 116 393
120 1498 95 412
126 1537 115 396
122 1461 88 422
119 1389 102 412
132 1538 97 394
132 1538 97 394
126 1390 96 406
116 1371 96 422
123 1388 89 420
132 1538 97 394
122 1388 90 412
172 1948 85 401
136 1539 76 435
175 2273 83 407
174 1890 107 387
143 1562 76 443
130 1518 122 403
118 1370 111 422
114 1444 112 430
172 1981 85 401
164 1950 80 427
153 1866 116 391
147 1751 87 404
129 1706 81 426
119 1409 108 432
135 1606 113 395
141 1790 84 415
119 1519 94 435
145 1580 110 394
136 1663 110 396
133 1620 122 392
122 1438 98 412
142 1858 95 401
139 1525 84 425
121 1522 91 418
125 1523 104 405
121 1479 90 420
123 1470 96 410
150 1649 81 438
130 1548 115 397
118 1466 118 410
134 1565 82 428
148 1789 81 418
125 1392 96 438
118 1427 102 430
120 1472 112 411
134 1617 100 398
138 1525 89 435
127 1561 110 398
131 1560 106 401
122 1553 87 408
125 1416 89 437
129 1523 101 402
126 1439 90 414
132 1418 95 421
129 1421 107 412
122 1426 109 415
135 1648 96 397
130 1534 88 431
148 1860 111 392
134 1529 117 396
131 1506 109 403
123 1449 117 405
140 1498 110 400
121 1564 88 431
148 1789 81 418
125 1558 88 404
131 1422 96 413
118 1464 118 421
126 1498 96 405
138 1471 112 400
137 1582 82 421
129 1541 116 394
129 1583 109 397
135 1618 82 422
125 1392 96 438
125 1429 107 407
125 1541 89 403
129 1583 109 397
133 1620 122 392
131 1562 84 427
133 1620 122 392
148 1789 81 418
129 1583 109 397
163 1895 82 441
150 1801 140 394
122 1411 110 458
121 1504 114 411
155 1787 125 394
139 1777 116 396
136 1639 83 441
148 1666 138 395
148 1883 112 395
141 1556 131 397
132 1685 116 397
134 1652 107 401
132 1514 132 407
128 1534 92 425
134 1519 130 410
132 1424 98 432
122 1569 105 428
129 1635 123 396
125 1414 96 438
126 1463 99 418
137 1546 89 435
124 1484 98 419
125 1544 109 404
141 1422 116 427
138 1636 87 409
123 1462 103 424
125 1442 101 426
138 1493 96 436
124 1581 97 434
130 1527 124 408
125 1572 97 422
136 1607 89 403
130 1503 94 415
123 1635 87 415
132 1523 101 411
125 1566 88 433
129 1613 102 407
124 1625 103 410
134 1608 113 403
129 1537 123 408
124 1508 98 417
127 1540 96 415
129 1634 89 410
130 1625 100 408
122 1487 94 441
154 1724 93 403
153 1853 91 408
136 1674 89 419
133 1672 131 398
127 1430 96 441
124 1649 92 430
132 1577 124 405
136 1717 111 402
131 1513 102 433
144 1749 95 413
125 1434 96 438
136 1793 107 401
146 1754 90 414
150 1798 94 404
128 1535 97 425
140 1610 96 405
130 1633 90 436
133 1545 94 423
150 1654 91 410
125 1605 97 426
137 1687 103 405
125 1618 103 422
132 1666 99 417
138 1688 109 402
136 1739 108 410
146 1753 102 404
130 1611 109 415
137 1646 96 407
133 1580 96 417
133 1621 98 416
138 1658 95 415
162 1853 92 419
151 1856 94 411
139 1694 124 417
136 1741 116 410
127 1480 99 451
133 1600 97 438
135 1651 95 431
148 1716 109 414
153 1626 104 412
136 1734 112 412
151 1683 103 434
150 1885 121 413
148 1766 82 394
127 1523 74 432
122 1334 122 369
106 1299 82 433
105 1150 90 418
94 1185 93 393
148 1766 82 394
103 1290 102 375
123 1614 74 427
103 1192 102 377
115 1449 94 380
119 1550 80 399
110 1379 78 408
109 1316 90 410
112 1342 96 392
112 1389 87 393
106 1173 102 402
102 1285 102 382
111 1357 94 386
110 1250 88 400
116 1366 88 390
122 1487 86 391
119 1373 75 419
120 1453 84 396
103 1350 91 400
114 1297 81 397
108 1184 93 398
112 1274 81 398
107 1349 84 422
111 1372 76 418
120 1369 75 410
104 1343 84 423
104 1370 86 422
102 1285 102 382
116 1311 79 410
105 1309 86 426
105 1309 86 426
122 1475 86 394
148 1766 82 394
116 1366 88 390
122 1475 86 394
148 1766 82 394
148 1766 82 394
105 1309 86 426
105 1309 86 426
105 1309 86 426
102 1285 102 382
143 1658 83 398
138 1707 101 382
122 1387 75 413
119 1539 75 427
110 1181 102 402
108 1223 107 395
107 1230 102 377
102 1348 101 417
126 1557 86 393
143 1658 83 398
112 1267 92 423
119 1482 78 412
132 1416 86 397
116 1486 95 389
122 1353 85 423
133 1500 86 394
111 1381 76 418
110 1181 102 402
112 1339 87 408
112 1433 100 399
110 1281 88 405
112 1385 82 404
111 1282 95 404
117 1360 97 398
114 1453 93 400
103 1217 95 410
116 1376 88 390
112 1211 93 406
125 1548 86 394
115 1468 98 396
105 1190 99 403
108 1242 99 401
117 1228 93 403
107 1230 102 377
115 1552 98 395
105 1190 99 403
107 1230 102 377
108 1406 94 408
126 1475 86 396
108 1242 99 401
108 1406 94 408
108 1406 94 408
107 1230 102 377
108 1242 99 401
107 1230 102 377
107 1230 102 377
107 1230 102 377
107 1230 102 377
107 1230 102 377
143 1688 83 400
122 1394 75 413
107 1232 102 377
106 1280 106 423
105 1348 95 435
103 1352 95 417
129 1608 84 411
117 1432 93 400
128 1505 80 412
119 1528 81 414
123 1270 93 405
112 1336 91 432
108 1243 99 401
104 1322 103 428
118 1387 88 390
116 1413 79 421
127 1576 86 394
117 1301 97 407
107 1326 100 415
116 1554 94 402
120 1553 75 427
113 1368 88 418
106 1333 104 412
129 1608 84 411
127 1576 86 394
115 1552 98 396
114 1359 96 409
113 1393 90 408
115 1552 98 396
105 1348 95 435
111 1345 90 410
120 1553 75 427
118 1387 88 390
114 1380 96 407
110 1347 96 418
110 1389 98 410
122 1394 75 413
112 1383 83 424
125 1283 90 422
125 1283 90 422
106 1280 106 423
113 1289 90 416
117 1416 87 408
112 1409 87 413
116 1384 94 407
112 1383 83 424
117 1416 87 408
105 1348 95 435
116 1332 90 410
118 1387 88 390
113 1289 90 416
122 1394 75 413
127 1576 86 394
122 1394 75 413
117 1416 87 408
113 1383 83 418
106 1280 106 423
106 1280 106 423
112 1383 83 424
129 1608 84 411
129 1608 84 411
127 1576 86 394
127 1576 86 394
122 1394 75 413
122 1394 75 413
122 1394 75 413
122 1394 75 413
112 1383 83 424
106 1280 106 423
154 1802 86 407
122 1603 75 427
121 1496 82 442
117 1234 102 402
113 1251 102 377
112 1269 106 400
104 1364 95 417
139 1469 85 417
108 1377 102 388
133 1656 84 411
123 1566 77 423
120 1411 88 390
137 1654 80 412
136 1585 87 399
109 1279 102 377
108 1337 104 409
104 1322 103 430
129 1507 81 415
128 1631 76 422
110 1270 99 401
113 1317 90 431
132 1495 76 420
115 1311 92 423
118 1309 98 412
116 1477 86 418
134 1608 84 411
117 1340 97 407
118 1520 87 414
127 1590 87 407
116 1333 96 411
114 1419 89 421
109 1276 99 408
114 1458 84 426
121 1399 83 424
120 1392 89 420
113 1317 90 431
123 1428 81 420
120 1521 82 427
120 1521 82 427
113 1319 90 416
117 1433 93 400
117 1433 93 400
111 1351 90 410
104 1364 95 417
111 1345 90 416
119 1324 97 407
117 1433 93 400
120 1426 83 420
119 1421 83 425
127 1590 87 407
119 1324 97 407
114 1458 86 423
121 1397 95 407
111 1351 90 410
119 1324 97 407
120 1521 82 427
133 1656 84 411
133 1656 84 411
133 1656 84 411
133 1656 84 411
133 1656 84 411
133 1656 84 411
127 1590 87 407
120 1521 82 427
119 1324 97 407
117 1433 93 400
114 1458 86 423
114 1458 86 423
113 1317 90 431
111 1351 90 410
111 1351 90 410
164 1799 90 398
127 1661 75 427
122 1544 82 437
122 1256 103 403
116 1308 102 377
111 1289 110 400
105 1365 97 435
146 1616 80 423
137 1753 79 421
113 1393 108 383
127 1661 75 427
106 1364 106 423
129 1546 92 391
123 1604 100 396
109 1334 102 386
125 1595 95 394
133 1662 84 411
111 1357 90 410
131 1705 86 418
141 1586 82 422
135 1568 82 430
108 1367 104 411
120 1427 87 432
120 1530 98 407
112 1396 99 406
118 1391 99 404
108 1369 95 435
127 1598 87 413
116 1287 99 406
123 1514 86 419
131 1570 89 400
125 1473 83 434
122 1415 88 418
140 1699 80 412
141 1460 84 420
125 1319 94 425
113 1321 90 416
109 1281 99 408
132 1552 86 417
129 1449 84 429
125 1484 88 408
126 1582 92 399
130 1512 83 425
105 1365 97 435
138 1389 99 403
124 1439 84 433
109 1334 102 386
139 1547 80 425
128 1547 88 402
121 1598 84 425
138 1596 85 417
125 1319 94 425
128 1365 98 409
124 1507 89 409
126 1582 92 399
127 1601 83 429
124 1503 83 433
105 1365 97 435
140 1699 80 412
126 1537 90 403
126 1482 83 433
109 1334 102 386
127 1661 75 427
122 1514 85 427
124 1503 83 433
138 1603 83 422
113 1321 90 416
140 1699 80 412
127 1661 75 427
127 1661 75 427
127 1661 75 427
125 1319 94 425
124 1503 83 433
124 1503 83 433
124 1503 83 433
147 1858 101 391
128 1685 75 429
123 1305 110 410
122 1324 112 416
118 1479 95 441
117 1345 102 377
108 1378 104 411
140 1724 80 412
127 1729 98 396
111 1348 102 386
147 1616 84 420
136 1540 93 415
132 1503 86 437
123 1305 110 410
129 1614 100 403
140 1583 87 424
126 1620 93 399
133 1665 84 411
112 1421 101 419
115 1414 97 435
124 1331 94 425
131 1333 112 405
113 1365 101 417
127 1468 96 411
115 1420 96 430
131 1659 86 424
120 1368 90 416
120 1382 99 406
138 1395 99 404
128 1363 99 409
122 1527 86 437
124 1357 94 421
123 1560 88 420
129 1560 88 413
119 1392 96 423
140 1679 89 400
126 1417 96 415
115 1358 98 416
138 1395 99 404
119 1371 97 415
122 1471 88 423
117 1358 98 411
140 1679 89 400
123 1305 110 410
161 1816 90 407
143 1806 82 418
127 1455 93 439
125 1329 115 419
122 1594 115 377
118 1611 116 380
111 1440 104 422
151 1691 95 413
142 1679 101 403
139 1716 84 411
136 1733 100 405
147 1769 91 410
115 1365 113 390
145 1780 92 408
126 1539 107 385
111 1386 111 425
123 1407 113 387
139 1786 94 399
113 1350 103 414
126 1471 90 432
122 1580 104 393
135 1532 88 425
119 1484 110 399
117 1489 97 435
121 1346 102 402
130 1433 97 422
133 1602 102 390
122 1528 88 427
134 1713 91 411
120 1450 95 433
121 1496 90 429
117 1397 99 414
125 1527 109 396
125 1487 105 400
131 1561 95 418
132 1520 91 419
128 1583 90 416
118 1417 103 405
116 1379 108 411
132 1695 98 414
121 1516 96 417
135 1440 108 397
133 1540 96 412
125 1526 93 423
135 1412 98 418
126 1547 104 396
130 1538 101 413
118 1428 109 400
120 1494 96 418
120 1534 105 396
123 1431 98 422
128 1555 90 425
120 1529 91 426
166 1798 91 417
163 1858 94 413
150 1826 83 426
131 1670 116 385
130 1724 130 392
121 1352 102 404
117 1511 97 453
114 1370 106 421
146 1748 87 438
134 1494 124 396
141 1754 89 422
130 1619 88 434
148 1592 93 422
119 1530 115 407
123 1556 119 398
125 1498 90 429
146 1717 95 414
119 1428 111 415
130 1405 122 403
116 1395 103 438
129 1548 114 400
118 1453 102 428
125 1581 101 421
132 1537 110 397
133 1402 116 402
138 1659 95 425
130 1525 118 400
118 1533 107 413
138 1568 96 420
138 1675 98 414
126 1571 105 398
119 1369 105 425
134 1689 95 417
138 1614 104 393
115 1445 103 416
136 1510 97 426
135 1674 95 418
131 1573 104 399
117 1443 103 420
130 1721 98 425
129 1552 104 400
134 1534 110 397
118 1403 103 422
125 1535 97 426
167 2180 84 427
144 1776 137 391
141 1513 94 449
127 1353 106 413
118 1408 116 428
161 1936 91 423
150 1836 86 426
123 1471 117 407
140 1766 112 395
132 1563 91 435
142 1581 99 423
132 1700 97 427
129 1576 109 402
128 1437 105 419
141 1621 90 429
123 1491 102 415
128 1653 103 405
134 1518 102 408
127 1557 93 434
122 1569 108 412
122 1618 107 411
123 1380 116 408
126 1554 110 405
133 1512 110 410
124 1531 112 410
126 1432 109 414
124 1430 102 429
124 1558 109 411
182 2161 88 430
156 1946 86 431
143 1788 90 439
143 1680 113 402
129 1493 106 419
127 1590 126 410
136 1695 102 422
135 1605 99 438
141 1799 112 415
149 1664 94 430
128 1569 110 417
141 1701 105 423
137 1713 106 419
135 1706 107 430
146 1768 111 422
142 1820 113 427
136 1433 82 392
124 1407 94 371
119 1329 74 397
117 1473 107 378
114 1221 88 426
106 1158 89 380
102 1184 99 413
123 1437 75 383
136 1433 82 392
108 1301 80 417
105 1205 92 404
103 1270 95 402
106 1344 82 402
104 1180 99 413
116 1435 75 408
111 1236 83 396
104 1267 86 414
106 1317 79 405
105 1256 83 410
104 1180 99 413
111 1290 79 413
108 1265 88 397
109 1249 82 409
107 1266 81 413
103 1317 82 409
149 1858 130 374
142 1606 132 376
121 1342 74 397
114 1321 82 450
106 1189 95 410
103 1334 94 426
142 1664 91 382
113 1414 107 381
142 1606 132 376
123 1489 101 381
129 1461 75 383
129 1461 75 383
115 1371 104 386
110 1226 95 387
105 1301 99 416
106 1300 88 420
106 1248 99 392
119 1393 89 393
112 1294 93 404
109 1369 80 408
117 1337 79 413
112 1266 86 414
109 1368 79 411
111 1280 94 423
113 1320 85 411
112 1438 94 399
119 1446 88 405
121 1342 74 397
105 1315 96 405
109 1389 95 400
122 1335 89 392
105 1335 82 409
114 1309 87 411
112 1332 79 424
111 1392 88 407
113 1322 83 407
112 1369 88 407
112 1369 88 407
112 1369 88 407
109 1368 79 411
112 1369 88 407
112 1369 88 407
109 1368 79 411
129 1461 75 383
112 1369 88 407
142 1613 132 376
121 1343 74 397
117 1400 82 448
116 1244 102 399
103 1354 94 426
131 1469 75 383
142 1613 132 376
125 1539 95 388
114 1330 112 393
120 1555 89 404
109 1422 85 419
113 1426 107 381
118 1373 79 413
110 1308 108 402
108 1336 83 436
114 1440 88 407
117 1360 85 416
106 1347 102 407
112 1286 86 414
108 1403 87 411
111 1386 97 412
103 1354 94 426
117 1412 93 407
108 1305 92 429
112 1286 86 414
119 1383 83 407
122 1336 89 392
114 1314 99 399
103 1352 94 432
110 1328 88 428
116 1400 90 412
114 1350 95 390
112 1421 95 391
115 1305 102 399
103 1354 94 426
115 1379 104 386
117 1347 106 393
112 1392 102 399
113 1350 99 399
118 1338 94 413
111 1321 88 429
108 1336 83 436
108 1343 83 430
113 1380 103 388
122 1323 108 392
115 1346 94 405
110 1404 95 400
117 1347 106 393
116 1419 88 407
110 1317 89 427
115 1379 104 386
108 1336 83 436
115 1379 104 386
113 1380 103 388
113 1374 103 392
122 1323 108 392
113 1380 103 388
103 1354 94 426
108 1336 83 436
112 1380 95 400
103 1354 94 426
111 1377 85 413
111 1377 85 413
115 1379 104 386
142 1613 132 376
111 1377 85 413
103 1354 94 426
103 1354 94 426
171 1913 91 387
148 1691 132 376
121 1346 74 397
114 1293 101 425
108 1342 83 436
103 1360 94 426
136 1741 92 383
131 1575 87 388
113 1347 113 408
124 1492 95 394
130 1644 97 393
111 1427 111 411
120 1458 79 416
135 1399 96 396
117 1320 99 402
115 1346 93 420
114 1376 92 429
111 1464 102 425
120 1453 107 381
116 1385 85 413
117 1332 86 414
128 1413 101 391
119 1447 96 405
117 1421 104 386
118 1416 81 425
114 1342 108 405
124 1380 106 393
121 1381 106 393
113 1431 103 406
113 1434 88 418
114 1376 92 429
116 1299 107 399
136 1426 89 392
112 1388 102 416
115 1419 104 408
112 1401 89 419
119 1384 83 407
118 1423 100 398
120 1418 112 393
115 1419 104 408
128 1413 101 391
113 1426 107 383
136 1426 89 392
116 1317 98 416
116 1366 92 429
120 1467 97 397
118 1451 97 400
120 1467 97 397
118 1423 100 398
118 1451 97 400
128 1413 101 391
114 1402 88 425
116 1299 107 399
116 1317 98 416
113 1434 88 418
120 1467 97 397
116 1299 107 399
116 1317 98 416
113 1434 88 418
119 1384 83 407
119 1384 83 407
115 1418 88 416
113 1426 107 383
136 1426 89 392
119 1384 83 407
118 1451 97 400
118 1451 97 400
118 1423 100 398
118 1423 100 398
114 1376 92 429
153 1879 118 382
151 1874 130 381
121 1349 74 397
117 1310 110 406
114 1426 90 432
107 1361 94 426
127 1622 116 386
150 1784 93 391
151 1874 130 381
152 1761 90 394
135 1606 103 393
142 1783 96 390
131 1579 96 395
141 1555 97 396
126 1495 104 388
119 1404 83 407
117 1457 89 418
114 1409 109 405
115 1417 91 420
119 1339 109 405
116 1334 98 416
121 1349 74 397
120 1390 86 414
123 1346 86 413
116 1368 116 412
138 1465 109 396
117 1443 100 412
116 1491 90 423
125 1517 110 387
125 1335 109 402
153 1879 118 382
117 1337 94 428
121 1510 115 396
119 1472 81 427
119 1492 103 400
118 1403 110 399
119 1490 96 405
119 1397 92 427
116 1466 97 415
119 1472 81 427
118 1505 91 413
118 1345 103 414
119 1472 81 427
121 1349 74 397
153 1879 118 382
151 1874 130 381
121 1349 74 397
121 1349 74 397
159 1856 90 394
156 2015 152 385
136 1677 74 412
120 1410 91 449
119 1346 107 417
109 1385 101 429
156 2015 152 385
142 1658 103 393
131 1551 123 387
131 1727 81 404
116 1396 95 438
124 1368 89 436
135 1625 76 424
114 1411 109 405
139 1585 76 398
140 1687 96 395
125 1416 114 404
118 1402 101 422
132 1552 104 389
117 1489 97 415
129 1599 84 400
121 1499 91 401
126 1540 120 396
131 1638 119 386
128 1588 116 388
119 1451 88 426
121 1358 95 419
120 1504 100 407
130 1423 108 400
124 1387 111 405
124 1463 93 398
120 1523 85 409
120 1470 83 410
123 1356 117 399
134 1653 96 396
122 1407 87 438
132 1552 104 389
140 1436 82 416
128 1413 95 409
132 1431 106 399
121 1475 80 412
134 1355 96 415
121 1424 121 399
119 1378 102 418
119 1542 95 411
123 1514 85 397
120 1445 87 408
124 1391 76 427
121 1406 97 406
119 1417 102 413
124 1441 82 414
119 1348 103 414
131 1391 88 405
120 1418 83 412
124 1407 120 397
121 1476 97 397
122 1464 101 400
120 1507 96 405
123 1379 88 411
125 1448 88 405
121 1475 80 412
131 1449 85 400
120 1507 96 405
124 1407 120 397
122 1433 102 404
119 1465 96 411
124 1407 120 397
119 1465 96 411
156 2015 152 385
132 1552 104 389
121 1475 80 412
119 1465 96 411
148 1758 108 394
140 1686 131 386
135 1600 76 430
122 1438 84 437
122 1377 110 431
111 1402 101 431
145 1710 104 395
127 1584 127 396
138 1661 76 424
130 1607 116 388
132 1471 117 402
127 1418 90 421
120 1449 87 431
118 1419 103 424
122 1527 96 405
121 1480 80 412
141 1695 100 396
124 1429 94 424
134 1557 109 395
136 1484 104 406
140 1686 131 386
122 1380 114 416
130 1427 99 411
137 1545 88 399
131 1506 88 408
141 1681 80 399
128 1433 95 416
127 1501 83 411
132 1519 108 400
128 1607 85 410
130 1664 84 400
120 1487 113 412
125 1602 100 398
118 1502 111 407
124 1386 95 424
130 1571 86 400
122 1488 117 402
121 1449 90 412
122 1439 102 410
127 1523 94 397
123 1493 109 401
125 1498 116 398
127 1509 111 399
125 1472 116 401
123 1493 102 402
124 1506 94 401
123 1580 88 407
140 1686 131 386
149 1762 116 392
145 1734 122 394
141 1683 80 399
128 1454 87 448
113 1448 103 442
121 1523 97 415
130 1707 83 413
122 1466 91 441
130 1516 105 408
143 1509 109 410
136 1686 84 400
145 1470 114 413
128 1651 103 403
130 1677 110 401
139 1614 83 422
125 1453 93 436
138 1631 85 411
130 1555 81 428
133 1600 86 403
125 1492 84 445
124 1482 88 420
131 1583 94 410
135 1636 84 419
131 1568 97 397
127 1477 99 416
135 1490 80 429
130 1531 82 432
126 1474 98 417
144 1596 91 403
124 1533 96 406
139 1609 94 402
122 1504 85 433
132 1534 102 398
128 1542 89 411
122 1512 83 427
122 1486 92 412
130 1669 97 403
131 1489 83 435
131 1542 95 404
127 1453 102 417
124 1484 101 417
122 1538 96 410
139 1614 83 422
157 1882 137 393
143 1693 80 399
130 1513 86 446
127 1484 102 426
123 1555 104 416
140 1802 83 430
149 1740 122 396
125 1617 124 406
130 1718 89 437
125 1588 96 417
146 1650 90 403
130 1631 88 443
127 1686 114 409
133 1742 88 410
140 1486 94 414
123 1514 110 412
137 1581 101 400
133 1521 116 408
142 1551 109 403
132 1659 95 409
139 1626 102 399
131 1535 97 415
128 1549 95 412
135 1573 98 401
135 1742 87 408
126 1623 104 410
132 1574 103 407
131 1585 116 409
133 1583 94 413
135 1558 97 407
133 1544 101 404
134 1624 100 402
139 1644 94 403
131 1626 107 409
132 1578 97 411
132 1623 108 404
134 1624 100 402
134 1624 100 402
162 2024 116 400
148 1995 143 399
146 1831 86 435
135 1566 88 452
125 1609 114 418
156 1928 125 400
159 1702 87 432
156 1980 93 405
154 1727 107 401
149 2020 86 425
139 1765 103 408
144 1650 95 415
133 1631 104 410
136 1667 101 413
130 1682 104 422
128 1654 104 425
131 1643 112 411
135 1597 111 401
136 1770 89 410
142 1793 88 414
142 1782 87 420
137 1662 109 404
143 1641 108 402
138 1720 94 414
141 1656 94 403
141 1656 94 403
164 1940 100 404
157 1908 111 401
148 1813 90 410
136 1675 132 409
130 1687 104 431
139 1767 104 423
142 1738 95 416
146 1745 100 410
141 1782 96 406
140 1761 95 416
150 1864 108 409
148 1915 99 421
158 1906 125 418
