27 0.297261
89 1102 81 352
98 1026 66 356
92 1037 67 354
95 1163 80 345
86 972 73 354
84 1053 67 366
103 1248 66 348
107 1276 63 352
104 1234 63 358
95 1262 76 346
84 1053 67 366
86 972 73 354
98 1026 66 356
75 997 75 380
98 1165 95 343
105 1238 78 343
92 1037 67 354
84 1049 67 367
106 1108 95 343
88 1053 74 353
104 1245 76 346
107 1171 65 351
90 1050 73 350
89 1081 66 357
99 1067 86 345
107 1276 63 352
88 1022 72 375
110 1270 72 346
86 972 73 354
105 1245 101 340
107 1237 107 338
95 1044 79 351
90 1076 64 357
96 1111 79 344
93 1128 63 361
99 1067 86 345
93 1019 73 352
84 1049 67 367
87 978 86 349
86 972 73 354
107 1171 65 351
112 1160 72 345
98 1026 66 356
81 979 74 365
92 1037 67 354
85 1050 67 365
103 1248 66 348
92 1094 66 350
106 1041 74 344
94 1101 81 345
91 984 63 365
103 1146 85 341
109 1268 67 347
90 1067 72 347
101 1226 101 341
107 1271 63 358
104 1256 63 359
105 1289 63 358
105 1255 63 359
105 1289 63 358
107 1271 63 358
75 998 75 382
98 1201 95 343
105 1247 76 346
90 1053 80 350
89 1111 66 357
107 1282 63 352
110 1185 64 357
104 1183 80 344
102 1074 86 346
88 1102 88 349
88 1102 88 349
89 1020 88 352
90 1017 88 351
89 1020 88 352
88 1022 87 350
89 1020 88 352
88 1102 88 349
106 972 79 364
101 977 85 372
87 1053 87 364
90 1044 73 363
86 1084 86 355
92 1032 73 354
88 998 88 355
90 1044 73 363
89 1000 87 364
86 1084 86 355
89 1000 87 364
107 983 74 364
88 1038 73 364
107 983 74 364
98 1031 66 356
98 1031 66 356
98 1031 66 356
83 995 81 367
84 1067 74 366
88 1007 79 365
98 980 79 371
92 1037 67 356
87 1088 67 365
88 1081 67 365
85 1053 75 377
85 1063 67 366
85 1063 67 366
85 1063 67 366
87 1088 67 365
126 1354 66 348
105 1118 68 350
92 1099 66 353
117 1124 74 345
107 1168 74 346
117 1124 74 345
100 1127 89 346
99 1112 93 346
102 1153 95 345
98 1171 86 346
100 1163 95 345
103 1154 65 375
104 1204 65 371
103 1154 65 375
94 1008 67 368
104 1204 65 371
104 1204 65 371
105 1236 63 368
96 995 79 372
96 995 79 372
96 1036 72 366
91 1006 66 371
96 995 79 372
103 1186 95 344
104 1171 95 343
106 1241 88 342
110 1281 85 343
109 1206 101 342
106 1214 101 341
107 1165 92 344
100 1088 72 353
96 1170 72 351
93 1171 72 351
94 1082 73 348
93 1171 72 351
94 1082 73 348
96 1147 82 347
99 1152 72 347
95 1150 88 347
98 1146 72 351
91 1109 79 358
90 1089 79 360
92 1080 73 352
102 1075 72 354
99 1146 88 347
92 1118 79 350
101 1075 86 347
100 1095 86 347
100 1088 72 353
101 1126 81 347
99 1152 72 347
114 1333 63 358
106 1222 101 341
103 1169 65 375
113 1413 79 346
129 1393 66 348
98 981 79 371
83 1023 81 367
118 1338 92 343
125 1155 72 348
116 1307 63 366
106 1222 101 341
90 1057 79 365
97 1003 79 372
118 1393 88 343
