22 3.28539
110 1253 84 339
104 1308 78 340
97 1134 85 338
89 1032 63 356
84 918 79 357
83 1053 63 369
81 958 72 345
85 957 63 362
82 994 72 344
104 1308 78 340
83 985 78 342
108 1256 78 340
86 927 73 355
91 1092 63 348
84 918 79 357
81 992 66 351
98 976 63 357
88 1041 63 357
94 1032 63 354
91 1047 72 341
87 1004 64 355
87 1004 64 355
94 1106 85 339
87 963 66 353
87 1050 85 340
90 1117 85 339
83 976 66 349
88 1128 85 339
86 945 66 354
81 949 72 347
94 1044 66 346
87 963 66 353
83 965 66 351
81 932 79 352
81 992 66 351
81 992 66 351
94 1106 85 339
81 958 72 345
81 958 72 345
81 958 72 345
81 932 79 352
81 958 72 345
81 932 79 352
81 958 72 345
87 963 66 353
81 992 66 351
81 932 79 352
81 932 79 352
81 932 79 352
81 932 79 352
136 1642 65 349
107 1203 91 338
99 1147 63 352
92 1030 92 342
87 982 63 362
84 927 79 357
81 1004 66 355
136 1642 65 349
96 1115 84 341
84 1015 66 349
100 1073 72 343
91 1119 85 339
89 1021 79 344
91 1084 91 340
98 978 63 358
92 1066 76 344
103 1141 72 341
94 1093 66 347
89 956 79 348
93 1175 72 344
136 1642 65 349
88 1020 64 355
82 971 72 345
92 1076 91 340
86 928 73 355
81 933 79 352
95 1033 78 343
87 966 66 353
90 1051 63 356
94 1082 74 343
83 966 74 354
100 1054 66 346
91 1037 63 357
85 1052 85 342
82 961 79 346
95 1033 78 343
89 1030 85 343
95 1051 85 340
87 1052 78 343
92 1065 85 341
97 1157 63 354
87 1036 64 355
98 978 63 358
98 1129 63 354
81 1007 66 354
91 1119 85 339
94 1050 78 344
91 1037 63 357
86 928 73 355
94 1147 79 341
91 1119 85 339
86 1012 66 352
99 1147 63 352
97 1070 78 341
90 1017 85 343
99 1147 63 352
90 1017 85 343
83 966 74 354
83 966 74 354
94 1091 72 344
86 968 66 354
81 1007 66 354
91 1067 79 342
90 1117 85 341
81 1004 66 355
90 1017 85 343
87 1052 78 343
87 1036 64 355
136 1642 65 349
136 1642 65 349
136 1642 65 349
99 1147 63 352
99 1147 63 352
98 978 63 358
91 1119 85 339
91 1119 85 339
90 1017 85 343
90 1017 85 343
87 1052 78 343
87 1052 78 343
83 966 74 354
81 1004 66 355
81 1004 66 355
108 1228 91 338
102 1236 63 352
87 983 63 362
84 928 79 357
81 934 79 353
91 988 70 361
100 1188 66 347
94 1102 91 340
82 976 72 345
105 1149 72 341
84 975 74 354
86 972 86 346
93 1101 79 342
95 1027 64 355
106 1223 63 352
96 1138 85 339
88 1065 78 343
87 944 73 358
99 1160 83 341
94 1158 85 339
99 1160 83 341
98 978 63 359
102 1073 66 346
86 954 73 355
95 1036 85 343
100 1188 66 347
100 1188 66 347
86 1018 66 349
85 1091 85 342
86 1018 66 349
91 1064 63 359
99 1083 85 340
92 1054 79 344
107 1073 63 357
93 961 79 350
98 1131 63 354
88 999 66 353
85 1007 66 356
89 992 66 354
98 1003 63 358
85 1007 66 356
106 1223 63 352
92 972 73 350
92 1054 79 344
84 928 79 357
92 972 73 350
95 1081 63 356
108 1142 78 342
98 1131 63 354
84 928 79 357
102 1147 78 341
108 1228 91 338
94 1089 74 343
98 1003 63 358
92 974 66 353
89 937 79 352
88 991 66 355
81 1009 66 355
81 934 79 353
92 1066 85 341
91 1064 63 359
94 1089 74 343
94 1089 74 343
93 1101 79 342
92 972 73 350
84 928 79 357
93 1101 79 342
106 1223 63 352
99 1160 83 341
92 972 73 350
106 1223 63 352
93 1101 79 342
92 972 73 350
86 972 86 346
81 1009 66 355
92 1066 85 341
91 996 66 353
81 938 79 352
81 934 79 353
106 1223 63 352
86 972 72 352
108 1228 91 338
108 1228 91 338
108 1228 91 338
108 1228 91 338
108 1228 91 338
106 1223 63 352
106 1223 63 352
106 1223 63 352
106 1223 63 352
106 1223 63 352
106 1223 63 352
99 1160 83 341
99 1160 83 341
93 1101 79 342
93 1101 79 342
92 1066 85 341
92 1066 85 341
92 1066 85 341
86 1018 66 349
86 972 72 352
84 928 79 357
84 928 79 357
81 934 79 353
81 934 79 353
134 1631 66 346
120 1406 85 339
106 1229 63 352
101 1127 92 340
89 1098 63 369
84 932 79 357
81 938 79 353
90 1005 70 360
116 1321 72 342
91 1002 86 345
89 1122 63 367
110 1314 78 341
88 1010 67 355
99 1161 83 341
86 986 80 348
99 1004 63 358
93 977 69 360
86 1004 72 345
107 1219 72 343
81 938 79 353
95 991 75 351
99 1163 63 356
98 979 69 358
110 1193 63 354
103 1228 78 342
89 1074 78 343
102 1191 74 343
89 1025 66 351
108 1185 66 348
95 991 75 351
87 994 73 350
85 1004 85 346
94 1119 79 342
91 1066 63 359
87 1030 66 349
91 1066 63 359
85 1093 74 347
89 1122 63 367
93 993 73 346
96 1149 85 340
93 1082 85 341
103 1090 63 357
88 1127 85 342
94 1078 85 341
86 985 72 352
84 937 79 354
96 1149 85 340
87 998 72 348
87 1030 66 349
98 1023 63 358
87 998 72 348
102 1135 85 340
98 979 69 358
87 994 73 350
85 997 85 347
81 938 79 353
88 1127 85 342
85 1004 85 346
85 997 85 347
102 1135 85 340
89 1074 78 343
89 1074 78 343
87 998 72 348
114 1346 78 341
106 1233 63 352
101 1163 85 340
89 1121 63 369
86 989 86 350
85 938 79 358
90 1027 66 353
89 1121 63 369
105 1229 78 342
89 995 73 350
110 1227 66 348
92 1077 72 347
100 1163 83 341
99 1122 64 358
86 1037 80 348
95 1128 85 341
96 1169 79 342
102 1051 63 358
91 1069 79 345
88 1008 72 349
97 1097 78 344
94 1137 73 346
113 1214 63 356
113 1214 63 356
111 1228 63 356
113 1214 63 356
87 1037 78 347
86 1061 72 350
113 1214 63 356
92 1155 85 342
97 1126 85 341
97 1105 86 342
86 1082 73 348
100 1033 79 346
96 1099 78 343
101 1057 79 345
101 1059 63 358
98 1074 85 343
91 1150 72 345
94 1128 85 342
87 1003 72 350
90 1131 78 345
98 1112 85 342
88 1054 85 345
97 1073 72 345
87 1036 66 349
92 1121 85 344
113 1214 63 356
87 1037 78 347
86 1112 79 345
97 1105 86 342
113 1214 63 356
113 1214 63 356
113 1214 63 356
113 1214 63 356
113 1214 63 356
97 1105 86 342
89 1121 63 369
89 1121 63 369
89 1121 63 369
89 1121 63 369
89 1121 63 369
116 1181 63 358
113 1218 63 356
108 1270 83 341
101 1195 92 341
95 1008 73 357
89 1124 63 369
87 1044 78 347
112 1254 66 348
99 1103 72 345
92 1151 78 346
98 1150 72 347
104 1159 85 341
96 1125 79 343
91 1022 79 354
111 1237 63 352
87 1052 66 351
87 1031 72 350
96 1045 66 349
97 1212 85 342
102 1195 85 342
104 1197 78 343
105 1231 78 342
91 1161 78 345
105 1231 78 342
91 1050 66 353
105 1231 78 342
112 1328 64 358
98 1127 79 343
93 1061 73 366
92 1155 79 346
90 1061 79 356
90 1180 73 357
106 1143 66 349
97 1159 78 347
103 1133 72 345
92 1076 66 352
92 1097 72 350
100 1173 73 348
100 1098 66 350
91 1089 79 347
92 1133 66 351
122 1471 85 343
93 1103 66 353
92 1076 84 353
91 1173 86 358
109 1284 78 347
110 1240 72 347
104 1160 71 350
104 1148 79 344
96 1144 73 352
97 1138 66 351
103 1133 79 352
109 1220 72 348
97 1185 85 347
96 1252 72 350
97 1162 85 348
121 1463 66 353
108 1153 79 345
99 1175 86 352
98 1228 66 360
96 1118 67 357
116 1332 73 348
108 1243 67 352
105 1174 79 347
104 1188 72 351
107 1221 67 354
105 1134 72 353
117 1408 72 354
112 1207 73 351
108 1120 74 358
96 1198 67 358
100 1132 72 357
101 1204 69 361
123 1146 92 336
116 1161 63 351
102 1173 90 335
95 1223 92 336
84 882 73 366
80 955 70 376
80 897 79 348
103 1134 76 342
80 962 70 374
116 1057 63 357
84 983 70 359
89 901 67 365
80 889 73 353
108 1044 81 341
91 927 66 366
99 1008 83 343
102 1098 87 337
92 1197 90 337
109 1192 63 357
98 1015 65 356
87 1030 68 356
92 1108 84 340
89 943 72 344
101 1103 87 337
97 1082 84 338
98 1066 81 341
86 965 72 352
91 1076 85 343
88 996 86 342
80 944 79 345
108 1166 78 339
109 1192 63 357
92 948 66 348
95 1223 92 336
87 1030 68 356
89 901 67 365
88 996 86 342
93 1106 86 341
82 894 79 352
91 1058 66 349
91 927 66 366
96 1024 83 340
96 1024 83 340
85 953 78 348
87 931 85 347
85 953 78 348
82 894 79 352
87 935 63 358
84 962 71 358
91 927 66 366
84 962 71 358
97 1069 81 341
94 1047 78 342
87 931 85 347
80 955 70 376
80 955 70 376
97 1011 79 342
84 946 70 376
98 930 66 348
94 1047 78 342
85 953 78 348
86 1059 86 342
87 931 85 347
86 1059 86 342
86 1059 86 342
80 955 70 376
86 965 72 352
92 1108 84 340
84 946 70 376
80 955 70 376
109 1192 63 357
109 1192 63 357
87 931 85 347
86 1059 86 342
86 1059 86 342
86 1059 86 342
86 1059 86 342
84 946 70 376
84 946 70 376
80 955 70 376
80 955 70 376
80 955 70 376
118 1416 78 340
106 1194 97 335
100 1157 99 339
97 980 63 376
84 888 73 366
81 961 70 382
80 898 79 348
97 1249 92 338
81 961 70 382
109 1200 90 335
105 1045 65 356
96 1181 78 343
85 915 74 356
80 974 70 376
112 1213 66 348
91 916 67 369
113 1052 63 359
103 1177 90 336
96 1025 83 340
102 1100 87 337
98 1036 63 360
106 1123 84 338
101 1136 86 338
94 1176 80 343
110 1208 63 357
104 1153 84 339
97 980 63 376
96 1018 63 371
87 1051 71 365
101 1104 85 339
93 1053 66 365
97 1242 63 358
91 1061 66 349
96 1027 63 362
87 980 85 346
102 1100 87 337
100 949 63 367
88 973 72 352
90 987 80 347
95 1019 63 369
93 1088 85 343
100 959 63 363
97 1023 66 354
96 1018 63 371
91 1024 68 360
98 1017 79 342
88 973 72 352
92 1166 84 342
98 1066 78 344
89 951 70 358
98 1087 78 343
86 1070 86 342
94 963 72 349
89 957 66 368
89 946 73 357
92 972 68 360
90 1018 69 360
85 915 74 356
88 1006 86 342
91 968 69 367
95 961 70 356
84 888 73 366
89 1002 86 342
84 888 73 366
88 999 78 349
89 1002 86 342
90 987 80 347
86 1070 86 342
96 1020 66 358
89 948 73 356
88 999 78 349
98 967 72 345
87 951 85 347
98 1017 79 342
91 1024 68 360
96 1049 66 353
94 1045 66 359
103 1020 63 360
92 972 68 360
101 1049 78 342
89 951 70 358
87 951 85 347
80 898 79 348
96 1049 66 353
89 946 73 357
91 969 72 345
89 987 72 349
94 1045 66 359
80 898 79 348
94 963 72 349
91 969 72 345
98 1087 78 343
93 1053 66 365
102 1100 87 337
98 1017 79 342
97 980 63 376
97 980 63 376
96 1018 63 371
96 1018 63 371
94 963 72 349
84 888 73 366
80 898 79 348
119 1346 68 348
109 1207 90 335
102 995 63 363
100 1189 99 339
95 947 69 377
84 890 73 366
85 920 74 356
119 1346 68 348
113 1060 63 359
98 1059 83 340
98 1264 92 338
90 1035 73 362
102 1174 93 339
101 1186 97 338
105 1047 65 356
93 1105 66 371
84 989 79 349
95 1045 86 342
101 1061 78 342
107 1206 91 337
84 890 73 366
99 1017 84 343
104 1075 70 351
106 1243 92 338
91 1028 73 352
97 1021 66 367
100 1007 63 376
94 984 72 345
104 1255 92 336
96 949 69 375
99 1076 66 353
101 1049 67 358
96 1156 71 351
92 1061 72 346
92 960 70 374
102 995 63 363
94 1086 66 362
93 987 74 350
100 1189 99 339
95 947 69 377
93 1012 68 360
91 970 67 369
92 1033 69 364
101 1170 99 338
107 1147 85 339
119 1346 68 348
101 1061 78 342
94 1225 66 358
107 1147 85 339
91 970 67 369
95 1080 66 357
92 1123 70 353
92 1123 70 353
94 974 72 349
97 1248 63 358
96 1018 63 372
96 1018 63 372
97 1079 66 350
105 1216 84 339
92 960 70 374
105 1216 84 339
94 974 69 362
100 1040 63 360
102 1141 99 338
94 1225 66 358
98 981 63 377
95 1043 71 359
92 1033 69 364
101 1170 99 338
101 1049 67 358
101 1170 99 338
97 1077 70 357
97 1061 66 359
107 1147 85 339
97 1063 63 369
97 1061 66 359
97 1248 63 358
102 1141 99 338
94 1086 66 362
97 1248 63 358
93 1012 68 360
100 1189 99 339
98 981 63 377
97 1079 66 350
97 1063 63 369
99 1076 66 353
119 1346 68 348
119 1346 68 348
119 1346 68 348
107 1147 85 339
107 1147 85 339
102 995 63 363
102 995 63 363
101 1061 78 342
100 1189 99 339
96 1018 63 372
92 1123 70 353
92 1033 69 364
123 1432 63 360
113 1239 90 335
106 1001 63 376
103 1187 99 338
86 926 74 356
85 1015 76 362
103 1271 92 338
92 992 73 366
86 926 74 356
102 1059 63 367
119 1249 72 345
114 1146 64 359
103 1242 94 342
97 1112 70 358
96 1020 79 353
107 1270 84 339
100 1191 99 339
103 1137 78 343
105 1049 65 356
108 1123 66 350
109 1011 63 366
99 1027 72 357
113 1239 90 335
105 1225 73 345
104 1086 72 346
109 1151 85 339
96 1051 74 348
95 1009 73 354
101 1163 68 357
109 1151 85 339
96 1093 66 366
97 1211 78 346
93 1020 69 362
99 1176 93 347
101 1064 67 360
100 1121 69 351
99 1266 67 353
100 1090 73 352
107 1127 84 345
85 1015 76 362
95 1060 85 353
100 1072 63 366
97 1248 63 361
85 1015 76 362
100 1175 72 347
103 1159 63 361
107 1152 85 339
100 1191 99 339
105 1081 63 361
97 1248 63 361
113 1239 90 335
113 1239 90 335
140 1428 78 343
115 1374 92 336
111 1136 63 365
102 1074 63 371
100 1206 99 341
97 992 74 366
87 1067 76 362
118 1097 63 364
98 1044 69 368
93 997 73 366
105 1278 72 357
109 1163 92 340
104 1271 92 338
105 1140 84 345
102 1222 99 339
95 1136 79 356
99 1107 87 350
106 1238 84 344
112 1157 71 358
113 1178 66 353
107 1214 74 351
108 1217 67 354
103 1205 68 360
107 1177 65 356
106 1107 85 348
105 1133 67 362
106 1201 78 346
101 1062 72 361
116 1165 72 349
113 1162 86 343
100 1083 78 350
96 1089 74 352
99 1110 72 358
114 1229 72 346
96 1121 78 348
109 1097 63 367
99 1072 73 361
107 1069 69 361
108 1272 74 349
106 1209 65 359
103 1221 99 339
104 1271 92 338
106 1209 65 359
104 1271 92 338
104 1271 92 338
104 1271 92 338
104 1271 92 338
139 1638 99 337
120 1453 113 336
114 1146 68 374
113 1172 63 371
98 1047 73 367
130 1512 107 336
114 1428 90 343
109 1298 84 345
130 1512 107 336
111 1254 67 365
116 1314 66 355
114 1211 92 341
104 1090 78 353
101 1122 80 349
111 1458 67 358
107 1099 74 353
119 1282 72 350
104 1314 92 338
116 1181 65 356
100 1124 72 358
100 1204 80 354
119 1486 113 337
120 1453 113 336
104 1148 79 349
120 1453 113 336
120 1453 113 336
130 1512 107 336
120 1453 113 336
120 1453 113 336
120 1453 113 336
152 1799 107 336
123 1302 67 359
122 1469 113 336
115 1189 75 371
115 1106 78 354
103 1140 78 359
123 1537 99 340
127 1405 79 351
112 1382 95 348
122 1302 74 366
109 1285 85 350
114 1145 84 357
104 1239 85 353
111 1189 77 359
104 1133 85 354
115 1262 78 360
114 1277 89 359
109 1290 85 350
112 1333 85 350
113 1341 85 350
113 1341 85 350
113 1341 85 350
113 1341 85 350
113 1341 85 350
114 1347 85 350
116 1269 72 344
115 1287 67 345
114 1077 63 357
106 1214 91 336
99 1131 92 341
86 932 67 360
78 1029 66 361
98 978 67 353
107 1196 84 341
90 1067 85 343
110 1277 72 342
95 1052 72 347
107 1219 78 341
104 1221 63 350
94 1013 66 354
81 961 73 352
91 1016 73 351
93 991 80 350
114 1077 63 357
108 997 79 345
85 1100 63 358
115 1187 65 351
98 1178 64 352
102 1035 79 348
97 989 66 349
82 1087 63 359
100 1122 92 341
86 935 73 357
99 1171 66 348
92 1115 63 353
109 1207 63 350
91 1107 79 342
91 1016 73 351
87 1105 79 350
82 1021 66 353
87 1091 85 349
91 1037 85 344
90 1106 67 346
105 1042 64 356
89 1123 72 351
93 991 80 350
86 1032 63 360
95 1052 72 347
81 961 73 352
90 1118 79 343
90 1069 67 348
103 1065 64 356
94 1105 78 344
88 1062 73 350
105 1076 72 346
95 1083 72 346
105 1042 64 356
96 1099 66 350
82 1087 63 359
109 1112 66 348
106 1214 66 347
104 1049 72 348
88 1045 79 345
93 1089 63 358
105 1042 64 356
94 1104 66 351
99 1107 72 345
96 1102 78 344
99 1015 85 344
99 1199 64 350
98 978 67 353
105 1076 72 346
95 1052 72 347
105 1042 64 356
95 1052 72 347
99 1171 66 348
90 1069 67 348
91 1016 73 351
98 1120 72 345
90 1118 79 343
86 1032 63 360
94 1104 66 351
93 1089 63 358
105 1042 64 356
105 1042 64 356
95 1052 72 347
95 1052 72 347
95 1052 72 347
95 1052 72 347
93 991 80 350
87 1105 79 350
81 961 73 352
119 1276 72 344
114 1295 92 340
106 1363 65 351
100 1123 92 341
86 1033 63 360
86 937 67 360
79 1032 66 361
79 1032 66 361
106 1274 63 352
112 996 67 353
118 1332 84 341
103 1311 85 342
101 1156 72 345
81 973 80 352
91 1060 73 351
95 1131 91 342
96 1099 78 346
109 1296 84 342
99 1184 64 352
83 971 73 353
90 1139 79 343
98 1087 86 346
108 1081 64 356
95 1173 66 351
101 1021 66 354
98 1017 67 359
101 1156 72 345
81 973 80 352
114 1281 65 351
101 1107 66 349
109 1068 64 356
114 1281 65 351
98 1087 86 346
87 1124 63 358
92 1118 63 354
93 1114 79 346
90 1108 79 347
111 1274 78 342
109 1307 65 351
86 1033 63 360
107 1049 85 344
96 1111 78 344
88 1090 80 350
89 1105 66 353
85 1039 66 354
100 1123 92 341
97 1098 66 353
95 1012 80 350
99 1180 66 348
90 1070 67 348
100 1179 66 348
114 1295 92 340
95 1012 80 350
111 1289 63 350
93 1114 79 346
95 1053 72 347
95 995 73 352
82 1079 67 360
99 1180 66 348
87 1124 63 358
82 1089 63 360
79 1032 66 361
100 1095 72 346
90 1093 85 344
109 1068 64 356
95 1053 72 347
108 1081 64 356
98 1038 66 350
100 1123 92 341
99 1184 64 352
85 1039 66 354
91 1128 72 346
87 1124 63 358
97 1098 66 353
99 1180 66 348
88 1090 80 350
85 1039 66 354
82 1089 63 360
79 1032 66 361
100 1123 92 341
93 1114 79 346
92 1131 63 353
89 1105 66 353
87 1124 63 358
90 1070 67 348
92 1131 63 353
89 1105 66 353
101 1021 66 354
99 1184 64 352
96 1111 78 344
91 1128 72 346
108 1081 64 356
82 1089 63 360
97 1098 66 353
87 1124 63 358
86 1033 63 360
114 1295 92 340
114 1295 92 340
114 1281 65 351
108 1081 64 356
101 1156 72 345
101 1021 66 354
100 1123 92 341
100 1123 92 341
100 1123 92 341
100 1123 92 341
100 1123 92 341
100 1123 92 341
99 1184 64 352
99 1184 64 352
99 1184 64 352
99 1184 64 352
99 1184 64 352
99 1180 66 348
99 1180 66 348
96 1111 78 344
92 1131 63 353
89 1105 66 353
89 1105 66 353
87 1124 63 358
87 1124 63 358
86 1033 63 360
86 1033 63 360
86 1033 63 360
86 1033 63 360
86 1033 63 360
86 1033 63 360
82 1089 63 360
82 1089 63 360
82 1089 63 360
82 1089 63 360
81 973 80 352
81 973 80 352
81 973 80 352
79 1032 66 361
79 1032 66 361
79 1032 66 361
79 1032 66 361
79 1032 66 361
79 1032 66 361
124 1331 78 343
115 1507 66 349
114 1297 92 340
100 1124 92 341
95 1034 66 363
91 1236 63 359
84 980 73 355
79 1039 66 361
119 1376 63 350
92 1009 68 362
114 1279 84 343
98 1094 86 344
106 1356 63 352
116 1322 65 351
97 1064 80 348
100 1124 92 341
124 1331 78 343
95 1152 73 348
86 1178 66 354
102 1214 64 352
89 1069 66 358
124 1331 78 343
101 1168 72 345
112 1321 84 342
104 1105 72 347
99 993 71 360
104 1300 79 343
99 993 71 360
110 1309 63 354
103 1153 63 355
93 1099 72 349
104 1045 67 359
102 1063 66 356
99 1246 64 352
97 1061 67 355
120 1361 84 341
91 1098 73 350
92 1035 67 360
101 1087 66 350
98 1094 86 344
120 1361 84 341
116 1306 63 354
94 1069 73 353
88 1089 66 354
96 1114 78 344
98 1164 63 356
97 1140 66 353
111 1325 85 342
92 1102 85 346
111 1076 85 344
100 1124 92 341
97 1127 73 348
92 1132 63 357
97 1140 66 353
92 1132 63 357
111 1325 85 342
88 1089 66 354
92 1102 85 346
102 1214 64 352
99 1246 64 352
95 1109 67 350
94 1147 66 353
110 1309 63 354
98 1088 86 346
93 1152 85 344
111 1325 85 342
94 1147 66 353
120 1361 84 341
92 1102 85 346
101 1087 66 350
88 1089 66 354
124 1331 78 343
120 1361 84 341
120 1361 84 341
120 1361 84 341
110 1309 63 354
100 1124 92 341
100 1124 92 341
92 1102 85 346
131 1389 78 343
119 1337 92 340
112 1485 63 353
100 1135 92 341
88 983 73 356
86 1043 67 383
85 1024 73 359
88 1064 67 377
113 1289 75 346
122 1373 84 341
92 1009 70 363
95 1102 86 349
102 1101 79 349
99 1103 91 344
116 1400 65 351
123 1371 65 351
128 1204 64 356
106 1329 63 355
103 1127 85 344
105 1252 64 352
107 1215 64 354
119 1381 72 346
113 1174 73 348
86 1130 66 361
99 1169 69 351
91 1119 73 352
100 1192 72 349
111 1113 67 353
109 1203 72 347
110 1297 63 355
100 1157 67 352
97 1227 63 359
86 1087 67 363
105 1232 64 354
93 1197 72 350
92 1009 70 363
110 1152 63 357
92 1009 70 363
122 1392 72 345
92 1151 66 356
96 1136 78 344
102 1136 66 350
92 1009 70 363
101 1166 66 351
98 1218 63 356
116 1400 65 351
117 1386 65 351
117 1386 65 351
117 1386 65 351
117 1386 65 351
117 1386 65 351
116 1400 65 351
92 1009 70 363
92 1009 70 363
92 1009 70 363
92 1009 70 363
92 1009 70 363
92 1009 70 363
125 1484 72 346
120 1385 92 340
111 1429 63 355
97 1172 92 344
95 1036 70 363
94 1037 70 370
99 1105 91 344
122 1385 84 341
114 1334 65 353
103 1099 73 357
104 1298 63 359
101 1283 79 345
119 1282 64 354
100 1157 78 346
107 1286 63 357
112 1262 72 348
97 1212 66 356
108 1351 64 352
114 1236 72 349
101 1137 92 341
113 1279 73 347
122 1385 84 341
100 1181 67 352
100 1303 63 357
102 1193 66 350
122 1346 64 352
100 1170 71 355
103 1191 66 351
102 1137 78 344
101 1156 73 353
104 1188 66 350
101 1181 66 352
104 1188 66 350
102 1193 66 350
104 1188 66 350
131 1355 73 349
122 1387 84 341
109 1401 66 351
107 1294 63 360
105 1198 67 360
100 1144 92 344
105 1235 66 355
114 1274 78 344
103 1149 80 348
112 1367 64 352
119 1356 72 349
108 1246 70 353
103 1261 66 359
103 1182 78 346
103 1179 79 345
102 1251 84 344
134 1482 66 354
132 1464 84 342
116 1317 85 344
109 1246 66 359
104 1186 79 348
131 1410 68 352
111 1346 79 345
106 1272 73 355
106 1271 78 346
122 1362 66 355
105 1308 67 357
117 1422 72 352
116 1353 72 353
121 1411 72 352
135 1513 72 352
113 1218 80 348
109 1355 66 360
105 1225 79 348
104 1205 79 351
107 1313 73 355
107 1296 79 363
111 1201 85 340
99 1135 92 341
94 1260 63 358
82 960 66 400
76 864 74 357
105 1164 86 342
83 914 67 383
82 960 66 400
92 1082 63 364
102 1249 72 346
85 943 68 359
100 1027 75 349
79 911 73 377
84 911 66 375
107 1109 72 349
88 1146 85 343
102 1199 73 347
88 1053 72 351
89 1110 79 343
92 938 67 354
89 1110 79 343
83 1074 81 349
98 1060 70 350
91 1061 66 352
94 1127 75 348
83 914 67 383
103 1157 63 355
84 903 67 377
82 1015 70 356
83 954 71 358
95 1065 74 348
109 1151 66 349
100 1027 75 349
95 1079 65 357
84 903 67 377
89 993 67 363
85 1092 74 349
89 993 67 363
95 1079 63 358
84 961 74 352
105 1089 73 347
95 1079 65 357
109 1151 66 349
97 1058 81 347
83 1074 81 349
90 1002 67 352
90 1002 67 352
97 1058 81 347
84 903 67 377
82 1021 66 357
94 1260 63 358
85 1092 74 349
84 1072 67 355
90 1002 67 352
84 903 67 377
95 1079 65 357
83 1074 81 349
100 1027 75 349
100 1027 75 349
100 1027 75 349
100 1027 75 349
85 1092 74 349
84 903 67 377
84 903 67 377
84 903 67 377
84 903 67 377
84 903 67 377
82 960 66 400
82 960 66 400
82 960 66 400
82 960 66 400
82 960 66 400
114 1441 73 346
112 1321 93 340
97 1144 63 363
82 996 66 400
76 869 74 362
81 926 73 377
84 973 66 400
113 1221 86 341
100 1063 81 347
89 1120 79 345
106 1238 92 341
109 1033 75 349
89 997 69 359
112 1279 72 348
94 1244 65 367
107 1110 72 349
87 960 73 374
93 1068 88 352
102 1201 73 347
85 934 66 375
83 872 74 357
103 1163 65 355
106 1090 80 347
94 1034 71 357
99 992 75 352
96 1017 74 352
106 1157 63 356
91 1118 79 343
93 1068 88 352
94 1244 65 367
91 1053 74 353
112 1321 93 340
89 1130 79 343
84 907 67 377
109 1095 66 353
101 1096 70 350
87 1045 66 358
81 926 73 377
99 1176 74 349
88 1043 67 365
99 1176 74 349
99 1132 63 362
90 1070 67 357
95 1101 65 359
84 969 73 371
84 980 73 365
110 1156 68 350
84 969 73 371
111 1240 66 350
93 1059 67 353
106 1090 80 347
101 1210 66 354
97 1141 63 365
96 1081 75 348
97 1143 65 357
94 1095 72 351
84 969 73 371
95 1069 66 355
86 1064 66 364
109 1217 93 341
82 1036 68 357
110 1156 68 350
86 1064 66 364
109 1163 68 351
101 1210 66 354
114 1159 73 348
85 1075 74 354
85 1054 67 362
84 907 67 377
84 907 67 377
97 1143 65 357
82 1036 68 357
90 1070 67 357
103 1163 65 355
88 1034 88 354
94 1095 72 351
109 1217 93 341
99 992 75 352
93 1059 67 353
84 971 67 375
88 1034 88 354
88 1043 67 365
101 1089 73 350
97 1141 63 365
84 969 73 371
96 1081 75 348
85 1075 74 354
96 1066 67 352
88 1043 67 365
112 1321 93 340
101 1210 66 354
101 1210 66 354
101 1210 66 354
97 1143 65 357
97 1141 63 365
94 1095 72 351
94 1095 72 351
88 1043 67 365
84 969 73 371
84 969 73 371
84 969 73 371
84 969 73 371
84 969 73 371
84 907 67 377
82 1036 68 357
124 1502 73 346
109 1221 93 341
99 1222 63 364
99 1106 94 348
84 959 67 388
80 916 74 363
80 916 74 363
88 1054 88 354
120 1456 66 351
121 1365 66 352
101 1103 81 349
116 1358 74 347
85 947 66 382
108 1257 63 356
106 1239 92 341
117 1302 78 347
103 1106 75 351
89 1013 71 371
93 1046 88 355
124 1502 73 346
92 1082 66 359
110 1144 72 349
81 940 73 377
91 1061 67 365
97 1123 79 343
98 1008 71 368
118 1341 74 347
106 1239 92 341
100 1086 66 358
107 1156 73 349
95 997 73 361
82 933 73 379
108 1317 73 348
92 1042 68 359
109 1302 66 353
86 951 67 375
83 979 80 357
87 947 67 375
82 1044 70 359
99 1106 94 348
93 1130 70 354
102 1255 73 350
101 1219 72 351
80 916 74 363
96 1193 72 352
102 1102 67 353
109 1141 73 350
84 1047 68 357
94 1134 80 348
86 1032 73 370
94 1127 75 354
102 1175 72 351
124 1502 73 346
92 1177 79 348
97 1208 66 357
90 1024 73 370
102 1122 67 352
95 989 73 367
90 1025 74 362
82 933 73 379
102 1223 63 363
110 1129 66 353
102 1175 72 351
101 1059 67 357
97 1059 66 359
95 989 73 367
98 1119 75 348
106 1104 80 347
92 1082 66 359
96 1113 80 348
99 1175 66 355
86 951 67 375
110 1144 72 349
102 1208 63 364
102 1255 73 350
99 1222 63 364
93 1046 88 355
90 1025 74 362
99 1175 66 355
99 1222 63 364
95 989 73 367
86 1032 73 370
102 1111 79 350
86 1032 73 370
99 1054 75 352
97 1059 66 359
92 1134 80 351
92 1082 66 359
96 1113 80 348
99 1222 63 364
90 1024 73 370
124 1502 73 346
124 1502 73 346
124 1502 73 346
106 1239 92 341
102 1208 63 364
102 1175 72 351
99 1222 63 364
99 1222 63 364
99 1222 63 364
99 1222 63 364
128 1443 73 348
124 1568 74 346
109 1255 93 341
107 1242 63 364
99 1193 94 345
88 986 66 405
80 945 80 403
120 1393 74 347
85 1060 68 357
96 973 66 393
99 1191 81 351
92 957 67 377
106 1255 92 343
88 1046 86 357
102 1166 70 352
124 1503 73 347
110 1320 63 363
101 1243 79 344
117 1196 72 349
124 1503 73 347
89 1012 88 361
88 979 67 375
116 1278 66 361
81 960 81 402
94 1069 66 382
81 960 81 402
119 1159 72 352
103 1125 67 371
113 1428 66 354
113 1250 73 350
97 1226 79 345
108 1111 67 365
103 1306 67 368
97 1039 66 384
95 1154 86 348
124 1568 74 346
89 1003 66 386
88 1069 88 354
99 1219 87 344
114 1303 86 343
88 1069 88 354
109 1132 66 366
89 1003 66 386
104 1288 73 350
108 1290 64 361
107 1069 66 371
109 1140 80 347
110 1283 73 350
108 1290 64 361
108 1219 67 362
89 1003 66 386
89 1003 66 386
100 1192 72 354
101 1008 66 383
96 1009 73 365
96 1009 73 365
101 1008 66 383
124 1568 74 346
124 1568 74 346
124 1568 74 346
124 1503 73 347
89 1003 66 386
88 1069 88 354
88 1069 88 354
88 1069 88 354
81 960 81 402
130 1381 66 380
126 1594 74 346
110 1368 100 342
95 1005 66 394
91 1007 66 400
88 1004 70 375
88 1004 70 375
103 1120 66 382
114 1295 100 342
108 1240 94 345
111 1163 86 350
90 1097 88 354
121 1475 66 355
106 1202 92 349
120 1431 72 349
127 1460 69 359
92 1095 81 370
99 1084 73 364
112 1382 93 342
102 1015 75 372
103 1266 79 347
101 1070 73 360
105 1287 79 346
114 1161 81 352
96 1021 67 375
108 1289 68 362
124 1293 72 349
107 1147 67 372
94 1076 73 367
95 1105 72 357
111 1320 74 351
121 1433 66 369
100 1219 70 358
110 1368 100 342
96 1021 67 375
101 1147 68 370
100 1324 79 347
112 1263 67 367
107 1251 74 355
102 1292 70 357
108 1259 79 347
107 1294 79 345
110 1368 100 342
110 1368 100 342
125 1395 72 349
123 1488 66 355
114 1345 100 342
111 1219 101 355
91 1015 66 400
105 1294 87 355
96 1095 66 394
115 1227 66 384
104 1163 80 363
121 1475 66 358
102 1037 73 379
107 1312 79 345
100 1187 74 371
112 1259 67 377
112 1350 67 370
99 1069 73 375
113 1330 74 351
124 1406 72 349
98 1201 79 376
108 1175 79 368
107 1314 70 366
113 1338 69 364
100 1221 72 368
113 1482 70 362
123 1486 73 349
106 1184 73 373
100 1209 74 359
105 1184 74 373
124 1406 72 349
125 1470 72 386
122 1575 86 353
114 1367 100 342
104 1191 66 401
103 1077 71 403
101 1162 73 377
109 1256 80 360
117 1304 77 359
104 1191 66 401
111 1177 86 374
115 1491 72 370
110 1092 75 383
110 1330 74 368
124 1471 72 354
109 1289 73 375
104 1191 66 401
131 1570 74 357
108 1209 73 398
115 1449 73 379
135 1415 66 348
103 1142 97 334
98 1210 98 339
98 1087 62 365
93 994 63 378
82 887 68 358
82 887 68 358
127 1298 70 348
120 1322 84 336
82 997 81 356
117 1248 66 350
103 1142 97 334
84 922 72 354
94 1045 92 340
95 1012 78 345
90 986 72 346
103 1281 72 344
114 1341 84 336
113 1226 66 351
110 1166 63 362
87 1078 86 348
105 1284 63 358
110 1350 84 338
106 1195 63 353
84 961 68 351
96 1051 78 343
95 1159 64 368
96 1026 63 373
110 1167 90 334
97 1170 63 368
89 939 72 350
108 1206 68 349
92 977 64 371
93 1000 63 376
91 958 67 372
102 1035 83 340
90 986 72 346
88 965 67 361
93 1000 63 376
107 1127 90 338
107 1127 90 338
101 1111 91 337
102 1035 83 340
94 1065 78 343
99 1141 78 339
87 978 66 359
92 1044 84 344
95 1032 85 340
87 1078 86 348
92 1096 84 343
91 1108 91 343
87 1078 86 348
97 1170 63 368
95 1032 85 340
92 983 64 370
92 1025 78 345
108 1206 68 349
88 965 67 361
89 964 66 352
95 1012 78 345
93 1081 91 342
87 978 66 359
100 1110 85 339
110 1350 84 338
91 1108 91 343
82 887 68 358
92 1065 65 361
95 1060 78 343
93 1081 91 342
87 971 66 361
92 983 64 370
100 1110 85 339
92 1044 84 344
92 1065 65 361
87 971 66 361
89 964 66 352
91 958 67 372
100 1102 97 337
100 1102 97 337
91 958 67 372
91 958 67 372
87 978 66 359
102 1035 83 340
100 1102 97 337
90 986 72 346
95 1159 64 368
100 1102 97 337
100 1102 97 337
87 971 66 361
95 1060 78 343
93 1081 91 342
90 986 72 346
110 1350 84 338
110 1350 84 338
110 1350 84 338
108 1206 68 349
100 1102 97 337
100 1102 97 337
100 1102 97 337
100 1102 97 337
100 1102 97 337
100 1102 97 337
100 1102 97 337
100 1102 97 337
100 1102 97 337
100 1102 97 337
100 1102 97 337
100 1102 97 337
100 1102 97 337
95 1012 78 345
93 1081 91 342
93 1081 91 342
93 1081 91 342
93 1081 91 342
93 1081 91 342
91 1108 91 343
91 958 67 372
91 958 67 372
90 986 72 346
140 1480 72 345
134 1507 66 350
104 1192 97 334
104 1158 62 365
98 1214 98 339
93 1002 63 376
83 891 68 358
82 1009 81 356
123 1393 84 336
112 1426 76 344
117 1308 66 351
97 1111 91 342
122 1503 72 344
113 1283 79 341
110 1188 88 339
88 1078 87 353
91 960 67 372
107 1135 90 338
110 1168 90 334
106 1249 64 364
94 972 66 363
82 911 68 358
100 1222 63 366
138 1458 66 348
87 981 66 361
89 941 72 350
83 891 68 358
91 960 67 372
119 1284 78 339
92 1119 85 345
83 891 68 358
105 1295 63 358
90 1009 72 346
87 981 66 361
94 1007 65 375
91 1052 68 351
99 1014 66 353
103 1134 84 342
110 1182 64 364
98 1164 63 368
104 1155 97 335
96 1055 78 345
88 1008 87 356
98 1103 78 343
102 1239 84 339
92 1054 66 355
89 941 72 350
90 1004 72 349
138 1458 66 348
108 1195 78 342
100 1103 97 337
115 1189 80 342
92 970 67 370
91 993 78 348
93 1002 66 357
94 1068 84 344
98 1164 63 368
101 1132 85 340
122 1503 72 344
94 1007 65 375
92 1112 65 370
92 1159 85 343
96 1122 65 361
97 1268 63 368
91 1053 66 359
107 1263 63 353
89 941 72 350
104 1158 62 365
103 1006 66 352
93 1002 63 376
91 1053 66 359
88 1008 87 356
104 1158 62 365
100 1125 85 342
115 1189 80 342
100 1109 91 341
98 1103 78 343
101 1115 91 337
97 1111 91 342
93 1113 80 345
101 1096 66 352
99 1100 78 343
83 891 68 358
101 1157 84 342
97 1103 66 352
103 1006 66 352
109 1219 84 339
99 1014 66 353
138 1458 66 348
93 1002 66 357
101 1096 66 352
109 1219 84 339
103 1134 84 342
93 1113 80 345
87 981 66 361
122 1503 72 344
101 1115 91 337
89 941 72 350
91 993 78 348
87 981 66 361
98 1164 63 368
92 1119 85 345
96 1122 65 361
94 1125 67 352
101 1115 91 337
100 1109 91 341
101 1157 84 342
138 1458 66 348
138 1458 66 348
104 1158 62 365
104 1158 62 365
104 1158 62 365
94 1125 67 352
93 1002 63 376
93 1002 63 376
93 1002 63 376
93 1002 63 376
91 993 78 348
87 981 66 361
87 981 66 361
143 1463 66 348
122 1504 72 344
109 1278 104 334
106 1163 62 365
97 1003 65 380
83 892 68 358
82 1026 81 356
126 1400 84 336
104 1103 97 338
143 1463 66 348
91 1078 72 346
122 1378 78 339
102 1138 85 342
114 1158 91 340
95 1173 65 373
110 1200 64 364
89 943 72 350
93 1004 63 376
92 1130 66 361
125 1243 67 354
98 1052 66 358
108 1304 63 358
89 943 72 350
110 1169 90 334
103 1239 84 343
105 1267 65 367
126 1342 66 351
98 1183 63 368
117 1351 79 342
105 1111 78 343
92 1027 72 346
94 1075 66 356
109 1217 90 341
115 1190 80 342
104 1263 85 340
116 1264 63 356
119 1298 79 342
107 1190 91 340
114 1282 66 353
110 1169 90 334
82 1026 81 356
107 1248 66 354
126 1366 85 339
119 1298 79 342
114 1235 84 341
108 1246 80 342
106 1163 62 365
116 1265 63 353
106 1163 62 365
126 1342 66 351
82 1026 81 356
98 1183 63 368
116 1265 63 353
98 1183 63 368
82 1026 81 356
98 1183 63 368
110 1169 90 334
143 1463 66 348
126 1342 66 351
119 1298 79 342
106 1163 62 365
98 1183 63 368
98 1183 63 368
98 1183 63 368
98 1183 63 368
82 1026 81 356
82 1026 81 356
82 1026 81 356
82 1026 81 356
82 1026 81 356
133 1391 66 351
129 1618 97 334
112 1340 104 334
109 1300 104 336
108 1177 62 365
96 986 72 350
94 1007 63 376
82 1031 81 356
89 1000 75 355
101 1090 67 370
92 1050 68 358
131 1492 78 342
110 1216 64 364
128 1421 85 339
95 1066 72 347
102 1169 93 345
116 1176 90 338
124 1384 84 340
127 1435 84 339
122 1513 72 344
93 1010 63 376
109 1336 63 360
114 1307 90 335
100 1232 63 368
108 1260 91 341
98 1114 66 358
120 1372 63 358
119 1247 90 336
82 1031 81 356
105 1145 78 346
82 1031 81 356
110 1181 90 338
108 1177 62 365
95 1161 67 358
109 1136 79 345
122 1513 72 344
111 1287 78 343
107 1153 78 345
82 1031 81 356
109 1231 79 343
111 1298 72 346
109 1288 78 343
108 1248 80 342
108 1248 80 342
122 1513 72 344
122 1513 72 344
136 1421 66 351
126 1532 72 345
117 1352 91 336
114 1220 97 338
108 1179 62 365
103 1040 78 358
95 1064 73 369
88 1063 81 356
135 1441 66 351
125 1431 84 341
94 1109 69 358
117 1234 90 339
108 1126 67 360
118 1201 91 342
115 1311 78 343
118 1232 82 343
96 1050 72 354
109 1170 78 345
109 1136 72 353
112 1283 72 347
105 1153 79 349
100 1184 73 348
98 1111 84 349
106 1159 81 346
98 1134 66 359
114 1275 81 343
126 1435 90 336
107 1183 78 347
109 1182 72 348
105 1158 72 349
138 1458 66 351
128 1519 89 341
119 1368 91 336
108 1312 63 368
101 1059 73 358
98 1192 73 359
105 1154 67 368
111 1226 78 347
117 1181 80 347
115 1327 78 343
108 1192 85 350
109 1272 69 360
122 1283 78 345
103 1183 66 366
99 1239 87 352
117 1250 72 351
102 1155 87 355
110 1192 66 362
107 1284 78 354
104 1215 73 356
110 1269 79 345
109 1309 78 346
113 1214 72 358
104 1202 72 361
106 1276 87 350
106 1264 72 359
115 1278 73 352
108 1211 66 361
143 1608 66 352
129 1438 98 339
111 1237 69 368
110 1249 76 361
130 1325 86 345
119 1386 78 348
114 1303 85 348
130 1415 79 344
132 1498 78 347
127 1323 78 351
129 1522 72 353
111 1289 73 356
132 1464 72 352
111 1273 76 356
131 1614 81 348
119 1347 77 370
118 1326 92 348
121 1333 85 358
124 1492 78 350
128 1362 78 352
118 1433 79 356
123 1385 81 358
135 1574 85 352
