1 0.0176313
153 1855 116 382
141 1782 126 383
109 1340 95 419
112 1224 92 425
139 1728 128 383
116 1273 102 411
111 1389 75 419
113 1320 102 391
142 1730 136 374
121 1441 90 404
146 1834 94 393
138 1540 122 384
119 1546 100 399
110 1368 110 404
110 1318 103 417
129 1643 96 392
118 1317 88 431
153 1855 116 382
116 1273 102 411
124 1520 87 409
126 1417 84 409
112 1224 92 425
166 2068 92 400
111 1389 75 419
153 1855 116 382
124 1442 97 400
132 1712 100 389
145 1671 92 403
118 1317 88 431
123 1507 109 385
110 1318 103 417
143 1753 143 368
113 1331 95 412
129 1447 124 384
111 1316 106 390
129 1643 96 392
152 1888 112 378
146 1834 94 393
126 1604 105 391
142 1816 90 405
123 1451 95 408
142 1816 90 405
139 1590 122 384
138 1595 122 384
135 1511 89 411
139 1728 86 413
137 1544 85 414
119 1314 92 428
112 1394 97 423
121 1458 86 426
121 1562 84 437
133 1524 85 419
112 1446 94 427
137 1532 83 435
120 1392 87 427
127 1580 89 422
125 1490 85 423
131 1628 116 387
115 1332 102 421
114 1358 103 431
118 1444 107 408
115 1395 110 393
118 1444 107 408
132 1744 107 390
121 1462 106 403
144 1749 104 402
153 1687 102 405
134 1473 102 417
124 1520 97 413
129 1497 103 418
127 1568 97 412
125 1540 95 413
134 1473 102 417
153 1682 88 416
139 1590 92 414
153 1682 88 416
121 1397 100 423
119 1459 97 426
123 1583 92 426
133 1575 84 450
136 1606 94 421
146 1927 91 420
115 1466 99 427
122 1406 87 437
122 1406 87 437
128 1532 96 428
127 1573 92 426
125 1622 90 434
129 1506 88 427
129 1525 90 423
159 1877 85 439
130 1499 95 429
118 1396 104 424
123 1382 102 426
114 1365 103 433
114 1365 103 433
116 1498 116 398
132 1439 117 400
125 1451 116 401
137 1730 110 398
132 1453 111 418
139 1842 107 390
147 1754 130 397
147 1755 143 390
143 1837 114 395
123 1583 110 420
123 1583 110 420
122 1494 116 417
126 1496 109 404
136 1623 99 412
134 1665 95 418
127 1553 96 418
127 1584 105 416
136 1675 95 415
136 1603 97 413
125 1663 115 414
140 1493 103 421
141 1661 95 420
156 1908 88 419
154 1964 88 418
154 1964 88 418
134 1521 104 423
122 1463 99 430
139 1649 95 422
126 1517 95 445
130 1483 96 439
136 1465 87 441
124 1580 94 438
146 1908 94 423
141 1617 92 440
146 1893 90 427
164 1884 91 433
146 1908 94 423
141 1617 92 440
134 1691 93 426
132 1565 94 425
146 1680 93 424
152 1795 90 436
118 1568 110 429
121 1451 104 430
119 1528 112 428
124 1505 124 401
117 1513 116 398
132 1444 117 406
140 1483 132 405
131 1495 121 415
150 1796 138 397
133 1552 109 408
143 1731 115 407
133 1552 109 408
128 1647 115 413
118 1527 118 420
125 1454 112 448
128 1525 98 449
156 1911 88 419
136 1535 136 412
156 1941 102 413
133 1552 124 399
149 1753 116 401
127 1493 100 440
150 1618 94 428
148 1625 89 443
127 1583 127 411
122 1467 103 433
135 1694 116 406
136 1535 136 412
146 1676 110 408
133 1643 104 426
143 1609 108 417
118 1527 118 420
128 1626 118 407
140 1706 96 416
