7 1.72814
277 3474 205 690
266 3631 186 704
266 3337 231 688
245 3219 190 719
238 2868 218 714
217 2889 204 706
225 2894 192 706
231 3133 221 701
273 3433 207 690
267 3576 190 695
227 3009 197 702
246 3264 189 711
252 3034 196 700
226 3089 226 695
266 3337 231 688
258 3370 215 688
234 2929 204 703
235 3204 226 693
243 3044 191 711
262 3396 198 691
244 2949 205 699
247 3300 196 694
249 3215 190 719
241 3050 203 699
250 3078 199 692
234 3262 210 701
274 3555 193 697
238 3189 213 695
242 3202 211 692
260 3442 187 698
262 3323 213 690
230 2935 205 705
259 3179 197 696
248 3276 199 696
260 3470 204 691
238 3142 201 701
274 3555 193 697
247 3161 220 693
236 3212 199 697
245 3041 215 696
248 3147 220 690
245 3277 186 706
246 3019 194 705
246 3019 194 705
248 3195 198 698
245 3361 188 700
247 3388 188 699
266 3337 231 688
266 3155 193 700
241 3159 205 697
238 3158 219 699
245 3361 188 700
234 3262 210 701
247 3388 188 699
249 3215 190 719
249 3215 190 719
249 3215 190 719
245 3219 190 719
241 3159 205 697
266 3337 231 688
266 3337 231 688
266 3337 231 688
249 3215 190 719
249 3215 190 719
249 3215 190 719
249 3215 190 719
249 3215 190 719
249 3215 190 719
249 3215 190 719
249 3215 190 719
247 3388 188 699
245 3361 188 700
245 3219 190 719
310 4145 198 696
292 4013 186 708
273 3418 231 688
251 3106 237 692
245 3224 190 719
240 2897 218 714
217 2926 204 708
286 3792 201 691
246 3264 191 711
235 2940 204 703
228 2928 192 706
245 3224 190 719
217 2906 204 709
232 2927 213 707
274 3645 187 698
283 3406 196 699
254 3055 208 699
221 3032 221 707
258 3370 215 689
271 3484 213 690
260 3307 220 690
286 3548 202 692
251 3106 237 692
240 2897 218 714
268 3602 198 698
239 3167 226 695
271 3235 197 697
253 3161 229 692
227 3066 210 707
228 3096 201 702
269 3324 199 693
258 3391 202 695
254 3298 222 694
244 3129 224 700
243 3304 225 698
284 3361 217 692
277 3504 205 690
274 3645 187 698
221 3032 221 707
245 3068 224 702
247 3410 188 699
277 3504 205 690
251 3194 197 704
246 3334 190 709
258 3311 220 691
262 3161 204 701
242 3033 199 705
245 3180 210 697
269 3368 216 690
239 3167 226 695
249 3229 211 696
250 3348 200 697
266 3117 204 701
251 3194 197 704
246 3171 203 699
256 3418 204 695
254 3298 222 694
244 3129 224 700
277 3504 205 690
253 3107 218 696
253 3161 229 692
266 3117 204 701
262 3161 204 701
254 3289 206 696
227 3069 204 707
246 3107 199 703
283 3406 196 699
254 3289 206 696
242 3109 209 701
249 3229 211 696
246 3171 203 699
253 3107 218 696
242 3033 199 705
243 3072 204 702
274 3645 187 698
257 3368 199 696
257 3368 199 696
245 3381 188 700
258 3341 201 697
253 3104 198 703
253 3104 198 703
242 3109 209 701
245 3381 188 700
250 3343 187 707
251 3300 199 700
246 3334 190 709
228 3096 201 702
257 3368 199 696
251 3300 199 700
245 3068 224 702
245 3068 224 702
277 3504 205 690
277 3504 205 690
274 3645 187 698
274 3645 187 698
266 3117 204 701
251 3106 237 692
228 3096 201 702
221 3032 221 707
221 3032 221 707
310 4080 199 695
278 3560 232 688
264 3297 191 715
253 3388 187 707
249 3276 249 697
241 2907 224 713
217 2909 204 709
288 3799 190 698
289 3697 193 698
275 3719 246 689
251 3114 237 692
217 2909 204 709
235 2943 204 703
225 2939 204 708
262 3342 228 690
253 3241 214 699
254 3111 218 696
241 2907 224 713
279 3706 193 698
257 3212 231 693
231 3103 203 715
234 2995 192 706
278 3295 214 697
268 3174 198 705
269 3405 197 700
259 3347 225 692
276 3435 201 694
267 3430 200 701
242 3154 231 701
277 3510 205 690
264 3508 201 698
271 3342 199 696
248 3464 188 699
245 3117 208 702
270 3362 202 695
233 3014 192 706
261 3296 208 697
241 2907 224 713
252 3375 199 704
252 3446 188 699
223 3063 221 707
247 3278 222 698
260 3351 220 693
241 3196 227 700
261 3316 191 713
253 3221 205 700
246 3456 207 699
224 3056 221 707
261 3338 206 698
261 3114 204 702
248 3111 201 705
264 3297 191 715
254 3301 191 715
253 3221 205 700
257 3421 208 697
231 3103 203 715
253 3388 187 707
217 2909 204 709
223 3063 221 707
232 3073 201 713
260 3351 220 693
261 3316 191 713
233 3014 192 706
270 3416 220 690
231 3103 203 715
243 3376 205 702
243 3376 205 702
251 3451 188 699
232 3073 201 713
223 3063 221 707
223 3063 221 707
261 3316 191 713
261 3114 204 702
231 3103 203 715
264 3422 205 696
264 3297 191 715
254 3301 191 715
264 3297 191 715
264 3297 191 715
254 3301 191 715
253 3388 187 707
223 3063 221 707
302 3579 196 702
285 3665 232 688
284 3766 193 698
277 3749 246 689
263 3508 187 707
245 3069 194 717
217 2909 204 710
298 3684 189 699
281 3756 240 689
238 2993 217 703
281 3625 207 692
237 3088 210 704
271 3372 224 695
289 3751 193 698
272 3754 237 692
254 3232 213 701
242 3027 199 715
270 3471 225 697
261 3432 206 700
287 3748 208 691
265 3536 226 695
259 3361 227 695
233 3028 201 707
279 3756 204 695
258 3115 199 706
234 2942 213 708
274 3397 209 697
242 3169 192 707
240 3294 205 706
226 3041 204 708
253 3430 200 705
265 3499 213 699
226 3041 204 708
272 3576 217 695
287 3604 189 705
245 3350 208 702
262 3387 210 701
234 3187 195 712
278 3629 197 702
251 3148 202 705
240 3272 198 711
234 2998 214 707
270 3519 208 696
243 3151 192 709
241 3018 204 703
276 3418 205 695
234 2942 213 708
286 3753 198 698
235 3053 199 709
234 3154 195 713
248 3120 201 706
263 3508 187 707
234 3187 195 712
246 3126 213 702
277 3521 213 690
277 3583 203 698
237 3260 206 706
251 3148 202 705
238 2993 217 703
234 3154 195 713
277 3521 213 690
240 3272 198 711
268 3293 195 706
273 3626 201 698
246 3126 213 702
268 3293 195 706
245 3350 208 702
235 3053 199 709
234 3187 195 712
237 3260 206 706
277 3521 213 690
263 3508 187 707
234 2942 213 708
299 3905 208 691
293 3932 204 700
292 3839 241 689
287 3759 191 711
279 3763 246 690
240 3048 213 722
240 2913 218 714
225 2989 225 715
278 3687 219 692
267 3389 228 696
237 3098 200 719
283 3473 210 698
269 3401 202 705
255 3441 213 701
232 2915 232 713
261 3560 215 700
265 3629 200 706
242 3273 195 712
248 3197 193 713
282 3371 202 706
288 3653 208 693
253 3219 198 709
241 2929 224 713
296 3545 206 695
290 3639 192 712
239 2961 220 716
292 3653 207 695
293 3923 196 704
251 3192 204 705
258 3198 197 710
225 2989 225 715
241 2925 211 716
282 3566 213 690
242 3044 206 703
232 3155 206 714
282 3523 213 692
244 3033 215 710
233 2999 216 710
243 3029 207 711
238 3076 201 708
232 2915 232 713
241 3050 210 707
253 3258 195 710
234 3069 204 710
238 3167 212 706
228 3098 208 708
228 3098 208 708
241 3221 210 703
239 2961 220 716
232 3155 206 714
234 3118 203 710
243 3202 195 711
234 3118 203 710
241 3050 210 707
238 3167 212 706
241 2925 211 716
233 2999 216 710
234 3069 204 710
238 3076 201 708
233 2999 216 710
239 2961 220 716
238 3167 212 706
232 2915 232 713
232 2915 232 713
307 4199 240 690
298 3782 250 695
248 3253 196 717
243 3054 228 708
239 3213 204 709
256 3368 199 714
301 3806 221 698
274 3593 203 708
270 3333 196 710
285 3740 225 702
293 4007 206 701
288 3711 209 700
271 3641 205 706
258 3240 211 704
247 3292 214 703
245 3134 212 704
302 3999 208 691
248 3305 204 708
302 3999 208 691
302 3999 208 691
302 3999 208 691
302 3999 208 691
305 4140 222 691
284 3769 205 717
257 3281 233 706
245 3055 229 713
294 3901 217 702
260 3591 207 708
248 3353 212 704
283 3684 219 703
252 3237 223 716
258 3280 223 712
276 3568 213 704
273 3418 227 704
268 3560 212 707
265 3607 219 710
254 3420 241 711
272 3424 224 706
275 3476 213 711
269 3553 221 704
301 3919 213 705
287 3632 232 707
285 3692 218 714
313 4140 213 705
285 3548 190 691
275 3544 232 689
270 3599 223 689
246 2993 179 700
239 3206 238 691
201 2744 188 709
263 3345 207 690
278 3539 188 697
231 2950 182 703
209 2849 202 697
216 2772 197 707
223 2909 189 706
249 3283 224 691
251 3199 232 690
240 2825 220 698
258 3333 210 691
235 3016 208 694
253 3311 189 694
233 2826 184 699
224 3085 212 695
242 3163 218 692
236 3034 192 698
248 3226 210 693
215 2776 191 699
244 3109 218 692
228 2948 193 697
245 3223 213 692
244 3239 207 692
226 2966 186 701
218 2775 191 699
237 2900 183 701
230 2924 197 696
257 3142 182 699
227 3065 195 695
246 3173 204 694
251 3200 201 692
240 2980 191 696
246 2949 195 695
230 2912 198 698
239 3125 186 698
237 2988 182 701
237 2900 183 701
225 2948 182 706
247 3337 204 691
248 3285 191 695
229 2774 189 699
237 2900 183 701
237 2900 183 701
237 2900 183 701
284 3724 215 691
274 3666 182 700
269 3467 229 690
243 3227 238 691
203 2750 188 709
203 2750 188 709
203 2750 188 709
218 2778 191 699
224 2918 189 706
230 2939 190 701
280 3341 204 694
234 2877 184 699
278 3596 197 694
237 3009 182 704
279 3550 182 700
265 3433 203 692
223 3047 202 697
269 3467 229 690
236 2978 196 698
262 3431 230 691
258 3453 224 691
264 3174 232 694
238 3018 198 697
240 2868 211 698
237 2902 183 701
243 3133 192 698
244 3232 225 692
246 3141 198 696
228 2918 208 698
237 3009 182 704
256 3171 200 695
250 3309 218 692
279 3437 201 694
241 2839 220 698
255 3406 203 694
231 3070 213 696
232 3166 209 696
249 3299 191 695
241 2839 220 698
260 3382 211 694
227 3103 212 695
256 3395 210 692
263 3369 203 694
238 3110 205 695
250 3044 214 695
256 3267 196 695
250 3309 218 692
241 3131 204 696
231 3085 212 695
249 3299 191 695
238 2943 198 698
245 3216 213 694
249 3242 190 698
264 3174 232 694
238 3220 213 694
280 3224 205 694
244 3232 225 692
245 3216 213 694
243 3133 192 698
244 3232 225 692
264 3174 232 694
264 3174 232 694
264 3174 232 694
250 3309 218 692
250 3309 218 692
250 3309 218 692
250 3309 218 692
250 3309 218 692
250 3309 218 692
244 3232 225 692
244 3232 225 692
289 3351 205 694
280 3662 182 700
269 3486 229 690
244 3242 238 691
220 2794 197 712
209 2781 204 711
230 2806 202 708
227 2976 189 706
257 3527 185 700
253 3315 232 692
264 3184 232 694
239 3111 226 695
280 3660 210 692
219 2843 195 704
262 3487 213 692
258 3298 186 699
216 2888 211 709
283 3629 182 700
268 3289 184 699
283 3629 182 700
215 2792 203 711
237 2908 183 701
249 3432 191 695
249 3121 217 695
224 2785 198 709
235 3175 189 702
252 2940 192 699
219 2843 195 704
250 3325 218 692
234 3092 223 698
238 3059 198 697
244 3242 238 691
242 2852 220 698
245 3233 236 694
243 3087 188 700
245 3233 236 694
212 2788 209 710
243 3170 207 695
223 2847 191 701
220 2794 197 712
212 2788 209 710
232 3140 205 697
253 3173 204 696
243 2989 206 698
247 3225 213 694
232 3140 205 697
238 3096 231 696
234 3092 223 698
238 3031 197 698
258 3393 191 695
227 2914 198 699
252 3248 204 696
250 3325 218 692
245 3261 192 698
243 3170 207 695
235 3175 189 702
238 3059 198 697
235 3173 193 699
237 3280 212 695
212 2788 209 710
242 3222 207 696
242 2852 220 698
234 3092 223 698
258 3393 191 695
231 3044 190 701
231 3044 190 701
249 3255 195 698
223 2847 191 701
220 2794 197 712
238 3230 211 696
243 2989 206 698
241 3278 220 695
220 2794 197 712
241 3278 220 695
244 3242 238 691
235 3173 193 699
249 3255 195 698
234 3092 223 698
220 2794 197 712
238 3230 211 696
258 3393 191 695
258 3393 191 695
245 3233 236 694
245 3233 236 694
238 3059 198 697
234 3092 223 698
234 3092 223 698
220 2794 197 712
220 2794 197 712
212 2788 209 710
299 3895 184 699
282 3764 182 700
271 3526 232 690
249 3321 236 694
225 2931 191 712
209 2783 204 711
209 2783 204 711
292 3669 230 691
250 3369 218 692
224 2787 198 709
295 3452 205 694
237 3110 223 698
227 2957 222 703
229 2975 193 706
270 3572 199 696
238 3061 183 705
234 2920 228 700
240 3238 211 696
265 3539 212 695
222 2828 197 712
267 3437 213 695
233 2999 192 701
218 2823 209 710
259 3149 208 697
261 3232 197 698
245 3216 213 696
282 3764 182 700
242 3023 203 699
233 2895 193 703
220 2853 195 704
245 3188 220 695
255 3306 207 696
282 3764 182 700
257 3270 198 697
259 3398 203 696
257 3086 201 698
245 2989 228 698
244 3119 190 701
265 3344 187 699
268 3127 188 704
248 3142 198 700
216 2826 209 710
229 2975 193 706
252 2962 201 701
251 3077 189 702
220 2853 195 704
209 2783 204 711
250 3263 218 694
242 3055 210 698
233 2912 233 702
254 3355 204 696
216 2826 209 710
271 3341 191 699
251 2903 220 698
246 3179 193 699
266 3434 185 701
238 3165 186 702
262 3304 191 700
248 3163 200 697
268 3127 188 704
239 3175 199 697
235 3187 189 702
231 2962 205 700
231 2919 194 703
209 2783 204 711
231 2993 209 699
233 2998 196 702
235 3187 189 702
250 3299 210 696
250 3278 198 698
252 3158 204 698
266 3434 185 701
235 3187 189 702
271 3341 191 699
233 2912 233 702
245 2989 228 698
231 2993 209 699
234 2920 228 700
231 2919 194 703
262 3304 191 700
250 3278 198 698
248 3142 198 700
250 3299 210 696
235 3187 189 702
235 3187 189 702
297 3479 205 694
286 3716 241 690
282 3796 182 700
229 2849 198 709
228 2963 197 712
219 2856 209 710
282 3624 233 691
276 3525 203 696
228 2866 220 704
255 3387 221 692
233 2930 233 702
236 2976 228 700
251 3277 213 696
249 3235 200 698
232 3032 196 706
287 3635 187 699
224 2942 201 709
262 3241 185 705
258 3424 205 697
285 3673 184 705
243 2981 197 703
250 3022 227 701
224 2959 223 708
297 3479 205 694
274 3661 183 709
239 3122 223 700
255 3334 207 697
265 3236 221 695
259 3454 198 697
244 3136 183 710
247 3239 187 708
264 3482 191 701
285 3754 183 708
255 3171 192 709
258 3183 194 699
244 3027 206 699
297 3479 205 694
241 3097 198 701
263 3306 198 697
237 3060 201 703
239 3035 201 703
232 3103 205 701
251 3298 227 695
285 3754 183 708
238 3255 196 702
257 3210 196 701
253 3260 190 702
274 3661 183 709
240 3296 189 702
238 2980 212 702
246 3201 205 699
241 3289 205 699
253 3265 220 696
251 3220 188 705
238 3057 193 704
265 3236 221 695
228 3028 198 704
287 3635 187 699
238 2980 212 702
231 2959 220 703
287 3635 187 699
247 3303 221 697
241 3024 208 701
247 3303 221 697
259 3172 206 697
251 3298 227 695
241 3024 208 701
238 2980 212 702
263 3306 198 697
259 3172 206 697
287 3635 187 699
301 3791 221 693
300 3905 205 696
282 3781 183 709
277 3587 232 692
274 3410 233 695
245 3120 195 713
231 2891 198 709
239 2998 232 705
265 3142 217 702
282 3781 183 709
281 3498 229 694
261 3381 190 705
241 3049 228 700
242 3175 195 710
255 3517 211 698
258 3084 195 708
241 3061 201 703
269 3640 199 697
248 3278 186 711
254 3229 214 701
244 3312 205 699
253 3232 221 700
258 3363 196 700
295 3702 187 699
268 3638 186 706
293 3719 187 699
267 3383 188 706
293 3719 187 699
271 3430 200 698
255 3178 200 701
266 3302 212 698
248 3259 202 701
251 3267 188 709
260 3456 188 705
247 3276 212 700
260 3434 200 699
293 3719 187 699
263 3440 188 705
263 3440 188 705
293 3719 187 699
293 3719 187 699
314 3918 230 694
268 3652 186 706
243 3178 195 714
240 3222 215 710
300 3864 192 703
291 3389 206 699
275 3756 214 698
253 3331 190 709
277 3581 202 698
258 3455 202 700
241 3192 224 704
271 3490 188 705
263 3225 213 702
262 3182 217 701
275 3463 196 703
251 3372 189 709
275 3586 210 699
268 3355 211 704
302 3813 208 699
282 3546 201 708
282 3457 215 706
280 3718 230 699
278 3621 201 713
269 3505 214 701
270 3504 202 705
279 3467 219 706
325 4256 231 705
288 3774 202 715
278 3705 243 701
288 3721 186 696
245 3085 210 689
234 3164 182 710
232 3168 182 709
219 2616 186 703
208 2688 186 703
258 3152 184 703
264 3369 196 693
252 3335 201 695
239 3099 202 691
276 3375 201 692
261 3451 208 689
224 2905 208 696
215 2654 194 702
259 3317 190 696
226 2845 186 702
211 2666 188 701
240 3174 196 696
214 2673 190 697
208 2671 195 699
224 2905 208 696
209 2656 188 703
220 2868 186 702
212 2667 190 699
219 2616 186 703
259 3317 190 696
219 2616 186 703
213 2687 186 703
214 2673 186 703
224 2905 208 696
287 3628 198 694
268 3491 208 689
243 3269 235 692
232 3183 182 710
219 2631 186 703
209 2657 188 703
230 2987 210 696
212 2731 195 699
240 3140 225 695
250 3364 233 690
246 3128 214 693
260 3363 217 689
273 3352 203 692
209 2657 188 703
213 2712 197 702
255 3302 210 691
271 3259 198 696
244 3196 208 696
272 3226 210 694
253 3252 215 692
214 2676 190 697
255 3285 202 694
212 2713 193 702
213 2697 186 703
268 3491 208 689
214 2676 190 697
215 2658 194 702
251 3281 208 695
214 2712 189 702
255 3302 210 691
214 2691 186 703
268 3491 208 689
268 3491 208 689
209 2657 188 703
268 3491 208 689
209 2657 188 703
253 3285 198 696
213 2697 186 703
209 2657 188 703
213 2697 186 703
209 2657 188 703
268 3491 208 689
268 3491 208 689
268 3491 208 689
268 3491 208 689
268 3491 208 689
213 2697 186 703
213 2697 186 703
213 2697 186 703
209 2657 188 703
209 2657 188 703
209 2657 188 703
287 3523 198 696
282 3639 208 689
272 3482 229 690
226 2680 186 703
221 2685 186 704
209 2665 188 703
209 2657 188 704
259 3265 219 692
234 2955 195 697
279 3575 207 694
228 2831 202 697
214 2688 190 698
246 3191 214 695
259 3309 210 693
226 2984 199 697
257 3428 200 696
265 3454 190 697
246 3191 214 695
213 2707 186 703
259 3377 202 696
265 3412 208 695
246 3191 214 695
214 2692 186 703
214 2692 186 703
246 3191 214 695
246 3191 214 695
214 2692 186 703
214 2692 186 703
287 3947 229 692
251 3361 241 695
214 2694 186 703
214 2694 186 703
209 2681 188 703
272 3448 210 693
273 3396 234 693
229 2916 216 697
248 3315 223 696
272 3367 222 694
219 2747 196 702
265 3240 212 697
249 3116 190 698
241 2934 194 698
215 2847 203 699
250 3350 218 696
217 2830 200 698
258 3160 215 697
262 3378 212 695
221 2835 191 700
221 2860 190 700
237 2800 194 702
218 2807 194 699
214 2881 191 702
255 3264 196 697
213 2719 186 703
251 3257 202 697
221 2803 195 699
214 2694 186 703
214 2694 186 703
291 3756 215 694
273 3545 224 693
252 3355 239 696
214 2718 186 703
214 2718 186 703
211 2927 202 709
263 3454 233 695
283 3729 214 695
276 3512 228 696
211 2927 202 709
220 2830 212 698
259 3342 203 697
247 3040 198 698
224 3012 207 702
234 3078 216 697
239 3184 206 698
291 3756 215 694
255 3272 190 699
243 2925 193 701
233 3164 216 697
237 3044 195 700
240 3125 190 700
238 3129 195 699
239 2890 203 702
228 2950 202 702
255 3272 190 699
238 3050 192 701
227 2954 199 702
238 3062 200 699
228 3156 211 701
227 2954 199 702
226 3109 191 702
228 3156 211 701
238 3062 200 699
239 2890 203 702
226 3109 191 702
228 3156 211 701
238 3178 190 700
315 4130 209 697
314 4193 238 693
281 3779 240 693
268 3599 241 695
218 2730 186 703
217 2725 188 703
214 2743 189 703
278 3782 231 696
277 3590 213 697
284 3614 198 698
285 3769 225 696
314 4193 238 693
284 3754 234 694
255 3157 198 699
236 3258 211 701
231 3123 191 702
228 2954 216 700
291 3762 215 694
242 3128 217 698
240 3095 200 699
250 3213 190 701
224 2972 216 701
236 3056 222 698
249 3238 208 698
239 3175 216 697
291 3762 215 694
246 3164 198 700
226 3022 215 702
241 3080 203 702
314 4193 238 693
229 3128 203 702
244 3001 215 699
228 3015 212 699
244 3154 216 697
232 3061 210 702
226 2999 216 699
234 2988 209 702
232 3061 210 702
234 2988 209 702
229 3128 203 702
241 3080 203 702
250 3019 209 701
314 4193 238 693
241 3080 203 702
241 3080 203 702
291 3770 215 694
287 3830 234 695
283 3805 246 693
229 2785 208 711
229 2785 208 711
221 2789 186 703
217 3029 209 707
279 3480 218 697
240 3223 226 697
272 3679 197 701
288 3762 241 695
264 3272 218 698
241 3101 200 699
249 3251 220 697
219 2796 188 703
219 2796 188 703
249 2956 221 700
217 3029 209 707
267 3358 210 698
245 3322 196 702
236 3083 222 698
228 3000 217 700
236 3053 212 702
230 2966 216 701
249 3151 198 702
247 3256 198 700
233 3066 215 701
229 3020 216 699
245 3322 196 702
233 3064 210 702
233 3064 210 702
233 3064 210 702
232 3087 210 702
233 3064 210 702
229 3020 216 699
232 3087 210 702
233 3064 210 702
233 3066 215 701
233 3064 210 702
233 3064 210 702
233 3064 210 702
233 3064 210 702
233 3064 210 702
233 3064 210 702
233 3064 210 702
310 4095 224 696
296 3831 243 694
237 2809 186 703
236 3091 186 703
219 3047 202 709
299 3943 225 696
222 2859 202 707
282 3828 219 697
296 3831 243 694
271 3649 222 697
262 3436 228 697
226 2863 186 705
229 2817 193 704
292 3748 218 697
239 3154 210 702
232 3184 216 700
258 3275 236 697
268 3402 199 701
261 3494 234 697
250 3150 211 700
266 3506 224 697
250 3150 211 700
275 3390 218 698
226 2867 188 703
258 3275 236 697
231 3051 221 699
256 3161 206 699
292 4048 234 696
239 3156 215 701
224 2862 193 703
257 3138 206 699
222 2877 193 704
241 3163 208 699
275 3390 218 698
242 3143 222 698
224 2894 188 703
265 3355 221 698
267 3415 234 697
242 3143 222 698
292 4048 234 696
231 3111 220 699
242 3164 200 699
230 2977 216 701
230 2977 216 701
230 2977 216 701
230 2977 216 701
265 3355 221 698
232 2813 188 703
236 3118 216 699
261 3494 234 697
242 3164 200 699
242 3164 200 699
258 3119 206 701
242 3143 222 698
236 3118 216 699
267 3415 234 697
275 3390 218 698
242 3164 200 699
230 2977 216 701
258 3275 236 697
242 3164 200 699
242 3164 200 699
230 2977 216 701
230 2977 216 701
230 2977 216 701
230 2977 216 701
328 4493 224 698
311 3927 243 694
232 3183 187 712
230 2819 203 707
222 2912 220 723
294 4049 225 698
261 3498 234 697
263 3337 228 698
254 3410 239 698
234 2921 192 711
238 3023 204 703
315 4261 231 696
230 2977 216 702
239 3081 192 707
243 3206 197 703
230 2838 198 706
325 4223 231 696
255 3376 229 698
224 3039 220 703
242 3006 195 704
229 3068 197 704
232 3071 221 700
236 3125 220 700
240 3146 224 699
242 3188 200 699
239 2983 216 701
325 4223 231 696
316 4227 231 696
231 3023 224 701
242 3164 200 701
230 2977 216 702
234 3030 216 701
234 3030 216 701
315 4261 231 696
234 3030 216 701
316 4227 231 696
243 3185 200 699
316 4227 231 696
234 3030 216 701
316 4227 231 696
316 4227 231 696
316 4227 231 696
316 4227 231 696
316 4227 231 696
316 4227 231 696
234 3030 216 701
234 3030 216 701
316 4238 231 696
276 3541 188 717
266 3558 188 714
261 3504 234 697
246 2988 224 702
231 3115 216 702
255 3211 192 707
239 3103 203 708
233 3015 216 702
242 3199 200 700
253 3192 208 699
250 3305 206 699
262 3382 234 698
234 3044 216 701
245 3200 234 699
234 3044 216 701
234 3044 216 701
278 3376 208 699
277 3648 188 716
263 3540 234 697
261 3548 234 697
234 3068 216 701
249 3265 223 700
254 3197 212 699
253 3318 200 701
246 3342 202 700
243 3251 211 701
251 3377 211 699
252 3233 208 701
285 3886 235 698
279 3380 201 701
271 3418 201 708
253 3167 232 704
254 3283 218 701
260 3297 212 699
263 3593 202 702
265 3432 207 703
262 3386 202 707
253 3479 211 702
271 3375 203 701
299 3757 202 702
279 3673 202 704
275 3424 207 705
260 3311 212 699
260 3303 220 701
288 3579 210 701
271 3548 211 701
260 3308 212 701
269 3407 213 699
262 3434 216 706
284 3835 216 699
283 3722 253 700
279 3564 214 703
270 3633 226 701
291 3856 227 702
280 3643 183 708
276 3732 193 694
240 2998 223 689
222 2794 202 718
216 2828 207 710
260 3371 186 695
278 3601 184 707
238 3213 188 704
256 3157 186 701
229 2869 207 696
248 3283 194 695
240 2998 223 689
242 3170 185 701
246 3045 210 693
226 2964 208 707
246 3088 218 691
271 3292 191 695
255 3199 217 689
271 3292 191 695
254 3109 212 691
231 2879 199 696
246 2959 196 714
245 2968 196 713
241 3073 213 693
253 3174 195 692
224 2872 201 708
222 2806 202 717
223 2903 200 716
244 3211 203 694
223 2972 190 701
237 3182 195 695
244 3068 213 692
220 2818 202 718
235 2854 200 696
216 2828 207 710
230 2995 191 696
230 2878 199 711
223 2903 200 716
236 2853 200 696
220 2818 202 718
246 2959 196 714
241 2895 205 695
246 3088 218 691
244 3084 200 695
241 2895 205 695
230 2878 199 711
216 2828 207 710
246 3088 218 691
236 2853 200 696
246 3088 218 691
244 3084 200 695
246 3088 218 691
246 3088 218 691
246 3088 218 691
246 3088 218 691
297 3980 196 692
262 3235 186 701
245 3031 223 689
222 2806 202 718
222 2806 202 718
216 2830 207 710
297 3980 196 692
269 3467 196 696
271 3333 209 692
246 3102 218 691
240 3008 196 714
264 3411 189 700
262 3235 186 701
231 3010 200 711
226 3067 199 705
253 3150 210 693
245 3033 192 698
236 3090 194 697
257 3375 190 701
257 3401 203 694
268 3363 210 692
242 3186 188 708
249 3253 188 707
227 3074 190 703
216 2830 207 710
249 3094 213 692
222 2806 202 718
224 2999 204 706
225 2932 212 708
231 2923 201 700
224 2906 206 710
230 2974 215 703
238 2913 200 696
248 3015 205 695
246 3051 197 697
230 2974 215 703
222 2806 202 718
237 3066 191 698
216 2830 207 710
229 3026 212 702
250 2975 205 695
271 3237 202 694
225 2932 212 708
224 2906 206 710
232 3052 196 710
232 3047 198 708
229 3026 212 702
230 2984 202 707
264 3109 210 693
254 3406 205 692
241 2990 198 708
216 2830 207 710
232 3084 200 697
226 2990 207 708
233 2932 200 698
250 2975 205 695
264 3109 210 693
233 2932 200 698
230 2984 202 707
230 2984 202 707
230 2974 204 708
232 3047 198 708
232 3052 196 710
230 2984 202 707
230 2984 202 707
232 3047 198 708
232 3047 198 708
230 2984 202 707
230 2984 202 707
230 2984 202 707
230 2984 202 707
230 2984 202 707
230 2974 204 708
222 2806 202 718
222 2806 202 718
222 2806 202 718
222 2806 202 718
222 2806 202 718
216 2830 207 710
216 2830 207 710
216 2830 207 710
216 2830 207 710
216 2830 207 710
216 2830 207 710
216 2830 207 710
292 3959 202 694
286 3876 187 704
267 3581 231 689
246 3088 232 692
237 3106 197 721
219 2853 207 710
255 3168 223 690
223 2859 202 718
275 3614 198 696
273 3738 188 704
250 3254 188 707
227 2936 206 711
264 3413 212 692
226 2945 214 708
252 3147 218 691
251 3039 196 714
261 3223 200 696
241 2936 214 698
236 3076 199 714
245 3344 199 701
245 3344 199 701
291 3721 190 702
237 3106 197 721
246 3044 192 698
264 3107 215 693
252 3194 191 700
235 3049 201 699
249 3127 213 692
251 3163 218 691
253 3036 196 714
238 2951 200 697
234 3190 190 703
229 3008 208 706
267 3452 205 694
268 3606 187 705
274 3686 188 704
253 3155 210 693
267 3452 205 694
247 3119 190 703
233 3138 204 704
264 3119 210 693
262 3234 198 697
230 3006 204 706
292 3701 203 694
230 3006 204 706
227 2936 206 711
254 3023 205 695
254 3023 205 695
262 3532 205 692
262 3532 205 692
234 3050 200 702
238 2951 200 697
232 3078 205 704
268 3606 187 705
235 3009 202 714
237 3128 191 704
246 3044 192 698
237 3106 197 721
268 3606 187 705
236 3076 199 714
232 3078 205 704
268 3606 187 705
268 3606 187 705
268 3606 187 705
264 3119 210 693
262 3532 205 692
237 3106 197 721
280 3774 188 704
268 3627 187 705
253 3193 218 691
242 3112 197 721
224 2855 215 710
222 2891 207 711
260 3436 192 701
280 3774 188 704
274 3162 193 706
228 2919 202 718
240 3261 190 703
270 3500 212 692
248 3000 205 697
244 3021 200 697
260 3141 193 708
265 3219 210 693
238 3099 215 700
268 3606 187 707
227 2881 210 714
230 3039 207 706
261 3365 210 693
234 3175 209 705
247 3374 199 699
251 3116 195 711
257 3284 210 695
222 2890 207 712
233 3063 204 709
241 3092 203 703
249 3068 196 711
268 3488 205 694
254 3154 196 709
239 3191 197 716
253 3076 195 718
267 3329 202 696
234 3286 206 702
267 3202 210 694
242 3112 197 721
239 3034 213 704
237 3109 212 702
273 3342 198 698
273 3342 198 698
255 3306 210 695
237 3069 215 704
252 3059 196 714
246 3170 196 700
260 3305 188 707
237 3178 201 711
270 3500 212 692
240 3260 195 703
239 3191 197 716
252 3159 198 709
240 3056 213 699
242 3175 197 719
229 3010 208 706
253 3355 195 698
252 3181 213 692
229 3010 208 706
267 3196 205 696
247 3374 199 699
268 3606 187 707
242 3175 197 719
267 3202 210 694
268 3488 205 694
237 3109 212 702
252 3181 213 692
237 3178 201 711
255 3170 195 706
261 3217 210 694
239 3217 198 703
253 3355 195 698
261 3217 210 694
270 3500 212 692
261 3217 210 694
239 3217 198 703
315 3991 197 698
276 3584 218 691
271 3599 188 707
242 3180 197 721
226 2909 207 711
292 3776 199 698
279 3600 205 694
235 3018 208 706
268 3363 203 696
230 3071 215 706
275 3484 193 701
275 3575 212 692
261 3604 199 699
269 3221 210 694
262 3348 191 711
248 3050 204 713
253 3445 190 704
259 3195 213 694
273 3517 197 702
241 3194 200 716
254 3084 196 714
245 3054 200 697
253 3284 195 710
253 3382 191 715
237 3048 202 718
245 3314 198 720
242 3098 215 703
256 3509 199 701
244 3309 202 703
261 3412 194 704
250 3138 197 718
248 3037 214 698
254 3288 213 692
252 3416 195 705
252 3416 195 705
249 3284 198 718
249 3258 199 717
248 3175 197 721
245 3314 198 720
250 3352 194 706
256 3509 199 701
249 3258 199 717
248 3290 198 703
253 3284 195 710
261 3604 199 699
249 3284 198 718
324 4114 199 702
288 3779 188 707
278 3578 213 692
263 3445 221 695
237 3059 206 728
231 2913 211 719
289 3871 198 703
267 3283 217 696
239 3051 209 708
281 3663 205 694
242 3156 207 713
262 3446 191 709
262 3388 191 716
251 3203 197 718
271 3654 200 704
257 3114 196 715
249 3149 202 698
250 3478 194 707
272 3394 205 696
281 3575 220 693
262 3405 196 711
267 3291 196 713
247 3209 201 700
246 3166 201 707
245 3210 203 704
254 3147 209 701
269 3215 210 697
250 3478 194 707
244 3345 210 705
269 3233 210 694
281 3575 220 693
259 3343 198 705
255 3098 201 701
256 3427 191 715
255 3340 197 716
255 3340 197 716
269 3233 210 694
269 3233 210 694
255 3340 197 716
286 3809 199 707
281 3580 220 693
256 3445 191 715
252 3223 197 719
244 3056 225 709
240 3180 226 711
239 3118 209 715
283 3646 213 693
254 3331 219 706
263 3203 196 715
246 3145 210 711
275 3657 200 704
276 3488 205 696
243 3172 211 709
266 3414 207 699
247 3370 211 701
271 3369 213 695
261 3341 209 702
252 3223 197 719
273 3751 203 700
266 3290 203 704
260 3521 209 700
282 3699 204 698
255 3508 202 703
272 3476 198 710
272 3240 210 699
271 3588 205 700
269 3695 211 698
269 3425 205 703
257 3312 196 715
246 3178 206 707
271 3460 205 701
288 3822 204 703
283 3728 211 697
268 3459 215 708
258 3593 193 726
258 3593 193 726
250 3172 209 715
263 3248 197 718
266 3375 200 715
276 3481 199 713
272 3572 203 707
282 3561 208 708
262 3479 197 719
270 3418 210 699
260 3515 213 708
275 3758 211 698
264 3459 210 714
305 3923 201 716
303 3775 211 698
275 3512 231 701
262 3340 212 720
258 3605 193 726
293 3769 211 703
271 3596 220 710
272 3431 222 706
282 3501 212 701
276 3556 203 713
288 3870 211 707
275 3533 206 722
272 3463 211 708
286 3617 205 715
280 3674 241 701
280 3605 211 708
282 3605 215 702
319 4075 219 725
289 3648 228 710
289 3793 225 718
309 3826 238 717
300 4048 244 710
285 3592 241 686
284 3646 197 696
260 3197 248 689
257 3395 185 712
218 2621 202 723
215 2942 204 717
248 3260 218 692
278 3484 233 688
255 3282 230 691
226 2828 190 719
276 3392 241 688
235 3054 192 705
263 3549 186 709
269 3294 193 697
242 3088 186 717
254 3306 231 690
224 3011 198 715
285 3563 247 687
245 3126 186 714
215 2882 204 718
229 2858 213 694
253 3305 188 702
272 3461 186 710
234 3189 204 697
236 2731 200 702
220 2757 202 703
231 2709 208 705
231 2838 198 709
245 3116 186 716
272 3461 186 710
277 3236 195 698
250 2959 211 694
216 2760 213 712
229 2745 203 699
217 3015 204 716
261 3363 186 711
254 3299 205 694
238 3004 198 698
254 3214 192 703
241 3265 186 713
226 2839 194 701
233 2759 201 700
261 3363 186 711
241 3401 186 712
230 2685 209 701
258 3304 198 696
241 3210 186 714
225 2731 207 695
285 3563 247 687
251 3388 191 712
251 3388 191 712
225 2731 207 695
250 2959 211 694
232 2786 205 698
231 2838 198 709
238 2772 201 699
232 2914 194 699
233 2729 208 703
237 2772 195 703
232 2914 194 699
232 2714 209 699
232 2786 205 698
230 2685 209 701
232 2714 209 699
232 2714 209 699
250 2959 211 694
238 2772 201 699
233 2729 208 703
232 2714 209 699
230 2685 209 701
257 3395 185 712
254 3214 192 703
257 3395 185 712
232 2714 209 699
241 3210 186 714
285 3563 247 687
285 3563 247 687
257 3395 185 712
251 3388 191 712
241 3210 186 714
241 3210 186 714
238 2772 201 699
232 2714 209 699
232 2714 209 699
232 2714 209 699
232 2714 209 699
232 2714 209 699
230 2685 209 701
230 2685 209 701
277 3471 241 688
276 3462 246 688
265 3579 186 709
264 3520 185 712
254 3260 254 693
230 2690 209 701
225 2798 206 725
215 2912 204 718
221 3002 210 715
225 2703 210 723
261 3394 246 690
264 3357 238 690
275 3309 193 698
228 2914 216 698
269 3502 205 695
251 3345 230 694
226 3080 221 714
256 3532 241 692
230 2877 190 719
259 3326 230 693
260 3436 205 696
215 2912 204 718
246 3142 186 714
245 3104 186 717
263 3361 246 692
234 2836 201 700
254 3217 192 703
231 2867 202 702
249 3132 192 705
231 2843 198 709
255 3338 190 709
234 3129 194 708
275 3548 225 694
226 3080 221 714
254 3217 192 703
262 3315 201 698
226 3014 226 714
236 3137 192 709
240 2977 205 698
260 3425 191 706
230 2735 209 698
227 2843 206 724
233 2747 208 703
226 3014 226 714
241 2848 201 699
245 3412 191 712
265 3406 186 711
275 3548 225 694
265 3406 186 711
230 2806 207 695
236 2846 203 699
265 3579 186 709
230 2782 208 705
242 2933 194 704
236 2944 198 701
228 2875 196 704
252 2888 206 698
260 3425 191 706
245 3104 186 717
228 2875 196 704
242 3139 192 708
230 2806 207 695
229 2846 202 703
265 3406 186 711
233 2788 204 699
246 3142 186 714
242 3139 192 708
252 2888 206 698
233 2842 202 703
240 2977 205 698
226 2788 206 725
259 3478 186 712
265 3489 185 712
264 3520 185 712
234 3129 194 708
236 2973 194 699
245 3412 191 712
236 2973 194 699
236 2944 198 701
233 2747 208 703
227 2943 196 705
264 3520 185 712
227 2943 196 705
226 2788 206 725
233 2842 202 703
233 2788 204 699
225 2798 206 725
259 3478 186 712
264 3411 186 712
227 2943 196 705
265 3579 186 709
265 3406 186 711
264 3520 185 712
264 3520 185 712
245 3412 191 712
245 3412 191 712
233 2788 204 699
233 2788 204 699
227 2943 196 705
225 2798 206 725
292 3620 204 698
277 3474 241 688
265 3656 186 709
265 3500 185 712
254 3268 254 693
251 3116 189 730
230 2691 209 701
216 2926 204 718
281 3581 225 694
269 3432 243 691
251 3116 189 730
263 3378 240 695
226 2845 206 725
254 3268 254 693
228 3011 212 713
275 3548 230 693
231 2930 190 719
260 3456 191 706
237 2884 198 708
242 2947 201 701
258 3328 192 703
240 2999 202 702
234 3024 200 707
277 3474 241 688
233 2788 209 698
220 2917 204 718
250 3099 221 696
225 2714 210 723
233 2925 200 722
265 3521 186 711
270 3475 230 694
256 3427 192 704
280 3376 193 701
238 3273 202 703
227 2712 218 723
246 3165 194 699
255 3246 192 711
232 3089 196 705
226 2845 206 725
239 3043 196 699
269 3432 243 691
227 3057 218 713
275 3548 230 693
229 3027 202 710
236 3212 195 716
225 2714 210 723
245 3118 186 717
230 2691 209 701
269 3399 205 698
236 2812 204 699
238 3083 195 715
270 3206 210 696
248 3175 193 715
263 3378 240 695
237 3155 194 714
275 3548 230 693
226 3058 226 714
236 2884 203 699
246 2918 209 697
266 3412 191 711
220 2917 204 718
269 3356 220 695
245 3182 220 696
275 3548 230 693
249 3342 186 714
228 3143 205 716
230 2691 209 701
240 3251 192 711
250 3414 191 712
233 3049 201 717
226 3058 226 714
228 3143 205 716
233 3049 201 717
227 3057 218 713
254 3268 254 693
249 3342 186 714
248 3418 191 712
250 2926 201 699
248 3418 191 712
254 3268 254 693
220 2917 204 718
275 3548 230 693
275 3548 230 693
275 3548 230 693
275 3548 230 693
275 3548 230 693
275 3548 230 693
275 3548 230 693
275 3548 230 693
275 3548 230 693
275 3548 230 693
275 3548 230 693
275 3548 230 693
275 3548 230 693
251 3116 189 730
251 3116 189 730
220 2917 204 718
220 2917 204 718
220 2917 204 718
220 2917 204 718
314 4124 211 698
285 3547 241 688
269 3595 185 712
254 3274 254 693
253 3129 189 725
230 2719 209 703
219 2938 204 718
273 3699 186 709
238 2760 217 701
285 3547 241 688
285 3547 241 688
266 3353 233 696
254 3274 254 693
278 3491 224 696
233 2872 206 725
277 3643 230 693
231 2932 190 719
267 3387 192 707
242 3052 196 717
258 3005 203 700
264 3498 192 705
246 2986 208 703
266 3475 192 706
237 3042 207 705
244 3304 193 712
235 3172 200 712
251 3360 186 714
255 3211 199 701
221 2927 204 718
266 3559 225 696
264 3554 191 710
247 2868 209 699
242 2956 209 699
244 3121 198 703
271 3246 200 700
221 2927 204 718
233 3136 197 713
250 3078 201 699
238 3073 198 711
246 3360 194 708
249 3228 197 708
240 3363 196 703
231 2932 190 719
252 3249 199 701
230 2719 209 703
249 3148 202 701
251 3068 201 702
246 3141 201 702
251 3360 186 714
239 3146 203 701
240 3007 202 702
219 2938 204 718
238 3022 204 699
254 3274 254 693
254 3274 254 693
285 3547 241 688
254 3274 254 693
254 3274 254 693
285 3549 241 688
277 3719 242 697
267 3396 254 693
238 2962 190 719
237 3057 201 726
234 2804 223 708
221 2983 204 718
256 3358 230 699
249 3327 194 712
248 3128 209 700
285 3547 241 690
282 3634 199 701
267 3396 254 693
279 3499 225 698
262 3110 202 717
241 3057 205 706
273 3457 197 703
244 3268 203 705
240 3022 205 710
271 3480 196 709
245 3161 202 704
237 3169 204 716
254 3182 201 705
267 3536 192 705
273 3442 195 709
244 3191 207 700
244 3022 205 701
268 3514 195 708
262 3172 198 708
268 3367 206 699
248 3184 206 700
293 3758 251 694
289 3833 244 696
267 3451 254 693
239 2976 190 719
251 3277 235 701
258 3111 217 705
265 3353 197 713
267 3502 201 705
279 3692 207 702
254 3105 209 706
275 3732 195 715
290 3647 196 706
249 3161 205 706
278 3650 195 708
266 3310 212 701
272 3661 205 703
262 3402 196 716
247 3425 203 714
262 3400 205 704
242 3113 207 708
246 3106 205 708
267 3451 254 693
267 3363 202 705
289 3841 201 707
267 3459 254 693
250 3095 193 728
239 3045 200 720
263 3518 238 701
273 3585 205 705
270 3248 220 710
285 3324 205 712
254 3297 211 715
252 3115 198 727
258 3354 198 725
247 3378 198 719
269 3527 231 705
276 3390 202 709
258 3391 246 709
265 3468 217 713
272 3429 193 720
270 3370 212 704
259 3461 233 705
260 3499 208 708
266 3303 209 710
267 3411 197 719
272 3432 208 707
270 3494 205 709
300 3763 207 708
276 3585 254 694
270 3483 229 706
261 3495 202 719
251 3484 205 723
272 3712 209 718
280 3551 219 709
279 3527 222 711
274 3584 208 714
280 3526 207 710
288 3743 224 713
