4 0.0965709
286 3608 215 692
249 3129 206 697
227 2949 227 699
234 2930 199 702
221 2994 202 709
275 3679 244 691
319 4336 254 689
258 3051 194 701
228 2800 210 712
221 2994 202 709
277 3607 249 696
274 3604 217 699
318 4034 247 704
262 3208 217 701
276 3383 250 699
271 3692 241 693
276 3737 215 699
232 2938 227 704
251 3124 242 697
285 3515 224 699
303 4015 220 717
284 3601 219 698
278 3755 236 707
265 3386 204 704
259 3345 234 706
246 3345 234 707
269 3563 218 699
301 4078 285 693
261 3216 243 693
259 3440 212 714
291 3814 230 698
322 4310 285 688
260 3170 218 709
256 3436 210 699
265 3443 213 709
220 2701 205 707
295 3833 217 714
255 3346 225 707
306 4031 250 697
265 3206 228 702
267 3267 203 701
273 3547 205 703
275 3659 228 704
268 3583 213 705
283 3783 204 714
307 3900 228 699
266 3428 223 716
239 3210 213 720
247 3299 218 709
302 3590 249 711
244 3151 215 705
274 3561 243 698
286 3785 218 702
232 3117 220 713
278 3793 216 701
278 3790 231 700
268 3682 242 695
290 3859 202 706
267 3605 221 705
310 4234 275 689
305 3962 232 717
289 3466 232 704
290 4036 267 688
287 3785 211 712
257 3029 230 701
311 4085 276 696
290 3788 257 703
300 3755 234 701
282 3451 212 708
263 3592 207 710
247 3389 223 695
258 3447 257 688
261 3496 222 707
258 3251 202 704
251 3434 196 705
286 3542 210 715
312 4178 286 697
287 3392 231 708
297 3995 211 708
292 3701 201 704
264 3329 201 708
327 4380 257 692
324 4131 233 705
265 3535 235 704
272 3591 221 707
278 3587 239 696
246 3195 219 697
267 3452 225 695
259 3260 204 702
265 3445 215 708
274 3518 249 690
257 3166 216 713
244 3056 207 702
264 3436 198 705
312 4095 218 706
240 3160 217 710
287 3903 279 697
271 3346 207 702
260 3347 214 704
276 3623 248 693
273 3659 220 706
277 3754 217 709
254 3245 236 699
320 4153 258 691
264 3415 204 708
332 4405 282 694
258 3370 212 703
288 3736 243 692
295 3870 210 701
290 3704 221 708
279 3773 248 694
312 4067 207 701
283 3695 235 702
303 3891 219 708
259 3170 202 705
244 3184 226 714
275 3517 230 711
310 3934 195 700
271 3451 236 707
344 4590 242 699
264 3417 220 703
257 3271 214 703
267 3504 226 693
283 3668 209 709
269 3662 254 704
280 3591 240 695
270 3337 211 694
266 3484 216 703
265 3440 203 706
292 3887 259 698
243 3131 211 705
264 3282 200 697
267 3340 243 701
260 3609 215 715
269 3673 226 697
243 3177 221 707
282 3924 201 713
269 3694 255 696
231 2969 210 703
273 3586 207 708
265 3482 238 709
310 4065 229 701
303 3950 219 710
238 3274 222 712
259 3211 217 708
283 3648 213 714
293 3815 233 693
313 3974 251 699
302 3968 270 696
271 3400 231 701
260 3511 233 707
263 3439 237 716
266 3369 247 704
226 2931 221 703
267 3346 220 702
299 3692 242 697
261 3356 209 702
257 3397 224 712
351 4681 271 698
262 3514 214 713
284 3692 269 698
302 4103 258 697
291 3681 232 697
255 3321 200 706
277 3478 231 694
264 3429 233 713
288 3666 248 691
275 3519 226 696
264 3400 227 701
232 3174 206 707
269 3604 229 696
252 3267 231 714
274 3781 255 700
272 3528 214 714
313 4016 256 691
234 3075 213 699
265 3123 214 701
240 3316 222 705
244 3035 225 696
306 3972 226 693
275 3637 259 696
300 3898 238 697
291 3598 202 710
237 3052 216 706
261 3420 213 698
240 3131 225 702
291 3703 270 697
291 3756 235 700
251 3329 227 703
285 3647 221 700
250 3141 232 711
253 3201 214 703
267 3416 236 711
286 3797 210 713
255 3397 229 711
250 3322 221 700
313 4111 266 689
279 3624 275 696
233 3211 223 705
286 3670 210 706
263 3594 210 718
239 3149 204 699
327 4209 286 705
289 3861 224 698
274 3207 215 700
245 3247 210 701
264 3524 226 701
277 3718 206 701
352 4732 270 701
259 3124 225 715
282 3592 248 703
276 3733 256 698
253 3144 210 697
296 3650 210 706
264 3214 227 695
268 3529 208 703
260 3128 216 708
302 4026 236 708
279 3688 238 697
240 3235 208 708
237 3176 215 710
266 3118 209 701
254 3271 221 709
283 3709 228 697
249 3291 217 709
286 3698 209 710
313 4185 259 692
277 3577 237 694
246 3151 221 701
250 3383 220 705
292 4078 244 709
316 4336 283 700
271 3377 207 701
270 3383 204 713
311 4014 255 696
290 3764 198 711
244 3270 211 700
265 3354 208 710
257 3326 227 697
254 3340 222 706
288 3836 273 698
269 3461 233 711
249 3268 207 708
333 4383 227 704
288 3652 220 707
257 3311 224 701
285 3901 252 716
316 4064 225 711
245 3271 236 697
274 3571 227 711
272 3692 239 701
269 3326 208 701
278 3637 222 712
275 3628 271 710
270 3404 215 710
299 4125 253 693
269 3378 200 708
251 3247 230 700
246 3162 209 708
256 3379 207 705
283 3780 240 697
266 3292 237 701
295 3552 234 696
305 3995 251 698
279 3553 225 701
308 4025 228 710
241 3144 228 713
283 3624 230 696
261 3301 202 700
252 3244 242 693
286 3817 221 712
289 3847 213 705
256 3425 236 695
273 3707 268 688
237 3303 213 703
283 3795 231 702
317 4063 260 700
271 3616 226 715
253 3254 219 709
292 3847 243 696
273 3558 221 707
277 3539 248 692
298 4109 210 709
268 3393 235 696
243 3029 207 698
306 3792 220 711
280 3623 221 703
247 3133 228 701
268 3545 228 708
250 3284 205 700
263 3492 249 700
292 3794 214 709
276 3537 232 709
263 3230 224 709
248 3049 232 700
233 3052 202 707
255 3227 212 710
277 3800 257 698
240 3074 211 706
289 3861 266 701
262 3382 207 704
282 3662 216 708
249 3194 216 702
271 3409 215 708
248 3278 207 715
264 3314 205 709
271 3474 247 703
261 3360 207 701
258 3440 222 704
290 3695 252 701
243 3268 213 696
286 3693 210 708
285 3932 268 692
286 3549 207 704
250 3128 213 717
279 3708 216 699
318 4070 253 712
267 3691 255 692
255 3490 225 711
267 3598 242 699
265 3452 221 705
322 3877 250 696
264 3590 216 712
281 3710 263 692
292 4031 222 705
259 3452 215 717
277 3717 233 703
269 3569 214 705
294 3999 252 714
291 3701 243 706
299 3817 264 697
232 2995 207 711
253 3088 218 710
268 3510 245 701
287 3734 260 694
236 2972 219 701
268 3637 250 696
280 3490 219 702
293 3695 229 700
274 3355 200 709
252 3158 217 701
301 4034 260 696
256 3384 202 709
270 3536 209 702
287 3842 258 696
233 2997 218 706
323 4112 265 697
271 3560 223 689
248 3321 210 707
267 3478 240 703
277 3672 205 707
254 3206 210 700
277 3573 239 700
260 3536 245 703
298 3705 234 691
301 3965 209 711
265 3388 199 696
251 3211 226 709
320 4201 246 694
247 3074 202 707
248 3231 211 700
284 3853 260 704
248 3298 210 717
283 3651 207 704
241 3082 208 703
266 3574 214 709
293 3728 252 695
275 3532 211 708
301 3893 251 701
316 4113 260 693
272 3708 236 715
247 3189 218 712
279 3600 214 711
253 3160 203 708
279 3316 210 699
267 3476 210 704
241 3119 236 701
246 3263 210 703
305 3924 235 703
251 3344 224 702
237 3152 212 711
274 3658 235 699
268 3320 250 719
244 3105 223 714
278 3653 209 701
259 3397 212 705
268 3394 228 706
280 3758 231 697
308 4084 257 696
308 3856 282 705
295 3676 234 693
267 3384 200 705
281 3645 239 707
286 3855 228 698
276 3591 227 714
270 3436 233 688
272 3251 205 702
254 3367 215 701
257 3319 231 700
287 3556 233 699
288 3573 200 706
262 3563 236 702
230 2958 223 697
261 3252 246 699
267 3522 225 717
285 3851 257 701
295 3878 202 718
297 3913 238 705
304 4129 209 712
258 3418 209 711
274 3597 248 698
311 4099 223 706
310 4201 246 711
243 3061 216 700
264 3265 203 702
276 3713 235 700
267 3465 228 700
309 3893 224 695
274 3715 244 694
246 3147 220 702
280 3779 213 705
274 3557 208 713
325 4404 227 711
253 3152 210 699
284 3501 222 706
261 3425 225 700
301 4099 253 715
267 3455 233 701
258 3569 239 688
303 3860 231 701
290 3794 216 720
308 4135 279 695
274 3573 205 706
283 3854 278 697
273 3280 233 716
233 3005 223 706
284 3760 239 693
260 3363 205 701
279 3769 204 704
287 3598 225 702
236 3137 201 711
277 3449 208 700
287 3806 230 715
252 3331 214 699
283 3617 202 706
243 3184 210 712
263 3494 234 693
259 3370 246 700
321 4335 205 705
291 3692 271 699
304 3693 219 701
252 3340 221 712
216 2848 202 704
282 3523 225 710
284 3918 271 695
248 3178 237 702
313 4044 254 696
256 3328 220 720
271 3463 224 703
260 3320 216 701
235 3064 202 704
278 3733 216 705
276 3494 233 714
271 3642 220 705
239 3053 220 697
274 3806 214 703
291 3672 226 698
247 3134 227 704
278 3523 252 699
264 3195 215 708
293 3921 261 688
266 3388 211 709
304 3886 246 703
228 3098 200 707
273 3478 210 715
226 3044 210 708
277 3758 243 707
273 3615 218 714
307 3892 277 701
282 3739 221 715
