2345 160.823
215 2001 209 672
209 2005 209 672
191 1890 181 679
179 2239 173 684
176 2323 175 682
176 2144 175 690
173 2151 173 686
176 2144 175 690
177 2247 175 682
209 2005 209 672
173 2151 173 686
200 1910 192 677
199 1939 197 676
176 2084 176 682
176 2323 175 682
204 1929 198 676
178 2000 178 680
212 1964 203 673
193 1949 191 675
190 1906 187 678
181 2215 173 683
212 1964 203 673
179 2239 173 684
203 1976 203 673
183 2026 183 677
178 2000 178 680
179 2068 179 679
175 2209 175 684
196 1896 187 678
175 2168 173 685
173 2195 173 685
182 2084 174 683
185 1990 185 676
195 1901 187 678
177 2065 174 684
175 2168 173 685
190 1906 187 678
173 2195 173 685
197 1952 197 674
188 1892 181 679
191 1890 181 679
185 1990 185 676
200 1910 192 677
186 1941 186 678
184 1965 183 677
181 2049 179 679
176 2084 176 682
206 1946 197 674
200 1910 192 677
212 1964 203 673
192 1922 192 677
183 2026 183 677
215 2001 209 672
212 1964 203 673
198 1934 198 676
193 1949 191 675
182 2084 174 683
181 2049 179 679
187 1905 181 679
180 1937 180 679
197 1942 197 676
180 1937 180 679
203 1976 203 673
209 2005 209 672
206 1946 197 674
205 1973 203 673
193 1957 186 676
193 1949 191 675
195 1916 192 677
206 1927 198 676
197 1952 197 674
198 1913 192 677
205 1973 203 673
184 1965 183 677
205 1973 203 673
199 1939 197 676
193 1949 191 675
191 1890 181 679
197 1952 197 674
193 1949 191 675
191 1890 181 679
212 1964 203 673
209 2005 209 672
209 1969 203 673
209 1969 203 673
206 1946 197 674
197 1942 197 676
193 1949 191 675
215 2001 209 672
215 2001 209 672
215 2001 209 672
215 2001 209 672
215 2001 209 672
215 2001 209 672
215 2001 209 672
215 2001 209 672
215 2001 209 672
212 1964 203 673
212 1964 203 673
209 2005 209 672
209 2005 209 672
209 2005 209 672
209 2005 209 672
209 2005 209 672
209 2005 209 672
209 2005 209 672
209 2005 209 672
209 2005 209 672
209 2005 209 672
209 2005 209 672
209 2005 209 672
209 2005 209 672
209 2005 209 672
209 2005 209 672
209 1969 203 673
209 1969 203 673
209 1969 203 673
205 1973 203 673
205 1973 203 673
205 1973 203 673
203 1976 203 673
203 1976 203 673
203 1976 203 673
203 1976 203 673
199 1949 197 674
199 1949 197 674
199 1949 197 674
199 1949 197 674
199 1949 197 674
199 1939 197 676
199 1939 197 676
197 1952 197 674
197 1952 197 674
197 1952 197 674
197 1942 197 676
197 1942 197 676
197 1942 197 676
193 1949 191 675
193 1949 191 675
191 1890 181 679
191 1890 181 679
191 1890 181 679
191 1890 181 679
191 1890 181 679
191 1890 181 679
191 1890 181 679
191 1890 181 679
221 2255 186 676
215 2003 209 672
209 2007 209 672
191 1896 181 679
208 2065 183 677
212 2014 187 678
199 1967 197 674
202 1961 197 674
205 1982 203 673
212 1968 203 673
200 1973 192 675
204 1966 191 675
201 2045 191 675
215 2003 209 672
209 1971 203 673
219 2093 183 677
210 2022 209 672
209 2028 209 672
197 1899 181 679
203 2017 197 676
208 2066 191 675
208 1975 192 677
205 1987 203 673
210 2001 197 674
205 1978 192 675
208 1985 203 673
204 2012 197 674
207 2011 197 674
204 2012 197 674
208 1985 203 673
234 2268 183 677
216 2027 209 672
213 2086 209 672
197 1944 181 679
216 2075 191 675
205 2002 203 673
205 2122 197 674
211 2004 197 674
206 2020 197 674
214 2052 209 672
214 2052 209 672
242 2332 187 678
234 2402 186 678
224 2059 209 672
215 2003 203 673
214 2075 209 672
202 2062 181 679
217 2108 191 675
214 2009 197 674
207 2048 197 676
206 2009 203 673
216 2090 192 675
207 2051 197 674
208 2027 197 674
218 2062 209 672
224 2120 191 675
220 2082 209 672
218 2124 191 675
217 2105 209 672
208 2011 203 673
205 2075 181 679
208 2064 197 674
215 2023 197 676
209 2036 197 676
212 2027 197 674
217 2124 192 675
210 2037 197 674
224 2131 191 675
224 2092 209 672
216 2087 187 679
216 2017 203 673
212 2178 197 674
211 2101 181 679
210 2028 209 674
208 2094 197 676
220 2032 197 676
217 2115 209 672
221 2128 192 675
214 2111 197 674
222 2036 197 674
216 2083 197 676
211 2027 203 673
212 2027 202 674
217 2086 197 674
222 2098 209 672
224 2131 191 675
228 2095 209 672
223 2231 192 677
220 2132 209 672
216 2034 203 673
211 2152 181 679
211 2079 203 673
224 2135 191 675
218 2090 197 674
217 2181 197 675
211 2130 198 676
212 2041 203 673
216 2116 198 676
225 2104 209 672
214 2039 203 673
223 2131 209 672
230 2224 191 675
228 2100 209 672
225 2197 209 672
224 2331 191 675
213 2175 181 679
213 2041 203 673
212 2043 203 673
216 2124 198 676
223 2093 197 674
219 2138 198 674
212 2043 203 673
224 2181 192 675
227 2258 191 675
218 2148 197 674
226 2110 209 672
238 2197 192 675
225 2239 209 672
224 2358 181 679
219 2054 203 673
215 2193 187 681
212 2069 203 673
237 2296 191 675
234 2205 181 679
231 2349 191 676
227 2130 209 672
221 2157 197 674
231 2100 197 674
218 2058 203 673
226 2205 192 675
218 2151 198 676
231 2220 187 679
220 2145 198 674
260 2509 181 679
250 2537 187 680
231 2140 209 672
221 2065 203 673
213 2085 203 673
249 2421 191 675
218 2197 198 676
227 2218 192 675
230 2190 209 672
226 2289 209 672
216 2070 203 673
231 2116 197 674
231 2116 197 674
224 2159 197 674
231 2116 197 674
231 2116 197 674
231 2116 197 674
241 2158 209 672
229 2347 209 672
227 2239 192 675
223 2237 201 676
223 2065 203 673
216 2146 203 674
232 2178 197 674
217 2071 203 673
225 2253 198 674
231 2227 198 674
230 2200 209 672
228 2251 197 674
238 2234 197 674
237 2259 198 676
232 2213 209 672
229 2295 198 674
227 2260 192 675
220 2080 203 673
217 2092 203 673
238 2234 197 674
219 2087 203 673
250 2247 197 674
244 2360 197 674
236 2269 192 675
234 2227 209 672
233 2313 209 672
228 2312 192 677
223 2081 203 673
218 2095 203 673
236 2332 198 674
234 2333 192 675
220 2084 203 673
247 2229 209 672
240 2334 209 672
238 2319 193 677
237 2333 192 675
220 2086 203 673
218 2173 203 675
219 2128 203 673
241 2240 209 672
246 2333 192 675
243 2288 209 672
241 2447 192 675
241 2338 202 676
240 2384 209 672
220 2099 203 673
245 2429 192 675
241 2310 209 672
248 2436 197 676
246 2451 192 675
243 2305 209 672
220 2117 203 673
247 2352 209 672
244 2428 209 672
224 2123 203 673
222 2136 203 674
220 2167 203 673
222 2136 203 674
245 2368 209 672
222 2136 203 674
254 2363 209 672
244 2436 209 672
222 2139 203 676
226 2204 203 673
222 2160 203 674
233 2169 203 673
229 2139 203 674
244 2161 203 673
240 2167 203 673
244 2436 209 672
229 2191 203 673
222 2160 203 674
244 2438 209 672
228 2162 212 676
225 2168 212 676
222 2170 203 674
230 2219 203 673
228 2162 212 676
245 2442 209 672
236 2178 212 676
228 2182 212 676
226 2184 203 674
224 2188 203 674
232 2234 203 673
235 2228 203 673
246 2451 209 672
242 2232 203 673
228 2205 207 679
226 2264 206 681
232 2266 203 673
235 2233 203 673
255 2566 209 672
248 2255 203 673
238 2240 204 673
233 2281 212 676
233 2338 203 673
237 2281 203 675
243 2288 203 673
249 2257 203 673
238 2408 203 673
234 2361 204 675
242 2268 204 675
236 2360 203 674
245 2361 203 673
242 2396 203 674
242 2396 203 674
242 2284 204 675
242 2284 204 675
240 2410 203 673
242 2396 203 674
242 2396 203 674
242 2396 203 674
242 2396 203 674
244 2427 203 673
243 2304 204 675
242 2410 203 674
251 2436 203 673
250 2442 203 673
246 2364 212 676
245 2381 212 676
242 2412 203 674
257 2537 203 673
253 2412 212 676
252 2456 203 675
253 2533 203 674
253 2437 204 675
254 2589 203 674
215 2001 209 672
209 2005 209 672
191 1890 181 679
179 2239 173 684
176 2323 175 682
176 2144 175 690
173 2151 173 686
177 2247 175 682
192 1922 192 677
176 2144 175 690
176 2323 175 682
209 2005 209 672
204 1929 198 676
190 1906 187 678
178 2000 178 680
205 1973 203 673
182 2084 174 683
193 1949 191 675
176 2084 176 682
203 1976 203 673
181 2215 173 683
206 1936 197 676
212 1964 203 673
206 1946 197 674
176 2084 176 682
179 2239 173 684
197 1952 197 674
178 2000 178 680
175 2209 175 684
188 1892 181 679
196 1896 187 678
185 1990 185 676
175 2168 173 685
173 2195 173 685
198 1913 192 677
173 2151 173 686
185 1990 185 676
177 2065 174 684
175 2168 173 685
195 1944 183 677
173 2195 173 685
190 1952 183 677
193 1949 191 675
187 1905 181 679
181 2049 179 679
200 1910 192 677
183 2026 183 677
215 2001 209 672
183 2026 183 677
179 2068 179 679
212 1964 203 673
212 1964 203 673
209 2005 209 672
209 2005 209 672
195 1901 187 678
198 1934 198 676
199 1939 197 676
192 1942 186 676
189 1909 186 678
181 2049 179 679
212 1964 203 673
180 1937 180 679
209 2005 209 672
206 1936 197 676
206 1936 197 676
191 1890 181 679
191 1890 181 679
180 1937 180 679
184 1965 183 677
191 1890 181 679
193 1949 191 675
206 1927 198 676
196 1896 187 678
189 1966 186 676
205 1973 203 673
203 1976 203 673
199 1949 197 674
200 1910 192 677
212 1964 203 673
205 1973 203 673
200 1910 192 677
193 1949 191 675
209 1969 203 673
209 2005 209 672
193 1949 191 675
191 1890 181 679
206 1936 197 676
215 2001 209 672
215 2001 209 672
215 2001 209 672
215 2001 209 672
215 2001 209 672
215 2001 209 672
215 2001 209 672
215 2001 209 672
212 1964 203 673
212 1964 203 673
212 1964 203 673
212 1964 203 673
212 1964 203 673
212 1964 203 673
212 1964 203 673
212 1964 203 673
212 1964 203 673
212 1964 203 673
212 1964 203 673
212 1964 203 673
209 2005 209 672
209 2005 209 672
209 2005 209 672
209 2005 209 672
209 2005 209 672
209 2005 209 672
209 2005 209 672
209 2005 209 672
209 2005 209 672
205 1973 203 673
205 1973 203 673
205 1973 203 673
205 1973 203 673
205 1973 203 673
205 1973 203 673
205 1973 203 673
205 1973 203 673
205 1973 203 673
205 1973 203 673
203 1976 203 673
203 1976 203 673
203 1976 203 673
203 1976 203 673
203 1976 203 673
203 1976 203 673
200 1910 192 677
200 1910 192 677
200 1910 192 677
193 1949 191 675
193 1949 191 675
193 1949 191 675
193 1949 191 675
193 1949 191 675
193 1949 191 675
191 1890 181 679
191 1890 181 679
191 1890 181 679
191 1890 181 679
191 1890 181 679
215 2006 209 672
212 2044 183 677
209 2035 209 672
191 1898 181 679
203 1981 203 673
201 1927 192 677
204 1988 197 674
206 1941 197 676
199 1962 187 678
199 2018 186 676
196 1995 191 675
203 1969 191 675
203 1942 187 678
196 1995 191 675
211 2007 209 672
211 2007 209 672
196 1995 191 675
253 2482 186 676
251 2656 186 676
215 2009 209 672
203 1902 181 679
191 1903 181 679
225 2190 187 676
242 2428 186 678
203 1982 203 673
212 2030 198 674
214 2066 197 674
211 2035 209 672
200 1970 187 678
211 1969 192 677
253 2482 186 676
206 2093 197 674
206 1986 192 677
208 1976 191 675
208 1976 191 675
206 1986 192 677
203 2050 191 675
205 2017 192 677
203 2050 191 675
203 2050 191 675
208 1976 191 675
206 1986 192 677
253 2482 186 676
208 1976 191 675
206 1986 192 677
253 2504 186 676
214 2076 209 672
198 1914 189 679
193 1915 181 679
191 1918 181 679
237 2370 187 678
224 2078 197 674
206 1988 192 677
222 2142 198 674
238 2184 187 678
213 1986 203 673
219 2194 197 674
206 1994 203 673
208 2009 191 675
211 2001 191 675
211 1992 203 673
225 2155 197 674
217 2100 209 672
203 1927 181 679
195 1941 181 679
212 2023 192 677
214 2047 191 675
209 2048 191 675
207 1996 203 673
225 2003 192 677
206 2000 203 673
229 2235 197 674
225 2112 209 672
217 2142 209 672
211 1946 181 679
202 1955 181 679
207 2004 203 673
221 2068 196 675
210 2100 192 677
216 2082 191 675
217 1998 203 673
214 2074 197 676
212 2098 197 676
219 2118 209 672
209 2113 191 675
237 2248 197 674
225 2121 209 672
221 2185 209 672
203 1974 181 679
218 2112 192 677
207 2022 203 673
222 2104 198 676
228 2129 196 675
212 2138 191 675
215 2017 203 673
221 2115 197 676
212 2138 191 675
207 2022 203 673
214 2020 203 673
241 2380 198 674
223 2253 209 672
205 2018 181 679
219 2125 192 677
222 2198 191 675
209 2028 203 673
213 2025 203 673
225 2152 209 672
224 2125 197 676
227 2165 192 675
227 2165 192 675
223 2161 197 676
212 2172 197 676
224 2240 209 672
223 2253 209 672
223 2253 209 672
223 2253 209 672
246 2420 202 674
231 2154 209 672
224 2251 209 672
215 2025 203 673
205 2040 181 679
227 2252 191 675
236 2210 196 675
210 2035 203 673
223 2128 192 677
229 2166 198 676
220 2150 192 677
229 2189 197 676
227 2211 192 675
219 2251 197 676
226 2157 209 672
249 2212 192 675
239 2507 191 675
232 2224 209 672
226 2271 209 672
220 2035 203 673
206 2076 181 679
215 2083 203 673
242 2415 192 675
228 2310 197 676
231 2195 197 676
223 2208 192 677
217 2037 203 673
216 2061 203 673
231 2229 209 672
287 2589 196 675
227 2277 209 672
218 2040 203 673
217 2083 181 679
215 2119 203 673
261 2519 194 676
235 2259 192 677
228 2385 197 676
232 2300 192 677
235 2198 197 676
234 2240 197 676
216 2075 203 673
217 2043 203 673
234 2240 197 676
234 2240 197 676
243 2287 197 676
240 2278 209 672
235 2196 181 679
232 2388 209 672
218 2232 181 679
218 2052 203 675
217 2151 203 673
232 2323 192 677
239 2314 192 677
221 2207 181 679
218 2056 203 673
234 2296 209 672
218 2056 203 673
243 2304 198 676
242 2288 209 672
235 2297 209 672
232 2332 192 677
226 2258 181 679
219 2057 203 675
218 2111 203 673
222 2058 209 674
219 2060 203 673
235 2297 209 672
247 2416 191 679
237 2300 209 672
235 2302 209 672
219 2062 203 673
245 2415 198 676
234 2343 192 677
250 2426 191 679
241 2456 192 677
237 2388 192 679
235 2305 209 672
235 2305 209 672
219 2064 203 673
235 2305 209 672
235 2305 209 672
235 2305 209 672
235 2305 209 672
247 2503 192 677
238 2316 209 672
224 2071 203 673
219 2092 203 673
220 2072 203 673
263 2589 192 677
257 2642 192 677
238 2322 209 672
222 2074 203 673
219 2093 203 673
220 2082 203 673
279 2589 192 677
238 2336 209 672
228 2077 203 673
220 2088 203 673
266 2367 209 672
242 2427 209 672
220 2097 203 673
248 2377 209 672
259 2447 209 672
250 2619 209 672
222 2106 203 673
220 2157 203 673
253 2507 209 672
258 2483 209 672
221 2117 203 673
224 2115 203 673
222 2121 203 673
227 2118 203 673
223 2121 203 673
227 2141 203 673
225 2125 203 675
224 2205 203 673
224 2126 203 674
223 2131 203 675
227 2152 203 673
226 2208 203 673
224 2134 209 674
224 2159 203 674
230 2173 203 673
227 2283 203 673
227 2154 211 673
224 2231 203 675
228 2236 203 673
231 2185 203 673
229 2236 203 673
228 2273 203 673
241 2213 203 673
230 2243 203 673
229 2259 203 673
233 2252 203 673
232 2278 203 675
229 2283 203 673
244 2282 203 673
241 2304 211 673
231 2319 203 673
245 2287 203 673
244 2438 214 675
240 2451 204 675
248 2420 203 673
246 2424 203 673
255 2467 204 673
250 2496 203 673
259 2503 203 673
259 2503 203 673
259 2503 203 673
257 2520 203 673
251 2568 203 675
260 2524 203 673
260 2528 203 673
265 2587 203 673
261 2535 211 673
266 2633 212 674
279 2777 212 676
270 2711 220 674
270 2711 220 674
270 2711 220 674
270 2711 220 674
271 2734 220 675
215 2001 209 672
215 2001 209 672
209 2005 209 672
191 1890 181 679
179 2239 173 684
176 2323 175 682
176 2144 175 690
173 2151 173 686
177 2247 175 682
173 2151 173 686
212 1968 203 673
176 2144 175 690
209 2005 209 672
200 1910 192 677
176 2323 175 682
203 1969 203 673
197 1951 197 674
178 2000 178 680
182 2084 174 683
193 1949 191 675
176 2084 176 682
192 1922 192 677
179 2068 179 679
181 2215 173 683
196 1896 187 678
195 1952 186 676
206 1927 198 676
176 2084 176 682
178 2000 178 680
183 2026 183 677
195 1901 187 678
193 1942 183 677
203 1969 203 673
175 2168 173 685
179 2239 173 684
175 2168 173 685
173 2195 173 685
188 1893 181 679
185 1990 185 676
175 2209 175 684
185 1990 185 676
177 2065 174 684
196 1896 187 678
199 1939 197 676
173 2195 173 685
204 1929 198 676
181 2049 179 679
184 1965 183 677
191 1890 181 679
186 1941 186 678
183 2026 183 677
193 1949 191 675
212 1968 203 673
215 2001 209 672
209 2005 209 672
206 1927 198 676
190 1906 187 678
189 1909 186 678
181 2049 179 679
180 1937 180 679
180 1937 180 679
215 2001 209 672
203 1969 203 673
199 1949 197 674
193 1949 191 675
206 1927 198 676
198 1913 192 677
209 2005 209 672
198 1934 198 676
206 1927 198 676
200 1910 192 677
190 1892 181 679
189 1966 186 676
188 1893 181 679
199 1949 197 674
197 1951 197 674
191 1890 181 679
197 1951 197 674
191 1890 181 679
203 1969 203 673
197 1951 197 674
193 1949 191 675
206 1946 197 674
215 2001 209 672
209 2005 209 672
193 1949 191 675
215 2001 209 672
215 2001 209 672
215 2001 209 672
215 2001 209 672
215 2001 209 672
215 2001 209 672
215 2001 209 672
215 2001 209 672
215 2001 209 672
215 2001 209 672
215 2001 209 672
215 2001 209 672
215 2001 209 672
215 2001 209 672
215 2001 209 672
215 2001 209 672
215 2001 209 672
215 2001 209 672
215 2001 209 672
215 2001 209 672
215 2001 209 672
215 2001 209 672
209 2005 209 672
209 2005 209 672
209 2005 209 672
209 2005 209 672
209 2005 209 672
209 2005 209 672
206 1927 198 676
206 1927 198 676
206 1927 198 676
206 1927 198 676
206 1927 198 676
206 1927 198 676
203 1969 203 673
203 1969 203 673
203 1969 203 673
203 1969 203 673
203 1969 203 673
203 1969 203 673
203 1969 203 673
203 1969 203 673
203 1969 203 673
197 1951 197 674
197 1951 197 674
197 1951 197 674
197 1951 197 674
197 1951 197 674
197 1951 197 674
193 1949 191 675
193 1949 191 675
193 1949 191 675
191 1890 181 679
191 1890 181 679
188 1893 181 679
188 1893 181 679
215 2005 209 672
209 2012 209 672
205 2032 183 677
188 1899 181 679
203 1973 203 673
195 1965 191 675
215 2005 209 672
197 1954 197 674
198 1952 191 675
207 1932 198 676
206 1935 198 676
206 1935 198 676
206 1935 198 676
209 2012 209 672
206 1935 198 676
209 2012 209 672
209 2012 209 672
209 2012 209 672
206 1935 198 676
217 2147 186 678
215 2006 209 672
209 2049 209 672
193 1906 181 679
189 1927 181 679
203 1974 203 673
216 2124 187 678
200 1968 197 674
200 1993 191 675
195 1969 191 677
206 1949 198 676
207 1945 198 676
247 2333 186 678
242 2453 186 678
215 2008 209 672
209 2074 209 672
193 1922 181 679
232 2237 187 678
200 2021 191 675
207 1965 198 676
203 1976 203 673
205 1978 197 674
202 1992 197 674
212 2050 209 672
249 2469 186 678
215 2024 209 672
214 2052 209 672
195 1953 181 679
237 2312 187 678
203 2066 191 675
203 1984 203 673
202 2020 197 674
205 2055 191 675
208 1975 198 676
207 1975 198 677
209 1967 198 676
209 1967 198 676
209 1967 198 676
220 2058 209 672
220 2058 209 672
215 2089 209 672
200 1968 181 679
197 1960 181 680
203 1985 203 673
203 2032 197 674
208 2055 191 675
210 2007 198 676
211 1971 198 676
206 2068 192 675
207 2074 191 675
219 2065 209 672
219 2065 209 672
220 2058 209 672
220 2058 209 672
220 2058 209 672
220 2060 209 672
217 2148 209 672
212 1987 198 676
204 1996 181 680
202 2104 181 679
206 1988 203 673
210 2077 197 674
208 2103 191 675
208 2002 181 679
219 2101 192 677
218 2140 209 672
219 2086 209 672
220 2063 209 672
217 2157 209 672
215 2026 181 679
213 2229 181 679
213 1989 198 676
208 1999 203 673
210 2119 191 675
212 2044 198 676
214 2084 199 675
217 2120 197 674
214 2125 197 674
208 2110 192 675
208 2110 192 675
208 2110 192 675
225 2073 209 672
217 2163 209 672
216 2039 181 679
213 1999 198 676
208 2021 203 673
219 2151 197 674
208 2115 192 675
211 2123 191 675
220 2074 209 672
208 2021 203 673
210 2126 191 675
222 2074 209 672
220 2077 209 672
216 2046 181 679
216 2046 181 679
214 2001 198 676
212 2188 191 675
213 2031 203 673
221 2147 192 677
214 2165 192 675
221 2151 197 674
216 2046 181 679
234 2176 197 674
232 2410 191 675
221 2084 209 672
220 2137 209 672
217 2048 198 676
216 2057 181 679
213 2141 203 673
222 2282 191 677
233 2251 191 675
218 2048 203 673
214 2099 204 675
216 2100 209 674
221 2200 197 674
216 2094 204 675
216 2094 204 675
216 2094 204 675
247 2336 192 675
241 2415 192 677
226 2093 209 672
221 2104 209 672
218 2053 198 676
216 2098 181 679
228 2210 197 674
225 2121 203 673
219 2133 204 675
218 2135 203 673
221 2108 204 673
223 2099 209 672
222 2131 203 675
285 2818 192 677
224 2106 209 672
223 2245 209 672
220 2106 181 679
218 2142 203 673
240 2313 197 674
237 2439 197 674
229 2319 199 674
223 2110 198 676
222 2115 198 676
249 2331 198 674
241 2414 197 676
227 2197 181 679
224 2109 209 672
220 2175 203 673
241 2414 197 676
249 2331 198 674
225 2132 198 676
226 2152 203 673
225 2159 203 673
249 2372 198 674
241 2416 197 676
240 2204 181 680
224 2110 209 672
227 2223 181 679
232 2174 203 675
228 2144 198 676
236 2206 204 673
242 2224 203 673
227 2358 203 673
226 2211 204 675
241 2212 181 679
241 2259 203 673
228 2179 203 675
227 2231 203 675
241 2212 181 679
254 2380 198 674
252 2460 198 674
241 2232 181 679
230 2239 181 679
227 2111 209 672
224 2131 209 672
242 2279 198 676
242 2300 203 673
239 2452 198 677
230 2203 204 675
238 2460 203 673
241 2376 198 676
232 2208 203 675
232 2208 203 675
253 2456 198 674
257 2392 203 673
253 2512 203 673
230 2271 181 679
226 2133 209 673
224 2134 209 672
248 2324 198 676
232 2212 203 675
232 2212 203 675
232 2212 203 675
265 2507 203 673
235 2483 181 679
225 2138 209 672
252 2372 198 676
248 2414 198 676
237 2228 203 675
232 2240 203 675
257 2424 198 676
234 2168 209 672
226 2257 209 674
235 2268 203 675
227 2236 209 672
231 2200 209 672
229 2235 209 672
229 2235 209 672
263 2426 198 676
244 2219 209 672
233 2215 217 672
229 2245 209 672
238 2307 203 675
242 2224 209 672
242 2224 209 672
242 2224 209 672
242 2224 209 672
242 2224 209 672
242 2224 209 672
283 2696 198 676
231 2251 209 672
229 2291 209 672
251 2421 203 675
230 2270 209 672
246 2278 209 672
240 2316 209 672
232 2281 209 673
230 2308 209 673
229 2328 209 672
250 2328 209 672
235 2300 209 673
232 2347 209 672
232 2339 209 674
236 2321 209 673
236 2321 209 673
234 2356 209 672
232 2386 209 672
253 2367 209 672
245 2355 209 673
235 2375 209 672
232 2406 209 672
237 2375 209 672
235 2410 209 672
237 2391 209 672
235 2419 209 672
237 2395 209 672
237 2395 209 672
237 2395 209 672
237 2395 209 672
237 2395 209 672
252 2415 209 673
246 2418 209 672
241 2420 209 672
252 2416 209 674
242 2427 209 672
257 2460 209 672
244 2491 209 672
243 2511 209 672
243 2511 209 672
243 2511 209 672
244 2543 209 672
250 2556 209 672
278 2606 209 672
269 2639 209 672
215 2001 209 672
215 2001 209 672
191 1890 181 679
179 2239 173 684
176 2323 175 682
176 2144 175 690
173 2151 173 686
173 2151 173 686
182 2084 174 683
176 2144 175 690
176 2323 175 682
199 1939 197 676
198 1945 192 675
178 2000 178 680
196 1896 187 678
177 2247 175 682
176 2084 176 682
215 2001 209 672
203 1976 203 673
201 1936 191 677
198 1934 198 676
177 2247 175 682
177 2065 174 684
205 1973 203 673
209 1969 203 673
192 1922 192 677
183 2026 183 677
181 2049 179 679
178 2000 178 680
209 2003 209 672
185 1990 185 676
175 2209 175 684
181 2215 173 683
195 1901 187 678
206 1927 198 676
175 2168 173 685
198 1913 192 677
190 1952 183 677
179 2068 179 679
175 2168 173 685
196 1896 187 678
173 2195 173 685
181 2049 179 679
198 1945 192 675
185 1990 185 676
212 1964 203 673
187 1905 181 679
191 1890 181 679
183 2026 183 677
212 1964 203 673
215 2001 209 672
212 1964 203 673
204 1929 198 676
173 2195 173 685
188 1892 181 679
189 1966 186 676
203 1976 203 673
215 2001 209 672
199 1949 197 674
199 1949 197 674
199 1939 197 676
191 1890 181 679
191 1890 181 679
191 1890 181 679
203 1976 203 673
193 1950 186 676
184 1965 183 677
205 1973 203 673
200 1910 192 677
196 1948 191 677
190 1906 187 678
189 1909 186 678
205 1973 203 673
201 1936 191 677
193 1950 186 676
200 1940 191 677
197 1952 197 674
200 1940 191 677
199 1939 197 676
198 1945 192 675
176 2084 176 682
199 1949 197 674
206 1927 198 676
199 1939 197 676
197 1942 197 676
193 1949 191 675
209 1969 203 673
199 1943 191 677
199 1939 197 676
198 1945 192 675
206 1927 198 676
197 1942 197 676
191 1890 181 679
215 2001 209 672
200 1940 191 677
199 1949 197 674
199 1939 197 676
197 1942 197 676
215 2001 209 672
215 2001 209 672
215 2001 209 672
215 2001 209 672
215 2001 209 672
215 2001 209 672
215 2001 209 672
215 2001 209 672
215 2001 209 672
215 2001 209 672
212 1964 203 673
212 1964 203 673
209 1969 203 673
209 1969 203 673
205 1973 203 673
205 1973 203 673
203 1976 203 673
203 1976 203 673
203 1976 203 673
203 1976 203 673
203 1976 203 673
203 1976 203 673
203 1976 203 673
203 1976 203 673
203 1976 203 673
203 1976 203 673
203 1976 203 673
203 1976 203 673
203 1976 203 673
203 1976 203 673
203 1976 203 673
203 1976 203 673
201 1936 191 677
200 1940 191 677
200 1940 191 677
200 1940 191 677
199 1949 197 674
199 1949 197 674
199 1949 197 674
199 1939 197 676
199 1939 197 676
199 1939 197 676
198 1945 192 675
197 1942 197 676
191 1890 181 679
191 1890 181 679
191 1890 181 679
191 1890 181 679
191 1890 181 679
222 2196 183 677
215 2003 209 672
211 2007 209 672
199 1992 181 679
197 1921 187 681
193 1957 186 676
201 1937 191 677
203 2002 203 673
212 1971 203 673
198 1951 192 675
199 1962 197 674
197 1946 197 676
193 1959 191 675
206 1958 197 674
209 1982 203 673
208 1992 203 673
215 2009 209 672
211 2017 209 672
206 2027 181 679
201 1941 191 677
193 1963 186 676
198 1958 186 676
203 1965 197 674
212 1977 203 673
200 1948 197 676
200 1996 191 675
204 2015 203 673
205 1983 191 675
202 1978 192 675
207 2012 203 673
198 2006 191 675
198 2006 191 675
198 2006 191 675
217 2121 181 679
217 2121 181 679
215 2015 209 672
201 1943 191 677
198 2012 191 675
208 2042 203 673
203 2100 198 674
214 1993 203 673
203 1950 197 676
204 1981 197 674
198 2027 186 676
203 1990 186 678
209 2013 203 673
222 2089 186 676
220 2023 209 672
217 2185 186 678
217 2126 181 679
205 1955 191 677
201 1972 192 677
209 2014 203 673
219 2172 186 676
208 2045 203 673
220 2023 209 672
203 1963 191 677
215 1997 209 674
204 2065 191 675
206 2014 197 674
209 1987 197 676
205 2033 197 674
203 2018 192 675
203 1999 197 676
201 1972 192 677
207 2037 191 675
217 2042 209 672
208 2004 197 674
215 2044 209 672
220 2023 209 672
239 2248 186 678
238 2381 186 676
217 2131 181 679
217 2048 209 672
211 2017 211 673
203 2035 203 675
203 1968 191 677
237 2241 187 676
206 2043 192 675
216 2032 197 674
208 2051 203 673
213 2015 203 673
217 2048 209 672
205 2100 191 675
214 2047 197 674
205 2056 197 674
239 2248 186 678
207 2064 191 675
210 2021 203 673
205 2055 197 675
208 2051 203 673
205 2055 197 675
239 2248 186 678
262 2607 186 678
221 2138 181 679
220 2056 209 672
217 2197 181 679
204 1973 191 677
243 2460 187 678
225 2072 197 674
217 2197 181 679
220 2029 203 673
207 2115 191 675
217 2092 209 672
209 2106 198 674
205 2059 197 675
208 2061 203 673
223 2169 197 674
206 2084 192 675
217 2197 181 679
208 2044 192 675
219 2086 198 674
218 2062 209 672
219 2060 209 674
208 2061 203 673
217 2197 181 679
217 2197 181 679
217 2197 181 679
208 2061 203 673
208 2061 203 673
208 2061 203 673
225 2256 197 674
223 2196 181 679
220 2058 209 672
219 2230 181 679
217 2259 198 674
205 2062 197 675
205 1976 191 677
209 2047 203 675
208 2069 203 673
216 2149 191 675
218 2142 191 675
223 2196 181 679
225 2205 198 674
208 2068 192 675
220 2225 198 674
208 2055 203 675
224 2212 198 674
218 2142 191 675
240 2278 198 674
228 2287 197 674
223 2200 181 679
222 2077 209 672
221 2100 209 672
207 2009 191 677
205 2015 191 677
220 2178 191 675
208 2073 203 673
205 2067 197 675
211 2071 192 675
234 2334 197 674
229 2273 181 679
225 2097 209 672
224 2138 209 672
214 2074 203 673
205 2099 192 679
227 2222 187 679
215 2225 192 675
211 2085 191 677
210 2120 197 675
208 2076 203 673
225 2330 191 675
208 2092 191 677
211 2075 196 675
241 2400 197 674
231 2328 181 679
224 2166 209 672
212 2076 203 675
209 2111 205 676
221 2208 191 677
241 2400 197 674
225 2153 209 672
216 2241 192 675
221 2105 197 676
216 2241 192 675
212 2146 197 675
214 2092 203 673
212 2117 203 673
223 2150 191 677
219 2078 203 673
211 2077 203 675
217 2087 203 673
219 2078 203 673
211 2077 203 675
219 2078 203 673
216 2241 192 675
244 2347 187 679
241 2431 197 674
239 2362 187 680
230 2174 209 672
225 2180 209 672
211 2082 203 675
216 2251 192 675
225 2179 191 677
214 2131 203 673
222 2111 197 676
241 2431 197 674
221 2158 197 676
229 2093 203 673
218 2100 203 673
250 2425 187 679
250 2425 187 679
247 2450 197 674
246 2433 187 679
241 2224 209 672
233 2113 197 676
232 2229 209 672
215 2131 203 675
228 2324 192 677
229 2216 191 677
221 2118 203 673
216 2146 203 673
241 2278 192 675
222 2147 197 676
250 2425 187 679
251 2491 187 679
241 2414 209 672
222 2128 203 673
219 2152 203 673
223 2167 197 676
246 2265 191 677
249 2440 192 675
250 2464 197 674
232 2353 192 677
244 2339 192 677
232 2353 192 677
244 2339 192 677
276 2749 192 676
255 2521 191 678
232 2128 203 673
223 2157 204 673
220 2187 203 673
244 2357 192 677
223 2170 197 676
232 2359 192 677
223 2170 197 676
227 2171 203 673
232 2128 203 673
232 2128 203 673
232 2128 203 673
232 2128 203 673
232 2128 203 673
248 2398 192 677
240 2430 192 677
234 2156 203 673
223 2208 209 674
223 2173 197 676
224 2365 203 675
226 2204 203 675
233 2164 203 673
251 2416 192 677
243 2266 203 673
227 2336 209 674
223 2176 197 676
233 2232 203 675
235 2284 203 673
223 2176 197 676
254 2644 192 678
249 2433 203 673
226 2177 197 676
223 2290 197 676
236 2269 203 675
233 2373 203 675
224 2185 197 676
259 2625 209 673
225 2216 197 676
241 2341 203 675
254 2469 203 674
227 2226 197 676
239 2240 203 676
237 2243 197 676
230 2245 197 676
229 2354 197 676
248 2397 197 676
244 2440 197 676
255 2523 197 676
276 2603 197 678
215 2001 209 672
215 2001 209 672
191 1890 181 679
179 2239 173 684
176 2323 175 682
176 2144 175 690
173 2151 173 686
177 2247 175 682
182 2084 174 683
173 2151 173 686
176 2144 175 690
203 1976 203 673
196 1896 187 678
203 1976 203 673
176 2323 175 682
178 2000 178 680
176 2084 176 682
215 2001 209 672
212 1964 203 673
179 2068 179 679
206 1927 198 676
181 2215 173 683
200 1910 192 677
197 1952 197 674
186 1941 186 678
179 2239 173 684
183 2026 183 677
178 2000 178 680
175 2168 173 685
185 1990 185 676
193 1949 191 675
175 2168 173 685
173 2195 173 685
181 2049 179 679
175 2209 175 684
177 2065 174 684
173 2195 173 685
191 1890 181 679
197 1952 197 674
180 1937 180 679
209 2005 209 672
192 1922 192 677
190 1952 183 677
185 1990 185 676
212 1964 203 673
183 2026 183 677
215 2001 209 672
209 2005 209 672
206 1927 198 676
200 1910 192 677
187 1905 181 679
189 1966 186 676
190 1906 187 678
200 1910 192 677
209 2005 209 672
206 1927 198 676
200 1910 192 677
199 1939 197 676
197 1952 197 674
193 1949 191 675
193 1949 191 675
191 1890 181 679
195 1936 191 677
184 1965 183 677
204 1930 191 677
188 1936 180 679
198 1913 192 677
197 1952 197 674
209 2005 209 672
193 1949 191 675
205 1973 203 673
197 1942 197 676
198 1934 198 676
188 1893 181 679
181 2049 179 679
204 1930 191 677
189 1909 186 678
203 1976 203 673
206 1927 198 676
205 1973 203 673
203 1976 203 673
196 1896 187 678
199 1939 197 676
206 1927 198 676
200 1910 192 677
191 1890 181 679
176 2084 176 682
195 1936 191 677
200 1910 192 677
199 1949 197 674
193 1949 191 675
199 1949 197 674
204 1930 191 677
200 1910 192 677
197 1952 197 674
193 1949 191 675
199 1939 197 676
215 2001 209 672
197 1942 197 676
215 2001 209 672
215 2001 209 672
215 2001 209 672
215 2001 209 672
215 2001 209 672
215 2001 209 672
209 2005 209 672
209 2005 209 672
209 2005 209 672
209 2005 209 672
209 2005 209 672
209 2005 209 672
209 2005 209 672
209 2005 209 672
209 2005 209 672
209 2005 209 672
209 2005 209 672
206 1927 198 676
206 1927 198 676
206 1927 198 676
206 1927 198 676
206 1927 198 676
205 1973 203 673
205 1973 203 673
205 1973 203 673
205 1973 203 673
205 1973 203 673
203 1976 203 673
203 1976 203 673
203 1976 203 673
203 1976 203 673
203 1976 203 673
200 1910 192 677
200 1910 192 677
200 1910 192 677
200 1910 192 677
200 1910 192 677
200 1910 192 677
197 1952 197 674
197 1952 197 674
197 1952 197 674
195 1936 191 677
195 1936 191 677
193 1949 191 675
193 1949 191 675
193 1949 191 675
193 1949 191 675
193 1949 191 675
191 1890 181 679
191 1890 181 679
191 1890 181 679
191 1890 181 679
191 1890 181 679
191 1890 181 679
191 1890 181 679
191 1890 181 679
230 2281 183 677
223 2002 209 672
209 2010 209 672
191 1895 181 679
203 2091 186 676
200 1913 192 677
206 1940 198 676
203 1984 203 673
205 1982 203 673
217 2008 209 672
197 1952 191 675
194 1969 191 675
197 1944 197 676
199 1965 197 674
197 1967 197 674
194 1969 191 675
216 2021 209 672
215 2116 186 676
209 2027 209 672
191 1898 181 679
191 1898 181 679
215 2105 187 678
201 1915 192 677
204 1989 203 673
216 2021 209 672
197 1973 197 674
216 1947 197 676
200 1916 192 677
205 1988 203 673
196 1988 191 675
205 1967 191 675
207 1943 198 676
206 1944 198 676
210 2024 209 672
204 1959 197 676
198 1969 191 675
205 1967 191 675
221 2155 186 676
217 2026 209 672
212 2051 209 672
198 1920 181 679
197 2007 191 675
215 2149 187 678
200 1926 192 677
205 1988 197 674
208 2008 203 673
203 1976 203 675
206 1969 198 676
207 1974 191 677
211 1965 198 676
225 2173 186 678
218 2194 187 678
218 2052 209 672
216 2080 209 672
202 1982 181 679
202 1929 192 677
199 2015 191 675
208 2040 203 673
206 1974 198 676
221 2176 186 676
205 2014 197 676
215 2022 197 674
215 2022 203 673
207 2041 197 674
229 2054 191 675
225 2233 186 676
216 2106 209 672
208 2012 181 679
204 1930 192 677
202 2054 191 678
221 2183 186 678
210 1991 198 676
213 2112 203 673
206 2036 203 675
218 2068 209 672
208 2101 197 674
218 2060 203 673
229 2051 191 677
220 2050 198 674
205 2015 197 676
219 2212 187 678
205 2056 191 675
219 2212 187 678
235 2210 186 678
229 2367 187 678
218 2104 209 672
208 2013 181 679
204 1942 192 677
218 2165 203 673
226 2093 203 673
220 2065 198 674
231 2273 186 678
213 2024 198 676
208 2106 197 674
205 2026 197 676
208 2058 191 677
217 2061 192 675
206 2078 197 675
205 2095 191 675
237 2250 186 678
232 2353 187 678
224 2109 209 672
222 2204 209 672
208 2018 181 679
205 1965 192 677
220 2099 198 674
232 2141 203 673
224 2187 203 673
223 2060 191 677
214 2129 191 675
215 2039 198 676
212 2109 197 676
226 2158 203 673
211 2132 197 674
246 2475 186 678
240 2149 209 672
239 2508 186 678
219 2058 181 679
213 2075 181 679
206 1966 192 677
237 2271 187 678
215 2049 198 676
230 2177 209 672
232 2393 187 678
223 2115 203 675
226 2293 203 673
234 2161 203 673
214 2154 197 674
221 2204 191 675
216 2150 197 674
221 2191 192 675
215 2154 193 675
214 2189 191 677
213 2149 197 676
228 2163 203 673
222 2126 198 674
223 2146 197 674
224 2122 198 674
222 2158 192 675
214 2189 191 677
258 2611 186 678
232 2229 209 672
216 2114 190 680
215 2174 181 679
208 1986 192 677
206 1989 192 677
228 2311 203 673
220 2069 198 676
217 2193 197 674
217 2234 191 677
216 2158 203 674
218 2160 198 674
227 2199 192 675
223 2216 192 675
214 2209 197 674
229 2174 203 673
217 2193 197 674
230 2203 191 677
224 2123 198 674
224 2123 198 674
218 2214 191 677
224 2123 198 674
223 2216 192 675
223 2216 192 675
224 2123 198 674
224 2123 198 674
224 2123 198 674
224 2123 198 674
217 2193 197 674
217 2193 197 674
247 2390 209 672
225 2186 185 681
220 2214 181 679
211 2010 192 679
206 2017 192 677
234 2277 191 677
229 2308 203 673
224 2121 198 676
241 2198 197 674
217 2193 197 676
231 2164 203 675
223 2232 192 675
219 2224 203 675
232 2178 203 673
227 2221 197 674
210 2012 192 677
221 2230 197 674
224 2191 198 674
256 2441 209 672
221 2231 181 679
209 2019 192 677
229 2344 203 673
224 2144 198 676
242 2200 203 673
240 2285 191 677
226 2197 198 674
239 2234 197 674
225 2240 192 675
224 2295 197 675
233 2286 197 674
250 2346 197 674
240 2363 203 673
240 2260 186 680
238 2426 192 675
230 2295 181 679
211 2037 192 679
221 2120 192 677
212 2124 197 678
235 2292 197 676
228 2212 198 676
243 2285 191 677
243 2237 203 673
244 2361 192 675
226 2235 198 676
241 2379 197 674
229 2276 198 674
227 2248 203 674
212 2124 197 678
231 2258 198 674
240 2250 198 674
251 2321 197 676
247 2252 203 673
246 2324 203 673
245 2479 192 675
240 2173 192 679
230 2303 181 679
212 2133 197 678
222 2194 192 677
249 2288 191 677
235 2322 198 674
231 2240 198 676
247 2354 191 677
241 2258 198 674
238 2280 198 674
248 2341 191 677
238 2280 198 674
256 2561 192 675
255 2324 203 673
240 2330 203 675
240 2184 192 679
233 2330 181 681
227 2217 192 677
252 2350 191 677
244 2388 198 676
243 2385 181 679
246 2383 198 674
242 2204 197 677
232 2206 192 677
255 2327 197 676
260 2359 203 673
252 2426 189 679
244 2208 192 679
233 2228 207 677
255 2344 197 676
257 2402 203 673
234 2285 192 677
237 2247 192 677
271 2505 203 673
262 2654 197 676
260 2507 209 674
238 2248 192 677
234 2291 192 679
234 2370 192 677
237 2329 192 677
254 2366 192 677
244 2408 192 677
238 2272 197 677
236 2387 193 677
247 2325 197 678
