12849 79.8909
209 2090 209 672
209 2090 209 672
209 2090 209 672
190 1921 178 680
183 1998 173 685
182 1939 176 687
181 2284 175 682
173 2122 173 686
203 2064 203 673
203 2064 203 673
199 1969 193 675
198 2032 198 674
197 2047 197 674
187 2005 187 676
197 2033 192 675
204 2009 198 674
209 2090 209 672
192 2043 191 675
189 1986 186 677
185 2033 183 678
178 2060 174 684
192 2148 179 679
182 2189 176 682
199 1969 193 675
209 2090 209 672
178 2162 178 681
183 2267 175 682
182 1939 176 687
177 2054 174 685
175 2164 173 685
184 1934 177 685
179 2136 178 680
183 2267 175 682
182 2031 174 684
193 1954 187 677
176 2116 175 685
184 1930 178 681
175 2229 175 683
190 1921 178 680
186 1930 175 683
174 2093 173 686
191 1999 183 677
187 2045 185 676
187 1970 181 679
184 1944 180 680
174 2093 173 686
194 2008 186 676
181 2284 175 682
177 2216 175 683
186 1956 186 679
184 1926 178 682
183 1936 175 683
193 1974 186 677
209 2090 209 672
189 1945 183 678
204 2009 198 674
209 2090 209 672
192 2148 179 679
194 2008 186 676
187 1924 175 683
186 1956 186 679
177 2216 175 683
175 2229 175 683
187 2045 185 676
183 2024 183 679
198 1987 192 675
191 2045 191 675
179 2035 174 684
182 2275 175 682
197 2047 197 674
189 1948 180 679
173 2122 173 686
184 1934 177 685
176 2137 173 685
189 1948 180 679
189 1945 183 678
183 1936 175 683
194 1954 187 676
189 1986 186 677
187 1924 175 683
185 1925 178 681
178 2140 178 682
198 1988 186 676
182 2275 175 682
184 1944 180 680
209 2090 209 672
185 1927 176 685
178 2162 178 681
198 2032 198 674
198 1988 186 676
198 1987 192 675
185 1927 176 685
185 1925 178 681
184 1944 180 680
209 2090 209 672
209 2090 209 672
209 2090 209 672
209 2090 209 672
209 2090 209 672
209 2090 209 672
209 2090 209 672
209 2090 209 672
209 2090 209 672
209 2090 209 672
209 2090 209 672
209 2090 209 672
209 2090 209 672
209 2090 209 672
209 2090 209 672
209 2090 209 672
209 2090 209 672
209 2090 209 672
209 2090 209 672
209 2090 209 672
209 2090 209 672
209 2090 209 672
209 2090 209 672
209 2090 209 672
209 2090 209 672
209 2090 209 672
209 2090 209 672
209 2090 209 672
209 2090 209 672
209 2090 209 672
209 2090 209 672
209 2090 209 672
209 2090 209 672
209 2090 209 672
209 2090 209 672
209 2090 209 672
209 2090 209 672
209 2090 209 672
209 2090 209 672
209 2090 209 672
209 2090 209 672
209 2090 209 672
209 2090 209 672
209 2090 209 672
209 2090 209 672
209 2090 209 672
209 2090 209 672
209 2090 209 672
209 2090 209 672
209 2090 209 672
209 2090 209 672
209 2090 209 672
209 2090 209 672
209 2090 209 672
209 2090 209 672
209 2090 209 672
209 2090 209 672
209 2090 209 672
209 2090 209 672
209 2090 209 672
209 2090 209 672
209 2090 209 672
209 2090 209 672
209 2090 209 672
209 2090 209 672
209 2090 209 672
209 2090 209 672
209 2090 209 672
209 2090 209 672
209 2090 209 672
209 2090 209 672
209 2090 209 672
209 2090 209 672
209 2090 209 672
209 2090 209 672
209 2090 209 672
209 2090 209 672
209 2090 209 672
209 2090 209 672
209 2090 209 672
209 2090 209 672
209 2090 209 672
209 2090 209 672
209 2090 209 672
209 2090 209 672
209 2090 209 672
209 2090 209 672
209 2090 209 672
209 2090 209 672
209 2090 209 672
209 2090 209 672
209 2090 209 672
209 2090 209 672
209 2090 209 672
209 2090 209 672
209 2090 209 672
209 2090 209 672
209 2090 209 672
209 2090 209 672
209 2090 209 672
209 2090 209 672
209 2090 209 672
209 2090 209 672
209 2090 209 672
209 2090 209 672
209 2090 209 672
209 2090 209 672
209 2090 209 672
209 2090 209 672
209 2090 209 672
209 2090 209 672
209 2090 209 672
209 2090 209 672
209 2090 209 672
209 2090 209 672
209 2090 209 672
209 2090 209 672
209 2090 209 672
209 2090 209 672
209 2090 209 672
209 2090 209 672
209 2090 209 672
209 2090 209 672
209 2090 209 672
209 2090 209 672
209 2090 209 672
209 2090 209 672
209 2090 209 672
209 2090 209 672
209 2090 209 672
209 2090 209 672
209 2090 209 672
209 2090 209 672
209 2090 209 672
209 2090 209 672
209 2090 209 672
209 2090 209 672
209 2090 209 672
209 2090 209 672
209 2090 209 672
209 2090 209 672
209 2090 209 672
209 2090 209 672
209 2090 209 672
209 2090 209 672
209 2090 209 672
209 2090 209 672
209 2090 209 672
209 2090 209 672
209 2090 209 672
209 2090 209 672
209 2090 209 672
209 2090 209 672
209 2090 209 672
209 2090 209 672
209 2090 209 672
209 2090 209 672
209 2090 209 672
209 2090 209 672
209 2090 209 672
209 2090 209 672
209 2090 209 672
209 2090 209 672
209 2090 209 672
209 2090 209 672
209 2090 209 672
209 2090 209 672
209 2090 209 672
209 2090 209 672
209 2090 209 672
209 2090 209 672
209 2090 209 672
209 2090 209 672
209 2090 209 672
209 2090 209 672
209 2090 209 672
209 2090 209 672
209 2090 209 672
209 2090 209 672
209 2090 209 672
209 2090 209 672
209 2090 209 672
209 2090 209 672
209 2090 209 672
209 2090 209 672
209 2090 209 672
209 2090 209 672
209 2090 209 672
209 2090 209 672
209 2090 209 672
209 2090 209 672
209 2090 209 672
209 2090 209 672
209 2090 209 672
209 2090 209 672
209 2090 209 672
209 2090 209 672
209 2090 209 672
209 2090 209 672
209 2090 209 672
209 2090 209 672
209 2090 209 672
209 2090 209 672
209 2090 209 672
209 2090 209 672
209 2090 209 672
209 2090 209 672
209 2090 209 672
209 2090 209 672
209 2090 209 672
209 2090 209 672
209 2090 209 672
209 2090 209 672
209 2090 209 672
209 2090 209 672
209 2090 209 672
209 2090 209 672
209 2090 209 672
209 2090 209 672
209 2090 209 672
189 1948 180 679
189 1948 180 679
189 1948 180 679
189 1948 180 679
184 1944 180 680
184 1944 180 680
184 1944 180 680
248 2322 202 675
225 2350 202 675
209 2096 209 672
209 2096 209 672
198 2037 180 679
196 2068 178 681
204 2075 203 673
209 2096 209 672
215 2097 209 672
209 2109 209 672
209 2090 203 673
204 2204 180 680
199 2143 180 681
209 2109 209 672
261 2740 203 673
209 2113 209 672
209 2093 209 675
206 2246 180 683
229 2482 180 680
215 2307 203 675
224 2317 204 674
233 2525 180 680
233 2525 180 680
215 2116 209 672
209 2124 209 672
216 2132 209 672
212 2133 209 672
209 2142 209 672
209 2132 209 673
212 2135 209 672
210 2148 209 672
209 2175 209 672
211 2152 209 672
210 2181 209 672
215 2174 209 672
214 2183 209 672
214 2161 209 673
214 2161 209 673
220 2180 209 672
217 2185 217 672
216 2192 209 675
214 2234 209 673
215 2209 209 674
217 2230 209 672
222 2187 209 672
217 2252 209 672
217 2185 217 673
215 2227 209 674
220 2223 209 672
219 2251 209 672
221 2235 209 672
218 2232 218 675
217 2310 217 673
218 2278 209 672
220 2237 209 672
238 2245 209 672
238 2245 209 672
224 2293 211 677
221 2331 217 672
218 2244 218 675
225 2282 209 674
222 2315 209 672
238 2245 209 672
240 2270 209 674
225 2321 209 672
224 2368 209 672
224 2342 211 677
219 2254 218 676
223 2356 212 674
238 2272 210 674
224 2355 209 676
225 2301 209 674
226 2359 209 672
224 2375 209 678
219 2299 218 676
253 2377 218 673
230 2380 209 672
227 2415 209 678
223 2306 218 676
228 2373 218 675
227 2415 209 678
245 2642 209 672
235 2430 209 673
233 2454 209 676
232 2475 209 678
238 2480 217 674
237 2503 218 673
239 2559 218 675
238 2513 226 675
249 2687 218 679
245 2597 226 675
