3 0.0835138
234 3269 213 724
293 3678 249 699
240 3066 211 717
268 3220 211 709
234 3143 234 716
243 3272 208 710
237 3251 215 719
270 3526 196 717
264 3461 215 704
244 3228 203 705
261 3305 229 702
283 3278 229 703
279 3674 261 697
245 3076 216 714
242 3238 206 713
293 3678 249 699
248 3027 217 718
248 3281 220 704
240 3229 240 706
280 3712 211 702
268 3220 211 709
231 2933 219 717
278 3677 227 702
235 3081 222 707
262 3466 215 704
223 3033 223 729
245 3345 228 700
249 3112 200 710
238 3075 198 715
257 3391 203 705
263 3373 214 705
252 3231 207 706
244 3368 207 712
313 4187 271 698
313 4187 271 698
242 3272 216 714
248 3291 214 714
260 3317 228 704
263 3356 223 704
246 3061 227 725
240 3118 227 707
240 3118 227 707
240 3118 227 707
237 3254 223 709
246 3259 225 708
271 3534 218 704
300 4091 260 701
261 3564 234 702
339 4572 239 701
251 3142 200 710
249 3172 208 713
238 3193 230 724
246 3168 203 717
239 3109 228 727
238 3193 230 724
239 3118 212 724
258 3128 218 715
238 3193 230 724
245 3147 222 717
253 3099 232 720
241 3152 219 719
240 3217 216 718
244 3320 211 716
248 3303 207 715
239 3267 212 715
245 3235 205 717
248 3116 204 720
247 3126 221 718
277 3513 214 705
255 3455 244 706
253 3241 224 708
274 3462 221 708
255 3420 220 709
269 3466 214 707
281 3440 221 708
281 3761 209 707
272 3566 213 708
265 3597 217 706
262 3421 212 709
268 3599 210 708
318 4262 271 698
263 3545 249 705
290 3466 230 706
263 3408 248 706
256 3134 250 708
250 3132 233 709
245 3234 228 709
263 3393 227 707
242 3137 242 712
245 3181 232 707
257 3216 228 709
250 3132 233 709
245 3346 226 714
300 4138 260 701
278 3802 234 702
279 3790 262 704
292 3698 234 704
280 3678 250 704
271 3615 266 702
292 3698 234 704
259 3145 200 717
253 3234 220 712
255 3169 215 710
256 3204 200 710
253 3158 232 714
250 3176 216 713
246 3205 215 719
246 3212 203 717
247 3197 206 719
241 3215 216 727
245 3205 212 729
244 3221 222 724
250 3300 214 716
245 3238 205 717
245 3238 205 717
247 3174 222 729
289 3534 233 705
257 3296 224 708
258 3465 220 709
275 3541 214 707
289 3851 213 707
276 3607 233 706
280 3638 229 706
264 3575 218 709
265 3518 212 709
321 4307 271 698
292 3462 250 706
281 3569 262 706
243 3247 243 720
243 3247 243 720
248 3205 239 708
275 3483 261 707
254 3284 233 708
245 3194 232 709
252 3525 244 707
275 3483 261 707
284 3862 244 705
286 3892 235 704
281 3820 262 704
302 3891 277 703
256 3217 200 710
256 3217 200 710
256 3159 236 716
250 3286 227 716
251 3178 234 726
253 3182 227 717
252 3347 218 714
255 3365 204 718
252 3379 203 717
254 3236 218 720
254 3236 218 720
251 3236 213 726
245 3230 217 735
250 3227 228 724
254 3257 208 729
250 3238 218 718
250 3238 218 718
246 3249 211 723
245 3245 221 717
250 3238 218 718
250 3329 207 718
255 3349 217 717
260 3504 229 709
283 3652 222 707
301 3742 218 707
277 3650 250 706
281 3680 240 707
290 3688 234 706
267 3541 212 709
267 3541 212 709
280 3530 228 709
267 3541 212 709
264 3271 258 708
259 3505 237 708
278 3762 235 708
248 3342 233 709
245 3210 245 727
245 3210 245 727
272 3211 238 713
246 3223 233 710
273 3589 250 707
273 3589 250 707
299 3914 261 704
262 3234 209 714
269 3233 231 713
258 3270 216 716
259 3504 200 726
264 3464 214 710
271 3425 223 710
264 3464 214 710
258 3492 205 712
264 3464 214 710
274 3300 223 713
259 3362 205 725
257 3265 217 721
257 3340 206 724
261 3272 211 717
262 3277 224 710
257 3272 228 714
259 3270 228 710
259 3270 228 710
259 3504 200 726
259 3271 227 712
294 3770 210 711
257 3345 212 711
285 3393 211 711
260 3324 207 721
262 3423 202 728
261 3392 209 713
272 3424 207 713
256 3308 212 713
270 3173 240 738
258 3182 228 717
255 3361 227 714
279 3525 203 722
272 3736 204 722
255 3237 223 722
259 3236 221 735
247 3279 216 727
253 3291 214 723
248 3250 214 724
249 3361 223 718
252 3373 225 717
252 3400 215 720
255 3451 223 717
291 3671 233 707
291 3671 233 707
305 4137 228 707
333 4309 227 708
287 3839 246 707
290 3691 234 706
272 3684 218 709
285 3605 228 709
290 3636 222 709
271 3571 213 710
267 3446 263 708
286 3680 237 708
275 3513 249 708
275 3513 249 708
275 3513 249 708
275 3513 249 708
259 3558 234 709
259 3558 234 709
261 3347 261 709
259 3558 234 709
259 3558 234 709
269 3380 246 709
259 3558 234 709
279 3538 244 709
259 3557 247 709
247 3238 233 710
264 3232 233 711
256 3236 234 726
289 3716 266 707
330 4230 280 704
320 4156 264 705
264 3303 215 715
264 3235 211 730
264 3262 211 728
266 3557 207 713
266 3557 207 713
270 3552 209 712
263 3577 205 720
270 3552 209 712
265 3563 205 713
291 3569 222 710
271 3509 205 725
258 3280 219 723
258 3280 219 723
261 3283 224 717
257 3302 231 718
257 3302 231 718
284 3567 231 710
261 3408 220 711
265 3518 218 711
268 3524 212 711
269 3371 220 712
271 3423 214 712
260 3456 221 712
266 3414 207 721
260 3404 211 726
263 3371 211 723
306 3884 202 729
263 3500 210 719
272 3440 207 715
257 3386 218 714
256 3389 221 714
258 3439 212 725
261 3496 216 719
265 3521 214 718
262 3366 216 719
267 3383 213 721
267 3331 231 713
257 3316 220 714
257 3379 219 718
268 3490 214 714
273 3401 214 713
261 3206 240 717
260 3217 239 732
257 3286 227 722
258 3263 229 722
258 3362 216 726
259 3389 217 725
260 3280 218 726
255 3261 221 724
252 3374 225 717
277 3653 205 713
288 3335 241 710
261 3373 261 709
253 3380 233 712
255 3364 233 712
303 3845 214 711
348 4517 227 708
259 3479 214 725
254 3407 231 717
301 3851 214 710
310 4184 219 709
247 3263 233 714
260 3453 215 728
287 3890 221 710
275 3666 210 712
289 3760 223 710
281 3588 215 714
273 3321 245 710
272 3714 213 712
272 3714 213 712
283 3413 220 713
270 3274 245 712
270 3274 245 712
291 3493 216 715
286 3538 213 717
266 3254 238 714
259 3338 227 718
286 3627 223 711
259 3258 233 716
268 3295 230 718
284 3617 213 717
287 3744 236 709
314 4066 258 706
279 3229 244 727
291 3679 233 707
276 3317 220 722
265 3341 218 727
291 3811 232 709
264 3442 211 726
261 3353 226 721
267 3354 227 715
287 3744 236 709
265 3341 218 727
264 3442 211 726
263 3378 226 719
259 3370 220 725
268 3315 221 718
259 3258 233 716
268 3315 221 718
279 3548 225 712
257 3330 231 718
268 3418 214 721
267 3338 231 713
275 3238 240 738
274 3476 225 713
262 3385 230 716
268 3374 217 718
256 3276 221 724
263 3438 228 714
268 3374 217 718
276 3317 220 722
278 3665 250 708
262 3555 219 717
274 3517 231 711
267 3412 216 720
300 3863 266 706
268 3461 221 715
261 3602 224 712
280 3556 207 723
263 3531 257 710
278 3551 263 708
268 3418 214 721
257 3436 231 715
275 3645 221 714
275 3659 208 725
282 3618 249 708
267 3516 257 711
268 3374 217 718
274 3517 231 711
261 3520 226 714
280 3665 242 709
273 3428 214 718
299 3778 283 706
257 3436 231 715
264 3519 216 719
273 3544 244 710
280 3517 225 712
274 3608 210 727
266 3610 237 710
261 3421 219 718
269 3539 212 723
267 3338 231 713
268 3461 221 715
279 3507 212 718
