2258 159.002
209 2028 209 672
209 2028 209 672
184 1859 180 681
178 2009 173 686
176 2389 173 683
173 2049 173 685
197 1929 197 674
183 2346 173 684
180 2194 180 679
192 1884 192 677
197 1929 197 674
203 1979 203 673
191 1920 191 675
178 2132 176 682
184 2060 179 679
209 2028 209 672
209 2028 209 672
203 1979 203 673
203 1979 203 673
203 1979 203 673
185 1907 183 677
175 1965 175 684
186 1864 186 680
178 2104 178 681
197 1929 197 674
191 1915 185 676
187 1874 175 682
176 2023 173 685
192 1884 192 677
178 2009 173 686
175 1965 175 684
181 1901 178 680
183 1952 183 677
192 1905 192 675
176 2389 173 683
177 1981 174 685
186 1875 186 678
191 1920 191 675
186 1864 186 680
190 1911 179 679
178 2169 178 680
180 2095 176 682
186 1875 186 678
183 2346 173 684
173 2049 173 685
203 1979 203 673
181 2157 181 679
209 2028 209 672
197 1929 197 674
192 1907 186 676
186 1870 180 679
186 1864 186 680
189 1878 174 683
185 1950 185 676
187 1944 185 676
177 1981 174 685
181 2372 173 684
181 2157 181 679
189 1931 185 676
179 1999 178 680
178 2132 176 682
176 2159 175 682
182 2086 179 679
181 2372 173 684
180 2194 180 679
179 1999 178 680
182 2086 179 679
209 2028 209 672
182 1869 180 681
188 1883 178 680
186 1864 186 680
192 1985 173 683
188 1883 178 680
191 1920 191 675
184 1859 180 681
184 1859 180 681
184 1859 180 681
203 1979 203 673
209 2028 209 672
191 1920 191 675
184 1859 180 681
191 1915 185 676
186 1870 180 679
192 1907 186 676
192 1884 192 677
186 1870 180 679
209 2028 209 672
209 2028 209 672
209 2028 209 672
209 2028 209 672
209 2028 209 672
209 2028 209 672
209 2028 209 672
209 2028 209 672
209 2028 209 672
209 2028 209 672
209 2028 209 672
209 2028 209 672
209 2028 209 672
209 2028 209 672
209 2028 209 672
209 2028 209 672
209 2028 209 672
209 2028 209 672
209 2028 209 672
209 2028 209 672
209 2028 209 672
209 2028 209 672
203 1979 203 673
203 1979 203 673
203 1979 203 673
203 1979 203 673
203 1979 203 673
203 1979 203 673
203 1979 203 673
203 1979 203 673
203 1979 203 673
203 1979 203 673
203 1979 203 673
203 1979 203 673
203 1979 203 673
203 1979 203 673
203 1979 203 673
203 1979 203 673
197 1929 197 674
197 1929 197 674
197 1929 197 674
192 1907 186 676
192 1884 192 677
192 1884 192 677
192 1884 192 677
191 1920 191 675
191 1920 191 675
191 1920 191 675
191 1920 191 675
191 1920 191 675
186 1870 180 679
186 1870 180 679
186 1864 186 680
186 1864 186 680
186 1864 186 680
184 1859 180 681
184 1859 180 681
184 1859 180 681
184 1859 180 681
184 1859 180 681
184 1859 180 681
184 1859 180 681
184 1859 180 681
184 1859 180 681
184 1859 180 681
184 1859 180 681
231 2344 185 676
209 2033 209 672
209 2033 209 672
184 1865 180 681
218 2152 183 677
203 1984 203 673
198 1937 197 674
191 1921 191 675
212 2110 185 678
207 2093 186 676
192 1887 192 677
187 1892 180 679
186 1865 186 680
216 2047 186 676
209 2033 209 672
258 2484 183 677
209 2036 209 672
188 1881 180 681
188 1881 180 681
207 2106 186 676
203 1990 203 673
192 1916 192 677
201 1966 197 674
194 1932 186 680
193 1943 191 675
196 1975 180 679
197 1967 188 679
202 1945 197 674
202 1945 197 674
237 2185 186 676
217 2038 217 672
209 2042 209 672
196 1934 186 680
194 1944 180 681
215 2123 186 678
202 1968 197 674
203 1995 203 673
199 2006 180 679
207 2008 191 675
204 1973 192 675
195 1937 192 677
204 2032 191 675
196 1934 186 680
196 1934 186 680
253 2276 186 676
231 2317 180 679
209 2045 209 672
201 1947 186 680
198 2036 180 681
195 1994 192 679
218 2175 186 678
207 2076 191 675
203 2004 203 673
244 2314 186 676
198 1963 192 677
203 1990 197 676
197 1954 186 680
202 2011 197 674
208 2008 192 675
203 2003 197 674
203 2003 197 674
203 2003 197 674
264 2375 180 679
209 2058 209 672
201 2048 180 681
198 1974 186 680
248 2351 186 678
211 2078 191 675
210 2130 191 679
203 2005 203 673
206 2022 197 674
249 2370 186 676
198 1978 192 677
209 2070 192 675
249 2370 186 676
251 2384 186 676
220 1998 192 677
209 2059 209 672
201 2051 180 681
201 2019 192 677
215 2103 191 675
214 2077 186 680
208 2033 197 674
207 2037 203 673
208 2013 203 673
214 2086 192 675
202 2003 192 677
214 2086 192 675
214 2086 192 675
257 2395 186 676
241 2297 180 681
231 2505 180 681
211 2063 209 672
206 2003 192 679
205 2054 192 679
208 2038 197 674
215 2196 191 675
218 2135 186 680
225 2182 191 679
211 2067 203 673
206 2060 192 677
209 2074 203 673
220 2119 192 675
233 2088 192 675
215 2151 192 675
210 2072 203 673
229 2059 197 674
226 2242 186 680
212 2064 209 672
209 2118 192 677
223 2137 192 675
217 2214 191 675
215 2093 203 673
214 2116 203 673
211 2120 197 674
213 2060 209 674
216 2078 192 677
219 2078 197 674
212 2099 197 674
231 2127 192 677
219 2256 191 675
215 2070 209 672
211 2175 192 677
225 2180 192 675
220 2109 203 673
213 2125 197 674
215 2112 203 673
219 2086 197 674
225 2150 192 677
218 2111 203 673
225 2180 192 675
235 2310 191 675
227 2329 191 675
216 2178 192 680
216 2076 209 672
216 2076 209 672
214 2150 197 674
217 2259 192 677
220 2145 197 674
223 2109 203 673
234 2109 197 675
222 2132 198 674
216 2123 203 673
225 2195 192 675
226 2179 192 677
215 2114 203 674
216 2076 209 672
226 2179 192 677
226 2179 192 677
216 2076 209 672
235 2314 191 675
231 2351 191 675
224 2350 192 679
216 2083 209 672
214 2182 197 674
229 2210 192 677
218 2141 204 673
221 2174 203 673
220 2199 203 673
258 2642 191 675
239 2453 191 677
230 2221 192 677
219 2100 209 672
214 2184 197 674
239 2360 196 675
254 2375 194 676
225 2204 203 673
218 2146 204 673
253 2415 192 675
221 2226 203 673
260 2425 192 675
238 2412 192 677
228 2120 209 672
221 2151 209 672
214 2218 203 677
215 2191 197 674
221 2229 203 673
226 2221 204 673
222 2145 209 672
222 2145 209 672
222 2150 209 672
221 2235 203 673
217 2207 197 674
226 2247 203 673
226 2207 197 674
225 2157 214 672
223 2283 197 674
222 2210 209 672
222 2210 209 672
222 2210 209 672
222 2210 209 672
222 2210 209 672
238 2258 203 673
236 2228 197 674
231 2210 209 672
225 2428 197 676
225 2165 214 672
224 2216 209 672
229 2351 203 673
227 2243 197 674
234 2302 203 673
239 2318 204 673
237 2346 203 673
233 2254 197 674
230 2276 197 674
224 2228 209 672
243 2398 203 673
240 2244 209 672
234 2266 197 674
234 2242 214 672
233 2404 203 675
232 2307 197 676
224 2290 209 672
239 2371 204 673
225 2254 209 672
257 2410 203 673
249 2485 203 673
234 2299 197 676
231 2296 209 672
236 2336 197 674
238 2323 197 674
252 2473 203 673
265 2580 203 673
257 2581 203 673
243 2334 197 677
236 2309 209 672
235 2388 209 672
265 2359 203 675
241 2371 197 674
241 2371 197 674
241 2371 197 674
267 2642 203 673
264 2737 203 673
255 2378 197 674
245 2325 209 672
241 2524 197 676
240 2357 214 672
237 2367 209 672
244 2482 202 674
265 2365 203 675
246 2396 197 674
245 2512 197 674
268 2643 203 673
256 2391 197 674
246 2476 197 676
245 2374 209 672
245 2559 197 674
268 2386 203 675
251 2460 197 674
248 2475 203 675
274 2643 203 673
256 2459 197 676
250 2408 209 672
249 2510 203 675
260 2429 203 675
269 2429 198 674
255 2589 197 674
269 2522 197 674
249 2510 203 675
265 2656 197 674
261 2624 209 672
258 2622 203 675
252 2447 214 672
289 2749 197 678
285 2696 209 674
279 2653 203 675
272 2826 197 674
269 2847 197 676
276 2828 197 674
276 2856 197 674
279 2890 197 674
282 2938 197 676
209 2028 209 672
209 2028 209 672
184 1859 180 681
178 2009 173 686
176 2389 173 683
173 2049 173 685
180 2194 180 679
183 2346 173 684
203 1971 203 673
185 1950 185 676
209 2028 209 672
192 1900 183 677
203 1971 203 673
177 1981 174 685
197 1929 197 674
178 2132 176 682
209 2028 209 672
203 1971 203 673
203 1971 203 673
197 1929 197 674
175 1965 175 684
178 2132 176 682
191 1920 191 675
192 1883 186 676
192 1893 192 675
197 1929 197 674
191 1920 191 675
175 1965 175 684
176 2389 173 683
181 1998 173 686
180 2194 180 679
186 1875 186 678
179 1999 178 680
184 1859 180 681
187 1887 178 680
178 2169 178 680
180 2095 176 682
197 1929 197 674
194 1895 183 677
186 1864 186 680
183 2346 173 684
182 2086 179 679
181 2372 173 684
173 2049 173 685
186 1875 186 678
181 2156 181 679
209 2028 209 672
203 1971 203 673
197 1929 197 674
197 1929 197 674
192 1900 183 677
191 1920 191 675
191 1915 185 676
184 1859 180 681
181 2156 181 679
190 1911 179 679
189 1878 174 683
178 2104 178 681
187 1874 175 682
191 1915 185 676
176 2023 173 685
181 2156 181 679
194 1895 183 677
194 1895 183 677
190 1883 180 679
184 2060 179 679
185 1907 183 677
184 2060 179 679
182 1869 180 681
179 1999 178 680
197 1929 197 674
188 1883 178 680
184 1859 180 681
189 1926 185 676
186 1886 180 679
192 1985 173 683
181 2372 173 684
192 1900 183 677
192 1893 192 675
188 1883 178 680
186 1864 186 680
183 2346 173 684
181 2156 181 679
176 2159 175 682
182 2086 179 679
203 1971 203 673
192 1893 192 675
189 1926 185 676
194 1895 183 677
192 1900 183 677
186 1864 186 680
191 1915 185 676
186 1886 180 679
209 2028 209 672
209 2028 209 672
209 2028 209 672
209 2028 209 672
209 2028 209 672
209 2028 209 672
209 2028 209 672
209 2028 209 672
209 2028 209 672
209 2028 209 672
209 2028 209 672
209 2028 209 672
209 2028 209 672
203 1971 203 673
203 1971 203 673
203 1971 203 673
203 1971 203 673
203 1971 203 673
203 1971 203 673
203 1971 203 673
203 1971 203 673
203 1971 203 673
197 1929 197 674
197 1929 197 674
197 1929 197 674
197 1929 197 674
197 1929 197 674
197 1929 197 674
197 1929 197 674
197 1929 197 674
194 1895 183 677
192 1900 183 677
192 1900 183 677
192 1900 183 677
192 1900 183 677
192 1900 183 677
192 1900 183 677
192 1900 183 677
192 1893 192 675
192 1893 192 675
192 1883 186 676
192 1883 186 676
192 1883 186 676
191 1920 191 675
191 1920 191 675
191 1920 191 675
191 1920 191 675
191 1915 185 676
191 1915 185 676
190 1883 180 679
189 1926 185 676
189 1926 185 676
186 1886 180 679
186 1864 186 680
184 1859 180 681
184 1859 180 681
184 1859 180 681
184 1859 180 681
184 1859 180 681
209 2042 209 672
192 2232 181 679
190 1891 176 682
184 1862 180 681
184 1862 180 681
203 1972 203 673
203 1972 203 673
199 1994 191 675
184 1862 180 681
190 1931 186 680
192 1921 185 676
196 1995 191 675
197 1932 197 674
191 1942 186 678
193 1943 180 679
197 1932 197 674
195 1902 183 677
191 1910 191 677
198 1935 192 675
194 1904 183 677
198 1935 192 675
197 1932 197 674
197 1932 197 674
214 2045 209 672
213 2093 209 672
187 1876 180 681
203 1974 203 673
197 2040 180 679
202 1954 183 677
190 1932 186 680
196 2006 191 675
197 2001 191 675
198 1939 192 675
197 1935 197 674
198 1940 186 676
197 1935 197 674
197 1970 185 676
190 1932 186 680
190 1932 186 680
197 1973 183 677
197 1957 186 676
190 1932 186 680
190 1932 186 680
190 1932 186 680
229 2081 209 672
215 2088 209 672
205 2044 180 679
198 2417 181 679
187 1902 180 681
200 2401 181 679
197 1945 197 674
207 1977 203 673
192 1948 186 680
201 2085 186 678
203 1990 203 673
214 2050 191 675
198 1946 192 675
218 2025 183 677
218 2025 183 677
202 1993 185 676
198 2002 191 679
202 1963 186 676
218 2025 183 677
204 2084 191 675
203 2068 183 677
235 2100 209 672
221 2121 209 672
209 2139 180 679
202 2418 181 679
191 1908 180 681
198 1958 192 675
201 1994 197 674
208 2029 203 673
202 2044 190 678
207 2032 203 673
202 1986 197 674
215 2093 191 675
220 2047 183 677
203 2077 185 676
205 1993 186 676
213 2052 180 679
206 2071 183 677
195 1993 186 680
196 1978 186 680
209 2095 191 675
196 1978 186 680
236 2119 180 679
222 2157 209 672
202 2430 181 679
192 1921 180 681
207 2038 203 673
219 2213 180 679
199 2002 186 680
211 2429 181 679
223 2060 183 677
202 1959 192 675
213 2197 183 677
210 2050 197 674
205 2041 186 676
210 2101 191 675
206 2086 197 674
210 2080 185 676
217 2074 183 677
206 2086 197 674
206 2086 197 674
231 2078 183 677
225 2239 209 672
222 2576 181 679
192 1931 180 681
226 2292 180 679
213 2040 203 673
202 1982 192 675
220 2142 183 677
210 2106 197 674
218 2078 197 674
203 2060 191 680
208 2066 186 680
204 2078 186 680
215 2133 185 676
215 2122 191 675
214 2139 185 676
213 2268 191 679
222 2083 183 677
235 2330 180 679
229 2255 209 672
228 2435 180 679
198 1935 180 681
192 1942 180 681
192 1942 180 681
203 2038 192 675
206 1982 206 675
224 2120 183 677
216 2190 191 675
215 2093 186 680
211 2161 197 674
214 2078 203 673
221 2235 185 676
219 2339 185 676
215 2065 203 673
219 2078 197 674
223 2157 183 677
212 2154 197 674
192 1942 180 681
219 2078 197 674
219 2078 197 674
259 3126 181 679
233 2271 209 672
196 1955 180 681
195 1968 180 681
194 1990 180 681
235 2452 186 676
214 2170 197 674
238 2342 186 676
229 2150 183 677
215 2170 186 680
219 2067 203 673
214 2103 204 673
223 2245 191 675
221 2330 191 679
206 2108 192 675
208 2048 192 675
224 2152 183 677
214 2153 203 673
246 2387 209 672
226 2397 183 677
194 2007 180 681
208 2155 197 678
225 2184 186 680
222 2077 203 673
228 2267 191 675
240 2223 183 677
215 2122 192 679
218 2213 198 674
227 2295 183 677
225 2368 191 679
217 2157 203 673
217 2141 197 676
210 2144 192 675
218 2099 203 675
217 2215 197 674
250 2460 209 672
250 2460 209 672
247 2521 209 672
225 2142 218 675
196 2010 180 681
219 2269 197 674
216 2144 192 675
241 2398 191 675
231 2388 186 678
222 2174 208 673
235 2452 185 680
227 2505 191 677
227 2186 203 673
231 2224 197 674
232 2467 185 678
234 2394 191 677
248 2475 209 672
229 2396 191 679
229 2190 186 680
222 2208 203 673
222 2234 197 674
268 2649 186 680
263 2526 209 672
241 2853 186 680
198 2036 180 681
232 2687 187 678
219 2160 200 675
231 2353 197 674
236 2200 203 673
217 2197 192 675
235 2486 191 679
245 2686 186 678
239 2290 197 674
233 2290 209 674
244 2413 191 675
235 2464 203 673
221 2192 192 675
219 2160 200 675
219 2160 200 675
272 2608 209 672
265 2637 209 672
234 2824 187 678
222 2165 218 675
210 2045 180 681
203 2103 180 681
228 2166 212 676
249 2537 191 675
238 2379 197 674
245 2503 191 677
220 2260 197 678
234 2824 187 678
222 2215 192 675
238 2496 203 673
239 2254 211 673
243 2275 203 673
243 2314 197 674
222 2181 200 675
251 3059 187 678
245 2293 203 673
240 2504 203 673
214 2135 180 681
224 2216 192 675
240 2393 197 674
249 2469 197 674
249 2332 203 673
245 2741 198 674
242 2555 203 673
217 2197 180 681
227 2256 200 675
232 2267 192 675
225 2336 192 675
260 2513 197 674
258 2384 203 673
252 2346 211 673
239 2876 193 677
233 2314 180 681
232 2315 197 676
240 2384 192 679
248 2720 203 673
258 2410 200 675
250 2396 203 673
249 2408 203 673
257 2463 203 673
248 2741 203 673
243 2421 197 678
249 2477 203 673
284 2577 203 673
258 2596 203 673
252 2482 204 673
259 2489 211 673
258 2680 203 673
288 2683 203 673
209 2028 209 672
209 2028 209 672
184 1859 180 681
178 2009 173 686
176 2389 173 683
173 2049 173 685
197 1929 197 674
183 2346 173 684
203 1979 203 673
180 2194 180 679
191 1920 191 675
209 2028 209 672
197 1929 197 674
178 2169 178 680
203 1979 203 673
180 2095 176 682
175 1965 175 684
192 1884 192 677
209 2028 209 672
203 1979 203 673
177 1981 174 685
192 1884 192 677
187 1874 175 682
191 1913 186 676
181 2154 181 679
197 1929 197 674
191 1915 185 676
176 2023 173 685
178 2009 173 686
186 1863 186 680
184 1859 180 681
192 1985 173 683
179 1999 178 680
181 2154 181 679
192 1884 192 677
184 2060 179 679
178 2104 178 681
185 1950 185 676
181 1869 181 681
176 2389 173 683
183 2190 183 677
191 1920 191 675
182 2086 179 679
181 2372 173 684
173 2049 173 685
203 1979 203 673
189 1878 174 683
209 2028 209 672
203 1979 203 673
197 1929 197 674
192 1884 192 677
191 1913 186 676
186 1874 186 678
186 1874 186 678
184 1859 180 681
178 2132 176 682
190 1911 179 679
183 2190 183 677
182 1869 180 681
175 1965 175 684
178 2132 176 682
183 2346 173 684
191 1920 191 675
182 2086 179 679
185 1907 183 677
183 2190 183 677
189 1904 185 678
188 1883 178 680
186 1874 186 678
184 1896 180 679
181 2372 173 684
191 1915 185 676
188 1883 178 680
191 1920 191 675
191 1915 185 676
186 1863 186 680
184 1859 180 681
183 2190 183 677
186 1869 180 679
186 1863 186 680
192 1901 192 675
186 1874 186 678
192 1901 192 675
191 1913 186 676
192 1884 192 677
209 2028 209 672
209 2028 209 672
209 2028 209 672
209 2028 209 672
209 2028 209 672
209 2028 209 672
209 2028 209 672
209 2028 209 672
209 2028 209 672
209 2028 209 672
209 2028 209 672
209 2028 209 672
209 2028 209 672
209 2028 209 672
209 2028 209 672
209 2028 209 672
209 2028 209 672
209 2028 209 672
209 2028 209 672
209 2028 209 672
209 2028 209 672
209 2028 209 672
209 2028 209 672
203 1979 203 673
203 1979 203 673
203 1979 203 673
203 1979 203 673
203 1979 203 673
203 1979 203 673
203 1979 203 673
203 1979 203 673
203 1979 203 673
203 1979 203 673
203 1979 203 673
203 1979 203 673
203 1979 203 673
197 1929 197 674
197 1929 197 674
197 1929 197 674
197 1929 197 674
197 1929 197 674
197 1929 197 674
197 1929 197 674
197 1929 197 674
197 1929 197 674
197 1929 197 674
197 1929 197 674
192 1901 192 675
192 1901 192 675
192 1884 192 677
191 1920 191 675
191 1920 191 675
191 1920 191 675
191 1920 191 675
191 1920 191 675
191 1920 191 675
191 1920 191 675
191 1915 185 676
191 1915 185 676
191 1913 186 676
191 1913 186 676
186 1874 186 678
186 1874 186 678
186 1874 186 678
186 1874 186 678
186 1874 186 678
186 1874 186 678
186 1874 186 678
184 1859 180 681
184 1859 180 681
184 1859 180 681
184 1859 180 681
184 1859 180 681
184 1859 180 681
183 2190 183 677
183 2190 183 677
183 2190 183 677
227 2395 183 677
209 2035 209 672
201 2430 183 677
192 1939 176 682
186 1885 186 678
213 2034 209 672
198 1937 197 674
205 1999 203 673
193 1922 180 681
203 2004 203 673
191 1917 185 676
190 1926 180 681
194 1902 192 677
192 1924 191 675
192 1924 191 675
194 1902 192 677
209 2035 209 672
194 1902 192 677
194 1902 192 677
194 1902 192 677
209 2036 209 672
206 2471 183 677
194 1929 180 681
191 1908 186 678
190 1932 180 681
189 1910 186 678
196 1967 191 675
203 2012 203 673
198 1968 198 674
207 2006 203 673
191 1921 185 676
205 1949 197 674
197 1915 192 677
200 1962 197 674
201 1952 197 674
206 2009 203 673
213 2040 209 672
213 2040 209 672
209 2045 209 672
206 2498 183 677
198 1938 180 681
194 1922 186 678
193 1965 180 681
201 2050 191 675
207 2027 203 673
203 1983 197 674
199 1994 185 676
202 2000 197 674
208 1977 191 675
202 1978 192 675
210 2044 209 672
202 2000 197 674
241 2148 186 676
224 2043 209 672
207 2503 183 677
201 1965 180 681
201 1942 186 678
193 1986 180 681
207 2200 185 676
211 2031 203 673
205 2071 191 675
198 1951 186 678
205 2013 197 674
209 2053 209 672
208 1988 197 674
208 2045 203 673
205 2018 192 677
220 2052 192 675
197 1976 186 678
219 2174 186 676
207 2200 185 676
219 2175 185 676
207 2200 185 676
207 2200 185 676
225 2150 198 674
216 2545 183 677
209 2130 209 672
199 2008 180 681
198 1964 186 678
209 2115 192 675
216 2295 197 674
221 2158 197 674
212 2082 203 673
210 2136 191 675
224 2193 185 676
211 2055 209 672
221 2158 197 674
213 2046 203 674
211 2040 198 676
212 2239 185 676
214 2053 203 673
215 2214 185 676
239 2345 191 675
224 2686 183 677
214 2063 209 672
204 2058 180 681
198 1975 186 678
227 2684 183 677
214 2155 192 677
233 2216 198 674
212 2109 198 676
212 2070 209 672
218 2075 204 673
217 2286 186 676
214 2094 208 673
218 2149 203 673
224 2271 197 674
224 2244 185 676
215 2139 192 675
224 2112 203 673
229 2269 197 674
230 2261 197 674
244 2481 191 675
224 2078 209 672
213 2083 209 672
209 2156 180 681
204 1994 186 680
203 2022 186 678
224 2125 203 673
231 2262 185 676
232 2325 192 675
213 2143 198 676
239 2294 198 674
236 2316 197 674
237 2152 192 675
271 2932 191 675
235 2398 185 676
218 2083 209 672
206 2063 186 678
239 2571 197 674
245 2360 198 674
234 2353 192 677
213 2123 209 672
233 2421 186 676
238 2793 192 675
226 2188 203 673
225 2257 203 673
245 2134 203 673
239 2170 192 675
238 2283 197 676
227 2160 203 673
243 2390 197 674
214 2084 209 672
226 2188 203 673
226 2188 203 673
226 2188 203 673
226 2188 203 673
255 2726 197 674
251 2503 185 676
214 2094 209 672
206 2150 186 678
238 2411 186 676
242 2203 192 675
228 2301 203 673
230 2194 203 673
210 2113 186 678
227 2197 203 675
239 2439 192 675
264 2801 197 674
249 3007 187 676
221 2112 209 672
217 2128 209 672
210 2115 186 678
242 2398 192 675
230 2195 203 673
230 2195 203 673
243 2207 192 675
243 2207 192 675
218 2115 209 672
230 2195 203 673
230 2195 203 673
230 2195 203 673
265 2815 197 674
223 2126 209 672
221 2112 218 675
215 2158 186 678
212 2191 191 679
243 2405 192 675
248 2242 192 675
236 2212 203 673
217 2131 209 672
226 2115 209 673
231 2214 203 673
219 2129 209 672
253 2840 192 675
225 2126 209 672
218 2137 209 672
217 2159 186 678
251 2282 197 675
232 2341 203 673
233 2244 203 673
265 2845 192 677
228 2351 186 678
227 2340 191 679
227 2132 209 672
220 2154 209 672
235 2483 203 673
248 2299 203 673
243 2302 198 678
241 2254 191 679
238 2314 203 673
245 2320 203 673
235 2370 186 678
233 2504 187 678
227 2368 191 679
220 2166 209 672
240 2403 203 675
236 2501 203 673
227 2368 191 679
243 2385 203 673
259 2464 203 673
240 2371 186 678
237 2539 203 673
227 2371 191 679
223 2166 209 672
237 2440 197 678
243 2496 203 673
240 2519 203 673
259 3189 186 680
223 2168 209 672
230 2398 191 679
254 2503 203 675
252 2769 187 678
241 2539 203 673
250 2535 203 673
255 2556 203 673
230 2405 191 679
229 2171 209 672
224 2221 209 672
225 2196 209 672
259 2654 203 673
245 2186 209 672
230 2283 209 672
232 2200 209 672
260 2731 203 673
233 2221 209 672
230 2285 209 672
314 3235 203 673
250 2267 209 672
233 2271 209 672
233 2271 209 672
233 2271 209 672
233 2271 209 672
233 2271 209 672
233 2276 209 672
233 2284 209 672
239 2293 209 672
234 2325 209 672
241 2306 209 672
236 2506 209 672
236 2348 209 674
244 2363 209 672
244 2363 209 672
243 2521 209 674
242 2327 217 672
244 2363 209 672
244 2363 209 672
246 2386 212 676
245 2439 209 672
251 2475 209 672
272 2599 209 672
257 2624 212 676
209 2028 209 672
209 2028 209 672
184 1859 180 681
178 2009 173 686
176 2389 173 683
173 2049 173 685
183 2346 173 684
180 2194 180 679
203 1979 203 673
192 1894 192 675
203 1979 203 673
183 1952 183 677
178 2132 176 682
185 1907 183 677
209 2028 209 672
182 2086 179 679
197 1927 197 674
197 1927 197 674
203 1979 203 673
203 1979 203 673
177 1981 174 685
175 1965 175 684
192 1932 191 675
176 2389 173 683
178 2169 178 680
182 1869 180 681
181 2148 181 679
173 2049 173 685
178 2104 178 681
197 1927 197 674
188 1898 186 676
181 1998 173 686
181 2372 173 684
181 2372 173 684
178 2132 176 682
190 1911 179 679
185 1950 185 676
186 1864 186 680
187 1944 185 676
189 1878 174 683
180 2194 180 679
179 1999 178 680
195 1917 191 675
180 2095 176 682
209 2028 209 672
197 1927 197 674
197 1927 197 674
192 1932 191 675
192 1889 186 676
188 1898 186 676
186 1875 186 678
186 1875 186 678
186 1864 186 680
191 1915 185 676
176 2023 173 685
195 1917 191 675
197 1927 197 674
193 1928 191 675
186 1875 186 678
184 2060 179 679
183 2346 173 684
184 2060 179 679
189 1926 185 676
188 1898 186 676
176 2159 175 682
191 1944 191 675
184 1859 180 681
193 1928 191 675
192 1894 192 675
188 1898 186 676
186 1890 175 682
192 1985 173 683
181 2148 181 679
179 1999 178 680
192 1932 191 675
192 1894 192 675
186 1890 175 682
181 2148 181 679
181 2148 181 679
184 1888 178 680
182 2086 179 679
180 2095 176 682
186 1875 186 678
186 1864 186 680
192 1932 191 675
192 1894 192 675
186 1877 178 680
203 1979 203 673
186 1875 186 678
193 1928 191 675
192 1889 186 676
192 1889 186 676
186 1890 175 682
184 1888 178 680
209 2028 209 672
209 2028 209 672
209 2028 209 672
209 2028 209 672
209 2028 209 672
209 2028 209 672
209 2028 209 672
209 2028 209 672
209 2028 209 672
209 2028 209 672
209 2028 209 672
209 2028 209 672
209 2028 209 672
209 2028 209 672
209 2028 209 672
209 2028 209 672
203 1979 203 673
203 1979 203 673
203 1979 203 673
203 1979 203 673
203 1979 203 673
203 1979 203 673
203 1979 203 673
203 1979 203 673
197 1927 197 674
197 1927 197 674
197 1927 197 674
197 1927 197 674
197 1927 197 674
197 1927 197 674
197 1927 197 674
195 1917 191 675
195 1917 191 675
193 1928 191 675
192 1932 191 675
192 1894 192 675
192 1894 192 675
192 1894 192 675
192 1894 192 675
192 1894 192 675
192 1894 192 675
192 1889 186 676
188 1898 186 676
188 1898 186 676
186 1875 186 678
186 1864 186 680
186 1864 186 680
181 2148 181 679
181 2148 181 679
181 2148 181 679
181 2148 181 679
181 2148 181 679
210 2038 209 672
209 2051 209 672
192 1953 175 682
190 1897 186 678
188 2255 186 678
181 2150 181 679
203 1984 203 673
197 1933 197 674
198 2062 183 677
194 1929 178 680
202 2018 183 677
195 1923 191 675
192 1910 192 675
192 1905 186 676
212 2056 209 672
210 2058 209 672
201 1996 175 682
198 1924 186 676
196 2009 175 682
181 2183 181 679
202 2101 183 677
183 2164 181 679
203 1991 203 673
206 1958 197 674
203 2012 178 680
200 1977 197 674
195 1940 191 675
191 1937 186 680
197 2000 180 681
201 1937 192 675
193 1933 186 676
196 1925 186 676
201 1937 192 675
237 2292 178 680
211 2072 209 672
198 1946 192 675
183 2179 181 679
203 2140 183 677
197 2043 186 676
196 1954 192 675
204 2013 186 678
208 1962 197 674
201 1993 197 674
206 1979 191 675
203 1995 203 673
207 1991 203 673
203 2013 191 675
203 1987 197 674
197 1949 192 675
221 2158 186 676
217 2083 209 672
205 2458 183 677
204 1956 192 675
186 2206 181 679
217 2221 186 676
203 2002 203 673
210 2142 183 677
203 2009 197 674
201 1988 197 676
197 2043 192 677
206 1984 191 675
203 1968 192 675
220 2178 187 676
197 2056 192 675
205 2039 191 675
203 1968 192 675
226 2191 186 676
217 2084 209 672
217 2084 209 672
209 2536 183 677
204 1968 192 675
196 2327 181 679
192 2338 181 679
207 2014 197 674
221 2237 186 676
214 2018 203 673
206 2021 203 673
216 2002 191 675
208 2102 191 675
221 2237 186 676
217 2084 209 672
217 2084 209 672
242 2286 186 678
220 2113 209 672
208 1973 192 675
207 2075 192 679
206 2401 181 679
204 2547 181 679
228 2354 186 676
224 2028 205 674
231 2302 186 676
215 2201 191 679
213 2030 203 673
206 2076 192 675
209 2051 197 674
215 2031 197 674
213 2205 191 675
209 2036 203 673
229 2408 186 676
225 2158 209 672
222 2172 209 672
214 2033 203 673
211 2256 192 679
209 2506 181 679
209 2058 203 673
219 2092 192 675
213 2206 191 675
210 2096 197 674
212 2048 204 673
211 2057 197 674
222 2172 209 672
222 2172 209 672
222 2172 209 672
222 2172 209 672
246 2444 186 676
229 2235 191 679
223 2195 209 672
220 2059 203 673
211 2508 181 679
210 2158 197 674
239 2441 186 678
235 2468 186 676
230 2356 191 675
219 2207 192 675
215 2070 197 674
211 2067 203 673
221 2193 192 675
211 2075 197 674
212 2071 197 674
258 2213 209 672
236 2884 186 678
219 2075 203 673
213 2533 181 679
212 2539 181 679
211 2089 203 673
241 2817 187 678
247 2471 186 676
226 2221 209 672
222 2200 192 675
233 2247 191 679
243 2487 191 676
213 2105 197 674
211 2139 197 674
242 2561 186 678
214 2530 181 679
219 2222 192 675
211 2139 197 674
211 2089 203 673
262 2702 186 676
250 2258 209 672
243 2862 187 678
237 2263 209 672
234 2453 191 679
219 2589 181 679
211 2090 203 673
215 2155 197 674
222 2255 192 675
212 2592 181 679
237 2281 191 679
236 2361 191 679
265 3134 186 678
244 2427 191 679
242 2338 209 672
226 2101 203 673
219 2599 181 679
215 2262 203 673
255 2983 187 678
225 2265 192 675
216 2159 197 674
226 2101 203 673
222 2135 203 673
221 2150 203 673
216 2157 203 673
242 2350 209 672
238 2653 186 680
232 2692 181 679
228 2730 181 679
226 2107 203 673
218 2164 203 673
228 2382 192 675
236 2310 192 675
221 2203 197 674
225 2139 209 674
218 2227 197 674
230 2319 192 675
225 2140 203 673
257 2410 209 672
245 2486 209 672
238 2334 192 675
234 2511 192 677
226 2120 203 673
218 2166 203 673
219 2251 197 674
228 2205 197 674
235 2433 192 677
224 2236 197 674
260 2703 209 672
249 2358 192 675
238 2401 192 677
232 2155 203 673
221 2172 203 673
240 2429 192 675
235 2252 198 676
224 2319 197 674
237 2260 197 674
227 2253 197 675
227 2253 197 675
238 2401 192 677
238 2401 192 677
238 2401 192 677
238 2401 192 677
227 2253 197 675
277 3110 209 672
245 2422 192 677
242 2429 192 678
225 2188 203 673
222 2215 203 673
241 2497 192 675
239 2290 198 674
231 2265 197 675
240 2256 198 676
230 2335 197 674
241 2433 192 677
233 2319 197 674
233 2319 197 674
233 2319 197 674
233 2319 197 674
255 2507 192 675
245 2491 192 677
242 2938 192 677
225 2219 203 673
233 2332 198 676
244 2344 197 674
239 2301 198 674
234 2353 197 674
234 2353 197 674
269 2678 192 675
245 2980 192 677
234 2219 203 673
228 2308 203 675
235 2357 197 674
248 2352 198 676
258 2719 192 677
253 2976 192 677
231 2302 203 673
245 2980 192 677
231 2302 203 673
296 3304 192 677
234 2221 203 673
231 2307 203 673
251 2496 197 674
240 2370 198 674
236 2865 197 676
241 2669 197 676
234 2221 203 673
234 2221 203 673
265 2547 197 674
251 2583 197 674
242 2482 198 674
240 2263 203 673
246 2427 198 674
253 2495 198 674
249 2560 198 674
245 2292 203 673
240 2399 203 673
242 2331 203 673
250 2343 203 673
249 2336 203 677
242 2412 203 673
254 2372 203 677
254 2372 203 677
252 2484 203 673
256 2396 203 677
253 2511 203 673
266 2789 203 673
259 2556 204 673
258 2399 203 677
262 2458 203 677
209 2028 209 672
209 2028 209 672
184 1859 180 681
178 2009 173 686
176 2389 173 683
173 2049 173 685
183 2346 173 684
180 2194 180 679
197 1929 197 674
203 1975 203 673
195 1924 191 675
183 1952 183 677
203 1975 203 673
180 2194 180 679
181 2156 181 679
178 2132 176 682
197 1929 197 674
178 2104 178 681
209 2028 209 672
209 2028 209 672
203 1975 203 673
203 1975 203 673
192 1887 192 677
192 1895 192 675
175 1965 175 684
197 1929 197 674
177 1981 174 685
189 1904 185 678
176 2023 173 685
179 1999 178 680
181 1998 173 686
181 2372 173 684
190 1926 187 676
189 1878 174 683
186 1864 186 680
186 1875 186 678
192 1985 173 683
178 2169 178 680
192 1895 192 675
192 1891 187 676
188 1867 175 682
184 2060 179 679
189 1931 185 676
182 2086 179 679
181 1901 178 680
191 1906 183 677
178 2132 176 682
175 1965 175 684
183 2346 173 684
173 2049 173 685
209 2028 209 672
203 1975 203 673
197 1929 197 674
192 1895 192 675
192 1891 187 676
184 1859 180 681
190 1911 179 679
187 1874 175 682
181 1869 181 681
177 1981 174 685
180 2095 176 682
176 2389 173 683
197 1929 197 674
195 1924 191 675
178 2009 173 686
188 1883 178 680
209 2028 209 672
185 1950 185 676
184 1859 180 681
182 1871 180 681
185 1907 183 677
190 1926 187 676
188 1867 175 682
186 1864 186 680
181 2372 173 684
195 1924 191 675
191 1913 186 676
191 1906 183 677
192 1891 187 676
185 1907 183 677
184 1859 180 681
181 2156 181 679
191 1913 186 676
203 1975 203 673
192 1895 192 675
209 2028 209 672
192 1891 187 676
192 1891 187 676
192 1887 192 677
188 1867 175 682
185 1907 183 677
209 2028 209 672
209 2028 209 672
209 2028 209 672
209 2028 209 672
209 2028 209 672
209 2028 209 672
209 2028 209 672
209 2028 209 672
209 2028 209 672
209 2028 209 672
209 2028 209 672
209 2028 209 672
209 2028 209 672
209 2028 209 672
209 2028 209 672
209 2028 209 672
209 2028 209 672
209 2028 209 672
209 2028 209 672
203 1975 203 673
203 1975 203 673
203 1975 203 673
203 1975 203 673
203 1975 203 673
203 1975 203 673
203 1975 203 673
203 1975 203 673
197 1929 197 674
197 1929 197 674
197 1929 197 674
195 1924 191 675
195 1924 191 675
195 1924 191 675
192 1895 192 675
192 1895 192 675
192 1895 192 675
192 1891 187 676
192 1891 187 676
192 1891 187 676
192 1891 187 676
192 1887 192 677
192 1887 192 677
192 1887 192 677
192 1887 192 677
192 1887 192 677
191 1913 186 676
191 1913 186 676
191 1906 183 677
191 1906 183 677
191 1906 183 677
191 1906 183 677
191 1906 183 677
190 1926 187 676
190 1926 187 676
185 1907 183 677
185 1907 183 677
185 1907 183 677
185 1907 183 677
185 1907 183 677
185 1907 183 677
184 1859 180 681
184 1859 180 681
231 2213 185 676
218 2215 185 676
209 2042 209 672
202 1881 175 682
194 1940 175 682
184 1866 180 681
184 1866 180 681
225 2189 178 680
203 1977 203 673
198 2071 198 674
209 2042 209 672
200 1955 197 674
192 1895 192 677
191 1914 183 677
190 1943 180 679
195 1926 191 675
191 1939 180 679
192 1897 187 676
194 1918 192 675
195 1926 191 675
192 1897 187 676
191 1918 186 676
228 2198 178 680
210 2047 209 672
195 1944 175 682
186 1880 180 681
203 1980 203 673
224 2043 209 672
202 1956 197 674
192 1896 192 677
195 1930 191 675
208 1964 180 679
192 1955 183 677
192 1902 187 676
193 1969 186 676
192 1967 180 679
193 1969 186 676
192 1896 192 677
193 1969 186 676
228 2209 178 680
220 2105 209 672
205 1970 175 682
203 2003 175 682
193 1903 187 676
186 1907 180 681
228 2209 178 680
207 1987 203 673
202 1977 197 674
192 1968 180 679
197 1965 183 677
202 1945 191 675
197 1947 192 675
205 1991 203 673
195 1977 186 676
194 1996 183 677
204 1972 186 676
193 1903 187 676
228 2209 178 680
228 2105 209 672
221 2131 209 672
218 2152 175 682
200 2100 180 683
194 1910 187 676
207 2035 203 673
202 2063 180 679
205 1995 197 674
197 1973 192 675
200 1980 183 677
204 1985 191 675
202 2014 186 676
198 2022 186 676
225 2149 209 672
223 2231 209 672
202 2063 180 681
195 1915 192 677
194 1946 187 676
209 2044 203 673
205 2001 197 674
204 2063 180 679
208 2074 203 673
199 1977 192 675
207 2036 191 675
206 2005 183 677
199 2056 186 676
200 2023 183 677
195 1943 187 676
226 2197 209 672
204 2068 180 681
195 1971 187 676
195 1938 192 677
217 2054 191 675
201 2073 186 676
206 2066 180 679
209 2029 197 674
204 2028 183 677
211 2046 203 673
203 1978 203 675
209 2050 203 673
201 2014 192 675
197 1951 187 676
202 2033 183 677
208 2055 191 675
203 2065 186 676
208 2055 191 675
204 2057 186 676
209 2050 203 673
229 2197 209 672
228 2296 209 672
213 1952 187 676
206 2072 180 679
202 2050 186 680
196 1983 187 676
215 2090 197 674
209 2052 203 673
214 2077 191 675
209 2031 209 674
206 2122 183 677
214 2132 197 674
212 2091 186 678
206 2072 180 679
212 2105 186 676
203 2120 186 676
207 2108 186 676
244 2344 209 672
207 2077 180 679
197 1995 192 677
207 2161 183 677
233 2119 198 674
209 2055 203 673
220 2102 191 675
203 2006 198 676
214 2138 197 674
219 2136 185 678
203 2074 187 676
206 2049 187 678
213 2106 186 676
214 2110 191 675
210 2142 186 678
217 1998 187 676
204 2056 187 676
258 2429 209 672
220 2084 180 679
208 2089 180 679
206 2015 192 677
204 2123 192 679
223 2208 197 674
227 2182 197 674
209 2063 203 673
211 2180 183 677
213 2060 209 673
215 2191 191 675
216 2124 191 675
224 2165 183 677
224 2034 187 676
217 2187 198 674
222 2107 192 675
212 2115 187 676
207 2026 198 676
216 2100 187 676
206 2088 197 676
213 2181 186 676
208 2089 180 679
207 2026 198 676
208 2089 180 679
208 2089 180 679
208 2089 180 679
233 2316 197 674
214 2070 203 673
213 2091 186 680
209 2120 180 679
209 2024 192 677
207 2030 198 676
217 2269 191 675
229 2174 183 677
216 2212 187 676
210 2137 203 673
221 2174 191 675
217 2234 192 675
225 2196 198 674
215 2195 186 678
209 2115 181 679
220 2192 183 677
225 2146 191 675
211 2120 197 676
215 2225 186 676
211 2086 203 673
244 2375 197 674
216 2096 208 673
211 2122 180 679
211 2119 191 679
210 2053 198 678
230 2191 187 678
222 2330 186 676
227 2233 192 675
222 2126 197 676
225 2295 183 677
242 2248 187 676
217 2073 203 673
211 2097 203 673
223 2263 191 675
211 2055 192 677
229 2274 183 677
216 2086 198 676
223 2271 186 676
253 2396 197 674
217 2099 197 678
215 2126 181 679
214 2104 203 673
212 2128 180 679
211 2120 204 675
239 2221 198 676
246 2322 187 676
233 2362 183 677
229 2306 186 678
229 2242 192 675
232 2347 191 675
227 2327 192 675
215 2138 192 677
226 2350 186 676
216 2111 192 677
215 2126 181 679
276 2567 197 674
220 2114 203 673
218 2142 180 679
218 2115 203 673
214 2190 181 679
252 2478 191 675
230 2379 186 676
242 2333 186 678
236 2299 193 677
237 2450 192 675
236 2248 197 676
218 2256 197 678
214 2198 180 679
216 2153 180 679
273 2585 192 675
234 2136 203 673
218 2149 203 673
216 2157 180 679
257 2459 186 676
237 2279 197 676
245 2482 186 676
219 2147 203 676
259 2297 197 678
255 2576 186 678
231 2170 203 673
220 2174 180 679
220 2171 208 673
228 2183 203 675
228 2183 203 675
222 2212 204 673
228 2237 203 673
230 2204 203 673
229 2228 203 673
234 2201 203 673
232 2228 203 673
225 2210 180 679
220 2185 208 673
237 2351 203 673
233 2255 180 679
228 2227 181 679
225 2344 191 679
253 2404 180 679
250 2401 180 681
250 2401 180 681
244 2396 203 673
240 2355 203 675
235 2446 181 679
257 2457 186 680
255 2589 203 673
241 2364 203 676
