0 0.00541921
265 3493 225 714
275 3389 249 724
315 4105 283 713
300 3939 234 722
290 3819 250 727
273 3657 227 712
282 3523 234 720
293 3661 276 717
330 4033 277 719
293 3825 279 721
267 3511 231 709
266 3394 239 723
308 3849 262 740
290 3943 277 720
275 3627 247 710
290 3742 233 716
304 4092 228 711
333 4342 248 718
300 3827 252 727
277 3802 219 716
296 3906 277 732
300 3989 249 709
283 3666 248 714
340 4073 267 708
294 3675 242 726
285 3694 281 715
315 4111 230 722
296 3819 251 724
260 3402 229 714
287 3729 259 721
280 3809 237 724
259 3255 230 725
298 3819 259 732
263 3670 218 730
290 3899 246 726
282 3756 269 724
305 4019 218 724
256 3407 246 724
287 3744 225 724
352 4839 270 721
303 3927 253 723
325 4299 251 718
285 3611 232 719
274 3734 234 712
266 3206 216 730
310 3928 250 713
282 3613 241 713
305 3789 223 722
292 3488 246 716
306 3893 287 719
294 3880 282 728
283 3567 272 717
303 3688 255 730
310 3879 220 717
308 3930 239 710
308 4187 240 719
327 4325 280 728
317 4369 280 700
267 3475 244 719
246 3361 223 726
275 3656 242 719
312 3964 289 733
271 3548 223 712
371 4709 240 731
317 3961 229 723
366 4843 274 733
329 4327 228 727
306 3672 243 714
284 3461 231 717
278 3596 220 713
329 4264 284 723
314 4260 290 718
305 3744 276 719
274 3402 247 730
273 3369 229 720
276 3623 249 725
298 3817 259 710
309 3964 288 729
263 3349 222 718
320 4122 295 736
285 3659 233 721
265 3446 242 725
278 3692 264 713
284 3725 245 720
276 3395 213 716
271 3509 234 722
299 3841 246 710
297 3868 247 729
337 4416 231 725
307 4120 233 716
308 4145 250 711
300 3607 270 727
286 3724 235 719
298 4097 254 738
330 4234 292 725
325 4446 278 721
310 4084 260 723
298 3908 240 711
267 3512 246 722
299 3974 242 734
308 4146 271 729
300 4020 294 729
315 4205 257 712
294 3907 264 723
298 3777 232 719
296 3714 265 724
237 3055 232 729
287 3406 236 725
321 4177 253 723
281 3949 234 723
281 3772 256 725
290 3867 256 709
268 3448 228 713
272 3665 222 730
260 3461 246 735
296 3920 262 718
293 3871 258 715
310 3929 255 716
307 4059 225 714
290 3875 232 717
257 3350 232 730
320 4117 264 724
317 3879 275 723
275 3332 250 721
250 3364 221 724
302 3815 249 724
253 3312 234 716
315 4150 301 728
303 4010 282 717
297 3837 259 728
237 2986 196 719
301 3833 280 730
283 3885 249 709
265 3554 264 736
308 4060 269 718
281 3490 245 722
250 3168 209 720
283 3627 261 723
306 3929 277 723
256 3434 222 716
315 4093 252 720
326 4219 268 718
254 3337 218 718
280 3623 214 710
299 4017 275 715
310 4017 277 727
292 3831 221 719
286 3695 252 717
245 3203 228 715
312 4185 297 720
259 3254 210 713
270 3432 228 723
333 4341 223 728
328 4291 247 718
324 4306 250 733
282 3820 224 727
311 4170 229 725
289 3789 241 711
278 3786 235 722
270 3423 270 720
281 3577 264 719
269 3517 224 716
301 4022 294 709
275 3712 238 727
285 3670 217 738
284 3603 265 723
274 3481 252 720
312 4051 246 724
296 3873 251 719
322 3906 257 716
285 3865 235 717
321 4073 298 729
277 3608 217 718
305 3974 218 712
256 3532 235 724
290 3819 258 714
278 3482 256 719
263 3583 222 724
302 3744 285 713
270 3313 250 720
260 3267 243 719
322 3958 261 732
303 3681 226 724
299 4023 242 722
286 3615 214 725
283 3762 229 720
319 4256 232 720
284 3531 245 729
307 4018 231 727
299 3960 282 722
297 3812 275 720
274 3670 250 715
273 3611 236 709
285 3717 231 722
281 3668 241 714
285 3783 223 713
310 3967 295 731
308 4019 245 714
272 3715 224 710
269 3676 244 729
