347 3.97214
181 2006 178 701
188 1939 181 698
196 2168 173 687
211 2171 184 681
188 1942 181 698
192 1945 186 693
193 2086 187 685
186 1946 178 701
188 1942 181 698
188 1942 181 698
193 1966 186 691
192 1945 186 693
189 1992 182 686
187 1956 180 694
186 1945 178 701
186 1946 178 701
192 1955 186 692
183 1986 178 701
187 1956 180 694
186 1945 178 701
194 2081 177 689
192 1955 186 692
192 1976 186 691
185 1968 178 701
186 1946 178 701
192 1946 186 693
186 1946 178 701
186 1946 178 701
193 1966 186 691
186 1973 180 694
189 1985 182 687
186 1946 178 701
188 1946 181 698
192 1950 186 693
188 1946 181 698
188 1939 181 698
189 1985 182 687
192 1966 186 692
191 1951 181 696
188 1939 181 698
189 1997 182 687
188 1949 181 698
189 1985 182 687
186 1963 180 696
188 1939 181 698
190 1985 180 694
189 1992 182 686
186 1946 178 701
187 1956 180 694
183 1986 178 701
186 1946 178 701
187 1956 180 694
192 1955 186 692
184 1973 178 701
188 1946 181 698
186 1946 178 701
187 1963 180 694
192 1950 186 693
192 1966 186 692
183 1986 178 701
189 1985 182 687
192 1950 186 693
181 2057 178 701
188 1939 181 698
186 1945 178 701
192 1945 186 693
189 1985 182 687
186 2018 181 691
188 1942 181 698
186 1945 178 701
192 1955 186 692
188 1939 181 698
200 2051 177 689
187 1956 180 694
188 1942 181 698
186 1946 178 701
188 2033 182 686
186 1946 178 701
193 1966 186 691
186 1953 178 701
190 2053 176 692
192 1955 186 692
189 1992 182 686
186 2133 180 696
190 1995 177 701
192 1950 186 693
187 1956 180 694
186 1946 178 701
192 1946 186 693
186 1946 178 701
189 1985 182 687
189 1967 179 700
192 1950 186 693
192 1945 186 693
181 2019 178 701
188 1939 181 698
193 1966 186 691
188 1999 182 688
188 1942 181 698
188 1939 181 698
189 1985 182 687
192 1945 186 693
193 1966 186 691
186 1946 178 701
188 1942 181 698
192 1955 186 692
189 1990 182 687
186 1945 178 701
187 1956 180 694
188 1939 181 698
192 1945 186 693
186 1946 178 701
192 1950 186 693
187 1956 180 694
186 1953 178 701
192 1945 186 693
186 1949 178 701
192 1945 186 693
188 1999 182 688
186 1952 178 701
198 2022 187 685
192 1966 186 692
188 1949 181 698
188 1942 181 698
186 1945 178 701
188 1939 181 698
192 1976 186 691
183 1986 178 701
192 1945 186 693
188 1949 181 698
192 1960 186 692
188 1942 181 698
193 1966 186 691
186 2037 181 691
188 1939 181 698
190 1995 177 701
193 1966 186 691
189 1984 182 693
187 1956 180 694
186 1945 178 701
189 1967 179 700
189 1985 182 687
189 1990 182 687
186 1946 178 701
190 1995 177 701
192 1955 186 692
189 1979 182 693
192 1945 186 693
192 1945 186 693
186 1951 178 701
192 1960 186 692
188 1942 181 698
186 1946 178 701
192 1945 186 693
187 1956 180 694
188 1942 181 698
193 2088 187 684
189 1966 184 693
186 1946 178 701
188 1939 181 698
190 1985 180 694
186 1946 178 701
192 1955 186 692
192 1945 186 693
188 1942 181 698
200 2177 173 687
189 1985 182 687
186 1946 178 701
187 1956 180 694
183 1986 178 701
186 1946 178 701
186 1946 178 701
193 1966 186 691
186 2133 180 696
186 1946 178 701
186 1945 178 701
186 1953 178 701
193 1966 186 691
192 1950 186 693
181 2006 178 701
198 2036 187 685
192 1955 186 692
186 2018 181 691
188 1939 181 698
188 1939 181 698
188 1942 181 698
188 2033 182 686
186 1946 178 701
188 1942 181 698
188 1939 181 698
192 1960 186 692
186 1945 178 701
192 1976 186 691
188 1992 182 693
188 1942 181 698
186 1978 180 694
192 1955 186 692
184 1973 178 701
188 1949 181 698
188 1939 181 698
