943 88.0329
215 2062 209 672
215 2062 209 672
215 2062 209 672
184 2063 173 685
182 2370 173 683
180 1929 180 679
173 2200 173 685
178 1934 178 680
191 1953 191 677
210 2073 209 672
207 1958 197 674
193 1950 191 675
207 2002 203 673
193 1942 186 676
197 1969 197 674
187 2024 179 679
183 1965 183 677
203 2013 203 673
184 2080 174 683
174 2272 174 684
182 2069 175 682
189 1946 185 678
203 2013 203 673
176 2235 175 682
203 2013 203 673
193 2316 173 683
207 1958 197 674
179 2176 179 679
182 2055 176 684
185 2151 179 679
180 2364 173 684
175 2215 175 683
178 1934 178 680
185 2002 185 676
191 1958 191 675
209 2000 203 673
176 2074 175 683
185 1947 185 678
193 2316 173 683
186 2284 173 684
186 2284 173 684
207 2002 203 673
197 1969 197 674
183 1965 183 677
193 1942 186 676
182 2370 173 683
176 2235 175 682
185 2151 179 679
174 2272 174 684
207 1958 197 674
187 2024 179 679
210 2073 209 672
213 2071 209 672
207 1958 197 674
186 1954 185 676
180 1929 180 679
213 2071 209 672
215 2062 209 672
176 2191 174 683
173 2200 173 685
180 2068 175 683
184 2063 173 685
176 2191 174 683
209 2078 209 672
207 2002 203 673
186 2060 179 679
180 2364 173 684
197 1969 197 674
193 1950 191 675
215 2062 209 672
213 2071 209 672
209 2078 209 672
209 2000 203 673
215 2062 209 672
215 2062 209 672
215 2062 209 672
215 2062 209 672
215 2062 209 672
215 2062 209 672
215 2062 209 672
215 2062 209 672
215 2062 209 672
215 2062 209 672
215 2062 209 672
215 2062 209 672
215 2062 209 672
215 2062 209 672
215 2062 209 672
215 2062 209 672
215 2062 209 672
215 2062 209 672
215 2062 209 672
215 2062 209 672
215 2062 209 672
215 2062 209 672
215 2062 209 672
215 2062 209 672
215 2062 209 672
215 2062 209 672
215 2062 209 672
215 2062 209 672
215 2062 209 672
215 2062 209 672
215 2062 209 672
215 2062 209 672
215 2062 209 672
215 2062 209 672
215 2062 209 672
215 2062 209 672
215 2062 209 672
215 2062 209 672
215 2062 209 672
215 2062 209 672
215 2062 209 672
215 2062 209 672
215 2062 209 672
215 2062 209 672
215 2062 209 672
215 2062 209 672
215 2062 209 672
215 2062 209 672
215 2062 209 672
215 2062 209 672
215 2062 209 672
215 2062 209 672
215 2062 209 672
215 2062 209 672
215 2062 209 672
215 2062 209 672
215 2062 209 672
215 2062 209 672
215 2062 209 672
215 2062 209 672
215 2062 209 672
215 2062 209 672
215 2062 209 672
215 2062 209 672
213 2071 209 672
213 2071 209 672
207 2002 203 673
197 1969 197 674
197 1969 197 674
197 1969 197 674
197 1969 197 674
193 1950 191 675
215 2064 209 672
209 2110 209 672
207 1963 197 674
196 1976 191 675
197 1976 197 674
211 2019 203 673
208 2048 203 673
213 2102 209 672
215 2074 209 672
209 2112 209 672
202 2000 191 675
197 1997 197 674
212 2035 203 673
210 2062 203 673
218 2093 209 672
213 2057 191 675
212 2061 191 675
210 2134 203 673
209 2134 209 672
197 1999 197 674
213 2046 203 673
213 2115 209 672
215 2095 209 672
217 2094 209 672
221 2078 191 675
219 2093 209 672
216 2081 191 675
209 2151 209 672
202 2003 197 674
199 2016 197 674
213 2054 203 673
215 2104 209 672
217 2098 209 672
230 2157 191 675
219 2099 209 672
216 2205 191 675
213 2209 209 672
204 2008 197 674
200 2059 197 674
214 2055 203 673
223 2158 191 675
203 2043 197 674
215 2120 209 672
218 2107 209 672
217 2113 209 672
235 2287 191 675
235 2184 196 675
221 2099 209 672
217 2114 209 672
204 2039 197 674
202 2071 197 674
215 2055 203 673
219 2108 209 672
254 2386 196 675
250 2391 196 675
226 2112 209 672
218 2146 209 672
214 2051 197 674
203 2071 197 674
215 2085 203 673
224 2071 203 673
221 2118 209 672
219 2130 209 672
216 2080 203 673
218 2076 203 673
218 2146 209 672
218 2146 209 672
226 2073 203 673
221 2123 209 672
218 2158 209 672
217 2222 203 673
215 2068 197 674
205 2072 197 674
209 2071 197 674
219 2093 203 673
219 2136 209 672
218 2158 209 672
220 2131 209 672
218 2129 203 673
238 2123 209 672
223 2095 197 674
218 2161 209 672
207 2123 197 674
219 2100 203 673
214 2113 197 674
220 2137 209 672
219 2146 209 672
220 2099 197 674
228 2099 197 674
220 2138 209 672
218 2169 209 672
214 2132 212 674
222 2109 203 673
220 2119 203 673
215 2131 197 674
219 2162 209 672
216 2127 197 674
220 2103 197 674
227 2128 203 673
223 2141 209 672
221 2106 197 674
218 2198 209 672
216 2144 212 674
222 2145 203 673
219 2176 209 672
217 2128 197 674
220 2148 209 672
219 2127 197 674
233 2145 203 673
222 2187 203 673
222 2148 209 672
221 2108 197 674
220 2160 209 672
217 2147 198 674
218 2134 197 674
226 2152 203 673
223 2153 203 673
238 2150 209 672
224 2182 208 673
222 2168 209 672
219 2135 197 674
218 2150 197 674
228 2153 203 673
225 2167 203 673
222 2168 209 672
223 2152 209 672
231 2154 203 673
228 2135 197 674
227 2201 203 673
224 2166 218 673
223 2175 209 672
218 2173 197 674
229 2179 203 673
220 2139 197 674
227 2201 203 673
219 2172 197 674
227 2201 203 673
235 2172 203 673
229 2164 197 674
226 2178 209 672
220 2237 197 674
219 2198 212 674
218 2199 202 674
227 2202 203 673
223 2210 209 672
222 2214 197 674
225 2192 209 672
224 2205 197 674
236 2172 203 673
231 2168 197 674
228 2201 205 674
227 2185 209 672
223 2269 209 672
225 2238 197 674
229 2191 202 674
228 2210 203 673
235 2177 203 673
227 2216 197 674
226 2197 209 672
225 2208 209 672
235 2207 203 673
233 2171 209 674
231 2257 207 675
228 2304 197 674
228 2185 218 673
226 2198 209 672
223 2281 209 672
232 2226 202 674
233 2215 203 673
225 2300 202 674
240 2246 203 673
238 2347 197 674
231 2199 209 672
227 2218 218 675
225 2294 209 672
233 2264 203 673
227 2232 212 674
239 2310 198 674
228 2205 209 672
230 2201 209 672
227 2278 209 672
227 2278 209 672
227 2278 209 672
244 2374 197 675
240 2368 199 675
228 2208 209 672
226 2352 209 672
237 2292 205 674
235 2321 203 673
238 2301 203 673
242 2317 203 673
235 2465 204 673
232 2216 209 672
228 2225 209 672
238 2223 209 672
228 2242 209 672
228 2240 218 673
230 2235 209 672
232 2242 209 672
231 2292 209 672
235 2271 209 672
233 2285 209 672
232 2305 209 672
245 2277 209 672
235 2298 211 673
232 2306 209 672
237 2289 209 672
240 2278 209 672
235 2300 209 672
241 2291 209 672
237 2358 218 673
235 2363 211 673
236 2362 209 672
240 2346 209 672
244 2350 218 673
240 2363 209 672
242 2426 209 672
262 2468 209 672
263 2607 211 673
215 2062 209 672
215 2062 209 672
215 2062 209 672
184 2063 173 685
182 2370 173 683
180 1929 180 679
173 2200 173 685
203 2025 203 673
207 2007 203 673
178 1934 178 680
207 1961 197 674
207 1961 197 674
193 1936 186 676
176 2235 175 682
193 1943 191 675
182 2055 176 684
183 1965 183 677
197 1971 197 674
187 2024 179 679
215 2062 209 672
193 1943 191 675
173 2200 173 685
209 2090 209 672
185 2151 179 679
183 1965 183 677
174 2272 174 684
180 1929 180 679
190 1951 186 676
202 1964 197 674
215 2062 209 672
178 1934 178 680
209 1998 203 673
197 1971 197 674
193 2316 173 683
180 2364 173 684
189 1946 185 678
184 2168 179 679
176 2235 175 682
174 2272 174 684
207 2007 203 673
193 1936 186 676
175 2215 175 683
185 2002 185 676
182 2370 173 683
180 2364 173 684
185 1947 185 678
209 1998 203 673
176 2074 175 683
193 1943 191 675
186 1942 186 678
182 2069 175 682
213 2071 209 672
210 2073 209 672
193 2316 173 683
186 2284 173 684
191 1954 191 675
178 2087 175 682
179 2176 179 679
175 2215 175 683
186 2284 173 684
187 2024 179 679
176 2191 174 683
213 2071 209 672
193 1943 191 675
179 2176 179 679
185 2151 179 679
186 1942 186 678
184 2063 173 685
176 2191 174 683
191 1954 191 675
210 2073 209 672
203 2025 203 673
202 1964 197 674
190 1951 186 676
186 2060 179 679
180 2068 175 683
185 2002 185 676
209 2090 209 672
193 1943 191 675
190 1951 186 676
215 2062 209 672
213 2071 209 672
182 2069 175 682
215 2062 209 672
180 2068 175 683
215 2062 209 672
215 2062 209 672
215 2062 209 672
215 2062 209 672
215 2062 209 672
215 2062 209 672
215 2062 209 672
215 2062 209 672
215 2062 209 672
215 2062 209 672
215 2062 209 672
215 2062 209 672
215 2062 209 672
215 2062 209 672
215 2062 209 672
215 2062 209 672
215 2062 209 672
215 2062 209 672
215 2062 209 672
215 2062 209 672
215 2062 209 672
215 2062 209 672
215 2062 209 672
215 2062 209 672
215 2062 209 672
215 2062 209 672
215 2062 209 672
215 2062 209 672
215 2062 209 672
215 2062 209 672
215 2062 209 672
215 2062 209 672
215 2062 209 672
215 2062 209 672
215 2062 209 672
215 2062 209 672
215 2062 209 672
215 2062 209 672
215 2062 209 672
215 2062 209 672
215 2062 209 672
215 2062 209 672
215 2062 209 672
215 2062 209 672
215 2062 209 672
215 2062 209 672
215 2062 209 672
213 2071 209 672
213 2071 209 672
213 2071 209 672
213 2071 209 672
209 1998 203 673
209 1998 203 673
207 2007 203 673
207 2007 203 673
193 1943 191 675
193 1943 191 675
215 2091 197 674
215 2067 209 672
213 2240 209 672
194 1967 191 675
208 2055 203 673
210 2163 197 674
211 2013 203 673
213 2101 197 674
215 2067 209 672
218 2099 197 674
215 2068 209 672
196 1974 191 675
211 2027 203 673
218 2117 197 674
215 2070 209 672
207 2015 191 675
212 2028 203 673
220 2151 197 674
217 2088 209 672
215 2111 209 672
215 2051 204 673
213 2097 191 675
212 2155 203 673
207 2109 191 675
215 2064 203 673
215 2064 203 673
213 2111 203 673
222 2182 197 674
222 2072 203 673
217 2091 209 672
216 2112 209 672
210 2109 191 675
214 2126 203 673
217 2106 203 673
215 2114 203 673
227 2236 197 674
227 2092 203 673
223 2290 197 674
218 2096 209 672
217 2175 191 675
217 2102 209 672
210 2190 199 675
222 2219 198 674
215 2163 203 673
215 2163 203 673
216 2124 203 673
247 2307 191 675
240 2315 191 675
219 2181 200 676
217 2103 209 672
218 2219 203 673
235 2284 192 675
225 2245 198 674
230 2196 196 675
219 2125 203 673
229 2240 197 674
230 2236 198 674
225 2293 197 674
219 2125 203 673
243 2249 196 675
226 2261 198 674
217 2109 209 672
219 2155 203 673
236 2249 197 674
227 2131 203 673
233 2256 197 674
221 2135 203 673
220 2151 203 673
243 2254 196 675
233 2303 197 674
221 2139 206 675
218 2116 209 672
217 2123 209 672
219 2157 203 673
231 2287 198 674
225 2149 203 673
234 2293 197 674
235 2272 198 674
223 2151 203 673
234 2274 198 674
221 2153 203 673
247 2306 196 675
227 2120 209 672
220 2132 212 674
218 2143 209 672
220 2158 203 673
234 2287 198 674
236 2303 197 674
220 2132 212 674
222 2121 209 672
221 2127 209 672
240 2354 197 674
237 2459 197 674
235 2322 198 674
221 2144 209 672
218 2204 209 672
235 2166 203 673
220 2180 203 673
224 2170 203 673
219 2166 209 672
250 2405 197 674
239 2466 197 674
228 2163 209 672
221 2152 212 674
219 2176 209 672
220 2187 208 673
250 2394 198 674
230 2172 203 673
221 2180 203 673
225 2174 203 673
223 2174 209 672
251 2433 202 674
250 2519 197 674
224 2177 209 672
219 2185 209 672
221 2187 203 673
227 2185 203 673
262 2553 197 674
224 2183 209 672
221 2259 209 672
225 2189 203 673
222 2253 203 673
224 2239 203 673
222 2190 209 672
227 2199 203 673
224 2187 209 672
223 2255 203 673
222 2253 209 672
223 2192 209 672
223 2192 209 672
230 2203 203 673
230 2188 209 672
225 2198 213 674
224 2261 203 673
224 2209 209 672
228 2199 212 674
227 2218 203 673
233 2213 203 673
233 2191 209 672
229 2236 206 675
228 2207 220 674
224 2277 203 673
226 2243 209 672
230 2203 212 674
229 2234 212 674
228 2261 203 673
231 2198 209 672
230 2230 209 672
236 2224 209 672
234 2200 218 673
233 2228 218 673
228 2266 203 673
224 2416 205 674
227 2255 209 672
225 2306 203 673
232 2246 209 672
244 2269 206 675
243 2224 209 672
237 2221 218 673
231 2272 203 673
230 2281 203 673
228 2277 218 673
229 2272 209 672
231 2257 209 672
229 2279 204 673
230 2265 209 672
238 2260 209 672
236 2275 203 673
230 2282 203 673
229 2331 209 672
230 2267 209 672
242 2279 203 673
238 2264 209 672
230 2340 203 673
230 2278 209 672
233 2285 203 673
238 2284 203 673
244 2290 203 673
235 2279 209 672
231 2417 209 672
230 2365 203 673
234 2298 209 672
237 2292 203 673
243 2282 209 672
237 2299 203 673
236 2329 209 672
240 2284 209 672
248 2316 209 672
246 2287 212 674
245 2376 209 672
239 2310 218 673
237 2320 203 673
250 2360 203 673
248 2363 209 672
247 2333 212 674
245 2350 206 675
238 2364 203 673
248 2368 209 672
248 2344 212 674
245 2394 203 673
240 2464 203 673
239 2408 211 673
244 2403 203 673
253 2447 203 673
250 2371 209 672
244 2419 218 673
242 2468 203 673
249 2402 209 672
244 2453 203 673
253 2377 209 672
249 2423 218 673
246 2485 203 673
244 2529 203 673
249 2479 209 672
248 2456 211 673
252 2393 209 672
256 2421 209 672
255 2504 203 673
250 2427 218 673
255 2422 209 672
256 2513 203 673
261 2554 211 673
215 2043 209 672
215 2043 209 672
215 2043 209 672
184 2063 173 685
182 2370 173 683
180 1929 180 679
173 2200 173 685
207 1963 197 674
209 2000 203 673
178 1934 178 680
193 1950 191 675
186 1942 186 678
207 1963 197 674
176 2235 175 682
182 2055 176 684
193 1950 191 675
207 2011 203 673
183 1965 183 677
193 2316 173 683
197 1972 197 674
193 1953 185 676
187 2024 179 679
215 2043 209 672
178 1934 178 680
176 2235 175 682
174 2272 174 684
209 2101 209 672
175 2215 175 683
209 2000 203 673
191 1953 191 677
189 1946 185 678
202 1966 197 674
193 2316 173 683
185 2151 179 679
203 2018 203 673
180 2364 173 684
184 2168 179 679
174 2272 174 684
185 2002 185 676
175 2215 175 683
186 2284 173 684
197 1972 197 674
176 2074 175 683
210 2094 209 672
189 1946 185 678
183 1965 183 677
213 2052 209 672
215 2043 209 672
176 2191 174 683
210 2094 209 672
213 2052 209 672
187 2024 179 679
180 1929 180 679
185 2151 179 679
185 2002 185 676
179 2176 179 679
191 1963 191 675
215 2043 209 672
207 1963 197 674
186 1942 186 678
173 2200 173 685
179 2176 179 679
203 2018 203 673
202 1966 197 674
176 2191 174 683
186 2284 173 684
185 1947 185 678
215 2043 209 672
207 1963 197 674
186 1954 185 676
186 2060 179 679
209 2101 209 672
207 2011 203 673
197 1972 197 674
182 2370 173 683
180 2364 173 684
184 2063 173 685
182 2069 175 682
180 2068 175 683
176 2074 175 683
185 1947 185 678
186 1954 185 676
182 2069 175 682
180 2068 175 683
215 2043 209 672
215 2043 209 672
215 2043 209 672
215 2043 209 672
215 2043 209 672
215 2043 209 672
215 2043 209 672
215 2043 209 672
215 2043 209 672
215 2043 209 672
215 2043 209 672
215 2043 209 672
215 2043 209 672
215 2043 209 672
215 2043 209 672
215 2043 209 672
215 2043 209 672
215 2043 209 672
215 2043 209 672
215 2043 209 672
215 2043 209 672
215 2043 209 672
215 2043 209 672
215 2043 209 672
215 2043 209 672
215 2043 209 672
215 2043 209 672
215 2043 209 672
215 2043 209 672
215 2043 209 672
215 2043 209 672
215 2043 209 672
215 2043 209 672
215 2043 209 672
215 2043 209 672
215 2043 209 672
215 2043 209 672
215 2043 209 672
215 2043 209 672
215 2043 209 672
215 2043 209 672
215 2043 209 672
215 2043 209 672
215 2043 209 672
215 2043 209 672
215 2043 209 672
213 2052 209 672
213 2052 209 672
207 2011 203 673
203 2018 203 673
203 2018 203 673
202 1966 197 674
202 1966 197 674
197 1972 197 674
197 1972 197 674
197 1972 197 674
242 2362 187 678
215 2048 209 672
213 2120 209 672
203 1972 197 674
202 2009 197 674
207 2019 203 673
216 2117 191 675
214 2099 192 675
225 2152 191 675
216 2155 191 675
215 2051 209 672
214 2177 209 672
204 1981 197 674
207 2116 203 673
217 2067 203 673
204 1981 197 674
216 2085 203 673
230 2104 203 673
227 2157 191 675
215 2052 209 672
204 1989 197 674
222 2116 204 673
210 2128 203 673
220 2123 203 673
230 2114 203 673
228 2174 191 675
216 2052 209 672
215 2057 209 672
204 1996 197 674
212 2131 204 673
211 2161 203 673
226 2124 203 673
216 2129 203 673
230 2058 209 672
228 2196 191 675
216 2079 209 672
210 1998 197 674
205 1999 197 674
222 2129 203 673
216 2151 203 673
220 2068 209 672
217 2142 203 673
217 2070 209 672
241 2333 192 677
219 2070 209 672
219 2026 197 674
216 2090 209 672
206 2069 198 674
223 2133 203 673
218 2182 203 673
213 2039 197 674
221 2155 203 673
209 2059 197 674
207 2070 197 674
217 2071 209 672
228 2141 203 673
224 2072 209 672
220 2197 203 673
219 2093 209 672
216 2039 197 674
207 2077 197 676
215 2106 197 674
221 2167 204 673
227 2144 203 673
222 2158 203 673
221 2168 203 673
222 2085 209 672
234 2171 203 673
223 2060 197 674
220 2097 209 672
215 2244 197 674
220 2197 204 673
218 2092 197 674
222 2176 203 673
237 2172 203 673
227 2101 209 672
224 2094 197 674
222 2213 203 673
221 2149 209 672
218 2102 197 674
222 2189 204 673
232 2186 203 673
230 2195 203 673
225 2131 209 672
226 2103 209 672
222 2142 209 672
238 2186 203 673
231 2130 209 672
222 2224 203 673
222 2148 209 672
218 2119 197 674
230 2204 203 673
235 2202 203 673
236 2201 203 673
236 2201 203 673
239 2189 203 673
231 2154 209 672
228 2150 218 673
225 2265 203 673
223 2123 197 674
218 2134 197 674
223 2184 209 672
231 2205 203 673
230 2226 203 673
229 2250 203 673
227 2172 209 672
224 2177 209 672
225 2175 209 672
223 2123 197 674
234 2209 203 673
232 2126 198 674
228 2274 203 673
228 2162 218 673
225 2138 197 674
224 2180 209 672
224 2151 212 674
220 2164 198 674
230 2258 204 673
229 2151 218 673
231 2223 203 673
223 2155 197 674
224 2151 212 674
232 2213 203 673
230 2265 203 673
234 2212 203 673
232 2268 203 673
231 2139 197 674
225 2195 209 672
224 2208 209 672
224 2186 198 674
227 2148 197 674
225 2150 197 674
224 2196 197 674
234 2219 203 673
234 2180 197 674
233 2201 209 672
232 2312 208 673
230 2235 218 673
226 2206 197 676
226 2171 205 674
224 2276 209 672
225 2190 198 674
229 2238 209 672
228 2214 197 674
231 2202 209 672
237 2241 197 674
235 2204 209 672
231 2208 206 675
230 2181 212 674
229 2272 212 674
228 2319 197 674
236 2223 203 673
230 2257 209 672
231 2229 198 674
233 2210 209 672
234 2216 198 674
230 2252 197 674
231 2213 209 672
239 2204 212 674
238 2211 209 672
235 2257 197 674
234 2219 218 673
232 2258 198 676
230 2311 198 674
230 2286 209 672
232 2269 212 674
237 2227 203 673
236 2262 203 673
234 2217 198 674
234 2280 197 674
234 2221 209 672
242 2260 198 674
242 2239 209 672
238 2325 197 674
235 2247 218 673
232 2295 212 674
230 2299 209 672
241 2242 203 673
236 2311 203 673
237 2245 204 673
234 2249 212 674
240 2249 209 672
238 2255 203 673
238 2257 209 672
259 2383 198 674
247 2465 197 674
244 2249 212 674
241 2252 209 672
232 2299 218 673
236 2315 203 673
239 2255 203 673
238 2258 209 672
238 2275 203 673
251 2479 198 674
244 2254 209 672
240 2263 218 673
238 2300 203 673
239 2290 209 672
241 2288 209 672
246 2315 203 673
244 2294 209 672
242 2366 203 673
239 2296 209 672
249 2355 203 673
247 2435 203 673
246 2301 209 672
240 2336 209 672
239 2299 209 674
242 2411 204 673
255 2314 209 672
253 2372 203 673
242 2361 212 674
241 2419 209 672
250 2378 203 673
246 2340 209 672
253 2465 203 673
249 2354 209 672
252 2378 209 672
251 2430 209 672
257 2400 209 672
257 2439 209 672
262 2489 209 672
261 2534 209 672
274 2664 209 672
215 2062 209 672
215 2062 209 672
215 2062 209 672
184 2063 173 685
182 2370 173 683
180 1929 180 679
173 2200 173 685
191 1959 191 675
178 1934 178 680
197 1969 197 674
207 1968 197 674
176 2235 175 682
215 2062 209 672
203 2004 203 673
209 1992 203 673
186 1942 186 678
193 1950 191 675
203 2004 203 673
209 2078 209 672
193 2316 173 683
183 1965 183 677
185 2151 179 679
178 1934 178 680
183 1965 183 677
207 1968 197 674
174 2272 174 684
186 1954 185 676
175 2215 175 683
203 2004 203 673
189 1946 185 678
182 2053 175 683
179 2176 179 679
180 2364 173 684
186 1942 186 678
180 2364 173 684
174 2272 174 684
197 1969 197 674
175 2215 175 683
187 2024 179 679
182 2370 173 683
187 2024 179 679
179 2176 179 679
185 2002 185 676
207 1968 197 674
182 2069 175 682
213 2071 209 672
210 2073 209 672
193 2316 173 683
186 2284 173 684
186 2060 179 679
180 2068 175 683
191 1953 191 677
176 2074 175 683
193 1950 191 675
213 2071 209 672
186 2284 173 684
176 2191 174 683
215 2062 209 672
207 1968 197 674
176 2235 175 682
173 2200 173 685
180 1929 180 679
185 2151 179 679
184 2168 179 679
184 2063 173 685
176 2191 174 683
185 1947 185 678
210 2073 209 672
209 1992 203 673
185 2002 185 676
184 2168 179 679
191 1959 191 675
209 2078 209 672
215 2062 209 672
203 2004 203 673
182 2069 175 682
215 2062 209 672
180 2068 175 683
176 2074 175 683
215 2062 209 672
215 2062 209 672
215 2062 209 672
215 2062 209 672
215 2062 209 672
215 2062 209 672
215 2062 209 672
215 2062 209 672
215 2062 209 672
215 2062 209 672
215 2062 209 672
215 2062 209 672
215 2062 209 672
215 2062 209 672
215 2062 209 672
215 2062 209 672
215 2062 209 672
215 2062 209 672
215 2062 209 672
215 2062 209 672
215 2062 209 672
215 2062 209 672
215 2062 209 672
215 2062 209 672
215 2062 209 672
215 2062 209 672
215 2062 209 672
215 2062 209 672
215 2062 209 672
215 2062 209 672
215 2062 209 672
215 2062 209 672
215 2062 209 672
215 2062 209 672
215 2062 209 672
215 2062 209 672
215 2062 209 672
215 2062 209 672
215 2062 209 672
215 2062 209 672
215 2062 209 672
215 2062 209 672
215 2062 209 672
215 2062 209 672
215 2062 209 672
215 2062 209 672
215 2062 209 672
215 2062 209 672
215 2062 209 672
215 2062 209 672
215 2062 209 672
215 2062 209 672
215 2062 209 672
215 2062 209 672
215 2062 209 672
215 2062 209 672
215 2062 209 672
215 2062 209 672
215 2062 209 672
215 2062 209 672
215 2062 209 672
215 2062 209 672
210 2073 209 672
209 2078 209 672
209 2078 209 672
209 2078 209 672
207 1968 197 674
207 1968 197 674
203 2004 203 673
203 2004 203 673
203 2004 203 673
203 2004 203 673
197 1969 197 674
197 1969 197 674
193 1950 191 675
215 2063 209 672
213 2062 191 675
209 2121 209 672
207 2136 191 675
197 1971 197 674
203 2016 203 673
209 1996 203 673
227 2136 196 675
215 2119 192 676
215 2064 209 672
211 2127 209 672
207 1975 197 674
202 2009 197 674
205 2110 203 673
210 2005 203 673
208 2039 203 673
215 2064 209 672
215 2065 209 672
215 2065 209 672
214 2147 209 672
210 2007 203 673
209 2013 197 674
203 2019 197 674
204 2015 197 674
215 2068 209 672
214 2202 209 672
213 2015 203 673
212 2020 197 674
204 2027 197 674
210 2089 203 673
212 2042 203 673
219 2015 203 673
216 2079 209 672
215 2080 209 672
211 2091 203 673
209 2027 197 674
204 2054 197 674
208 2039 197 674
212 2065 203 673
213 2033 203 673
214 2029 203 673
227 2036 197 674
215 2086 209 672
215 2086 209 672
212 2139 203 673
206 2097 197 674
220 2037 203 673
213 2039 204 673
213 2070 203 673
207 2058 197 674
208 2043 197 674
209 2042 197 674
215 2086 209 672
220 2087 209 672
215 2137 209 672
214 2153 203 673
213 2042 197 674
207 2065 197 674
215 2070 203 673
215 2052 204 673
216 2104 209 672
209 2045 197 674
217 2088 209 672
208 2057 197 674
219 2092 209 672
215 2159 209 672
214 2046 197 674
207 2131 197 674
217 2074 203 673
215 2097 203 673
208 2092 197 674
213 2078 197 674
216 2108 209 672
216 2079 203 673
226 2049 197 674
219 2098 209 672
216 2112 209 672
211 2103 197 674
222 2080 203 673
215 2098 203 673
214 2066 197 674
218 2051 197 674
219 2091 203 673
216 2097 203 673
222 2087 197 674
220 2114 209 672
217 2124 209 672
215 2120 203 675
213 2130 197 674
213 2130 197 674
216 2098 203 673
218 2117 209 672
214 2122 197 674
214 2122 197 674
214 2122 197 674
214 2122 197 674
213 2130 197 674
213 2130 197 674
213 2130 197 674
230 2102 197 674
230 2100 203 673
218 2124 209 672
217 2142 209 672
213 2135 197 674
213 2135 197 674
217 2104 203 673
223 2105 197 674
235 2127 197 674
233 2118 203 673
219 2125 209 672
218 2135 209 672
217 2139 203 673
213 2136 197 674
218 2120 203 673
225 2125 209 672
224 2147 197 674
222 2121 209 674
218 2148 209 672
217 2157 203 673
214 2151 197 674
222 2122 203 673
219 2141 203 673
219 2129 209 672
220 2126 203 673
234 2127 209 672
223 2133 212 674
222 2164 203 673
217 2151 197 674
216 2152 197 674
226 2143 203 673
218 2159 209 672
223 2140 209 672
220 2157 209 672
227 2155 209 672
222 2174 203 673
220 2164 209 672
218 2166 197 674
226 2161 203 673
224 2172 203 673
223 2173 203 673
238 2234 197 674
229 2262 197 674
227 2157 209 672
225 2183 197 676
223 2177 217 672
219 2245 203 674
223 2166 212 674
231 2192 202 674
226 2257 197 675
223 2222 203 673
220 2195 209 672
229 2177 203 673
228 2184 203 673
224 2189 203 673
224 2187 209 672
243 2179 203 673
240 2240 197 674
228 2170 209 672
221 2271 209 672
226 2198 203 673
225 2188 209 672
227 2191 203 673
238 2172 209 672
231 2201 203 673
226 2286 203 673
225 2218 209 672
228 2220 203 673
233 2178 209 672
226 2195 209 672
248 2202 205 674
233 2216 203 673
232 2196 209 672
228 2239 203 673
226 2221 209 672
228 2239 203 673
228 2214 209 672
231 2199 209 672
228 2239 203 673
235 2202 209 672
231 2257 203 673
228 2233 217 672
227 2316 209 672
234 2204 209 672
229 2246 209 672
232 2233 209 672
239 2234 212 673
237 2272 203 673
235 2214 212 674
229 2249 209 672
241 2332 203 673
241 2216 212 674
237 2339 203 673
233 2249 209 672
232 2303 209 672
233 2249 209 672
233 2249 209 672
233 2249 209 672
237 2344 203 673
235 2258 217 672
233 2260 209 672
232 2408 209 672
241 2497 203 673
234 2274 209 672
233 2293 209 672
234 2291 209 672
240 2314 218 673
239 2322 209 672
243 2336 218 673
240 2345 212 673
252 2423 212 674
215 2062 209 672
215 2062 209 672
215 2062 209 672
184 2063 173 685
182 2370 173 683
180 1929 180 679
173 2200 173 685
203 2012 203 673
193 1950 191 675
209 2088 209 672
197 1969 197 674
193 1950 191 675
178 1934 178 680
186 1936 186 678
197 1969 197 674
176 2235 175 682
174 2272 174 684
193 2316 173 683
182 2069 175 682
183 1965 183 677
209 1996 203 673
185 2002 185 676
213 2071 209 672
197 1969 197 674
203 2012 203 673
178 1934 178 680
209 1996 203 673
189 1946 185 678
185 2151 179 679
176 2074 175 683
173 2200 173 685
191 1953 191 677
180 2364 173 684
182 2055 176 684
183 1965 183 677
185 2151 179 679
185 1947 185 678
186 1954 185 676
191 1972 191 675
210 2073 209 672
197 1969 197 674
187 2024 179 679
182 2370 173 683
180 2364 173 684
182 2055 176 684
179 2176 179 679
174 2272 174 684
215 2062 209 672
187 2024 179 679
193 2316 173 683
186 2284 173 684
213 2071 209 672
175 2215 175 683
184 2168 179 679
176 2191 174 683
180 2068 175 683
175 2215 175 683
213 2071 209 672
186 2284 173 684
186 1936 186 678
215 2062 209 672
176 2235 175 682
186 2060 179 679
180 1929 180 679
184 2063 173 685
179 2176 179 679
185 2002 185 676
176 2191 174 683
209 2088 209 672
184 2080 174 683
184 2168 179 679
184 2080 174 683
180 2174 179 679
191 1972 191 675
215 2062 209 672
213 2071 209 672
182 2069 175 682
180 2174 179 679
215 2062 209 672
180 2068 175 683
215 2062 209 672
215 2062 209 672
215 2062 209 672
215 2062 209 672
215 2062 209 672
215 2062 209 672
215 2062 209 672
215 2062 209 672
215 2062 209 672
215 2062 209 672
215 2062 209 672
215 2062 209 672
215 2062 209 672
215 2062 209 672
215 2062 209 672
215 2062 209 672
215 2062 209 672
215 2062 209 672
215 2062 209 672
215 2062 209 672
215 2062 209 672
215 2062 209 672
215 2062 209 672
215 2062 209 672
215 2062 209 672
215 2062 209 672
215 2062 209 672
215 2062 209 672
215 2062 209 672
215 2062 209 672
215 2062 209 672
215 2062 209 672
215 2062 209 672
215 2062 209 672
215 2062 209 672
215 2062 209 672
215 2062 209 672
215 2062 209 672
215 2062 209 672
215 2062 209 672
215 2062 209 672
215 2062 209 672
215 2062 209 672
215 2062 209 672
215 2062 209 672
215 2062 209 672
215 2062 209 672
215 2062 209 672
215 2062 209 672
213 2071 209 672
213 2071 209 672
213 2071 209 672
213 2071 209 672
213 2071 209 672
209 1996 203 673
209 1996 203 673
209 1996 203 673
209 1996 203 673
203 2012 203 673
197 1969 197 674
197 1969 197 674
197 1969 197 674
243 2269 191 677
215 2069 209 672
210 2116 192 677
210 2074 209 672
200 1976 197 674
203 2030 203 673
209 2023 203 673
210 2074 209 672
210 2074 209 672
219 2031 203 673
215 2087 209 672
213 2114 209 672
211 2140 192 677
200 2001 197 676
204 2002 197 674
210 2036 203 673
218 2096 209 672
213 2145 192 677
213 2136 209 672
206 2017 197 674
204 2071 197 674
210 2072 203 673
212 2044 203 673
215 2097 209 672
211 2065 203 673
225 2029 198 674
220 2103 209 672
215 2110 209 672
213 2159 192 677
206 2081 203 675
208 2030 197 674
219 2068 203 673
210 2108 203 673
211 2092 203 673
218 2104 209 672
218 2104 209 672
218 2104 209 672
231 2079 203 673
226 2039 197 674
218 2107 209 672
211 2164 211 673
209 2200 204 675
209 2171 197 676
209 2053 206 675
216 2128 198 674
211 2078 203 675
215 2112 209 672
219 2049 197 674
225 2083 203 673
211 2101 197 676
213 2092 203 673
212 2123 203 673
212 2165 197 674
232 2096 197 674
224 2120 209 672
224 2077 203 675
218 2225 197 676
216 2140 209 672
212 2184 198 676
212 2133 203 673
223 2110 198 674
228 2101 203 673
214 2105 203 673
217 2132 209 672
218 2124 209 672
224 2120 197 674
224 2103 203 673
231 2204 197 674
223 2129 209 672
222 2324 197 676
220 2320 198 676
218 2107 205 674
215 2127 212 674
217 2146 209 672
216 2111 203 673
215 2135 211 673
215 2202 203 673
243 2602 197 674
233 2124 203 673
232 2129 209 672
220 2326 198 676
218 2207 209 672
217 2161 204 673
235 2327 200 675
243 2264 198 674
224 2139 209 672
220 2326 198 676
221 2171 209 672
219 2127 203 673
222 2162 209 672
218 2207 209 672
226 2329 198 676
226 2139 209 672
223 2129 204 673
219 2196 211 673
219 2211 204 675
226 2138 203 673
219 2226 203 673
220 2212 209 672
225 2155 209 672
221 2141 203 673
223 2164 209 672
220 2171 203 673
236 2334 200 677
233 2140 209 672
221 2173 211 675
222 2212 209 672
223 2145 204 673
228 2157 203 673
221 2204 209 674
231 2152 209 672
224 2176 209 672
226 2156 209 672
222 2162 203 673
223 2199 209 672
231 2153 209 672
230 2181 203 673
224 2182 204 675
223 2271 209 672
223 2185 203 673
227 2168 204 673
224 2204 209 672
229 2166 209 672
225 2177 209 672
226 2182 203 673
228 2167 209 672
248 2158 212 674
237 2181 203 673
233 2160 209 672
227 2189 205 676
223 2254 203 673
224 2247 209 672
232 2204 203 673
229 2250 203 673
225 2182 209 672
236 2206 203 673
232 2183 209 672
230 2296 207 675
224 2336 209 672
224 2308 203 673
235 2254 204 673
228 2185 209 672
225 2205 209 672
233 2296 203 673
243 2219 203 673
240 2261 203 675
234 2186 209 672
229 2378 203 673
227 2216 212 674
225 2221 209 672
233 2310 203 673
228 2204 209 672
226 2219 209 672
248 2251 206 675
243 2278 203 673
236 2190 209 672
230 2410 203 673
229 2219 218 673
225 2241 209 672
231 2208 211 673
233 2376 204 673
239 2327 203 673
230 2214 218 673
226 2224 209 672
253 2332 203 673
246 2452 203 673
237 2376 204 673
236 2193 209 672
226 2285 209 672
229 2224 209 672
227 2247 209 672
263 2485 203 673
245 2385 205 676
238 2208 209 672
226 2327 217 672
227 2275 209 672
228 2274 217 672
230 2234 209 672
229 2274 209 672
237 2251 209 672
231 2280 209 674
231 2240 218 673
227 2342 209 672
227 2342 209 672
228 2283 209 672
232 2256 209 672
227 2342 209 672
239 2255 209 672
237 2269 211 673
231 2305 209 672
244 2265 209 672
244 2265 209 672
232 2381 218 673
233 2313 209 672
239 2306 209 672
242 2271 209 672
240 2294 209 672
244 2265 209 672
244 2265 209 672
244 2280 209 672
241 2312 218 673
236 2327 209 672
245 2282 209 672
244 2340 209 672
237 2343 209 672
244 2353 217 672
242 2362 209 672
240 2363 209 672
239 2386 209 672
251 2376 209 672
240 2383 209 672
261 2398 212 674
250 2426 209 672
250 2387 218 677
242 2498 209 672
241 2419 217 674
243 2390 211 675
242 2427 217 672
266 2461 218 675
259 2594 209 672
252 2429 212 676
264 2640 226 673
