2585 110.589
209 1960 209 672
209 1960 209 672
209 1960 209 672
191 1836 187 678
190 2354 179 679
186 2065 172 687
184 2072 172 687
173 1998 173 686
188 2326 173 683
181 2251 173 685
194 1925 191 675
203 1933 203 673
177 2009 176 682
188 1888 187 678
203 1933 203 673
209 1960 209 672
176 2149 176 683
203 1929 185 676
201 1923 197 674
174 2214 174 685
179 1999 178 680
200 1882 198 674
195 1851 192 677
175 2015 175 685
198 1962 174 684
207 1992 173 686
195 2163 179 679
184 1978 184 681
199 1924 192 675
184 1978 184 681
173 1998 173 686
199 1909 198 674
196 1875 193 675
191 1844 182 679
197 1928 197 674
207 1992 173 686
196 1878 183 677
182 2020 180 679
196 1873 187 676
181 2251 173 685
174 2214 174 685
180 2049 175 682
186 2065 172 687
188 1888 187 678
179 2130 175 682
200 1917 175 684
205 1944 179 679
192 1872 186 678
198 2154 179 679
191 1850 178 680
180 2108 180 679
180 2108 180 679
192 1872 186 678
205 1944 179 679
193 1887 192 677
209 1960 209 672
203 1933 203 673
189 1907 186 676
190 1881 182 679
180 2049 175 682
188 1921 178 680
196 1875 193 675
189 1907 186 676
192 1856 181 679
183 1979 183 677
209 1960 209 672
192 1958 192 675
183 1979 183 677
202 1947 179 679
185 2085 174 683
190 2354 179 679
185 2345 185 676
182 2020 180 679
185 2085 174 683
179 2130 175 682
177 2009 176 682
200 1882 198 674
176 2149 176 683
192 1856 181 679
188 2326 173 683
185 2345 185 676
175 2015 175 685
190 1931 180 679
175 2031 175 684
202 1947 179 679
197 1928 197 674
175 2031 175 684
191 2029 191 675
186 2074 185 676
200 1882 198 674
198 1924 198 674
197 1928 197 674
191 1836 187 678
198 1924 198 674
191 1836 187 678
186 2074 185 676
195 2163 179 679
191 2029 191 675
191 1836 187 678
184 2072 172 687
198 1995 173 685
195 1938 175 682
191 1844 182 679
195 1938 175 682
189 1926 183 677
173 1998 173 686
209 1960 209 672
209 1960 209 672
188 1921 178 680
209 1960 209 672
209 1960 209 672
209 1960 209 672
209 1960 209 672
209 1960 209 672
209 1960 209 672
209 1960 209 672
209 1960 209 672
209 1960 209 672
209 1960 209 672
209 1960 209 672
209 1960 209 672
209 1960 209 672
209 1960 209 672
209 1960 209 672
209 1960 209 672
209 1960 209 672
209 1960 209 672
209 1960 209 672
209 1960 209 672
209 1960 209 672
209 1960 209 672
209 1960 209 672
209 1960 209 672
209 1960 209 672
209 1960 209 672
209 1960 209 672
209 1960 209 672
209 1960 209 672
209 1960 209 672
209 1960 209 672
209 1960 209 672
209 1960 209 672
209 1960 209 672
209 1960 209 672
209 1960 209 672
209 1960 209 672
209 1960 209 672
209 1960 209 672
209 1960 209 672
209 1960 209 672
209 1960 209 672
209 1960 209 672
209 1960 209 672
209 1960 209 672
209 1960 209 672
209 1960 209 672
209 1960 209 672
209 1960 209 672
209 1960 209 672
209 1960 209 672
209 1960 209 672
209 1960 209 672
209 1960 209 672
209 1960 209 672
209 1960 209 672
209 1960 209 672
209 1960 209 672
209 1960 209 672
209 1960 209 672
209 1960 209 672
209 1960 209 672
209 1960 209 672
203 1933 203 673
203 1933 203 673
203 1933 203 673
203 1933 203 673
200 1882 198 674
200 1882 198 674
191 1844 182 679
191 1836 187 678
191 1836 187 678
191 1836 187 678
184 2072 172 687
175 2031 175 684
173 1998 173 686
267 2780 181 680
209 1973 209 672
193 1859 182 679
175 2004 173 686
262 2685 186 676
251 2719 175 682
228 2552 178 681
203 1944 203 673
223 2324 178 682
239 2451 180 681
197 1964 192 675
214 2094 197 674
203 2210 175 684
211 2083 183 677
200 2182 175 685
198 1941 188 676
196 1900 187 678
203 1909 198 674
242 2516 178 681
219 2458 178 682
222 2197 187 676
203 1909 198 674
275 3004 180 681
212 2001 209 672
206 1949 198 674
192 2179 173 686
266 2755 186 676
238 2631 181 683
210 2015 203 673
203 1999 192 675
212 2383 183 680
255 2750 183 677
242 2233 188 676
219 2099 187 678
218 2178 197 674
228 2255 187 676
257 2733 180 683
214 2316 183 678
213 1995 182 679
204 2225 175 684
204 2225 175 684
241 2736 180 682
204 2225 175 684
278 2787 186 676
261 2869 183 677
213 2001 198 674
212 2018 209 672
205 2312 175 685
235 2439 187 676
231 2155 182 679
209 2295 175 684
244 2307 187 676
206 2083 192 675
275 2799 186 676
228 2187 197 674
217 2038 204 673
221 2235 197 674
219 2110 187 678
217 2101 203 673
209 2075 193 677
207 2020 203 674
220 2031 192 677
214 2155 203 673
290 2832 186 676
213 2022 209 672
212 2305 175 684
252 2548 187 676
239 2322 182 679
218 2146 192 675
234 2217 197 674
223 2173 204 673
214 2037 199 676
221 2260 203 673
222 2122 187 679
225 2124 187 678
224 2155 187 678
220 2152 198 674
224 2240 203 673
221 2260 203 673
224 2155 187 678
298 3140 186 676
263 2863 182 681
240 2775 182 683
224 2078 209 672
219 2125 209 672
218 2089 218 675
213 2109 212 676
269 2820 183 679
262 2637 187 677
219 2402 193 680
249 2257 203 673
237 2501 197 674
228 2181 204 673
258 2711 190 677
256 2798 186 682
220 2157 198 674
252 2375 197 674
230 2165 192 675
225 2231 197 676
224 2195 187 678
218 2089 218 675
223 2209 193 677
221 2263 203 673
259 2206 192 675
258 2703 197 674
237 2167 192 677
227 2295 209 672
227 2202 187 680
220 2170 198 674
238 2346 193 675
233 2209 187 678
237 2419 192 675
248 2297 193 675
221 2289 203 673
226 2270 203 673
236 2210 193 677
225 2168 198 674
271 2724 197 674
263 2785 197 674
235 2214 187 678
233 2307 209 672
233 2199 198 677
225 2205 213 679
224 2208 218 675
246 2454 192 675
245 2532 193 675
228 2333 203 673
232 2216 198 674
236 2309 204 673
225 2244 198 676
226 2279 209 674
241 2592 192 677
266 2737 197 674
241 2592 192 677
237 2419 197 675
229 2353 198 675
230 2302 198 674
241 2452 193 677
270 2732 197 674
239 2274 203 673
226 2237 203 675
238 2321 203 673
241 2592 192 677
291 3236 192 675
254 2386 187 680
245 2425 187 678
245 2217 198 676
233 2316 209 672
232 2243 218 675
228 2389 212 676
266 2795 197 674
250 2371 203 673
271 2733 197 674
272 2504 193 677
229 2295 208 678
249 2629 192 677
241 2297 204 673
236 2225 198 674
229 2287 212 674
243 2515 193 677
258 2571 193 675
233 2260 207 677
258 2571 193 675
256 2551 192 677
240 2418 203 673
233 2298 198 675
232 2320 198 676
233 2283 209 674
271 2807 197 674
254 2578 187 678
250 2714 191 682
242 2251 198 677
237 2362 209 672
237 2268 212 674
233 2305 209 674
235 2388 207 680
263 2638 193 675
240 2516 203 673
245 2442 193 679
252 2403 203 673
261 2775 197 676
258 2598 192 677
268 2571 192 677
245 2460 203 673
236 2292 209 674
236 2302 198 676
271 2807 197 674
235 2430 198 676
237 2302 198 674
290 2966 197 674
269 2774 191 683
263 2830 187 678
244 2378 209 672
237 2299 213 677
233 2327 212 674
275 2659 192 677
254 2421 203 673
258 2709 193 677
240 2340 204 674
267 2668 193 675
244 2304 209 675
247 2532 203 673
245 2394 198 674
238 2387 203 674
238 2346 198 676
249 2505 203 673
246 2368 209 672
237 2368 198 675
248 2333 198 677
248 2509 203 673
247 2367 209 672
247 2340 198 675
284 2909 187 678
275 3154 190 684
247 2321 213 677
244 2381 209 672
233 2362 212 674
263 2770 196 683
279 2724 193 676
249 2590 198 674
275 2733 193 675
264 2550 203 673
242 2403 204 674
246 2359 198 676
249 2420 203 674
241 2355 209 674
241 2454 198 675
247 2558 203 673
246 2349 209 674
245 2446 198 675
248 2556 203 674
280 2745 197 676
254 2409 209 672
236 2369 213 679
264 2609 203 673
242 2591 198 676
256 2633 198 674
248 2565 204 673
251 2502 198 675
246 2410 209 672
268 2592 198 674
246 2431 204 674
253 2656 203 673
250 2554 198 675
265 2409 204 674
291 2943 197 677
253 2411 209 675
247 2419 209 672
238 2437 213 679
256 2680 198 674
246 2441 204 674
274 2616 198 674
266 2546 203 675
247 2419 209 672
263 2550 198 675
254 2680 203 673
260 2636 198 675
251 2656 198 675
247 2419 209 672
313 3178 197 677
295 3025 197 679
256 2704 200 682
256 2420 209 672
252 2437 218 673
248 2447 204 676
248 2494 209 672
265 2496 204 674
278 2885 204 673
272 2788 198 674
274 2916 204 673
277 2636 198 674
274 2716 198 676
276 2662 202 674
255 2453 209 672
275 2663 198 674
279 2687 198 676
272 2872 198 678
262 2438 209 672
254 2534 218 673
253 2528 204 677
255 2457 209 672
276 2724 198 674
269 2619 204 676
269 2712 206 675
299 2824 202 676
280 2872 203 674
266 2496 209 672
260 2634 208 680
258 2488 218 675
256 2486 213 678
257 2668 206 677
282 2847 202 674
258 2559 212 676
261 2555 209 673
256 2645 209 676
293 2980 202 674
288 2868 202 676
281 2561 209 672
258 2662 213 679
293 2940 204 675
260 2606 212 676
268 2801 212 674
270 2645 212 674
287 2895 202 676
284 2949 202 676
304 3133 204 675
295 2983 202 676
260 2738 213 679
304 3136 204 675
273 2905 213 679
265 2804 213 681
209 1960 209 672
209 1960 209 672
209 1960 209 672
191 1836 187 678
190 2354 179 679
184 2072 172 687
184 2072 172 687
173 1998 173 686
203 1933 203 673
181 2251 173 685
188 2326 173 683
198 1924 198 674
174 2214 174 685
196 1875 193 675
209 1960 209 672
203 1929 185 676
188 1888 187 678
203 1933 203 673
207 1992 173 686
201 1923 197 674
207 1992 173 686
174 2214 174 685
188 1921 178 680
191 2029 191 675
192 1872 186 678
184 1978 184 681
184 1978 184 681
176 2149 176 683
180 2108 180 679
188 2326 173 683
193 1887 192 677
180 2049 175 682
181 2251 173 685
195 2163 179 679
192 1958 192 675
190 1931 180 679
198 1962 174 684
196 1873 187 676
193 1887 192 677
191 1850 178 680
185 2085 174 683
182 2020 180 679
180 2108 180 679
175 2031 175 684
195 1938 175 682
205 1944 179 679
177 2009 176 682
209 1960 209 672
203 1933 203 673
197 1928 197 674
191 1836 187 678
195 1851 192 677
188 1921 178 680
177 2009 176 682
205 1944 179 679
199 1909 198 674
190 1881 182 679
189 1926 183 677
186 2074 185 676
197 1928 197 674
192 1856 181 679
191 1910 181 679
179 1999 178 680
194 1925 191 675
179 1999 178 680
180 2049 175 682
175 2062 174 685
202 1947 179 679
192 1958 192 675
195 2163 179 679
185 2345 185 676
179 2130 175 682
188 1911 182 679
186 2065 172 687
200 1917 175 684
195 1938 175 682
201 2000 179 679
191 1841 182 679
182 2020 180 679
176 2149 176 683
175 2015 175 685
198 2154 179 679
189 1907 186 676
185 2345 185 676
185 2131 173 685
183 2005 181 679
208 1937 179 679
200 1883 192 675
183 2005 181 679
175 2031 175 684
202 1947 179 679
198 1995 173 685
196 1878 183 677
186 2065 172 687
196 1875 193 675
200 1981 185 676
203 1929 185 676
198 1962 174 684
190 1931 180 679
183 1979 183 677
208 1937 179 679
199 1924 192 675
197 1928 197 674
194 1925 191 675
189 1881 187 678
183 1979 183 677
179 2130 175 682
173 1998 173 686
201 2000 179 679
192 1872 186 678
209 1960 209 672
191 1836 187 678
200 1981 185 676
186 2074 185 676
185 2085 174 683
198 2154 179 679
191 1841 182 679
190 2354 179 679
175 2015 175 685
195 1854 181 679
191 1836 187 678
200 1917 175 684
198 1995 173 685
196 1878 183 677
175 2062 174 685
209 1960 209 672
209 1960 209 672
201 1923 197 674
196 1873 187 676
192 1856 181 679
191 2029 191 675
189 1907 186 676
200 1883 192 675
200 1882 198 674
200 1882 198 674
191 1850 178 680
188 1888 187 678
209 1960 209 672
209 1960 209 672
209 1960 209 672
209 1960 209 672
209 1960 209 672
209 1960 209 672
209 1960 209 672
209 1960 209 672
209 1960 209 672
209 1960 209 672
209 1960 209 672
209 1960 209 672
209 1960 209 672
209 1960 209 672
209 1960 209 672
209 1960 209 672
209 1960 209 672
209 1960 209 672
209 1960 209 672
209 1960 209 672
209 1960 209 672
209 1960 209 672
209 1960 209 672
209 1960 209 672
209 1960 209 672
209 1960 209 672
209 1960 209 672
209 1960 209 672
209 1960 209 672
209 1960 209 672
209 1960 209 672
209 1960 209 672
209 1960 209 672
209 1960 209 672
209 1960 209 672
209 1960 209 672
209 1960 209 672
203 1933 203 673
203 1933 203 673
203 1933 203 673
203 1933 203 673
203 1933 203 673
200 1882 198 674
197 1928 197 674
197 1928 197 674
196 1875 193 675
191 1836 187 678
191 1836 187 678
175 2031 175 684
175 2031 175 684
175 2015 175 685
175 2015 175 685
269 2484 187 676
249 2528 186 676
209 1961 209 672
200 2225 173 686
191 2108 175 684
191 1846 187 678
210 2280 181 681
235 2192 183 677
228 2044 192 675
203 1939 203 673
232 2384 191 675
197 1932 197 674
192 2086 175 684
201 2322 180 683
201 1883 198 675
249 2312 188 676
203 2320 181 683
243 2518 187 676
208 1916 193 675
208 1916 193 675
208 1916 193 675
272 2493 187 676
268 2698 187 676
217 2478 175 684
209 1973 209 672
193 1856 187 678
245 2452 183 677
217 2400 181 682
213 2300 181 683
203 1952 203 673
270 2450 186 679
237 2261 187 677
201 1974 197 674
229 2078 192 675
205 1935 198 674
219 1969 193 675
228 2086 192 675
277 2709 187 676
273 2837 181 682
231 2660 175 684
225 2526 176 684
216 1977 209 672
196 1871 187 678
205 1959 203 673
222 2209 193 676
214 2386 181 683
248 2705 183 680
253 2586 186 680
255 2455 191 677
265 2787 183 677
209 1988 209 672
271 2469 186 681
212 2145 197 674
227 2058 198 674
228 2092 192 675
272 2739 187 676
217 2111 197 676
226 2068 197 674
217 2071 198 674
211 1982 209 672
297 2972 186 678
290 3150 183 677
239 2507 181 686
238 2732 176 685
226 1977 209 672
210 1897 187 678
209 1973 209 673
206 1978 203 673
256 2637 186 680
246 2621 181 683
229 2097 192 675
219 2311 197 674
250 2703 176 685
231 2186 197 674
216 2207 198 674
209 1999 209 672
210 1974 203 673
208 2016 187 678
217 2118 198 674
213 1983 209 672
210 1993 209 672
271 2835 186 682
268 2961 185 684
244 2774 176 685
219 1987 209 672
212 2022 209 672
210 2008 203 673
228 2319 197 674
223 2101 196 681
214 2127 187 678
236 2204 192 677
232 2171 193 675
218 2131 198 674
235 2245 192 675
235 2191 197 674
216 2012 209 672
259 2896 176 685
258 2902 176 685
216 2019 209 672
213 2011 209 674
210 2032 203 673
242 2520 192 675
259 2896 176 685
225 2187 187 678
220 2374 187 682
220 2446 192 680
246 2267 193 675
258 2347 197 674
238 2148 201 676
254 2137 199 674
231 2433 197 676
226 2178 198 677
236 2248 192 677
249 2386 197 674
254 2420 192 675
235 2359 193 675
225 2224 198 674
248 2437 192 675
270 2637 192 675
265 2868 187 678
234 2278 191 682
216 2028 209 672
210 2042 204 673
211 2066 203 673
233 2269 198 674
259 2752 188 678
228 2568 192 678
243 2498 187 679
260 2407 197 674
255 2653 192 675
240 2284 192 677
245 2443 197 676
252 2624 197 674
240 2360 190 679
226 2032 203 673
236 2271 197 679
234 2537 197 676
273 2949 187 678
259 2896 189 689
221 2063 209 672
216 2124 209 672
211 2042 204 673
239 2585 192 678
259 2746 192 677
235 2326 199 674
246 2417 198 674
260 2564 197 677
234 2371 198 676
263 2675 197 674
211 2069 203 673
240 2386 192 678
217 2103 209 672
297 2976 198 674
283 3086 192 677
244 2482 192 678
224 2124 209 672
222 2073 209 676
221 2074 209 676
213 2115 203 673
240 2482 197 678
247 2592 198 675
251 2344 199 676
260 2524 199 674
218 2075 203 675
220 2135 209 672
263 2539 198 675
242 2431 193 678
246 2403 198 677
242 2417 198 677
217 2076 209 674
249 2392 193 678
249 2492 198 676
266 2651 199 676
263 2801 192 680
257 2636 192 681
225 2089 203 676
223 2150 209 672
214 2120 203 675
242 2444 197 678
226 2092 209 674
256 2593 199 677
218 2124 203 673
263 2711 198 675
273 2903 197 681
230 2135 203 673
225 2168 209 672
223 2236 209 672
221 2145 209 674
250 2690 198 680
268 2717 198 676
221 2187 203 673
283 2971 197 681
232 2173 209 672
231 2241 209 672
222 2202 203 673
271 2782 198 676
279 2789 198 676
240 2217 209 672
238 2179 209 676
224 2261 209 675
227 2268 203 673
226 2202 204 673
239 2211 203 675
231 2258 203 675
282 2800 199 676
281 3057 198 676
281 2800 199 677
251 2232 209 672
241 2305 209 672
233 2208 204 673
230 2249 209 676
230 2282 203 675
240 2390 203 673
287 2876 199 676
284 2902 199 678
251 2237 209 672
249 2331 203 678
240 2231 204 673
234 2357 209 673
233 2273 209 674
242 2406 203 673
235 2294 204 675
243 2334 209 672
236 2341 203 675
246 2329 209 672
237 2280 204 673
253 2282 204 673
251 2251 209 672
250 2374 209 672
242 2370 203 675
240 2249 209 674
237 2523 208 677
233 2283 209 674
243 2403 204 673
249 2253 204 675
245 2441 203 674
244 2514 203 673
248 2436 203 673
250 2338 209 673
240 2423 203 675
240 2321 204 674
269 2419 204 673
263 2443 203 673
252 2341 209 672
244 2510 206 678
243 2602 207 675
243 2316 209 674
233 2342 209 674
233 2339 209 676
248 2545 203 674
252 2341 209 672
251 2517 203 673
262 2373 209 672
252 2484 209 672
251 2537 203 673
248 2641 203 679
244 2319 209 676
242 2348 209 676
249 2566 203 675
245 2399 209 674
257 2381 209 673
254 2352 209 674
250 2378 209 674
266 2463 209 672
257 2491 209 672
254 2562 203 673
252 2692 203 675
252 2425 209 674
244 2456 209 676
251 2550 204 673
261 2445 209 673
275 2520 209 672
271 2639 203 675
261 2553 209 672
258 2763 203 675
256 2446 209 674
252 2562 204 673
262 2640 203 673
272 2649 204 673
270 2647 204 675
263 2574 209 672
260 2455 209 676
253 2665 209 676
264 2458 209 674
257 2644 209 676
263 2574 209 672
263 2574 209 672
278 2750 204 673
278 2698 204 674
272 2657 209 672
265 2576 218 676
257 2672 209 676
270 2712 209 674
271 2619 209 673
259 2664 209 676
284 2910 204 675
271 2627 209 673
268 2695 213 676
262 2728 209 676
271 2627 209 673
287 3123 207 675
273 2652 209 673
284 2796 209 673
274 2717 209 674
313 3406 211 681
284 2881 212 675
294 2991 218 675
209 1960 209 672
209 1960 209 672
209 1960 209 672
191 1836 187 678
190 2354 179 679
184 2072 172 687
184 2072 172 687
173 1998 173 686
203 1933 203 673
200 1882 198 674
177 2009 176 682
196 1875 193 675
181 2251 173 685
188 2326 173 683
209 1960 209 672
174 2214 174 685
184 1978 184 681
175 2062 174 685
203 1933 203 673
182 2020 180 679
191 1850 178 680
194 1925 191 675
180 2049 175 682
200 1981 185 676
179 1999 178 680
207 1992 173 686
185 2085 174 683
186 2074 185 676
197 1928 197 674
191 1836 187 678
176 2149 176 683
181 2251 173 685
174 2214 174 685
195 2163 179 679
193 1887 192 677
173 1998 173 686
201 1923 197 674
184 1978 184 681
191 1836 187 678
198 1995 173 685
191 1841 182 679
185 2085 174 683
180 2108 180 679
198 1962 174 684
190 1931 180 679
183 1979 183 677
180 2108 180 679
192 1872 186 678
205 1944 179 679
209 1960 209 672
203 1933 203 673
196 1875 193 675
175 2031 175 684
189 1907 186 676
185 2131 173 685
177 2009 176 682
176 2149 176 683
175 2031 175 684
207 1992 173 686
205 1944 179 679
186 2074 185 676
192 1872 186 678
188 1888 187 678
183 1979 183 677
179 2130 175 682
202 1947 179 679
192 1958 192 675
195 2163 179 679
191 2029 191 675
190 2354 179 679
179 2130 175 682
186 2065 172 687
201 2000 179 679
198 2154 179 679
182 2020 180 679
175 2015 175 685
195 1854 181 679
191 1841 182 679
188 2326 173 683
188 1888 187 678
185 2345 185 676
208 1937 179 679
200 1883 192 675
193 1887 192 677
188 1921 178 680
183 2005 181 679
202 1947 179 679
196 1878 183 677
195 1851 192 677
190 1881 182 679
196 1875 193 675
186 2065 172 687
201 1923 197 674
199 1909 198 674
197 1928 197 674
196 1873 187 676
192 1856 181 679
190 1931 180 679
189 1926 183 677
198 1962 174 684
192 1856 181 679
191 2029 191 675
191 1910 181 679
208 1937 179 679
203 1929 185 676
199 1909 198 674
198 1924 198 674
197 1928 197 674
194 1925 191 675
189 1881 187 678
200 1883 192 675
195 1851 192 677
189 1926 183 677
179 1999 178 680
209 1960 209 672
199 1909 198 674
191 1836 187 678
180 2049 175 682
200 1981 185 676
198 2154 179 679
185 2345 185 676
188 1911 182 679
184 2072 172 687
200 1917 175 684
195 1938 175 682
175 2015 175 685
183 2005 181 679
200 1917 175 684
198 1995 173 685
196 1878 183 677
175 2062 174 685
209 1960 209 672
209 1960 209 672
203 1933 203 673
203 1929 185 676
192 1958 192 675
189 1907 186 676
188 1921 178 680
175 2031 175 684
201 2000 179 679
200 1882 198 674
199 1924 192 675
196 1873 187 676
195 1938 175 682
191 1850 178 680
209 1960 209 672
209 1960 209 672
209 1960 209 672
209 1960 209 672
209 1960 209 672
209 1960 209 672
209 1960 209 672
209 1960 209 672
209 1960 209 672
209 1960 209 672
209 1960 209 672
209 1960 209 672
209 1960 209 672
209 1960 209 672
209 1960 209 672
209 1960 209 672
209 1960 209 672
209 1960 209 672
209 1960 209 672
209 1960 209 672
209 1960 209 672
209 1960 209 672
209 1960 209 672
209 1960 209 672
209 1960 209 672
209 1960 209 672
209 1960 209 672
209 1960 209 672
209 1960 209 672
209 1960 209 672
209 1960 209 672
209 1960 209 672
209 1960 209 672
209 1960 209 672
209 1960 209 672
203 1933 203 673
200 1882 198 674
200 1882 198 674
200 1882 198 674
200 1882 198 674
197 1928 197 674
197 1928 197 674
191 1836 187 678
183 1979 183 677
175 2015 175 685
173 1998 173 686
250 2440 183 677
233 2630 186 678
209 1965 209 672
191 1848 187 678
173 2003 173 686
203 1960 203 673
180 2092 180 685
235 2320 187 676
218 2422 178 682
193 2109 175 684
225 2562 180 679
200 1888 198 674
216 2139 192 675
197 1942 197 674
192 2202 180 683
220 2525 183 680
228 2254 182 679
244 2618 183 678
229 2216 178 680
235 2234 191 677
200 1899 193 675
216 2429 176 682
197 1902 193 675
290 2764 178 680
271 3021 183 678
215 1966 209 672
211 1954 198 674
178 2045 173 686
193 2142 175 684
206 1965 203 673
276 2782 186 677
255 2657 178 682
239 2379 187 676
249 2867 185 678
233 2281 192 675
228 2379 185 682
219 2190 192 677
208 2005 193 675
199 1964 197 674
209 1968 209 672
234 2578 180 681
225 2552 176 683
253 2845 178 681
235 2297 182 679
251 2694 181 680
200 2343 181 683
252 2550 186 678
200 1994 188 678
205 1967 187 679
233 2646 186 678
226 2647 183 679
233 2646 186 678
210 1955 187 678
233 2646 186 678
281 3139 181 680
246 2604 173 686
244 2605 173 686
211 1968 209 672
202 2017 197 674
202 1967 198 674
272 2715 181 681
247 2753 181 682
228 2345 192 677
241 2381 187 676
207 1969 203 673
251 2311 182 679
215 2489 181 683
212 2046 193 675
248 2626 183 679
206 2217 175 684
205 2272 175 684
209 1988 209 672
246 2208 192 677
237 2293 192 675
203 1999 197 674
211 2046 187 680
219 2008 193 675
212 1996 187 678
210 1974 209 672
292 3130 183 679
215 2341 176 685
211 1975 209 672
209 2422 175 684
204 2003 203 674
261 2915 186 679
251 2597 183 682
228 2186 193 675
264 2772 183 680
279 2839 181 681
247 2492 192 675
208 2003 203 673
236 2558 192 677
212 2086 197 674
241 2388 187 676
230 2515 181 683
216 2041 187 681
214 2055 187 678
280 2828 181 681
219 2354 182 684
210 1977 199 674
219 2037 198 674
221 2049 187 680
222 2044 187 680
280 2840 181 681
270 2952 183 681
229 2429 176 687
214 2467 175 685
213 1991 209 672
209 2440 187 686
255 2412 187 676
239 2624 192 677
211 2023 203 673
213 2153 197 674
264 2924 186 679
217 2058 187 680
239 2415 193 675
233 2596 186 683
266 2518 185 683
230 2142 198 674
218 2106 187 678
212 1996 209 672
229 2473 178 684
248 2598 176 684
246 2439 187 676
214 2127 187 678
247 2422 187 677
297 2874 181 681
277 2993 186 679
262 2793 175 685
244 2666 176 687
217 2045 209 672
213 2036 203 673
220 2183 197 674
250 2467 187 676
251 2449 193 676
230 2157 198 676
251 2845 178 685
225 2119 187 680
221 2141 187 678
262 2390 197 674
245 2714 176 687
220 2041 209 674
219 2053 209 672
218 2043 209 673
217 2053 209 674
253 2500 187 676
227 2491 188 679
236 2419 197 674
239 2329 197 676
228 2108 204 675
230 2225 187 678
232 2207 198 674
218 2189 203 673
231 2260 198 676
223 2287 198 674
233 2143 204 673
228 2185 203 675
223 2157 204 673
229 2161 203 674
232 2200 198 676
230 2274 198 674
218 2043 209 673
271 2562 197 674
259 2619 187 676
237 2578 187 684
224 2043 209 674
220 2276 204 673
220 2075 209 672
246 2426 197 676
244 2337 187 680
223 2194 203 673
260 2494 187 678
237 2537 192 679
241 2271 198 674
236 2460 198 677
240 2434 192 679
232 2594 198 674
240 2469 187 679
237 2585 187 678
284 2968 188 676
256 2538 187 680
222 2100 209 672
230 2213 203 673
270 2641 193 677
268 2816 191 677
257 2888 187 678
225 2351 203 673
243 2614 192 679
251 2380 198 676
246 2521 198 675
226 2289 203 675
276 2885 191 676
247 2510 192 679
253 2424 198 674
252 2448 198 674
281 2896 192 677
277 3005 192 676
256 2609 191 682
228 2106 209 672
225 2151 209 672
223 2156 209 672
248 2666 192 679
231 2265 203 673
230 2415 204 677
280 2913 196 677
259 2503 198 675
254 2555 198 678
252 2588 198 681
264 2617 198 674
240 2264 203 673
255 2236 203 673
262 2648 198 674
256 2508 198 675
253 2584 198 675
290 2903 191 682
275 3008 198 674
237 2165 209 672
233 2169 209 672
231 2314 204 675
258 2731 192 679
280 2663 198 675
240 2277 203 673
236 2367 204 673
270 2681 198 678
265 2686 198 676
262 2762 198 675
282 2689 198 675
280 3061 193 680
233 2172 209 672
280 2835 199 677
240 2656 203 678
251 2327 203 674
251 2328 203 673
243 2338 203 673
291 3280 202 678
233 2176 209 672
249 2514 204 673
258 2417 203 673
253 2451 203 673
255 2437 203 673
260 2474 203 673
256 2450 204 677
253 2489 203 673
239 2271 209 672
237 2290 209 672
236 2200 209 674
234 2218 209 674
255 2584 203 673
253 2635 203 674
249 2322 209 672
237 2457 209 672
236 2202 209 674
235 2248 209 676
244 2424 209 672
247 2355 209 672
245 2385 209 672
262 2617 203 673
257 2707 203 673
252 2341 209 672
250 2462 209 672
248 2330 209 674
239 2373 209 674
251 2367 209 673
252 2341 209 672
251 2407 209 672
277 2642 203 673
265 2641 203 675
257 2850 203 673
256 2363 209 672
251 2342 213 674
249 2432 218 677
273 2617 204 676
250 2532 209 672
271 2683 203 673
256 2361 209 673
255 2362 209 673
253 2388 209 672
255 2375 209 672
256 2361 209 673
267 2864 203 673
257 2480 209 672
257 2423 209 674
254 2571 209 674
253 2671 209 672
255 2484 209 672
276 2897 203 675
268 2498 218 673
265 2513 209 672
263 2489 209 675
253 2774 209 672
255 2550 209 672
266 2505 209 674
306 3221 207 675
261 2562 209 672
259 2782 209 672
258 2558 209 676
280 2562 218 673
263 2574 209 672
263 2576 209 672
269 2606 209 672
264 2857 212 674
265 2675 209 672
273 2701 209 672
268 2834 209 672
275 2794 209 675
