2888 244.268
209 1921 209 672
209 1921 209 672
194 1951 175 682
190 1859 173 686
190 1859 173 686
188 1811 181 679
186 1850 176 684
203 1897 203 673
193 1924 185 676
191 1843 191 677
203 1897 203 673
194 1951 175 682
209 1921 209 672
188 1838 180 681
203 1891 197 674
188 1811 181 679
197 1914 197 674
199 1846 183 678
202 1912 197 674
192 1839 187 678
186 1850 176 684
196 1875 183 677
189 1856 178 683
209 1921 209 672
191 1914 178 680
196 1902 185 676
188 1841 175 684
193 1873 178 680
195 1864 176 683
199 1846 183 678
189 1856 178 683
196 1898 191 675
188 1838 180 681
188 1841 175 684
193 1871 186 678
197 1914 197 674
190 1881 180 679
193 1889 186 676
190 1881 180 679
203 1891 197 674
196 1898 191 675
192 1839 187 678
196 1898 191 675
209 1921 209 672
196 1898 191 675
188 1838 180 681
190 1892 185 678
189 1876 173 686
203 1891 197 674
194 1910 191 675
194 1910 191 675
196 1875 183 677
195 1923 185 676
209 1921 209 672
192 1839 187 678
189 1876 173 686
193 1889 186 676
189 1883 180 679
193 1871 186 678
189 1876 173 686
195 1864 176 683
188 1860 178 682
194 1951 175 682
188 1811 181 679
189 1856 178 683
209 1921 209 672
196 1875 183 677
195 1923 185 676
193 1873 178 680
191 1843 191 677
189 1883 180 679
193 1924 185 676
190 1859 173 686
188 1860 178 682
209 1921 209 672
209 1921 209 672
209 1921 209 672
209 1921 209 672
209 1921 209 672
209 1921 209 672
209 1921 209 672
209 1921 209 672
209 1921 209 672
209 1921 209 672
209 1921 209 672
209 1921 209 672
209 1921 209 672
209 1921 209 672
209 1921 209 672
209 1921 209 672
209 1921 209 672
209 1921 209 672
209 1921 209 672
209 1921 209 672
209 1921 209 672
209 1921 209 672
209 1921 209 672
209 1921 209 672
209 1921 209 672
209 1921 209 672
209 1921 209 672
209 1921 209 672
209 1921 209 672
209 1921 209 672
209 1921 209 672
209 1921 209 672
209 1921 209 672
209 1921 209 672
209 1921 209 672
209 1921 209 672
209 1921 209 672
209 1921 209 672
209 1921 209 672
209 1921 209 672
209 1921 209 672
209 1921 209 672
209 1921 209 672
209 1921 209 672
209 1921 209 672
209 1921 209 672
209 1921 209 672
209 1921 209 672
209 1921 209 672
209 1921 209 672
209 1921 209 672
209 1921 209 672
209 1921 209 672
209 1921 209 672
209 1921 209 672
209 1921 209 672
203 1897 203 673
203 1897 203 673
203 1897 203 673
196 1898 191 675
196 1898 191 675
193 1889 186 676
192 1839 187 678
192 1839 187 678
191 1843 191 677
191 1843 191 677
189 1883 180 679
189 1876 173 686
219 2045 203 673
214 2050 203 673
209 1937 209 672
189 1881 173 686
188 1820 181 679
190 1865 176 684
205 2008 191 675
196 1963 183 677
214 2039 204 673
193 1919 178 680
194 1879 186 678
205 1989 175 682
202 1913 197 674
200 1905 197 676
207 1895 191 677
191 1913 178 682
205 1965 180 679
214 1991 185 676
198 1965 186 676
205 1888 185 678
195 1997 185 676
202 1913 197 674
199 1898 191 677
192 1893 178 682
190 1898 185 678
195 1918 191 677
190 1898 185 678
202 1913 197 674
202 1913 197 674
227 2023 178 680
222 2177 178 680
211 1952 209 672
191 1912 173 686
189 1885 178 686
188 1823 181 679
202 1922 197 674
195 1880 176 685
220 1969 187 678
205 1990 175 682
193 1930 176 684
216 2102 192 675
221 2074 203 673
217 2159 191 675
221 2121 178 681
222 2051 203 673
203 2008 183 677
199 1921 191 677
209 2003 185 676
214 2000 185 676
220 2032 180 679
198 1979 178 682
202 1944 178 682
217 2053 192 675
250 2284 180 679
235 2312 178 680
219 2043 209 672
208 2015 175 682
207 2049 175 682
189 1834 181 681
202 1927 197 674
222 2136 203 673
216 2193 192 675
226 2229 180 681
191 1860 181 679
209 2078 183 677
221 2220 191 675
205 2029 186 678
196 1844 181 679
211 2111 185 676
213 1980 178 682
209 1996 192 677
213 2017 187 676
217 2016 185 676
217 2108 192 675
209 2022 186 676
243 2274 191 675
231 2177 209 672
210 2028 175 682
201 1858 181 679
189 1862 181 683
193 1873 181 679
211 1992 197 674
225 2142 203 673
239 2129 209 672
204 2015 197 674
207 2074 186 678
225 2088 191 677
234 2070 185 676
222 2161 183 677
208 2045 175 682
213 2137 185 676
218 2027 192 677
226 2142 183 677
217 2113 192 675
223 2124 185 678
209 2036 175 682
220 2109 192 675
214 2049 192 677
262 2442 185 676
253 2454 191 675
248 2340 209 672
212 2029 175 682
195 1901 181 679
209 2029 197 674
227 2193 203 673
220 2049 192 677
219 2146 191 677
230 2172 187 676
257 2426 191 675
243 2370 186 676
226 2215 185 678
230 2208 183 677
238 2196 192 675
226 2227 192 675
230 2157 187 678
257 2343 209 672
248 2362 209 672
243 2399 193 675
216 2047 175 682
215 2034 176 684
205 1953 181 679
203 1995 181 681
250 2324 203 673
236 2272 183 677
237 2208 191 677
234 2341 203 673
204 2022 186 680
245 2272 187 676
243 2172 188 676
218 2033 198 674
227 2089 197 674
219 2142 197 676
222 2116 197 674
219 2154 192 677
249 2378 192 675
224 2097 192 677
284 2636 192 675
252 2438 209 672
223 2136 175 682
215 2025 181 683
205 1973 186 679
250 2388 187 678
241 2374 191 677
219 2128 198 676
217 2053 178 682
223 2092 206 677
237 2126 192 677
221 2148 209 674
210 2065 181 681
214 2062 183 680
236 2269 197 674
229 2232 197 676
208 2097 182 679
224 2151 198 674
229 2222 192 677
243 2242 197 674
243 2266 191 677
209 2078 181 680
221 2090 181 679
230 2133 192 677
246 2176 178 683
243 2376 191 677
230 2186 175 682
228 2197 203 674
225 2085 181 684
213 2162 181 680
242 2269 197 674
231 2203 192 677
239 2329 197 674
242 2164 195 679
225 2322 181 679
222 2106 180 683
216 2094 189 683
226 2211 198 674
230 2151 198 674
216 2131 181 681
217 2100 186 680
219 2101 181 681
215 2146 186 680
215 2146 186 680
215 2146 186 680
218 2105 181 681
257 2409 191 677
254 2306 197 674
245 2224 175 682
233 2192 203 675
219 2148 186 680
225 2177 181 681
243 2344 197 676
233 2282 193 679
240 2305 192 677
246 2322 197 676
235 2341 181 679
225 2163 182 680
236 2310 181 680
264 2362 203 674
263 2419 197 674
241 2242 209 676
235 2257 181 681
220 2156 186 682
234 2296 195 679
223 2197 187 680
250 2334 192 677
233 2245 203 675
249 2359 192 677
221 2222 186 680
258 2361 203 675
253 2577 192 679
240 2269 181 681
237 2489 181 683
224 2245 187 680
233 2278 203 677
256 2372 192 677
268 2526 198 678
249 2341 181 683
235 2323 206 679
233 2341 206 677
244 2404 195 681
248 2389 186 682
238 2343 206 679
242 2344 206 679
247 2518 206 679
209 1921 209 672
209 1921 209 672
194 1767 182 679
179 2121 173 685
179 2121 173 685
176 2251 174 683
173 2169 173 685
197 1859 197 674
197 1839 192 675
205 1884 203 673
197 1859 197 674
194 1767 182 679
209 1921 209 672
205 1884 203 673
176 2184 176 682
200 1819 183 677
185 1808 185 680
191 1984 191 675
176 2199 175 682
186 1827 181 683
185 2109 185 676
183 2047 183 678
188 1793 187 678
193 1779 187 678
191 1844 191 677
180 2036 180 679
205 1884 203 673
184 2064 183 677
209 1921 209 672
187 1869 180 681
174 2183 174 684
189 1970 178 680
199 1828 183 677
203 1886 203 673
174 2241 173 684
192 2019 186 676
178 1986 178 680
185 2109 185 676
188 1836 175 684
174 2145 173 685
187 1869 180 681
173 2169 173 685
203 1886 203 673
209 1921 209 672
203 1886 203 673
191 1784 178 680
209 1921 209 672
175 2206 173 684
177 2150 174 683
193 1846 192 675
175 2098 175 683
189 1823 178 682
198 1830 186 676
193 1872 185 676
186 1936 186 678
176 2184 176 682
196 1831 186 676
182 2100 179 679
193 1956 179 679
189 1970 178 680
204 1828 186 676
194 1767 182 679
190 2043 186 676
188 1801 186 678
185 1808 185 680
181 2073 175 682
181 2025 180 679
180 2036 180 679
176 2251 174 683
187 2101 186 676
188 1793 187 678
187 1856 175 684
175 2206 173 684
181 2025 180 679
193 1864 191 675
190 1831 178 680
184 1951 181 681
177 2150 174 683
188 2080 179 679
200 1819 183 677
199 1777 187 678
192 1804 192 677
189 1823 178 682
183 2047 183 678
188 2059 186 676
196 1842 192 675
199 1828 183 677
199 1777 187 678
193 1779 187 678
188 1838 180 679
186 1842 181 681
182 2100 179 679
178 1986 178 680
209 1921 209 672
186 1936 186 678
184 1951 181 681
205 1884 203 673
204 1828 186 676
205 1884 203 673
193 1851 186 676
191 1773 181 679
174 2241 173 684
184 2069 175 682
188 2080 179 679
176 2199 175 682
192 2019 186 676
193 1956 179 679
193 1864 191 675
191 1784 178 680
184 2064 183 677
186 1827 181 683
192 1804 192 677
203 1886 203 673
193 1846 192 675
186 1837 180 683
175 2098 175 683
199 1828 183 677
209 1921 209 672
209 1921 209 672
209 1921 209 672
209 1921 209 672
209 1921 209 672
209 1921 209 672
209 1921 209 672
209 1921 209 672
209 1921 209 672
209 1921 209 672
209 1921 209 672
209 1921 209 672
209 1921 209 672
209 1921 209 672
205 1884 203 673
205 1884 203 673
205 1884 203 673
205 1884 203 673
203 1886 203 673
194 1767 182 679
257 2387 192 675
209 1922 209 672
194 1775 182 679
242 2188 197 674
200 1854 188 678
235 2348 188 676
219 2078 193 675
223 2137 198 674
203 1893 203 673
205 1892 203 673
242 2168 187 676
239 2173 192 677
220 2076 193 675
234 2113 198 674
236 2174 192 677
227 2131 198 674
268 2541 197 674
209 1927 209 672
207 1943 182 679
205 1898 203 673
248 2291 187 678
257 2299 188 676
220 2147 199 676
232 2171 193 675
228 2094 198 676
235 2120 198 674
233 2109 193 675
259 2372 188 676
237 2266 187 680
209 1933 209 672
209 1933 209 672
208 1912 203 673
206 1926 204 673
239 2122 193 677
222 2147 199 676
233 2175 193 675
245 2141 193 675
233 2149 198 676
243 2128 198 674
233 2154 197 676
235 2137 198 674
242 2156 193 675
265 2479 188 676
238 2210 193 677
209 1934 209 672
208 1950 203 673
222 2153 199 676
246 2172 193 675
235 2318 193 675
218 1940 203 673
235 2233 198 674
237 2176 198 676
237 2210 198 674
233 2223 198 676
256 2264 198 674
246 2176 193 675
244 2331 198 674
222 2155 199 676
211 1935 209 672
210 1950 203 673
237 2188 198 676
222 2155 199 676
248 2240 199 674
246 2176 193 675
248 2300 198 674
247 2327 198 674
246 2176 193 675
222 2155 199 676
222 2155 199 676
222 2155 199 676
255 2344 198 674
254 2428 198 674
246 2179 193 675
222 2163 199 676
220 1943 209 672
212 1954 209 672
210 1959 203 673
241 2188 198 676
238 2192 198 676
211 1953 203 673
267 2420 199 674
266 2456 198 674
249 2247 193 677
245 2409 198 677
226 1962 203 673
217 1968 209 672
214 1977 209 672
246 2286 193 675
214 1979 204 673
215 2030 203 673
224 1971 203 673
215 2030 203 673
266 2502 198 674
259 2270 193 677
252 2537 193 675
248 2335 193 677
218 1983 209 672
214 1986 209 672
222 2035 203 673
266 2367 198 676
217 2044 203 673
216 2002 204 675
253 2500 193 675
254 2271 193 677
267 2570 198 674
256 2424 197 678
254 2511 193 675
218 2005 209 672
217 2031 209 672
222 2057 203 673
242 2049 204 673
267 2467 201 677
261 2549 198 676
218 2009 209 672
217 2040 209 672
223 2091 203 673
225 2059 203 673
227 2065 203 673
223 2094 203 673
219 2028 209 672
237 2075 203 673
226 2146 203 673
223 2106 203 675
221 2031 209 672
219 2097 209 672
224 2117 204 673
228 2071 204 673
229 2115 203 673
227 2140 203 673
228 2123 203 673
252 2088 203 673
232 2053 209 672
228 2126 203 673
221 2118 209 674
225 2072 209 674
222 2110 209 672
230 2097 209 672
244 2070 209 672
244 2070 209 672
242 2145 203 673
232 2153 203 673
230 2128 212 676
225 2091 218 675
237 2073 209 672
225 2138 209 672
231 2103 209 672
228 2131 209 672
244 2070 209 672
243 2156 203 673
243 2093 209 672
234 2143 217 672
232 2212 203 673
227 2148 209 672
240 2128 209 672
234 2176 203 673
240 2173 203 673
247 2185 203 673
245 2113 209 672
235 2197 203 673
227 2151 209 672
248 2128 209 672
238 2198 203 673
236 2256 203 673
234 2186 209 672
239 2153 209 672
237 2169 209 672
258 2198 203 673
248 2151 209 672
241 2227 207 677
239 2174 211 673
237 2384 209 672
237 2261 203 673
241 2260 205 674
251 2207 203 673
242 2209 203 673
238 2198 209 672
252 2224 217 672
245 2231 209 672
244 2217 203 673
239 2269 203 675
238 2310 204 673
242 2239 211 673
241 2298 204 673
242 2249 209 672
240 2305 209 672
242 2239 211 673
254 2217 203 673
253 2246 209 672
245 2280 204 675
242 2354 209 672
242 2252 211 673
239 2320 203 675
248 2228 203 673
245 2316 203 673
244 2275 209 672
246 2267 209 672
247 2255 209 672
264 2274 209 672
251 2284 217 672
250 2243 204 675
248 2251 203 673
246 2349 203 673
245 2347 209 672
246 2318 209 674
269 2411 209 672
252 2453 209 672
252 2296 203 673
249 2390 207 679
249 2267 211 673
249 2253 209 674
254 2270 204 676
251 2324 203 675
266 2371 203 673
260 2454 209 672
251 2369 203 675
250 2345 211 675
252 2379 203 673
253 2375 203 673
256 2395 203 673
252 2402 203 675
266 2418 203 673
261 2488 203 673
260 2399 209 674
273 2424 211 673
271 2622 203 673
268 2451 203 675
283 2585 203 675
209 1921 209 672
209 1921 209 672
194 1767 182 679
179 2121 173 685
179 2121 173 685
176 2251 174 683
173 2169 173 685
197 1859 197 674
203 1886 203 673
203 1886 203 673
193 1846 192 675
197 1859 197 674
188 1793 187 678
194 1767 182 679
200 1819 183 677
209 1921 209 672
191 1984 191 675
189 1970 178 680
177 2150 174 683
204 1828 186 676
199 1777 187 678
182 2100 179 679
176 2184 176 682
181 2073 175 682
187 1856 175 684
191 1984 191 675
187 1869 180 681
186 1827 181 683
200 1819 183 677
185 1808 185 680
193 1872 185 676
185 2109 185 676
174 2241 173 684
178 1986 178 680
194 1945 183 677
176 2184 176 682
185 1808 185 680
203 1886 203 673
187 1869 180 681
183 2047 183 678
174 2145 173 685
209 1921 209 672
203 1886 203 673
209 1921 209 672
175 2206 173 684
174 2241 173 684
184 1951 181 681
180 2036 180 679
192 2019 186 676
192 2019 186 676
173 2169 173 685
196 1825 183 677
193 1956 179 679
186 1936 186 678
176 2199 175 682
184 2069 175 682
192 1804 192 677
190 2043 186 676
180 2036 180 679
176 2251 174 683
191 1784 178 680
188 1793 187 678
187 2101 186 676
186 1936 186 678
188 2059 186 676
185 2109 185 676
188 2080 179 679
175 2206 173 684
196 1831 186 676
188 1852 180 679
181 2025 180 679
197 1839 192 675
177 2150 174 683
174 2145 173 685
188 2080 179 679
175 2098 175 683
193 1779 187 678
192 1804 192 677
189 1823 178 682
183 2047 183 678
193 1872 185 676
186 1842 181 681
204 1828 186 676
199 1777 187 678
198 1830 186 676
189 1823 178 682
178 1986 178 680
175 2098 175 683
209 1921 209 672
174 2183 174 684
198 1830 186 676
191 1784 178 680
190 1831 178 680
182 2100 179 679
189 1970 178 680
194 1767 182 679
181 2025 180 679
191 1773 181 679
194 1945 183 677
186 1837 180 683
176 2199 175 682
193 1850 186 676
193 1953 175 682
193 1864 191 675
193 1864 191 675
191 1783 186 678
191 1844 191 677
193 1779 187 678
186 1842 181 681
186 1827 181 683
209 1921 209 672
209 1921 209 672
209 1921 209 672
209 1921 209 672
209 1921 209 672
209 1921 209 672
209 1921 209 672
209 1921 209 672
209 1921 209 672
209 1921 209 672
209 1921 209 672
209 1921 209 672
209 1921 209 672
209 1921 209 672
209 1921 209 672
209 1921 209 672
209 1921 209 672
209 1921 209 672
209 1921 209 672
203 1886 203 673
203 1886 203 673
203 1886 203 673
203 1886 203 673
203 1886 203 673
241 2141 183 677
239 2273 187 676
222 2113 182 679
210 1938 209 672
205 1827 187 678
201 1854 190 679
203 1887 203 673
209 1939 209 672
227 2043 199 674
232 2187 190 677
218 2080 194 677
225 2052 192 675
215 2131 197 674
221 2089 196 675
222 2070 198 676
230 2092 197 674
240 2138 188 676
258 2513 187 676
231 2236 182 681
211 1938 209 672
205 1885 190 679
256 2349 183 677
207 1929 203 673
222 2180 199 674
227 2067 193 677
242 2241 188 676
210 1888 187 678
237 2086 193 675
258 2273 183 677
231 2140 197 674
232 2213 192 675
240 2154 192 677
232 2125 198 674
226 2212 192 677
224 2137 198 674
223 2168 197 674
231 2136 193 675
223 2145 197 675
247 2363 188 676
226 1961 187 678
216 1982 187 678
214 1930 203 673
211 1941 209 672
208 1956 203 673
242 2230 192 675
239 2259 194 677
230 2164 198 674
244 2181 192 677
237 2145 198 674
231 2213 196 677
225 2150 198 676
236 2186 197 674
231 2198 197 676
246 2196 192 677
244 2311 192 675
227 2075 187 678
222 2008 190 679
211 1949 209 672
217 2036 204 673
241 2302 194 677
234 2164 202 674
222 2115 201 678
238 2258 197 674
230 2171 198 674
244 2189 197 674
218 2009 203 673
223 2104 187 678
239 2205 197 674
217 2091 203 673
257 2352 197 674
246 2427 193 675
229 2100 187 678
223 2112 187 678
213 1974 209 672
213 1974 209 672
213 1974 209 672
219 2131 204 673
255 2343 192 675
236 2195 198 674
249 2225 193 677
240 2302 197 675
232 2211 202 674
250 2249 192 677
231 2080 188 678
220 2073 203 673
235 2037 203 673
245 2323 193 677
221 2038 203 673
257 2224 192 677
270 2397 193 675
266 2408 197 674
234 2175 187 678
228 2125 188 678
213 1976 209 672
250 2356 194 677
244 2385 197 675
224 2146 204 673
259 2249 192 677
236 2211 202 674
230 2038 203 673
237 2199 198 674
255 2400 192 675
259 2249 192 677
225 2073 203 673
271 2495 197 674
258 2499 197 675
237 2233 187 680
214 1976 209 672
213 1986 209 672
230 2129 203 673
226 2204 204 675
260 2337 196 677
229 2259 188 678
239 2233 193 679
244 2250 198 674
253 2216 198 674
261 2434 192 675
255 2422 192 677
238 2229 202 674
240 2238 187 678
229 2199 203 675
265 2330 192 677
237 2326 198 674
268 2539 197 675
265 2432 187 678
259 2251 192 679
214 1994 209 672
213 2006 209 672
230 2199 204 673
248 2301 199 676
240 2412 188 678
256 2272 201 677
256 2432 194 677
241 2142 203 673
248 2352 198 674
259 2279 199 674
235 2167 204 673
240 2228 203 673
240 2356 198 674
232 2243 203 673
241 2142 203 673
241 2142 203 673
273 2573 187 678
262 2483 192 678
215 2002 209 672
250 2307 199 676
232 2209 206 674
260 2379 198 674
242 2151 203 673
245 2402 198 676
234 2269 204 673
235 2208 204 675
252 2446 198 674
240 2244 203 673
241 2200 204 673
236 2253 204 673
264 2440 198 674
263 2499 195 678
261 2583 198 674
216 2018 209 672
242 2205 203 673
246 2187 203 675
248 2168 204 673
257 2528 199 674
287 2744 198 674
252 2189 206 674
218 2038 209 672
243 2260 203 673
255 2252 203 673
246 2210 204 673
255 2252 203 673
255 2252 203 673
255 2256 203 673
244 2364 206 674
224 2045 209 672
218 2051 209 676
252 2221 204 673
247 2265 203 673
221 2049 209 672
254 2263 203 673
260 2342 203 675
251 2400 203 675
248 2464 204 673
221 2060 209 672
256 2226 204 673
253 2377 203 673
251 2416 203 673
250 2305 204 673
266 2398 203 673
252 2338 204 673
222 2065 209 672
259 2300 204 673
273 2520 203 675
227 2098 209 674
226 2132 209 672
225 2117 211 673
223 2177 209 672
258 2435 204 673
278 2438 204 673
264 2460 206 676
240 2189 209 672
227 2198 209 672
267 2454 204 673
275 2494 206 674
232 2201 209 672
227 2207 209 672
235 2207 209 672
234 2203 209 674
229 2269 209 672
253 2208 209 672
237 2224 217 674
235 2249 209 672
241 2214 209 672
245 2217 209 674
241 2243 209 672
238 2278 209 672
249 2267 209 672
241 2271 209 672
239 2373 209 672
239 2320 217 672
249 2301 209 672
248 2315 209 674
260 2345 209 674
251 2378 209 672
262 2379 209 674
251 2380 209 672
266 2429 209 672
253 2400 209 674
268 2659 209 672
267 2546 213 674
209 1921 209 672
194 1767 182 679
179 2121 173 685
179 2121 173 685
176 2251 174 683
173 2169 173 685
197 1859 197 674
203 1886 203 673
203 1886 203 673
197 1859 197 674
197 1839 192 675
191 1844 191 677
209 1921 209 672
192 1804 192 677
183 2047 183 678
178 1986 178 680
184 1951 181 681
204 1828 186 676
209 1921 209 672
176 2184 176 682
188 1793 187 678
185 2109 185 676
180 2036 180 679
191 1784 178 680
186 1876 180 681
193 1864 191 675
191 1783 186 678
178 1986 178 680
200 1819 183 677
185 1808 185 680
203 1886 203 673
190 1899 175 682
174 2241 173 684
174 2241 173 684
194 1767 182 679
175 2098 175 683
200 1819 183 677
181 2025 180 679
176 2184 176 682
193 1872 185 676
187 1856 175 684
173 2169 173 685
175 2098 175 683
174 2145 173 685
209 1921 209 672
182 2100 179 679
175 2206 173 684
192 2019 186 676
191 1773 181 679
177 2150 174 683
199 1777 187 678
196 1825 183 677
198 1830 186 676
186 1827 181 683
191 1984 191 675
182 2100 179 679
186 1936 186 678
186 1936 186 678
176 2199 175 682
193 1956 179 679
189 1970 178 680
194 1767 182 679
190 2043 186 676
181 2025 180 679
183 2066 183 677
176 2251 174 683
188 1793 187 678
209 1921 209 672
190 1899 175 682
181 2073 175 682
188 2080 179 679
184 2069 175 682
180 2036 180 679
175 2206 173 684
192 2019 186 676
189 1823 178 682
188 1833 185 678
186 1837 180 683
187 1869 180 681
177 2150 174 683
193 1779 187 678
185 1808 185 680
197 1839 192 675
187 1856 175 684
204 1828 186 676
199 1777 187 678
196 1831 186 676
209 1921 209 672
174 2183 174 684
190 1831 178 680
189 1970 178 680
203 1886 203 673
188 2059 186 676
188 1852 180 679
192 1884 175 682
185 2109 185 676
188 2059 186 676
186 2077 186 676
176 2199 175 682
193 1956 179 679
193 1864 191 675
174 2145 173 685
191 1773 181 679
186 1876 180 681
183 2047 183 678
193 1872 185 676
187 1869 180 681
186 1842 181 681
193 1779 187 678
188 1843 178 682
191 1844 191 677
186 1842 181 681
209 1921 209 672
209 1921 209 672
209 1921 209 672
209 1921 209 672
209 1921 209 672
209 1921 209 672
209 1921 209 672
209 1921 209 672
209 1921 209 672
209 1921 209 672
209 1921 209 672
209 1921 209 672
209 1921 209 672
209 1921 209 672
209 1921 209 672
209 1921 209 672
209 1921 209 672
209 1921 209 672
209 1921 209 672
209 1921 209 672
209 1921 209 672
203 1886 203 673
203 1886 203 673
203 1886 203 673
203 1886 203 673
194 1767 182 679
194 1767 182 679
232 2063 193 675
217 2149 187 676
215 1843 182 679
209 1945 182 679
209 1924 209 672
204 1892 187 678
204 1905 203 673
220 2012 183 677
208 1963 198 674
228 2148 188 676
215 2115 193 675
231 2078 197 674
219 2097 192 677
223 2087 197 674
218 2104 192 675
219 2082 193 675
244 2234 187 676
225 1992 182 679
212 1998 182 679
209 1927 209 672
206 1921 203 673
230 2193 192 675
223 2100 183 677
217 2074 188 678
226 2151 197 674
219 2015 187 678
224 2160 193 675
209 2007 199 676
217 2027 198 674
225 2151 193 675
218 2028 187 678
249 2327 192 675
238 2360 192 675
217 2045 182 679
209 1930 209 672
206 1935 203 673
231 2172 197 674
222 2034 187 678
227 2151 193 675
227 2109 193 677
216 1934 204 673
221 2078 198 674
221 2085 188 678
227 2073 198 674
274 2459 192 677
227 2068 182 679
221 2095 182 679
209 1931 209 672
242 2251 197 674
226 2065 187 678
212 2024 203 673
239 2300 197 674
214 1954 204 675
231 2192 193 675
225 2160 198 676
235 2136 198 674
228 2145 196 677
224 2086 199 674
215 1976 204 673
229 2168 194 677
216 1941 203 673
240 2121 193 677
214 1981 203 673
227 2184 198 674
232 2214 198 674
230 2223 202 674
225 2142 182 679
209 1932 209 672
230 2116 187 678
214 2013 203 673
216 1967 203 673
232 2212 193 675
232 2168 202 676
225 2203 198 676
226 2170 202 678
259 2267 193 677
252 2260 182 679
250 2546 182 679
211 1933 209 672
209 1939 209 672
245 2374 193 675
225 2010 203 673
217 2038 203 673
231 2213 187 678
239 2151 187 678
239 2213 198 676
243 2359 193 677
238 2237 199 674
234 2266 198 674
245 2232 198 674
219 2025 203 673
219 2025 203 673
249 2217 187 678
236 2240 201 678
234 2284 198 674
216 1936 209 674
209 1956 209 672
217 2043 203 673
246 2266 198 676
240 2242 202 676
242 2268 198 674
240 2281 198 674
243 2281 198 674
239 2292 199 674
210 1956 209 672
209 1965 209 672
221 2050 203 673
250 2298 198 674
249 2293 198 676
245 2323 202 676
244 2393 198 676
212 1959 209 672
224 2092 203 673
221 2112 203 673
222 2107 204 675
245 2335 198 674
222 2107 204 675
246 2302 198 676
249 2328 198 674
262 2392 198 674
257 2478 198 674
252 2354 198 676
246 2353 199 676
212 1960 209 672
221 2114 203 673
224 2105 203 673
255 2380 199 674
252 2394 202 676
212 1970 209 672
224 2108 203 673
230 2106 203 673
230 2125 203 673
227 2129 204 675
226 2142 203 673
215 1972 209 672
212 1980 209 672
244 2153 204 675
233 2165 203 673
232 2285 203 673
214 1989 209 672
227 2154 204 673
238 2167 203 673
235 2276 203 673
234 2247 203 676
216 1993 209 672
214 2006 209 672
228 2161 204 673
215 1997 209 672
215 1997 209 672
215 1997 209 672
239 2170 204 673
236 2279 203 673
232 2195 207 675
215 2007 209 672
214 2008 209 672
232 2204 204 673
242 2183 204 673
236 2293 203 673
234 2204 204 673
219 2011 209 672
215 2013 209 672
217 2012 209 672
252 2312 203 673
246 2374 203 673
222 2013 209 672
216 2035 209 672
215 2034 209 674
237 2287 204 673
251 2316 203 673
252 2330 203 673
246 2363 204 673
221 2043 209 672
217 2079 209 672
219 2045 209 672
260 2478 203 673
257 2350 208 677
220 2046 209 674
219 2047 209 672
247 2365 204 673
258 2349 204 673
272 2474 204 675
255 2477 204 673
225 2066 209 672
219 2073 209 672
222 2071 209 672
223 2067 209 672
282 2747 204 675
226 2092 209 672
219 2098 209 672
225 2102 209 672
222 2120 209 672
224 2122 209 672
223 2159 212 674
230 2129 209 672
226 2124 212 674
240 2148 209 674
231 2152 209 672
226 2169 212 674
238 2172 209 672
233 2205 209 672
227 2200 212 674
237 2192 209 672
237 2202 209 672
232 2218 213 674
233 2206 209 672
238 2204 209 672
236 2209 209 674
248 2227 209 672
244 2230 209 672
238 2240 209 672
244 2238 209 672
241 2278 212 674
240 2277 218 673
238 2297 209 672
243 2280 209 674
241 2292 209 672
247 2291 209 674
246 2301 209 672
266 2338 209 672
254 2512 213 676
257 2410 209 672
256 2375 212 674
269 2570 209 672
260 2388 213 674
281 2577 213 674
209 1921 209 672
209 1921 209 672
209 1921 209 672
194 1767 182 679
179 2121 173 685
176 2251 174 683
173 2169 173 685
203 1886 203 673
197 1859 197 674
197 1839 192 675
197 1859 197 674
203 1886 203 673
178 1986 178 680
189 1823 178 682
209 1921 209 672
203 1886 203 673
188 1793 187 678
179 2121 173 685
175 2206 173 684
199 1777 187 678
194 1767 182 679
188 2080 179 679
204 1828 186 676
209 1921 209 672
174 2183 174 684
192 1804 192 677
193 1864 191 675
200 1819 183 677
176 2184 176 682
189 1823 178 682
183 2047 183 678
188 2059 186 676
187 1869 180 681
204 1828 186 676
186 1827 181 683
200 1819 183 677
191 1984 191 675
189 1970 178 680
192 2019 186 676
174 2145 173 685
193 1854 183 677
184 1951 181 681
186 1936 186 678
184 1951 181 681
186 1827 181 683
193 1872 185 676
190 2043 186 676
209 1921 209 672
191 1773 181 679
184 2069 175 682
209 1921 209 672
174 2241 173 684
185 2109 185 676
196 1779 178 680
177 2150 174 683
173 2169 173 685
175 2098 175 683
191 1844 191 677
197 1839 192 675
182 2100 179 679
176 2184 176 682
193 1956 179 679
189 1970 178 680
185 2109 185 676
183 2047 183 678
181 2073 175 682
181 2025 180 679
180 2036 180 679
176 2251 174 683
187 2101 186 676
188 1852 180 679
190 1831 178 680
180 2036 180 679
176 2199 175 682
175 2206 173 684
181 2025 180 679
193 1864 191 675
177 2150 174 683
185 1808 185 680
196 1842 192 675
199 1777 187 678
198 1830 186 676
178 1986 178 680
209 1921 209 672
186 1936 186 678
176 2199 175 682
198 1830 186 676
182 2100 179 679
203 1886 203 673
194 1767 182 679
185 1808 185 680
184 2064 183 677
174 2241 173 684
191 1784 178 680
188 1793 187 678
193 1846 192 675
186 1837 180 683
188 2080 179 679
192 2019 186 676
193 1956 179 679
191 1783 186 678
187 1869 180 681
192 1804 192 677
193 1872 185 676
196 1842 192 675
193 1854 183 677
191 1984 191 675
175 2098 175 683
191 1784 178 680
209 1921 209 672
209 1921 209 672
209 1921 209 672
209 1921 209 672
209 1921 209 672
209 1921 209 672
209 1921 209 672
209 1921 209 672
209 1921 209 672
209 1921 209 672
209 1921 209 672
209 1921 209 672
209 1921 209 672
209 1921 209 672
209 1921 209 672
209 1921 209 672
209 1921 209 672
209 1921 209 672
209 1921 209 672
209 1921 209 672
209 1921 209 672
209 1921 209 672
209 1921 209 672
209 1921 209 672
209 1921 209 672
209 1921 209 672
209 1921 209 672
203 1886 203 673
203 1886 203 673
194 1767 182 679
194 1767 182 679
194 1767 182 679
231 2025 193 675
223 2165 187 676
211 1910 211 673
209 1922 209 672
197 1786 182 679
205 1914 203 673
216 2019 193 677
218 2045 188 678
229 2053 197 674
220 2071 198 674
223 2119 193 675
219 2112 183 677
230 2099 187 676
230 2102 192 675
217 2064 198 676
229 2135 187 676
270 2421 183 677
210 1923 209 672
197 1806 182 679
207 1921 203 673
230 2211 187 678
209 1926 209 672
239 2185 192 675
233 2054 194 675
221 2094 194 677
232 2083 199 674
237 2167 187 676
231 2209 192 675
222 2126 198 676
236 2161 198 674
238 2204 197 674
226 2107 193 677
225 2178 193 677
224 2097 198 676
224 2185 198 674
251 2281 197 674
246 2453 187 678
237 1987 182 679
214 1992 182 679
209 1929 209 672
207 1929 203 673
223 2122 201 677
240 2376 197 674
237 2283 192 675
231 2247 193 677
231 2172 198 676
243 2214 198 674
235 2140 198 676
234 2169 201 676
240 2202 192 675
240 2127 198 676
238 2227 198 674
251 2190 198 676
237 2306 192 675
215 2019 182 679
209 1935 209 672
208 1948 203 673
245 2130 199 676
244 2287 192 675
234 2241 198 676
240 2268 193 675
210 1945 203 673
240 2230 198 674
235 2228 198 676
255 2287 192 677
241 2396 192 675
227 2151 182 679
212 1954 209 672
209 1956 204 673
209 1960 203 673
238 2310 200 677
246 2229 198 676
244 2336 193 675
251 2348 192 675
239 2275 199 676
246 2386 198 674
243 2328 199 674
248 2316 192 677
243 2391 198 674
242 2323 198 676
272 2592 198 674
245 2151 182 679
244 2289 182 679
213 1971 209 672
213 1971 209 672
212 1979 203 675
258 2349 192 675
243 2288 202 678
213 1976 203 673
246 2252 198 676
270 2292 193 677
247 2423 192 675
247 2417 192 677
275 2422 192 678
248 2472 192 675
246 2322 182 679
214 1992 209 672
215 2071 203 673
221 2002 203 673
261 2458 197 676
252 2450 193 677
246 2396 199 676
220 2068 203 673
269 2454 193 677
260 2527 192 677
220 1999 209 672
215 2015 209 672
215 2010 209 674
250 2483 193 675
226 2025 203 673
219 2085 203 673
224 2046 204 673
277 2487 194 677
273 2602 192 677
221 2015 209 672
219 2037 209 672
220 2119 204 673
251 2495 197 676
257 2539 193 675
240 2052 203 673
229 2101 203 673
222 2105 203 673
220 2029 209 672
292 2824 193 677
230 2034 209 672
219 2054 209 672
219 2054 209 672
254 2503 197 676
223 2119 204 673
229 2109 203 673
225 2035 209 672
232 2127 203 673
223 2130 204 673
221 2055 209 672
239 2161 203 673
238 2197 203 673
223 2134 204 673
221 2062 209 672
234 2131 204 673
256 2372 203 673
245 2244 203 675
229 2077 209 672
223 2113 209 672
225 2141 204 673
235 2139 204 673
264 2436 203 673
249 2252 203 675
229 2108 209 672
226 2146 209 672
229 2185 204 673
240 2147 204 673
239 2153 204 673
227 2130 209 672
277 2494 203 673
234 2132 209 675
233 2136 209 672
230 2127 218 673
227 2154 209 672
232 2191 204 673
240 2164 204 673
228 2136 209 674
228 2138 209 672
282 2628 203 673
232 2231 204 675
230 2140 209 672
232 2236 204 673
240 2165 204 673
240 2165 204 673
233 2205 204 673
240 2165 204 673
245 2171 204 673
239 2210 204 675
238 2145 209 672
236 2318 204 673
235 2157 211 673
231 2160 209 672
244 2253 204 673
242 2310 204 675
241 2149 218 673
238 2339 204 673
234 2181 209 672
232 2221 209 672
234 2181 209 672
234 2181 209 672
234 2181 209 672
258 2334 207 675
241 2345 204 673
235 2184 209 674
234 2187 209 672
245 2359 204 673
235 2213 209 672
261 2397 204 675
245 2432 204 673
240 2240 209 672
238 2230 209 675
235 2297 209 672
249 2402 204 675
239 2259 209 672
261 2425 204 675
257 2438 204 675
249 2459 204 673
248 2243 209 672
240 2360 209 672
246 2311 209 672
261 2388 209 672
258 2470 204 673
256 2302 218 673
255 2377 218 673
252 2483 204 673
247 2370 213 674
251 2401 209 672
265 2471 204 675
259 2476 204 673
254 2406 209 672
263 2489 204 675
262 2421 209 672
261 2530 204 673
255 2445 209 672
273 2518 209 672
271 2528 204 675
269 2596 204 675
267 2526 212 673
272 2582 218 673
