3445 40.6308
209 2010 209 672
173 2082 172 687
173 2082 172 687
209 2010 209 672
173 2049 173 685
178 1825 178 680
203 1928 203 673
203 1928 203 673
192 1847 191 675
178 1825 178 680
174 1955 174 683
173 2082 172 687
173 2049 173 685
178 1861 175 682
197 1863 197 674
203 1928 203 673
197 1863 197 674
203 1928 203 673
197 1863 197 674
187 1842 186 676
197 1863 197 674
192 1847 191 675
175 1978 173 683
191 1849 191 675
187 1842 186 676
175 1978 173 683
191 1849 191 675
185 1836 185 678
176 1902 174 685
173 1900 173 686
185 1868 185 676
177 1953 175 682
184 1847 183 678
176 1989 176 682
185 1868 185 676
192 1847 191 675
176 1912 174 684
176 1989 176 682
184 1847 183 678
180 1832 180 679
186 1852 186 676
197 1863 197 674
179 1886 173 686
185 1868 185 676
177 1908 176 682
181 1829 180 679
197 1863 197 674
203 1928 203 673
179 1886 173 686
178 1825 178 680
181 1829 180 679
176 1912 174 684
176 1902 174 685
183 1863 183 677
183 1863 183 677
178 1887 173 686
180 1832 180 679
183 1863 183 677
178 1825 178 680
176 1912 174 684
175 1925 174 684
176 1902 174 685
180 1832 180 679
176 1898 173 686
181 1829 180 679
176 1989 176 682
186 1839 183 677
181 1829 180 679
191 1849 191 675
182 1855 179 679
174 1955 174 683
182 1855 179 679
179 1886 173 686
180 1858 179 679
186 1839 183 677
183 1863 183 677
192 1847 191 675
184 1847 183 678
177 1953 175 682
182 1855 179 679
187 1842 186 676
179 1886 173 686
177 1908 176 682
183 1863 183 677
177 1894 174 683
176 1912 174 684
187 1842 186 676
179 1857 175 682
177 1908 176 682
197 1863 197 674
185 1836 185 678
177 1894 174 683
178 1861 175 682
180 1858 179 679
186 1852 186 676
180 1832 180 679
186 1839 183 677
176 1898 173 686
179 1857 175 682
174 1927 174 684
175 1925 174 684
192 1847 191 675
177 1953 175 682
173 1900 173 686
191 1849 191 675
178 1887 173 686
174 1927 174 684
179 1857 175 682
183 1863 183 677
181 1829 180 679
183 1863 183 677
184 1847 183 678
183 1863 183 677
203 1928 203 673
173 2049 173 685
185 1836 185 678
180 1832 180 679
174 1955 174 683
191 1858 185 676
197 1863 197 674
176 1989 176 682
185 1836 185 678
176 1989 176 682
197 1863 197 674
177 1908 176 682
203 1928 203 673
197 1863 197 674
177 1908 176 682
182 1855 179 679
183 1863 183 677
183 1863 183 677
192 1847 191 675
203 1928 203 673
197 1863 197 674
176 1989 176 682
176 1989 176 682
181 1829 180 679
180 1832 180 679
179 1886 173 686
180 1832 180 679
182 1855 179 679
175 1925 174 684
177 1953 175 682
179 1857 175 682
182 1855 179 679
185 1836 185 678
183 1863 183 677
176 1898 173 686
177 1894 174 683
177 1953 175 682
176 1912 174 684
177 1894 174 683
177 1908 176 682
192 1847 191 675
176 1912 174 684
185 1836 185 678
180 1832 180 679
176 1912 174 684
178 1825 178 680
197 1863 197 674
178 1825 178 680
180 1832 180 679
174 1955 174 683
185 1836 185 678
191 1858 185 676
197 1863 197 674
187 1842 186 676
175 1978 173 683
203 1928 203 673
191 1849 191 675
192 1847 191 675
209 2010 209 672
