1813 72.7524
88 804 59 388
77 713 55 406
128 1175 59 387
102 809 80 354
78 687 56 415
93 781 83 349
114 1066 93 335
82 736 54 409
82 733 78 359
76 690 67 369
78 678 64 375
109 949 62 373
75 691 58 397
99 933 95 334
76 722 75 364
111 986 85 345
94 851 55 399
76 671 54 419
74 657 67 378
75 673 70 366
80 698 64 373
100 892 82 349
75 673 59 403
79 703 60 378
100 962 60 376
86 726 66 369
81 730 71 364
84 800 72 361
77 674 61 393
89 807 69 364
109 990 56 392
74 655 62 386
120 1096 71 360
89 821 86 352
89 780 60 377
86 768 75 361
106 1000 74 356
98 920 57 391
83 756 64 370
127 1184 84 345
112 958 73 358
78 678 66 371
77 693 62 376
75 689 58 400
103 906 79 353
76 708 56 410
86 768 75 361
99 933 95 334
92 851 89 344
91 820 85 353
76 684 66 370
76 671 54 419
126 1179 89 339
74 655 62 386
89 803 68 365
89 810 58 389
109 949 62 373
80 698 64 373
76 703 57 398
77 686 62 378
96 922 61 375
86 725 65 370
99 895 62 374
77 732 76 363
75 680 67 373
114 1057 93 338
98 920 57 391
79 690 62 375
78 687 56 415
109 990 56 392
113 1036 72 358
82 749 55 402
82 733 78 359
83 756 64 370
110 1031 75 355
81 731 69 366
78 678 66 371
83 755 58 390
85 779 72 362
118 1080 90 338
110 970 76 355
75 673 69 368
122 1126 87 341
91 845 84 348
78 699 64 374
86 725 65 370
77 713 55 406
104 979 75 358
75 673 69 368
97 905 56 395
86 776 72 362
79 690 62 375
92 851 89 344
93 781 81 351
113 1036 72 358
82 736 54 409
77 693 62 376
78 687 56 415
81 731 69 366
85 766 77 357
109 949 62 373
76 672 66 380
76 703 57 398
77 732 76 363
76 678 54 417
78 678 66 371
103 942 55 397
93 867 88 345
106 917 77 355
75 689 58 400
103 947 60 376
83 756 64 370
77 684 68 368
109 990 56 392
79 713 61 376
74 655 62 386
110 1056 85 344
103 941 69 363
78 678 66 371
90 839 54 400
86 726 66 369
74 655 67 380
81 731 69 366
100 905 65 369
83 756 64 370
77 713 55 406
75 673 59 403
77 684 68 368
113 1036 72 358
81 761 59 395
88 800 67 366
122 1126 87 341
76 703 57 398
79 690 62 375
80 698 64 373
99 933 95 334
112 958 73 358
86 776 72 362
98 920 57 391
82 749 55 402
93 781 81 351
76 722 74 365
102 947 78 354
92 851 89 344
75 673 70 366
76 671 54 419
82 733 78 359
108 995 73 358
74 664 63 385
112 1055 86 343
116 1025 71 361
78 678 66 371
82 736 54 409
76 680 65 373
86 725 65 370
85 766 77 357
91 845 84 348
121 1154 92 336
109 949 62 373
92 851 89 344
79 713 61 376
76 722 75 364
75 673 57 410
99 891 55 398
86 778 76 360
77 713 55 406
93 795 81 350
75 673 69 368
120 1117 82 346
89 803 68 365
78 699 62 375
76 703 57 398
81 731 69 366
109 999 80 350
95 882 88 342
77 684 68 368
74 655 62 386
112 958 73 358
76 671 54 419
75 673 57 410
118 1119 97 332
79 703 60 378
86 776 72 362
76 690 60 392
86 778 78 356
93 795 81 350
80 723 72 363
75 673 69 368
86 726 66 369
76 722 75 364
98 927 91 340
76 671 54 419
82 749 56 399
113 1036 72 358
113 1026 77 353
109 949 62 373
125 1180 91 337
99 903 77 356
108 1023 78 351
76 684 66 370
92 851 89 344
88 800 67 366
74 664 63 385
76 680 65 373
78 699 62 375
95 847 55 399
76 708 56 410
78 678 66 371
113 1036 72 358
78 699 62 375
81 696 60 389
76 671 54 419
93 875 76 357
75 673 69 368
92 851 89 344
74 655 62 386
81 742 55 403
127 1184 84 345
118 1119 97 332
86 778 78 356
77 684 68 368
75 689 58 400
76 722 75 364
75 680 67 373
78 678 66 371
89 810 58 389
77 713 55 406
95 882 88 342
93 781 83 349
86 776 72 362
112 958 73 358
109 949 62 373
83 740 71 363
88 800 67 366
106 985 77 354
86 726 66 369
76 703 57 398
82 739 54 403
86 726 66 369
110 993 78 353
99 891 55 398
79 703 60 378
100 905 65 369
92 851 89 344
102 923 78 355
76 722 74 365
76 680 65 373
75 673 57 410
78 678 66 371
101 930 71 362
98 821 86 347
74 655 62 386
110 1006 70 362
76 671 54 419
99 933 95 334
76 701 57 399
114 1060 96 333
103 979 80 352
75 673 69 368
81 731 69 366
82 733 78 359
80 698 64 373
86 776 72 362
124 1173 88 340
116 1025 71 361
78 699 62 375
76 671 54 419
78 678 66 371
89 807 69 364
82 733 78 359
75 673 69 368
75 680 67 373
76 722 75 364
97 905 56 395
82 739 54 403
112 958 73 358
74 654 65 382
92 851 89 344
81 696 60 389
91 845 84 348
109 949 62 373
95 882 88 342
93 795 81 350
109 1023 86 344
86 725 65 370
74 680 59 403
76 701 57 399
86 776 72 362
124 1173 88 340
110 1031 75 355
78 699 62 375
86 726 66 369
76 722 75 364
109 949 62 373
76 703 57 398
110 1031 75 355
75 673 57 410
81 742 55 403
91 845 84 348
114 1057 93 338
93 781 83 349
74 655 67 380
79 713 61 376
84 800 72 361
75 673 69 368
113 1036 72 358
76 671 54 419
89 803 68 365
127 1184 84 345
82 733 78 359
99 889 54 399
112 958 73 358
74 654 65 382
92 851 89 344
98 926 94 335
76 671 54 419
75 680 67 373
82 749 55 402
106 992 82 348
99 933 95 334
92 851 89 344
87 774 69 365
74 655 62 386
107 1008 92 339
75 673 69 368
79 713 61 376
80 698 64 373
86 776 72 362
113 1036 72 358
97 918 70 363
76 701 57 399
86 778 78 356
99 891 55 398
76 722 75 364
102 923 67 365
109 999 80 350
124 1173 88 340
93 795 81 350
75 689 58 400
74 655 62 386
100 905 65 369
116 1025 71 361
76 722 75 364
94 851 55 399
75 673 69 368
82 739 54 403
92 851 89 344
81 696 60 389
82 785 76 362
86 726 66 369
86 778 78 356
76 671 54 419
75 673 57 410
74 655 67 380
100 889 83 348
76 701 57 399
78 699 62 375
93 781 83 349
98 926 94 335
101 930 71 362
111 1032 88 341
98 926 94 335
76 703 57 398
86 726 66 369
89 824 56 398
82 749 56 399
82 733 78 359
100 868 79 354
76 671 54 419
109 949 62 373
75 659 63 385
98 821 86 347
78 699 62 375
74 655 67 380
75 673 69 368
91 842 88 349
97 877 75 360
81 696 60 389
76 722 75 364
75 689 58 400
92 851 89 344
82 733 78 359
76 671 54 419
74 664 63 385
76 722 75 364
76 690 60 392
75 673 69 368
98 926 94 335
86 726 66 369
76 672 66 380
89 807 69 364
103 907 84 347
100 905 65 369
93 781 83 349
83 755 58 390
80 698 64 373
89 810 58 389
82 749 56 399
75 689 58 400
75 673 70 366
