11 0.0555484
214 1911 159 694
223 1962 150 675
208 1888 152 713
204 1878 144 697
195 1679 113 697
199 1739 142 702
228 2014 157 723
216 2049 145 757
207 1886 131 709
198 1822 122 740
257 2317 150 689
200 1842 128 715
208 1930 143 737
241 2128 142 693
180 1651 129 689
230 2145 181 795
234 2078 151 724
211 1961 119 646
256 2305 157 775
238 2024 128 705
241 2076 154 709
214 1872 128 709
255 2234 151 732
228 2004 137 671
235 2162 133 706
261 2268 151 760
203 1897 144 708
263 2264 136 717
224 2010 155 728
205 1835 122 725
203 1823 118 733
239 2088 139 775
243 2182 175 729
214 1965 127 666
224 2060 127 679
221 1964 144 723
243 2161 139 706
216 1940 151 744
222 2059 128 696
219 1886 152 716
236 2112 154 741
257 2360 151 746
208 1900 145 695
215 1944 130 710
206 1909 152 707
228 2132 161 726
241 2230 134 732
216 1972 151 725
280 2541 152 721
210 2006 152 711
217 2078 131 738
227 2049 146 723
232 2100 151 742
233 2190 167 729
213 1909 106 731
260 2224 157 765
265 2290 158 723
206 1901 144 680
203 1876 121 682
221 1894 142 694
223 1946 137 702
206 1928 136 695
215 1849 128 687
233 2067 136 698
213 1864 142 707
244 2206 161 762
257 2356 175 689
222 1991 128 727
249 2135 130 671
217 1916 152 715
229 2158 158 725
276 2584 175 719
233 2171 136 767
244 2156 152 726
259 2304 151 723
231 2137 135 722
204 1808 130 718
203 1811 135 663
224 2084 137 711
187 1777 128 701
195 1681 135 746
215 1861 122 702
222 1952 142 735
252 2226 136 746
214 1912 170 748
234 2128 145 751
223 2020 132 716
214 1982 160 700
208 1991 127 711
221 1895 123 706
249 2187 144 714
224 1921 152 713
229 2106 147 727
206 1898 128 703
235 2027 142 683
249 2308 161 707
203 1824 142 736
218 1946 145 722
218 2072 136 721
210 1961 144 757
