28 0.503068
195 1756 84 615
177 1659 82 645
174 1486 108 579
163 1551 82 653
136 1239 114 633
131 1181 84 639
131 1181 84 639
164 1481 100 580
137 1227 84 635
149 1374 100 598
136 1239 114 633
152 1396 86 618
179 1644 95 584
192 1726 84 618
131 1181 84 639
157 1427 100 594
174 1620 82 648
136 1274 88 618
186 1668 90 600
155 1314 100 606
160 1364 93 599
187 1678 89 603
188 1720 90 586
169 1542 89 611
169 1530 99 583
188 1700 84 621
170 1532 94 590
187 1693 91 587
176 1575 89 607
164 1506 95 589
177 1659 82 645
168 1553 85 610
186 1673 88 606
150 1348 84 628
158 1346 98 610
179 1582 90 604
172 1524 91 606
150 1348 84 628
182 1672 95 583
165 1493 94 591
181 1616 85 609
163 1503 85 614
159 1409 98 604
160 1364 93 599
159 1421 95 596
181 1616 85 609
188 1700 84 621
136 1239 114 633
153 1349 98 610
165 1493 94 591
172 1486 88 615
158 1346 98 610
174 1587 89 607
149 1374 100 598
172 1586 95 586
155 1408 100 595
181 1616 85 609
158 1352 98 607
155 1408 100 595
177 1659 82 645
155 1408 100 595
163 1503 85 614
158 1352 98 607
172 1586 91 591
155 1423 89 615
163 1503 85 614
181 1616 85 609
181 1616 85 609
149 1374 100 598
195 1742 84 618
174 1494 108 579
163 1551 82 654
137 1248 114 634
135 1223 87 642
178 1516 105 589
136 1242 112 639
177 1650 82 648
155 1316 100 606
191 1673 95 584
165 1443 98 598
170 1478 88 618
146 1330 88 623
164 1566 82 653
190 1701 84 624
172 1534 86 615
149 1376 100 603
150 1358 84 628
157 1433 100 595
141 1289 114 632
167 1434 93 599
172 1586 95 589
175 1627 82 649
182 1686 93 598
169 1536 85 623
161 1489 86 620
143 1318 92 626
143 1263 84 636
163 1411 98 604
142 1290 92 627
140 1241 84 639
166 1503 94 591
160 1353 98 609
192 1740 84 621
174 1606 100 585
176 1626 95 587
156 1423 87 626
167 1543 85 614
187 1688 89 603
166 1433 99 603
155 1423 94 619
181 1618 85 609
179 1598 90 604
175 1617 89 611
174 1544 91 606
185 1657 89 607
137 1245 114 638
172 1599 95 588
189 1694 88 606
159 1356 98 610
155 1316 100 606
185 1657 89 607
152 1394 90 621
192 1740 84 621
166 1503 94 591
152 1379 100 598
145 1297 88 635
162 1397 95 608
162 1386 98 605
192 1740 84 621
141 1301 84 635
177 1596 90 609
138 1259 114 633
165 1499 94 597
152 1379 100 598
137 1245 114 638
187 1688 89 603
138 1259 114 633
145 1297 88 635
162 1397 95 608
159 1358 98 607
179 1598 89 611
179 1598 89 611
152 1394 90 621
165 1499 94 597
179 1598 89 611
172 1586 95 589
152 1379 100 598
181 1618 85 609
137 1245 114 638
167 1543 85 614
179 1598 89 611
172 1586 95 589
138 1259 114 633
137 1248 114 634
155 1428 87 621
155 1428 87 621
137 1248 114 634
137 1245 114 638
187 1688 89 603
192 1740 84 621
192 1740 84 621
192 1740 84 621
192 1740 84 621
192 1740 84 621
192 1740 84 621
185 1657 89 607
179 1598 89 611
167 1543 85 614
155 1428 87 621
155 1428 87 621
155 1428 87 621
155 1316 100 606
155 1316 100 606
155 1316 100 606
155 1316 100 606
152 1379 100 598
152 1379 100 598
152 1379 100 598
138 1259 114 633
137 1245 114 638
137 1245 114 638
137 1245 114 638
137 1245 114 638
137 1245 114 638
137 1245 114 638
195 1756 84 618
192 1800 82 648
174 1504 108 579
171 1620 82 653
142 1312 116 627
140 1248 91 645
139 1269 114 633
168 1552 93 618
146 1328 84 643
144 1287 88 638
169 1533 94 591
187 1606 105 589
190 1715 84 624
180 1604 91 606
179 1648 85 614
140 1258 114 635
158 1438 100 595
181 1664 95 587
159 1468 87 625
165 1410 100 606
185 1660 89 609
181 1697 82 650
168 1462 95 603
143 1299 116 631
155 1316 100 607
150 1383 92 625
163 1423 98 604
187 1606 105 589
168 1446 99 603
151 1358 84 628
163 1423 98 604
173 1490 93 599
164 1417 95 608
172 1480 95 601
146 1315 88 635
187 1690 86 612
150 1390 90 629
155 1316 100 607
176 1614 95 588
170 1498 88 618
155 1440 87 627
143 1320 92 626
188 1680 90 604
151 1358 84 628
179 1616 90 605
189 1703 88 606
173 1490 93 599
170 1498 88 618
177 1628 89 611
151 1358 84 628
174 1618 95 588
169 1536 86 622
169 1536 86 622
142 1312 116 627
143 1300 92 629
172 1535 86 615
177 1628 89 611
143 1320 92 626
156 1434 90 624
186 1675 89 607
177 1628 89 611
177 1628 89 611
156 1434 90 624
172 1535 86 615
172 1535 86 615
177 1628 89 611
188 1693 89 604
187 1676 88 612
142 1312 116 627
156 1434 90 624
186 1675 89 607
169 1536 86 622
151 1358 84 628
186 1675 89 607
163 1423 98 604
143 1300 92 629
143 1320 92 626
188 1693 89 604
143 1300 92 629
188 1693 89 604
177 1628 89 611
177 1628 89 611
177 1628 89 611
172 1535 86 615
163 1423 98 604
156 1434 90 624
156 1434 90 624
151 1358 84 628
151 1358 84 628
151 1358 84 628
151 1358 84 628
143 1320 92 626
143 1320 92 626
143 1320 92 626
143 1320 92 626
143 1300 92 629
197 1746 88 606
194 1765 88 610
189 1620 108 579
174 1622 82 653
144 1287 112 645
143 1322 103 672
166 1469 98 604
143 1304 106 662
157 1436 90 624
170 1535 95 596
154 1388 84 628
167 1437 103 608
187 1615 105 589
152 1360 84 639
187 1672 85 614
158 1459 87 627
151 1392 92 625
180 1566 108 587
178 1637 89 611
186 1680 85 618
176 1595 93 603
171 1467 103 603
149 1360 86 643
170 1498 92 621
155 1302 108 645
169 1569 94 621
186 1749 82 650
189 1620 108 579
196 1729 88 608
155 1316 100 609
145 1332 92 626
155 1316 100 609
176 1626 95 588
191 1712 90 604
147 1317 88 636
192 1735 84 627
144 1307 91 643
189 1708 92 606
146 1318 88 635
173 1550 88 620
174 1622 82 653
177 1628 89 612
182 1633 86 615
168 1458 95 608
173 1489 95 605
186 1675 85 621
193 1739 89 604
144 1310 92 629
182 1674 95 587
173 1579 100 594
194 1717 89 607
149 1326 92 626
174 1606 95 594
193 1756 84 625
193 1746 87 612
176 1624 95 592
158 1459 87 627
186 1749 82 650
182 1674 95 587
173 1489 95 605
180 1625 86 621
176 1626 95 588
144 1307 91 643
174 1622 82 653
176 1626 95 588
145 1332 92 626
197 1746 88 606
146 1318 88 635
146 1318 88 635
174 1622 82 653
144 1310 92 629
176 1626 95 588
186 1749 82 650
174 1622 82 653
176 1626 95 588
189 1620 108 579
189 1620 108 579
189 1620 108 579
176 1626 95 588
176 1626 95 588
176 1626 95 588
176 1626 95 588
174 1622 82 653
174 1622 82 653
174 1622 82 653
174 1622 82 653
174 1622 82 653
174 1622 82 653
174 1622 82 653
174 1622 82 653
173 1489 95 605
146 1318 88 635
216 1941 88 614
186 1675 95 587
174 1629 82 653
170 1582 88 658
155 1302 108 646
146 1329 92 631
176 1514 97 608
168 1466 103 611
162 1402 104 611
163 1397 100 618
183 1640 89 617
179 1563 99 603
146 1328 99 636
179 1619 95 621
154 1423 92 625
177 1636 95 593
176 1558 88 622
147 1346 92 626
147 1340 92 627
146 1348 92 626
154 1423 92 625
154 1423 92 625
154 1423 92 625
212 1978 91 622
194 1676 105 589
175 1658 82 653
149 1369 114 632
209 1924 96 618
172 1538 92 627
185 1638 97 613
150 1383 92 630
180 1603 102 617
187 1741 82 653
185 1642 102 616
150 1379 114 633
160 1451 92 631
186 1679 97 617
160 1453 92 635
192 1711 100 645
