34 0.522491
190 1698 82 617
173 1574 99 584
162 1476 77 629
150 1278 84 647
147 1351 99 594
139 1305 99 601
185 1672 84 616
188 1631 83 620
160 1508 94 587
166 1487 81 621
146 1349 96 602
156 1370 89 606
155 1401 87 612
153 1385 85 634
150 1359 94 596
144 1311 97 607
162 1474 78 628
144 1290 84 647
162 1434 84 631
155 1336 87 635
190 1698 82 617
148 1416 87 633
161 1476 78 628
164 1429 82 622
147 1400 92 630
140 1304 99 606
157 1461 82 633
153 1364 99 590
159 1485 94 591
163 1463 84 625
150 1402 92 609
154 1360 90 641
163 1489 91 604
166 1487 81 621
154 1361 90 638
159 1315 85 637
160 1402 83 637
163 1354 91 630
143 1332 97 607
163 1354 91 630
154 1360 90 641
153 1364 99 590
143 1332 97 607
159 1315 85 637
143 1332 97 607
147 1367 97 598
160 1402 83 637
154 1366 83 640
150 1363 85 635
147 1367 97 598
147 1363 99 592
163 1354 91 630
160 1402 83 637
159 1485 94 591
154 1366 83 640
154 1360 90 641
147 1363 99 592
163 1429 82 631
163 1354 91 630
159 1485 94 591
153 1364 99 590
163 1429 82 631
159 1485 94 591
163 1429 82 631
163 1354 91 630
163 1354 91 630
160 1402 83 637
160 1402 83 637
147 1367 97 598
143 1332 97 607
143 1332 97 607
143 1332 97 607
143 1332 97 607
192 1671 83 620
190 1722 84 616
172 1580 104 587
162 1476 78 628
150 1281 84 647
148 1319 84 649
142 1324 99 606
175 1569 85 624
192 1671 83 620
144 1312 97 607
185 1529 85 621
162 1476 78 628
147 1348 101 602
154 1363 90 641
190 1698 82 618
173 1588 99 589
165 1372 91 630
160 1462 82 644
146 1378 96 628
164 1517 94 591
148 1371 97 605
158 1480 97 601
163 1430 82 631
156 1389 83 640
147 1353 99 594
157 1457 89 626
172 1556 85 625
159 1320 85 637
186 1539 84 621
161 1348 87 636
170 1416 87 622
156 1350 92 645
159 1466 86 633
150 1359 94 603
162 1425 87 612
159 1485 94 592
162 1425 87 612
190 1722 84 616
164 1436 82 626
150 1359 94 603
173 1554 91 604
173 1588 99 589
147 1406 92 630
143 1332 99 604
157 1457 89 626
170 1416 87 622
159 1466 86 633
154 1360 90 644
186 1539 84 621
156 1389 83 640
160 1462 82 644
160 1457 92 621
185 1529 85 621
154 1360 90 644
154 1375 85 635
159 1485 94 592
161 1348 87 636
173 1588 99 589
147 1353 99 594
148 1404 96 622
160 1457 92 621
158 1413 87 627
149 1424 96 618
173 1588 99 589
143 1332 99 604
147 1348 99 603
143 1332 99 604
161 1477 89 622
173 1588 99 589
173 1588 99 589
158 1413 92 624
149 1424 96 618
149 1424 96 618
147 1406 92 630
150 1359 96 602
158 1413 87 627
186 1539 84 621
149 1424 96 618
172 1556 85 625
186 1539 84 621
163 1485 85 627
160 1457 92 621
158 1413 87 627
150 1359 94 603
149 1424 96 618
147 1348 99 603
147 1348 99 603
143 1332 99 604
159 1320 85 637
160 1424 85 634
163 1485 85 627
160 1457 92 621
160 1424 85 634
160 1424 85 634
158 1413 87 627
150 1359 94 603
143 1332 99 604
143 1332 99 604
158 1413 87 627
147 1406 92 630
160 1462 82 644
161 1464 82 640
170 1416 87 622
161 1477 89 622
159 1466 82 640
147 1406 92 630
192 1671 83 620
190 1722 84 616
186 1539 84 621
186 1539 84 621
186 1539 84 621
186 1539 84 621
185 1529 85 621
170 1416 87 622
162 1476 78 628
162 1476 78 628
162 1476 78 628
162 1476 78 628
162 1476 78 628
162 1476 78 628
162 1425 87 612
162 1425 87 612
161 1477 89 622
160 1462 82 644
160 1462 82 644
160 1462 82 644
160 1462 82 644
160 1457 92 621
160 1424 85 634
160 1424 85 634
159 1485 94 592
159 1466 86 633
159 1466 86 633
159 1466 82 640
158 1413 92 624
158 1413 87 627
158 1413 87 627
150 1359 96 602
150 1359 94 603
150 1359 94 603
150 1359 94 603
150 1359 94 603
149 1424 96 618
149 1424 96 618
149 1424 96 618
147 1406 92 630
147 1406 92 630
147 1406 92 630
147 1406 92 630
147 1406 92 630
147 1406 92 630
147 1406 92 630
147 1406 92 630
147 1406 92 630
147 1348 99 603
143 1332 99 604
143 1332 99 604
143 1332 99 604
143 1332 99 604
143 1332 99 604
143 1332 99 604
143 1332 99 604
143 1332 99 604
143 1332 99 604
143 1332 99 604
143 1332 99 604
143 1332 99 604
143 1332 99 604
143 1332 99 604
143 1332 99 604
202 1680 83 620
190 1723 82 618
166 1484 78 628
164 1535 94 591
153 1365 99 600
150 1310 92 657
150 1310 92 657
143 1334 99 605
174 1599 91 604
190 1722 84 624
194 1700 83 620
158 1417 87 627
173 1563 85 625
168 1456 84 629
202 1680 83 620
162 1498 78 628
160 1324 98 626
162 1429 87 612
151 1367 92 656
150 1359 94 608
200 1692 83 623
149 1395 99 594
162 1478 80 645
162 1478 80 645
163 1432 83 637
149 1426 92 633
160 1464 82 644
155 1450 97 605
162 1425 87 618
162 1495 97 598
146 1393 96 628
153 1367 86 650
154 1380 92 641
145 1350 97 607
164 1440 82 631
148 1405 96 622
157 1326 84 647
155 1407 84 654
164 1373 87 636
147 1349 99 603
160 1402 83 642
165 1441 85 630
153 1367 86 650
154 1384 85 635
200 1692 83 623
156 1338 84 649
147 1349 99 603
152 1320 92 656
165 1441 85 630
144 1340 99 604
150 1359 96 607
156 1345 92 648
156 1345 92 648
145 1334 99 604
150 1359 94 608
155 1407 84 654
162 1478 80 645
160 1402 83 642
148 1405 96 622
154 1384 85 635
152 1320 92 656
156 1338 84 649
148 1405 96 622
154 1384 85 635
148 1405 96 622
164 1373 87 636
164 1373 87 636
154 1384 85 635
164 1373 87 636
162 1498 78 628
164 1373 87 636
164 1373 87 636
162 1498 78 628
162 1498 78 628
154 1384 85 635
154 1384 85 635
154 1384 85 635
154 1384 85 635
152 1320 92 656
148 1405 96 622
148 1405 96 622
191 1736 89 612
167 1565 94 591
167 1470 82 631
152 1321 92 656
148 1337 100 663
144 1341 99 606
186 1589 85 625
187 1722 88 616
146 1396 96 628
150 1368 94 611
157 1336 84 647
179 1502 87 617
155 1437 99 597
144 1341 99 606
165 1373 92 643
148 1410 96 622
160 1435 92 630
145 1347 99 604
154 1419 85 635
175 1576 87 618
191 1736 89 612
165 1452 83 638
169 1555 99 593
162 1453 87 627
170 1542 89 617
178 1512 87 622
170 1480 89 624
167 1440 83 634
167 1470 82 631
157 1415 87 639
164 1450 84 631
167 1501 93 612
162 1460 92 623
169 1527 91 622
169 1527 91 622
175 1576 87 618
167 1501 93 612
169 1527 91 622
170 1480 89 624
164 1501 89 625
191 1736 89 612
188 1685 83 637
169 1494 82 649
167 1506 99 602
158 1364 92 657
150 1402 99 606
147 1406 96 628
177 1629 94 603
171 1545 89 617
186 1598 86 631
179 1502 87 622
182 1573 87 618
151 1435 96 619
161 1486 92 631
169 1553 91 622
166 1510 84 634
158 1429 85 635
167 1453 91 629
185 1538 87 619
167 1445 84 636
161 1526 92 630
163 1488 87 629
149 1424 96 622
149 1424 96 622
193 1609 92 627
182 1682 84 650
166 1572 97 640
164 1444 90 643
169 1530 85 635
187 1599 90 628
183 1597 91 643
167 1464 92 656
