392 3.63596
111 1027 87 392
94 841 62 450
94 841 62 450
89 773 68 445
89 773 68 445
103 945 76 399
106 980 82 395
95 831 79 416
111 1027 87 392
101 943 84 405
107 982 80 396
99 910 68 420
90 782 65 447
96 904 64 429
92 797 69 434
108 970 74 399
101 925 63 425
103 919 62 439
98 875 63 427
109 1006 84 394
110 993 72 405
107 982 80 396
104 944 66 422
97 872 71 410
105 966 76 397
96 879 86 403
110 999 75 397
106 958 75 404
94 842 65 444
106 939 62 430
108 976 73 400
100 918 69 413
97 885 83 409
94 842 65 444
99 896 67 421
97 885 83 409
95 849 70 411
99 896 67 421
100 931 86 402
100 882 71 406
98 873 70 407
96 829 68 430
91 811 68 432
108 976 73 400
105 966 76 397
104 944 66 422
98 872 63 431
91 799 70 424
107 964 74 402
95 842 64 443
90 806 72 436
94 863 71 417
90 806 72 436
103 919 62 439
100 931 86 402
100 882 71 406
97 856 64 429
109 990 75 398
96 904 64 429
90 780 67 446
89 777 69 444
108 974 73 404
95 875 63 437
91 807 69 425
95 868 84 406
91 794 69 437
96 867 68 425
92 797 69 434
103 936 68 417
95 831 79 416
92 809 66 437
109 990 75 398
109 990 75 398
95 868 84 406
90 782 70 437
89 777 69 444
109 1006 84 394
109 990 75 398
98 873 70 407
94 853 68 430
91 807 69 425
89 773 68 445
94 854 70 418
91 807 69 425
107 998 65 423
92 797 69 434
91 811 68 432
90 789 69 441
101 943 84 405
95 859 84 409
95 849 70 411
94 853 68 430
90 789 68 442
109 990 75 398
100 918 67 418
96 904 64 429
96 879 86 403
96 871 68 421
95 849 70 411
91 799 70 424
108 974 73 404
106 964 66 421
94 854 70 418
92 809 66 437
91 811 68 432
90 789 69 441
101 925 63 425
95 868 84 406
94 842 65 444
91 798 69 431
91 793 67 445
90 787 66 446
90 782 70 437
109 990 75 398
98 873 70 407
97 872 71 410
96 879 86 403
95 831 79 416
95 829 71 423
91 799 70 424
90 789 68 442
90 782 65 447
90 780 67 446
89 773 68 445
94 863 68 429
89 777 69 444
89 773 68 445
109 990 75 398
97 865 63 434
95 859 84 409
90 780 67 446
89 777 69 444
98 873 70 407
97 856 64 429
96 867 68 425
95 829 71 423
90 787 66 446
90 780 67 446
107 998 65 423
98 873 70 407
98 872 63 431
97 864 68 425
97 864 68 425
96 871 68 421
94 853 68 430
94 841 62 450
91 798 69 431
111 1027 87 392
111 1027 87 392
111 1027 87 392
111 1027 87 392
111 1027 87 392
109 990 75 398
109 990 75 398
109 990 75 398
109 990 75 398
109 990 75 398
109 990 75 398
109 990 75 398
109 990 75 398
109 990 75 398
109 990 75 398
109 990 75 398
109 990 75 398
109 990 75 398
109 990 75 398
109 990 75 398
109 990 75 398
109 990 75 398
109 990 75 398
109 990 75 398
109 990 75 398
109 990 75 398
109 990 75 398
109 990 75 398
109 990 75 398
109 990 75 398
109 990 75 398
107 982 80 396
107 982 80 396
107 982 80 396
107 982 80 396
104 944 66 422
104 944 66 422
97 872 71 410
97 872 71 410
97 864 68 425
97 856 64 429
96 904 64 429
96 871 68 421
96 867 68 425
95 868 84 406
95 859 84 409
95 849 70 411
95 849 70 411
95 829 71 423
95 829 71 423
95 829 71 423
94 841 62 450
94 841 62 450
91 799 70 424
91 798 69 431
91 798 69 431
90 787 66 446
90 787 66 446
90 782 70 437
90 782 65 447
90 782 65 447
90 782 65 447
90 782 65 447
90 780 67 446
90 780 67 446
90 780 67 446
90 780 67 446
90 780 67 446
89 777 69 444
89 777 69 444
89 777 69 444
89 777 69 444
89 773 68 445
89 773 68 445
89 773 68 445
125 1150 76 397
116 1064 87 392
98 872 63 434
94 818 65 447
89 777 68 445
110 998 72 405
98 882 71 410
97 855 69 436
92 809 70 424
99 898 67 421
98 864 68 430
104 962 82 402
102 926 67 418
96 869 84 409
104 962 84 401
95 843 64 443
99 884 70 407
107 974 66 421
100 918 84 406
109 991 75 398
91 803 70 427
108 974 74 399
106 966 69 416
92 793 69 444
107 990 80 396
96 843 79 416
105 956 77 406
95 843 64 443
91 796 67 445
95 851 79 416
107 986 82 395
102 926 67 418
105 954 68 417
107 982 74 404
105 962 76 400
105 957 80 403
97 868 69 435
95 843 64 443
107 986 82 395
105 957 77 405
105 954 68 417
91 796 67 445
106 966 69 416
108 974 74 399
106 959 75 404
108 974 74 399
107 986 82 395
106 959 75 404
106 959 75 404
107 990 80 396
105 957 80 403
106 966 69 416
106 959 75 404
105 962 76 400
105 957 75 406
104 962 84 401
105 962 76 400
108 974 74 399
108 974 74 399
108 974 74 399
107 986 82 395
107 986 82 395
107 986 82 395
107 986 82 395
106 959 75 404
106 959 75 404
105 962 76 400
105 962 76 400
105 962 76 400
105 957 80 403
105 957 75 406
95 843 64 443
95 843 64 443
91 796 67 445
120 1116 87 392
95 837 65 447
95 833 66 457
92 816 70 443
92 803 68 445
113 1034 66 421
98 863 79 416
105 947 74 408
113 1023 72 405
100 884 70 435
106 982 84 401
110 1012 80 396
100 902 71 410
96 843 71 426
107 974 69 416
94 823 71 432
100 902 67 421
104 976 82 405
109 994 75 398
106 967 80 403
108 979 87 399
97 872 67 443
109 1002 82 396
104 889 70 427
109 987 75 404
108 998 74 401
95 836 71 431
115 1048 75 398
114 1038 80 396
114 1025 65 454
108 979 87 404
93 809 70 449
95 838 66 450
98 868 71 434
105 957 75 409
101 844 74 445
102 934 68 430
100 880 67 447
106 966 68 426
98 871 79 416
108 979 70 417
109 1000 67 421
110 1003 75 407
114 1024 78 402
113 1030 75 399
112 1032 76 403
102 908 69 439
111 1017 80 403
101 912 71 410
101 944 68 430
99 869 70 445
101 900 68 445
112 970 69 423
99 870 71 426
114 999 80 403
115 1047 69 416
102 910 69 435
102 908 69 439
102 908 69 439
116 1006 85 405
115 1062 76 406
115 1034 78 402
95 851 66 450
95 838 70 453
112 1036 67 423
114 1022 80 403
108 962 71 410
106 969 68 427
101 919 78 429
104 927 74 415
104 943 70 437
102 903 69 445
103 918 69 439
102 892 71 429
101 927 73 428
127 1115 83 403
126 1152 76 406
99 868 67 450
97 852 70 454
96 862 68 455
116 987 70 429
105 943 80 418
109 1025 73 410
107 947 78 442
110 957 75 415
108 982 71 447
128 1142 87 411
126 1168 87 408
107 971 69 456
101 881 70 462
121 1107 78 424
112 1035 74 427
118 1051 70 449
101 908 71 457
122 1154 73 410
116 1070 74 427
116 1070 74 427
116 1070 74 427
123 1134 74 427
121 1101 83 430
