900 149.656
125 1137 91 336
114 1029 93 335
86 795 60 385
86 795 60 385
86 782 61 388
117 1111 74 357
113 1049 86 342
119 1032 74 357
90 836 62 376
99 905 84 344
88 805 74 382
89 810 65 373
103 934 90 338
102 898 79 353
103 969 74 359
106 985 83 350
99 871 66 368
114 1048 86 342
93 860 64 371
89 829 62 382
97 903 73 360
111 1019 88 339
89 802 66 371
109 1015 83 346
107 942 73 359
92 845 68 366
103 953 88 340
91 839 68 367
92 845 68 366
112 1011 93 336
109 996 77 354
112 1032 87 341
94 877 69 364
97 890 71 361
96 881 65 370
108 985 70 363
111 1035 69 363
110 992 77 354
110 1029 85 343
97 888 67 366
95 907 61 382
107 975 80 349
94 877 69 364
87 806 64 374
115 1018 86 343
110 1010 79 351
95 885 66 369
90 842 63 375
86 795 60 385
112 1010 72 359
96 899 61 383
95 885 66 369
99 920 75 356
113 1013 90 337
110 1005 87 343
119 1032 74 357
114 1029 93 335
108 1015 83 347
90 836 62 376
108 928 80 352
99 920 75 356
97 890 71 361
105 957 80 352
112 1031 81 348
103 943 78 353
97 899 76 355
90 842 63 375
105 980 74 358
91 854 68 366
89 829 62 382
119 1032 74 357
112 1031 81 348
111 1035 69 363
110 1010 79 351
99 920 75 356
99 905 84 344
97 899 76 355
93 867 67 370
88 805 74 382
86 795 61 384
110 1005 87 343
111 1019 88 339
87 806 64 374
111 1035 69 363
88 843 65 372
96 899 61 383
108 985 70 363
102 936 81 352
102 955 72 360
110 990 78 352
110 1007 82 347
93 867 74 361
93 867 74 361
95 907 61 382
110 1007 82 347
105 957 80 352
88 805 74 382
108 997 78 352
97 903 73 360
115 1018 86 343
113 1030 87 341
91 839 68 367
105 980 74 358
87 806 64 374
113 1013 90 337
112 1011 93 336
110 990 78 352
107 975 80 349
103 953 88 340
103 934 90 338
108 997 78 352
103 943 78 353
102 951 78 353
113 1030 87 341
114 1029 93 335
110 1005 87 343
109 1015 83 346
108 1015 83 347
105 980 74 358
105 980 74 358
86 795 61 384
108 928 80 352
91 854 68 366
105 980 74 358
109 996 77 354
112 1032 87 341
108 977 79 352
105 980 74 358
97 888 67 366
108 977 79 352
102 951 78 353
102 936 81 352
99 905 84 344
114 1048 86 342
112 1031 81 348
112 1011 93 336
112 1010 72 359
115 1018 86 343
114 1029 93 335
113 1030 87 341
112 1011 93 336
111 1035 69 363
111 1019 88 339
110 1010 79 351
108 1015 83 347
108 977 79 352
105 980 74 358
105 980 74 358
105 957 80 352
102 951 78 353
99 920 75 356
97 899 76 355
97 888 67 366
96 899 61 383
90 842 63 375
90 836 62 376
88 805 74 382
87 806 64 374
86 795 60 385
132 1211 90 338
116 1055 93 336
86 785 61 388
86 785 61 388
86 785 61 388
86 785 61 388
126 1150 91 336
122 1149 80 349
125 1139 89 339
102 891 66 368
88 807 62 387
90 808 73 379
92 846 65 373
98 920 81 358
115 1085 85 343
96 888 65 370
111 1062 82 347
91 857 63 381
113 1050 78 354
104 926 68 366
115 1067 86 342
107 982 86 345
112 1041 70 363
100 933 74 361
111 1020 62 384
91 860 63 375
106 991 72 363
116 1043 83 350
105 989 79 357
93 868 69 366
114 1064 88 340
105 953 64 371
103 965 73 363
101 973 69 365
110 1041 62 378
99 883 64 374
99 938 76 360
115 1085 85 343
108 1009 72 360
111 1022 81 351
109 1013 76 355
111 1026 88 341
108 990 83 353
108 940 69 364
114 1016 75 356
114 1039 91 337
110 1034 74 359
107 939 76 356
94 859 67 372
94 880 67 371
101 937 75 360
110 1033 86 343
103 969 74 360
94 859 67 372
110 1051 81 354
86 785 61 388
94 880 67 371
115 1085 85 343
115 1085 85 343
86 785 61 388
86 785 61 388
86 785 61 388
129 1169 90 339
126 1155 91 336
125 1138 99 342
86 787 61 388
94 855 66 373
126 1123 92 340
100 926 64 380
114 1076 84 351
111 1051 62 378
99 928 70 367
127 1140 90 340
109 998 64 374
96 887 67 372
102 924 72 366
114 1033 86 343
110 1039 86 351
97 897 65 371
95 868 65 373
105 988 77 361
107 958 78 362
119 1029 72 364
117 1087 72 361
111 1007 79 356
122 1136 82 351
107 968 69 366
114 1029 65 370
118 1025 75 359
128 1167 81 351
116 1070 71 363
113 1032 77 355
106 976 74 364
117 1043 64 372
122 1148 86 342
118 1057 84 351
122 1147 76 358
110 990 80 359
112 1009 74 362
117 1047 82 354
111 1010 76 359
102 894 66 368
106 970 76 360
114 1069 78 354
102 894 66 368
114 1056 73 363
108 1026 76 359
114 1033 86 343
110 1036 73 364
114 1048 70 364
114 1041 71 364
132 1228 69 367
127 1156 91 336
90 825 61 388
127 1171 90 343
98 887 69 376
99 901 65 371
114 1043 64 387
103 970 76 366
121 1128 86 346
94 890 66 373
103 897 66 368
106 997 77 362
121 1153 77 361
117 1088 78 356
109 1007 74 367
116 1103 85 356
114 1074 80 360
113 1023 75 365
121 1112 81 354
112 1073 74 366
118 1118 86 350
115 1087 70 364
119 1104 72 362
121 1079 72 364
118 1103 86 352
116 1010 76 363
119 1081 81 355
115 1046 74 362
135 1219 88 347
129 1222 82 354
127 1157 91 336
90 835 61 388
103 899 68 374
117 1063 76 365
121 1124 83 354
109 1024 81 363
100 922 67 373
127 1157 91 336
130 1203 79 358
101 931 65 373
126 1200 70 364
109 996 65 372
120 1116 82 359
119 1134 78 364
123 1084 73 364
105 973 79 366
105 950 66 368
108 1023 77 365
123 1079 74 364
128 1187 72 364
129 1206 77 362
103 956 72 368
103 970 66 368
127 1157 91 336
131 1166 92 339
129 1177 91 336
127 1195 82 362
91 850 65 391
121 1137 84 357
106 1004 67 369
129 1178 73 364
102 925 69 377
109 969 66 368
100 934 69 374
104 935 67 375
102 957 66 373
105 954 65 374
110 977 66 368
105 998 67 373
104 988 66 383
105 982 66 383
123 1124 69 369
114 1022 81 368
112 996 69 375
111 1046 70 368
108 1009 71 378
107 1012 67 375
114 1051 68 371
111 1007 71 377
112 1047 69 372
121 1065 77 371
120 1114 71 368
118 1126 70 369
118 1045 84 373
112 1030 68 377
110 1035 67 375
115 1080 68 371
112 1059 70 372
119 1090 68 371
110 1041 67 375
126 1188 70 372
119 1124 67 379
115 1045 70 380
118 1125 76 383
118 1096 72 359
102 959 100 330
88 772 54 428
82 680 64 411
75 697 62 405
114 1073 85 343
77 721 62 401
116 1087 67 366
104 927 59 390
87 813 65 369
79 694 60 399
83 687 64 410
95 859 69 363
88 761 70 371
100 954 92 337
103 960 71 361
96 905 81 348
82 771 59 408
78 727 63 398
91 799 56 414
93 818 66 367
100 963 95 335
89 812 60 386
97 842 74 357
116 1059 78 351
101 966 86 342
81 734 56 421
97 897 62 380
83 741 67 379
81 700 64 388
106 1011 83 346
102 922 89 339
101 881 90 337
99 874 55 418
117 1031 57 395
94 823 56 411
86 785 55 423
98 941 91 340
80 750 66 392
110 1066 88 339
107 987 79 350
102 976 99 332
91 850 80 350
75 697 62 405
108 893 55 416
98 882 60 383
117 1004 55 415
85 756 75 375
92 868 79 353
90 848 78 354
90 790 76 369
112 1006 80 349
94 889 56 401
96 876 75 355
90 797 61 382
108 983 73 358
87 781 61 385
93 843 77 353
110 960 68 365
97 918 62 374
108 991 96 334
105 975 87 341
99 938 83 347
96 926 90 341
85 708 63 395
90 828 57 407
110 1017 91 336
84 751 55 426
102 971 93 335
83 746 60 396
114 1039 94 334
96 867 72 362
111 1041 94 334
102 969 98 333
102 947 61 377
94 910 89 342
115 1069 57 396
107 999 73 360
86 714 63 393
113 970 58 394
101 965 84 344
109 1012 76 354
86 773 54 428
84 755 60 387
93 856 68 366
109 955 71 362
105 920 87 342
106 1006 99 331
91 838 63 376
98 934 94 340
113 1052 82 346
89 778 63 386
94 860 74 362
115 1061 78 352
77 720 67 394
107 996 96 333
110 1036 68 364
109 1036 58 393
106 992 82 347
118 1069 71 360
113 1003 69 362
79 731 58 411
112 1026 63 373
98 936 84 346
106 958 79 352
92 792 64 372
86 784 55 425
81 734 56 421
79 731 57 412
114 1046 88 339
80 750 66 392
99 874 55 418
82 725 61 390
110 1037 63 372
112 1012 69 362
107 1022 97 332
82 758 59 409
107 1022 97 332
105 999 60 377
105 958 70 362
112 1012 69 362
89 784 78 368
112 1046 64 371
112 1026 63 373
110 1037 63 372
107 1022 97 332
113 1003 69 362
112 1026 63 373
136 1306 93 335
115 1073 100 330
114 1052 100 331
108 1009 61 389
102 941 79 364
102 899 85 377
130 1225 83 347
105 958 69 380
134 1211 79 351
105 926 65 385
107 984 64 376
126 1204 65 370
117 1083 97 332
128 1154 70 365
104 979 72 371
108 1024 94 340
120 1131 82 351
103 962 63 379
115 1096 96 336
124 1182 84 345
113 1044 74 366
105 923 72 379
110 1039 66 369
124 1175 72 360
125 1157 77 356
119 1097 76 363
118 1122 81 352
125 1179 87 342
121 1119 73 364
116 1096 97 335
112 1039 73 368
122 1148 63 373
109 997 78 365
121 1138 71 365
118 1098 89 339
111 1034 68 370
110 1005 80 363
109 979 88 358
124 1180 85 349
117 1092 62 374
116 1033 84 355
123 1080 90 338
113 1082 86 343
110 1035 67 375
123 1079 86 345
108 1017 91 343
112 1038 77 363
115 1090 80 353
118 1134 91 337
108 1014 78 361
117 1107 79 354
114 1069 91 340
118 1105 88 342
113 1078 63 377
122 1149 70 366
121 1069 77 362
115 1071 83 351
117 1106 76 359
111 1022 78 360
115 1067 90 339
114 1045 78 357
113 1049 79 357
115 1061 83 354
117 1099 72 366
113 1050 88 356
113 1079 79 355
140 1318 88 342
123 1160 62 374
116 1073 100 330
114 1052 100 333
107 971 69 388
104 961 79 364
132 1263 85 346
130 1239 97 334
109 981 65 380
134 1192 84 347
109 991 64 376
127 1120 96 336
106 999 72 374
126 1219 83 351
111 1027 78 365
110 1055 67 372
133 1189 88 344
126 1127 90 340
124 1179 93 337
128 1202 66 372
121 1109 92 341
113 1052 70 373
110 1020 79 361
129 1241 84 350
121 1141 89 339
129 1152 71 368
119 1048 94 345
120 1161 77 363
124 1133 63 379
129 1172 77 361
115 1057 81 359
134 1182 86 345
125 1203 75 360
117 1109 80 356
117 1070 73 368
119 1113 72 369
122 1108 65 375
115 1092 81 354
119 1081 86 357
115 1045 84 358
113 1074 80 360
125 1121 74 366
124 1128 73 365
120 1119 94 344
122 1159 86 348
120 1104 72 367
119 1087 83 352
126 1208 80 354
115 1099 88 351
110 1039 78 361
125 1157 62 374
115 1089 74 369
120 1142 81 352
121 1139 78 358
122 1119 80 355
121 1133 72 366
115 1047 80 360
115 1109 88 347
138 1316 77 360
130 1215 62 374
117 1082 100 330
112 1035 64 393
105 981 80 364
135 1290 76 364
109 997 68 383
127 1211 96 336
114 1056 68 379
120 1132 95 345
130 1238 88 347
110 1065 67 385
122 1162 73 370
121 1158 89 345
122 1166 89 339
132 1198 80 356
114 1073 65 377
119 1077 74 373
124 1180 86 348
138 1235 84 349
115 1066 74 374
125 1185 82 353
124 1135 73 365
121 1099 83 352
122 1148 78 359
129 1148 81 356
129 1222 81 353
120 1118 87 357
123 1109 78 362
110 1058 78 363
127 1198 82 352
119 1093 82 362
119 1057 79 364
119 1129 84 357
123 1148 82 354
124 1121 88 350
124 1120 82 357
122 1121 80 357
137 1309 91 339
119 1080 67 387
117 1103 65 377
117 1083 100 336
107 990 88 372
116 1113 72 387
117 1049 83 379
125 1205 97 339
129 1184 94 345
123 1128 82 364
130 1253 86 349
136 1269 88 348
135 1287 89 342
119 1054 88 370
118 1118 77 375
131 1225 78 360
132 1256 77 365
134 1257 81 355
126 1198 73 374
123 1134 86 352
127 1155 75 368
135 1167 91 342
130 1192 90 341
127 1134 81 361
128 1205 79 359
124 1204 80 361
125 1168 75 372
126 1220 91 341
117 1101 78 368
129 1167 82 357
124 1175 82 356
125 1185 80 358
127 1199 83 353
129 1169 89 346
126 1130 83 354
129 1224 83 352
125 1174 91 347
127 1157 82 359
138 1298 78 361
128 1203 100 336
122 1121 65 388
122 1107 90 370
118 1135 82 368
129 1232 96 345
120 1139 65 381
132 1265 83 353
119 1117 70 378
130 1218 77 373
134 1287 79 359
127 1188 86 353
124 1134 88 357
128 1179 83 361
127 1194 82 365
125 1211 82 360
121 1109 80 368
122 1135 65 377
118 1122 82 369
130 1199 79 368
146 1342 80 363
140 1314 84 356
129 1151 65 377
128 1164 93 364
128 1162 67 389
124 1154 74 378
132 1255 80 371
138 1245 77 374
130 1212 81 369
127 1233 83 368
129 1187 84 367
128 1200 82 368
129 1174 83 368
130 1174 65 378
129 1227 91 377
124 1155 82 390
117 1004 55 415
114 1073 85 343
102 959 100 330
86 773 54 428
86 773 54 428
82 680 64 411
75 697 62 405
77 720 67 394
87 783 61 383
83 687 64 410
115 1070 59 388
80 750 66 392
102 922 89 339
88 761 70 371
101 881 90 337
82 771 59 408
75 697 62 405
99 912 77 353
97 900 77 354
90 828 57 407
81 734 56 421
85 708 63 395
99 874 55 418
83 741 67 379
92 817 66 367
110 1061 68 364
90 790 76 369
96 905 81 348
108 893 55 416
84 751 55 426
113 1054 74 356
105 968 62 375
103 948 80 349
110 1020 70 362
89 812 60 386
78 727 63 398
106 998 84 344
106 978 79 350
100 956 85 345
116 1068 70 361
78 712 62 403
93 801 61 376
91 838 63 376
94 896 84 346
82 680 64 411
79 694 60 399
91 799 56 414
108 1021 58 392
108 1023 97 332
107 974 72 360
103 932 87 345
94 873 71 364
85 756 75 375
81 734 56 421
108 1011 99 331
94 853 73 358
83 764 72 378
105 994 88 339
101 902 89 342
97 842 74 357
96 867 72 362
94 823 56 411
95 859 69 363
104 927 59 390
87 781 61 385
110 1050 93 335
102 980 98 334
104 991 83 346
110 1009 91 336
101 927 92 336
111 1035 65 369
100 905 63 373
95 891 76 355
107 1027 73 357
102 980 99 332
89 784 78 368
90 807 69 365
81 713 61 397
111 1044 63 372
107 996 96 333
108 1001 67 366
90 848 78 354
86 798 71 373
102 931 88 340
93 885 71 363
89 778 63 386
94 889 56 401
101 950 86 343
100 963 95 335
79 694 60 399
113 1034 63 372
86 714 63 393
112 1049 87 341
101 944 82 347
96 876 75 355
109 996 62 374
95 843 59 393
92 868 79 353
106 986 86 342
104 985 68 365
90 830 73 359
84 751 55 426
104 974 65 370
110 1047 82 346
100 937 83 347
96 926 90 341
109 1054 72 359
105 975 97 333
102 960 79 351
101 906 78 352
112 1069 94 334
94 890 80 351
99 874 55 418
92 822 60 377
109 1034 71 362
84 755 60 387
111 1037 71 360
107 1007 95 334
101 937 57 393
93 834 64 371
110 1005 94 335
101 941 72 361
112 1049 87 341
112 1049 87 341
112 1049 87 341
107 974 72 360
137 1275 60 377
120 1127 86 342
118 1047 61 392
96 897 73 361
130 1192 60 378
127 1147 78 353
104 959 70 367
117 1067 64 392
107 994 65 382
121 1133 82 348
108 1015 84 344
107 960 66 369
113 1024 75 358
116 1103 69 364
106 993 82 350
104 995 66 372
111 1038 71 361
105 1000 71 363
113 1054 81 353
109 1017 77 356
114 1097 81 350
121 1128 79 351
115 1082 79 352
116 1081 77 354
110 1006 77 357
109 996 70 365
113 1072 79 354
104 960 69 366
140 1280 60 378
124 1181 86 343
102 973 74 402
101 951 80 361
135 1227 60 379
111 1017 66 401
117 1092 66 372
126 1199 72 361
129 1188 77 354
105 984 78 365
116 1079 69 366
121 1144 68 371
122 1153 86 348
109 969 75 367
113 1038 84 360
122 1138 82 352
123 1160 82 348
115 1103 67 375
119 1098 80 353
111 1014 67 377
110 999 78 362
123 1120 75 358
114 1106 83 350
106 1027 73 362
120 1133 79 353
117 1077 84 354
106 979 77 369
115 1091 74 361
116 1097 77 356
109 1052 83 357
110 1063 82 355
106 983 75 365
112 1030 78 361
112 1047 79 357
114 1059 77 357
113 1079 83 353
110 1018 73 366
122 1130 75 358
109 1022 72 365
114 1026 77 358
113 1058 75 359
110 1047 78 361
143 1308 76 361
133 1255 90 348
122 1098 67 380
119 1139 91 354
113 1005 75 370
109 1028 74 373
109 1021 80 390
122 1177 68 375
131 1244 82 351
120 1158 85 351
116 1053 70 381
120 1123 72 369
111 1057 73 364
119 1133 70 368
112 1044 74 372
113 1075 82 360
121 1147 79 354
118 1099 82 355
115 1054 78 359
115 1091 77 357
109 1051 76 365
113 1039 73 362
119 1111 79 356
116 1064 77 358
114 1065 77 360
115 1082 79 358
137 1325 85 351
132 1219 67 380
129 1166 68 389
120 1129 97 356
111 1032 75 376
129 1241 88 354
118 1130 97 355
122 1161 80 355
116 1065 83 362
125 1164 69 387
128 1200 67 385
112 1050 77 375
126 1191 71 370
125 1175 72 379
117 1107 74 364
131 1235 68 375
119 1099 75 365
121 1138 79 356
116 1085 75 372
114 1090 78 364
117 1078 73 369
127 1194 70 374
115 1096 77 357
128 1204 72 369
116 1072 77 359
115 1082 79 374
115 1095 78 361
120 1079 73 362
149 1384 86 351
135 1275 68 375
113 1070 89 381
129 1209 71 373
131 1248 81 355
115 1109 83 359
125 1198 79 356
124 1151 82 356
119 1132 73 369
122 1081 73 366
120 1103 76 364
123 1173 77 359
122 1135 74 362
116 1088 80 366
114 1071 81 377
115 1074 75 376
116 1072 79 368
118 1116 79 357
125 1116 78 361
119 1124 76 364
116 1107 81 359
117 1107 77 362
119 1124 78 361
136 1322 71 373
134 1275 82 356
118 1116 76 391
116 1101 91 367
115 1094 81 376
133 1241 77 359
123 1138 73 378
127 1182 78 360
125 1185 79 357
121 1161 76 369
120 1125 77 362
122 1162 74 362
117 1101 79 369
122 1131 79 360
125 1168 79 358
124 1121 82 359
121 1121 77 362
123 1166 82 359
131 1257 75 371
128 1198 79 357
128 1173 85 359
120 1132 79 371
123 1153 81 360
127 1208 76 365
124 1140 77 362
121 1178 78 367
120 1158 79 369
126 1202 79 358
128 1205 76 371
126 1182 79 359
136 1298 76 368
131 1273 83 357
130 1193 77 396
124 1166 86 363
120 1133 86 372
124 1147 78 374
130 1218 79 358
130 1243 84 357
123 1146 79 371
134 1269 78 372
134 1295 77 367
127 1150 79 364
128 1198 79 361
130 1231 78 373
140 1338 76 368
134 1221 89 358
131 1203 77 396
128 1215 89 362
126 1192 79 371
126 1180 88 364
137 1291 80 358
127 1180 81 382
133 1251 79 362
134 1305 84 358
139 1328 76 377
131 1196 87 364
131 1203 77 396
130 1198 81 366
126 1209 78 374
128 1216 83 365
134 1218 88 360
129 1216 80 368
131 1203 77 396
131 1203 77 396
147 1408 76 375
135 1224 89 358
134 1260 95 364
131 1203 77 400
128 1223 79 371
144 1293 78 395
136 1290 83 364
130 1215 80 393
132 1239 92 366
131 1216 81 374
132 1218 77 396
139 1311 92 363
134 1233 77 396
133 1222 85 381
128 1225 81 372
131 1254 85 371
146 1384 92 367
135 1233 77 402
133 1235 95 376
139 1324 81 381
137 1310 82 388
133 1261 86 371
151 1435 87 373
150 1425 81 388
144 1331 90 402
140 1315 91 376
153 1372 98 385
134 1219 63 372
102 959 100 330
86 773 54 428
82 680 64 411
75 697 62 405
118 1096 72 359
96 905 81 348
91 799 56 414
104 985 99 331
81 734 56 421
87 781 61 385
83 687 64 410
90 828 57 407
99 874 55 418
77 720 67 394
101 966 86 342
84 751 55 426
97 907 60 381
82 771 59 408
107 962 78 352
100 871 71 362
86 784 56 420
97 842 74 357
90 807 69 365
81 700 64 388
110 1061 68 364
79 694 60 399
101 881 90 337
95 890 88 339
97 912 58 398
110 1017 91 336
117 1081 84 344
95 861 67 367
83 741 67 379
114 1087 76 354
104 927 59 390
104 915 62 374
94 823 56 411
89 778 63 386
78 712 62 403
115 1093 73 358
108 893 55 416
79 731 57 412
116 1068 70 361
93 801 61 376
117 1004 55 415
104 913 87 341
88 772 54 428
109 1031 61 375
109 1029 93 335
118 1054 80 349
75 697 62 405
100 948 70 362
85 708 63 395
95 890 88 339
105 977 85 343
102 929 65 370
92 868 79 353
102 964 97 332
77 721 62 401
107 1012 83 346
80 750 66 392
101 939 83 347
100 912 77 353
115 1069 57 396
94 890 80 351
109 1036 58 393
105 1013 64 371
116 1085 76 355
112 1043 78 351
100 963 95 335
104 996 94 336
93 856 68 366
78 712 62 403
108 1024 92 336
109 1005 79 350
86 777 66 368
113 1058 75 356
112 1069 94 334
104 955 96 333
93 836 78 357
113 1009 60 377
103 991 56 400
92 818 76 358
89 812 60 386
84 751 55 426
104 1003 84 345
102 899 64 373
85 756 75 375
109 1002 72 360
101 954 95 334
98 936 84 346
93 883 75 363
103 979 85 344
98 903 83 349
115 1072 59 388
88 761 70 371
95 859 69 363
111 990 93 335
98 866 73 361
113 1057 73 359
104 955 96 333
80 750 66 392
83 764 72 378
82 725 61 390
116 1087 67 366
110 983 72 360
91 838 63 376
113 1058 75 356
102 970 76 356
83 746 60 396
103 908 64 372
101 881 90 337
112 1050 82 346
90 848 78 354
105 938 65 369
104 913 87 341
102 964 97 332
108 1024 92 336
105 938 65 369
111 990 93 335
112 1050 82 346
95 843 59 393
110 1051 63 373
132 1243 60 381
130 1244 92 339
108 1014 69 394
107 1032 95 335
102 938 78 360
101 948 78 369
103 977 70 385
128 1225 93 336
102 964 71 363
118 1071 76 359
121 1151 76 355
112 1071 88 344
111 1012 68 376
115 1060 64 378
119 1093 65 375
126 1200 83 346
125 1166 81 349
130 1213 86 345
123 1113 64 371
112 1003 83 354
114 955 76 366
130 1179 79 351
120 1129 80 351
116 1075 84 346
115 1012 66 372
113 1061 79 356
112 1034 81 353
116 1117 79 352
120 1120 82 348
123 1086 81 350
113 1032 69 368
115 1084 81 351
112 1026 69 372
116 1126 83 348
135 1255 60 381
133 1285 73 363
132 1266 62 382
119 1091 96 336
104 968 85 369
109 989 74 372
128 1195 84 347
113 1086 89 356
109 1020 74 365
105 974 76 380
125 1213 88 346
123 1125 64 371
114 1042 88 358
127 1222 79 352
125 1169 69 370
122 1152 86 353
115 1082 68 372
130 1165 78 355
125 1137 87 351
112 1047 72 382
130 1181 83 351
117 1092 79 362
121 1159 85 350
118 1109 88 347
113 1068 80 364
119 1102 76 363
115 1027 69 378
121 1131 65 375
130 1213 76 360
121 1119 66 376
119 1063 81 357
121 1114 79 361
120 1134 65 377
116 1088 81 354
115 1086 71 366
115 1026 72 366
126 1220 85 346
115 1023 73 376
115 1048 83 354
130 1220 81 353
113 1020 72 377
121 1164 79 355
112 1067 88 363
115 1098 81 357
135 1271 60 381
121 1127 96 337
115 1026 91 371
112 1037 78 388
128 1202 85 351
133 1221 80 357
126 1175 79 359
135 1244 85 347
116 1130 73 377
123 1128 64 371
113 1051 74 374
119 1143 70 375
121 1146 67 384
133 1266 79 353
120 1114 78 366
120 1112 88 347
115 1062 71 385
114 1033 76 368
117 1121 81 354
118 1102 84 355
124 1103 75 366
126 1158 74 368
117 1078 72 371
123 1107 88 354
120 1101 86 358
117 1101 68 381
122 1161 72 366
121 1111 75 370
122 1099 71 370
120 1093 85 359
118 1086 71 371
118 1086 79 366
138 1303 60 381
134 1168 94 348
116 1050 77 371
112 1052 80 388
137 1298 72 366
132 1229 85 351
131 1184 64 371
134 1254 81 355
125 1195 85 354
121 1144 68 387
127 1241 74 367
123 1150 64 375
123 1136 88 349
129 1148 82 356
117 1081 77 369
121 1126 88 354
124 1159 81 360
124 1170 68 371
117 1093 74 385
120 1106 84 358
130 1124 83 365
133 1249 84 355
123 1126 81 364
124 1112 75 366
118 1133 73 376
124 1135 72 377
119 1088 76 368
123 1114 72 381
120 1101 83 366
121 1084 74 383
118 1088 72 383
119 1129 88 367
119 1086 73 371
143 1361 81 360
138 1304 60 381
137 1190 94 349
128 1147 94 350
126 1116 74 390
125 1064 79 371
116 1101 86 374
138 1328 85 351
134 1258 88 350
135 1182 67 376
116 1088 82 387
137 1278 75 368
119 1113 77 368
121 1171 71 389
130 1211 69 371
124 1090 81 386
130 1251 83 359
131 1202 83 359
129 1208 86 355
120 1133 76 378
124 1160 64 378
131 1218 86 354
124 1152 78 366
128 1111 73 378
129 1117 76 377
123 1150 64 381
122 1174 74 375
123 1159 88 353
122 1111 79 380
131 1110 79 368
121 1163 87 360
129 1157 76 366
122 1153 87 359
124 1152 78 366
124 1152 78 366
139 1301 67 378
139 1239 94 349
138 1307 60 386
138 1302 67 387
118 1121 85 387
118 1111 86 376
133 1172 90 356
129 1200 76 369
137 1268 90 352
137 1254 69 377
125 1160 73 379
126 1174 88 353
127 1195 87 360
124 1154 78 366
123 1160 70 386
121 1113 81 370
127 1169 88 359
120 1137 80 369
124 1152 78 371
122 1125 78 384
124 1129 80 382
128 1171 69 383
121 1139 87 368
127 1124 77 379
129 1143 79 368
129 1117 80 369
144 1278 76 383
140 1299 69 382
131 1210 88 353
130 1225 88 353
128 1198 69 388
126 1165 77 395
124 1131 84 375
126 1172 78 366
127 1189 88 354
132 1207 77 369
129 1147 78 389
132 1155 81 371
130 1168 86 374
126 1164 81 375
130 1213 77 378
133 1238 77 369
132 1228 88 353
132 1143 93 376
126 1173 78 366
132 1213 88 355
132 1228 88 353
134 1241 88 353
132 1180 85 379
129 1185 82 386
127 1196 78 371
129 1216 82 366
133 1214 79 370
141 1227 84 369
137 1282 88 353
128 1203 79 392
131 1203 79 374
146 1385 88 358
142 1328 88 365
141 1310 101 362
144 1375 95 363
154 1434 94 370
118 1096 72 359
102 959 100 330
88 772 54 428
88 772 54 428
82 680 64 411
75 697 62 405
87 781 61 385
96 905 81 348
83 687 64 410
90 828 57 407
77 720 67 394
97 842 74 357
108 893 55 416
84 751 55 426
94 823 56 411
81 734 56 421
82 725 61 390
79 694 60 399
85 708 63 395
86 798 71 373
77 721 62 401
75 697 62 405
90 807 69 365
79 731 57 412
100 926 65 369
117 1080 64 371
105 898 58 397
89 834 72 369
106 945 78 352
100 963 95 335
115 1072 59 388
101 881 90 337
118 1054 80 349
89 778 63 386
97 882 65 372
103 972 93 335
78 727 63 398
110 1017 91 336
95 859 69 363
88 761 70 371
83 741 67 379
99 933 63 372
90 848 78 354
106 991 79 351
102 922 89 339
93 856 68 366
111 1026 84 344
109 1033 84 344
109 982 62 374
80 750 66 392
114 1087 76 354
110 1061 68 364
92 868 79 353
101 979 99 331
81 734 56 421
95 843 59 393
83 764 72 378
99 874 55 418
94 895 66 373
116 1088 75 355
107 967 82 347
107 996 96 333
99 915 90 341
117 1004 55 415
93 801 61 376
115 1049 71 361
103 970 94 334
102 972 96 334
98 866 73 361
85 756 75 375
108 1035 76 355
91 799 56 414
104 989 85 343
96 878 60 383
105 988 92 336
105 995 83 346
86 773 54 428
102 970 99 331
104 954 72 360
110 1014 60 382
115 1004 67 367
104 912 77 355
113 1052 82 346
104 939 80 350
101 950 89 345
113 970 58 394
100 948 70 362
95 844 60 384
100 939 97 332
105 994 88 339
99 874 55 418
95 854 76 359
105 975 87 341
100 921 77 353
107 1008 75 356
98 936 84 346
91 862 65 374
114 1005 60 377
80 750 66 392
92 827 70 364
101 966 86 342
116 1015 76 355
111 1026 84 344
105 961 86 342
100 939 97 332
110 962 62 375
112 1060 73 358
106 958 88 343
116 1068 70 361
84 758 73 369
112 1060 73 358
104 957 94 336
102 959 100 330
112 1060 73 358
84 755 60 387
101 939 83 347
92 865 77 359
100 956 58 396
107 957 87 343
110 1005 66 368
117 1072 75 355
108 1006 67 367
107 1008 75 356
142 1248 70 364
114 1116 99 337
112 1053 65 394
111 1066 62 380
102 941 74 371
130 1206 76 360
127 1135 90 338
121 1104 86 348
118 1047 97 341
107 1013 78 363
106 949 70 368
117 1051 87 341
104 976 71 375
130 1204 72 361
111 977 68 366
126 1099 81 352
128 1167 75 365
119 1134 81 353
114 1074 77 356
127 1131 66 375
129 1167 70 365
113 993 81 356
112 1006 67 378
118 1058 77 354
113 1089 86 350
111 1000 86 360
116 1049 78 360
119 1052 67 373
120 1105 81 350
112 986 77 362
139 1273 77 360
135 1244 90 341
124 1154 65 384
123 1160 92 345
115 1076 66 397
104 952 76 385
108 1038 70 378
128 1145 88 349
131 1239 74 362
125 1179 86 352
137 1246 68 369
110 1023 78 382
134 1205 83 350
139 1230 90 343
119 1110 84 356
117 1073 80 362
122 1087 77 362
118 1132 76 366
130 1180 78 355
112 986 77 383
127 1207 78 361
118 1100 81 357
112 1000 72 368
124 1133 67 373
111 1009 70 370
113 1043 82 362
114 1049 81 361
120 1126 79 354
120 1087 70 368
119 1129 69 367
114 1048 71 367
127 1135 83 353
112 996 70 373
138 1237 77 361
118 1109 87 351
122 1108 79 356
111 1028 79 368
124 1101 80 356
141 1281 77 361
138 1290 94 348
119 1117 100 361
119 1081 66 399
113 998 77 383
109 1048 70 384
129 1208 88 353
111 1072 89 373
127 1141 67 386
119 1108 69 397
127 1215 72 367
115 1018 77 382
128 1164 77 364
112 1033 70 371
120 1102 85 357
116 1052 73 369
113 1046 74 368
114 1022 76 382
122 1103 81 359
116 1091 82 366
121 1140 87 354
121 1146 86 354
123 1143 77 365
120 1133 69 372
118 1064 82 366
125 1136 86 354
120 1118 84 363
119 1122 83 359
116 1064 71 368
113 998 77 383
118 1087 79 367
119 1078 80 364
120 1137 79 360
126 1137 76 367
113 1020 78 373
143 1310 78 364
137 1282 88 353
127 1178 69 379
126 1188 69 389
122 1139 91 364
115 1003 77 383
113 1047 75 378
132 1244 87 354
120 1118 72 368
134 1204 77 366
124 1142 83 361
126 1135 81 359
126 1165 86 356
124 1170 90 355
115 1066 70 388
114 1084 73 383
130 1189 79 361
123 1092 71 370
116 1046 70 372
128 1164 76 367
123 1154 81 362
114 1020 77 389
114 1064 74 381
128 1157 79 365
131 1176 91 354
117 1035 77 382
123 1076 72 371
116 1083 75 368
117 1086 72 371
115 1043 71 372
116 1061 75 371
144 1372 78 365
134 1270 87 354
133 1265 69 380
133 1172 92 360
115 1016 77 389
114 1092 75 388
127 1189 88 356
121 1133 72 369
132 1193 76 367
123 1186 84 364
132 1255 70 381
120 1119 76 371
117 1090 74 376
120 1048 79 381
132 1261 81 360
128 1178 85 364
117 1114 72 377
125 1182 87 363
118 1087 77 368
116 1066 78 384
129 1182 81 362
117 1063 77 387
120 1051 79 377
125 1190 87 362
118 1052 81 385
117 1078 81 380
120 1073 77 380
118 1055 77 383
144 1324 92 359
126 1206 72 382
124 1093 76 378
117 1115 77 396
133 1262 78 367
140 1306 76 368
122 1094 77 383
127 1189 87 364
132 1278 84 360
132 1210 82 366
132 1225 82 363
118 1101 76 376
122 1149 75 381
128 1218 84 364
125 1116 74 378
127 1162 74 372
123 1127 74 381
126 1169 76 369
127 1188 74 370
128 1204 74 369
118 1099 77 368
134 1279 88 360
134 1255 73 383
123 1161 74 390
119 1105 77 385
118 1135 83 380
132 1244 84 364
130 1214 82 368
120 1115 81 378
131 1150 79 376
127 1188 74 373
128 1162 76 385
121 1172 79 376
124 1198 78 371
129 1207 74 369
130 1174 85 371
124 1179 81 370
119 1137 77 380
119 1107 85 374
128 1166 75 373
128 1200 75 372
128 1175 78 370
154 1488 73 386
132 1258 84 364
123 1144 87 378
122 1111 84 400
120 1124 77 388
142 1330 76 370
144 1282 78 371
131 1212 74 393
126 1176 83 376
120 1120 80 386
132 1228 81 369
129 1224 77 374
129 1187 81 371
133 1254 84 364
131 1231 76 376
133 1254 84 364
132 1190 77 386
146 1256 78 390
144 1313 79 378
137 1294 84 364
136 1197 82 372
133 1215 76 396
132 1217 94 372
130 1198 78 394
131 1222 85 375
136 1268 82 371
136 1275 77 394
146 1323 80 378
139 1296 84 367
136 1258 94 372
135 1271 78 395
134 1227 89 377
146 1329 84 372
145 1312 89 390
140 1296 98 381
141 1317 86 376
149 1337 100 385
