6578 27.9906
127 1130 71 457
124 1127 71 450
136 1248 77 465
118 1035 80 432
129 1164 69 440
122 1130 69 452
124 1123 70 458
140 1296 100 485
156 1382 70 525
119 1076 69 450
100 925 66 432
126 1150 79 446
110 998 77 462
123 1119 80 459
130 1165 70 435
136 1186 85 475
179 1657 86 522
109 984 66 432
114 1044 70 445
163 1474 102 524
108 979 70 441
153 1379 76 510
118 1079 73 440
124 1148 69 478
114 1043 72 445
130 1179 72 472
125 1147 66 431
115 999 75 434
125 1123 69 449
110 996 68 431
126 1144 73 456
131 1223 71 490
123 1109 71 436
136 1241 77 453
116 1081 69 457
122 1091 62 445
130 1157 76 450
122 1054 70 457
114 1031 63 451
113 1021 71 443
130 1187 69 459
122 1128 74 456
125 1095 71 444
136 1220 66 437
125 1090 73 434
144 1335 77 484
152 1337 79 468
129 1172 71 433
118 1051 69 452
135 1188 77 468
118 1086 78 462
119 1060 70 443
155 1359 72 493
145 1251 64 447
117 1094 63 453
130 1192 70 451
146 1391 82 474
114 1034 66 443
104 935 64 436
136 1222 69 459
120 1096 71 440
151 1277 92 531
125 1135 75 449
141 1243 71 480
135 1216 80 454
108 982 67 433
110 964 64 438
119 1094 64 440
135 1205 84 500
136 1247 81 457
151 1318 78 472
122 1106 78 435
112 1028 63 440
134 1256 71 450
161 1497 87 538
148 1324 79 527
106 975 69 430
112 1025 76 448
147 1338 76 476
123 1107 69 461
109 1003 63 443
118 1064 72 466
130 1209 74 461
139 1268 66 451
149 1375 92 475
132 1250 76 464
169 1543 92 517
143 1259 73 451
114 1033 67 441
125 1108 78 447
164 1473 78 529
140 1242 70 463
121 1067 69 450
110 1002 70 463
116 1012 69 443
120 1038 68 450
139 1314 70 462
164 1468 70 466
129 1136 70 456
121 1082 69 430
