0 0.295998
242 2176 104 681
234 2208 137 652
217 1949 93 694
203 1792 138 642
190 1600 149 699
182 1656 113 748
172 1558 130 701
179 1608 122 676
193 1851 99 709
208 1936 96 727
188 1732 104 735
187 1635 111 663
201 1832 107 699
182 1656 115 684
216 1946 96 718
184 1679 111 707
181 1578 115 718
184 1641 112 693
232 2113 145 650
206 1941 99 724
187 1732 115 780
182 1639 149 714
181 1587 142 741
216 1990 107 706
210 1883 106 723
189 1666 116 665
204 1807 111 675
184 1664 129 698
206 1782 110 746
184 1614 125 707
195 1805 111 699
191 1773 112 688
190 1716 113 714
183 1648 145 711
187 1774 114 685
258 2270 106 744
233 2205 156 654
194 1728 156 794
189 1822 132 675
240 2145 121 675
215 1946 108 753
219 1977 145 667
194 1729 150 783
222 2097 114 684
211 2005 111 714
228 2114 110 743
193 1783 135 686
207 1915 125 672
227 1982 111 729
198 1746 147 688
198 1740 116 715
203 1842 111 733
208 1841 131 690
209 1883 113 731
205 1903 133 672
197 1832 119 694
210 1892 122 681
191 1809 115 702
195 1797 123 708
203 1778 131 694
201 1803 150 685
192 1806 145 695
206 1963 123 689
193 1806 121 702
195 1732 121 709
201 1838 112 744
256 2297 110 749
214 1902 165 682
198 1749 151 774
196 1754 179 712
194 1811 128 731
231 2167 124 687
247 2279 114 699
208 1862 166 692
245 2103 115 699
205 1902 115 766
254 2295 111 747
214 1858 163 684
230 2161 112 732
223 2097 115 719
218 1987 117 722
224 2037 121 699
211 1908 139 690
209 1928 147 686
197 1843 134 697
195 1823 141 715
225 2033 125 698
200 1827 118 717
197 1839 120 707
215 2014 113 724
197 1764 122 711
205 1861 117 737
213 1939 113 736
209 1936 131 682
204 1906 117 729
198 1755 119 725
225 1961 115 711
215 1975 113 732
245 2245 118 707
232 1994 113 735
228 2026 140 687
227 2107 116 769
214 1907 168 711
197 1804 123 712
196 1849 131 740
236 2149 130 699
204 1920 141 707
212 1959 151 693
211 1957 117 762
230 2080 116 740
201 1857 122 726
229 2188 123 708
207 1881 120 714
226 2071 161 688
213 1998 161 691
212 1946 157 699
220 2013 124 710
218 1872 118 731
219 2044 119 723
224 2090 140 692
214 1975 117 735
227 2127 114 730
211 1950 127 707
206 1938 118 737
220 1948 131 698
207 1975 126 711
213 2045 126 707
219 1936 126 711
219 2099 118 730
247 2207 131 704
236 2096 154 687
233 2015 113 759
203 1817 129 716
198 1817 146 744
237 2174 144 697
239 2198 122 715
217 2054 134 711
231 2025 118 733
211 1899 124 725
204 1844 128 721
219 1936 119 741
221 2049 149 699
202 1872 127 754
202 1822 139 713
232 2018 117 758
216 1997 140 711
223 2046 120 727
219 1985 120 736
225 2044 143 700
227 1972 124 724
212 1945 143 707
211 1967 122 748
200 1889 132 748
212 1860 126 747
226 1980 132 708
217 1995 126 721
213 1895 126 722
201 1893 125 726
221 2003 120 735
218 1956 126 713
256 2426 206 691
255 2263 118 757
219 2041 124 768
207 1818 155 743
202 1886 127 758
247 2267 160 708
250 2169 151 703
213 1841 176 717
240 2217 123 715
224 2025 141 711
232 2147 127 718
222 2048 120 735
213 1897 125 756
207 1881 164 724
204 1871 140 727
220 1948 120 765
231 2033 133 717
208 1865 136 731
210 1931 128 722
206 1836 130 735
217 2001 125 725
215 1982 126 732
211 1957 126 766
222 1906 152 719
220 1973 135 714
222 1996 132 719
207 1916 137 733
207 1918 134 716
209 1903 135 726
220 2032 126 723
211 1884 152 725
281 2417 122 760
268 2428 119 773
248 2283 165 709
209 1900 193 727
208 1836 135 748
203 1925 135 777
255 2359 121 772
219 1990 176 716
234 2042 164 712
240 2164 130 726
244 2250 130 722
210 1885 151 728
213 1911 142 733
208 1878 135 741
225 2073 122 766
207 1918 143 754
207 1945 134 717
245 2199 149 713
228 2109 137 714
222 1982 127 753
235 2190 123 744
215 1926 128 759
214 1932 125 772
242 2217 123 729
228 2108 123 748
230 2086 125 753
223 2039 126 763
219 1914 131 745
204 1881 140 764
223 2001 127 730
218 1902 140 729
245 2010 136 716
226 2097 126 728
250 2152 126 728
246 2197 123 747
245 2198 151 717
244 2270 126 763
222 1949 134 768
217 1989 191 733
213 1894 146 762
209 1948 137 747
236 2075 161 719
248 2261 127 743
240 2070 134 718
224 1913 158 743
227 2050 129 754
235 2151 130 731
235 2169 136 725
230 2090 137 727
211 1956 141 734
229 2010 133 739
210 1940 145 751
222 1943 154 740
227 2050 133 743
220 1951 147 738
234 2082 143 729
231 2027 137 730
225 1957 152 721
215 1939 139 763
219 1974 157 724
230 2043 130 754
231 1972 148 724
236 1959 144 727
225 1937 157 729
224 1987 147 732
219 1956 153 731
261 2470 124 750
250 2239 126 784
240 2127 150 720
216 2003 191 763
211 1954 145 764
254 2377 128 744
240 2246 132 751
239 2056 173 724
247 2029 143 764
224 2152 135 776
234 2073 167 729
244 2047 146 737
228 2199 138 744
220 1975 142 775
217 2000 158 749
232 2061 161 731
218 2014 144 742
224 1987 148 733
237 2153 137 754
229 2133 137 757
250 2245 125 748
245 2099 140 734
230 2116 148 728
220 2061 143 734
254 2244 133 743
239 2071 160 723
237 2214 148 725
236 1971 146 743
237 2204 129 756
238 2218 145 730
238 2082 141 743
229 2007 146 755
266 2251 134 769
251 2344 131 748
244 2209 156 720
217 1958 162 801
251 2304 132 780
231 2161 140 768
255 2242 145 731
223 2080 157 736
259 2126 150 730
228 1995 161 756
223 2023 153 750
225 2059 150 758
229 2121 148 747
234 2133 150 738
237 2004 148 751
242 2122 142 761
228 2200 142 771
230 2163 142 776
242 2223 141 751
229 2029 144 751
235 2126 143 737
268 2384 147 732
263 2375 160 720
241 2178 143 738
235 2227 152 788
227 2115 200 736
224 2040 153 763
247 2305 168 720
256 2119 148 779
231 2091 158 744
241 2175 152 764
236 2086 158 740
239 2222 154 743
238 2183 158 738
284 2428 160 722
249 2296 144 755
244 2226 186 740
236 2071 174 792
224 2072 164 786
262 2227 145 759
224 2079 167 768
233 2167 155 781
228 2172 153 764
247 2248 164 738
242 2204 164 747
243 2252 149 752
256 2227 147 741
235 2151 166 755
235 2078 159 771
229 2072 173 783
287 2627 157 744
260 2295 184 742
245 2260 160 779
244 2207 187 771
238 2159 177 772
237 2284 169 774
246 2338 174 759
251 2387 163 775
248 2233 166 747
250 2276 167 745
246 2211 165 777
250 2295 164 744
291 2706 174 753
261 2369 181 745
258 2316 201 750
258 2288 169 760
244 2205 179 799
246 2263 174 779
248 2279 183 756
279 2436 182 751
273 2441 204 748
272 2507 186 751
266 2443 175 781
258 2369 206 796
280 2625 187 796
203 1843 93 682
201 1886 123 634
180 1594 105 728
180 1548 109 685
179 1645 127 705
179 1595 100 709
187 1638 106 694
186 1656 99 646
183 1644 115 680
184 1724 108 683
184 1644 101 708
213 1786 105 716
207 1965 117 656
200 1787 100 699
200 1764 103 733
183 1655 121 689
179 1694 152 713
186 1697 128 668
182 1715 149 722
202 1862 118 687
204 1832 107 670
195 1775 113 709
190 1788 111 712
197 1745 116 711
205 1805 120 695
200 1786 105 717
258 2308 102 717
237 2101 140 669
197 1761 121 780
192 1737 150 697
185 1671 125 736
184 1698 131 729
189 1728 141 720
193 1811 114 755
241 2189 116 695
233 2195 104 741
229 2159 115 696
197 1744 137 687
225 1907 109 708
233 2096 108 700
193 1795 136 675
213 1883 133 695
224 2062 108 716
207 1890 117 673
215 1917 105 746
203 1857 106 733
219 2015 105 724
201 1840 135 691
210 1914 112 726
216 1998 111 711
222 1968 114 699
217 1948 109 723
199 1742 123 697
203 1831 121 723
201 1755 118 728
205 1783 118 714
221 1924 109 723
201 1875 118 717
200 1803 115 739
215 1986 108 725
195 1837 113 724
205 1890 107 728
197 1806 122 710
195 1738 122 712
246 2210 107 739
244 2198 104 757
240 2255 110 714
228 2065 135 676
214 1869 154 683
201 1855 126 766
190 1713 136 740
188 1743 133 752
231 2086 114 735
196 1810 150 701
204 1747 138 690
209 1957 115 728
230 1987 111 760
221 1983 131 681
229 2039 108 745
209 1865 124 719
191 1734 129 738
212 1911 120 690
214 1900 123 694
223 2024 107 749
213 2019 117 698
210 1958 121 686
198 1762 138 711
217 1908 128 690
205 1837 129 707
201 1887 121 718
206 1890 119 718
225 1983 116 704
200 1772 127 712
196 1872 126 736
221 2010 109 739
200 1801 137 704
190 1788 132 739
209 1902 129 706
250 2217 107 745
235 2025 146 684
225 2031 113 768
214 1926 184 700
205 1777 136 718
196 1848 166 722
213 1945 169 711
221 1987 123 691
242 2167 117 717
196 1798 163 757
246 2207 109 742
229 2139 111 749
231 2049 115 757
210 1914 121 733
217 1892 155 691
207 1871 149 715
217 1947 138 717
223 2003 119 762
242 2189 110 744
200 1812 130 753
201 1859 129 728
207 1897 123 740
227 2119 119 752
197 1827 136 743
234 2088 120 708
224 2105 132 687
214 1964 126 724
224 2087 124 690
215 1867 127 736
228 2093 113 746
234 2048 116 731
214 2002 133 710
226 1960 122 719
213 2009 127 729
213 2018 147 689
216 1950 135 722
201 1818 131 728
217 2041 120 714
215 1956 120 730
216 1952 125 691
261 2460 130 698
260 2356 115 752
243 2321 118 786
218 1958 162 697
209 1881 167 735
209 1829 155 741
201 1861 139 749
251 2335 115 784
243 2174 134 700
220 1928 126 772
227 2136 121 745
207 1968 136 738
230 2096 120 719
209 1839 146 756
236 2012 124 714
222 2070 138 703
212 1872 152 722
215 2015 150 714
243 2053 121 732
232 2054 128 707
212 1859 140 726
202 1855 131 739
217 2036 120 769
224 2004 125 730
228 2067 133 709
224 2009 120 766
220 1968 148 712
202 1840 138 765
211 1933 129 751
213 1960 124 761
214 1967 132 724
217 1993 140 710
213 1968 123 733
231 1991 138 697
209 1935 129 736
219 2006 128 725
213 1968 122 760
215 1938 140 724
219 1929 122 737
219 2007 134 711
228 2015 147 697
201 1859 138 766
253 2291 137 702
243 2310 126 715
238 2201 120 745
218 2052 170 723
217 1882 137 767
209 1849 155 753
202 1857 138 744
206 1929 136 765
224 2043 148 711
214 1906 158 741
210 1901 131 745
223 1987 130 754
226 2007 166 702
235 2152 130 713
219 1950 143 740
244 2107 130 722
219 1988 154 725
225 2070 138 703
239 2116 121 741
221 1936 140 726
230 2076 134 720
228 2125 136 719
243 2144 130 721
233 2104 122 727
232 2076 122 739
226 2036 128 730
229 2088 126 736
229 1998 138 730
216 2040 147 736
215 1971 131 741
225 2049 137 735
218 2010 137 739
214 1920 136 743
227 2027 139 730
216 1937 139 741
266 2296 145 707
248 2278 120 765
228 2078 149 703
226 2019 191 710
218 2020 131 790
205 1875 151 761
204 1954 161 746
211 1926 175 747
212 1917 142 787
226 2108 180 725
209 1934 148 769
233 2181 129 752
225 1958 162 729
245 2201 134 714
226 2118 156 719
216 1959 133 755
236 2209 133 734
240 2153 123 746
207 1929 152 760
229 2131 135 742
238 2157 123 744
222 1911 147 762
227 2090 141 737
221 1989 149 736
234 2061 155 730
226 2051 143 731
232 2068 134 738
220 2040 131 747
223 1942 138 745
236 2203 147 703
239 2165 134 734
218 1986 136 742
235 2021 143 734
227 1984 136 742
232 2108 142 736
219 1947 138 747
235 2069 132 745
211 1944 148 747
306 2744 125 755
303 2764 125 757
235 2244 151 704
223 2046 187 740
219 1956 140 747
218 1989 164 810
214 2000 153 755
257 2334 128 762
226 2048 134 781
228 1996 176 737
218 2026 136 771
245 2161 156 706
240 2173 154 726
222 2061 132 750
247 2166 146 737
244 2202 151 715
236 2085 159 738
230 2045 163 734
240 2222 154 713
225 2045 145 745
234 2169 156 719
232 2107 141 743
232 2024 139 751
228 2087 142 744
216 2029 148 755
242 2166 129 744
234 2065 150 742
226 2001 162 742
235 2101 155 741
236 2165 137 747
238 2209 147 737
231 2008 154 742
238 2211 140 736
241 2168 137 736
219 1998 155 744
233 2013 151 744
236 2211 154 740
264 2471 140 744
244 2115 132 751
240 2204 182 720
233 2107 184 742
224 2059 141 766
222 1967 154 749
214 2005 161 756
243 2282 153 729
250 2211 171 722
246 2270 155 736
236 2128 164 737
221 1982 147 762
239 2216 156 723
226 2088 174 745
232 2190 160 746
235 2080 134 752
238 2152 144 744
230 1971 150 763
226 2080 146 759
223 2067 149 754
235 2147 158 745
228 2090 133 751
229 2068 146 748
230 2069 145 756
231 2149 161 743
265 2338 154 733
264 2313 132 770
251 2279 199 720
224 2023 147 790
223 1978 168 787
221 2087 149 774
252 2237 195 733
258 2311 176 734
224 2086 163 754
230 2123 162 760
229 2094 139 780
237 2257 198 742
250 2182 196 748
255 2283 157 736
233 2192 159 750
246 2280 142 751
234 2121 135 765
247 2313 172 741
252 2301 135 752
234 2107 141 774
247 2259 147 746
270 2377 206 732
264 2396 138 774
260 2464 139 793
230 2113 176 754
250 2260 156 748
253 2323 154 765
240 2146 172 758
243 2228 140 776
247 2267 147 769
239 2201 148 767
243 2172 140 789
259 2272 157 766
254 2367 164 748
250 2147 185 758
248 2244 150 773
232 2165 209 834
244 2203 154 783
235 2180 195 764
251 2303 167 752
240 2256 167 768
242 2288 153 768
254 2327 174 762
253 2390 171 752
240 2272 187 768
280 2476 183 769
273 2483 186 773
258 2398 197 780
248 2282 195 783
184 1613 88 644
181 1676 128 741
178 1678 100 668
177 1532 132 698
175 1597 143 684
244 2322 94 732
209 1902 117 666
185 1695 123 760
182 1619 133 730
186 1671 109 713
194 1685 97 680
198 1797 120 667
188 1633 122 707
183 1732 129 679
242 2168 123 674
210 1965 127 668
202 1864 100 697
201 1778 162 681
187 1690 111 734
225 2023 126 675
191 1776 148 715
192 1797 139 724
208 1915 106 689
219 1878 133 671
212 1968 109 682
193 1835 157 701
218 1861 131 676
204 1711 129 690
195 1798 104 707
197 1756 103 711
194 1779 119 699
195 1755 117 703
200 1830 162 697
211 1886 127 680
203 1873 118 685
199 1851 138 694
193 1745 138 714
210 1842 128 693
205 1854 109 694
200 1763 124 701
202 1767 103 705
201 1774 103 696
243 2137 127 688
235 2154 102 708
210 1994 139 672
200 1807 116 756
195 1821 148 714
192 1719 131 743
189 1729 133 736
214 1992 147 678
226 2073 105 703
215 1894 112 701
228 2137 138 683
190 1744 120 735
234 2054 132 686
212 1957 134 694
220 1950 123 691
222 1931 102 724
192 1726 129 745
197 1806 139 723
201 1842 116 726
203 1855 114 700
227 2015 121 696
210 1800 109 706
199 1849 103 719
201 1771 132 714
194 1818 138 724
207 1794 121 710
199 1821 117 709
204 1804 109 722
220 1797 133 708
205 1811 128 702
204 1791 128 724
203 1814 121 698
202 1797 131 723
207 1820 116 708
243 2167 143 682
233 2203 108 704
217 1906 104 743
211 1780 134 760
203 1927 165 713
196 1738 137 757
192 1813 121 752
233 2162 147 690
227 2010 142 702
219 2051 113 710
216 1933 161 700
238 2086 157 699
200 1783 129 735
196 1775 151 738
210 1799 141 729
229 2129 142 696
237 2106 128 697
194 1752 137 755
212 1882 111 726
205 1910 125 707
229 2118 112 722
234 2076 136 700
203 1840 137 719
208 1896 135 706
205 1871 120 716
207 1877 153 704
206 1864 135 714
206 1833 114 742
234 2011 115 702
201 1821 117 721
201 1916 115 736
213 1917 119 710
215 1876 143 701
213 1923 114 709
211 1923 117 704
210 1871 135 713
250 2157 189 702
247 2192 114 711
233 2180 146 697
219 2009 111 739
206 1789 129 735
198 1835 141 759
209 1929 162 704
243 2088 131 703
234 2163 143 697
201 1869 149 729
224 2072 114 716
202 1813 134 747
231 2025 117 706
206 1858 117 757
229 2139 119 704
207 1874 116 751
229 2086 113 720
227 1983 116 723
218 1955 126 725
202 1818 146 743
204 1831 119 735
219 1931 137 714
215 1996 112 730
209 1941 121 734
212 1910 130 716
215 1977 125 705
207 1947 134 710
202 1830 139 744
221 1990 121 706
222 2016 111 729
233 1968 142 707
213 1887 129 727
222 1985 117 707
211 1949 129 731
214 1963 128 711
212 1896 119 729
214 1914 116 731
213 1877 135 727
212 1872 136 726
206 1946 119 733
255 2286 146 698
226 1931 185 708
225 2065 111 738
211 1789 136 758
206 1882 128 774
203 1894 160 751
243 2187 122 712
206 1847 163 770
237 2232 121 713
210 1854 148 766
230 2077 117 733
218 1969 144 732
228 2109 117 715
219 2033 137 720
216 1850 147 746
222 2093 120 716
212 1920 118 759
215 1948 146 726
215 1872 121 758
204 1902 128 741
221 2004 127 718
226 2041 157 705
215 2013 134 724
213 1960 154 721
216 1989 153 715
226 2055 130 705
227 2067 124 736
222 1991 134 708
205 1887 145 735
204 1861 133 738
220 2023 157 713
228 1976 133 713
216 1913 128 733
214 1884 126 735
214 1881 124 759
228 2025 132 715
222 2047 156 705
215 1917 118 737
214 1960 162 716
211 1955 163 713
214 1956 118 758
285 2478 153 704
234 2084 116 738
230 2029 173 709
216 1883 157 758
213 1944 125 768
204 1889 143 750
250 2265 143 708
241 2224 131 712
247 2195 118 718
238 2153 132 711
224 2008 141 714
211 1953 130 743
224 2064 137 717
236 2089 158 708
219 1974 155 729
221 1961 127 764
214 1975 164 723
231 2186 124 723
212 1969 170 732
215 1990 126 755
230 2122 131 719
226 1966 123 753
237 2092 146 707
224 1956 166 732
223 1978 151 726
214 1978 145 735
207 1923 152 742
224 1905 138 742
233 2097 135 709
232 2071 129 736
234 1978 119 763
223 2022 131 721
205 1884 149 768
219 1978 120 741
227 2095 149 709
228 1932 120 754
225 2028 128 740
227 2082 119 750
212 1934 154 738
205 1942 151 739
207 1887 134 743
212 1973 133 738
214 1970 133 738
281 2596 137 721
261 2305 116 739
238 2139 172 711
219 1983 175 741
213 1898 166 763
207 1906 166 768
217 1937 149 758
235 2117 141 712
214 1989 163 737
221 1997 153 753
259 2281 119 729
248 2291 132 724
225 2062 136 725
231 1967 143 749
242 2225 125 740
253 2201 121 751
226 2041 138 721
223 2054 129 748
237 2245 125 736
211 1962 131 756
234 2116 130 745
228 2025 138 739
259 2212 116 740
233 2173 131 733
233 1968 133 754
222 2037 165 733
220 1990 123 760
237 2217 123 744
226 2006 122 752
212 1900 137 762
238 2050 120 752
222 1983 165 743
221 2032 137 751
226 1983 133 745
264 2322 119 737
244 2199 185 711
220 2036 190 739
211 1907 175 788
258 2281 144 721
236 2161 172 715
213 1983 156 756
217 1953 151 779
242 2234 129 745
222 2124 126 771
247 2181 126 755
230 1945 179 759
225 1955 164 764
240 2021 138 755
228 2097 146 725
231 2096 145 734
220 1973 133 758
226 2090 164 723
231 2056 148 746
238 2214 137 735
223 2070 176 750
229 2111 152 722
238 2077 143 722
226 2037 184 750
236 2186 144 739
226 2045 127 765
230 2027 135 753
230 2135 127 754
281 2517 119 758
249 2208 156 726
244 2306 129 793
244 2101 188 733
222 2005 181 771
253 2337 141 742
235 2066 166 752
241 2239 146 738
233 2062 179 763
246 2231 138 750
233 2145 135 761
227 2080 149 766
231 2107 148 733
233 2165 130 757
233 2024 133 769
230 2070 140 754
228 2027 137 767
229 2087 131 768
224 2068 141 767
266 2363 156 729
259 2341 166 726
258 2250 209 731
239 2112 133 770
232 2166 171 776
229 2074 183 775
233 2189 186 734
248 2182 145 758
231 2136 176 740
233 2180 166 749
238 2156 149 736
245 2181 135 764
242 2136 156 759
232 2171 160 764
244 2141 158 738
239 2090 147 764
276 2490 158 753
273 2519 189 741
256 2346 139 769
246 2145 179 770
243 2151 175 785
240 2250 159 750
265 2366 149 767
242 2206 161 777
265 2311 156 757
253 2344 150 755
244 2236 171 747
262 2146 181 744
256 2294 186 742
244 2194 179 748
281 2543 164 755
270 2414 151 760
266 2365 166 791
246 2240 178 750
245 2256 195 748
257 2425 151 774
253 2328 171 775
255 2314 168 753
302 2648 179 765
261 2455 156 780
252 2313 186 789
249 2258 192 760
258 2459 171 769
261 2405 171 768
297 2505 196 775
272 2403 195 785
266 2448 195 785
218 1925 99 748
217 1972 93 681
203 1921 143 659
169 1615 109 714
189 1735 119 667
201 1806 102 718
195 1760 108 691
185 1687 110 677
197 1846 112 669
175 1639 104 710
214 1874 101 694
187 1672 104 696
209 1943 99 717
189 1737 114 667
177 1647 110 692
242 2065 109 681
226 2136 133 677
220 1913 104 718
217 1932 181 670
198 1820 111 762
186 1654 129 714
186 1649 116 723
232 2092 150 673
214 1996 159 678
203 1725 111 733
207 1877 120 687
213 1987 112 689
200 1710 115 718
203 1736 142 680
196 1752 125 702
223 2084 105 698
220 2080 105 709
204 1722 137 707
192 1782 118 708
190 1776 123 721
206 1760 122 693
190 1790 127 718
196 1843 114 707
201 1908 138 680
197 1809 134 682
201 1818 109 695
197 1733 121 702
198 1805 113 689
197 1774 118 694
244 2061 105 777
232 2106 106 725
226 1968 146 681
222 2073 105 752
211 1904 164 684
197 1662 120 753
190 1763 125 780
189 1709 128 776
217 2020 113 692
195 1732 122 761
220 1988 121 689
236 2098 119 691
194 1798 157 739
231 2077 110 705
197 1757 156 719
199 1789 140 695
213 1933 135 684
191 1720 163 727
192 1847 128 749
202 1789 115 753
214 1861 118 696
222 1961 111 715
205 1828 110 730
194 1816 137 709
197 1747 127 740
208 1908 123 695
205 1874 110 717
209 1858 133 711
200 1732 124 721
204 1887 119 717
209 1899 133 706
198 1750 129 721
210 1871 117 692
204 1903 131 695
199 1792 126 723
196 1796 128 729
198 1763 135 715
198 1869 137 691
198 1794 118 718
240 2147 113 702
236 2159 108 764
232 2136 130 689
204 1784 126 721
198 1867 155 738
196 1819 147 751
221 2044 112 729
202 1797 140 752
226 1969 113 741
217 1859 119 721
212 1919 132 713
210 1984 131 704
231 2098 114 702
225 2086 113 707
215 1895 117 697
207 1881 141 714
200 1824 142 712
236 2054 114 704
199 1839 127 736
211 1945 117 700
211 1924 130 708
209 1899 142 702
214 1847 116 735
214 1938 125 701
201 1811 130 725
213 1834 123 725
214 1930 121 733
206 1834 120 741
213 1925 122 730
201 1817 126 741
213 1836 115 738
254 2379 120 697
229 2060 112 751
222 1998 117 787
212 1952 179 709
206 1787 126 755
202 1888 157 715
244 2251 116 704
251 2310 113 745
232 2168 116 718
212 1812 169 752
203 1859 126 767
236 2016 120 727
204 1838 136 761
203 1883 171 718
207 1825 152 726
214 1922 147 716
208 1971 126 741
235 1944 121 735
215 1988 154 699
210 1856 133 722
202 1865 143 733
233 1973 117 766
227 2003 139 698
235 2036 118 744
211 1958 132 713
224 1969 126 701
205 1906 130 732
217 1935 129 721
213 1945 119 730
211 1995 123 763
218 1965 125 709
221 1923 131 702
220 1992 122 700
205 1869 138 749
205 1858 140 753
216 1880 122 746
209 1828 129 723
228 1926 127 727
218 2014 130 699
216 2042 121 698
209 1953 128 733
214 1951 124 716
213 1928 124 749
207 1929 140 723
260 2397 133 704
251 2325 114 778
233 2028 120 803
225 2080 155 698
222 1815 147 758
210 1859 162 722
202 1903 160 747
246 2278 118 733
235 2123 140 705
255 2381 126 706
260 2331 118 713
239 2106 121 715
215 1909 148 727
209 1956 151 770
212 1836 129 733
206 1884 152 736
221 1927 135 721
231 1965 123 752
227 2054 143 702
222 2043 147 699
220 1928 153 717
225 2077 119 766
220 2021 123 711
204 1892 162 719
234 2076 134 707
227 2044 122 725
218 2001 121 754
224 1905 132 724
219 1950 125 733
211 1899 134 731
220 1963 124 742
222 1992 126 725
223 2002 124 718
210 1890 130 739
226 2055 119 737
217 1970 141 719
214 1903 151 724
227 2094 141 707
222 1978 142 705
225 1982 122 739
219 1897 133 732
210 1982 147 723
213 1999 151 720
226 1998 126 724
276 2475 114 804
275 2591 122 730
231 2103 154 703
221 1912 177 732
208 1958 194 767
256 2256 126 734
255 2313 124 725
213 1942 136 768
214 2015 173 720
213 1933 155 734
246 2044 134 722
240 2141 145 706
250 2169 121 738
217 1971 150 719
226 1989 154 716
239 2111 141 707
220 2048 131 747
228 2067 127 711
230 2126 119 754
226 1913 146 741
228 2009 126 760
239 2170 121 738
230 2028 138 729
210 1923 143 758
215 1918 129 752
235 2020 124 752
223 2018 127 757
221 2062 126 750
220 2047 133 730
228 2063 150 714
212 1915 144 735
223 1963 134 738
213 1914 138 754
235 2106 124 740
214 1921 135 740
213 1921 142 735
259 2322 146 707
256 2362 155 717
235 2179 119 763
233 2018 174 735
222 2109 143 797
216 1915 155 741
212 1986 150 779
245 2213 162 713
254 2265 148 718
231 2134 124 757
224 2048 136 765
218 2051 157 720
238 2156 168 715
213 1934 146 737
215 1974 145 741
227 2001 139 744
249 2191 156 719
238 2174 131 722
222 1917 146 747
229 2078 145 724
230 2046 169 729
224 2090 148 731
246 2167 128 722
235 2192 134 728
236 2113 125 742
220 2005 150 736
235 2124 131 734
233 2133 127 734
235 2127 139 729
276 2503 169 710
274 2534 130 723
265 2496 119 765
253 2223 192 713
234 2018 147 787
221 1962 185 756
219 2060 146 746
249 2313 124 762
254 2464 125 746
221 2019 152 737
244 2254 135 741
241 2083 177 723
238 2076 162 733
231 2184 151 741
233 2070 145 768
234 2154 144 780
234 2164 139 747
253 2217 163 719
236 2180 120 780
237 2209 137 729
235 2096 165 725
236 2020 149 745
240 2133 145 740
232 1993 148 747
235 2146 142 767
252 2198 140 745
232 2112 151 726
232 2203 140 745
273 2491 174 719
261 2461 123 839
228 2075 189 747
222 2033 158 762
221 2075 150 775
238 2228 126 787
263 2328 154 727
249 2214 138 730
234 2131 155 740
237 2171 186 730
248 2284 148 738
222 2080 158 740
249 2196 144 757
245 2243 150 733
237 2174 176 730
240 2221 140 762
227 2057 157 769
226 2062 150 766
247 2225 148 746
230 2076 151 763
237 2151 155 737
248 2158 153 750
232 2078 147 766
239 2181 146 768
244 2173 145 749
241 2225 150 735
227 2079 150 754
229 2059 156 737
244 2242 153 730
237 2205 146 769
267 2384 147 740
266 2421 145 738
251 2290 138 749
249 2229 183 737
246 2201 151 777
236 2074 157 760
223 2106 162 751
234 2144 158 768
230 2115 173 748
240 2249 157 745
244 2092 167 746
226 2141 159 749
245 2186 155 755
247 2280 145 754
238 2124 152 775
249 2215 140 775
250 2221 152 756
238 2091 156 747
288 2553 172 746
251 2306 146 762
251 2103 168 777
246 2209 161 784
242 2248 193 765
240 2215 152 778
259 2356 174 750
253 2392 165 760
244 2113 176 749
249 2163 166 778
248 2286 152 764
289 2609 176 762
255 2305 180 750
252 2141 178 766
248 2315 183 750
247 2277 153 783
281 2455 170 764
256 2274 155 779
257 2367 171 766
257 2331 179 751
274 2572 192 797
223 2024 118 659
203 1804 99 735
181 1569 121 688
176 1595 145 693
181 1672 101 662
180 1712 123 694
200 1755 114 660
180 1660 129 687
181 1623 108 681
224 2090 159 668
207 1920 101 735
185 1704 121 738
182 1634 131 701
205 1735 149 689
200 1752 108 722
211 1776 105 694
193 1757 118 675
197 1832 106 685
195 1688 110 709
190 1681 119 733
199 1875 103 670
188 1708 124 691
194 1806 110 705
187 1636 120 735
183 1713 114 691
198 1778 122 671
190 1796 106 738
206 1813 110 696
194 1702 114 694
220 2043 105 718
204 1921 119 670
203 1878 103 719
196 1823 164 697
193 1824 122 745
182 1668 150 735
186 1710 144 724
216 1884 115 713
199 1776 137 700
203 1839 142 674
205 1886 107 683
190 1760 128 702
210 1849 115 718
199 1901 113 687
207 1842 109 721
204 1799 129 693
195 1805 116 725
193 1744 125 720
205 1863 112 714
200 1767 124 705
191 1806 123 718
200 1796 116 697
195 1713 123 719
197 1849 109 720
199 1829 125 692
200 1841 124 696
251 2143 105 722
224 2005 126 670
208 1820 117 775
187 1754 174 735
199 1755 157 773
213 1946 129 680
218 1845 168 690
211 1839 151 701
199 1841 138 705
200 1862 118 757
195 1854 120 728
221 1860 114 750
206 1812 121 746
210 1996 107 690
200 1774 124 747
217 1888 107 685
213 1916 117 683
193 1758 131 740
206 1908 111 702
208 1890 134 698
204 1875 114 721
200 1887 119 720
192 1769 130 707
197 1766 127 739
205 1766 136 715
212 1877 122 712
209 1902 135 692
209 1900 118 709
199 1838 125 708
199 1764 135 722
212 1998 129 684
251 2347 105 744
219 1979 112 753
213 1970 127 683
208 1953 168 707
197 1793 137 718
234 2145 117 686
234 2182 113 705
237 1958 109 714
223 1927 118 701
220 1853 148 716
220 2012 113 712
201 1797 155 716
200 1836 132 739
215 1940 118 699
218 1883 154 703
213 1960 123 725
209 1979 114 747
216 2000 122 686
201 1864 125 732
205 1921 124 722
203 1859 129 713
211 1968 115 710
204 1796 134 738
216 1909 122 722
221 1976 107 714
209 1898 115 736
222 1931 110 710
209 1897 134 708
202 1880 126 717
219 1931 118 715
200 1875 124 733
216 1970 114 733
262 2217 149 688
251 2277 114 705
222 1998 107 722
207 1813 157 767
203 1833 168 731
199 1820 144 737
222 2072 109 719
237 1969 141 713
227 2055 111 717
240 2066 145 691
219 1994 116 750
208 1879 142 762
205 1882 134 727
209 1909 142 708
217 2022 162 691
216 1937 120 745
214 2028 157 696
221 2035 123 700
206 1874 154 731
212 1869 157 720
219 1948 130 716
222 2007 132 704
215 1881 139 719
213 1949 123 741
224 1950 126 722
220 1972 118 728
224 1975 117 724
220 2010 125 717
212 1877 130 733
217 1831 147 722
219 2017 146 698
224 1930 123 728
211 2020 126 723
219 1978 117 736
207 1872 144 735
215 1998 123 724
271 2357 152 699
259 2413 118 709
224 2071 109 731
220 2141 168 692
201 1831 166 740
200 1843 158 774
246 2276 139 700
243 2183 111 722
249 2171 147 702
264 2319 123 716
206 1882 143 732
238 2182 113 722
212 1981 164 714
218 2048 128 762
235 2043 118 749
206 1850 148 757
215 1929 155 729
225 2005 124 769
231 2023 158 706
205 1893 137 730
224 2029 127 736
216 2028 121 773
222 1959 136 728
220 1900 145 725
213 1868 156 749
221 1950 148 712
221 1967 131 747
226 2037 125 704
223 2036 130 716
231 1987 130 755
230 2024 124 754
221 2111 130 722
226 2064 123 749
217 1977 164 725
215 1975 131 745
222 2127 122 754
229 2056 123 754
219 2003 130 747
215 1975 167 726
225 2033 136 726
240 2122 119 745
238 2203 114 728
233 2126 112 760
230 2053 130 706
223 2060 125 793
213 1869 174 741
206 1889 167 765
209 2000 149 757
219 2086 121 783
211 1949 159 730
229 2188 131 720
233 2139 125 743
214 1961 151 747
215 1899 144 742
222 2029 136 754
218 1927 146 740
229 2038 164 717
217 1938 154 738
237 2125 117 776
226 2105 119 748
236 2127 126 709
235 2082 128 716
231 2197 115 740
224 2053 134 765
228 2120 130 726
222 2065 128 769
221 2067 142 740
225 2106 120 778
217 1948 139 745
233 2050 140 716
221 2105 154 732
230 2108 127 727
226 2076 140 708
229 2122 136 724
224 2083 154 735
225 2061 128 739
285 2487 131 712
237 2153 115 766
233 2096 176 710
227 1955 140 773
215 1989 168 731
252 2310 130 718
228 2086 151 724
238 2235 120 741
217 1999 145 742
230 2053 162 727
231 2047 137 765
224 2056 136 755
250 2104 128 752
232 2105 121 749
244 2241 135 721
233 2159 120 757
218 1985 140 753
244 2092 171 710
215 1971 167 741
250 2174 132 746
228 2195 137 728
235 1990 143 747
245 2124 134 723
230 2086 141 714
242 2203 120 754
246 2161 133 722
236 2146 137 727
232 2173 135 730
248 2205 135 712
244 2207 121 731
270 2479 144 719
267 2492 127 731
245 2243 118 769
241 2200 149 714
231 2081 181 728
228 2093 145 819
228 1990 170 733
216 2016 174 758
231 2139 136 775
257 2390 134 726
224 2022 159 763
252 2338 120 750
218 2029 148 744
239 2292 153 715
260 2485 123 739
226 2124 175 741
250 2205 135 754
237 2195 146 724
246 2279 126 734
229 2126 163 739
236 2050 147 747
236 2075 165 743
254 2337 122 745
242 2306 124 754
255 2270 123 743
245 2226 131 736
237 2108 152 731
257 2232 129 755
237 2220 146 716
242 2027 160 760
233 2090 153 719
232 2116 122 761
234 2077 136 756
243 2280 135 755
236 2066 145 746
245 2136 136 740
297 2699 130 736
243 2202 155 714
240 2236 129 785
234 1995 180 737
225 2027 161 782
276 2473 137 729
231 2060 178 743
244 2290 140 766
263 2264 136 742
249 2169 143 759
258 2380 143 738
237 2071 146 769
238 2151 142 778
236 2116 159 750
257 2336 148 731
260 2270 134 738
241 2203 154 724
230 2055 160 745
257 2196 150 731
229 2080 153 753
262 2378 146 733
250 2238 150 752
240 2203 130 779
236 2124 151 755
233 2155 140 780
243 2113 153 727
234 2130 161 725
240 2251 154 732
271 2278 173 714
265 2289 139 764
261 2361 142 744
258 2330 189 717
239 2093 163 781
239 2063 165 781
231 2119 174 770
253 2228 156 732
246 2174 172 739
241 2273 157 738
235 2098 160 762
257 2297 151 741
234 2231 162 727
232 2074 178 767
232 2077 172 747
246 2144 152 762
255 2147 174 730
238 2116 175 745
271 2430 143 771
269 2449 147 781
268 2443 145 791
264 2364 162 731
233 2119 179 757
258 2375 161 735
248 2180 152 786
263 2308 158 754
266 2262 171 749
235 2184 176 753
242 2255 170 751
236 2130 164 774
242 2145 169 770
236 2165 169 769
236 2179 162 786
274 2591 160 759
269 2395 174 758
256 2131 180 763
251 2295 165 799
244 2253 201 764
263 2408 164 789
264 2374 204 778
