1165 9.71112
113 984 100 330
113 984 100 330
105 989 73 359
89 755 60 397
77 708 61 431
76 693 63 424
75 708 70 420
108 954 87 341
77 708 61 431
78 703 60 415
104 947 72 361
101 901 93 337
76 693 63 424
97 898 75 359
94 844 62 378
85 786 60 394
98 846 82 351
96 878 80 352
86 753 65 394
106 941 100 331
105 905 91 339
95 859 85 345
103 918 96 335
106 957 90 337
94 849 83 350
96 840 63 377
92 828 78 360
84 755 67 383
80 721 61 409
81 730 61 406
108 972 99 331
93 819 84 356
99 917 82 347
83 765 65 389
82 750 65 396
87 808 67 380
98 874 82 348
86 794 68 380
87 802 66 381
94 825 83 353
81 734 65 401
101 885 91 340
100 895 92 338
90 789 66 375
84 764 65 386
85 779 74 369
86 787 73 367
110 975 97 332
95 870 68 369
99 889 78 352
95 861 74 360
94 834 79 355
102 911 88 341
109 986 91 336
91 812 66 372
89 809 62 379
81 768 65 395
102 881 86 344
101 908 86 343
97 891 68 368
94 832 71 366
87 807 68 375
100 857 78 355
79 709 60 412
94 825 83 353
92 827 72 365
88 776 61 384
88 752 66 387
85 781 62 388
83 742 63 403
91 812 66 372
91 805 79 359
95 868 84 346
95 863 77 354
94 865 69 366
93 837 71 364
91 818 69 371
111 969 97 332
86 797 68 376
85 774 62 391
106 941 100 331
100 896 91 340
97 848 84 349
93 817 60 382
90 845 63 378
79 722 61 410
75 708 70 420
102 893 89 341
106 957 90 337
106 946 98 332
105 938 97 333
102 937 89 339
102 904 87 343
100 890 88 342
98 886 81 351
94 845 64 373
92 831 72 362
92 827 75 363
91 828 85 347
91 819 70 370
88 802 76 365
85 781 62 388
79 722 61 410
76 701 63 418
111 971 86 342
104 932 87 342
99 881 92 341
102 906 98 336
82 751 62 399
98 904 80 350
98 884 92 341
78 715 61 411
76 696 63 419
106 982 75 357
111 969 97 332
80 732 64 407
78 706 61 414
106 956 96 333
104 929 99 332
102 906 98 336
96 872 76 359
95 863 77 354
78 731 70 409
102 927 89 340
93 819 84 356
85 771 64 387
80 747 61 407
80 721 61 409
78 715 61 411
80 742 63 404
113 984 100 330
112 985 100 330
112 985 100 330
109 986 91 336
105 945 88 340
103 918 96 335
105 947 93 335
105 945 88 340
104 936 95 335
96 866 82 350
95 865 81 353
89 795 64 375
93 817 60 382
90 789 66 375
86 801 78 364
76 701 63 418
91 795 66 374
85 774 62 391
110 975 94 334
91 812 66 372
113 984 100 330
110 975 97 332
110 975 94 334
110 975 94 334
104 936 95 335
103 918 96 335
95 841 81 354
86 763 60 385
85 782 61 389
83 759 63 398
81 739 60 408
79 735 63 405
81 751 65 400
78 714 61 412
104 929 98 333
94 829 67 371
93 839 70 368
92 836 78 358
88 776 61 384
83 756 71 380
81 768 65 395
81 739 64 402
78 706 61 414
78 703 60 415
76 696 63 419
78 706 61 414
78 714 61 412
76 696 63 419
106 982 75 357
104 932 87 342
103 940 90 338
100 897 90 341
100 895 92 338
97 848 84 349
96 872 76 359
96 866 82 350
95 868 84 346
95 859 83 348
92 831 72 362
83 758 61 402
81 744 60 403
105 934 94 335
96 878 80 352
105 938 96 334
101 885 91 340
99 906 75 358
98 884 92 341
96 840 63 377
89 809 62 379
88 788 61 383
86 763 60 385
83 759 63 398
82 751 62 399
81 730 61 406
79 735 63 405
79 709 60 412
110 975 97 332
101 886 90 341
81 744 60 403
113 984 100 330
111 969 97 332
104 944 95 334
103 918 96 335
102 881 86 344
95 859 85 345
92 831 73 361
92 827 75 363
91 819 70 370
91 812 66 372
91 812 65 373
80 732 64 407
79 722 63 408
105 943 100 331
104 936 95 335
102 927 89 340
102 911 88 341
99 909 88 342
108 972 99 331
106 956 96 333
106 946 98 332
105 943 100 331
104 944 95 334
104 944 95 334
104 939 92 336
104 939 92 336
102 937 89 339
100 896 91 340
100 890 88 342
99 909 88 342
93 837 71 364
88 788 61 383
85 782 61 389
83 758 61 402
80 732 64 407
78 715 61 411
113 984 100 330
113 984 100 330
113 984 100 330
113 984 100 330
113 984 100 330
113 984 100 330
113 984 100 330
113 984 100 330
113 984 100 330
113 984 100 330
112 985 100 330
111 969 97 332
110 975 97 332
110 975 97 332
110 975 97 332
110 975 97 332
110 975 97 332
110 975 94 334
110 975 94 334
109 986 91 336
109 986 91 336
109 986 91 336
106 956 96 333
106 956 96 333
105 947 93 335
105 938 97 333
104 936 95 335
104 936 95 335
103 918 96 335
102 906 98 336
102 906 98 336
102 906 98 336
100 895 92 338
100 895 92 338
92 831 73 361
92 831 73 361
92 831 72 362
92 827 72 365
91 812 66 372
91 812 65 373
90 789 66 375
80 732 64 407
80 732 64 407
78 703 60 415
78 703 60 415
78 703 60 415
78 703 60 415
76 696 63 419
76 696 63 419
76 693 63 424
144 1313 88 350
112 994 100 330
87 750 61 439
85 762 60 412
80 728 63 424
94 851 72 362
133 1209 89 345
102 925 61 383
114 1044 90 343
81 742 64 407
127 1151 89 351
122 1106 89 352
121 1108 91 336
81 738 68 422
104 902 65 375
90 789 66 378
92 838 72 365
108 936 96 335
95 838 67 371
109 978 93 335
92 812 66 375
112 982 97 332
111 981 94 334
103 918 96 338
109 986 91 339
95 838 67 371
95 838 67 371
129 1137 86 362
127 1154 100 330
87 756 63 426
81 746 68 434
91 811 70 417
97 881 81 371
94 842 66 375
121 1084 100 331
110 996 91 339
110 983 94 342
83 778 65 424
109 989 95 335
121 1096 90 351
112 995 97 332
127 1105 90 346
89 813 63 424
99 858 67 371
123 1105 94 334
128 1137 100 330
112 985 99 334
99 858 67 371
98 866 67 371
126 1098 91 339
123 1120 90 351
119 1057 97 332
115 1022 99 333
90 795 63 430
94 847 70 418
95 842 66 378
105 908 63 429
101 878 67 371
110 989 95 337
112 999 93 356
91 861 68 425
112 1016 92 339
117 1018 98 335
153 1415 90 362
118 1036 98 336
114 1023 100 338
106 910 63 429
96 855 68 418
102 891 70 413
122 1092 89 374
126 1153 91 352
114 980 68 389
127 1122 96 337
110 999 97 343
124 1128 90 367
115 1032 92 339
118 1048 97 338
116 1028 97 339
114 1016 97 341
127 1101 91 339
127 1101 91 339
127 1101 91 339
127 1101 91 345
126 1123 99 337
120 1075 103 342
105 976 70 439
118 1067 73 408
122 1096 89 374
122 1080 92 346
126 1110 101 338
131 1185 94 347
128 1137 100 337
106 989 70 446
125 1135 89 375
123 1106 92 348
129 1149 91 354
128 1166 91 349
137 1230 109 338
135 1241 91 349
128 1120 110 353
125 1134 93 357
132 1151 98 352
130 1187 107 353
128 1153 108 346
130 1165 97 356
149 1326 91 358
131 1197 108 359
129 1129 110 353
128 1170 110 351
140 1262 97 359
135 1240 107 357
134 1217 108 355
142 1215 108 361
141 1228 109 361
136 1229 110 353
132 1179 110 355
143 1278 119 363
