44925 46.8714
88 799 64 379
76 690 60 395
84 763 54 409
76 682 63 396
88 799 64 379
88 799 64 379
88 799 64 379
103 963 56 395
78 715 55 401
84 782 55 399
88 799 64 379
91 817 56 396
80 723 62 392
80 723 62 392
82 744 60 387
89 814 54 406
80 723 62 392
90 795 59 390
83 752 58 393
88 831 57 393
78 715 55 401
76 682 63 396
83 752 58 393
82 744 60 387
94 832 58 392
84 763 54 409
84 782 55 399
79 725 61 391
80 723 62 392
80 729 60 391
76 706 55 404
91 817 56 396
80 729 60 391
86 786 61 383
83 752 58 393
90 795 59 390
83 754 64 383
80 729 60 391
83 752 58 393
84 766 63 386
89 817 60 386
84 763 54 409
86 786 61 383
85 772 55 399
76 706 55 404
76 693 57 395
91 826 60 385
90 795 59 390
83 770 59 391
76 706 55 404
85 772 55 399
79 724 60 392
79 724 60 392
85 772 55 399
86 786 61 383
90 795 59 390
91 817 56 396
88 831 57 393
85 772 55 399
84 782 55 399
86 792 57 394
82 744 60 387
76 706 55 404
103 963 56 395
103 963 56 395
88 799 64 379
86 792 57 394
82 744 60 387
76 706 55 404
91 826 60 385
103 963 56 395
86 786 61 383
91 826 60 385
86 792 57 394
89 814 54 406
90 795 59 390
86 792 57 394
83 754 64 383
89 814 54 406
86 786 61 383
85 772 55 399
79 724 60 392
86 792 57 394
90 795 59 390
103 963 56 395
79 724 60 392
86 786 61 383
83 752 58 393
85 772 55 399
85 772 55 399
76 706 55 404
90 795 59 390
86 786 61 383
88 831 57 393
83 770 59 391
91 826 60 385
88 831 57 393
80 729 60 391
86 786 61 383
84 766 63 386
82 744 60 387
88 831 57 393
85 772 55 399
83 752 58 393
90 795 59 390
86 792 57 394
76 682 63 396
76 706 55 404
82 744 60 387
90 795 59 390
78 715 55 401
84 763 54 409
86 786 61 383
103 963 56 395
80 729 60 391
85 772 55 399
76 706 55 404
83 754 64 383
88 831 57 393
88 831 57 393
80 723 62 392
91 826 60 385
85 772 55 399
80 729 60 391
83 752 58 393
83 754 64 383
82 744 60 387
88 831 57 393
