1 0.0288948
185 1707 132 663
188 1658 108 709
190 1721 129 648
198 1661 110 666
164 1453 121 702
190 1803 107 702
222 2002 98 702
217 1880 105 692
195 1689 113 656
182 1620 118 696
186 1661 113 724
194 1690 106 696
184 1674 111 678
181 1593 138 695
190 1754 97 717
227 2060 135 655
180 1644 126 704
235 2205 105 710
219 1992 140 662
199 1839 134 676
207 1784 146 668
200 1805 115 669
208 1888 109 712
231 1902 106 707
199 1800 118 694
191 1706 118 696
215 1903 112 691
192 1734 147 680
203 1759 114 686
194 1803 128 686
208 1859 112 693
216 1916 114 680
197 1837 111 694
187 1703 124 759
199 1818 114 689
194 1803 128 686
188 1696 130 690
185 1686 143 693
237 2183 103 741
224 2002 106 734
201 1862 107 733
207 1797 113 728
218 1993 106 739
186 1720 142 715
188 1705 126 726
188 1648 129 772
188 1743 126 723
183 1684 145 728
255 2381 105 718
228 2078 140 666
217 1829 133 669
203 1860 120 673
201 1868 130 683
224 2056 118 678
217 1829 133 669
212 1891 118 682
219 1994 109 725
219 1994 109 725
255 2310 110 714
195 1735 129 711
198 1766 124 720
192 1819 125 740
193 1770 126 707
192 1819 125 740
201 1794 129 703
198 1766 124 720
218 1934 112 692
205 1837 170 685
206 1796 119 713
244 2278 111 724
211 1879 112 701
198 1840 113 724
210 1888 113 721
205 1849 117 697
200 1822 121 707
206 1838 118 728
212 1885 118 690
200 1822 121 707
204 1860 115 696
202 1876 119 702
202 1892 115 723
202 1839 137 688
200 1843 138 701
198 1747 146 692
201 1781 133 702
199 1780 134 706
199 1761 143 705
194 1761 148 701
194 1782 150 695
203 1885 111 734
240 2209 107 744
206 1860 135 690
206 1860 135 690
210 1876 130 694
222 2013 146 685
230 1958 124 685
195 1735 129 712
193 1782 126 714
193 1782 126 714
238 2064 112 694
206 1803 119 741
230 1971 114 713
210 1884 113 734
210 1884 113 734
209 1858 116 740
200 1864 118 740
228 2166 114 723
211 1902 113 733
227 1974 113 726
219 1898 128 692
213 1973 122 690
208 1840 121 727
218 1988 117 711
204 1871 118 720
208 1870 116 713
220 2022 115 696
205 1879 115 750
215 1926 126 707
206 1827 146 692
205 1813 152 702
205 1888 113 740
209 1994 140 694
223 1955 169 691
209 1994 140 694
216 1934 139 705
195 1848 138 769
205 1845 132 735
199 1791 142 718
205 1845 132 735
203 1896 136 733
195 1848 138 769
206 1920 142 715
203 1796 129 767
197 1820 135 744
202 1789 157 719
242 2234 112 725
214 1822 127 741
206 1811 127 751
237 2145 114 722
225 2008 113 733
224 1926 128 694
213 1999 135 694
213 1989 131 700
222 2115 128 694
219 1985 135 691
212 1851 123 732
204 1888 136 733
205 1903 121 728
204 1883 118 757
208 1988 129 721
210 1935 116 718
215 1980 125 713
217 1886 128 717
209 1894 118 724
211 1977 121 717
234 2039 115 714
221 2026 126 711
215 1956 147 707
214 1890 152 697
211 1981 170 712
205 1792 152 787
218 1933 162 708
245 2224 136 691
244 2250 122 721
221 2038 141 691
239 2046 113 743
201 1890 135 748
224 1857 127 746
204 1883 118 758
224 1961 159 714
243 2126 121 723
222 2069 119 733
