244 17.4801
128 1159 67 368
105 946 91 340
91 831 54 406
77 667 68 436
76 669 68 436
76 669 68 436
121 1112 64 373
126 1070 61 378
77 680 62 423
123 1111 70 365
119 1075 77 356
79 708 60 415
78 677 68 428
104 958 85 346
117 1035 76 357
95 855 58 397
81 725 67 407
115 1045 72 362
88 802 65 378
105 935 81 353
98 883 83 349
97 832 55 404
87 788 64 379
110 946 61 381
92 843 57 399
85 764 60 389
84 756 63 384
91 807 76 362
86 766 73 370
104 901 74 361
92 808 69 373
102 907 58 395
79 688 60 424
94 863 57 396
112 994 79 353
101 917 78 355
99 925 86 348
117 1075 67 369
114 1096 67 369
109 983 80 352
109 948 82 351
93 861 66 372
93 825 75 363
120 1107 74 359
95 858 62 382
117 1056 62 377
94 890 64 376
79 688 60 424
96 890 88 348
78 677 60 429
101 955 77 359
84 757 62 385
99 930 86 345
96 834 76 361
90 796 75 368
103 871 72 363
83 751 61 386
77 680 60 431
110 1001 88 342
108 944 91 343
97 887 59 392
97 843 55 403
92 815 56 410
122 1046 68 367
100 904 72 363
115 1010 66 371
98 918 73 361
80 736 62 408
78 708 62 411
79 708 60 415
109 979 78 354
103 952 81 354
101 935 87 344
83 744 61 391
77 686 62 413
106 957 89 342
116 1022 81 351
87 770 71 374
82 739 69 400
81 732 60 409
101 923 74 360
100 926 63 377
99 921 89 346
82 726 62 402
111 982 80 352
103 919 67 370
89 793 71 372
77 702 65 409
113 984 68 368
100 899 75 360
99 877 67 371
89 797 66 375
80 746 62 405
114 1096 67 369
111 1027 62 378
87 780 60 387
108 957 82 350
89 788 70 374
88 778 70 375
106 974 84 347
99 889 70 366
96 826 59 396
97 882 79 357
91 845 65 373
112 994 79 353
98 827 68 369
91 849 74 364
90 819 63 380
102 887 69 368
101 935 87 344
98 877 56 397
77 668 68 435
111 959 82 349
106 957 89 342
85 764 60 389
83 735 62 399
106 980 82 351
78 704 61 412
77 671 68 433
79 719 60 410
122 1046 68 367
107 960 90 341
96 826 56 401
86 774 60 388
95 865 72 365
111 1012 90 340
109 950 54 402
107 973 84 348
110 972 75 358
83 750 60 390
108 1016 75 359
105 994 61 379
97 887 79 355
107 975 55 400
120 1074 71 363
106 985 88 343
106 1009 68 368
97 841 58 400
120 1074 71 363
116 1070 65 372
103 968 89 343
102 887 69 368
111 1012 90 340
105 946 91 340
104 948 58 393
77 671 68 433
95 812 55 405
76 669 68 436
100 918 58 394
91 849 74 364
90 819 63 380
100 926 63 377
77 680 60 431
107 960 90 341
98 893 90 345
84 756 63 384
102 887 69 368
111 1012 90 340
98 915 71 365
87 775 70 382
86 774 60 388
106 985 88 343
105 965 77 357
103 968 89 343
94 890 64 376
93 861 66 372
82 734 62 401
103 913 55 401
115 1010 66 371
110 1024 69 366
109 950 54 402
95 865 72 365
83 744 61 391
104 998 90 342
106 974 84 347
97 895 70 366
79 719 60 410
117 1075 67 369
105 965 77 357
99 877 67 371
110 1024 69 366
105 946 91 340
99 889 70 366
106 957 89 342
98 827 68 369
131 1219 65 372
111 1014 90 340
111 964 54 402
107 972 91 343
105 974 62 403
104 875 69 379
95 893 68 374
128 1090 61 378
108 1004 57 397
98 909 75 363
108 984 62 389
124 1151 71 364
118 1078 84 348
108 945 55 401
110 997 63 383
106 959 86 345
131 1168 71 363
115 1044 88 343
103 930 73 362
114 1019 73 361
113 1035 67 370
101 938 72 364
110 1027 84 349
121 1106 82 350
109 982 66 372
130 1110 62 377
102 882 68 369
106 979 87 344
124 1121 70 365
122 1062 68 367
110 968 64 377
121 1166 67 369
107 990 65 376
112 984 82 352
120 1116 78 354
112 995 80 354
105 990 81 360
119 1042 69 367
110 1014 75 358
116 1058 72 362
120 1072 76 357
123 1057 70 366
106 974 78 356
119 1109 81 352
111 1005 76 358
108 1005 79 355
123 1053 68 367
124 1121 70 365
116 1058 72 362
131 1168 71 363
111 1005 76 358
131 1168 71 363
131 1168 71 363
124 1121 70 365
137 1212 74 361
113 1032 90 340
111 969 54 402
109 964 56 404
108 976 91 343
103 897 69 369
121 1102 65 393
130 1110 61 378
106 954 68 372
132 1212 72 362
114 1051 86 353
110 992 67 374
117 1106 76 359
110 958 55 401
118 1069 78 362
126 1159 82 350
126 1189 71 366
118 1092 88 346
129 1171 68 370
107 1023 74 363
123 1144 81 353
118 1090 85 348
113 994 73 366
131 1158 69 367
122 1132 88 343
116 1030 80 354
108 1013 79 355
125 1186 69 367
116 1047 85 349
112 1012 79 355
112 1026 88 349
117 1096 72 368
130 1177 69 368
122 1140 71 368
122 1138 68 371
138 1302 68 370
119 1093 90 342
116 1018 54 402
111 1042 60 412
111 1006 91 343
108 959 68 373
107 976 70 371
132 1240 80 354
138 1288 88 345
112 977 55 401
131 1116 61 378
117 1073 67 387
127 1168 84 352
121 1136 72 368
122 1106 76 359
126 1188 69 369
117 1075 67 375
131 1191 70 368
116 1065 88 349
129 1188 81 356
118 1077 86 349
120 1052 70 370
117 1087 79 361
111 1045 82 360
107 962 79 381
116 1033 76 367
118 1084 73 366
109 1041 74 363
113 1035 79 369
107 999 69 375
109 1036 74 370
108 1027 84 357
118 1066 83 354
115 1038 74 367
112 1021 80 359
138 1297 83 352
114 988 79 370
114 1086 69 370
109 1039 80 364
118 1072 81 357
108 971 81 370
114 1066 73 367
143 1305 80 357
126 1159 90 347
112 980 61 408
110 1049 78 369
110 997 68 413
134 1259 81 356
129 1221 69 369
132 1164 63 378
131 1159 63 389
119 1106 73 366
125 1156 67 377
139 1200 61 378
118 1081 86 356
118 1084 83 354
123 1090 67 396
111 1058 74 363
113 1024 61 403
121 1123 67 381
118 1085 89 350
111 1003 68 373
139 1200 61 378
120 1097 67 384
115 1078 73 371
117 1094 79 361
122 1143 76 359
131 1208 89 349
126 1132 78 362
110 1049 80 364
123 1138 78 359
122 1096 70 371
125 1143 81 357
114 1033 79 370
112 1022 81 359
113 1031 70 372
112 994 73 380
114 1030 78 371
118 1082 73 370
141 1245 61 378
128 1197 93 349
113 1054 70 391
112 1009 71 382
111 1062 74 363
133 1224 86 354
126 1116 67 387
130 1168 80 361
120 1087 83 355
129 1199 77 360
112 1030 89 372
123 1091 73 371
114 1055 81 359
120 1135 71 375
127 1190 93 353
127 1153 93 354
112 1011 74 381
116 1057 72 376
112 1022 79 378
124 1109 68 374
118 1100 68 385
124 1032 68 376
120 1018 68 385
119 1094 72 373
126 1154 69 373
122 1120 69 376
114 1024 69 385
122 1099 71 371
123 1025 68 377
142 1340 65 396
142 1310 86 354
123 1027 75 385
121 1131 95 355
121 1115 70 403
112 1069 74 363
135 1227 68 375
122 1084 81 360
127 1175 73 371
136 1185 68 377
133 1222 91 355
118 1055 74 389
131 1149 72 375
116 1099 72 378
118 1069 82 359
126 1131 91 357
117 1063 74 365
126 1137 84 356
125 1079 73 381
125 1111 68 378
123 1121 70 376
127 1114 73 373
147 1370 68 378
130 1208 99 355
130 1040 76 385
127 1155 70 403
112 1069 80 370
136 1273 73 373
125 1156 70 385
130 1208 91 356
133 1229 88 358
139 1265 81 360
129 1167 71 381
116 1094 76 375
123 1096 90 363
134 1172 88 357
121 1132 82 359
139 1264 76 364
118 1086 77 364
128 1122 87 360
120 1070 84 365
120 1064 80 376
125 1134 74 366
128 1110 88 361
121 1108 75 369
125 1090 76 368
130 1167 78 363
120 1074 74 376
124 1121 75 365
119 1076 74 370
120 1065 75 379
141 1218 75 365
138 1281 88 358
127 1178 70 403
121 1088 74 376
119 1091 79 366
136 1256 72 385
133 1211 75 372
124 1132 86 361
139 1184 70 389
121 1138 82 359
139 1252 75 369
140 1270 77 364
122 1095 76 374
127 1139 77 366
126 1107 78 365
123 1102 78 368
121 1136 78 366
140 1303 76 372
136 1261 70 403
133 1247 82 359
129 1187 88 359
119 1100 79 383
132 1189 75 384
126 1157 83 364
134 1244 77 368
125 1106 87 366
129 1137 80 365
122 1103 82 377
123 1117 76 374
122 1109 81 374
141 1232 82 366
136 1239 89 360
133 1201 75 392
127 1160 93 365
125 1136 76 374
133 1194 80 369
134 1203 84 364
130 1136 91 371
132 1216 82 368
129 1202 91 361
142 1319 91 362
142 1218 94 368
127 1142 76 374
126 1146 76 374
133 1202 89 370
140 1273 93 362
134 1209 80 369
155 1377 94 362
131 1219 76 382
128 1151 82 381
126 1181 85 383
145 1267 81 370
133 1249 80 376
127 1201 82 376
140 1265 77 384
137 1175 83 411
133 1184 89 386
132 1203 82 378
153 1365 83 401
135 1255 84 381
135 1220 84 383
145 1284 84 392
152 1367 88 397
126 1086 68 367
125 1133 67 369
109 950 54 402
108 944 91 343
105 946 91 340
77 667 68 436
76 669 68 436
122 1073 79 353
120 1050 66 370
124 1088 71 363
77 680 62 423
118 1040 61 378
79 708 60 415
120 1107 74 359
117 1035 82 349
107 987 64 373
79 688 60 424
124 1120 76 356
95 812 55 405
84 756 63 384
108 1016 75 359
111 1034 72 362
98 883 83 349
89 788 70 374
82 739 69 400
90 796 75 368
100 918 58 394
77 702 65 409
95 858 62 382
91 849 74 364
99 930 86 345
121 1075 79 353
79 719 60 410
103 971 80 353
110 1024 69 366
87 770 71 374
78 677 60 429
107 953 64 374
98 893 90 345
115 1010 66 371
87 780 60 387
113 1040 90 340
105 920 68 369
101 917 78 355
92 843 57 399
78 704 61 412
102 907 58 395
98 877 56 397
106 974 84 347
78 677 68 428
125 1133 67 369
84 757 62 385
94 863 67 371
106 986 88 343
113 984 68 368
109 979 78 354
94 863 57 396
104 901 74 361
81 725 67 407
77 668 68 435
126 1086 68 367
77 680 60 431
94 800 66 376
92 815 56 410
83 750 60 390
114 1038 90 340
104 935 79 354
91 848 72 366
102 854 65 377
78 708 62 411
99 888 66 374
77 686 62 413
110 1029 82 350
109 983 80 352
101 938 87 344
81 732 60 409
104 963 65 372
109 950 54 402
97 841 58 400
79 688 60 424
97 839 58 403
96 823 54 406
85 764 60 389
96 867 60 380
83 735 62 399
96 834 76 361
110 1001 88 342
99 921 89 346
82 734 62 401
88 778 70 375
86 766 73 370
80 746 62 405
103 919 67 370
101 938 87 344
92 808 69 373
88 803 67 375
108 1000 72 365
111 967 82 350
106 957 89 342
104 958 85 346
104 958 73 361
102 956 63 376
99 916 77 356
97 887 59 392
91 807 76 362
109 967 55 401
86 774 60 388
103 959 85 347
102 963 81 352
97 887 59 392
95 882 81 355
90 819 63 380
89 793 71 372
80 736 62 408
83 744 61 391
105 946 91 340
100 869 55 403
82 726 62 402
85 764 60 389
110 1014 75 358
77 671 68 433
109 1004 70 365
106 974 84 347
105 929 81 352
76 669 68 436
98 882 54 403
98 877 56 397
87 788 64 379
103 905 74 360
99 916 77 356
92 843 57 399
110 1029 82 350
111 963 82 351
99 930 86 345
115 1010 66 371
97 887 59 392
91 807 76 362
101 923 74 360
92 826 70 371
91 831 54 406
95 876 60 383
106 968 55 401
103 930 73 362
96 867 60 380
101 953 69 367
77 671 68 433
109 1004 70 365
104 943 80 353
97 882 79 357
110 1001 88 342
106 957 89 342
83 751 61 386
79 708 60 415
77 680 60 431
109 950 54 402
103 930 73 362
106 959 90 341
103 905 74 360
96 867 60 380
86 774 60 388
98 893 90 345
110 956 58 393
97 890 66 372
88 802 65 378
102 914 64 376
97 874 76 359
110 970 62 377
109 969 71 364
102 914 64 376
97 890 66 372
111 1034 72 362
106 968 81 351
106 959 90 341
83 751 61 386
80 736 62 408
110 956 58 393
106 986 54 402
104 963 65 372
102 963 81 352
101 936 70 367
106 986 54 402
99 888 66 374
106 986 54 402
106 968 55 401
105 929 81 352
111 1034 72 362
110 1001 88 342
109 1004 70 365
106 957 89 342
105 929 81 352
129 1170 76 356
116 1060 57 403
109 980 91 340
101 912 66 381
100 932 68 397
103 931 63 395
122 1160 60 389
107 990 88 343
114 973 67 377
108 1021 86 347
104 978 82 353
115 1052 89 342
111 976 60 398
121 1130 85 347
109 992 81 352
124 1154 86 346
115 1088 84 351
110 1006 71 364
116 1082 80 354
113 1035 77 356
111 981 61 389
117 1047 67 372
118 1095 64 386
119 1056 61 381
120 1094 82 350
127 1116 71 363
122 1108 66 372
124 1135 75 358
125 1133 67 370
110 1006 70 371
123 1119 76 359
113 1054 74 361
118 1100 61 385
127 1118 73 362
126 1144 68 367
120 1118 65 379
124 1148 72 362
117 1093 69 366
118 1131 78 355
114 1070 68 376
118 1006 75 361
120 1138 85 347
113 1035 77 356
119 1069 79 354
108 978 76 366
107 990 88 343
123 1090 61 378
114 1064 69 375
110 982 73 376
126 1085 68 368
126 1106 79 353
122 1085 78 354
116 1067 68 374
110 973 61 398
126 1143 67 369
119 1062 67 371
118 1057 68 370
129 1134 71 363
128 1171 67 369
125 1120 61 378
110 1006 88 343
101 942 68 398
110 988 83 357
104 950 67 383
102 957 68 396
111 1014 62 395
117 1073 65 389
107 993 88 349
121 1051 63 389
120 1006 73 379
128 1148 71 363
124 1148 85 347
120 1090 67 373
114 1062 81 352
122 1089 66 383
126 1143 67 370
122 1126 69 366
122 1111 84 350
116 1052 83 353
125 1141 66 377
119 1047 77 358
123 1085 78 354
114 1041 71 364
117 1097 87 350
112 993 87 356
113 1020 76 366
120 1030 80 361
122 1110 78 355
119 1055 85 352
114 1006 81 363
119 1053 75 363
122 1093 79 354
117 1046 80 356
112 996 61 396
113 998 78 367
118 1059 76 363
114 1040 78 362
113 1030 81 357
120 1057 75 361
118 1096 67 377
120 1061 77 357
123 1146 77 356
110 998 76 368
138 1242 77 356
126 1145 61 400
117 1054 88 345
113 1020 91 347
111 1024 62 403
102 957 68 397
131 1189 76 362
107 998 88 349
108 991 67 388
123 1129 69 380
114 1076 86 353
112 1006 64 396
130 1207 81 352
128 1200 82 352
121 1098 64 389
114 1039 87 368
130 1166 66 388
126 1159 71 367
118 1019 83 360
118 1117 72 364
117 1026 83 357
124 1144 69 373
121 1104 74 372
116 1017 78 372
119 1114 68 383
130 1179 69 371
115 1046 79 364
120 1062 80 356
122 1086 62 398
130 1168 63 397
117 1078 74 377
111 1018 68 384
124 1086 71 370
122 1093 77 357
131 1164 61 378
128 1126 71 366
112 1000 75 387
118 1067 75 367
110 1023 77 373
127 1094 68 373
117 1054 76 365
112 1007 75 386
114 1043 74 380
112 1000 79 369
120 1103 79 360
127 1125 82 354
124 1120 76 363
118 1080 81 356
124 1127 82 355
119 1055 82 363
112 1045 88 347
121 1077 78 360
124 1102 68 378
139 1245 71 368
139 1201 61 378
118 1080 91 346
116 986 69 413
107 974 75 398
136 1224 67 378
115 1027 66 409
133 1181 77 357
128 1138 87 353
117 976 69 404
121 1076 64 397
114 1034 68 391
126 1160 70 374
111 1032 72 385
123 1114 90 350
114 1054 75 384
110 1001 73 390
128 1122 88 348
119 1096 66 396
132 1171 70 373
120 1090 84 356
122 1113 79 363
110 1002 68 396
129 1147 78 360
117 1097 83 366
115 1064 88 356
121 1099 80 356
118 1055 74 381
124 1152 77 358
119 1092 71 385
131 1157 73 369
123 1135 74 365
125 1159 68 388
124 1130 71 370
116 1086 83 368
130 1168 68 385
122 1078 78 367
120 1106 76 373
122 1067 80 356
129 1155 76 364
123 1124 67 389
124 1118 68 390
120 1103 69 388
118 1081 78 367
123 1121 76 366
123 1129 69 381
122 1107 76 368
123 1125 74 369
123 1129 69 381
141 1270 74 370
140 1302 73 369
139 1201 65 378
132 1208 96 354
119 1122 99 358
112 1020 68 408
111 1051 76 395
121 1083 86 375
123 1137 68 395
118 1094 68 406
113 1028 81 390
134 1147 74 379
138 1252 77 357
130 1222 77 368
120 1119 84 362
118 1086 84 373
138 1212 69 381
128 1174 70 376
123 1082 82 378
112 1050 76 393
129 1173 71 386
125 1117 69 390
133 1190 76 365
123 1124 80 371
126 1112 80 358
127 1190 71 378
121 1111 76 373
124 1098 83 358
130 1167 72 372
127 1196 69 382
133 1191 78 357
132 1160 68 394
131 1164 75 380
132 1162 72 385
126 1127 81 357
133 1197 73 371
124 1118 75 391
124 1123 75 386
130 1202 68 390
138 1247 73 371
137 1237 68 391
131 1204 83 357
126 1157 90 361
117 1074 76 406
123 1138 70 403
129 1169 68 397
130 1114 84 377
132 1212 79 373
124 1140 75 386
125 1119 72 401
130 1180 82 363
131 1155 87 360
126 1133 86 375
133 1202 80 369
125 1126 77 379
128 1176 70 379
135 1203 81 360
128 1143 80 370
131 1191 84 362
128 1199 83 361
124 1152 82 379
134 1207 82 357
134 1203 75 374
144 1304 73 376
138 1225 82 357
136 1219 68 398
132 1240 94 366
120 1111 83 410
130 1146 88 388
126 1161 84 380
140 1228 74 379
134 1194 73 390
138 1238 70 393
136 1256 75 380
131 1175 72 401
136 1253 84 359
133 1162 86 370
132 1215 79 375
130 1183 77 385
129 1175 80 384
136 1179 72 388
128 1151 83 377
130 1214 80 370
130 1214 71 384
137 1227 76 375
128 1154 86 375
147 1301 80 373
144 1295 71 397
137 1268 85 370
133 1223 93 386
124 1151 83 410
131 1175 76 408
140 1191 76 401
133 1245 77 393
136 1240 81 390
133 1197 84 388
140 1273 86 372
125 1156 83 410
147 1336 93 396
130 1210 83 410
146 1274 83 414
127 1093 68 367
126 1148 65 372
105 946 91 340
96 823 54 406
77 667 68 436
76 669 68 436
122 1100 70 365
120 1109 71 363
117 1056 62 377
77 680 62 423
107 990 58 393
79 708 60 415
84 756 63 384
78 677 68 428
114 992 55 401
97 883 56 397
79 719 60 410
99 909 55 402
108 1022 61 379
109 979 78 354
87 770 71 374
113 983 68 368
79 688 60 424
110 1029 82 350
97 901 73 362
91 831 54 406
106 974 84 347
105 942 65 373
102 907 58 395
99 921 89 346
102 894 66 374
83 751 61 386
96 900 81 354
120 1107 74 359
100 899 75 360
106 931 67 372
89 805 67 374
88 778 70 375
86 774 60 388
84 757 62 385
103 971 80 353
103 871 72 363
88 802 65 378
106 983 88 343
104 943 90 341
99 930 86 345
112 1020 81 351
77 668 68 435
94 863 57 396
85 764 60 389
81 725 67 407
80 736 62 408
104 971 77 356
96 834 76 361
78 677 60 429
113 1013 59 391
89 793 71 372
87 780 60 387
83 744 61 391
77 686 62 413
113 1040 90 340
106 951 75 359
77 702 65 409
81 732 60 409
99 871 69 372
110 1029 82 350
95 812 55 405
92 843 57 399
115 1010 66 371
104 958 85 346
98 883 83 349
98 883 83 349
77 680 60 431
107 995 60 382
104 958 85 346
96 880 59 392
92 843 57 399
87 808 63 381
109 998 63 376
105 975 57 394
97 859 80 358
114 1036 67 369
117 1035 82 349
111 963 82 351
100 934 61 382
90 819 63 380
90 796 75 368
82 726 62 402
80 746 62 405
116 1049 82 349
78 708 62 411
79 708 60 415
106 974 84 347
97 887 79 355
95 876 60 383
110 968 80 352
98 848 71 365
94 800 66 376
93 866 71 366
86 766 73 370
120 1107 74 359
106 957 89 342
105 965 77 357
95 882 81 355
118 1044 62 377
83 744 60 392
82 739 69 400
97 839 58 403
101 938 87 344
99 930 86 345
116 1023 79 353
111 1037 67 370
92 808 69 373
114 1019 73 361
107 974 69 366
105 946 91 340
108 965 81 352
91 828 66 375
78 677 60 429
101 938 87 344
101 917 78 355
107 953 64 374
85 764 60 389
79 688 60 424
77 686 62 413
77 671 68 433
96 877 64 376
105 975 57 394
101 917 78 355
95 855 58 397
107 953 64 374
119 1098 75 358
100 869 55 403
93 825 75 363
111 1006 72 362
110 999 76 357
110 998 88 342
98 877 56 397
118 1044 62 377
102 955 74 361
77 680 60 431
115 997 67 371
77 671 68 433
111 1006 72 362
110 999 76 357
97 891 74 363
91 849 74 364
119 1098 75 358
116 1023 63 375
104 901 74 361
76 669 68 436
99 876 70 371
101 938 87 344
101 939 67 372
97 859 80 358
90 819 63 380
115 1010 66 371
113 1013 59 391
113 1007 71 364
111 1016 61 378
111 1016 61 378
103 971 80 353
91 828 66 375
82 739 69 400
102 916 68 370
120 1109 71 363
95 812 55 405
109 998 63 376
106 957 89 342
98 882 54 403
118 1044 62 377
101 938 87 344
114 1019 73 361
106 931 67 372
106 1009 68 368
114 1019 73 361
107 974 69 366
106 1009 68 368
119 1098 75 358
118 1044 62 377
103 971 80 353
99 930 86 345
99 876 70 371
135 1215 60 386
105 947 91 340
99 914 54 403
99 876 69 376
129 1190 61 388
126 1158 78 355
100 921 55 402
123 1114 70 365
118 1061 58 395
112 1059 81 351
115 1008 58 400
105 958 85 350
114 1071 62 380
134 1205 75 358
117 1036 68 370
112 1022 64 379
104 977 86 345
109 1014 83 352
122 1142 71 363
118 1089 77 357
132 1209 65 372
103 926 72 372
101 938 87 351
120 1075 59 391
108 987 74 362
105 966 68 379
131 1214 80 352
114 1084 73 363
110 992 61 390
107 948 60 392
109 984 87 344
104 992 67 374
121 1108 71 366
121 1068 80 355
133 1191 73 362
122 1071 79 353
120 1079 75 359
116 1077 78 356
120 1091 67 369
108 944 91 343
104 933 73 366
114 1017 66 379
106 996 79 356
104 945 90 342
115 1026 71 368
107 956 70 371
118 1027 67 371
109 955 80 357
127 1096 68 367
106 973 78 357
109 990 72 368
127 1096 68 367
123 1072 78 356
127 1096 68 367
104 945 90 342
110 984 68 371
108 973 90 341
106 974 73 365
127 1096 68 367
108 973 90 341
127 1096 68 367
127 1096 68 367
143 1270 64 379
141 1323 76 361
106 950 91 340
100 914 68 413
99 921 54 403
138 1306 78 355
127 1155 65 379
134 1194 78 360
125 1109 58 400
103 951 72 374
111 1031 87 344
107 983 86 348
121 1139 62 381
113 1039 90 341
120 1048 81 358
125 1159 71 363
132 1146 68 367
117 1105 85 353
112 998 60 392
119 1125 66 380
110 976 63 393
132 1240 78 359
114 1016 55 402
106 931 76 372
112 1017 83 355
123 1080 62 387
108 973 79 361
119 1076 70 372
134 1229 65 372
114 1053 67 386
110 1013 77 364
118 1068 75 362
111 1003 74 368
117 1036 58 401
121 1093 67 369
115 1072 82 354
108 1015 86 345
110 992 68 374
115 995 72 371
113 1033 67 391
104 983 86 356
122 1109 63 386
134 1229 65 372
115 1065 71 369
115 1043 73 366
117 1058 76 363
123 1081 79 353
109 976 78 366
115 1071 79 356
125 1155 73 363
121 1107 82 353
111 1007 82 356
117 1039 79 360
117 1039 79 360
115 1068 65 381
119 1105 67 379
147 1348 63 381
107 959 91 340
100 921 54 403
100 921 54 403
120 1064 60 392
145 1286 62 384
139 1315 79 353
134 1236 65 372
129 1197 78 362
112 998 67 396
139 1229 71 363
119 1103 86 348
132 1246 81 355
128 1212 77 362
114 1070 87 345
111 981 72 385
109 996 86 352
127 1119 80 357
125 1161 73 364
108 976 73 376
118 1049 79 360
116 1010 71 383
119 1072 87 344
115 1028 63 395
113 1047 68 388
121 1097 70 370
118 1028 75 368
124 1115 67 377
132 1242 68 369
115 1043 69 374
124 1160 82 354
122 1155 66 380
139 1287 63 385
114 1083 84 356
114 995 81 365
120 1111 66 387
122 1150 67 370
122 1111 67 382
119 1080 68 380
117 1069 83 355
121 1110 77 365
117 1040 74 368
116 1034 74 373
114 1033 84 361
124 1128 68 373
117 1044 75 367
122 1123 67 375
119 1041 80 361
125 1159 71 366
113 1030 79 364
117 1082 73 366
115 1078 81 356
138 1246 75 365
136 1249 65 372
113 997 91 340
103 948 54 403
101 931 56 406
122 1134 60 392
109 1025 85 377
115 1044 63 397
111 998 91 340
131 1232 68 370
135 1190 70 372
123 1021 75 383
124 1175 66 380
121 1067 79 360
119 1082 68 384
124 1135 88 346
126 1128 69 382
129 1168 82 354
114 1038 84 361
128 1213 80 358
118 1113 90 348
116 1036 89 354
127 1183 87 344
127 1160 87 352
126 1163 71 366
117 1078 88 352
130 1203 86 352
118 1060 75 375
131 1184 67 375
119 1108 73 370
118 1094 82 357
120 1101 88 350
120 1068 74 368
123 1087 73 367
119 1106 81 362
130 1121 80 358
120 1052 80 363
115 1049 79 365
115 1046 70 377
121 1052 75 369
118 1082 74 367
139 1279 65 372
113 1019 91 341
107 952 60 407
130 1176 64 404
125 1131 88 352
133 1203 90 344
122 1097 82 363
121 1077 74 368
116 1043 84 367
131 1190 71 373
117 1059 79 381
136 1221 69 385
127 1093 67 397
132 1237 68 370
119 1124 72 378
128 1156 73 370
134 1222 65 394
121 1124 69 390
117 1090 88 365
125 1139 80 360
125 1133 80 361
130 1230 66 380
128 1140 79 366
119 1064 81 367
115 1094 81 367
116 1070 72 379
125 1135 68 386
143 1319 65 372
142 1332 66 378
116 1023 62 409
114 1036 91 347
113 1040 91 354
137 1254 89 357
131 1207 70 397
116 1053 84 373
142 1288 80 363
130 1193 77 368
122 1089 76 370
140 1220 72 385
125 1169 74 374
126 1131 83 365
134 1210 83 361
119 1106 81 373
133 1175 71 390
136 1220 69 386
123 1104 74 377
132 1242 68 370
127 1111 83 363
124 1177 81 367
122 1112 74 383
133 1246 67 384
154 1425 69 395
123 1035 67 412
120 1122 93 358
119 1118 65 413
139 1290 76 372
135 1238 74 388
132 1217 89 365
138 1283 67 407
128 1209 75 383
134 1266 71 375
133 1172 83 367
126 1197 79 372
127 1154 90 363
127 1096 77 375
127 1207 81 367
136 1228 83 361
123 1108 76 373
136 1283 71 374
145 1292 71 378
140 1303 74 384
140 1258 95 372
135 1288 81 368
134 1253 75 389
123 1125 80 382
127 1169 76 373
129 1144 87 379
132 1134 78 375
135 1270 75 387
123 1127 78 380
152 1339 75 391
144 1360 79 373
140 1324 81 368
130 1145 91 382
129 1174 77 385
132 1230 76 377
129 1214 78 378
131 1177 77 376
152 1340 75 391
134 1188 87 402
132 1221 82 376
130 1217 82 385
134 1198 82 381
132 1233 79 385
133 1224 79 379
132 1216 82 396
154 1354 75 391
137 1240 80 386
134 1246 82 380
134 1243 79 384
157 1359 75 397
138 1279 84 388
