623 33.6267
88 760 61 376
77 676 67 373
114 1073 58 389
77 687 71 364
94 855 90 339
98 914 66 367
79 677 60 386
89 794 72 361
84 803 68 365
89 770 62 375
79 672 65 375
100 927 55 394
88 815 86 345
79 675 68 370
78 703 64 376
77 669 60 389
80 695 72 362
104 919 79 352
82 714 61 377
115 1072 85 343
87 750 67 367
100 955 90 338
83 743 55 418
89 676 61 382
81 725 64 372
86 801 55 396
82 781 62 374
101 935 79 353
78 703 72 362
86 760 77 355
86 825 75 358
83 743 80 356
115 1093 72 359
78 677 63 383
79 700 67 369
91 800 54 401
91 838 82 351
111 994 96 333
107 992 73 358
115 1043 93 335
77 676 67 373
77 687 71 364
90 849 71 362
84 806 70 363
86 760 77 355
89 770 62 375
101 933 72 360
90 838 57 391
99 888 74 357
80 695 72 362
82 786 63 373
88 815 86 345
92 860 65 369
78 677 62 384
78 685 64 379
78 678 60 386
79 672 65 375
87 751 63 373
105 977 95 335
84 731 66 368
83 743 80 356
79 708 64 375
83 743 55 418
90 835 87 343
87 824 75 358
114 1073 59 388
97 872 78 354
90 686 60 383
83 761 55 401
78 681 69 367
112 1018 92 336
82 686 60 385
99 911 56 393
79 677 60 386
78 678 60 386
82 781 62 374
93 860 60 377
90 797 54 406
78 677 61 385
79 729 73 361
103 941 87 341
78 685 64 379
114 1025 94 335
90 686 60 383
77 687 71 364
77 684 67 370
101 933 72 360
81 725 64 372
84 731 66 368
83 722 60 378
83 743 55 418
94 855 90 339
90 798 85 348
85 795 57 396
79 677 60 386
88 834 69 364
88 815 86 345
83 688 63 379
107 992 73 358
84 806 70 363
83 740 79 357
87 751 63 373
105 951 75 355
87 824 75 358
97 876 64 370
112 1022 88 339
78 681 69 367
107 992 73 358
78 677 62 384
107 971 96 334
87 750 67 367
87 831 75 357
88 817 57 394
96 879 64 370
88 815 86 345
94 855 90 339
83 737 65 370
88 837 61 375
86 803 56 395
79 677 60 386
83 740 79 357
78 684 70 365
80 706 74 360
82 786 63 373
84 806 70 363
90 835 84 345
78 678 60 386
85 687 62 381
113 1035 94 334
96 896 70 362
78 681 69 367
115 1043 90 337
104 919 79 352
83 761 58 396
83 690 64 378
78 685 64 379
108 985 77 354
83 743 55 418
78 662 67 371
87 751 63 373
93 828 75 356
78 681 69 367
78 684 70 365
86 770 79 354
119 1051 97 332
78 685 64 379
115 1043 93 335
86 751 69 365
84 806 70 363
85 687 62 381
101 936 80 351
79 708 64 375
83 761 58 396
83 743 55 418
78 677 62 384
78 678 60 386
89 792 84 353
85 795 57 396
82 786 63 373
95 874 58 390
88 760 61 376
97 876 64 370
103 941 87 341
83 690 64 378
107 992 73 358
77 676 67 373
94 855 90 339
88 815 86 345
80 711 68 368
79 677 60 386
90 838 57 391
83 740 79 357
103 936 71 360
83 761 55 401
84 806 70 363
84 691 60 381
83 743 55 418
82 786 63 373
88 760 61 376
88 815 86 345
83 690 64 378
83 761 58 396
80 695 72 362
83 743 80 356
107 982 91 337
101 950 82 346
78 684 70 365
79 677 60 386
82 735 65 371
77 684 66 373
86 825 75 358
96 896 70 362
90 835 87 343
90 838 57 391
78 677 62 384
84 731 66 368
78 685 64 379
78 681 69 367
77 669 60 389
113 1074 79 350
113 1014 95 334
90 835 86 344
90 849 71 362
83 743 55 418
80 711 68 368
77 669 60 389
84 751 76 358
84 806 70 363
84 723 66 369
78 684 70 365
119 1086 99 331
83 708 62 382
89 825 87 344
94 848 89 340
88 760 61 376
90 807 76 356
84 731 66 368
112 1022 88 339
77 676 67 373
86 803 56 395
85 687 62 381
78 677 61 385
101 933 72 360
107 992 73 358
78 685 64 379
83 690 64 378
79 677 60 386
90 838 57 391
78 681 69 367
82 786 63 373
112 1011 76 354
78 678 60 386
107 1020 80 349
80 711 68 368
88 815 86 345
79 677 60 386
86 770 79 354
91 825 59 389
89 792 84 353
87 751 63 373
82 786 63 373
90 849 71 362
79 711 66 370
78 685 64 379
85 795 57 396
83 743 55 418
83 690 64 378
113 1014 95 334
77 676 67 373
90 686 60 383
78 681 69 367
87 750 67 367
112 1022 88 339
94 855 90 339
84 803 68 365
78 684 70 365
88 817 57 394
86 803 56 395
84 751 76 358
101 933 72 360
115 1043 90 337
115 1057 78 352
84 731 66 368
77 669 60 389
83 737 65 370
94 877 74 358
84 806 70 363
79 677 60 386
83 690 64 378
78 679 69 368
83 732 57 407
78 685 65 376
80 706 74 360
78 684 70 365
90 835 87 343
90 686 60 383
119 1051 97 332
86 806 59 392
91 831 85 345
77 676 67 373
78 684 70 365
77 676 67 373
78 678 60 386
83 690 64 378
111 1028 84 344
83 743 55 418
87 750 67 367
119 1051 97 332
103 936 71 360
107 1020 80 349
85 687 62 381
89 792 84 353
90 849 71 362
82 786 63 373
80 711 68 368
79 677 60 386
94 855 90 339
77 687 64 379
84 806 70 363
90 797 54 406
79 680 69 367
83 767 71 363
90 686 60 383
83 743 55 418
80 698 73 361
108 978 86 342
90 838 57 391
77 676 67 373
84 806 70 363
119 1051 97 332
90 832 84 346
78 681 69 367
92 855 88 342
78 684 70 365
78 678 60 386
79 677 60 386
87 750 67 367
82 786 63 373
96 896 70 362
87 824 75 358
78 685 64 379
83 743 55 418
87 750 67 367
82 786 63 373
79 677 60 386
84 806 70 363
77 669 60 389
119 1051 97 332
78 681 69 367
92 869 71 361
87 824 74 359
94 848 89 340
78 685 64 379
90 798 85 348
77 676 67 373
90 838 57 391
79 677 60 386
78 678 60 386
78 681 69 367
87 750 67 367
107 971 96 334
84 806 70 363
84 751 76 358
90 849 71 362
90 807 76 356
83 743 55 418
78 685 64 379
86 806 59 392
94 855 90 339
82 786 63 373
96 870 81 349
78 681 69 367
87 750 67 367
78 703 64 376
96 896 70 362
84 806 70 363
119 1051 97 332
83 743 55 418
78 678 60 386
87 824 75 358
79 677 60 386
87 750 67 367
91 831 85 345
79 677 60 386
78 685 64 379
84 806 70 363
93 828 75 356
83 743 55 418
86 806 59 392
77 669 60 389
87 824 75 358
83 732 57 407
84 731 66 368
79 677 60 386
91 806 84 349
87 824 75 358
96 896 70 362
84 806 70 363
78 678 60 386
84 806 70 363
78 678 60 386
93 827 75 357
90 835 84 345
79 677 60 386
87 824 75 358
87 750 67 367
84 806 70 363
84 751 76 358
91 838 82 351
84 731 66 368
96 896 70 362
79 677 60 386
78 678 60 386
87 750 67 367
79 677 60 386
87 824 74 359
78 678 60 386
87 750 67 367
85 762 77 356
79 677 60 386
