10 0.325597
156 1438 113 606
167 1411 94 628
167 1455 116 601
156 1354 95 665
171 1601 104 599
153 1434 103 626
171 1601 104 599
167 1455 116 601
167 1593 109 594
166 1537 90 695
179 1642 91 612
154 1417 106 631
159 1398 95 643
150 1353 107 660
155 1351 96 648
172 1562 84 622
158 1515 92 648
155 1351 96 648
155 1453 101 616
179 1584 95 607
203 1924 88 586
167 1593 109 594
164 1569 89 614
153 1404 118 610
158 1446 107 607
155 1388 103 616
183 1718 83 630
173 1517 100 579
178 1507 87 669
149 1333 108 612
166 1503 115 579
160 1436 92 610
183 1663 92 589
161 1428 97 627
150 1438 125 605
194 1690 91 599
178 1595 93 606
153 1478 107 638
188 1633 87 643
177 1565 90 696
180 1736 86 637
177 1565 90 696
204 1934 88 586
169 1598 109 601
179 1719 89 614
179 1719 89 614
179 1719 89 614
177 1593 90 654
175 1599 90 624
184 1657 91 617
183 1711 91 622
175 1603 89 626
156 1398 103 616
156 1398 103 616
212 1723 86 632
192 1734 85 632
186 1798 84 633
173 1632 104 594
175 1625 100 595
174 1646 103 605
172 1505 116 601
168 1498 94 623
168 1542 92 619
161 1446 94 626
166 1561 93 643
161 1489 102 610
171 1505 93 663
169 1544 94 610
168 1534 92 647
193 1763 92 589
193 1763 92 589
189 1722 113 592
191 1711 94 600
165 1445 97 704
152 1458 125 605
201 1679 87 652
205 1944 88 586
175 1611 109 608
179 1600 111 606
194 1721 93 615
213 1870 90 614
179 1719 89 619
178 1623 89 657
176 1619 91 646
178 1623 90 656
184 1651 90 644
178 1623 90 656
192 1679 90 639
177 1685 89 639
180 1714 89 633
162 1419 116 629
158 1456 103 637
162 1419 116 629
164 1421 114 632
157 1463 104 635
159 1428 103 616
160 1412 110 642
226 1990 84 638
174 1642 104 594
178 1680 100 600
178 1680 100 600
192 1640 107 598
199 1663 103 609
172 1632 120 607
169 1555 93 623
169 1555 93 623
172 1608 92 639
178 1642 92 623
178 1642 92 623
179 1575 92 637
166 1498 97 627
167 1452 95 665
165 1548 97 659
164 1539 101 650
166 1489 96 662
171 1480 102 661
163 1489 99 656
166 1466 102 671
164 1539 101 650
169 1487 97 655
163 1489 99 656
167 1492 98 644
164 1539 101 650
164 1501 102 639
168 1512 102 624
166 1519 107 612
178 1620 98 610
173 1557 96 615
172 1636 100 615
184 1599 99 610
170 1592 101 610
174 1545 98 612
181 1635 94 614
177 1639 94 620
170 1550 95 656
196 1847 104 592
198 1817 92 589
193 1762 113 592
179 1623 129 605
218 1939 87 654
185 1637 116 609
196 1741 93 615
179 1719 89 621
181 1645 89 720
182 1659 89 714
182 1659 89 714
180 1644 89 727
181 1645 89 720
182 1665 89 675
186 1655 91 644
192 1650 90 661
158 1464 109 644
157 1491 119 656
168 1515 103 619
160 1519 103 657
163 1476 103 637
173 1467 103 660
163 1467 104 687
166 1474 107 670
161 1536 104 637
162 1488 104 659
169 1465 121 619
166 1474 107 670
159 1436 108 624
164 1555 103 629
162 1426 134 722
166 1435 115 653
164 1434 118 668
228 2037 88 643
179 1681 104 599
182 1664 105 601
182 1664 105 601
180 1667 111 609
178 1648 115 604
187 1708 108 598
186 1646 104 603
198 1814 100 605
192 1771 102 604
172 1585 93 623
169 1596 95 644
176 1578 94 623
173 1565 95 640
172 1585 93 623
180 1714 92 636
181 1581 92 640
179 1673 92 718
166 1534 101 631
167 1519 102 632
167 1519 101 637
168 1516 100 642
167 1519 102 632
176 1544 99 639
172 1579 100 630
166 1538 98 645
167 1550 102 628
167 1522 105 627
169 1508 96 703
167 1553 96 679
168 1618 97 665
168 1486 102 671
168 1486 102 671
172 1525 97 699
163 1489 99 657
163 1489 99 657
167 1522 100 645
170 1501 98 665
171 1533 108 613
171 1533 108 613
173 1559 96 631
174 1600 97 620
185 1740 100 610
171 1644 101 624
179 1622 129 610
177 1662 101 610
179 1651 103 611
176 1630 103 617
179 1571 101 625
200 1756 98 613
175 1651 101 613
184 1700 95 618
195 1769 98 617
181 1646 99 618
177 1655 95 620
179 1553 95 687
170 1559 96 657
203 1848 92 597
225 2030 88 670
227 2050 88 669
192 1838 89 639
192 1838 89 639
198 1722 89 645
194 1741 92 633
208 1884 91 626
200 1869 89 637
196 1790 90 635
214 1786 91 621
180 1652 89 727
180 1652 89 727
188 1762 90 714
196 1793 89 680
187 1706 89 726
194 1773 90 665
178 1581 107 619
168 1548 107 625
173 1541 107 620
178 1581 107 619
170 1568 107 622
164 1477 103 654
171 1497 103 640
169 1469 121 623
160 1462 123 632
167 1439 108 631
159 1477 114 630
166 1476 108 666
166 1476 108 666
162 1445 111 631
166 1510 108 629
165 1604 109 651
179 1690 105 608
183 1674 105 601
178 1649 125 608
199 1834 122 598
199 1840 104 606
173 1666 94 637
175 1588 93 653
190 1716 93 629
193 1652 95 623
181 1596 101 623
172 1602 96 644
185 1743 94 628
191 1624 94 636
189 1797 92 636
193 1701 92 640
186 1705 92 652
168 1529 101 637
167 1519 101 640
172 1594 101 631
168 1550 98 651
167 1563 98 651
169 1626 98 650
163 1525 103 658
165 1506 99 662
168 1489 101 671
172 1553 113 614
179 1638 108 614
174 1541 119 618
176 1567 99 633
184 1594 97 643
178 1593 103 632
176 1567 99 633
173 1567 97 648
185 1621 100 623
191 1654 97 633
175 1648 99 641
185 1649 98 633
187 1612 97 641
185 1616 98 634
184 1662 109 611
195 1780 104 611
205 1773 104 611
192 1786 102 614
199 1686 102 614
199 1674 103 614
190 1769 95 618
189 1775 97 621
189 1728 97 627
179 1678 98 626
186 1695 97 633
177 1704 106 620
183 1584 95 691
172 1600 96 673
171 1507 108 634
198 1816 89 679
171 1507 108 634
167 1465 109 636
176 1629 94 698
181 1523 126 632
171 1507 108 634
178 1439 113 637
171 1507 108 634
171 1507 108 634
178 1495 105 684
199 1717 95 641
195 1718 105 620
170 1460 108 636
173 1521 106 679
182 1668 90 727
199 1686 102 617
190 1611 98 644
173 1521 106 679
188 1635 97 643
194 1775 89 726
174 1532 105 652
174 1532 105 652
171 1591 108 622
204 1817 90 644
225 2031 88 670
170 1589 111 626
170 1588 119 630
203 1851 89 670
168 1499 102 684
162 1468 118 656
170 1588 119 630
168 1502 119 635
200 1788 91 655
172 1525 99 693
203 1851 89 670
173 1562 128 630
164 1493 107 667
164 1445 134 722
204 1922 90 639
170 1454 132 671
170 1525 103 672
182 1710 125 609
169 1564 99 660
168 1548 102 642
177 1581 107 620
177 1581 107 620
168 1575 98 654
202 1840 92 637
192 1753 99 626
177 1581 107 620
192 1669 94 677
167 1526 99 662
186 1722 128 603
196 1678 93 669
192 1753 99 626
172 1608 96 645
185 1705 108 610
212 1929 101 620
177 1581 107 620
195 1789 97 626
197 1858 108 603
196 1678 93 669
172 1563 113 614
183 1701 114 605
173 1577 97 650
193 1804 102 618
197 1754 94 630
182 1728 101 630
186 1643 95 655
192 1669 94 677
186 1635 95 677
186 1643 95 655
187 1687 93 675
193 1811 95 635
192 1669 94 677
191 1738 97 633
186 1643 95 655
186 1643 95 655
185 1698 98 634
185 1668 97 643
185 1649 98 635
192 1729 97 631
186 1695 95 643
179 1617 101 634
187 1742 97 634
185 1671 102 624
178 1642 101 637
186 1695 95 643
