148 1.00512
159 1517 77 514
173 1575 90 529
135 1250 70 502
149 1371 84 559
121 1103 83 509
149 1394 76 502
161 1492 76 487
137 1291 70 497
165 1522 80 524
140 1252 78 499
141 1307 83 515
144 1352 70 509
176 1589 99 581
132 1170 76 501
140 1301 76 503
173 1591 88 574
152 1341 79 510
140 1265 76 509
173 1627 91 594
158 1478 73 507
143 1391 93 541
167 1488 91 561
135 1217 90 505
168 1488 100 538
155 1412 76 514
146 1291 76 526
145 1320 73 511
186 1649 124 566
132 1226 75 522
129 1216 70 494
157 1440 83 549
153 1418 88 560
172 1584 87 543
164 1521 81 511
115 1072 82 531
147 1321 89 552
150 1386 80 520
137 1255 81 504
131 1196 98 521
151 1344 83 526
187 1666 134 640
167 1559 103 553
137 1275 86 592
137 1253 92 506
141 1331 84 514
180 1663 84 574
142 1304 84 516
165 1490 88 526
188 1696 98 527
130 1215 84 509
161 1486 90 523
184 1704 105 586
144 1259 105 588
195 1746 77 533
151 1443 85 526
164 1476 93 598
156 1469 76 530
150 1388 82 516
164 1538 104 538
139 1234 88 518
136 1228 98 498
169 1584 79 534
125 1112 87 514
174 1641 86 526
203 1817 149 655
156 1389 84 552
165 1550 101 578
166 1515 70 523
132 1254 86 512
144 1325 75 513
166 1478 78 516
173 1631 79 516
159 1374 99 543
172 1516 98 558
148 1370 83 528
174 1639 138 627
164 1425 84 519
156 1428 91 599
131 1220 76 514
149 1396 73 521
190 1663 77 599
192 1731 85 526
181 1554 98 568
171 1532 115 609
146 1323 83 547
170 1516 76 550
173 1581 106 584
141 1327 77 485
172 1528 91 567
169 1556 84 559
135 1268 70 506
154 1382 92 520
177 1653 76 506
175 1651 76 514
157 1443 79 517
156 1447 75 496
157 1497 76 506
149 1388 90 560
158 1322 93 565
147 1386 76 520
