1088 172.776
111 977 64 371
107 1023 71 360
101 924 100 330
74 652 54 431
74 651 55 430
73 653 54 431
73 653 54 431
97 875 96 333
103 954 93 335
100 919 99 331
95 874 94 334
81 738 61 396
78 682 58 414
107 913 56 394
84 744 66 385
88 783 71 363
95 830 79 351
89 804 73 360
83 709 65 390
99 931 73 358
99 900 90 337
90 793 72 361
97 920 82 347
96 882 62 375
93 841 54 412
85 748 60 395
104 981 85 343
96 873 90 338
95 867 89 339
101 907 69 365
102 919 63 373
90 824 55 414
87 810 61 391
80 750 54 421
98 928 70 361
82 716 57 415
76 671 58 423
78 674 56 423
84 759 63 383
91 846 62 387
94 843 68 367
92 848 86 344
108 1005 79 350
76 672 65 416
78 714 56 419
89 840 58 401
86 816 56 411
81 690 60 409
81 692 62 395
105 955 72 359
100 883 97 332
104 945 58 396
103 971 67 366
109 936 54 403
77 685 56 420
106 994 91 336
98 884 97 332
95 893 75 355
86 753 67 381
107 990 92 336
91 837 83 346
75 663 54 429
96 875 86 342
94 863 81 348
75 665 55 426
100 929 60 379
79 690 62 408
75 668 54 427
106 994 91 336
103 976 74 356
91 802 68 370
88 763 62 390
85 718 66 389
82 704 63 394
104 947 61 376
96 856 70 362
93 854 85 345
84 756 59 393
83 770 59 407
105 936 60 378
77 674 63 406
101 938 59 390
96 899 66 367
93 852 67 368
80 687 62 397
79 712 59 412
85 757 64 388
98 874 55 400
102 955 76 354
97 917 69 364
104 964 63 372
102 978 72 359
92 798 60 380
73 658 56 429
95 885 77 353
90 813 64 372
82 722 75 392
108 868 55 404
87 765 60 392
94 875 80 349
106 961 62 374
107 990 92 336
102 966 69 363
98 924 78 351
94 858 89 341
93 849 79 352
86 768 76 355
83 779 57 412
107 969 82 346
96 844 78 352
95 871 88 340
92 815 80 353
92 798 68 370
89 820 83 350
81 701 61 405
110 965 68 364
108 868 55 404
91 829 81 351
84 723 62 392
104 969 57 398
95 871 88 340
94 862 87 341
86 778 77 354
89 788 69 368
109 936 54 403
80 733 55 425
87 777 74 358
94 839 80 350
86 726 54 424
107 928 60 377
87 777 74 358
106 1003 67 365
106 996 88 339
89 795 74 357
100 922 84 344
74 651 55 430
95 889 58 398
84 744 66 385
110 965 68 364
74 652 56 424
106 949 56 397
93 880 58 399
85 772 67 380
100 922 84 344
82 729 54 424
98 922 65 369
94 862 87 341
92 817 55 417
91 860 63 377
90 820 54 415
82 732 60 399
89 798 64 382
92 817 55 417
85 766 76 356
80 703 60 405
75 668 54 427
106 900 58 389
94 873 92 337
76 672 65 416
74 652 56 424
74 651 55 430
86 726 54 424
100 883 97 332
74 651 55 430
73 653 54 431
110 965 68 364
110 965 68 364
110 965 68 364
106 994 91 336
106 994 91 336
106 994 91 336
100 883 97 332
74 651 55 430
73 653 54 431
73 653 54 431
73 653 54 431
138 1306 86 348
106 988 100 330
76 663 54 431
74 658 55 430
96 850 55 416
85 758 54 430
79 723 56 420
105 962 98 334
127 1187 88 346
100 883 63 415
121 1142 90 340
106 968 79 358
129 1185 60 392
100 908 67 386
118 1101 72 370
125 1144 69 371
124 1115 57 397
122 1094 62 388
113 1019 77 380
112 1055 74 375
121 1104 59 405
113 1060 83 356
120 1103 84 352
117 1063 60 402
113 1041 66 373
109 949 56 415
107 1002 78 381
110 1038 90 348
108 1029 87 349
104 967 60 404
119 1122 90 343
107 986 63 392
124 1173 87 348
117 1096 75 370
116 1095 88 348
119 1098 63 383
148 1328 78 370
113 1037 99 337
82 731 54 435
76 659 55 430
133 1243 79 366
96 877 60 418
90 800 56 423
107 974 61 411
101 886 55 427
126 1138 94 343
109 936 71 395
84 762 54 431
122 1047 92 356
133 1188 61 408
121 1052 75 383
120 1117 88 348
89 784 59 424
120 1108 70 378
133 1214 66 378
108 1004 60 409
115 1042 72 393
86 787 58 427
119 1054 77 376
116 1037 79 387
124 1123 90 346
117 1064 63 402
122 1148 72 371
117 1061 85 362
128 1175 83 357
125 1173 90 343
90 791 57 426
123 1139 62 403
114 1050 68 384
111 1013 67 398
127 1162 80 360
117 1090 83 366
110 1048 76 394
117 1020 64 402
125 1146 82 358
127 1131 83 363
117 1087 65 400
114 1061 65 404
124 1151 81 362
113 1050 88 359
113 1058 72 373
128 1108 84 360
125 1158 67 385
119 1122 84 359
122 1133 67 386
107 1017 67 399
152 1361 80 368
129 1212 90 343
122 1152 91 353
88 772 54 431
86 773 54 432
83 731 56 431
83 731 56 431
143 1318 81 361
133 1230 84 357
106 916 58 423
110 1048 74 395
106 918 62 419
111 992 63 414
99 856 60 423
138 1214 61 408
95 861 56 426
117 1081 76 379
123 1109 65 400
86 774 54 431
126 1183 70 383
111 1019 60 409
120 1092 78 374
91 836 56 429
131 1180 82 368
114 1050 69 404
115 1007 70 411
122 1154 88 350
125 1118 72 387
133 1195 85 365
126 1202 72 371
133 1168 78 373
118 1062 69 392
127 1145 67 391
93 844 56 428
128 1152 67 388
129 1208 86 361
120 1073 68 390
119 1105 90 359
111 998 65 412
129 1181 90 344
124 1149 62 407
83 731 56 431
119 1068 63 404
123 1162 88 348
130 1211 70 378
121 1068 85 379
125 1161 82 372
122 1072 78 387
83 731 56 431
91 836 56 429
124 1153 90 346
123 1162 88 348
83 731 56 431
91 836 56 429
91 836 56 429
91 836 56 429
91 836 56 429
91 836 56 429
91 836 56 429
83 731 56 431
146 1310 80 372
144 1315 80 372
126 1155 92 351
123 1173 88 348
100 869 56 429
90 813 56 431
103 901 58 426
141 1252 84 370
116 992 65 416
115 1059 60 409
121 1076 73 405
111 1019 68 416
123 1163 88 358
118 1094 72 395
136 1221 70 385
95 874 56 429
116 1040 60 423
122 1142 88 382
111 1023 62 418
129 1191 67 399
132 1262 72 392
139 1275 69 390
99 873 62 429
139 1238 78 373
125 1129 75 388
124 1110 87 384
128 1114 76 389
122 1048 68 415
133 1207 85 373
134 1214 72 377
130 1170 65 400
144 1315 63 404
133 1176 63 408
129 1160 78 374
124 1169 88 351
126 1122 65 403
122 1158 69 394
125 1137 78 376
123 1114 70 400
149 1355 80 372
132 1205 88 348
99 916 56 429
96 825 61 436
94 867 60 432
112 984 58 426
145 1296 78 373
123 1089 73 405
137 1260 72 381
112 1023 68 422
125 1124 77 396
135 1262 72 396
132 1144 84 379
117 1066 66 409
130 1199 75 388
116 1040 65 416
114 1061 75 419
117 1034 63 422
128 1183 79 392
131 1231 80 374
130 1175 65 400
134 1195 78 378
129 1146 79 379
134 1205 78 374
116 1069 60 409
127 1140 65 403
115 1069 60 420
127 1140 65 403
148 1328 78 373
135 1276 90 355
132 1217 91 370
117 1071 60 417
113 1026 62 434
125 1062 63 425
127 1143 65 403
140 1284 73 385
135 1227 88 356
139 1272 78 382
136 1207 82 394
147 1318 78 374
119 1074 61 410
127 1132 73 406
136 1212 83 387
128 1127 62 409
119 1069 65 417
131 1224 60 412
135 1222 82 374
148 1328 78 373
127 1143 65 403
158 1454 93 355
127 1116 60 424
117 1033 70 442
140 1248 82 382
138 1259 88 361
143 1310 73 393
140 1314 73 391
135 1251 93 377
128 1135 73 410
120 1091 65 412
118 1101 67 426
132 1195 65 407
126 1110 63 416
124 1118 60 422
142 1293 68 403
130 1162 73 405
134 1259 69 403
131 1161 70 405
129 1145 73 406
142 1346 109 369
129 1126 69 418
123 1136 66 428
139 1240 73 407
140 1297 88 370
140 1257 98 394
131 1126 69 417
108 995 72 359
107 1023 71 360
101 919 100 330
74 652 54 431
74 652 54 431
73 653 54 431
103 976 74 356
97 875 96 333
99 900 90 337
95 893 75 355
107 1009 77 353
83 709 65 390
78 674 56 423
95 874 94 334
96 899 66 367
98 884 97 332
80 750 54 421
85 718 66 389
102 943 85 343
82 704 63 394
108 919 57 393
97 920 82 347
94 854 87 341
88 769 72 365
104 905 68 364
100 928 92 336
89 795 74 357
87 782 75 357
79 712 59 412
81 715 61 403
105 936 60 378
76 699 59 423
92 859 82 349
88 806 70 364
84 723 62 392
84 759 63 383
98 924 78 351
78 682 58 414
91 846 62 387
84 789 56 413
96 844 78 352
86 778 77 354
85 757 64 388
84 744 66 385
86 758 66 382
76 682 67 410
100 876 62 379
94 843 68 367
87 765 60 392
77 685 56 420
95 867 89 339
92 815 80 353
101 919 100 330
103 933 85 343
102 908 57 396
89 840 58 401
100 883 97 332
95 871 88 340
107 913 56 394
105 917 64 371
79 690 62 408
75 668 54 427
100 916 99 331
106 950 59 388
81 692 62 395
75 665 55 426
75 663 54 429
77 674 63 406
87 777 74 358
80 733 55 425
94 863 81 348
87 805 57 411
90 820 54 415
95 830 79 351
84 784 67 379
96 873 90 338
87 810 61 391
106 925 63 372
91 802 68 370
81 701 61 405
76 672 65 416
83 746 61 395
81 730 56 418
106 949 56 397
105 1006 62 374
93 841 54 412
82 716 57 415
104 947 61 376
107 1005 69 363
106 996 88 339
103 958 73 358
100 903 69 365
96 856 70 362
93 854 85 345
90 793 72 361
91 809 81 352
86 768 76 355
107 969 82 346
80 687 62 397
96 875 86 342
83 770 59 407
91 837 83 346
101 915 93 335
100 928 92 336
95 867 89 339
94 864 76 354
92 848 86 344
92 812 71 362
91 837 83 346
90 813 64 372
81 738 61 396
83 779 57 412
93 864 54 401
93 849 79 352
95 843 73 359
93 845 87 344
76 672 65 416
91 825 55 414
96 882 62 375
103 963 91 336
106 900 58 389
100 920 93 335
100 916 99 331
95 876 84 345
94 875 80 349
107 1000 55 398
101 877 67 368
92 817 55 417
100 922 84 344
108 995 72 359
81 690 60 409
104 964 71 361
94 860 55 400
92 798 60 380
108 941 55 397
74 652 54 431
73 653 54 431
91 802 68 370
80 703 60 405
78 714 56 419
74 657 56 425
84 744 66 385
103 963 91 336
104 964 71 361
102 919 63 373
73 653 56 429
74 652 54 431
103 958 73 358
107 1000 55 398
84 793 59 400
74 654 56 427
87 756 61 394
92 798 60 380
89 820 83 350
74 657 56 425
81 690 60 409
95 830 79 351
107 1005 69 363
105 1006 62 374
101 877 67 368
94 864 72 360
75 668 54 427
107 1009 77 353
89 820 83 350
74 652 55 430
74 652 55 430
74 652 54 431
107 1009 77 353
75 663 54 429
108 995 72 359
74 652 54 431
73 653 54 431
108 995 72 359
108 995 72 359
108 995 72 359
101 919 100 330
101 919 100 330
101 919 100 330
74 652 54 431
74 652 54 431
74 652 54 431
74 652 54 431
73 653 54 431
134 1248 84 346
103 939 100 330
102 929 100 336
75 662 54 431
74 663 54 431
94 848 56 423
82 748 59 426
130 1213 79 356
120 1060 60 391
101 902 60 408
129 1166 85 353
133 1153 95 340
102 894 61 382
120 1109 86 349
103 960 76 375
115 1021 60 402
106 987 59 417
125 1161 92 336
114 1054 81 356
116 1042 63 381
111 1030 97 335
79 705 56 427
78 697 61 422
109 1005 72 359
76 673 55 428
120 1022 68 372
107 983 89 354
122 1134 96 337
114 1043 66 380
110 1033 90 347
108 995 72 362
124 1111 66 378
105 978 99 336
108 992 74 369
121 1137 70 368
122 1164 67 375
122 1160 70 366
101 919 100 337
123 1150 89 348
121 1142 69 369
115 977 60 406
103 972 73 377
116 1029 68 377
75 664 54 429
116 1038 70 370
145 1299 89 350
106 950 100 333
105 978 100 330
76 670 54 431
80 723 56 427
101 922 68 426
102 903 62 426
110 1029 84 370
135 1275 91 353
111 998 75 371
121 1158 92 347
125 1194 94 338
78 684 57 429
130 1206 92 341
133 1233 88 354
103 928 68 416
135 1257 86 354
128 1083 60 403
135 1185 68 378
106 938 63 408
107 1006 61 394
103 917 71 423
131 1091 60 399
110 956 65 386
115 1001 74 374
111 1047 72 363
109 1011 72 389
109 969 67 396
125 1114 71 370
119 1015 60 407
118 1108 67 382
114 1055 72 359
102 947 66 405
125 1189 70 368
109 1045 72 383
114 1052 92 358
116 1072 70 374
118 978 64 403
106 948 71 403
118 1068 70 371
125 1189 70 368
125 1189 70 368
146 1343 92 343
145 1359 75 359
110 1006 100 330
76 671 54 431
76 670 58 434
102 920 62 427
131 1213 97 338
104 981 66 413
142 1272 88 355
133 1290 91 355
134 1261 71 370
114 1085 82 378
137 1200 94 346
145 1276 92 350
138 1209 93 347
127 1100 60 407
120 1133 81 359
116 1096 79 366
107 1007 73 403
118 1040 62 400
123 1115 68 385
118 1116 68 388
113 1035 68 407
125 1176 64 394
129 1185 72 361
123 1151 72 364
110 1059 74 393
112 1022 62 409
113 1067 76 379
117 1084 76 370
118 1086 70 372
114 1042 64 395
120 1062 80 362
117 1091 73 375
119 1009 66 387
108 1014 68 411
127 1198 94 347
117 1076 72 376
132 1171 62 394
119 1084 75 363
114 1017 65 412
113 1053 72 391
114 1098 76 368
115 1054 70 386
115 1097 72 370
116 1040 64 402
116 1088 65 394
116 1009 76 385
144 1375 73 366
113 1024 100 330
78 680 54 431
109 960 62 428
143 1260 94 346
117 1061 65 405
110 1030 100 330
136 1216 95 358
125 1156 90 364
116 1051 77 385
139 1220 94 349
124 1147 68 388
127 1150 83 362
128 1147 95 361
127 1220 94 357
138 1181 75 366
118 1080 71 396
121 1118 70 372
120 1090 81 368
117 1077 70 401
127 1162 80 362
125 1104 64 396
120 1127 68 403
126 1157 77 363
120 1140 74 386
118 1119 76 372
120 1139 77 368
120 1109 70 397
126 1110 76 368
118 1115 76 386
121 1118 70 372
145 1280 94 346
143 1322 75 372
125 1145 100 330
117 1099 101 364
79 698 54 431
78 692 58 441
121 1050 100 333
119 1066 85 412
133 1193 69 393
145 1280 94 346
131 1182 95 361
126 1181 68 395
125 1132 90 371
122 1110 71 398
130 1126 72 377
123 1143 69 425
123 1091 83 385
129 1146 79 368
119 1094 77 386
119 1102 100 333
133 1183 80 363
126 1174 84 368
121 1143 70 373
121 1119 70 394
145 1280 94 346
149 1273 108 342
90 813 54 431
84 720 54 432
121 1119 70 397
126 1180 106 347
133 1189 84 368
134 1197 80 363
121 1135 106 357
130 1140 76 392
128 1174 76 382
124 1151 81 373
130 1160 71 379
124 1122 78 395
126 1165 76 386
134 1148 73 374
122 1152 84 376
132 1153 77 376
136 1228 106 347
134 1260 81 368
89 784 62 434
87 764 62 439
112 966 62 432
134 1131 77 420
124 1173 90 378
124 1150 72 404
130 1194 83 383
125 1149 70 397
126 1160 78 395
135 1202 80 363
133 1189 71 382
130 1192 76 396
135 1202 80 363
134 1252 81 379
135 1202 80 363
141 1324 80 375
138 1305 106 357
90 794 62 434
112 989 62 432
128 1162 78 405
139 1243 99 371
136 1202 71 411
131 1255 85 397
137 1267 106 358
133 1192 75 426
133 1240 75 389
137 1244 81 375
137 1231 73 396
137 1220 76 400
132 1228 75 402
133 1216 78 401
155 1371 106 363
136 1272 76 401
134 1240 79 408
132 1214 80 405
148 1295 84 382
140 1280 94 380
139 1291 86 375
144 1240 78 390
137 1265 83 383
136 1243 80 396
138 1292 77 393
138 1279 78 397
108 977 71 361
107 1023 71 360
101 924 100 330
74 651 54 431
74 651 54 431
73 653 54 431
97 875 96 333
95 893 75 355
89 798 64 382
92 798 60 380
100 919 99 331
95 874 94 334
106 991 91 336
78 714 56 419
87 777 74 358
91 802 68 370
86 768 76 355
91 846 62 387
93 824 82 352
93 880 58 399
85 718 66 389
103 954 93 335
101 938 59 390
90 793 72 361
88 806 70 364
81 730 56 418
81 690 60 409
104 981 85 343
102 971 73 358
84 759 63 383
83 779 57 412
76 672 65 416
75 662 55 430
99 936 54 403
76 682 67 410
104 929 68 366
92 815 80 353
96 844 80 349
94 873 92 337
79 712 59 412
89 840 58 401
98 884 97 332
88 763 62 390
78 674 56 423
103 944 70 362
100 883 97 332
99 900 90 337
96 844 78 352
87 756 61 394
105 936 60 378
77 685 56 420
81 701 61 405
106 900 58 389
83 709 65 390
77 674 63 406
107 1019 76 354
104 981 85 343
91 837 83 346
95 871 88 340
84 744 66 385
95 830 79 351
97 920 82 347
84 759 63 383
85 748 60 395
80 750 54 421
83 770 59 407
107 968 77 353
98 924 78 351
107 1013 62 374
107 928 60 377
92 817 55 417
80 687 62 397
75 665 55 426
98 874 55 400
106 992 69 363
92 859 82 349
94 843 68 367
108 919 57 393
105 941 92 336
95 830 79 351
93 849 79 352
106 1003 67 365
104 947 61 376
103 976 74 356
94 863 81 348
107 887 67 368
90 820 54 415
82 732 60 399
97 917 69 364
95 876 84 345
87 782 75 357
82 704 63 394
96 875 86 342
96 873 90 338
86 816 56 411
74 652 56 427
106 925 63 372
100 922 84 344
95 867 89 339
94 864 72 360
89 820 83 350
84 784 67 379
105 999 67 366
94 862 87 341
92 848 86 344
92 812 71 362
90 813 64 372
81 738 61 396
81 692 62 395
106 973 68 364
105 914 68 365
102 855 56 401
75 668 54 427
101 887 54 406
103 958 73 358
103 947 65 370
102 919 57 398
101 936 88 339
86 778 77 354
101 907 69 365
107 955 68 364
100 975 59 398
79 712 59 412
87 810 61 391
80 733 55 425
103 954 93 335
95 862 81 350
75 663 56 425
87 790 56 415
73 658 56 429
88 763 62 390
107 887 67 368
94 862 87 341
84 723 62 392
84 744 66 385
83 720 58 413
95 867 89 339
105 961 65 369
96 899 66 367
73 653 54 431
108 944 64 371
96 882 62 375
80 703 60 405
76 682 63 422
93 854 85 345
104 931 54 403
75 663 54 429
106 991 91 336
106 949 56 397
89 795 74 357
105 955 72 359
107 913 56 394
105 999 67 366
87 805 57 411
102 919 63 373
78 682 58 414
107 969 82 346
105 961 65 369
104 945 58 396
82 722 75 392
102 910 59 397
101 887 54 406
108 949 62 374
80 750 54 421
76 672 65 416
104 931 54 403
106 992 69 363
75 662 55 430
74 651 57 426
102 919 57 398
102 855 56 401
102 855 56 401
100 883 97 332
73 653 54 431
106 992 69 363
136 1253 80 349
116 1093 94 339
113 1009 97 350
104 910 54 406
74 663 54 431
88 801 61 419
98 852 71 411
96 893 59 427
129 1207 76 361
121 1109 84 347
134 1238 81 349
96 920 64 389
104 971 55 402
127 1157 68 369
102 929 69 374
122 1151 77 359
125 1192 91 339
116 1085 66 382
107 1010 86 351
125 1143 89 341
119 1049 64 375
103 955 57 430
124 1134 92 345
111 1039 63 386
111 955 93 354
110 980 69 366
112 1013 68 371
131 1207 80 350
115 1089 60 397
106 1005 69 363
110 994 68 379
107 944 62 394
112 1044 62 391
116 1064 80 353
106 1012 61 395
122 1141 92 346
116 1065 59 397
110 1028 61 394
125 1087 60 394
134 1195 64 381
130 1248 79 360
123 1150 94 339
81 726 54 431
76 679 54 434
104 887 62 425
101 944 73 397
110 967 57 423
109 946 64 417
102 927 61 428
104 979 60 403
108 986 69 390
133 1216 74 364
123 1094 83 354
127 1200 91 342
121 1061 86 357
124 1138 75 363
127 1145 80 358
117 1001 93 356
113 1032 54 406
131 1187 68 378
112 971 68 407
128 1212 89 346
127 1160 88 351
113 1031 69 383
110 1024 61 398
122 1109 59 397
125 1136 92 345
131 1196 67 380
121 1029 80 373
117 1049 84 363
115 1046 69 370
108 1019 63 397
121 1100 65 393
117 1089 80 362
119 1117 66 381
112 1033 70 371
119 1132 73 365
117 1085 72 366
116 1083 79 363
123 1119 92 348
116 1039 89 365
129 1136 69 366
127 1190 65 391
127 1171 61 395
122 1097 92 351
121 1086 68 395
122 1084 71 366
110 970 70 381
112 1033 71 370
134 1273 82 362
130 1225 94 339
103 919 56 435
84 737 62 437
107 922 62 425
105 990 60 419
133 1231 73 367
110 1051 75 381
113 1036 71 370
116 1088 87 365
127 1203 94 343
121 1123 78 367
109 1034 63 400
125 1149 85 358
119 1091 62 410
122 1104 70 373
111 998 64 405
118 1018 70 388
126 1185 67 381
118 1093 58 409
124 1170 66 394
110 1017 76 386
127 1162 90 353
132 1125 91 357
117 1109 81 365
129 1173 90 351
124 1139 82 364
127 1088 88 358
123 1116 59 397
123 1106 60 406
111 1016 63 406
129 1123 68 396
125 1100 92 351
117 1100 62 404
128 1133 66 381
124 1120 69 372
130 1132 86 361
125 1135 86 356
123 1130 75 367
126 1132 66 384
125 1144 92 345
127 1143 81 363
125 1144 92 345
117 1127 70 370
125 1144 92 345
125 1144 92 345
125 1144 92 345
125 1144 92 345
135 1143 86 357
133 1255 94 339
124 1134 59 397
108 947 62 428
107 997 64 427
130 1173 76 367
124 1167 70 379
113 1024 61 420
120 1079 66 413
128 1169 90 353
117 1030 71 405
113 1039 71 370
118 1120 81 366
122 1150 79 368
135 1143 86 357
125 1097 70 394
125 1149 92 345
130 1122 92 354
120 1122 60 410
125 1118 65 408
120 1090 70 400
125 1144 92 357
135 1178 86 357
133 1263 94 339
126 1146 59 397
113 971 62 428
122 1102 70 416
126 1153 92 349
128 1131 63 421
132 1240 84 366
128 1199 70 385
129 1161 82 368
115 1044 77 379
124 1132 86 366
118 1049 82 376
114 1061 78 387
133 1263 94 339
114 1079 73 386
115 1066 71 370
116 1051 75 382
116 1054 72 380
115 1061 72 376
116 1053 76 379
115 1059 76 377
115 1059 76 377
115 1059 76 377
115 1059 76 377
143 1222 86 357
132 1222 92 350
127 1160 59 397
126 1181 60 409
118 1066 73 370
115 1087 76 374
143 1222 86 357
119 1099 72 379
118 1075 71 401
127 1172 92 352
123 1117 71 376
122 1149 72 372
117 1067 76 377
116 1069 76 377
148 1286 91 367
134 1160 60 406
130 1203 99 352
130 1168 59 397
119 1068 76 377
116 1078 76 394
142 1258 94 355
129 1176 63 397
123 1102 81 375
127 1126 71 390
132 1218 72 373
134 1164 60 401
126 1135 90 374
119 1077 71 404
122 1136 77 375
119 1094 75 377
123 1140 75 372
125 1147 73 402
126 1150 73 391
124 1155 73 373
158 1502 71 390
137 1272 76 374
134 1226 59 397
129 1185 85 379
129 1178 68 416
119 1087 76 385
143 1224 70 397
123 1109 71 404
124 1203 82 377
132 1169 75 394
136 1246 77 374
129 1187 69 413
135 1217 73 375
130 1172 73 379
130 1186 68 415
129 1186 76 375
160 1421 75 381
139 1278 86 374
130 1223 73 404
129 1151 74 421
120 1113 83 389
128 1164 80 397
141 1279 76 387
138 1285 74 383
140 1224 78 379
130 1138 76 392
125 1207 85 377
130 1195 85 386
133 1197 79 378
138 1205 79 376
131 1201 85 379
144 1322 77 385
143 1354 77 399
142 1258 80 376
131 1257 82 402
124 1178 84 397
124 1142 83 401
134 1228 80 382
132 1226 83 397
144 1216 81 383
133 1224 82 378
139 1255 85 378
136 1255 85 383
108 1005 79 350
107 1023 71 360
101 924 100 330
97 891 54 402
74 651 54 431
73 653 54 431
73 653 54 431
97 875 96 333
92 798 60 380
94 863 81 348
100 919 99 331
91 802 68 370
105 955 72 359
90 820 56 410
95 874 94 334
100 883 97 332
106 1003 67 365
95 893 75 355
88 806 70 364
87 777 74 358
77 685 56 420
81 738 61 396
105 996 84 344
106 899 64 371
101 907 69 365
96 844 78 352
93 880 58 399
77 674 63 406
103 976 74 356
96 856 70 362
89 795 74 357
82 732 60 399
107 989 88 339
92 815 80 353
78 682 58 414
80 678 58 422
91 846 62 387
99 900 90 337
83 716 67 389
80 750 54 421
89 840 58 401
78 714 56 419
83 770 59 407
86 778 77 354
95 830 79 351
84 744 66 385
96 899 66 367
108 919 57 393
94 873 92 337
86 725 54 420
79 690 62 408
107 928 60 377
104 929 68 366
83 779 57 412
107 1019 76 354
91 837 83 346
89 820 83 350
102 951 69 363
107 1013 62 374
79 697 55 421
100 938 92 336
105 936 60 378
88 763 62 390
85 718 66 389
82 704 63 394
81 690 60 409
104 981 85 343
98 884 97 332
98 924 78 351
106 949 71 361
104 947 61 376
104 981 85 343
87 765 60 392
79 712 59 412
84 759 63 383
99 876 60 379
98 874 55 400
106 996 88 339
93 854 85 345
81 692 62 395
96 882 62 375
107 913 56 394
103 870 59 398
93 786 55 413
85 759 56 416
75 668 54 427
75 660 57 426
93 849 79 352
96 873 90 338
84 744 66 385
90 813 64 372
107 968 77 353
106 971 91 336
96 875 86 342
87 790 56 415
85 757 64 388
76 672 65 416
83 709 65 390
106 932 64 370
99 945 57 393
95 876 84 345
94 864 72 360
107 969 82 346
103 958 73 358
94 862 87 341
92 848 86 344
92 812 71 362
76 668 56 423
83 746 61 395
94 795 54 417
97 916 58 392
84 723 62 392
87 810 61 391
82 722 75 392
97 920 82 347
94 862 87 341
74 651 54 431
91 817 57 404
91 802 68 370
76 672 65 416
94 875 80 349
73 653 55 430
106 964 55 398
102 908 93 336
102 933 56 397
95 867 89 339
95 867 89 339
96 902 54 406
95 830 79 351
87 782 75 357
73 658 56 429
102 908 93 336
73 653 54 431
95 871 88 340
76 668 56 423
106 971 91 336
103 958 73 358
86 768 76 355
103 960 65 371
92 859 82 349
81 701 61 405
84 759 63 383
81 715 61 403
75 664 55 428
74 662 56 425
102 908 93 336
102 908 93 336
98 912 59 390
108 943 68 364
106 925 63 372
102 908 93 336
98 912 59 390
93 786 55 413
75 665 55 426
102 919 63 373
100 923 93 335
97 920 82 347
97 916 58 392
86 768 76 355
80 703 60 405
78 682 58 414
75 663 54 429
101 941 68 365
100 923 93 335
97 912 58 395
74 662 56 425
74 651 56 427
73 653 55 430
100 938 92 336
73 653 54 431
98 912 59 390
97 916 58 392
97 916 58 392
73 653 54 431
73 653 54 431
135 1240 84 352
134 1255 88 340
126 1182 96 335
73 664 54 431
73 653 54 432
82 752 56 430
98 872 57 423
106 903 75 413
105 943 71 392
122 1102 92 352
90 805 59 426
93 847 55 430
85 795 56 427
134 1199 65 373
103 959 82 381
105 991 78 355
129 1212 87 344
102 929 62 402
116 1036 67 374
117 1046 67 370
112 989 77 358
109 961 59 410
100 954 61 388
103 927 60 402
117 1094 73 358
115 1087 67 384
126 1160 85 354
118 1121 88 345
119 1120 87 349
119 1047 72 365
128 1224 83 354
108 975 85 355
121 1162 86 352
110 960 72 366
119 1065 62 387
103 984 66 385
102 929 62 402
102 929 62 402
139 1346 79 358
124 1124 98 353
119 1129 88 346
76 674 54 431
102 936 62 402
130 1231 87 347
132 1207 76 360
116 1092 88 358
117 1030 72 373
109 981 58 423
126 1180 84 357
125 1181 87 349
108 994 83 389
116 1006 59 415
105 964 60 418
104 949 56 429
121 1113 68 370
120 1073 69 380
129 1209 75 362
113 1041 57 428
111 968 74 366
109 997 60 406
120 1071 65 396
113 1058 66 391
121 1137 62 390
122 1104 64 394
114 1014 72 384
116 1075 73 367
110 1011 73 385
115 1100 81 363
115 1002 61 404
105 959 62 400
110 997 70 395
117 1102 80 359
122 1163 84 358
115 1046 68 393
105 944 61 406
123 1058 70 389
118 1097 76 363
122 1095 76 362
116 1097 72 381
112 1061 73 384
141 1295 68 392
122 1129 88 353
120 1130 88 346
77 680 54 431
106 936 62 409
124 1199 60 419
136 1236 62 393
108 946 62 405
133 1197 61 429
123 1183 70 383
130 1154 85 361
129 1202 64 399
129 1193 80 360
117 1023 75 378
119 1038 84 370
129 1162 77 367
120 1130 88 346
112 1042 79 375
121 1132 79 363
116 1077 76 372
119 1127 68 399
120 1084 72 380
114 1080 78 377
123 1114 71 403
124 1088 73 369
118 1054 77 370
123 1123 71 400
116 1093 75 378
119 1104 78 367
113 1049 77 378
119 1111 74 372
120 1122 73 372
120 1130 88 346
120 1130 88 346
120 1130 88 346
144 1305 68 396
138 1307 69 404
120 1131 88 346
79 699 54 431
106 952 73 417
136 1282 82 360
110 1025 62 426
129 1156 80 363
136 1257 78 368
107 1022 64 414
131 1226 79 363
110 983 67 420
114 1046 64 412
123 1132 71 402
138 1208 66 405
113 1065 77 378
110 990 65 427
126 1216 74 372
118 1101 62 421
117 1050 79 391
120 1069 75 381
122 1117 74 382
117 1103 76 394
122 1088 77 371
125 1154 70 406
122 1116 73 388
118 1083 72 407
136 1262 70 403
120 1073 79 375
124 1115 72 392
124 1117 73 375
118 1120 74 405
124 1065 72 407
122 1104 73 406
142 1352 62 426
121 1141 88 346
120 1135 92 351
90 765 58 434
86 773 54 431
112 1027 64 420
134 1252 79 369
115 1011 65 427
124 1085 77 387
131 1196 85 365
124 1144 71 406
127 1132 91 355
128 1141 86 371
136 1098 72 412
122 1115 67 414
127 1154 66 415
117 1105 77 378
131 1089 73 412
125 1136 73 378
122 1125 77 377
121 1140 88 351
117 1105 77 378
117 1105 77 378
144 1221 72 412
143 1327 82 370
121 1143 88 346
111 968 54 433
87 785 58 434
93 825 57 431
109 969 55 431
122 1107 80 389
114 1053 64 424
140 1275 85 368
137 1269 84 377
116 1067 64 420
128 1170 74 385
121 1143 88 346
118 1115 77 378
141 1297 82 371
125 1137 73 388
138 1294 73 379
126 1170 75 379
128 1164 75 378
116 1067 64 420
116 1067 64 420
151 1442 87 372
122 1150 88 346
122 1150 88 346
93 824 59 434
89 805 62 438
136 1246 74 388
127 1179 73 402
116 1067 64 421
102 910 61 431
119 1121 77 378
112 1025 60 431
119 1119 88 391
136 1282 74 396
130 1157 90 353
123 1158 88 346
120 1074 64 427
111 1022 69 432
119 1125 77 378
130 1228 66 425
136 1139 76 424
122 1162 88 350
134 1269 86 379
123 1162 88 346
122 1165 88 351
120 1127 77 383
129 1212 84 381
127 1184 86 381
138 1177 83 398
135 1240 80 391
127 1153 86 416
123 1171 88 346
127 1216 82 390
125 1164 88 352
133 1219 84 381
133 1219 84 381
137 1306 88 346
133 1222 84 381
133 1183 95 359
128 1203 96 346
127 1196 88 353
131 1231 88 347
131 1207 94 347
128 1208 94 347
154 1422 84 383
140 1330 88 346
135 1206 88 363
131 1210 94 348
130 1208 94 350
133 1220 91 380
137 1294 89 362
141 1254 90 349
133 1254 88 363
154 1415 88 356
140 1287 97 350
140 1279 91 382
136 1284 88 363
135 1234 99 353
139 1283 91 367
137 1294 88 363
140 1299 89 364
137 1300 88 363
137 1294 88 370
146 1350 91 364
139 1314 88 366
147 1368 89 376
142 1344 92 366
153 1414 91 376
111 977 64 371
107 1023 71 360
101 924 100 330
75 668 54 427
74 652 55 430
74 652 54 431
73 653 54 431
108 1005 79 350
98 884 97 332
100 922 84 344
84 744 66 385
83 770 59 407
107 1013 62 374
103 976 74 356
91 846 62 387
100 919 99 331
98 924 78 351
107 994 65 370
104 981 85 343
97 875 96 333
105 941 77 353
106 900 58 389
89 787 72 360
87 777 74 358
92 798 60 380
86 816 56 411
104 929 68 366
101 907 73 359
94 863 81 348
87 810 61 391
81 690 60 409
102 919 63 373
105 955 72 359
86 768 76 355
79 712 59 412
91 812 71 363
81 730 56 418
90 813 64 372
76 672 65 416
103 940 67 366
96 844 78 352
94 843 68 367
92 859 82 349
92 848 86 344
83 720 58 413
88 806 70 364
108 919 57 393
96 856 70 362
95 876 84 345
95 873 93 335
107 913 56 394
106 1003 67 365
88 828 62 389
84 723 62 392
73 658 56 429
97 877 67 368
85 718 66 389
81 738 61 396
94 862 87 341
77 685 56 420
77 674 63 406
107 969 82 346
97 875 96 333
83 709 65 390
107 928 60 377
84 759 63 383
95 874 94 334
106 987 64 371
95 830 79 351
90 820 54 415
82 732 60 399
78 714 56 419
94 873 92 337
89 820 83 350
100 907 54 408
82 704 63 394
80 750 54 421
78 674 56 423
103 958 73 358
93 854 85 345
93 880 58 399
75 665 55 426
76 682 63 422
81 701 61 405
81 692 62 395
95 893 75 355
93 849 79 352
80 733 55 425
101 938 59 390
86 778 77 354
93 841 54 412
79 690 62 408
96 875 86 342
95 883 91 338
88 763 62 390
106 925 63 372
103 978 57 393
95 871 88 340
95 867 89 339
85 757 64 388
76 672 65 416
75 663 54 429
91 837 83 346
106 981 76 354
96 861 69 365
97 917 69 364
89 840 58 401
105 936 60 378
97 920 82 347
98 898 90 337
84 759 63 383
80 687 62 397
100 883 97 332
98 898 90 337
97 892 91 336
95 874 94 334
95 873 93 335
94 862 87 341
95 867 89 339
87 782 75 357
94 875 80 349
74 652 55 430
97 892 91 336
89 795 74 357
87 790 56 415
77 679 54 426
105 953 55 401
104 947 61 376
92 817 55 417
89 810 58 403
81 715 61 403
92 858 80 352
74 652 54 431
96 882 62 375
76 682 67 410
75 668 54 427
74 652 54 431
107 935 68 364
106 949 56 397
104 945 58 396
80 750 54 421
95 856 71 361
76 687 58 424
87 782 75 357
87 765 60 392
105 936 60 378
105 935 59 397
108 1004 88 339
74 657 56 425
74 652 54 431
106 990 55 400
74 657 56 425
87 756 61 394
106 990 55 400
103 958 73 358
91 837 83 346
80 703 60 405
105 953 55 401
96 899 66 367
95 871 88 340
92 812 71 362
73 663 56 425
108 1004 88 339
97 920 82 347
85 757 64 388
74 652 55 430
108 1004 88 339
74 657 56 425
73 653 54 431
100 883 97 332
74 657 56 425
74 652 55 430
74 652 55 430
74 652 55 430
74 652 54 431
74 652 54 431
74 652 54 431
74 652 54 431
74 652 54 431
74 652 54 431
74 652 54 431
134 1245 91 339
103 930 97 333
75 662 54 431
74 657 54 436
81 720 56 427
102 972 66 403
79 693 55 430
106 964 61 425
124 1084 71 375
108 944 65 414
114 1053 75 377
130 1182 71 371
120 1123 86 343
130 1167 57 407
113 1033 78 361
117 1088 64 385
129 1174 57 410
112 983 79 387
123 1175 83 348
129 1221 70 374
113 1082 77 354
110 1019 76 366
123 1130 96 333
132 1172 92 336
121 1103 56 418
122 1064 61 420
122 1116 94 335
134 1224 62 389
110 1051 71 383
114 988 68 392
111 1020 68 393
116 1073 59 397
121 1084 62 393
113 1012 69 389
110 1011 66 397
110 1004 96 334
103 930 97 333
116 1053 84 346
122 1097 90 341
116 1078 88 344
113 1050 89 351
117 1072 93 336
115 1055 88 347
112 1078 84 350
112 1065 61 398
110 1035 90 344
116 1055 65 387
112 1017 92 342
112 1067 88 351
145 1315 77 379
105 950 97 333
83 717 54 431
81 722 54 435
85 770 56 427
138 1262 57 407
109 992 66 411
131 1186 71 385
131 1181 57 417
84 741 55 430
118 1082 73 395
116 1030 85 366
115 1036 69 403
122 1121 92 343
125 1136 84 353
116 1077 80 376
124 1191 86 343
121 1105 82 356
112 1020 94 364
126 1120 66 391
120 1051 67 410
117 1077 63 415
117 1115 61 405
118 1079 59 397
128 1149 75 381
118 1064 90 361
117 1111 93 337
111 1005 68 407
128 1171 65 387
124 1112 88 351
112 1070 81 383
124 1189 95 336
121 1085 81 357
129 1161 78 360
118 1117 88 344
115 1061 96 335
118 1081 91 346
122 1114 76 380
111 1047 78 401
116 1060 65 399
120 1119 68 388
118 1084 79 359
124 1165 86 352
120 1108 75 383
117 1082 62 400
117 1079 91 354
117 1033 81 376
130 1164 86 351
115 1040 81 365
117 1105 85 353
117 1106 75 396
147 1387 66 394
105 951 97 333
99 879 54 431
88 776 54 437
111 995 66 411
96 842 56 428
146 1384 83 360
135 1261 84 360
118 1093 63 418
116 1103 68 405
138 1204 92 343
124 1146 77 382
118 1035 86 398
96 857 55 430
132 1249 95 337
130 1211 78 369
129 1150 73 389
128 1167 71 394
133 1192 68 390
125 1136 59 397
121 1114 60 402
118 1077 72 403
120 1085 81 363
126 1196 75 391
120 1111 79 375
127 1099 79 365
119 1157 90 357
124 1129 80 372
131 1226 83 361
119 1156 93 348
121 1133 75 401
122 1147 86 356
121 1128 88 344
125 1155 87 353
123 1178 94 342
129 1202 86 351
118 1132 92 352
128 1223 93 340
129 1203 85 357
123 1099 88 357
128 1204 96 338
131 1145 94 340
119 1082 86 374
125 1178 94 339
140 1310 81 363
108 980 97 333
97 844 54 438
115 1019 59 433
117 1065 70 411
135 1199 73 389
122 1138 88 344
133 1226 78 374
126 1203 94 339
123 1162 86 356
120 1086 84 366
126 1186 61 403
133 1196 80 377
124 1117 69 406
136 1253 83 364
129 1176 59 397
123 1114 71 405
135 1269 84 360
129 1153 81 369
126 1184 95 343
131 1141 81 374
132 1245 84 363
131 1171 83 368
125 1185 70 400
122 1144 69 409
124 1117 69 406
129 1175 59 403
127 1174 81 397
126 1137 69 400
123 1133 69 406
129 1176 59 397
135 1269 84 360
135 1269 84 360
129 1176 59 397
135 1269 84 360
129 1176 59 397
129 1176 59 397
144 1360 81 366
130 1204 59 397
125 1127 69 406
114 1040 97 333
133 1273 78 384
138 1299 84 363
123 1148 88 344
124 1178 86 356
133 1185 59 397
129 1139 72 405
121 1129 87 368
130 1233 83 382
123 1109 84 368
128 1223 94 339
129 1206 65 405
133 1239 83 370
138 1277 83 365
128 1223 94 339
142 1289 84 366
134 1230 59 403
129 1228 94 339
127 1142 69 406
114 1040 101 343
135 1229 59 397
122 1120 99 347
126 1204 87 368
131 1228 75 405
119 1149 97 348
132 1238 88 344
127 1202 86 356
129 1162 94 344
125 1184 91 349
123 1149 92 352
130 1191 90 350
124 1160 88 354
129 1217 89 346
127 1193 86 367
127 1158 91 351
125 1193 93 345
129 1212 93 344
146 1382 86 358
135 1236 59 397
130 1233 94 339
128 1163 99 356
127 1147 69 406
125 1193 93 348
143 1298 86 364
138 1231 65 399
134 1246 79 405
130 1209 86 373
146 1230 75 398
132 1252 86 370
136 1273 92 347
137 1237 92 349
127 1197 94 346
128 1185 88 359
126 1173 88 369
130 1160 90 356
135 1248 87 368
125 1185 91 357
125 1195 89 357
141 1285 59 397
135 1262 97 346
130 1187 77 411
129 1215 78 420
127 1199 83 410
134 1260 91 364
136 1238 92 356
133 1230 94 348
128 1208 94 354
142 1347 67 405
138 1265 95 348
136 1248 96 366
141 1260 95 355
