1 0.651961
228 2112 110 669
191 1762 94 709
184 1538 117 711
174 1448 124 634
166 1574 125 691
206 1887 115 655
167 1504 120 694
201 1890 103 670
176 1653 96 689
195 1808 109 670
200 1792 119 659
177 1617 102 685
172 1585 107 690
184 1736 102 683
195 1796 120 653
175 1604 110 678
180 1661 106 672
180 1661 106 672
187 1789 116 671
192 1747 111 663
186 1642 120 664
175 1575 113 684
194 1756 120 661
177 1617 102 685
195 1796 120 653
195 1796 120 653
195 1796 120 653
195 1796 120 653
208 1700 105 698
207 1935 103 676
196 1715 98 699
177 1594 113 737
174 1448 124 636
174 1448 124 636
173 1515 147 710
198 1799 120 654
207 1835 118 664
186 1754 104 692
180 1664 106 672
188 1771 102 689
178 1566 121 704
179 1649 116 707
174 1448 124 636
190 1628 110 710
174 1448 124 636
198 1787 103 687
189 1670 120 665
176 1617 118 704
190 1628 110 710
184 1629 110 682
178 1684 110 679
189 1672 120 664
181 1609 118 685
183 1589 114 703
181 1609 118 685
183 1589 114 703
183 1589 114 703
178 1684 110 679
183 1589 114 703
181 1609 118 685
181 1609 118 685
184 1629 110 682
184 1629 110 682
189 1672 120 664
178 1684 110 679
189 1672 120 664
189 1672 120 664
189 1672 120 664
189 1672 120 664
184 1629 110 682
184 1629 110 682
183 1589 114 703
183 1589 114 703
183 1589 114 703
181 1609 118 685
174 1448 124 636
174 1448 124 636
232 2134 100 699
185 1754 108 746
175 1468 124 636
209 1854 101 735
208 1960 103 676
181 1609 120 698
189 1676 120 664
187 1764 104 695
192 1734 106 672
181 1664 110 714
201 1700 109 691
200 1813 102 698
184 1659 113 725
197 1728 107 689
182 1622 118 685
196 1713 110 682
189 1689 113 703
178 1652 118 704
191 1649 114 703
189 1641 114 704
206 1823 101 738
183 1714 116 676
179 1669 116 707
192 1671 108 707
189 1689 113 703
181 1714 110 679
179 1669 116 707
206 1823 101 738
182 1724 110 675
206 1823 101 738
206 1823 101 738
179 1669 116 707
179 1669 116 707
228 2079 125 652
206 1823 101 743
197 1823 131 662
177 1606 125 681
216 1994 102 698
205 1856 107 691
209 1966 102 705
198 1738 120 664
181 1684 125 672
183 1634 118 704
206 1826 101 738
190 1764 123 676
184 1744 110 679
202 1683 118 701
209 1970 103 676
187 1682 113 723
208 1714 111 686
187 1786 104 695
196 1773 108 672
193 1675 115 726
193 1675 115 726
183 1741 116 687
190 1732 121 679
187 1786 104 695
195 1700 114 703
189 1689 113 706
183 1677 119 685
192 1703 108 711
197 1728 107 692
187 1682 113 723
192 1719 113 703
192 1703 108 711
209 1970 103 676
197 1728 107 692
206 1826 101 738
189 1731 113 703
192 1703 108 711
192 1703 108 711
197 1728 107 692
187 1682 113 723
192 1703 108 711
192 1703 108 711
232 2039 110 678
218 1997 102 698
216 2040 103 676
215 1906 120 664
190 1700 133 680
180 1619 125 695
177 1625 129 741
225 1979 103 714
193 1676 115 726
205 1808 107 692
199 1814 131 673
206 1819 118 672
183 1673 124 715
197 1753 108 717
185 1757 113 735
214 1770 110 687
196 1823 111 679
189 1792 104 695
188 1744 115 685
186 1717 118 704
181 1647 125 690
187 1687 120 712
196 1732 112 715
199 1748 113 691
215 1778 111 686
186 1717 118 704
191 1716 121 688
187 1687 120 712
186 1717 118 704
191 1716 121 688
185 1752 113 739
198 1787 110 692
195 1746 118 679
185 1639 125 683
185 1639 125 683
191 1716 121 688
185 1724 125 678
185 1724 125 678
185 1724 125 678
240 2179 103 683
233 2147 120 664
220 2014 102 698
185 1625 147 710
182 1653 151 758
181 1677 129 741
232 2140 128 670
181 1678 135 705
216 1887 114 685
201 1841 131 678
210 1858 107 692
189 1768 115 732
191 1753 115 690
203 1803 104 723
196 1796 109 701
185 1757 113 739
193 1846 104 695
198 1770 108 719
199 1778 118 682
183 1667 125 690
186 1649 125 683
204 1801 108 710
183 1667 125 690
193 1812 113 703
198 1788 110 707
209 1820 118 681
197 1791 114 720
207 1829 118 672
190 1832 119 689
207 1829 118 672
215 1780 111 686
215 1780 111 686
190 1816 104 698
181 1677 129 741
190 1755 118 706
215 1780 111 686
215 1780 111 686
215 1780 111 686
215 1780 111 686
215 1780 111 686
232 2134 102 698
207 1831 118 672
189 1631 147 753
186 1725 161 688
184 1674 151 764
184 1674 151 764
221 1937 107 692
216 2010 115 686
228 2045 103 732
204 1836 133 683
231 2089 111 691
186 1783 113 739
209 1825 112 715
185 1635 147 710
197 1849 104 695
186 1725 161 688
187 1690 125 684
193 1655 126 694
184 1674 151 764
184 1747 131 707
195 1808 123 693
199 1757 119 702
200 1798 117 709
191 1788 115 732
199 1820 105 719
196 1829 113 724
203 1826 115 706
232 2134 102 698
207 1800 119 687
196 1793 120 703
184 1727 133 720
185 1635 147 710
197 1829 115 722
196 1833 113 720
190 1654 126 695
196 1793 120 703
190 1832 119 693
190 1654 126 695
232 2134 102 698
191 1788 115 732
190 1832 119 693
196 1833 113 720
196 1793 120 703
184 1727 133 720
232 2134 102 698
196 1833 113 720
191 1788 115 732
185 1635 147 710
238 2159 111 691
212 1856 118 672
210 1891 104 747
205 1929 104 765
189 1635 147 753
188 1702 151 761
224 2052 114 692
223 2023 104 737
214 1932 109 697
198 1770 134 686
199 1853 106 722
194 1741 141 684
212 1920 105 729
189 1635 147 753
218 1912 109 698
208 1881 141 681
197 1803 120 712
190 1838 125 690
202 1892 106 713
190 1670 147 710
191 1695 147 704
189 1754 131 690
201 1815 120 703
205 1904 113 696
211 1902 104 745
201 1708 126 691
196 1787 127 697
207 1903 125 680
196 1863 119 693
224 2052 114 692
198 1748 126 707
195 1761 128 693
210 1922 111 707
208 1903 119 689
194 1877 119 693
204 1878 114 713
211 1905 110 699
195 1761 128 693
211 1905 110 699
207 1903 125 680
224 2052 114 692
243 2070 127 680
233 2162 134 673
231 2176 128 673
215 1942 104 748
213 1950 104 768
203 1723 161 753
194 1818 168 692
195 1772 143 757
223 2046 108 720
210 1989 117 707
198 1763 132 712
233 2096 107 728
206 1867 124 705
206 1858 110 734
197 1827 133 726
214 1891 105 767
200 1800 141 684
238 2153 127 677
217 1922 132 695
202 1893 113 728
216 1929 128 686
202 1815 120 730
235 2157 128 676
218 2019 120 685
215 1920 120 700
238 2153 127 677
211 1874 112 727
209 1880 122 726
200 1800 141 684
222 1947 120 682
208 1933 119 690
218 2019 120 685
206 1936 119 698
206 1858 110 734
222 1947 120 682
215 1942 104 748
214 1932 109 698
213 1950 104 768
208 1933 119 690
206 1858 110 734
215 1942 104 748
214 1932 109 698
215 1942 104 748
238 2153 127 677
215 1942 104 748
200 1800 141 684
247 2258 126 690
238 2236 128 673
229 2089 104 768
219 1978 104 771
204 1800 153 749
201 1870 161 687
198 1866 133 722
242 2203 128 673
220 1992 107 760
202 1845 137 750
217 2037 119 699
219 1943 109 701
217 1903 131 717
211 1901 110 734
205 1905 122 729
222 1991 141 683
208 1918 111 746
215 1936 156 700
222 2054 127 682
208 1890 133 718
224 2042 120 691
217 1934 113 700
212 1939 121 731
222 1986 138 685
208 1991 128 691
223 2050 127 683
250 2291 127 689
243 2271 128 673
220 2026 106 780
213 1926 149 753
213 1906 115 770
211 1980 134 726
227 2113 114 743
229 2090 131 686
217 1965 119 721
219 1947 116 700
218 2042 141 694
220 1982 112 753
218 2017 142 694
263 2275 117 716
243 2279 128 673
243 2279 128 673
233 2130 130 720
228 1994 127 736
217 2008 123 739
239 2211 120 709
219 2039 122 721
243 2279 128 673
243 2279 128 673
243 2279 128 673
254 2305 128 678
243 2258 137 715
234 2088 122 769
223 2100 125 740
246 2191 128 723
242 2206 124 726
265 2300 128 749
251 2203 163 738
245 2168 105 678
200 1679 146 647
172 1511 96 701
172 1511 96 701
152 1446 133 658
174 1582 106 652
222 2034 98 691
169 1593 103 696
222 2034 98 691
172 1511 96 701
172 1511 96 701
172 1511 96 701
253 2248 105 684
214 1905 98 710
201 1693 146 647
201 1693 146 647
177 1563 115 716
176 1586 119 733
173 1637 130 696
229 1946 112 654
194 1775 101 717
253 2248 105 684
183 1647 139 678
222 2043 103 695
177 1669 107 663
224 2067 99 698
182 1605 123 706
203 1824 140 660
209 1956 106 678
176 1586 119 733
213 1997 116 655
214 1998 104 697
210 1817 103 701
174 1608 116 681
178 1564 115 708
208 1871 101 714
201 1693 146 647
208 1820 106 712
224 2067 99 698
205 1849 103 705
214 1891 98 715
201 1693 146 647
201 1693 146 647
205 1849 103 705
176 1586 119 733
177 1563 115 716
253 2248 105 684
177 1563 115 716
177 1563 115 716
177 1563 115 716
253 2256 105 684
234 2045 176 650
214 1891 98 720
196 1665 115 727
181 1617 139 697
174 1624 140 691
229 2087 103 697
253 2248 105 690
174 1624 140 691
232 1984 112 662
207 1812 121 673
183 1682 139 687
188 1738 118 678
215 2036 106 692
174 1620 119 706
205 1833 102 718
221 1962 101 714
190 1819 126 667
221 1962 101 714
192 1702 130 675
214 1891 98 720
219 1871 108 663
184 1693 115 699
179 1647 121 691
210 1846 107 664
181 1629 117 709
199 1838 110 664
185 1686 116 681
180 1655 128 690
192 1702 130 675
192 1734 107 692
187 1702 109 680
184 1654 127 685
197 1818 110 669
197 1818 110 669
214 1891 98 720
214 1891 98 720
192 1702 130 675
192 1702 130 675
174 1624 140 691
174 1624 140 691
258 2298 105 684
241 2065 176 658
235 2089 104 728
198 1739 111 745
178 1636 154 721
241 2151 105 714
241 2065 176 658
178 1636 154 721
181 1723 132 711
221 2017 108 739
190 1728 142 680
201 1757 121 678
199 1838 110 669
188 1669 123 701
208 1777 110 735
224 1930 115 664
227 1948 107 719
217 2060 106 692
206 1874 119 666
182 1645 122 730
184 1665 139 692
190 1697 122 691
223 1958 106 721
234 2004 112 662
218 1820 119 669
205 1834 113 684
194 1783 112 701
241 2151 105 714
210 1751 109 699
196 1879 126 667
186 1678 127 685
185 1654 125 716
186 1678 127 685
178 1684 140 694
189 1793 109 697
225 1931 109 666
184 1714 124 697
234 1991 107 712
196 1746 113 692
183 1714 140 691
210 1751 109 699
195 1763 111 715
181 1664 121 719
184 1725 117 717
181 1664 121 719
189 1726 116 681
195 1763 111 715
234 2004 112 662
234 1991 107 712
196 1879 126 667
184 1725 117 717
184 1683 142 685
217 2060 106 692
218 1820 119 669
234 2004 112 662
189 1726 116 681
189 1726 116 681
184 1683 142 685
234 2004 112 662
234 2004 112 662
234 2004 112 662
217 2060 106 692
196 1879 126 667
196 1879 126 667
189 1726 116 681
236 2024 112 662
230 2079 106 750
222 2107 106 692
185 1735 152 704
182 1660 141 738
188 1690 142 703
213 1893 113 710
205 1940 120 670
186 1723 125 700
190 1709 131 688
225 1931 109 667
189 1730 116 681
194 1708 131 690
212 1769 109 719
197 1830 115 733
208 1928 110 669
206 1915 112 713
201 1836 137 678
190 1670 138 720
200 1775 114 726
220 1869 115 717
188 1720 137 694
207 1812 121 678
207 1812 121 678
202 1774 111 724
200 1824 113 729
190 1697 122 692
206 1862 119 671
194 1708 131 690
185 1739 124 704
220 1869 115 717
201 1869 111 730
225 1931 109 667
185 1739 124 704
190 1709 131 688
206 1862 119 671
189 1703 139 692
201 1877 121 678
206 1832 139 679
206 1862 119 671
200 1775 114 726
202 1774 111 724
206 1828 115 718
206 1828 115 718
201 1836 137 678
189 1703 139 692
225 1931 109 667
225 1931 109 667
207 1812 121 678
207 1812 121 678
261 2255 184 662
231 2116 106 744
203 1844 113 752
190 1697 122 696
188 1720 137 700
194 1718 141 690
208 1923 179 672
231 2116 106 744
240 2098 106 750
206 1915 113 734
214 2009 110 679
240 2098 106 750
236 1941 114 718
225 1931 117 674
210 1781 112 724
234 2004 112 667
209 1931 128 671
220 1979 113 685
199 1748 120 709
205 1884 133 678
189 1750 116 681
218 1877 123 676
205 1825 114 726
195 1740 121 691
193 1733 134 691
228 1944 112 668
207 1815 121 678
212 1922 119 671
216 1825 115 721
199 1748 120 709
188 1720 137 700
220 1935 112 723
208 1923 179 672
215 1951 114 704
215 1951 114 704
210 1938 115 687
215 1937 110 719
218 1877 123 676
205 1945 120 676
249 2144 106 754
239 2196 106 744
234 2004 112 668
198 1736 137 697
190 1697 122 698
190 1697 122 698
228 2073 119 668
212 1979 124 673
210 1837 131 679
195 1750 117 729
249 2144 106 754
245 2148 106 750
220 1983 113 693
193 1773 116 684
198 1867 118 682
200 1769 122 690
218 1911 121 681
209 1902 133 678
219 2016 114 700
210 1940 115 712
204 1759 120 702
209 1939 114 730
219 1923 113 745
219 1939 110 744
235 2148 111 710
205 1946 120 676
198 1761 116 737
193 1762 116 733
235 2148 111 710
209 1902 133 678
212 1940 113 733
210 1940 115 712
190 1697 122 698
205 1946 120 676
205 1946 120 676
190 1697 122 698
193 1762 116 733
190 1697 122 698
259 2318 110 749
217 1974 142 677
211 1892 181 681
190 1715 122 705
190 1697 137 702
250 2199 111 711
225 1985 114 725
235 2148 112 696
220 1986 113 696
235 2148 116 687
218 1950 114 737
206 1791 135 691
194 1772 116 733
214 1874 131 679
216 1803 118 710
192 1742 126 699
196 1806 123 695
201 1840 117 711
194 1806 117 730
214 1874 131 679
211 1943 120 687
190 1733 128 700
218 1955 119 697
203 1834 127 685
204 1822 131 690
207 1821 127 684
210 1974 119 701
211 1943 120 687
195 1836 127 684
194 1729 123 701
202 1955 124 682
210 1977 122 699
205 1815 127 688
202 1819 117 702
205 1815 127 688
220 1986 113 696
202 1955 124 682
210 1974 119 701
235 2148 116 687
194 1729 123 701
235 2148 116 687
236 2158 116 687
235 2189 116 687
220 1994 113 698
219 1971 145 683
211 1957 188 686
202 1768 122 751
191 1698 139 722
190 1738 128 700
221 1997 127 683
195 1728 124 723
211 1882 155 696
194 1732 131 706
209 1828 120 716
214 1829 138 684
211 1882 155 696
210 1895 117 704
196 1771 122 717
199 1831 133 697
205 1724 124 718
200 1850 124 701
202 1866 120 703
211 1888 127 688
218 1826 124 696
205 1877 123 702
218 1826 124 696
198 1728 124 705
210 1861 123 706
190 1738 128 700
221 1997 127 683
205 1877 123 702
205 1724 124 718
190 1738 128 700
210 1861 123 706
241 2173 115 753
240 2198 116 687
217 1943 155 692
215 2025 123 763
200 1731 133 719
190 1738 128 704
214 2050 151 696
196 1736 131 725
202 1840 137 700
235 2128 122 704
233 2019 128 688
205 1902 134 697
223 1923 120 710
218 1888 133 689
224 2027 116 707
211 1865 126 702
199 1746 124 716
216 1942 117 708
198 1754 129 703
202 1817 124 711
211 1865 126 702
202 1817 124 711
198 1754 129 703
215 2035 124 710
246 2223 116 717
244 2204 119 695
219 1830 125 757
199 1789 175 705
198 1755 128 709
196 1779 129 712
225 2059 119 725
232 2097 121 711
240 2184 116 718
223 2020 137 696
211 1892 126 705
200 1773 162 705
205 1945 151 697
205 1940 151 700
199 1789 175 705
208 1892 125 725
200 1774 129 703
208 1976 134 698
208 1940 134 700
208 1940 134 700
251 2252 119 708
248 2122 119 742
215 2010 134 700
209 1951 151 701
203 1830 138 708
197 1841 140 719
235 2103 124 739
247 2230 124 736
224 2122 126 724
223 1972 128 715
202 1870 128 718
241 2239 126 714
252 2255 124 712
235 2030 139 707
216 1915 135 746
211 1837 145 711
206 1857 142 715
221 2047 137 710
241 2135 138 729
226 2100 152 713
224 1943 189 714
223 1987 154 729
226 2089 141 728
212 1899 108 648
208 1948 133 654
184 1636 107 731
183 1675 95 718
174 1511 110 676
171 1551 151 726
170 1605 119 679
171 1551 151 726
198 1751 104 683
187 1693 125 666
209 1862 106 657
186 1623 96 696
183 1663 109 690
196 1831 97 669
174 1511 110 676
186 1701 106 682
190 1761 103 677
191 1643 108 692
193 1662 108 691
194 1809 99 667
194 1809 99 667
194 1752 100 695
184 1636 107 731
190 1761 103 677
183 1675 95 718
196 1693 106 694
174 1511 110 676
183 1675 95 718
174 1511 110 676
194 1809 99 667
174 1511 110 676
174 1511 110 676
216 2010 125 654
212 1994 133 654
185 1639 107 731
184 1685 95 718
174 1511 110 677
172 1567 151 726
216 1947 146 656
189 1706 107 704
204 1828 111 673
202 1889 99 667
204 1778 133 674
195 1795 104 689
196 1769 100 698
199 1822 98 705
215 1884 131 668
185 1639 107 731
210 1856 132 671
208 1800 104 684
209 1876 99 697
196 1692 108 692
216 2001 98 700
210 1816 104 683
210 1816 104 683
199 1822 98 705
196 1699 108 691
199 1822 98 705
185 1639 107 731
245 2178 123 674
216 2010 133 654
184 1689 95 718
181 1627 113 760
179 1602 135 699
177 1580 120 733
227 2039 101 697
232 1963 104 684
204 1882 128 678
216 2010 133 654
217 1977 98 705
220 1940 106 694
215 1881 131 673
185 1639 110 731
220 1980 109 679
187 1667 112 713
215 1881 131 673
200 1833 113 684
208 1772 110 690
206 1798 111 680
204 1852 100 698
218 1959 107 684
195 1754 117 686
190 1599 119 685
186 1601 116 700
193 1729 114 691
181 1589 120 686
184 1705 115 697
191 1766 110 711
180 1620 114 698
189 1636 112 697
195 1782 135 680
195 1746 120 682
196 1693 108 692
192 1817 114 692
196 1693 108 692
204 1852 100 698
195 1746 120 682
192 1817 114 692
191 1766 110 711
195 1782 135 680
196 1693 108 692
196 1693 108 692
216 2010 133 654
215 1881 131 673
204 1852 100 698
241 2179 101 697
240 2184 101 697
226 2029 154 654
186 1705 95 718
185 1697 109 730
181 1610 120 728
220 2005 140 676
236 2094 133 654
204 1865 113 690
188 1741 143 689
220 2005 140 676
236 2106 105 714
208 1748 110 692
197 1721 108 693
195 1818 120 682
241 2179 101 697
192 1837 114 704
229 2078 106 711
186 1655 130 714
229 2078 106 711
188 1685 127 699
194 1767 113 717
196 1802 118 692
196 1750 114 709
190 1640 116 700
182 1661 135 704
195 1783 135 680
195 1746 120 683
183 1627 135 699
190 1640 116 700
206 1800 111 680
188 1685 127 699
220 2005 140 676
188 1713 115 698
206 1800 111 680
182 1688 134 692
194 1779 114 694
206 1800 111 680
194 1779 114 694
194 1779 114 694
241 2179 101 697
241 2179 101 697
241 2179 101 697
241 2179 101 697
249 2191 101 709
245 2219 101 697
228 2065 154 658
206 1866 96 730
196 1784 107 752
184 1642 136 744
183 1698 134 692
228 2065 154 658
183 1672 138 741
221 1997 99 718
216 1900 111 680
198 1731 127 699
217 1835 109 708
186 1664 120 733
199 1742 111 701
216 1884 99 728
196 1752 128 686
183 1698 134 692
204 1820 113 693
190 1649 116 700
190 1765 112 745
212 1884 108 721
211 1919 108 710
186 1664 120 733
211 1778 110 692
210 1903 107 725
205 1828 105 744
196 1752 128 686
192 1822 115 724
195 1812 108 751
208 1982 108 724
208 1813 122 692
208 1884 109 711
205 1870 110 708
208 1982 108 724
208 1813 122 692
196 1824 117 696
212 1854 108 724
206 1890 112 683
192 1784 117 699
195 1787 112 724
197 1794 107 744
197 1794 107 744
206 1890 112 683
196 1824 117 696
207 1834 108 725
202 1800 110 731
211 1919 108 710
201 1829 109 723
202 1800 110 731
201 1829 109 723
195 1787 112 724
208 1884 109 711
202 1800 110 731
201 1829 109 723
228 2065 154 658
186 1664 120 733
252 2221 101 710
207 1900 112 683
206 1870 96 730
199 1768 115 774
191 1654 116 700
186 1726 158 723
183 1698 148 737
190 1686 117 743
232 2114 106 728
232 2114 106 728
199 1768 115 774
222 2039 109 722
222 2039 109 722
204 1905 137 688
197 1787 127 699
209 1951 108 729
216 1828 110 692
204 1773 130 698
186 1726 158 723
186 1664 120 736
206 1870 96 730
209 1833 120 694
187 1741 146 714
207 1939 111 705
188 1706 142 733
201 1852 112 703
200 1837 134 692
189 1760 144 714
202 1865 111 706
196 1757 143 699
198 1810 114 729
212 1858 108 724
209 1833 120 694
200 1810 142 692
212 1858 108 724
194 1781 136 698
187 1741 146 714
202 1839 109 723
188 1706 142 733
190 1702 135 731
190 1702 135 731
194 1781 136 698
194 1781 136 698
212 1858 108 724
209 1833 120 694
206 1870 96 730
190 1702 135 731
186 1726 158 723
260 2301 101 710
250 2322 116 691
226 2095 129 684
220 2015 153 685
206 1870 96 731
202 1666 122 717
188 1701 129 751
187 1741 146 720
229 2121 124 686
200 1803 139 699
190 1726 142 735
208 1888 109 723
214 1958 118 700
256 2321 110 722
204 1856 115 717
220 2015 153 685
198 1715 118 708
191 1786 125 746
219 2039 112 702
192 1739 146 714
192 1748 130 710
211 1908 121 688
196 1696 116 710
192 1706 130 726
217 2034 119 693
202 1857 112 703
191 1786 125 746
211 1903 121 689
192 1722 127 730
196 1758 126 700
218 1887 127 695
194 1758 120 734
202 1793 119 700
194 1758 120 734
218 1887 127 695
202 1857 112 703
192 1724 126 746
192 1724 126 746
255 2360 133 684
223 1928 103 735
196 1787 178 704
196 1699 117 743
191 1723 152 774
221 2050 104 734
201 1839 144 703
205 1822 176 704
193 1788 152 720
218 1907 121 689
206 1944 109 771
207 1900 108 751
214 2030 109 725
195 1786 134 720
193 1706 149 738
209 1962 123 709
194 1755 129 750
207 1889 113 711
207 1972 105 731
204 1858 117 711
219 1950 109 723
206 1804 119 732
198 1812 126 717
198 1701 130 726
196 1794 122 721
196 1756 151 737
211 1963 112 728
205 1866 115 717
213 1928 112 703
196 1699 117 743
221 2050 104 734
216 1909 116 703
207 1972 105 731
198 1701 130 726
211 1963 112 728
198 1812 126 717
216 1909 116 703
194 1755 129 750
205 1866 115 717
207 1900 108 751
210 1892 104 737
210 1892 104 737
207 1900 108 751
245 2028 106 767
237 2127 178 692
235 2153 104 742
234 2174 112 708
216 2038 109 773
202 1766 140 734
195 1793 143 728
207 1925 154 704
229 2120 128 697
224 2003 146 702
231 2168 112 723
204 1784 117 747
215 2023 132 704
215 1942 113 706
201 1802 120 744
245 1960 106 769
198 1836 127 756
211 1992 115 729
203 1866 138 737
207 1881 115 737
221 2034 107 748
210 1900 122 711
195 1793 143 728
222 1902 106 770
210 1900 122 711
217 1982 112 738
201 1844 139 731
219 2035 106 732
200 1830 128 738
221 2025 109 773
200 1768 121 759
199 1871 124 739
200 1768 121 759
202 1766 140 734
198 1836 127 756
199 1871 124 739
231 2166 113 703
245 1960 106 769
231 2166 113 703
221 2025 109 773
244 2269 143 705
226 2132 178 708
219 2039 106 742
211 1876 120 766
208 1859 147 731
208 1848 141 735
240 2178 114 725
216 1960 169 709
237 2019 117 749
223 2079 108 740
217 1969 127 721
220 1943 124 710
230 2107 122 721
218 2054 146 720
208 1906 122 758
235 2115 107 738
209 1885 119 762
227 2046 116 730
214 1899 120 747
218 1937 119 746
238 2118 119 727
246 2052 106 765
236 2244 122 737
234 2114 108 784
226 2096 134 712
217 1897 155 735
214 1979 141 735
237 2123 127 716
222 2093 114 747
217 1999 134 755
228 2068 109 758
217 1947 124 777
238 1961 128 760
222 2052 127 741
225 1976 130 713
251 2213 115 773
247 2267 126 740
241 2253 112 769
236 2129 131 713
227 2009 140 734
223 2017 144 787
225 2024 132 757
229 2094 120 762
233 2175 131 737
228 2128 119 777
251 2319 116 776
241 2150 162 718
232 2116 145 746
233 2135 130 765
233 2221 93 680
205 1809 129 633
202 1775 131 639
186 1634 99 732
169 1495 129 681
168 1537 110 714
212 1956 112 671
216 1850 108 680
206 1946 99 675
181 1596 106 708
196 1753 126 663
177 1532 118 690
178 1678 99 697
208 1870 109 682
190 1688 116 669
175 1553 125 694
194 1669 128 688
182 1544 117 702
186 1631 111 706
168 1537 110 714
214 1839 107 681
206 1911 108 690
196 1753 126 663
175 1553 125 694
199 1664 117 689
181 1596 106 708
190 1768 111 692
204 1690 110 696
168 1537 110 714
190 1793 99 696
199 1740 111 689
212 1956 112 671
199 1740 111 689
212 1956 112 671
204 1690 110 696
190 1793 99 696
175 1553 125 694
204 1690 110 696
168 1537 110 714
212 1956 112 671
212 1956 112 671
199 1740 111 689
181 1596 106 708
181 1596 106 708
181 1596 106 708
181 1596 106 708
221 1900 108 680
220 2036 112 671
202 1795 131 639
186 1683 99 751
171 1496 137 685
169 1542 131 694
196 1763 126 663
195 1800 120 672
205 1749 130 673
218 1946 107 692
213 1920 109 682
186 1709 104 732
179 1609 118 697
216 1905 114 685
182 1602 112 737
181 1650 110 719
185 1636 106 708
184 1587 129 682
186 1683 99 751
190 1779 101 699
193 1689 117 701
190 1663 111 707
200 1751 111 690
191 1646 119 696
198 1687 117 697
194 1720 127 684
180 1657 110 714
185 1755 101 713
182 1602 112 737
184 1676 108 716
194 1669 128 691
192 1700 127 688
221 1900 108 680
192 1700 127 688
221 1900 108 680
193 1693 111 706
194 1669 128 691
192 1700 127 688
221 1900 108 680
193 1693 111 706
190 1797 99 696
185 1755 101 713
185 1755 101 713
221 1900 108 680
221 1900 108 680
221 1900 108 680
194 1669 128 691
194 1669 128 691
193 1693 111 706
186 1683 99 751
186 1683 99 751
186 1683 99 751
230 1992 114 685
224 2148 99 698
206 1815 131 639
182 1629 126 762
173 1519 137 685
173 1519 137 685
173 1519 137 685
183 1621 131 725
205 1833 131 645
225 2079 105 697
215 1848 115 699
188 1732 134 684
228 2070 109 682
193 1725 125 696
196 1814 120 672
180 1631 126 720
214 1903 107 698
196 1766 126 663
222 1958 108 689
193 1707 127 688
186 1765 101 718
184 1624 120 698
227 1956 114 692
201 1865 105 710
213 2002 111 694
222 1967 100 698
199 1870 99 701
212 1853 116 692
185 1751 106 715
187 1662 118 716
197 1733 111 706
191 1741 131 682
182 1649 125 702
203 1722 116 711
189 1688 114 718
196 1766 126 663
198 1826 112 700
193 1693 111 712
204 1760 112 702
213 2002 111 694
230 1992 114 685
193 1722 110 719
190 1768 126 697
205 1806 105 717
206 1815 131 639
191 1741 131 682
198 1852 107 708
198 1701 117 701
190 1760 118 698
198 1701 117 701
212 1853 116 692
185 1645 118 722
189 1733 119 711
189 1733 119 711
206 1849 108 711
185 1645 118 722
205 1806 105 717
190 1760 118 698
190 1760 118 698
198 1701 117 701
196 1766 126 663
206 1815 131 639
206 1815 131 639
254 2296 103 698
218 1968 99 730
208 1835 131 639
203 1840 109 747
181 1596 141 712
176 1623 146 698
242 2136 99 718
219 1996 126 669
254 2296 103 698
224 1972 108 689
217 1988 119 692
191 1778 134 682
179 1619 137 686
193 1710 127 688
200 1789 112 743
193 1806 110 717
185 1641 131 725
189 1718 114 739
210 1755 117 702
186 1651 131 722
197 1642 124 711
206 1832 120 681
224 1972 108 689
202 1749 117 732
179 1619 137 686
205 1910 104 717
202 1880 101 722
205 1883 106 706
198 1771 121 698
214 1849 112 715
218 1968 99 730
198 1771 121 698
191 1741 131 684
204 1780 130 684
189 1680 125 703
198 1834 120 672
206 1895 112 700
205 1733 113 713
212 1788 117 701
184 1726 121 724
209 1795 117 705
201 1847 114 711
188 1628 126 705
218 1943 107 698
197 1851 126 682
197 1783 118 707
218 1943 107 698
204 1914 114 700
189 1718 114 739
191 1816 118 723
183 1727 126 739
207 1828 109 716
204 1875 112 712
204 1797 130 681
189 1680 125 703
210 1830 126 688
202 1816 113 716
210 1830 126 688
183 1727 126 739
197 1642 124 711
198 1834 120 672
202 1816 113 716
185 1641 131 725
198 1834 120 672
189 1680 125 703
204 1914 114 700
189 1680 125 703
204 1780 130 684
207 1828 109 716
197 1783 118 707
198 1834 120 672
218 1968 99 730
189 1680 125 703
246 2177 116 689
243 2145 99 719
235 2194 112 691
218 1920 102 759
208 1853 135 653
199 1660 156 697
178 1643 146 702
178 1643 146 702
210 1939 120 672
189 1719 149 695
232 2079 119 697
186 1733 121 749
192 1788 134 682
223 2012 103 737
194 1695 144 710
192 1710 140 721
238 2091 103 735
238 2160 105 723
243 2145 99 719
222 1992 105 724
186 1733 121 749
219 2015 105 727
204 1820 118 707
227 2120 111 692
202 1888 106 730
226 2007 107 706
199 1660 156 697
224 1960 110 698
212 1954 114 702
207 1829 109 716
205 1853 142 677
200 1831 131 686
213 1859 127 676
194 1774 129 712
202 1799 126 709
214 1791 114 722
210 1744 124 711
210 1758 117 705
195 1733 132 688
197 1826 120 721
211 1883 122 686
219 2015 105 727
227 2120 111 692
196 1745 127 688
205 1848 120 694
188 1768 121 724
199 1662 124 718
200 1793 132 687
206 1875 122 690
194 1774 129 712
202 1888 106 730
205 1866 124 691
199 1662 124 718
202 1799 126 709
224 1960 110 698
192 1750 135 696
214 1791 114 722
211 1883 122 686
202 1875 110 717
202 1875 110 717
192 1753 135 690
192 1753 135 690
206 1875 122 690
259 2280 109 712
248 2300 107 725
229 2020 135 653
228 2076 105 726
213 1959 109 756
193 1785 169 720
193 1777 126 743
236 2155 126 684
196 1807 147 706
193 1785 169 720
247 2199 116 689
221 2079 106 731
237 2179 111 696
206 1790 142 688
196 1829 135 707
218 1960 111 727
213 1959 109 756
205 1924 110 733
225 2008 109 718
207 1936 118 716
204 1920 119 709
216 1827 114 731
200 1902 133 689
198 1777 129 703
228 1973 121 694
213 1881 122 690
208 1979 134 685
198 1845 127 696
202 1813 132 687
206 1826 128 699
209 1960 114 723
205 1860 121 697
229 2000 127 684
211 1893 122 686
208 1890 116 719
203 1814 124 722
194 1803 121 733
210 1779 117 705
210 1896 116 717
203 1828 123 727
202 1874 120 722
202 1825 129 694
207 1924 117 725
202 1864 126 732
205 1866 124 695
202 1874 120 722
205 1866 124 695
247 2351 182 653
239 2159 109 733
230 2081 111 750
205 1790 160 715
196 1850 181 718
232 2123 113 729
224 1947 138 686
213 1995 139 685
212 1924 115 737
217 1791 149 725
204 1918 141 690
211 1891 119 749
216 2004 122 701
208 1873 132 687
214 1822 117 705
217 1988 122 686
211 1949 120 708
201 1842 147 703
213 1884 126 712
209 1830 155 703
209 1830 155 703
215 2046 129 687
208 1834 130 717
202 1846 129 694
202 1846 129 694
215 2051 128 687
210 1997 126 703
217 1988 122 686
215 2051 128 687
201 1842 147 703
213 1995 139 685
258 2360 119 707
226 1836 118 737
218 2050 139 688
205 1910 186 696
204 1893 138 699
239 2250 124 689
215 1904 120 714
204 1923 186 698
239 2137 123 698
207 1857 154 698
228 2099 125 692
214 2015 122 705
225 2071 121 705
215 2051 128 692
212 1885 149 692
207 1857 154 698
204 1902 136 700
204 1847 141 699
220 1974 132 694
212 1885 149 692
221 1906 118 710
220 1974 132 694
214 2039 134 691
221 1906 118 710
213 1952 141 694
213 1952 141 694
214 2039 134 691
205 1910 186 696
244 2218 119 722
224 1902 150 699
219 2020 126 760
205 1867 146 701
218 1995 128 726
221 2084 120 749
228 2043 121 759
233 2165 135 708
239 2101 129 723
219 1981 138 717
224 2092 142 703
221 2001 134 713
232 2201 126 701
234 2150 154 705
221 2092 145 734
206 1893 149 718
218 2011 146 706
219 1935 148 721
259 2461 195 710
221 2096 146 715
255 2354 148 727
221 1906 169 647
220 2083 127 641
187 1712 95 665
183 1710 108 694
171 1517 115 664
171 1517 115 664
181 1671 110 672
205 1936 108 645
207 1915 103 653
184 1705 102 661
181 1684 114 651
171 1517 115 664
185 1698 113 663
187 1687 108 665
185 1698 113 663
185 1698 113 663
171 1517 115 664
185 1698 113 663
185 1698 113 663
230 2082 135 647
219 2090 147 648
188 1722 95 665
171 1543 121 698
197 1795 114 654
219 2090 147 648
172 1592 115 682
179 1597 115 664
190 1756 107 661
183 1691 110 688
185 1674 111 693
195 1735 103 664
185 1698 113 669
189 1744 118 651
187 1734 105 694
188 1722 95 665
186 1749 108 694
188 1714 95 668
185 1706 113 664
188 1722 95 665
188 1722 95 665
188 1722 95 665
188 1722 95 665
219 2092 147 648
188 1766 95 665
181 1607 149 677
180 1570 125 699
176 1628 120 753
219 2092 147 648
203 1855 114 654
186 1715 110 736
199 1821 134 659
205 1845 114 654
199 1777 141 664
194 1727 107 689
186 1691 125 696
188 1753 108 693
184 1695 145 697
180 1589 121 698
185 1699 113 685
192 1718 111 680
191 1741 102 666
191 1741 102 666
193 1720 113 672
193 1720 113 672
191 1741 102 666
193 1720 113 672
219 2092 147 648
219 2092 147 648
219 2092 147 648
219 2092 147 648
219 2092 147 648
219 2092 147 648
193 1720 113 672
193 1720 113 672
191 1741 102 666
244 2245 96 680
223 2132 147 648
205 1752 155 679
204 1931 95 687
183 1578 134 751
181 1599 121 698
233 2220 100 683
220 2028 103 666
187 1714 136 693
200 1724 118 721
189 1584 133 705
181 1609 149 681
181 1599 121 698
203 1860 104 720
215 2040 108 676
187 1728 114 742
217 1847 104 749
189 1584 133 705
208 1862 100 691
193 1778 136 685
192 1748 105 699
190 1806 110 690
196 1866 108 693
200 1844 107 696
187 1728 114 742
192 1782 121 670
205 1847 114 654
212 1851 106 683
196 1754 111 690
200 1753 119 671
201 1802 109 666
205 1917 104 692
215 2040 108 676
181 1609 149 681
202 1774 108 690
205 1847 114 654
201 1732 113 698
198 1851 106 691
201 1732 113 698
188 1769 108 694
198 1851 106 691
199 1850 105 695
188 1769 108 694
204 1848 105 692
199 1850 105 695
181 1599 121 698
187 1728 114 742
192 1751 111 694
181 1599 121 698
205 1847 114 654
192 1751 111 694
205 1847 114 654
205 1847 114 654
205 1847 114 654
189 1584 133 705
189 1584 133 705
188 1769 108 694
187 1728 114 742
187 1728 114 742
181 1609 149 681
181 1609 149 681
181 1609 149 681
181 1609 149 681
181 1599 121 698
181 1599 121 698
247 2096 96 752
233 2220 100 690
226 2160 147 648
183 1580 134 754
181 1610 149 681
184 1637 130 736
201 1762 136 671
183 1622 134 710
202 1837 123 667
219 2023 114 662
223 2145 109 668
185 1639 121 698
213 2032 147 654
190 1772 113 708
207 1931 132 661
184 1637 130 736
216 2050 108 682
229 2000 97 692
233 2220 100 690
182 1707 133 700
206 1810 118 677
228 2149 107 679
213 1884 104 704
217 1986 108 688
215 1827 113 692
209 1929 123 658
215 1892 100 691
192 1782 129 670
207 2011 99 696
201 1819 117 687
201 1868 109 669
195 1756 118 694
182 1652 129 701
195 1881 115 694
200 1889 108 694
209 1927 104 697
204 1841 113 698
208 1863 119 673
197 1620 133 705
183 1687 133 698
195 1759 105 701
211 1824 119 673
192 1782 129 670
206 1877 119 668
193 1624 133 705
193 1624 133 705
183 1580 134 754
217 1986 108 688
183 1580 134 754
215 1892 100 691
208 1863 119 673
192 1782 129 670
233 2220 100 690
233 2220 100 690
233 2220 100 690
233 2220 100 690
233 2220 100 690
215 1892 100 691
246 2364 130 666
234 2223 100 690
226 2162 147 653
217 1917 162 668
192 1627 137 744
189 1747 123 752
185 1645 133 705
231 2144 108 686
225 2066 108 689
216 1996 114 679
220 1800 154 678
195 1742 124 732
208 1863 119 674
199 1780 149 681
227 2069 118 672
233 2198 111 668
188 1665 130 739
195 1786 112 716
193 1818 121 709
215 1932 100 691
198 1797 106 701
191 1678 141 700
211 1896 114 685
219 1902 113 698
188 1714 156 692
189 1701 130 719
213 1954 134 662
192 1802 129 670
192 1643 135 705
203 1838 117 690
189 1650 125 744
200 1862 118 694
201 1841 128 691
188 1681 141 700
201 1833 105 702
191 1693 130 712
193 1768 125 700
200 1727 125 710
189 1701 130 719
203 1838 117 690
208 1836 118 691
189 1747 123 752
195 1735 155 690
213 1895 118 687
214 1958 112 687
201 1902 123 685
201 1833 105 702
215 1960 134 659
215 1960 134 659
215 1960 134 659
201 1736 121 705
186 1694 133 698
188 1714 156 692
189 1701 130 719
189 1747 123 752
213 1895 118 687
193 1768 125 700
186 1694 133 698
186 1694 133 698
215 1960 134 659
213 1895 118 687
189 1747 123 752
189 1701 130 719
188 1714 156 692
243 2266 114 683
234 2230 100 690
216 1909 141 670
194 1774 156 692
193 1695 141 700
190 1762 123 752
185 1722 135 714
187 1705 141 726
212 1797 112 749
204 1935 147 678
242 2134 113 690
189 1701 130 724
207 1816 123 704
214 1973 120 687
196 1756 130 719
234 2210 103 695
216 2016 101 720
225 2178 104 694
230 2075 120 678
205 1908 110 707
239 2141 105 695
237 2049 108 691
218 1826 154 683
195 1777 125 701
243 2266 114 683
209 1900 117 690
223 2023 106 698
198 1801 109 719
202 1893 147 680
218 1945 118 687
230 2182 104 692
215 1806 134 698
200 1851 139 699
198 1857 147 686
191 1743 144 712
213 1878 108 702
201 1863 108 715
195 1767 138 701
203 1869 124 691
238 2202 114 688
191 1743 144 712
216 1909 141 670
230 2064 101 710
209 1849 118 696
212 1914 130 685
227 2136 105 697
229 2066 105 710
212 1797 112 749
204 1837 105 713
194 1827 140 688
216 1963 108 693
221 2066 101 712
205 1858 125 697
193 1768 125 703
221 2066 101 712
223 1944 108 692
215 1826 107 713
193 1695 141 700
218 1826 154 683
221 2066 101 712
215 1826 107 713
215 1826 107 713
223 1944 108 692
221 2066 101 712
212 1797 112 749
212 1797 112 749
239 2148 104 715
230 2184 104 692
216 2032 106 754
205 1945 147 680
202 1782 156 692
189 1733 144 717
189 1703 130 745
224 1865 154 683
195 1805 125 751
190 1731 139 734
193 1773 128 716
197 1730 138 741
225 1990 117 691
218 1992 120 687
218 1884 108 705
220 2120 110 701
217 1986 116 694
230 2127 106 700
210 1964 131 694
224 2022 111 698
198 1805 109 719
202 1799 132 711
210 1909 139 698
199 1704 133 735
196 1741 130 743
210 1997 123 693
196 1777 144 711
220 2120 110 701
217 1996 110 708
214 2028 111 710
210 1997 123 693
199 1704 133 735
214 2028 111 710
230 2184 104 692
190 1735 135 718
198 1805 109 719
190 1735 135 718
198 1805 109 719
190 1731 139 734
230 2184 104 692
220 2120 110 701
230 2184 104 692
230 2184 104 692
190 1735 135 718
243 2223 109 710
240 2284 104 732
212 1806 112 749
206 1955 147 680
202 1839 156 695
196 1793 144 712
227 2067 115 701
222 2001 120 687
219 1937 155 706
236 2245 118 693
200 1819 109 719
203 1804 130 739
204 1808 134 716
239 2253 104 745
206 1955 147 680
215 2052 131 698
220 2031 120 696
247 2116 125 693
244 2303 104 745
233 1972 159 682
201 1822 123 752
215 2001 155 708
222 2099 134 700
238 2253 130 689
228 2085 127 709
212 1949 109 719
201 1833 109 725
233 2141 125 700
206 1912 129 721
203 1871 112 724
204 1868 112 724
203 1871 112 724
248 2158 131 694
247 2333 104 745
245 2256 133 698
223 2083 110 775
217 1849 131 725
205 1900 114 739
230 2057 110 721
206 1880 129 735
206 1900 112 727
248 2343 104 745
248 2343 104 745
244 2090 110 751
226 1948 113 730
221 1896 129 736
262 2350 126 736
259 2286 127 735
248 2343 111 745
221 1980 132 753
236 2145 130 735
249 2316 176 748
