3415 42.9414
142 2062 142 688
143 2025 141 692
155 1912 150 677
163 1932 144 695
217 2333 217 649
217 2333 217 649
178 2142 178 655
175 2221 175 655
193 2184 193 653
205 2214 205 651
187 2285 187 653
205 2214 205 651
187 2285 187 653
202 2301 202 651
173 2093 173 657
202 2301 202 651
169 2133 161 660
194 2204 190 653
202 2301 202 651
155 1912 150 677
193 2184 193 653
153 1933 151 667
166 2141 166 657
173 2093 173 657
184 2215 175 655
157 1930 149 681
169 2133 161 660
162 2058 162 659
174 2092 173 657
184 2215 175 655
193 2184 193 653
154 1919 150 674
205 2214 205 651
194 2204 190 653
150 1936 150 671
159 1965 159 665
166 2141 166 657
146 1966 143 687
151 1941 151 667
173 2093 173 657
150 1924 150 677
159 1989 156 664
160 2007 160 662
151 1947 150 669
147 1958 144 683
159 1989 156 664
173 2093 173 657
165 2190 161 660
159 1989 156 664
161 1936 144 695
157 1931 146 693
159 2133 157 662
165 2007 162 661
157 1931 148 685
159 1965 159 665
156 2002 156 664
151 1947 150 669
164 2046 162 659
143 2010 142 689
143 2023 143 684
156 2002 156 664
157 1930 149 681
202 2301 202 651
178 2142 178 655
159 1927 148 683
150 1936 150 671
146 1970 143 684
190 2221 190 653
187 2285 187 653
190 2221 190 653
166 2141 166 657
148 1956 142 688
156 1920 150 673
161 1934 145 691
157 1929 147 686
190 2221 190 653
178 2142 178 655
150 1973 150 669
187 2285 187 653
154 1919 150 674
161 1934 145 691
160 2036 157 662
164 2020 162 661
157 1936 146 690
157 1929 147 686
158 1939 146 688
161 2032 157 662
153 1933 151 667
143 2035 142 688
143 2010 142 689
184 2215 175 655
164 2046 162 659
162 2030 162 661
162 1945 144 693
149 1950 143 684
143 2025 141 692
161 2195 161 660
165 2190 161 660
147 1959 144 673
157 1931 148 685
154 1923 150 672
154 1923 150 672
205 2214 205 651
162 1945 144 693
147 1954 143 687
149 1950 143 684
151 1941 151 667
162 2030 162 661
146 1966 143 687
157 1936 146 690
161 2195 161 660
160 2007 160 662
161 2032 157 662
158 1939 146 688
150 1973 150 669
162 2004 160 662
143 2023 143 684
153 2021 141 692
159 1927 148 683
148 1956 142 688
175 2221 175 655
153 1933 151 667
146 1966 143 687
163 1932 144 695
164 2020 162 661
147 1955 143 684
174 2092 173 657
149 1948 142 688
147 1959 144 673
142 2062 142 688
163 1929 149 681
154 1919 150 674
156 1922 149 688
157 1930 149 681
165 2007 162 661
178 2220 175 655
162 2030 162 661
146 1970 143 684
166 2186 161 660
162 2058 162 659
142 2062 142 688
150 1924 150 677
143 2035 142 688
162 2004 160 662
149 1948 142 688
156 1922 150 672
166 2186 161 660
151 1941 151 667
157 1930 149 681
147 1954 143 687
156 1922 149 688
178 2220 175 655
156 1920 150 673
163 1929 149 681
160 2036 157 662
147 1955 143 684
147 1958 144 683
153 2021 141 692
153 1933 151 667
202 2301 202 651
193 2184 193 653
178 2220 175 655
175 2221 175 655
150 1973 150 669
202 2301 202 651
194 2204 190 653
162 2058 162 659
149 1948 142 688
193 2184 193 653
205 2214 205 651
217 2333 217 649
156 1922 149 688
