1789 16.567
217 2374 217 649
179 1991 170 667
151 2186 143 705
217 2374 217 649
142 2240 142 691
158 2390 141 695
202 2346 202 651
205 2264 205 651
207 2250 205 651
161 2304 141 695
148 2210 143 704
193 2098 193 653
189 2333 187 653
202 2346 202 651
187 2360 187 653
193 2098 193 653
167 2147 162 659
158 2126 157 662
175 2337 175 655
175 2337 175 655
178 2088 178 655
187 2360 187 653
192 2050 185 655
161 2140 161 660
177 2143 174 657
146 2083 144 691
154 2271 151 667
179 2016 169 666
192 2050 185 655
153 2055 153 671
182 2028 169 659
158 2390 141 695
148 2072 145 683
167 2165 166 657
179 2017 170 664
179 1991 170 667
178 2088 178 655
190 2207 190 653
160 2032 156 680
151 2182 151 670
179 2017 170 664
157 2082 157 665
158 2390 141 695
177 2114 165 659
153 2144 150 673
181 2086 170 657
153 2256 142 688
144 2151 144 682
150 2050 150 686
153 2243 143 685
152 2107 152 668
162 2156 162 659
177 2106 163 660
166 2343 143 684
165 2104 165 662
205 2264 205 651
145 2127 144 677
146 2196 143 705
151 2094 145 681
177 2114 165 659
142 2240 142 691
166 2223 166 657
190 2207 190 653
144 2186 144 680
205 2264 205 651
190 2207 190 653
157 2092 156 667
165 2104 165 662
146 2097 146 679
148 2101 148 674
146 2083 144 691
146 2085 144 688
164 2106 162 664
155 2215 142 688
149 2195 142 689
149 2195 142 689
177 2043 162 663
161 2140 161 660
182 2028 169 659
151 2054 151 675
145 2127 144 677
149 2195 142 689
150 2084 147 678
179 2016 169 666
166 2223 166 657
182 2025 168 662
177 2039 162 670
148 2084 146 679
151 2098 147 676
181 2086 170 657
146 2196 143 705
182 2025 168 662
153 2256 142 688
148 2210 143 704
158 2091 156 669
192 2050 185 655
164 2106 162 664
142 2240 142 691
190 2207 190 653
205 2264 205 651
148 2101 148 674
154 2271 151 667
156 2266 151 667
154 2067 150 670
177 2037 162 673
179 2026 168 670
158 2065 157 665
148 2075 144 685
160 2031 156 681
150 2153 150 672
177 2079 165 661
166 2343 143 684
167 2147 162 659
148 2072 145 683
144 2151 144 682
151 2182 151 670
177 2039 162 670
177 2037 162 673
164 2053 162 669
148 2101 148 674
177 2043 162 663
150 2153 150 672
156 2266 151 667
144 2136 144 685
145 2127 144 677
151 2099 151 672
156 2202 156 664
162 2156 162 659
177 2143 174 657
151 2054 151 675
152 2201 150 671
152 2164 151 670
157 2092 156 667
155 2205 150 669
177 2041 162 669
154 2067 150 670
153 2055 153 671
177 2041 162 669
151 2098 147 676
144 2151 144 682
177 2079 165 661
157 2092 156 667
150 2050 150 686
152 2107 152 668
150 2054 150 678
182 2064 170 657
177 2057 169 661
150 2050 150 686
152 2107 152 668
160 2031 156 681
148 2084 146 679
150 2052 150 682
159 2087 156 667
159 2087 156 667
167 2165 166 657
177 2202 175 655
175 2337 175 655
152 2107 152 668
167 2165 166 657
193 2098 193 653
177 2106 163 660
153 2243 143 685
152 2107 152 668
179 1991 170 667
152 2201 150 671
177 2079 165 661
148 2075 144 685
160 2214 142 688
144 2136 144 685
153 2241 150 669
155 2205 150 669
153 2243 143 685
