1 0.0280748
340 5497 203 938
289 4583 254 916
272 4412 231 974
252 3740 236 952
316 5142 253 922
340 5497 203 938
293 4602 216 953
289 4819 227 941
300 4813 242 944
275 4629 239 949
305 4805 238 951
308 4702 250 940
314 4810 242 947
308 4590 250 941
289 4819 227 941
308 4702 250 940
289 4819 227 941
289 4819 227 941
340 5511 203 938
321 4590 271 935
312 4804 232 1031
295 4712 254 916
269 3781 236 952
269 3781 236 952
284 4511 233 986
314 5030 216 953
321 4590 271 935
312 4804 232 1031
299 5012 239 950
308 4752 250 940
316 5142 253 930
295 4712 254 916
305 4823 242 944
305 4823 242 944
316 5142 253 930
317 5038 233 951
305 4823 242 944
321 4590 271 935
316 5142 253 930
316 5142 253 930
295 4712 254 916
360 5674 261 932
330 4806 276 926
314 5159 216 953
297 4396 239 983
273 4659 269 1028
273 4659 269 1028
325 5318 243 947
279 4411 256 1009
333 5210 269 945
311 5108 237 986
273 4659 269 1028
296 4997 276 952
287 4563 258 981
314 5159 216 953
317 5055 233 951
343 5557 256 933
356 5041 235 975
343 5557 256 933
314 4829 252 947
307 4551 259 959
343 5557 256 933
360 5674 261 932
317 5055 233 951
356 5041 235 975
314 4829 252 947
301 4473 259 970
275 4629 239 960
303 4524 238 967
303 4524 238 967
275 4629 239 960
301 4473 259 970
327 4815 255 951
300 4552 238 952
327 4815 255 951
327 4815 255 951
360 5674 261 932
275 4629 239 960
363 5580 306 939
353 5591 296 939
314 5166 216 953
312 5110 239 1054
301 4466 259 993
278 4700 269 1028
343 5286 273 946
295 4530 279 1032
327 5308 256 948
311 5123 237 986
296 4841 240 991
312 4713 241 1014
318 5205 258 949
283 4650 252 991
312 5110 239 1054
310 4624 272 978
295 4560 260 1009
287 4571 258 981
301 4466 259 993
291 4785 257 963
310 4624 272 978
287 4657 251 970
299 4506 245 1004
325 4775 241 1006
320 4750 246 955
320 4750 246 955
291 4787 247 987
297 4687 249 960
327 5308 256 948
290 4821 247 987
297 4504 272 1009
297 4687 249 960
299 4506 245 1004
287 4657 251 970
325 4775 241 1006
287 4657 251 970
295 4560 260 1009
299 4506 245 1004
291 4787 247 987
325 4775 241 1006
312 5110 239 1054
312 5110 239 1054
291 4787 247 987
297 4504 272 1009
325 4775 241 1006
320 4750 246 955
287 4657 251 970
381 5847 340 941
378 6034 306 939
360 6108 228 959
325 5573 223 968
309 4527 268 1001
296 4636 258 1066
291 4880 270 1048
343 5363 275 952
361 5624 273 946
293 4989 269 1028
332 5336 228 1065
360 6108 228 959
331 4692 291 974
313 4633 299 981
316 5203 247 973
292 4579 272 1004
338 5117 252 964
304 4959 247 987
330 5163 246 987
331 4692 291 974
296 4568 267 1066
306 4649 299 989
340 5099 241 1017
313 4879 242 1011
295 4787 259 985
312 4794 241 1021
307 4720 251 969
299 4903 250 994
306 5085 257 963
324 5353 236 954
324 5353 236 954
316 5176 237 986
299 4903 250 994
339 5295 249 967
295 4787 259 985
325 5146 254 960
314 5174 241 993
324 5353 236 954
313 4879 242 1011
341 4974 242 997
339 5295 249 967
306 4649 299 989
343 5363 275 952
295 4844 256 996
307 4720 251 969
316 5203 247 973
315 4692 269 985
295 4844 256 996
312 4794 241 1021
314 5174 241 993
296 4568 267 1066
295 4808 271 966
306 5142 258 960
295 4808 271 966
295 4808 271 966
341 4974 242 997
341 4974 242 997
306 5085 257 963
306 5142 258 960
306 5085 257 963
324 5353 236 954
313 4879 242 1011
306 5085 257 963
410 6555 313 945
381 5861 340 941
333 5623 223 968
309 4533 268 1001
298 4841 281 1074
295 4861 263 1011
380 5892 273 946
356 5068 245 1007
324 5364 236 954
306 4810 275 1030
336 5190 250 991
301 5003 301 983
347 5451 228 1065
333 5014 242 1052
314 4951 247 1028
347 5451 228 1065
303 4839 276 993
316 5143 244 1064
333 5014 242 1052
315 4720 271 983
321 5168 257 963
297 4687 296 1004
307 4895 258 981
317 4745 256 1003
321 5402 240 1020
311 5269 248 1019
309 4533 268 1001
298 4841 281 1074
297 5016 286 970
308 4791 266 1013
329 5238 254 960
329 5238 254 960
316 4880 252 971
347 5120 250 999
307 4649 282 1008
307 4649 282 1008
312 4732 258 974
328 5096 250 1010
297 4687 296 1004
312 4732 258 974
321 5402 240 1020
347 5120 250 999
314 5182 241 993
297 5016 286 970
312 5092 249 1013
308 4784 272 1004
311 5269 248 1019
310 5018 257 973
309 4533 268 1001
347 5120 250 999
310 5018 257 973
297 4687 296 1004
308 4784 272 1004
297 5127 258 1020
328 5096 250 1010
310 5018 257 973
312 5092 249 1013
312 4732 258 974
347 5451 228 1065
347 5451 228 1065
347 5451 228 1065
308 4784 272 1004
298 4841 281 1074
372 5505 239 997
369 5655 261 954
368 5860 226 969
346 4724 306 987
308 4668 295 1012
305 5263 269 1054
296 4972 285 1020
313 4723 292 1044
337 5537 250 957
356 5767 232 979
356 5767 232 979
343 5299 275 963
320 5139 247 1033
366 5663 247 968
297 5046 286 970
350 5632 238 1013
300 4920 279 1031
330 5385 244 969
348 5791 241 961
312 4778 266 1022
325 5093 263 1020
300 4932 279 1025
366 5663 247 968
321 5163 254 998
327 5135 252 1005
327 5486 290 967
306 4897 275 1030
334 5108 259 998
310 4741 268 1011
330 5385 244 969
322 5205 252 1003
350 5632 238 1013
333 5775 226 1008
349 4874 294 986
368 5860 226 969
349 4874 294 986
319 5159 257 989
344 5236 247 1027
302 5077 277 1012
319 5159 257 989
350 5632 238 1013
302 5077 277 1012
326 4974 257 1011
326 5237 241 998
316 4883 266 973
327 5486 290 967
319 4770 288 1003
325 5093 263 1020
310 5217 262 1001
316 4883 266 973
306 4897 275 1030
317 5052 266 972
333 5214 247 1028
320 5185 252 1006
319 4770 288 1003
348 5791 241 961
310 5217 262 1001
317 5052 266 972
326 4974 257 1011
333 5775 226 1008
349 4874 294 986
333 5214 247 1028
312 4778 266 1022
330 5385 244 969
311 5153 258 1022
316 5104 251 1025
311 5153 258 1022
327 5486 290 967
320 5185 252 1006
326 5237 241 998
316 5104 251 1025
317 5052 266 972
316 4883 266 973
350 5632 238 1013
327 5486 290 967
317 5052 266 972
400 6631 231 1016
338 5594 250 957
324 5188 262 1084
311 4807 268 1028
310 4857 303 1067
300 4926 279 1031
382 6179 234 971
400 6631 231 1016
322 4969 299 989
362 5661 243 1009
378 5549 289 965
335 5457 259 979
378 5439 267 970
356 5844 243 969
310 4911 282 1021
305 5263 269 1056
355 5443 244 973
347 5487 252 1004
308 5325 289 976
305 5263 269 1056
347 5453 241 1016
310 4857 303 1067
319 5130 263 1074
356 5844 243 969
347 5487 252 1004
337 5403 241 1019
319 5130 263 1074
362 5661 243 1009
321 5233 252 1069
324 5188 262 1084
331 5274 251 1016
315 5044 274 1017
315 5044 274 1017
307 5179 276 1031
315 5044 274 1017
307 5179 276 1031
336 5523 260 977
331 5274 251 1016
336 5523 260 977
362 5661 243 1009
362 5661 243 1009
331 5274 251 1016
404 6711 231 1016
350 5789 316 968
348 5794 250 957
325 4835 281 1056
310 4904 303 1067
338 5422 248 1035
336 5536 260 988
325 4835 281 1056
376 6045 249 979
355 5632 243 1063
338 5570 270 982
385 5673 251 998
385 5673 251 998
350 5789 316 968
370 5493 241 1019
392 5715 245 976
342 5891 247 1025
370 5493 241 1019
376 6045 249 979
342 5891 247 1025
378 5469 267 970
378 5469 267 970
392 5715 245 976
370 5493 241 1019
350 5789 316 968
435 7004 313 961
435 7004 313 961
358 5857 243 1063
358 5857 243 1063
344 5453 248 1035
342 5493 248 1051
382 5828 250 1003
368 6278 269 962
356 6050 252 968
368 6278 269 962
342 5493 248 1051
356 6050 252 968
344 5453 248 1035
368 6278 269 962
402 6428 341 972
402 6428 341 972
347 5692 248 1051
390 6305 264 1009
