106 16.7405
192 2958 149 675
191 2609 191 664
164 2208 158 694
158 2311 142 695
158 2311 142 695
148 2436 146 688
192 2958 149 675
172 2619 158 670
179 2469 179 666
191 2609 191 664
182 2452 182 666
176 2479 167 668
182 2452 182 666
168 2401 159 670
170 2565 167 668
171 2584 158 671
179 2469 179 666
176 2363 146 678
162 2224 155 693
150 2433 146 685
150 2433 146 685
165 2318 159 673
151 2414 146 688
162 2224 155 693
155 2390 144 683
151 2360 145 690
158 2360 144 684
172 2619 158 670
176 2479 167 668
156 2508 155 673
173 2397 144 678
182 2452 182 666
179 2461 154 672
152 2355 144 691
169 2285 153 680
160 2274 146 681
167 2294 154 680
182 2452 182 666
176 2479 167 668
172 2486 167 668
151 2360 145 690
182 2452 182 666
165 2209 158 687
152 2384 145 687
156 2357 144 686
164 2208 158 694
154 2342 144 691
156 2459 153 679
156 2417 146 682
171 2496 167 668
173 2564 158 670
168 2525 150 672
156 2476 152 675
165 2234 158 682
156 2453 152 681
168 2401 159 670
168 2525 150 672
164 2612 150 673
163 2253 158 687
159 2267 159 679
158 2311 142 695
191 2609 191 664
155 2472 154 677
167 2270 146 681
163 2359 154 676
161 2393 152 675
156 2417 146 682
155 2472 154 677
151 2414 146 688
157 2442 155 673
167 2344 144 683
167 2296 154 679
156 2357 144 686
153 2346 145 690
167 2303 154 676
165 2209 158 687
179 2461 154 672
179 2461 154 672
173 2397 144 678
164 2208 158 694
158 2360 144 684
154 2342 144 691
167 2303 154 676
161 2304 150 678
152 2384 145 687
163 2411 159 670
160 2274 146 681
159 2440 159 670
164 2458 145 682
164 2403 150 675
166 2317 159 673
158 2311 142 695
157 2406 154 676
155 2390 144 683
169 2285 153 680
163 2253 158 687
173 2485 167 668
167 2566 154 672
161 2304 150 678
167 2566 154 672
156 2459 153 679
172 2619 158 670
170 2565 167 668
170 2361 159 670
166 2596 150 673
165 2318 159 673
164 2208 158 694
162 2463 150 675
154 2342 144 691
153 2346 145 690
152 2355 144 691
167 2566 154 672
165 2209 158 687
162 2224 155 693
166 2596 150 673
166 2596 150 673
172 2486 167 668
165 2234 158 682
158 2283 144 694
153 2355 145 687
167 2296 154 679
164 2612 150 673
165 2310 150 675
162 2463 150 675
157 2406 154 676
173 2485 167 668
167 2270 146 681
158 2481 150 679
168 2401 159 670
164 2314 154 676
164 2314 154 676
163 2411 159 670
161 2398 155 673
159 2267 159 679
156 2476 152 675
179 2461 154 672
179 2461 154 672
176 2479 167 668
170 2361 159 670
167 2344 144 683
167 2294 154 680
162 2463 150 675
161 2395 146 678
161 2395 146 678
161 2393 152 675
159 2440 159 670
158 2481 150 679
158 2283 144 694
157 2442 155 673
154 2342 144 691
153 2346 145 690
182 2452 182 666
173 2564 158 670
173 2397 144 678
170 2565 167 668
170 2361 159 670
166 2317 159 673
165 2318 159 673
165 2310 150 675
164 2458 145 682
161 2398 155 673
156 2486 150 675
156 2453 152 681
192 2958 149 675
192 2958 149 675
192 2958 149 675
192 2958 149 675
192 2958 149 675
191 2609 191 664
191 2609 191 664
191 2609 191 664
182 2452 182 666
182 2452 182 666
182 2452 182 666
182 2452 182 666
179 2469 179 666
179 2461 154 672
179 2461 154 672
176 2479 167 668
176 2479 167 668
176 2479 167 668
176 2479 167 668
176 2479 167 668
176 2479 167 668
176 2479 167 668
176 2479 167 668
173 2564 158 670
173 2564 158 670
173 2397 144 678
172 2619 158 670
172 2619 158 670
172 2619 158 670
172 2619 158 670
172 2486 167 668
172 2486 167 668
172 2486 167 668
172 2486 167 668
169 2285 153 680
169 2285 153 680
168 2401 159 670
168 2401 159 670
167 2344 144 683
166 2596 150 673
165 2318 159 673
165 2209 158 687
165 2209 158 687
164 2208 158 694
164 2208 158 694
164 2208 158 694
164 2208 158 694
164 2208 158 694
164 2208 158 694
164 2208 158 694
164 2208 158 694
162 2463 150 675
162 2224 155 693
161 2398 155 673
161 2398 155 673
158 2311 142 695
158 2311 142 695
158 2311 142 695
154 2342 144 691
154 2342 144 691
153 2346 145 690
153 2346 145 690
151 2360 145 690
199 2729 150 673
192 2990 149 675
191 2621 191 664
183 2283 158 694
160 2424 144 684
149 2439 146 688
176 2501 167 668
179 2479 179 666
166 2384 154 676
190 2772 150 673
177 2306 162 691
185 2526 159 670
180 2448 180 672
168 2379 152 689
150 2440 146 685
170 2455 150 675
167 2574 154 672
175 2381 148 692
155 2439 146 685
168 2329 155 693
180 2769 158 670
166 2510 155 673
204 2876 150 673
202 2711 144 684
201 3160 149 675
191 2650 191 664
173 2354 155 693
149 2448 146 688
166 2549 145 690
196 3081 158 670
200 2953 159 670
167 2521 167 681
150 2466 146 685
179 2510 179 666
182 2488 182 666
190 2812 150 675
186 2658 154 679
169 2665 161 673
180 2384 158 686
173 2690 154 676
177 2578 167 671
204 2732 164 671
178 2533 167 668
171 2624 154 680
180 2782 164 671
182 2489 149 684
180 2718 154 672
174 2792 154 672
149 2448 146 688
182 2489 179 666
202 3129 149 675
173 2544 155 673
173 2586 154 680
149 2448 146 688
149 2448 146 688
149 2448 146 688
149 2448 146 688
240 3513 158 670
232 3137 144 693
191 2652 191 664
174 2358 163 699
149 2455 146 688
212 3186 146 684
212 3096 164 670
153 2535 148 687
195 2863 159 672
198 2826 152 679
181 2527 179 666
180 2575 179 666
178 2634 167 671
173 2601 147 685
176 2558 155 679
174 2445 155 693
194 2766 164 672
185 2838 154 680
183 2505 150 686
175 2572 158 681
181 2594 167 668
175 2641 155 673
177 2581 147 686
178 2621 155 673
181 2527 179 666
179 2637 179 666
179 2637 179 666
181 2527 179 666
202 3022 154 682
191 2657 191 664
150 2458 146 688
176 2694 156 686
181 2892 161 679
186 2568 184 672
198 2844 159 674
178 2582 155 684
186 2579 186 667
186 2607 179 666
184 2655 171 668
195 2819 164 673
193 2815 162 677
178 2691 174 678
191 2702 167 669
190 2640 167 671
187 2745 167 668
194 2606 177 672
186 2852 164 676
183 2793 166 678
189 2684 166 674
197 2629 176 678
185 2721 167 682
182 2867 162 680
189 2649 161 681
182 2752 160 682
182 2647 179 666
186 2651 164 678
190 2749 155 679
197 2697 167 668
190 2700 162 680
224 2977 159 678
200 3110 165 674
197 2769 191 664
156 2479 146 688
151 2480 146 688
180 2817 159 686
189 2600 189 670
211 3034 161 675
219 3091 157 679
196 2826 155 685
195 2645 182 666
185 2676 178 673
185 2710 161 684
191 2983 170 668
189 2858 174 671
197 2899 162 677
186 2661 167 680
205 2768 158 685
201 2829 164 677
186 2663 179 666
197 2698 167 668
188 2734 164 680
193 2882 167 671
192 2613 158 687
192 2670 176 671
191 3022 169 671
198 2629 182 666
187 2837 159 685
194 2660 182 677
227 3102 161 676
218 3222 165 674
191 2607 191 675
186 2665 179 666
175 2708 147 689
159 2494 150 688
215 2861 176 670
194 2782 161 684
196 3017 167 678
201 2864 169 674
195 2661 182 666
200 2955 167 668
218 3176 162 676
191 2793 169 687
200 2671 168 684
230 3264 161 684
194 2694 179 666
183 2795 148 690
183 2558 158 700
165 2567 151 692
214 2965 169 678
201 3057 162 687
166 2723 150 696
220 3056 176 672
211 2980 176 682
208 3024 167 674
174 2579 156 689
202 2798 162 684
200 2992 170 675
166 2608 155 691
217 3017 154 689
200 2994 168 685
216 3083 169 678
213 3219 150 691
203 2866 179 666
197 2798 197 679
182 2593 181 694
175 2780 156 707
208 3021 176 687
214 3107 162 686
203 2858 190 670
190 2934 151 690
198 2745 184 677
194 2738 158 690
176 2663 152 693
180 2779 153 692
201 3092 173 678
244 3426 158 690
217 2988 179 676
206 2886 206 677
194 2675 165 697
181 2680 152 694
176 2715 156 713
224 3334 175 680
215 3200 185 684
199 2941 192 677
218 3216 170 682
195 2962 160 690
217 3231 161 691
215 3226 154 706
201 3041 194 686
190 2698 180 704
203 2805 170 695
200 2984 170 693
190 2845 158 694
225 3064 220 666
166 2403 146 697
166 2403 146 697
158 2205 155 688
150 2346 150 694
205 2935 205 668
193 2683 193 671
178 2762 178 672
196 2730 147 692
167 2552 166 674
193 2683 193 671
188 2437 188 672
157 2206 155 688
188 2437 188 672
161 2324 161 676
179 2753 178 672
181 2516 181 672
167 2552 166 674
165 2323 161 677
172 2452 169 674
152 2251 150 690
178 2419 149 694
185 2479 185 673
163 2466 146 693
193 2759 193 670
193 2759 193 670
173 2405 173 674
173 2405 173 674
181 2408 149 692
161 2506 146 693
180 2445 149 692
172 2452 169 674
166 2316 165 676
153 2237 150 690
165 2323 161 677
156 2286 153 678
185 2479 185 673
166 2316 165 676
173 2405 173 674
158 2307 150 683
185 2479 185 673
154 2340 152 682
153 2292 153 681
158 2379 150 681
180 2445 149 692
160 2281 150 683
157 2238 150 684
153 2294 153 679
152 2251 151 686
154 2354 153 678
166 2316 165 676
161 2334 152 680
172 2452 169 674
156 2420 151 684
154 2428 150 683
185 2479 185 673
181 2516 181 672
155 2402 151 685
153 2219 151 686
169 2314 152 682
153 2405 150 687
152 2319 150 689
157 2208 152 685
157 2206 155 688
153 2294 153 679
163 2225 150 684
155 2402 151 685
154 2340 152 682
152 2319 150 689
156 2286 153 678
193 2759 193 670
185 2479 185 673
170 2481 169 674
155 2405 152 680
150 2476 150 687
161 2324 161 676
158 2205 155 688
158 2379 150 681
170 2481 169 674
152 2251 151 686
150 2346 150 694
165 2455 146 697
153 2219 151 686
169 2487 169 674
170 2481 169 674
169 2487 169 674
161 2334 152 680
160 2281 150 683
170 2364 150 682
181 2408 149 692
159 2316 152 682
166 2403 146 697
172 2288 150 681
156 2286 153 678
158 2307 150 683
157 2238 150 684
156 2420 151 684
153 2454 151 684
180 2445 149 692
157 2206 155 688
155 2322 153 678
154 2339 152 685
173 2405 173 674
166 2316 165 676
166 2316 165 676
159 2316 152 682
158 2205 155 688
158 2205 155 688
157 2208 152 685
181 2516 181 672
163 2466 146 693
163 2225 150 684
155 2235 153 681
150 2476 150 687
170 2364 150 682
154 2428 150 683
154 2355 150 688
154 2354 153 678
152 2444 150 687
172 2452 169 674
150 2346 150 694
154 2339 152 685
172 2288 150 681
150 2476 150 687
185 2479 185 673
173 2405 173 674
170 2481 169 674
155 2322 153 678
155 2320 152 685
155 2235 153 681
153 2454 151 684
153 2292 153 681
153 2237 150 690
165 2455 146 697
158 2205 155 688
155 2320 152 685
154 2355 150 688
153 2237 150 690
193 2759 193 670
193 2759 193 670
193 2759 193 670
193 2759 193 670
193 2759 193 670
193 2759 193 670
193 2759 193 670
185 2479 185 673
185 2479 185 673
185 2479 185 673
185 2479 185 673
185 2479 185 673
185 2479 185 673
185 2479 185 673
181 2516 181 672
181 2516 181 672
173 2405 173 674
173 2405 173 674
173 2405 173 674
173 2405 173 674
173 2405 173 674
173 2405 173 674
173 2405 173 674
173 2405 173 674
173 2405 173 674
172 2452 169 674
172 2452 169 674
172 2452 169 674
172 2452 169 674
172 2452 169 674
172 2452 169 674
172 2452 169 674
170 2481 169 674
170 2481 169 674
170 2364 150 682
170 2364 150 682
169 2487 169 674
167 2552 166 674
166 2403 146 697
166 2403 146 697
165 2455 146 697
163 2225 150 684
160 2281 150 683
160 2281 150 683
158 2205 155 688
158 2205 155 688
158 2205 155 688
157 2238 150 684
157 2208 152 685
157 2206 155 688
157 2206 155 688
157 2206 155 688
156 2420 151 684
156 2286 153 678
155 2405 152 680
155 2402 151 685
155 2402 151 685
155 2235 153 681
154 2428 150 683
153 2294 153 679
153 2237 150 690
152 2319 150 689
152 2251 151 686
152 2251 151 686
152 2251 151 686
150 2346 150 694
230 3130 220 666
166 2413 146 697
161 2536 146 693
158 2221 155 688
152 2253 150 690
207 2946 205 668
196 2827 193 670
193 2684 193 671
176 2619 166 674
205 2950 205 668
165 2351 152 685
188 2441 188 672
175 2673 170 675
181 2555 173 674
159 2312 153 681
170 2331 153 678
153 2238 150 690
179 2757 178 672
172 2322 151 687
181 2430 149 692
160 2418 150 681
178 2470 177 675
161 2327 161 676
205 2950 205 668
166 2325 161 677
187 2517 173 674
161 2536 146 693
165 2363 153 678
178 2783 178 672
166 2265 150 688
181 2552 181 672
185 2549 181 672
173 2483 173 675
181 2552 181 672
205 2950 205 668
205 2950 205 668
181 2552 181 672
178 2783 178 672
205 2950 205 668
161 2536 146 693
205 2950 205 668
205 2950 205 668
205 2950 205 668
205 2950 205 668
205 2950 205 668
205 2950 205 668
205 2950 205 668
205 2950 205 668
205 2950 205 668
205 2950 205 668
205 2950 205 668
205 2950 205 668
205 2950 205 668
181 2552 181 672
181 2552 181 672
181 2552 181 672
178 2783 178 672
161 2536 146 693
161 2536 146 693
230 3134 220 666
178 2583 146 697
162 2242 155 688
161 2551 146 704
152 2266 150 690
206 2822 178 672
205 2952 205 668
201 2928 193 670
195 2964 178 672
184 2549 173 675
197 2668 149 692
195 2721 193 671
171 2607 149 694
187 2574 146 697
165 2314 158 686
152 2266 150 690
176 2715 166 674
171 2398 159 680
185 2570 185 673
159 2335 153 684
188 2442 188 672
174 2470 153 678
201 2644 169 674
177 2744 150 681
170 2336 161 677
167 2498 150 683
186 2667 169 674
169 2385 152 685
177 2434 152 682
181 2590 181 673
181 2596 181 672
165 2364 153 681
188 2442 188 672
173 2481 150 685
161 2361 161 676
165 2346 161 676
166 2331 153 681
165 2327 165 676
165 2333 160 683
165 2327 165 676
188 2442 188 672
206 2964 205 668
203 3015 178 672
159 2349 155 688
159 2287 150 690
206 2932 193 670
182 2826 166 674
192 2721 173 674
194 2633 185 673
166 2328 165 676
201 2785 169 674
175 2500 160 680
170 2521 153 681
176 2551 150 686
196 2814 193 671
168 2396 161 676
198 2671 158 680
164 2540 159 684
188 2461 188 672
188 2589 177 675
189 2687 181 672
165 2442 155 683
185 2429 152 685
172 2572 150 685
167 2337 155 685
173 2468 152 685
226 3254 205 668
189 2839 150 688
174 2333 168 697
169 2442 152 702
159 2534 150 696
222 2978 181 672
211 2953 193 670
201 2845 173 674
206 2879 185 672
193 2784 193 674
181 2730 152 685
209 2940 181 673
188 2642 152 689
171 2534 150 690
165 2471 155 683
192 2660 150 686
176 2419 161 676
167 2343 165 680
178 2547 159 681
160 2372 155 688
172 2397 164 683
167 2451 159 684
170 2552 162 676
171 2417 165 676
169 2363 162 688
171 2455 161 676
243 3223 193 670
183 2658 150 691
169 2373 162 688
165 2508 155 683
165 2495 155 703
206 2979 193 673
218 3051 173 674
186 2603 150 693
167 2590 150 698
215 3023 181 673
213 3003 178 675
174 2528 171 678
166 2410 155 688
179 2437 175 677
179 2503 165 679
177 2514 161 677
171 2560 164 676
170 2379 165 680
214 3022 193 671
176 2532 161 676
228 3094 218 671
185 2729 150 693
169 2386 162 691
167 2413 155 700
165 2518 155 683
201 2968 161 676
177 2573 165 676
185 2737 162 676
179 2587 161 677
167 2438 155 688
172 2550 165 680
179 2522 164 680
202 2782 184 676
172 2407 162 691
165 2520 155 683
183 2496 175 690
179 2699 165 678
192 2613 164 681
195 2636 169 677
186 2628 173 678
180 2647 165 682
184 2571 172 681
182 2583 172 681
184 2674 165 677
218 3173 193 676
178 2607 155 685
165 2521 158 691
174 2842 158 690
185 2816 177 679
173 2551 173 685
196 2721 167 678
189 2650 166 682
188 2748 165 678
195 2656 176 678
185 2711 158 684
175 2534 161 683
175 2543 160 683
201 2753 157 698
195 2657 176 678
193 2833 168 681
180 2582 162 690
187 2640 169 685
193 2715 160 697
189 2720 164 683
196 2832 157 690
187 2641 166 689
203 2862 194 683
197 2868 181 679
185 2678 169 696
186 2691 178 692
193 2742 172 694
198 2762 170 690
196 2729 180 689
202 2741 170 685
235 3495 186 681
201 2774 195 691
186 2725 177 696
200 3005 190 682
235 3265 213 690
186 2735 177 696
186 2737 177 696
176 2592 153 669
172 2586 170 661
169 2639 153 669
157 2211 144 684
157 2211 144 684
151 2219 144 684
172 2586 170 661
167 2469 162 663
156 2300 156 673
152 2319 149 682
159 2516 159 665
163 2450 146 680
163 2415 159 666
155 2391 153 674
153 2338 150 678
164 2391 156 670
157 2393 156 668
156 2278 150 683
169 2554 159 663
155 2459 152 671
157 2235 150 671
167 2469 162 663
153 2338 150 678
156 2471 150 671
162 2495 146 680
167 2469 162 663
161 2368 157 669
153 2338 150 678
167 2469 162 663
155 2391 153 674
169 2365 156 668
160 2529 146 680
168 2422 159 665
168 2422 159 665
163 2415 159 666
164 2408 159 666
162 2382 159 667
160 2534 145 683
163 2494 158 666
169 2462 158 666
172 2586 170 661
167 2469 162 663
162 2495 146 680
171 2532 145 682
171 2532 145 682
156 2471 150 671
151 2368 149 682
152 2319 149 682
164 2581 159 663
153 2338 150 678
157 2211 144 684
169 2462 158 666
155 2306 149 682
167 2473 158 666
160 2534 145 683
159 2516 159 665
154 2366 149 678
163 2514 159 665
162 2495 146 680
164 2391 156 670
162 2382 159 667
161 2368 157 669
155 2391 153 674
154 2366 149 678
172 2586 170 661
163 2514 159 665
161 2368 157 669
160 2529 146 680
156 2385 150 674
155 2391 153 674
153 2338 150 678
151 2219 144 684
161 2368 157 669
160 2534 145 683
157 2211 144 684
152 2319 149 682
151 2219 144 684
162 2382 159 667
155 2306 149 682
156 2385 150 674
155 2391 153 674
164 2581 159 663
160 2529 146 680
156 2385 150 674
163 2514 159 665
161 2368 157 669
156 2471 150 671
172 2586 170 661
172 2586 170 661
172 2586 170 661
172 2586 170 661
172 2586 170 661
172 2586 170 661
172 2586 170 661
172 2586 170 661
171 2532 145 682
169 2462 158 666
167 2469 162 663
167 2469 162 663
167 2469 162 663
167 2469 162 663
167 2469 162 663
167 2469 162 663
167 2469 162 663
167 2469 162 663
167 2469 162 663
167 2469 162 663
167 2469 162 663
167 2469 162 663
167 2469 162 663
167 2469 162 663
167 2469 162 663
167 2469 162 663
164 2581 159 663
164 2391 156 670
163 2514 159 665
163 2514 159 665
162 2495 146 680
162 2495 146 680
162 2495 146 680
162 2382 159 667
161 2368 157 669
161 2368 157 669
161 2368 157 669
161 2368 157 669
161 2368 157 669
161 2368 157 669
161 2368 157 669
159 2516 159 665
157 2211 144 684
157 2211 144 684
157 2211 144 684
157 2211 144 684
156 2471 150 671
156 2471 150 671
156 2385 150 674
156 2385 150 674
156 2385 150 674
156 2385 150 674
155 2391 153 674
155 2391 153 674
155 2391 153 674
155 2391 153 674
155 2391 153 674
155 2391 153 674
155 2391 153 674
155 2306 149 682
155 2306 149 682
155 2306 149 682
155 2306 149 682
155 2306 149 682
155 2306 149 682
155 2306 149 682
155 2306 149 682
153 2338 150 678
153 2338 150 678
153 2338 150 678
153 2338 150 678
153 2338 150 678
152 2319 149 682
151 2219 144 684
151 2219 144 684
151 2219 144 684
151 2219 144 684
183 2812 149 678
172 2591 170 661
157 2213 144 684
156 2280 150 683
164 2653 162 663
179 2597 145 682
169 2640 153 669
171 2701 145 683
157 2373 157 677
167 2488 162 663
160 2319 159 681
165 2606 162 663
159 2517 159 665
162 2393 159 667
164 2423 156 668
161 2275 150 683
165 2473 146 680
162 2497 146 680
160 2419 149 682
171 2377 156 668
175 2447 159 665
163 2509 158 666
164 2355 152 671
158 2345 150 674
163 2420 159 666
161 2456 156 668
171 2701 145 683
176 2600 153 669
162 2441 156 670
160 2319 159 681
171 2505 159 665
156 2280 150 683
175 2485 158 666
157 2441 150 671
159 2326 150 673
176 2600 153 669
158 2371 150 671
176 2600 153 669
159 2367 152 671
165 2473 146 680
159 2406 159 668
164 2399 156 670
158 2334 150 678
158 2345 150 674
158 2345 150 674
159 2326 150 673
171 2377 156 668
165 2473 146 680
165 2473 146 680
158 2345 150 674
157 2441 150 671
165 2473 146 680
159 2367 152 671
164 2355 152 671
158 2331 150 681
164 2507 158 666
159 2367 152 671
156 2333 156 680
158 2371 150 671
158 2331 150 681
176 2600 153 669
176 2600 153 669
176 2600 153 669
176 2600 153 669
176 2600 153 669
176 2600 153 669
176 2600 153 669
176 2600 153 669
176 2600 153 669
176 2600 153 669
159 2367 152 671
159 2367 152 671
159 2367 152 671
159 2367 152 671
159 2367 152 671
159 2367 152 671
158 2371 150 671
158 2371 150 671
158 2371 150 671
158 2345 150 674
158 2345 150 674
158 2345 150 674
158 2345 150 674
158 2345 150 674
158 2345 150 674
158 2345 150 674
158 2345 150 674
158 2345 150 674
158 2331 150 681
158 2331 150 681
157 2441 150 671
157 2441 150 671
157 2441 150 671
157 2441 150 671
157 2441 150 671
157 2441 150 671
157 2441 150 671
193 2902 162 663
172 2601 170 661
158 2216 144 684
157 2220 144 684
156 2296 150 683
173 2615 165 664
165 2474 146 680
169 2642 153 669
157 2477 156 674
169 2534 169 664
161 2428 150 671
168 2530 158 666
159 2430 159 668
159 2370 152 671
168 2333 150 673
171 2518 159 665
172 2388 150 671
171 2383 156 668
169 2642 153 669
167 2441 156 668
164 2433 156 670
165 2346 152 673
169 2508 158 666
164 2478 156 668
163 2347 150 673
163 2474 159 666
158 2346 150 674
159 2440 150 671
169 2642 153 669
169 2642 153 669
169 2642 153 669
169 2642 153 669
169 2642 153 669
169 2642 153 669
192 2703 170 661
182 2734 165 664
157 2223 144 684
176 2652 146 680
163 2495 159 667
164 2506 150 671
159 2401 150 674
173 2337 150 673
169 2644 153 669
169 2601 149 682
179 2569 158 666
172 2586 170 664
175 2681 146 680
159 2382 155 674
172 2417 156 668
166 2378 150 673
169 2444 156 668
165 2482 157 669
167 2467 156 668
174 2681 159 665
165 2588 159 666
174 2597 158 666
195 2871 169 664
181 2708 177 665
160 2259 144 684
159 2455 157 676
185 2833 149 682
167 2602 161 666
166 2393 159 679
176 2485 156 672
171 2731 153 669
187 2792 159 665
161 2459 154 679
163 2412 150 683
190 2751 159 665
165 2641 161 666
194 2715 159 666
174 2535 156 670
160 2480 150 678
168 2424 150 673
171 2499 159 668
172 2398 150 673
168 2417 150 681
169 2572 150 671
184 2526 150 671
173 2633 156 668
168 2570 159 667
172 2549 156 671
172 2746 156 668
194 2962 149 682
188 2838 159 665
168 2590 165 667
165 2367 144 684
164 2381 144 701
161 2261 149 687
183 2699 156 668
168 2458 157 676
167 2440 163 679
174 2680 155 672
194 2673 150 671
177 2559 156 670
191 2832 159 665
176 2721 150 671
172 2419 150 673
171 2506 161 672
173 2677 161 666
162 2581 150 683
190 2542 159 670
174 2585 159 667
174 2653 156 670
167 2506 150 681
164 2545 150 680
214 3341 149 682
213 3397 149 682
198 3000 159 665
172 2593 165 667
169 2384 144 684
181 2452 156 675
180 2896 153 671
194 2816 150 671
174 2716 159 668
186 2586 156 670
177 2612 156 670
172 2490 150 673
174 2480 150 683
169 2508 150 682
214 3369 149 682
181 2726 175 668
178 2438 150 690
176 2744 165 667
175 2528 144 701
172 2518 153 674
193 2926 164 669
196 2842 152 671
187 2925 161 670
185 2626 144 684
193 2461 156 686
172 2499 159 679
180 2716 156 673
178 2543 150 676
196 2842 152 671
177 2600 150 681
174 2606 157 673
178 2720 151 675
173 2642 150 682
196 2842 152 671
196 2842 152 671
215 3461 149 682
193 2670 144 684
189 2528 159 691
179 2679 159 674
173 2643 150 692
172 2649 165 691
188 2778 150 681
181 2694 152 691
176 2677 157 676
175 2615 153 682
176 2571 159 678
178 2673 159 677
202 3122 149 685
196 2651 169 698
195 2749 149 689
193 2837 167 675
178 2707 169 678
183 2871 159 678
189 2817 157 691
196 2808 156 682
197 2686 157 680
185 2768 159 676
179 2758 159 681
194 2689 159 681
247 3909 157 697
187 2919 160 676
185 2768 159 679
180 2822 161 683
188 2789 161 677
199 3086 159 681
190 2950 161 676
187 2799 162 679
194 2848 169 687
189 2998 175 683
218 2881 217 663
217 2936 217 663
170 2655 143 691
162 2388 150 713
162 2368 158 697
152 2467 152 697
205 2698 205 665
205 2774 202 665
198 2565 197 667
217 2936 217 663
180 2852 150 678
170 2807 144 681
171 2720 148 685
193 2587 193 667
186 2490 185 669
202 2782 202 665
176 2444 170 671
187 2756 187 667
157 2459 148 705
181 2702 175 669
193 2631 190 667
162 2397 150 708
162 2388 150 713
155 2377 152 703
169 2736 149 684
187 2756 187 667
164 2664 143 691
202 2782 202 665
157 2398 150 700
154 2428 153 693
182 2561 182 669
167 2419 164 674
161 2390 151 703
169 2553 166 671
178 2580 178 669
186 2490 185 669
154 2439 151 698
162 2410 162 680
170 2472 170 671
182 2561 182 669
157 2398 150 700
175 2714 175 669
162 2397 150 708
158 2623 146 692
177 2495 166 671
166 2616 155 676
164 2536 144 686
182 2561 182 669
176 2587 155 676
158 2502 158 673
175 2714 175 669
178 2448 163 676
178 2580 178 669
167 2419 164 674
169 2736 149 684
157 2542 153 681
190 2639 190 667
190 2639 190 667
166 2450 158 673
159 2486 158 683
159 2435 151 696
193 2631 190 667
193 2587 193 667
193 2631 190 667
175 2714 175 669
158 2532 154 688
167 2621 151 676
160 2478 160 682
159 2477 159 689
165 2484 156 679
158 2575 148 687
166 2591 165 671
158 2532 154 688
169 2513 153 679
170 2521 144 686
164 2664 143 691
162 2410 162 680
162 2368 158 697
159 2477 159 689
158 2532 154 688
157 2419 157 694
157 2419 157 694
156 2490 156 678
163 2615 144 686
156 2378 156 695
163 2595 150 679
157 2496 150 693
165 2484 156 679
155 2565 153 681
155 2377 152 703
158 2450 158 690
164 2536 144 686
152 2467 152 697
176 2513 166 671
156 2444 152 695
160 2477 160 685
161 2637 150 682
160 2463 158 687
159 2435 151 696
159 2602 147 697
152 2481 152 692
177 2495 166 671
168 2617 151 676
159 2486 158 683
159 2482 151 695
161 2537 153 681
158 2575 148 687
181 2702 175 669
163 2595 150 679
160 2478 160 682
152 2481 152 692
175 2714 175 669
160 2643 144 686
155 2410 150 700
166 2591 165 671
157 2439 149 703
160 2474 150 698
160 2477 160 685
158 2450 158 690
155 2390 152 698
170 2521 144 686
169 2553 166 671
160 2605 146 692
159 2602 147 697
178 2448 163 676
170 2472 170 671
168 2562 156 676
160 2605 146 692
177 2638 149 682
166 2616 155 676
164 2664 143 691
162 2368 158 697
157 2419 157 694
175 2714 175 669
162 2565 150 692
162 2368 158 697
160 2463 158 687
157 2439 149 703
157 2397 150 713
156 2444 152 695
178 2448 163 676
155 2377 152 703
193 2587 193 667
161 2390 151 703
157 2397 150 713
154 2431 150 713
193 2631 190 667
160 2456 151 695
158 2502 158 673
152 2467 152 697
190 2639 190 667
160 2643 144 686
160 2463 158 687
152 2467 152 697
160 2456 151 695
162 2388 150 713
160 2474 150 698
159 2563 156 676
158 2623 146 692
155 2390 152 698
190 2639 190 667
177 2638 149 682
163 2615 144 686
162 2397 150 708
161 2537 153 681
159 2563 156 676
159 2482 151 695
156 2378 156 695
155 2377 152 703
217 2936 217 663
202 2782 202 665
193 2631 190 667
190 2639 190 667
178 2580 178 669
178 2580 178 669
177 2495 166 671
177 2495 166 671
170 2472 170 671
166 2591 165 671
164 2664 143 691
164 2664 143 691
164 2664 143 691
162 2565 150 692
162 2410 162 680
162 2410 162 680
162 2388 150 713
162 2368 158 697
162 2368 158 697
162 2368 158 697
162 2368 158 697
162 2368 158 697
160 2456 151 695
160 2456 151 695
159 2602 147 697
159 2482 151 695
158 2575 148 687
158 2532 154 688
158 2502 158 673
157 2397 150 713
156 2378 156 695
156 2378 156 695
155 2410 150 700
152 2467 152 697
152 2467 152 697
152 2467 152 697
152 2467 152 697
219 2901 217 663
217 2957 217 663
170 2659 143 691
162 2555 148 709
161 2385 156 700
154 2435 153 693
155 2471 152 701
198 2569 197 667
171 2796 148 688
186 2523 185 669
193 2627 193 667
162 2398 150 708
158 2532 152 697
205 2699 205 665
202 2818 202 665
180 2866 150 678
165 2429 162 680
181 2766 175 669
173 2605 165 671
170 2542 170 671
170 2592 165 673
169 2715 155 676
179 2583 178 669
205 2699 205 665
178 2652 178 669
190 2661 190 667
182 2758 150 679
170 2814 144 681
167 2680 157 682
172 2666 158 676
170 2665 150 682
187 2761 187 667
165 2705 151 679
162 2555 148 709
202 2818 202 665
169 2671 153 679
187 2761 187 667
170 2659 143 691
205 2699 205 665
170 2659 143 691
170 2659 143 691
205 2699 205 665
205 2699 205 665
205 2699 205 665
170 2659 143 691
170 2659 143 691
170 2659 143 691
170 2659 143 691
170 2659 143 691
219 2907 217 663
208 3188 178 669
181 2420 166 702
170 2661 143 691
161 2587 153 693
209 2937 202 665
168 2475 158 697
209 3130 158 676
205 2706 205 665
174 2592 170 671
198 2574 197 667
164 2559 157 694
195 2663 190 667
185 2858 148 685
176 2763 165 673
180 2741 150 684
219 2907 217 663
219 2907 217 663
188 2692 182 669
170 2800 158 681
187 2801 187 667
190 2683 190 667
170 2576 162 680
177 2884 144 681
178 2580 178 672
177 2714 158 687
182 2678 166 674
181 2724 162 677
170 2689 157 689
185 2717 185 669
178 2662 168 677
170 2680 167 674
188 2559 185 669
180 2870 150 678
180 2870 150 678
180 2870 150 678
180 2870 150 678
219 2907 217 663
219 2907 217 663
219 2907 217 663
219 2907 217 663
219 2907 217 663
219 2907 217 663
219 2907 217 663
219 2907 217 663
180 2870 150 678
180 2870 150 678
219 2941 217 663
218 3234 181 669
181 2604 153 693
181 2589 181 673
172 2667 143 691
170 2822 158 681
205 2707 205 665
183 3055 146 690
204 3187 148 685
176 2646 170 671
187 2773 153 688
198 2604 197 670
173 2737 173 674
193 2620 185 669
188 2858 187 667
179 2766 158 687
182 2614 180 674
180 2879 150 678
190 2695 190 670
187 2770 165 676
172 2674 162 680
190 2749 164 679
177 2594 171 677
200 2671 197 667
202 2635 197 667
203 2830 182 669
180 2878 158 678
190 2710 190 667
192 2706 190 667
219 2944 217 663
194 3071 194 668
187 2610 187 681
175 2809 143 691
172 2755 152 705
205 2907 185 669
205 2673 197 667
186 2991 150 678
205 2709 205 665
196 2723 190 667
179 2735 155 694
176 2648 176 674
179 2693 150 701
190 2793 168 679
186 2859 163 680
184 2927 158 682
183 2891 158 688
187 2905 158 687
193 2638 190 670
181 2661 170 671
178 2833 170 671
174 2712 152 705
180 2821 173 674
193 2820 165 676
173 2686 168 683
173 2692 166 692
186 2743 168 681
172 2755 152 705
229 3165 161 690
205 2714 205 665
203 2670 203 671
195 3172 150 683
178 2837 148 698
172 2755 158 716
208 3079 165 676
204 2785 156 702
193 2690 176 687
201 2933 152 695
189 2697 189 685
191 3044 158 692
181 2734 170 671
208 2905 190 667
205 2691 197 667
174 2716 174 684
186 2892 164 689
186 2931 165 680
188 2849 163 691
193 3068 162 678
179 2815 158 701
180 2745 170 688
192 2911 154 696
201 2785 164 696
189 2802 163 699
204 2923 150 694
191 2729 170 671
257 3677 161 684
205 2735 205 665
194 2983 151 707
185 2994 148 699
179 2900 153 704
218 2785 197 673
236 3427 150 694
183 2833 183 675
205 3330 155 695
210 3523 163 679
185 2945 171 687
195 2914 168 691
212 3361 165 676
188 2986 166 683
209 2986 154 700
188 2804 170 674
188 2903 163 698
230 3355 165 695
217 3372 155 705
210 2800 205 665
210 2794 210 671
194 2990 151 707
191 2913 161 712
210 3205 170 674
197 3074 172 680
203 3135 158 700
195 2851 186 695
205 2815 205 670
200 3019 160 704
193 2946 183 696
197 2865 177 678
207 2895 183 675
200 2916 180 677
237 3406 205 665
221 3493 162 717
220 3069 215 666
211 2826 209 675
198 3013 178 686
216 2895 196 684
218 3194 168 705
201 3088 165 711
210 3269 170 674
208 3012 208 681
220 3027 205 668
208 3139 173 685
209 3078 175 680
235 3234 217 666
228 3672 173 689
212 3079 181 680
221 3146 208 669
205 2750 174 667
205 2641 205 664
202 2779 190 663
170 2487 144 697
164 2415 149 718
154 2367 154 692
152 2494 150 694
187 2674 185 666
190 2601 190 666
193 2502 193 666
198 2668 174 668
159 2450 158 672
166 2427 166 670
166 2427 166 670
165 2438 149 714
193 2502 193 666
168 2637 144 695
194 2640 175 665
182 2423 181 668
167 2430 149 708
158 2484 155 691
162 2501 144 704
178 2455 178 669
167 2430 149 708
178 2661 175 668
161 2576 149 696
164 2469 149 712
164 2415 149 718
153 2489 150 694
162 2509 150 682
178 2455 178 669
181 2409 181 669
177 2394 157 676
181 2424 181 668
170 2644 145 686
174 2506 156 675
158 2484 155 691
194 2593 175 668
181 2424 181 668
178 2469 178 668
173 2505 150 680
163 2485 156 678
155 2398 153 696
160 2549 150 687
166 2488 157 676
163 2485 156 678
168 2554 147 696
159 2522 156 687
162 2372 158 672
168 2572 150 677
165 2419 156 690
154 2553 150 684
172 2426 150 687
161 2439 154 689
166 2416 156 683
160 2518 156 688
153 2489 150 694
171 2526 156 674
155 2398 153 696
171 2554 144 695
194 2640 175 665
173 2520 156 674
166 2383 166 671
154 2392 152 698
182 2423 181 668
169 2479 144 701
161 2439 154 689
162 2574 147 699
160 2503 148 700
163 2541 147 702
162 2501 144 704
162 2515 152 678
174 2506 156 675
170 2415 156 681
164 2480 157 679
170 2644 145 686
165 2438 149 714
164 2469 149 712
164 2469 149 712
171 2431 156 677
164 2462 153 693
164 2462 153 693
155 2398 153 696
154 2367 154 692
169 2540 144 696
170 2415 156 681
169 2473 147 701
161 2559 150 681
159 2450 158 672
160 2378 158 675
170 2495 156 677
169 2473 147 701
163 2500 148 697
164 2480 157 679
181 2409 181 669
162 2650 150 680
167 2381 166 671
165 2419 156 690
161 2559 150 681
177 2394 157 676
167 2381 166 671
170 2644 145 686
154 2367 154 692
173 2520 156 674
167 2513 144 699
162 2370 158 675
160 2518 156 688
173 2541 144 690
171 2431 156 677
152 2494 150 694
154 2392 152 698
173 2505 150 680
167 2438 144 702
163 2500 148 697
160 2503 148 700
154 2553 150 684
194 2593 175 668
181 2409 181 669
164 2469 149 712
162 2501 144 704
161 2559 150 681
155 2398 153 696
154 2423 150 694
182 2423 181 668
181 2409 181 669
167 2394 166 670
166 2488 157 676
166 2416 156 683
154 2392 152 698
178 2661 175 668
165 2438 149 714
181 2409 181 669
169 2479 144 701
162 2650 150 680
162 2423 156 680
160 2545 156 686
155 2398 153 696
153 2512 150 689
168 2637 144 695
168 2556 144 696
164 2492 144 704
162 2542 156 674
162 2515 152 678
162 2370 158 675
160 2545 156 686
160 2378 158 675
181 2424 181 668
168 2572 150 677
168 2556 144 696
166 2383 166 671
162 2574 147 699
162 2372 158 672
161 2576 149 696
170 2495 156 677
170 2487 144 697
169 2540 144 696
167 2513 144 699
166 2488 157 676
166 2416 156 683
164 2502 150 689
164 2492 144 704
162 2542 156 674
162 2493 150 691
162 2493 150 691
154 2506 150 690
194 2640 175 665
193 2502 193 666
193 2502 193 666
181 2409 181 669
181 2409 181 669
181 2409 181 669
181 2409 181 669
178 2455 178 669
174 2506 156 675
170 2644 145 686
170 2495 156 677
169 2473 147 701
168 2572 150 677
167 2513 144 699
167 2513 144 699
167 2513 144 699
167 2430 149 708
167 2430 149 708
166 2383 166 671
166 2383 166 671
165 2438 149 714
164 2502 150 689
164 2469 149 712
162 2574 147 699
162 2370 158 675
160 2518 156 688
160 2378 158 675
155 2398 153 696
155 2398 153 696
154 2367 154 692
154 2367 154 692
154 2367 154 692
154 2367 154 692
207 2775 174 667
205 2645 205 664
167 2514 144 699
166 2394 166 671
164 2419 149 718
155 2420 153 696
198 2678 174 668
205 2645 205 664
168 2481 158 675
178 2456 178 669
167 2433 149 708
186 2634 156 675
192 2773 150 684
162 2493 154 690
168 2716 150 690
174 2541 152 682
178 2662 175 668
155 2413 154 692
164 2419 149 718
193 2512 193 666
157 2418 152 698
194 2597 175 668
167 2395 166 670
187 2690 185 666
187 2690 185 666
182 2685 156 675
176 2571 150 698
168 2467 144 702
168 2574 153 678
167 2395 166 670
173 2519 156 684
168 2520 156 688
186 2714 150 685
166 2535 156 680
168 2463 145 705
167 2442 149 706
193 2512 193 666
162 2612 150 698
190 2604 190 666
168 2467 144 702
190 2604 190 666
190 2604 190 666
168 2463 145 705
167 2442 149 706
190 2604 190 666
190 2604 190 666
167 2395 166 670
205 2645 205 664
205 2645 205 664
205 2645 205 664
205 2645 205 664
187 2690 185 666
167 2395 166 670
167 2395 166 670
167 2395 166 670
167 2395 166 670
164 2419 149 718
207 2778 174 667
205 2647 205 664
202 2931 150 687
182 2403 173 677
167 2532 144 699
164 2431 149 718
156 2423 154 692
186 2799 150 690
191 2741 185 666
193 2526 193 666
193 2898 150 688
198 2685 174 668
190 2655 190 666
165 2496 152 710
171 2405 166 681
178 2462 178 669
170 2593 163 686
162 2498 153 709
170 2483 144 702
177 2541 170 673
194 2612 175 668
169 2494 149 708
181 2424 181 675
168 2512 150 703
193 2557 161 679
177 2563 167 670
169 2553 156 687
173 2556 173 671
175 2601 153 678
169 2443 166 674
180 2681 175 668
207 2778 174 667
180 2599 155 686
181 2497 166 670
207 2778 174 667
207 2778 174 667
207 2778 174 667
207 2778 174 667
207 2778 174 667
215 2951 156 679
193 2571 193 666
188 2579 144 702
171 2514 149 718
159 2430 155 699
157 2518 154 697
207 2790 174 667
178 2540 153 707
195 2744 185 666
188 2489 179 673
197 2911 150 689
163 2552 154 693
170 2541 162 693
176 2678 169 687
195 2733 190 667
184 2872 157 680
199 2904 156 684
205 2683 181 668
168 2560 153 702
192 2701 178 668
185 2883 164 678
183 2606 158 682
179 2723 165 680
181 2583 181 672
177 2538 170 676
196 2937 156 684
184 2661 158 679
178 2513 178 675
198 2700 174 668
179 2657 153 693
177 2563 149 699
178 2614 178 671
173 2591 171 679
185 2673 166 670
186 2586 173 670
171 2598 171 680
181 2701 173 671
185 2522 166 671
173 2555 173 680
223 3065 174 667
212 3177 185 666
198 2744 190 666
192 2851 144 706
178 2452 162 706
177 2591 149 718
169 2463 155 700
193 2925 153 696
208 3144 153 690
183 2658 149 712
204 2836 167 670
197 2827 185 669
185 2556 166 673
187 2810 158 679
199 2700 174 668
184 2762 165 682
191 2626 158 689
189 2620 162 693
187 2740 149 702
186 2759 149 711
189 2704 155 699
188 2583 166 671
184 2702 166 681
198 2712 174 668
217 3375 156 691
209 2850 193 666
194 2959 154 704
189 2615 188 672
183 2736 155 714
178 2790 160 707
197 3116 161 684
186 2673 180 692
181 2820 156 710
192 2748 162 700
192 2992 164 681
203 2750 174 668
195 2672 158 689
202 2768 175 668
201 3051 160 682
207 2931 167 673
199 2713 183 674
191 2772 170 675
204 2692 169 675
187 2827 165 685
189 2737 184 679
192 2733 185 673
185 2866 167 686
198 2907 167 676
195 2626 170 687
201 2864 162 688
184 2710 169 708
185 2917 156 706
198 2707 167 680
201 2916 165 683
236 3308 156 709
213 2761 175 668
190 2922 175 685
190 2617 190 675
218 3237 162 694
195 2767 182 687
208 3163 163 688
192 2755 164 704
203 2967 184 676
205 3033 165 697
203 3024 160 699
201 2839 171 692
200 2848 170 682
207 2793 174 670
198 2991 163 704
200 2975 168 679
205 2972 167 678
203 2997 175 672
192 2778 174 683
209 3030 165 693
218 3006 174 670
217 2971 180 669
217 2911 210 670
203 3291 185 675
198 2859 166 717
198 2770 190 680
208 3100 172 690
198 2920 192 677
214 3180 177 678
204 3023 170 699
212 2986 170 708
202 2837 189 685
211 3155 171 682
207 2847 182 681
212 3030 170 686
202 2871 171 697
203 2806 184 683
213 2916 176 689
218 2959 177 682
215 3084 203 677
214 3106 170 686
213 3178 173 686
210 3081 210 678
208 2866 189 683
204 2935 188 686
206 3041 194 682
217 3169 173 689
209 3016 196 685
220 3224 173 689
