17 0.0577231
356 4716 263 966
270 4400 217 971
295 4950 203 869
254 3808 204 870
351 5473 219 930
287 4458 215 888
275 4270 239 879
299 4936 259 908
286 4415 230 909
308 4783 235 929
358 5473 214 914
296 4244 216 916
308 4622 234 928
312 4489 251 904
260 4137 212 897
318 4599 225 895
334 4761 248 915
245 3912 216 884
306 4573 221 926
335 5058 273 961
338 5251 225 914
324 4879 232 951
300 4403 206 932
274 4608 250 946
302 4880 234 920
271 4353 236 938
286 4719 221 943
299 4576 234 905
311 4992 221 945
272 4279 255 928
340 5234 236 901
282 4157 220 935
290 4464 247 945
291 4680 222 900
275 4384 237 927
316 4996 247 936
284 4338 231 944
304 4651 225 913
329 4967 232 922
297 4625 202 929
300 4658 217 948
324 5158 236 921
342 4335 259 928
296 4689 198 867
322 4816 239 939
317 4900 219 923
329 5308 235 961
326 5116 222 924
347 5494 240 888
367 5809 225 910
299 4760 240 933
294 5167 240 900
314 4988 213 936
325 5072 230 972
324 5159 246 885
293 4805 219 933
279 4233 212 898
284 4637 248 916
316 5120 217 918
326 5029 228 989
314 5077 222 918
275 4597 221 909
286 4635 231 961
321 5045 234 967
295 4789 212 945
351 5542 243 966
312 4843 255 942
284 4499 202 895
339 5571 247 906
350 5382 249 921
299 4833 266 951
288 4135 238 925
359 5807 256 968
307 4851 248 915
308 5003 272 966
333 5207 248 937
323 5239 266 969
356 5578 211 964
324 4889 231 950
301 4906 249 934
259 4117 202 933
441 6668 227 919
287 4372 260 942
299 4662 261 939
283 4847 227 907
282 4460 214 886
323 4872 227 979
324 4727 221 979
265 4494 221 967
278 4440 196 900
359 5852 220 971
271 3997 230 929
311 5436 244 899
300 4380 231 956
325 4877 243 950
307 4970 241 937
298 4795 216 901
313 5150 217 979
274 4291 239 936
258 4019 236 925
