4231 181.347
227 2177 217 649
227 2177 217 649
217 2187 217 649
174 2579 144 683
153 1909 150 670
146 1995 143 705
145 2122 141 695
144 2215 144 689
208 2133 202 651
190 2053 190 653
205 2097 205 651
227 2177 217 649
202 2071 166 657
145 2122 141 695
152 2234 142 688
157 2407 157 662
165 2166 161 663
171 2210 170 657
147 1960 147 685
159 2502 148 674
175 2566 144 683
171 2010 161 665
167 2242 161 660
153 2525 149 675
149 2215 143 684
147 2026 144 697
180 2023 180 661
179 2191 156 667
182 2022 182 658
158 2354 151 667
146 1993 145 699
177 2050 162 659
188 2376 144 683
152 1941 148 681
206 2093 205 651
212 2085 205 651
165 2263 165 659
223 2178 217 649
190 2435 144 681
165 2263 165 659
146 1995 143 705
209 2119 202 651
184 2433 144 683
146 1976 144 701
217 2187 217 649
156 2466 151 667
146 1971 146 695
199 2042 190 653
156 1923 156 668
201 2044 175 655
153 1909 150 670
160 1916 148 677
161 2007 152 668
162 2317 162 659
186 2031 178 655
187 2423 187 653
187 2423 187 653
159 2502 148 674
153 2525 149 675
170 2294 157 662
201 2044 175 655
182 2111 166 657
192 2131 187 653
186 2031 178 655
197 2030 162 659
217 2187 217 649
212 2085 205 651
189 2368 187 653
156 2466 151 667
174 2127 170 660
144 2215 144 689
160 1916 148 677
181 2033 174 657
174 2579 144 683
154 1965 145 679
163 2001 145 677
146 1976 144 701
174 1957 146 683
182 2022 182 658
223 2178 217 649
179 2174 179 655
227 2177 217 649
164 2287 162 659
181 2033 174 657
154 1989 148 677
170 2294 157 662
162 2317 162 659
161 2017 157 665
154 1965 145 679
179 2247 151 667
197 2030 162 659
161 2007 152 668
181 2033 174 657
187 2423 187 653
157 2407 157 662
153 1909 150 670
158 2354 151 667
205 2097 205 651
189 2368 187 653
161 2017 157 665
159 2502 148 674
192 2131 187 653
199 2042 190 653
190 2435 144 681
152 1941 148 681
174 2127 170 660
153 1909 150 670
209 2119 202 651
164 2287 162 659
156 1923 156 668
182 2022 182 658
179 2174 179 655
190 2053 190 653
217 2187 217 649
158 2354 151 667
153 1909 150 670
152 1941 148 681
212 2085 205 651
153 1909 150 670
227 2177 217 649
152 1991 143 705
152 1991 143 705
227 2177 217 649
227 2177 217 649
227 2177 217 649
227 2177 217 649
227 2177 217 649
227 2177 217 649
227 2177 217 649
227 2177 217 649
227 2177 217 649
227 2177 217 649
227 2177 217 649
227 2177 217 649
227 2177 217 649
227 2177 217 649
227 2177 217 649
227 2177 217 649
227 2177 217 649
227 2177 217 649
227 2177 217 649
227 2177 217 649
227 2177 217 649
227 2177 217 649
223 2178 217 649
223 2178 217 649
217 2187 217 649
217 2187 217 649
217 2187 217 649
217 2187 217 649
217 2187 217 649
217 2187 217 649
217 2187 217 649
217 2187 217 649
217 2187 217 649
217 2187 217 649
217 2187 217 649
217 2187 217 649
217 2187 217 649
217 2187 217 649
217 2187 217 649
217 2187 217 649
205 2097 205 651
190 2435 144 681
190 2435 144 681
190 2053 190 653
182 2022 182 658
179 2174 179 655
165 2263 165 659
164 2287 162 659
159 2502 148 674
157 2407 157 662
153 2525 149 675
153 1909 150 670
153 1909 150 670
153 1909 150 670
153 1909 150 670
153 1909 150 670
153 1909 150 670
153 1909 150 670
153 1909 150 670
153 1909 150 670
153 1909 150 670
153 1909 150 670
152 1991 143 705
152 1991 143 705
145 2122 141 695
145 2122 141 695
264 3471 156 667
217 2191 217 649
215 2721 142 694
200 2311 143 705
153 1911 150 670
249 3076 157 666
226 2153 209 651
185 2492 149 702
255 2949 160 666
168 2345 143 705
203 2541 144 681
230 2570 182 655
243 2470 177 664
234 2673 162 663
174 2585 144 683
222 2694 174 657
210 2190 202 651
232 2606 197 653
232 3024 167 663
220 2754 161 667
218 2467 191 668
172 2234 156 669
204 2465 193 668
250 2641 173 667
212 2475 201 654
217 2177 215 655
216 2730 170 657
236 2582 176 663
194 2434 144 683
186 2449 144 683
175 2575 144 683
227 2187 217 649
194 2556 144 681
197 2691 156 668
203 2541 144 681
286 3635 181 658
217 2192 217 649
194 2461 144 683
193 2469 149 690
153 1918 150 670
272 3326 181 660
233 3073 187 659
174 2588 144 683
194 2573 144 681
279 3267 201 655
244 2918 176 664
198 2796 156 669
241 2710 165 668
222 2761 171 666
188 2470 144 683
239 2947 192 656
212 2642 194 669
238 2563 201 660
227 2293 209 662
228 2360 205 651
237 2835 194 663
278 2879 203 657
214 2283 156 669
226 2323 209 651
242 2942 176 663
228 2725 182 668
185 2586 144 683
230 2920 193 665
230 2311 205 651
223 2897 156 668
273 3599 161 668
219 2197 217 649
198 2623 144 681
188 2523 144 686
153 1925 150 670
241 3262 177 668
261 3200 177 665
174 2591 144 683
201 2817 156 669
239 3015 190 666
236 2354 205 658
230 2319 216 653
194 2468 144 683
217 2199 217 649
241 2320 215 655
238 2689 201 666
230 2931 193 665
243 3062 192 656
255 2754 203 664
270 2874 201 660
230 2402 205 651
265 2624 203 661
245 2948 193 658
252 2838 202 662
252 3033 192 663
201 2605 144 681
278 3490 192 656
217 2221 217 649
196 2538 144 701
180 2649 144 683
153 1927 150 670
234 3019 163 669
256 3101 193 656
253 2846 202 662
179 2609 144 687
230 2428 205 651
195 2590 147 684
230 2427 215 655
244 3012 193 665
248 2387 215 668
240 2408 216 653
210 2521 144 683
201 2603 144 683
205 2543 144 683
196 2647 144 683
269 3141 195 660
262 3279 193 657
222 2222 217 649
194 2817 144 683
188 2629 149 694
167 1968 157 681
156 1970 150 670
245 3013 193 665
195 2802 144 685
221 2245 217 649
233 2696 209 665
242 2415 216 667
237 2455 205 651
236 2561 214 655
254 2959 202 664
266 3255 196 656
262 2895 203 664
257 3012 202 662
281 3244 198 663
238 2230 217 649
221 2285 217 649
160 1992 150 670
239 2596 205 651
253 3021 193 665
262 2896 203 664
244 2459 209 667
248 3058 193 665
259 2493 205 651
226 2240 217 649
248 3058 193 665
267 2911 203 664
248 3061 193 665
232 2240 217 649
173 2008 150 670
166 2103 156 684
161 2123 150 676
226 2280 217 649
243 2718 205 651
261 2570 205 662
263 2562 205 651
255 2614 209 667
249 2673 216 667
166 2132 150 674
248 3061 193 665
248 3061 193 665
248 3061 193 665
248 3061 193 665
248 3061 193 665
248 3061 193 665
248 3061 193 665
248 3061 193 665
248 3061 193 665
271 2782 209 651
260 3158 209 651
233 2267 217 649
191 2057 150 670
173 2092 150 670
248 3067 193 665
229 2397 217 649
256 3068 205 662
268 2802 213 655
255 2709 209 669
267 2820 212 652
248 3065 209 668
232 2366 217 649
259 3035 208 667
252 2899 208 669
268 2919 203 664
268 2836 208 666
252 2928 212 652
267 3000 203 664
268 2919 203 664
261 2920 209 651
268 2919 203 664
268 2919 203 664
268 2919 203 664
268 2919 203 664
268 2919 203 664
268 2919 203 664
299 3333 208 663
241 2296 217 649
234 2276 217 662
231 2402 217 649
202 2433 150 708
192 2475 150 670
194 2418 157 702
231 2393 213 680
275 2945 203 664
263 2938 209 658
269 3065 209 654
270 2948 203 664
274 2941 215 652
277 2847 162 673
275 3461 208 668
246 2285 217 665
241 2357 217 649
232 2693 218 662
223 2931 150 670
200 2676 155 704
193 2516 156 675
220 2946 153 701
272 3215 209 666
251 2731 181 671
240 2568 217 649
220 2681 168 674
228 2485 174 674
254 2898 195 670
232 2641 197 673
243 2915 194 673
200 2676 155 704
245 2900 215 672
227 2923 155 703
241 2925 196 670
290 3443 170 671
243 2385 217 649
237 2792 218 673
224 2721 156 675
203 2548 159 711
221 3027 159 685
254 2881 194 671
227 2869 200 674
205 2769 176 695
232 3260 159 674
213 2785 184 677
239 2654 181 699
234 2630 198 678
250 2769 192 674
253 3410 179 673
205 2675 179 696
241 2784 218 673
266 2906 194 672
249 3395 159 674
249 2416 217 649
243 2789 224 661
212 2657 162 723
259 3287 179 678
241 2956 209 674
247 2686 186 699
217 2813 180 695
228 2801 162 680
232 2767 208 681
257 2923 207 674
230 2737 195 698
260 2876 161 677
213 2816 184 677
242 2813 218 673
301 3483 208 672
267 3519 202 679
259 2683 217 649
255 2778 229 675
244 3044 164 686
241 2904 169 722
234 3119 168 699
274 3376 179 678
272 3342 192 677
254 2802 224 661
258 3012 217 651
261 3245 174 680
250 2812 185 691
264 2879 169 719
239 2807 210 682
252 2874 206 685
248 2938 169 720
236 2882 174 681
243 2821 218 673
249 2817 218 673
284 3345 182 680
268 3605 202 679
268 2844 217 649
259 2771 217 660
255 3108 169 739
247 3378 168 698
246 2975 205 682
277 3598 202 679
258 3101 169 722
266 2909 217 649
248 2964 197 684
253 3344 168 698
270 3219 185 684
254 3252 182 691
257 3439 174 689
263 3230 174 681
260 3109 171 687
267 3214 185 685
330 3879 191 680
271 3011 224 653
266 3834 168 699
266 3410 185 707
262 2847 230 671
259 3100 219 689
294 3268 215 684
282 3635 202 679
283 3019 217 658
278 3391 185 683
274 3357 220 676
281 3346 187 681
294 3354 214 691
275 3096 228 671
227 2177 217 649
217 2187 217 649
153 2525 149 675
153 1909 150 670
152 1991 143 705
145 2122 141 695
144 2215 144 689
205 2097 205 651
223 2178 217 649
199 2042 190 653
208 2133 202 651
187 2423 187 653
171 2210 170 657
186 2031 178 655
217 2187 217 649
182 2022 182 658
153 1909 150 670
146 1976 144 701
159 2502 148 674
164 2287 162 659
156 2453 152 668
152 1991 143 705
227 2177 217 649
212 2085 205 651
206 2093 205 651
188 2422 187 653
160 2446 150 669
165 2263 165 659
168 2095 156 666
159 2502 148 674
161 2017 157 665
189 2368 187 653
157 2407 157 662
202 2071 166 657
155 2070 144 681
162 2317 162 659
158 2354 151 667
156 2466 151 667
183 2018 167 660
181 2033 174 657
146 1993 145 699
192 2131 187 653
179 2174 179 655
153 2525 149 675
177 2050 162 659
197 2030 162 659
152 2234 142 688
149 2215 143 684
211 2090 205 651
154 1965 145 679
182 2111 166 657
163 2001 145 677
163 2001 145 677
149 2038 147 681
190 2053 190 653
202 2142 202 651
201 2044 175 655
172 1979 168 666
156 1923 156 668
161 2007 152 668
171 2010 161 665
165 2263 165 659
169 2212 162 661
174 2127 170 660
182 2022 182 658
223 2178 217 649
162 2317 162 659
158 2354 151 667
150 2147 142 692
201 2044 175 655
151 1953 146 687
165 2166 161 663
147 1995 145 691
147 1985 145 699
180 2023 180 661
180 2023 180 661
178 2030 169 664
169 2044 169 663
146 1971 146 695
144 2215 144 689
147 2026 144 697
197 2030 162 659
156 1923 156 668
152 1941 148 681
174 1957 146 683
147 2026 144 697
146 1976 144 701
153 2008 144 693
182 2111 166 657
170 2171 170 660
167 2242 161 660
179 2247 151 667
167 2242 161 660
150 2147 142 692
147 1960 147 685
170 2294 157 662
209 2119 202 651
188 2422 187 653
166 2154 161 663
157 2407 157 662
178 2030 169 664
174 1957 146 683
166 2150 162 662
151 1953 146 687
148 2140 146 686
147 1960 147 685
154 1965 145 679
145 2122 141 695
173 2136 162 659
154 1989 148 677
189 2368 187 653
160 1916 148 677
159 1951 156 667
150 2515 150 669
181 2033 174 657
145 2122 141 695
171 2010 161 665
148 2140 146 686
147 1995 145 691
161 2017 157 665
183 2018 167 660
149 2215 143 684
152 2234 142 688
152 1941 148 681
211 2090 205 651
208 2133 202 651
190 2053 190 653
186 2031 178 655
168 1983 168 666
199 2042 190 653
192 2131 187 653
179 2247 151 667
172 2063 162 661
170 2294 157 662
164 2287 162 659
156 2466 151 667
150 2515 150 669
212 2085 205 651
154 1965 145 679
149 2038 147 681
153 2008 144 693
168 1983 168 666
165 2151 156 664
179 2174 179 655
157 2407 157 662
153 1909 150 670
209 2119 202 651
177 2050 162 659
172 2063 162 661
159 1951 156 667
217 2187 217 649
187 2423 187 653
153 1909 150 670
153 1909 150 670
190 2053 190 653
159 2502 148 674
153 1909 150 670
145 2122 141 695
171 2010 161 665
202 2142 202 651
227 2177 217 649
144 2215 144 689
152 1991 143 705
161 2007 152 668
227 2177 217 649
227 2177 217 649
227 2177 217 649
227 2177 217 649
227 2177 217 649
227 2177 217 649
227 2177 217 649
217 2187 217 649
217 2187 217 649
217 2187 217 649
217 2187 217 649
212 2085 205 651
208 2133 202 651
171 2010 161 665
171 2010 161 665
171 2010 161 665
161 2007 152 668
158 2354 151 667
153 2525 149 675
153 1909 150 670
153 1909 150 670
153 1909 150 670
152 1991 143 705
152 1991 143 705
152 1991 143 705
152 1991 143 705
249 3053 172 660
220 2210 217 649
157 1932 150 670
152 1993 143 705
180 2682 149 704
156 1968 150 670
214 2316 169 663
183 2237 160 668
175 2149 161 665
236 2811 194 656
246 2434 189 655
228 2935 157 662
223 2702 184 658
177 2083 161 665
225 2172 215 655
230 2476 205 662
240 2535 199 656
218 2683 177 661
234 2446 182 658
243 2938 194 653
231 2594 174 657
231 2249 205 651
228 2614 204 655
243 2989 182 655
245 2561 201 653
217 2522 201 656
216 2231 216 653
226 2196 217 649
264 2486 205 662
260 3049 170 663
242 2241 217 649
161 2054 143 705
152 2014 143 712
170 2116 150 670
168 2121 163 701
184 2163 161 665
215 2644 172 663
247 2803 195 656
225 2794 184 658
223 2308 217 649
175 2225 162 669
245 2571 201 653
159 2060 143 705
234 2232 215 655
244 2523 209 660
237 2704 174 657
253 2704 189 655
236 2716 192 661
244 2688 196 657
226 2243 217 649
257 2559 205 651
236 2697 205 651
221 2243 217 660
279 3398 191 656
260 3565 176 660
234 2255 217 649
231 2243 217 652
172 2389 143 705
167 2219 157 713
182 2307 163 684
185 2274 150 670
215 2610 187 665
238 3106 166 665
219 2942 169 669
263 3076 180 663
236 2575 208 666
279 3030 191 659
169 2374 157 711
248 2754 192 662
236 2812 210 661
249 2760 201 653
238 2701 205 651
238 2642 215 655
238 3047 182 661
224 2285 217 660
254 2673 201 653
229 2622 162 666
227 2746 167 666
235 2961 192 658
238 2715 179 665
235 2357 215 658
257 2628 215 652
253 2678 201 653
280 3382 191 659
243 2280 217 652
241 2293 217 649
231 2285 217 652
193 2499 148 709
181 2578 162 723
192 2357 150 670
278 3028 181 665
246 2882 215 661
187 2381 150 670
244 3204 167 669
251 2775 204 654
238 2653 175 668
264 3171 201 653
235 2628 194 669
261 2806 209 651
257 3114 187 665
241 2724 187 667
263 3062 200 660
244 2484 216 667
237 3082 183 668
240 2805 208 667
243 3186 183 664
284 3234 201 653
282 3308 206 659
242 2401 217 649
231 2296 217 658
187 2406 150 670
181 2584 162 730
247 3270 183 668
268 3069 208 657
243 2780 193 667
258 2827 216 654
255 2680 209 669
258 3121 187 665
263 3082 209 665
278 2805 214 655
272 3116 207 660
272 3288 216 653
260 2825 187 667
248 2742 209 669
268 2739 216 667
255 2791 216 664
278 2805 214 655
283 3194 208 666
274 3429 183 668
248 2389 232 665
243 2425 217 649
212 2854 153 699
195 2607 153 701
217 2510 181 688
209 2676 157 679
213 2491 168 692
269 3209 215 659
258 2987 204 669
278 2862 214 655
236 2612 228 664
240 2447 196 671
244 2412 202 672
256 2702 209 669
239 2617 224 669
242 2696 184 670
212 2692 158 671
245 2815 216 669
242 2492 217 663
245 2857 208 667
298 3610 200 670
268 3694 157 688
245 2440 217 649
210 2798 153 704
203 2717 162 723
282 2904 214 655
251 3002 209 668
239 3027 159 690
245 3347 159 674
231 2650 186 706
229 3414 176 671
219 2833 170 679
242 2611 180 693
215 2746 181 677
249 2486 203 673
243 2606 217 649
254 2679 196 672
227 2695 203 682
231 2940 164 681
234 2765 164 684
219 2794 178 673
229 2859 166 672
225 2705 188 693
224 2894 165 677
246 2864 201 670
237 2762 191 672
231 2811 186 671
252 2888 216 669
252 2739 192 677
232 2796 161 675
242 2627 196 674
233 2626 176 692
236 2700 196 671
273 2981 189 671
250 2455 217 649
247 3379 159 674
244 2839 228 665
206 2881 162 730
253 3231 164 701
265 3130 209 669
226 2708 195 697
245 2653 224 661
244 2867 168 687
240 3339 164 682
232 2915 180 679
254 3083 206 670
249 2834 220 659
237 2905 216 675
258 2688 208 673
234 2758 188 693
257 3030 197 671
228 2917 165 677
238 2769 184 679
242 2832 191 672
253 2671 199 679
226 2760 187 699
242 2753 221 671
254 2928 166 672
249 2811 220 670
246 2692 204 680
234 3029 166 672
244 2881 183 673
250 2671 204 679
251 2981 166 672
237 2768 217 672
272 3042 180 677
261 2518 217 649
260 2551 217 649
255 3401 159 674
247 2955 169 720
243 2821 218 673
229 3109 178 692
262 3306 199 671
237 3235 173 712
248 3074 176 696
269 3047 184 674
251 3327 166 672
250 2809 185 691
248 2875 187 690
251 2589 217 649
246 2928 196 690
240 2859 199 679
260 3076 175 682
247 2845 191 672
257 3087 168 679
247 2974 177 679
251 2921 186 680
243 2821 218 673
258 2581 217 649
249 2855 185 691
249 2855 185 691
249 2855 185 691
306 3731 180 672
279 3628 159 674
264 2610 217 652
255 3067 169 722
254 2653 217 649
253 2662 230 673
242 2913 208 685
251 2903 222 663
287 3390 188 673
249 2912 185 704
273 3244 181 678
255 3067 169 722
253 3575 168 697
269 3081 211 672
261 3490 160 696
282 3039 195 674
264 3009 194 687
283 3409 177 676
248 3039 222 681
257 2993 183 694
249 3023 208 678
278 3072 190 683
258 3139 168 679
269 3134 191 676
261 3446 183 674
249 3102 177 679
254 2966 208 678
251 3097 177 679
250 3098 177 679
279 3073 193 684
266 2798 217 649
263 3499 172 695
257 3078 169 722
257 2721 230 660
254 2759 230 671
248 3040 224 687
250 3105 177 679
266 3076 188 707
267 3054 210 690
259 2819 224 650
257 2929 218 673
250 3100 208 678
262 2788 217 667
256 3086 215 681
258 2806 220 659
262 3097 208 696
258 3014 217 649
250 3077 223 683
267 3054 210 690
283 3355 187 679
261 2930 220 659
260 3022 217 649
258 3170 185 685
255 3160 194 710
273 3235 210 683
283 3294 208 680
258 3018 217 660
282 3595 210 732
277 3066 217 649
271 3065 239 677
259 3082 235 688
268 3205 217 649
264 3099 234 684
289 3196 224 680
271 3212 229 679
227 2177 217 649
217 2187 217 649
153 2525 149 675
153 1909 150 670
152 1991 143 705
145 2122 141 695
144 2215 144 689
190 2053 190 653
212 2085 205 651
208 2133 202 651
227 2177 217 649
187 2423 187 653
189 2368 187 653
217 2187 217 649
217 2187 217 649
171 2210 170 657
182 2022 182 658
156 2466 151 667
157 2407 157 662
181 2033 174 657
165 2263 165 659
168 2095 156 666
162 2317 162 659
202 2142 202 651
158 2354 151 667
156 2453 152 668
160 1916 148 677
159 2502 148 674
197 2030 162 659
167 2242 161 660
186 2031 178 655
149 2038 147 681
223 2178 217 649
162 2317 162 659
153 1909 150 670
152 1991 143 705
146 1976 144 701
159 2502 148 674
199 2042 190 653
145 2122 141 695
157 2407 157 662
160 2446 150 669
206 2093 205 651
173 2136 162 659
179 2174 179 655
181 2033 174 657
161 2017 157 665
201 2044 175 655
192 2131 187 653
199 2042 190 653
152 2234 142 688
170 2294 157 662
212 2085 205 651
156 1923 156 668
154 1965 145 679
163 2001 145 677
178 2030 169 664
147 2026 144 697
146 1993 145 699
168 1983 168 666
174 1957 146 683
152 1941 148 681
147 1960 147 685
150 2515 150 669
205 2097 205 651
164 2287 162 659
183 2018 167 660
188 2422 187 653
223 2178 217 649
183 2018 167 660
151 1953 146 687
153 2008 144 693
227 2177 217 649
180 2023 180 661
144 2215 144 689
153 2525 149 675
169 2044 169 663
179 2247 151 667
177 2050 162 659
182 2022 182 658
147 1995 145 691
147 1985 145 699
174 2127 170 660
154 1965 145 679
146 1976 144 701
146 1971 146 695
170 2171 170 660
152 2234 142 688
165 2151 156 664
153 1909 150 670
152 1941 148 681
147 2026 144 697
180 2023 180 661
165 2263 165 659
150 2147 142 692
159 2502 148 674
182 2111 166 657
169 2212 162 661
159 1951 156 667
209 2119 202 651
150 2147 142 692
148 2140 146 686
205 2097 205 651
179 2174 179 655
201 2044 175 655
154 1989 148 677
202 2071 166 657
189 2368 187 653
158 2354 151 667
166 2154 161 663
149 2215 143 684
147 1995 145 691
151 1953 146 687
148 2140 146 686
166 2154 161 663
161 2017 157 665
149 2215 143 684
197 2030 162 659
192 2131 187 653
211 2090 205 651
172 2063 162 661
165 2166 161 663
161 2007 152 668
161 2007 152 668
155 2070 144 681
171 2010 161 665
174 1957 146 683
164 2287 162 659
156 1923 156 668
155 2070 144 681
205 2097 205 651
182 2111 166 657
147 1960 147 685
163 2001 145 677
156 2466 151 667
153 2008 144 693
212 2085 205 651
211 2090 205 651
167 2242 161 660
174 2127 170 660
172 1979 168 666
179 2174 179 655
171 2010 161 665
209 2119 202 651
206 2093 205 651
190 2053 190 653
177 2050 162 659
172 1979 168 666
186 2031 178 655
150 2515 150 669
208 2133 202 651
171 2010 161 665
202 2071 166 657
223 2178 217 649
187 2423 187 653
153 1909 150 670
153 1909 150 670
186 2031 178 655
154 1965 145 679
172 2063 162 661
160 2446 150 669
227 2177 217 649
146 1976 144 701
152 1991 143 705
227 2177 217 649
227 2177 217 649
227 2177 217 649
217 2187 217 649
217 2187 217 649
217 2187 217 649
217 2187 217 649
209 2119 202 651
190 2053 190 653
182 2022 182 658
165 2263 165 659
153 2525 149 675
153 1909 150 670
152 1991 143 705
145 2122 141 695
145 2122 141 695
261 2666 177 657
250 3110 157 666
229 2187 217 649
165 2008 155 689
161 2116 143 705
155 2024 148 709
172 2075 150 670
210 2632 184 667
226 2343 205 651
249 2484 190 653
171 2099 164 682
239 3022 162 665
164 2113 155 703
222 2264 203 654
248 2869 169 659
217 2191 217 649
223 2817 185 657
214 2656 181 661
232 2588 190 653
217 2729 183 658
222 2895 164 665
158 2029 148 708
222 2236 189 655
229 2853 174 660
165 2118 156 669
219 2669 164 668
212 2174 204 655
235 2850 161 668
215 2683 164 666
228 2850 162 668
227 2188 217 649
278 2990 200 654
246 3181 177 665
218 2220 217 649
163 2145 143 705
186 2268 150 670
231 2705 164 666
256 3032 169 663
243 2806 187 664
259 2491 205 651
236 3113 183 661
230 2415 189 655
223 2857 192 665
273 2964 201 653
250 2703 174 667
244 3083 179 664
252 2619 215 654
235 2323 203 659
221 2905 184 662
223 2546 203 657
248 2961 175 660
235 2676 209 651
228 2882 184 659
229 2451 216 653
234 2677 209 651
229 2563 192 662
229 2642 202 661
253 2562 205 651
234 2264 215 655
268 2441 203 657
246 3184 177 665
232 2246 217 649
223 2577 150 670
190 2310 157 696
218 2576 156 688
210 2682 155 671
208 2437 162 670
191 2384 159 671
264 3120 176 663
243 2373 215 655
253 2879 184 667
231 2803 201 666
235 2676 209 652
258 2905 187 662
233 2772 183 668
261 2574 205 651
246 3034 171 666
227 2322 217 649
263 3022 168 666
246 2674 193 656
238 2509 189 666
218 2993 161 670
236 2516 195 656
267 2938 190 656
237 2740 192 659
255 2711 192 662
260 2748 189 659
241 2879 191 662
233 2965 192 656
232 2542 201 656
236 2423 201 662
224 2321 217 665
291 3382 189 659
273 3456 212 652
240 3088 150 670
234 2564 175 703
233 2290 217 649
201 2647 161 673
238 2995 155 687
217 2646 175 676
239 2434 214 682
225 2604 162 670
270 3224 200 657
250 3040 178 666
234 2903 183 668
237 2514 189 671
261 3191 190 659
284 2927 209 651
233 2764 203 660
274 3208 209 651
260 2850 215 655
264 2600 215 655
286 3144 201 657
255 2752 216 652
253 2701 203 660
274 3169 200 664
253 2636 208 667
288 2871 203 657
252 2540 216 665
240 2532 216 667
292 3478 194 666
290 3487 209 651
263 3111 158 671
241 2340 217 649
235 2323 217 669
227 2820 162 711
211 2880 174 688
249 2572 195 700
273 3211 199 660
247 3323 161 688
277 2871 203 666
235 2853 166 679
226 2675 196 694
218 2871 172 684
262 2891 215 655
244 2549 215 676
230 2989 170 670
266 3056 199 666
255 2788 176 671
233 2395 217 649
229 2719 181 694
216 2969 161 691
221 2677 191 677
246 2925 189 669
236 2868 209 674
260 2783 185 674
228 2818 181 678
258 3036 216 653
254 2693 206 675
234 2341 217 660
260 3057 216 652
240 2816 199 676
260 2945 215 658
257 2776 216 667
238 2359 217 649
236 2884 192 675
251 2931 206 666
239 2933 183 668
250 2691 216 669
239 2933 183 668
251 2819 216 667
238 2966 183 668
239 2933 183 668
239 2933 183 668
300 3840 215 652
271 2873 171 693
249 2379 217 649
234 2448 224 650
217 3029 161 691
273 3338 162 690
275 3194 215 655
228 2818 184 693
253 3080 175 670
252 2887 198 682
244 2579 215 686
261 2936 215 666
235 2443 217 656
263 2810 192 671
253 2909 206 676
244 2890 191 684
257 2694 206 675
243 2926 212 681
252 3028 182 680
217 3029 161 691
242 3191 174 675
235 2989 191 680
257 2694 206 675
258 3042 216 667
264 2938 183 668
239 2808 216 681
236 2684 217 649
239 2948 183 668
237 2501 217 649
243 2385 217 649
242 2443 217 649
217 3029 161 691
278 3283 189 670
248 3539 166 696
243 2387 217 649
238 2750 228 674
236 3228 163 714
231 3308 161 699
229 3235 173 709
242 2720 217 649
245 3019 214 669
236 2818 218 673
262 2774 208 687
264 2799 206 678
257 3228 163 691
246 2911 184 708
244 3141 166 702
243 3010 204 699
271 2893 186 710
248 2977 192 688
277 3100 182 681
273 3116 182 680
248 3099 195 674
249 3096 183 679
270 3069 185 673
241 2851 216 692
231 3126 169 696
263 3234 177 679
260 3139 194 669
238 3205 190 692
263 3192 163 691
249 3049 170 692
239 3070 183 680
290 3766 193 671
263 3212 163 691
248 2422 217 649
244 2538 230 660
229 3252 173 709
242 2798 218 673
256 3206 200 699
244 2806 217 649
269 3122 190 690
273 3481 214 674
280 3132 215 684
267 3456 202 676
275 3155 197 669
274 3281 207 669
253 3239 202 679
288 3335 182 680
288 3335 182 680
278 3170 186 683
274 3342 187 683
269 3260 196 675
270 3164 188 680
303 3315 213 676
289 3584 182 680
278 3276 163 691
275 3386 172 734
270 2480 217 662
251 2529 217 649
243 2820 218 673
229 3261 173 709
293 3129 213 691
282 3196 199 692
263 3447 202 679
247 2818 217 649
284 3271 186 683
249 2571 217 649
288 3194 207 686
282 3256 206 685
273 3132 201 692
287 3378 214 673
288 3194 215 684
306 3175 211 700
298 3864 183 683
284 3343 173 693
253 2560 217 660
250 2653 217 649
243 2821 218 673
284 3286 186 683
288 3194 214 688
249 2825 217 649
312 3481 179 693
300 3589 198 694
284 3457 200 710
260 2836 217 649
256 2737 224 650
251 2674 217 660
243 2833 218 673
290 3299 215 684
308 3391 207 686
257 2995 217 649
292 3328 212 691
255 2861 217 652
319 3732 214 714
317 3826 200 711
258 3004 217 649
254 2759 230 671
243 2907 218 673
265 2789 225 662
253 2867 224 697
255 2815 229 677
263 2803 217 660
254 2836 222 670
264 2824 224 697
262 2859 229 680
258 3012 217 649
243 3073 220 682
258 2922 222 673
262 2859 229 680
287 3019 217 649
271 2988 228 698
269 2957 229 680
258 3020 217 649
292 3036 243 679
277 2990 229 680
271 3372 217 649
260 3275 217 656
267 3204 218 673
296 3439 221 677
286 3536 222 661
277 3380 222 672
