141 1.72218
192 2929 169 660
157 2266 152 683
146 2374 144 692
198 2826 181 658
150 2277 150 694
161 2565 142 691
196 2871 181 658
176 2743 176 661
182 2643 169 661
182 2643 169 661
160 2480 157 662
192 2929 169 660
170 2528 156 667
160 2406 157 665
172 2643 144 676
161 2565 142 691
146 2374 144 692
164 2300 153 678
160 2480 157 662
163 2498 144 679
149 2435 144 689
150 2464 144 687
168 2309 156 672
160 2354 148 674
156 2477 150 671
160 2354 148 674
148 2398 146 683
146 2432 145 687
175 2458 156 667
160 2598 156 668
152 2539 147 681
156 2410 147 677
155 2563 148 678
167 2298 154 677
150 2277 150 694
172 2326 156 668
154 2573 148 678
147 2378 145 687
160 2480 157 662
153 2284 151 684
154 2306 150 673
153 2580 145 682
162 2349 154 672
152 2539 147 681
162 2292 156 673
153 2479 150 680
175 2458 156 667
161 2279 150 689
157 2397 150 672
163 2429 144 689
150 2477 145 686
158 2356 156 670
152 2385 151 683
162 2359 156 668
152 2304 152 682
154 2473 145 682
159 2554 155 670
172 2643 144 676
163 2439 146 682
146 2374 144 692
157 2266 152 683
161 2549 144 680
172 2322 156 671
162 2345 156 671
167 2486 144 680
150 2494 145 685
163 2498 144 679
156 2294 151 683
150 2287 150 689
158 2356 156 670
152 2302 151 685
149 2482 145 686
153 2292 150 688
159 2444 156 669
159 2444 156 669
162 2443 144 688
154 2289 154 678
160 2492 155 670
172 2326 156 668
152 2304 152 682
161 2368 147 677
172 2643 144 676
152 2304 152 682
153 2284 151 684
161 2368 147 677
149 2482 145 686
161 2596 156 668
154 2290 153 680
162 2353 155 670
153 2284 151 684
154 2289 154 678
157 2266 152 683
155 2283 152 683
149 2482 145 686
156 2477 150 671
161 2596 156 668
159 2280 150 679
156 2294 151 683
158 2356 156 670
156 2446 145 682
162 2292 156 673
162 2292 156 673
153 2321 153 680
162 2396 150 670
152 2539 147 681
161 2549 144 680
161 2368 147 677
154 2573 148 678
160 2492 155 670
162 2443 144 688
152 2349 151 684
154 2473 145 682
172 2326 156 668
159 2352 147 678
167 2298 154 677
163 2429 144 689
154 2461 144 683
146 2432 145 687
154 2461 144 683
153 2284 151 684
152 2349 151 684
161 2279 150 689
161 2596 156 668
154 2290 153 680
152 2302 150 688
162 2292 156 673
154 2289 154 678
150 2494 145 685
157 2397 150 672
162 2396 150 670
153 2321 153 680
162 2353 155 670
159 2280 150 679
160 2354 148 674
161 2549 144 680
154 2573 148 678
172 2643 144 676
146 2374 144 692
146 2432 145 687
160 2480 157 662
163 2498 144 679
154 2289 154 678
156 2294 151 683
157 2266 152 683
162 2396 150 670
160 2480 157 662
161 2549 144 680
154 2461 144 683
157 2266 151 687
162 2292 156 673
160 2354 148 674
175 2458 156 667
161 2596 156 668
162 2396 150 670
162 2353 155 670
175 2458 156 667
163 2429 144 689
149 2482 145 686
160 2480 157 662
156 2294 151 683
153 2292 150 688
160 2492 155 670
161 2368 147 677
154 2573 148 678
161 2549 144 680
149 2482 145 686
152 2539 147 681
160 2354 148 674
152 2539 147 681
154 2573 148 678
152 2349 151 684
172 2643 144 676
