2270 10.8579
220 3328 183 712
192 2969 163 705
191 2913 158 716
175 2679 152 704
198 2853 158 696
171 2702 152 711
211 3299 158 768
242 3378 154 721
193 2956 179 715
245 3914 200 778
197 3198 153 730
203 3193 164 733
223 3472 157 735
250 3820 170 709
163 2627 155 701
167 2596 167 702
218 3124 157 730
190 2967 174 717
163 2514 162 698
176 2650 167 697
194 3092 160 724
180 2707 164 702
232 3720 163 711
209 3254 164 735
181 2786 166 714
222 3601 165 756
192 3082 163 699
194 3250 164 755
171 2598 158 705
190 2919 165 710
213 3261 195 749
225 3523 160 746
215 3305 173 729
183 2702 160 704
199 3048 193 754
177 2847 163 707
205 3228 177 732
217 3529 165 701
209 3177 155 707
181 2758 158 704
271 3713 218 791
242 3683 222 812
200 3149 173 728
216 3309 185 727
206 3335 163 722
238 3296 178 751
182 2728 170 712
198 3025 158 713
187 2935 158 705
188 2816 164 691
226 3612 171 740
211 3364 174 736
249 4008 190 825
175 2678 174 707
266 3838 171 746
183 2928 163 751
177 2681 150 707
233 3589 168 731
212 3144 192 757
221 3296 171 737
250 3302 182 754
182 2930 167 697
216 3287 174 773
243 3675 197 756
172 2730 155 716
202 3097 170 777
217 3378 187 744
204 2892 185 731
218 3397 182 747
208 3112 178 727
226 3673 207 801
181 2748 166 722
223 3473 170 733
217 3438 173 707
193 2873 167 698
194 2948 167 708
193 2670 177 731
214 3451 188 761
203 3198 165 730
258 3821 189 802
204 3147 165 727
200 3036 154 716
167 2757 152 715
237 3749 179 709
202 3243 163 720
236 3866 172 752
255 4146 165 730
199 3201 168 726
198 3035 155 712
283 3901 193 788
210 3024 167 720
178 2690 163 712
211 3199 172 724
205 3329 160 710
193 2827 160 710
215 3489 183 739
207 3225 165 732
190 2944 165 701
206 3213 163 715
191 2885 158 694
