11589 157.867
147 1952 144 699
141 2081 141 692
156 1875 150 676
217 2414 217 649
141 2081 141 692
217 2414 217 649
205 2270 205 651
202 2325 202 651
202 2325 202 651
205 2270 205 651
195 2177 193 653
195 2177 193 653
154 1913 151 667
181 2088 181 655
187 2324 187 653
189 2274 187 653
168 2112 166 657
190 2218 190 653
158 1925 156 666
187 2324 187 653
189 2274 187 653
181 2088 181 655
170 2040 161 660
190 2218 190 653
175 2238 175 655
173 1997 173 657
169 2031 169 657
173 1997 173 657
192 2220 175 655
179 2143 178 655
168 2112 166 657
181 2088 181 655
158 1894 158 670
144 2154 144 673
179 2143 178 655
147 1967 144 697
153 1903 150 675
166 1962 162 659
169 2031 169 657
150 1949 147 685
158 2206 157 662
170 2040 161 660
169 2031 169 657
162 1983 162 661
169 2076 166 657
179 2143 178 655
193 2191 193 653
157 2203 157 665
160 1920 160 662
150 2001 150 671
177 2225 175 655
175 2238 175 655
149 1939 149 681
151 1992 150 671
162 1983 162 661
177 2225 175 655
160 1920 160 662
155 1911 151 667
142 2176 142 688
147 1952 144 699
157 2203 157 665
147 1967 144 697
153 1905 150 669
142 2176 142 688
148 1944 145 694
147 1964 146 691
158 2196 157 664
148 1973 145 689
147 2016 144 695
158 1894 158 670
146 2138 144 673
146 2044 143 687
147 2016 144 695
192 2220 175 655
148 1927 148 685
147 1956 145 693
152 1935 148 682
152 1937 147 686
153 1903 150 675
158 1925 156 666
143 2167 142 688
164 2064 162 659
169 2076 166 657
165 1917 162 661
159 1900 156 664
144 2119 144 680
161 2004 149 678
145 2063 142 688
157 1883 150 672
153 1905 150 669
156 1885 150 672
166 1962 162 659
143 2165 143 684
162 1983 162 661
144 2078 141 692
143 2165 143 684
164 2064 162 659
145 2045 143 684
155 1981 144 693
147 1956 145 693
148 1945 148 683
187 2324 187 653
152 1959 150 678
144 2119 144 680
152 1959 150 678
154 1891 150 672
153 1900 150 677
144 2122 144 676
141 2081 141 692
178 2160 178 655
148 1928 147 689
150 2006 144 695
148 1933 146 691
152 1937 147 686
152 1935 148 682
178 2160 178 655
151 1992 150 671
192 2220 175 655
193 2191 193 653
148 1933 146 691
144 2122 144 676
147 2134 144 673
152 1950 149 679
148 1944 145 694
146 2044 143 687
165 1912 162 663
152 1950 149 679
148 1945 148 683
165 1912 162 663
148 1998 148 681
145 2045 143 684
148 1973 145 689
146 2138 144 673
165 1969 162 659
147 1981 146 690
156 1875 150 676
164 2064 162 659
148 1973 145 689
147 1981 146 690
148 1973 145 689
153 1900 150 677
144 2078 141 692
148 1998 148 681
146 2053 142 688
150 2006 144 695
147 2016 144 695
161 2004 149 678
156 1898 150 669
156 1885 150 672
143 2167 142 688
149 1951 147 685
145 2063 142 688
154 1913 151 667
156 1875 150 676
146 2053 142 688
162 1983 162 661
156 1875 150 676
159 1900 156 664
154 1891 150 672
155 1911 151 667
144 2154 144 673
145 2142 144 673
149 1939 149 681
147 2134 144 673
165 1917 162 661
156 1898 150 669
189 2274 187 653
165 1917 162 661
150 2001 150 671
158 2206 157 662
159 1900 156 664
169 2076 166 657
