66 0.520064
166 2685 161 678
181 2738 174 677
181 2738 174 677
168 2689 158 691
170 2580 158 687
181 2738 174 677
176 2853 156 683
202 2862 160 676
163 2529 159 681
166 2685 161 678
165 2696 150 693
170 2782 158 682
170 2580 158 687
161 2607 150 701
182 2966 160 677
170 2580 158 687
174 2663 155 694
202 2862 160 676
181 2847 161 675
175 2980 159 680
168 2788 158 682
177 2910 159 680
171 2777 163 670
200 2860 146 706
174 2822 162 674
177 2910 159 680
177 2888 151 685
181 2738 174 677
185 2789 148 713
168 2605 157 692
202 2862 160 676
181 2693 152 691
170 2580 158 687
168 2624 150 698
182 2966 160 677
174 2663 155 694
165 2696 150 693
160 2618 150 704
160 2509 150 715
166 2685 161 678
175 2938 161 675
180 2768 162 674
181 2738 174 677
181 2738 174 677
181 2847 161 675
170 2660 157 689
177 2888 151 685
184 2945 153 684
171 2596 156 692
195 2766 149 703
184 3000 150 686
177 2910 159 680
164 2692 160 678
172 2890 149 730
189 3079 153 681
177 2888 151 685
195 2766 149 703
163 2529 159 681
170 2580 158 687
165 2696 150 693
171 2633 161 678
164 2692 160 678
171 2639 156 684
187 2901 155 682
181 2738 174 677
172 2611 161 678
165 2696 150 693
189 2758 152 682
170 2580 158 687
170 2580 158 687
181 2802 148 713
162 2634 150 698
184 3000 150 686
181 2738 174 677
185 2789 148 713
216 3374 150 685
180 2860 153 686
182 2966 160 677
183 2682 150 687
184 2776 147 714
181 2738 174 677
169 2746 152 690
178 2601 156 678
175 2763 168 676
164 2692 160 678
175 2980 159 680
189 3079 153 681
177 2910 159 680
182 2966 160 677
187 3025 149 703
170 2580 158 687
202 2862 160 676
170 2580 158 687
178 2734 150 687
160 2509 150 715
200 2860 146 706
181 2738 174 677
175 2676 158 682
160 2509 150 715
172 2890 149 730
165 2672 157 696
166 2685 161 678
181 2847 161 675
185 3194 149 708
170 2580 158 687
171 2799 163 670
178 2906 149 730
201 3099 146 706
160 2510 153 716
160 2510 153 716
180 2768 176 674
216 3543 162 674
181 2743 174 677
190 2799 149 727
185 3201 149 708
203 3132 153 682
200 2873 148 710
182 2972 148 720
163 2543 159 681
177 3022 159 680
162 2620 150 701
187 3059 150 686
177 2680 155 694
196 2914 149 707
184 2952 153 684
183 2974 151 685
166 2526 150 719
168 2587 150 716
185 3201 149 708
187 2829 147 714
196 2914 149 707
178 2906 149 730
160 2583 150 719
165 2710 150 693
178 2659 156 678
160 2683 150 704
183 2919 150 687
174 2826 160 679
165 2695 157 697
170 2580 158 688
181 2704 152 691
187 2829 147 714
168 2625 157 692
200 2891 147 707
178 2659 156 678
182 2972 160 677
162 2640 150 698
202 2866 160 676
169 2795 163 680
172 2613 161 678
165 2695 157 697
177 2958 161 675
181 2862 161 675
175 2766 158 682
186 2780 150 690
183 2754 152 690
174 2683 155 694
203 3132 153 682
184 2952 153 684
171 2598 156 692
183 2885 151 690
174 2603 158 687
170 2844 157 690
170 2751 161 679
168 2704 158 691
178 2659 156 678
162 2640 150 698
183 2754 152 690
160 2683 150 704
175 2766 158 682
182 2858 161 676
175 2766 158 682
