16 0.140558
188 2946 185 851
222 2915 190 857
191 3077 179 831
198 3105 195 806
205 2935 193 854
214 2866 190 859
197 3026 190 810
196 2930 185 848
214 2866 190 859
214 2890 190 859
207 2931 185 865
222 2863 190 845
197 2986 190 820
222 2848 190 845
212 2944 190 859
217 2939 190 857
203 2881 190 847
188 2949 185 841
207 2923 190 859
196 2930 185 848
201 3037 185 823
222 2833 190 845
188 2937 185 843
199 2930 193 862
222 2915 190 857
214 2890 190 859
222 2919 190 859
205 2900 193 854
188 2919 185 847
192 2972 185 849
194 2960 190 819
230 2925 190 861
203 2880 190 849
191 2786 190 839
203 2880 190 849
194 2889 190 846
203 2968 190 824
222 2949 190 850
212 2944 190 859
199 2932 193 862
197 2986 190 820
203 2876 190 849
197 2998 190 820
201 2929 195 846
217 2835 190 839
201 2964 195 846
206 2993 190 823
188 2922 185 841
207 2923 190 859
188 2944 185 841
230 2925 190 861
217 2835 190 839
222 2850 190 839
188 2944 185 841
217 2939 190 857
201 2929 195 846
222 2850 190 839
191 2786 190 839
188 2920 185 847
193 2972 185 853
227 2963 190 836
222 2863 190 845
188 2949 185 841
203 2888 190 849
205 2900 193 854
222 2850 190 839
197 2986 190 820
194 3001 185 835
214 2866 190 859
214 2890 190 859
191 2786 190 839
222 2915 190 857
197 3024 190 820
197 2925 185 847
222 2915 190 857
203 2881 190 847
197 2998 190 820
222 2911 190 857
222 2848 190 845
212 2920 190 859
219 2934 185 864
203 2881 190 847
203 2968 190 824
191 3077 179 831
212 2944 190 859
222 2915 190 857
217 2911 190 856
218 2942 190 859
217 2911 190 856
206 2910 185 866
192 2961 185 837
188 2949 185 841
199 2930 193 862
205 2900 193 854
188 2949 185 841
214 2866 190 859
194 2889 190 846
203 2968 190 824
222 2915 190 857
222 2919 190 859
192 2961 185 837
217 2913 182 859
222 2928 190 847
206 2910 185 866
188 2935 185 839
197 2885 190 847
197 2986 190 820
205 2943 195 876
203 2916 190 859
212 2944 190 859
206 2910 185 866
205 2920 193 854
203 2916 190 859
217 2913 182 859
207 2923 190 859
203 2880 190 849
219 2934 185 864
214 2890 190 859
190 2966 190 839
201 2935 195 846
197 2986 190 820
202 2954 185 845
217 2939 190 857
222 2915 190 857
217 2926 195 849
194 2889 190 846
192 2961 185 837
192 2972 185 849
214 2890 190 859
214 2890 190 859
197 2885 190 847
200 2889 190 859
203 2888 190 849
197 3076 190 816
222 2915 190 857
222 2949 190 850
201 2935 195 846
198 2940 185 853
219 2940 185 865
205 2943 195 876
217 2926 195 849
202 2954 185 845
206 2946 190 846
188 2922 185 841
200 2970 185 851
205 2900 193 854
203 2876 190 849
204 2905 196 865
204 2912 196 865
188 2922 185 841
199 2919 193 854
199 2919 193 854
205 2900 193 854
202 2951 185 845
203 2916 190 859
214 2866 190 859
198 3105 195 806
205 2900 193 854
203 2916 190 859
222 2915 190 857
202 2954 185 845
217 2835 190 839
222 2878 190 852
194 2889 190 846
214 2866 190 859
212 3198 185 819
197 2998 190 820
203 2876 190 849
222 2848 190 845
188 2944 185 841
205 2920 193 854
203 2880 190 849
200 2889 190 859
191 3077 179 831
217 2926 195 849
204 2905 196 865
219 2940 185 865
203 2888 190 849
222 2863 190 845
188 2937 185 843
198 3105 195 806
188 2941 185 851
197 2986 190 820
222 2850 190 839
203 2916 190 859
203 2880 190 849
197 3031 190 810
204 2912 196 865
222 2915 190 857
195 2932 185 849
217 2913 182 859
222 2863 190 845
206 2946 190 846
190 2966 190 839
222 2863 190 845
201 2964 195 846
197 2885 190 847
196 2930 185 848
222 2928 190 859
222 2928 190 859
