10 0.0773121
269 3989 198 855
259 4120 189 852
239 3717 206 845
237 4214 225 949
232 3764 217 982
256 3857 198 862
237 3785 222 961
260 3810 198 862
258 3900 193 859
256 3857 198 862
256 3977 194 859
237 3844 217 978
269 3989 198 855
256 3857 198 862
277 4131 198 855
274 4315 191 857
252 4129 246 916
246 4364 236 920
239 3717 217 972
237 3846 217 978
237 3846 217 978
260 3832 198 862
269 4179 194 866
256 3857 198 866
254 4104 244 929
256 3866 198 862
249 4287 236 931
251 4311 227 934
253 4348 212 950
243 3763 217 939
252 4174 244 929
237 4224 225 949
238 3794 222 962
246 4335 214 936
274 4315 191 857
241 3854 222 961
239 3730 223 967
249 4302 214 936
240 4131 219 946
253 4348 212 950
240 4131 219 946
239 4105 220 938
256 3866 198 862
241 3728 222 968
237 3846 217 978
248 4344 226 931
248 4344 226 931
241 3728 222 968
253 4348 212 950
239 4105 220 938
254 4104 244 929
237 3846 217 978
253 4348 212 950
256 3866 198 862
237 3846 217 978
237 3846 217 978
285 4366 204 859
269 4184 194 866
252 4130 246 916
249 3734 223 970
248 4374 214 936
242 3929 221 997
238 3818 223 967
276 4179 198 862
271 4079 204 891
259 4368 227 912
243 4026 222 948
254 3877 217 957
271 4079 204 891
256 4277 208 926
263 4295 211 923
262 3951 227 952
248 3802 217 970
248 4364 236 920
246 3819 222 962
250 3792 222 961
259 4213 234 925
268 3933 242 921
270 3956 236 933
263 4285 200 924
239 4160 225 949
253 3957 217 949
269 4100 198 864
269 4184 194 866
247 4271 219 946
252 4130 246 916
240 4116 220 938
264 3879 214 952
259 4213 234 925
253 4114 220 939
271 4079 204 891
263 4232 212 928
268 3933 242 921
252 4175 244 929
243 3804 217 963
239 4254 225 945
243 3894 223 958
257 4268 212 928
257 4268 212 928
242 3751 223 967
266 4258 225 923
242 3751 223 967
239 4254 225 945
264 3879 214 952
270 3956 236 933
252 4175 244 929
266 4258 225 923
264 3879 214 952
252 4175 244 929
242 3751 223 967
242 3751 223 967
269 4100 198 864
253 3949 217 958
248 4374 214 936
264 3879 214 952
253 3949 217 958
242 3751 223 967
253 3949 217 958
248 3802 217 970
269 4184 194 866
253 3957 217 949
269 4184 194 866
266 4258 225 923
239 4254 225 945
253 3949 217 958
252 4175 244 929
252 4175 244 929
252 4175 244 929
252 4175 244 929
252 4175 244 929
242 3751 223 967
242 3751 223 967
242 3751 223 967
239 4254 225 945
276 4197 198 862
273 4468 194 866
269 4117 250 919
242 3781 223 967
242 3781 223 967
239 4254 225 949
252 4134 246 916
269 4202 196 882
264 3911 214 952
248 4409 236 920
256 4291 208 926
252 4159 241 939
259 3905 217 958
269 4322 194 877
254 3959 217 954
244 3809 217 963
274 4279 194 866
276 4197 198 862
254 3868 222 961
263 4386 206 935
255 4193 244 929
249 4173 227 944
247 4192 230 948
246 4390 236 942
245 4209 244 946
243 4030 226 961
256 3917 217 957
239 4254 225 949
246 4307 228 945
263 4386 206 935
263 4162 226 941
244 3809 217 963
243 4030 226 961
276 4195 198 868
247 4225 225 938
246 4231 221 952
276 4195 198 868
242 3781 223 967
242 3781 223 967
254 3868 222 961
242 4258 225 946
247 4163 227 958
246 4231 221 952
246 4231 221 952
244 4248 226 948
242 3781 223 967
256 3917 217 957
244 4248 226 948
263 4386 206 935
263 4386 206 935
247 4163 227 958
247 4163 227 958
243 4030 226 961
244 4248 226 948
244 4248 226 948
244 4248 226 948
239 4254 225 949
256 3908 217 961
239 4254 225 949
276 4195 198 868
247 4163 227 958
246 4231 221 952
246 4231 221 952
244 4248 226 948
244 4248 226 948
244 4248 226 948
244 4248 226 948
244 4248 226 948
244 4248 226 948
243 4030 226 961
243 4030 226 961
242 3781 223 967
242 3781 223 967
242 3781 223 967
239 4254 225 949
239 4254 225 949
239 4254 225 949
239 4254 225 949
239 4254 225 949
239 4254 225 949
239 4254 225 949
280 4339 194 866
276 4260 198 862
255 4151 246 916
254 4594 228 939
244 3792 223 967
244 3792 223 967
239 4264 225 949
269 4206 196 882
261 4472 212 945
278 4235 198 862
244 3810 217 963
263 3930 222 959
279 4233 213 879
267 4073 227 952
246 4391 236 942
242 4278 225 946
263 4174 226 941
256 4410 226 931
269 3991 227 952
255 4235 244 929
255 4437 229 938
255 4235 244 929
247 4351 233 945
249 4382 236 939
263 4424 219 943
250 4386 231 938
239 4264 225 949
248 4461 236 920
243 4036 226 961
248 4431 236 931
249 4304 221 952
256 4152 217 958
243 4035 226 962
251 4314 227 942
247 4353 221 954
250 4356 227 940
256 4336 212 947
249 4217 227 944
246 4391 236 942
248 4461 236 920
247 4243 227 958
247 4243 227 958
248 4461 236 920
249 4217 227 944
251 4314 227 942
251 4314 227 942
247 4235 227 960
247 4243 227 958
251 4314 227 942
249 4217 227 944
248 4461 236 920
251 4314 227 942
255 4235 244 929
251 4314 227 942
251 4314 227 942
251 4314 227 942
251 4314 227 942
251 4314 227 942
251 4314 227 942
251 4314 227 942
251 4314 227 942
249 4217 227 944
249 4217 227 944
248 4461 236 920
248 4461 236 920
248 4461 236 920
248 4461 236 920
248 4461 236 920
248 4461 236 920
248 4461 236 920
247 4243 227 958
247 4243 227 958
247 4243 227 958
290 4224 204 894
286 4278 198 862
280 4389 194 866
261 4629 228 931
255 4169 254 923
249 3810 217 977
248 3827 217 978
243 4050 226 961
272 4429 209 910
283 4239 206 877
264 4556 212 950
281 4098 231 954
243 4050 226 961
247 3891 223 967
250 4499 236 920
267 4433 249 916
259 4263 244 929
267 4431 249 924
246 4397 236 942
249 4350 243 945
249 4385 243 941
258 4189 251 929
269 4344 227 942
254 4324 225 949
257 4401 227 942
254 4420 234 947
251 3827 233 971
245 4318 226 948
249 4311 221 952
248 4432 236 931
263 3814 217 974
248 3831 217 974
251 4314 227 948
259 3869 222 966
258 4189 251 929
249 4311 221 952
250 4361 225 948
248 3831 217 974
249 3848 217 968
248 3831 217 974
248 3874 217 964
249 3836 223 967
250 4361 225 948
267 4433 249 916
248 4432 236 931
259 3869 222 966
248 3831 217 974
248 3833 217 970
248 3827 217 978
248 3874 217 964
248 4432 236 931
248 3833 217 970
248 3833 217 970
248 3831 217 974
248 4432 236 931
259 3869 222 966
249 4311 221 952
248 4432 236 931
248 4432 236 931
248 4432 236 931
248 4432 236 931
248 4432 236 931
248 4432 236 931
248 3833 217 970
248 3833 217 970
248 3831 217 974
248 3831 217 974
248 3831 217 974
248 3831 217 974
248 3831 217 974
248 3831 217 974
248 3827 217 978
248 3827 217 978
248 3827 217 978
296 4330 250 926
291 4360 198 862
270 4519 251 929
268 4571 237 924
253 3853 217 968
248 3859 217 970
248 3854 217 977
252 3902 217 964
251 4363 221 952
262 4569 225 948
296 4330 250 926
248 4414 236 942
255 4502 236 939
248 4338 226 948
255 4490 225 949
270 4429 225 948
248 4414 236 942
248 4338 226 948
248 4414 236 942
248 4414 236 942
248 4414 236 942
293 4376 198 862
275 4904 226 948
254 3873 217 968
252 4186 226 972
249 4338 243 952
248 4428 236 942
267 4615 234 955
284 4342 228 962
269 3989 227 964
254 3873 217 968
259 4462 234 958
264 4345 234 961
254 3873 217 968
248 4414 236 945
268 4435 226 961
248 4428 236 942
254 3873 217 968
254 3873 217 968
254 3873 217 968
254 3873 217 968
294 4420 198 862
264 4477 242 952
261 4502 235 961
261 4015 217 969
312 4904 228 912
296 4850 229 923
273 4035 217 974
368 5378 242 986
307 5516 256 936
