1162 10.7033
154 2207 153 729
155 2072 151 708
187 2259 144 712
208 2507 208 665
158 2090 155 699
158 2080 155 699
165 2299 160 670
159 2101 156 691
158 2076 155 699
158 2080 155 699
160 2120 157 686
170 2086 170 697
177 2187 159 672
161 2108 156 688
158 2080 155 699
157 2095 150 712
159 2104 156 689
157 2166 150 686
159 2104 156 689
158 2076 155 699
180 2484 151 682
161 2113 156 686
163 2136 158 681
158 2076 155 699
155 2084 150 714
170 2087 170 697
157 2095 150 714
158 2079 155 699
163 2129 157 683
159 2157 156 683
161 2149 156 675
157 2086 150 714
158 2080 155 699
159 2104 156 689
158 2085 155 699
158 2076 155 699
161 2149 156 675
163 2130 157 683
159 2101 156 691
158 2076 155 699
161 2173 156 675
158 2089 155 699
161 2151 156 675
159 2104 156 689
155 2075 152 706
162 2149 156 686
161 2173 156 675
156 2079 153 703
159 2105 156 689
157 2117 150 712
156 2083 153 703
161 2130 150 689
159 2104 156 689
155 2084 150 714
158 2079 155 699
155 2081 150 712
161 2114 156 686
159 2101 156 691
163 2129 157 683
158 2137 156 691
161 2145 156 678
159 2101 156 691
157 2166 150 686
155 2074 151 708
155 2079 152 706
170 2090 170 697
161 2149 156 675
160 2176 156 678
158 2078 155 699
155 2078 152 706
161 2109 156 686
155 2075 152 706
168 2226 155 676
161 2109 156 686
155 2072 151 708
158 2086 154 701
161 2173 156 675
158 2085 155 699
163 2129 157 683
157 2078 154 701
175 2194 147 715
161 2109 156 686
161 2173 156 675
157 2207 156 678
163 2155 150 686
159 2101 156 691
161 2111 156 686
155 2079 152 706
170 2087 170 697
158 2080 155 699
161 2149 156 675
161 2166 150 686
159 2101 156 691
170 2086 170 697
157 2095 150 714
155 2072 151 708
161 2117 156 686
161 2149 156 675
158 2076 155 699
155 2074 151 708
161 2142 156 679
170 2087 170 697
163 2129 157 683
159 2101 156 691
158 2077 155 699
161 2110 156 686
161 2145 156 678
155 2075 152 706
161 2109 156 686
158 2080 155 699
159 2101 156 691
155 2084 150 714
159 2101 156 691
159 2104 156 689
161 2130 150 689
170 2086 170 697
156 2092 151 708
170 2087 170 697
161 2158 156 678
156 2079 153 703
177 2189 159 672
163 2136 158 681
158 2085 155 699
158 2076 155 699
155 2078 150 712
155 2075 152 706
161 2139 156 680
158 2106 150 711
158 2080 155 699
158 2089 155 699
161 2114 156 686
158 2078 155 699
163 2129 157 683
159 2197 156 675
155 2072 151 708
163 2146 150 702
163 2129 157 683
163 2136 158 681
161 2109 156 686
158 2080 155 699
161 2135 150 689
161 2139 156 680
161 2144 156 679
157 2078 154 701
175 2194 147 715
161 2113 156 686
163 2130 157 683
170 2087 170 697
170 2090 170 697
156 2079 153 703
161 2115 156 686
158 2079 155 699
155 2079 150 712
170 2090 170 697
161 2117 156 686
158 2078 155 699
170 2338 160 670
163 2129 157 683
158 2090 155 699
155 2072 151 708
161 2162 156 682
155 2084 150 714
161 2111 156 686
170 2087 170 697
158 2078 155 699
169 2246 154 680
161 2151 156 675
158 2080 155 699
161 2111 156 686
157 2166 150 686
166 2096 151 707
158 2087 155 699
161 2117 156 686
157 2207 156 678
155 2079 150 712
155 2078 150 712
158 2086 154 701
163 2129 157 683
159 2104 156 689
156 2155 156 695
175 2268 175 671
161 2114 156 686
161 2173 156 675
158 2077 154 701
158 2080 155 699
158 2076 155 699
165 2299 160 670
159 2101 156 691
155 2074 151 708
158 2076 155 699
161 2117 156 686
155 2078 150 712
163 2136 158 681
161 2145 156 678
158 2076 155 699
161 2152 152 687
161 2109 156 686
159 2100 155 698
158 2090 155 699
155 2072 151 708
