1 0.0546689
285 4357 217 949
277 4489 241 883
269 4317 233 938
286 4493 231 915
273 4205 233 967
262 4384 244 977
281 4446 255 911
264 4350 245 990
313 5180 238 896
287 4626 217 985
267 4245 218 946
286 4557 221 932
308 4799 258 998
359 6069 280 958
316 5050 267 942
370 6316 268 1009
330 5449 251 969
344 5337 210 977
367 5575 266 941
302 5009 248 918
295 4897 223 939
322 5162 226 970
350 5735 266 1036
312 4862 277 1007
313 4678 256 988
367 5635 251 940
306 4944 260 1014
363 5640 236 1019
341 5539 277 979
259 4285 246 936
320 5105 228 991
380 5917 295 1056
303 4394 239 951
345 5769 245 1014
315 5112 222 960
355 5308 251 1036
339 5461 266 927
352 5928 294 1017
360 5423 250 1053
307 4885 229 1024
327 4982 245 962
350 5679 307 960
343 5236 221 939
355 5904 270 959
347 5845 315 1030
347 5869 243 1003
291 5065 253 1008
319 5076 252 1003
279 4339 226 995
350 5707 291 965
301 4907 248 994
355 5421 244 946
359 5834 239 960
361 5797 259 1025
298 4944 268 1009
351 5774 266 949
368 6042 300 966
303 4714 242 967
342 4938 265 1040
256 4327 234 931
344 5409 269 911
291 4472 220 972
303 5113 231 983
270 4214 227 968
337 4989 223 939
285 4938 238 950
302 4650 232 966
344 4823 235 957
398 6650 265 1019
311 4802 258 956
305 5028 258 967
354 5654 238 951
257 4419 238 954
297 4826 242 958
288 4944 265 963
307 5111 256 945
283 4245 252 975
369 5618 223 1001
336 5424 256 934
307 4804 252 964
314 4940 232 975
335 5325 250 995
340 5812 291 994
314 5394 238 990
345 6087 249 961
341 5087 248 1006
282 4416 236 979
371 5395 274 980
293 4582 263 968
309 5363 250 964
367 5582 251 947
316 4993 265 961
300 4622 236 967
319 4446 238 977
306 4454 214 951
301 4877 261 993
353 5703 264 974
278 4190 266 941
349 5546 265 943
361 5684 259 948
293 4638 262 1023
358 5281 275 944
347 5754 263 992
291 4983 253 975
348 5676 246 1034
268 4483 228 937
238 3811 208 950
313 5022 247 1016
307 4930 262 997
327 5142 257 971
277 4579 259 971
318 5494 238 956
277 4606 260 926
366 5709 258 990
277 4646 267 974
277 4249 246 970
259 4248 226 955
340 5439 277 1008
315 4942 237 973
275 4398 265 945
297 4746 268 1008
334 5520 249 962
331 5213 248 959
357 5909 272 1009
334 5406 249 983
318 5271 242 991
265 4482 242 929
289 4788 272 981
330 5522 307 927
315 5093 253 955
316 4838 299 1013
309 4909 254 976
318 4889 252 976
299 4745 251 911
305 4593 234 1008
327 5151 295 962
291 4771 248 990
304 4815 236 971
349 5272 240 984
316 4881 271 950
294 4461 247 972
340 5456 252 940
260 4061 225 917
332 4963 243 965
327 5678 310 1048
353 5353 286 943
359 5416 299 953
352 5795 225 942
308 4610 262 967
304 4931 243 976
312 5091 269 960
343 5614 275 967
294 4690 253 1017
285 4444 237 893
330 5011 257 986
361 5572 279 1004
330 5391 252 992
310 5208 237 977
311 4857 257 1017
329 5470 236 1003
349 6049 231 990
354 5286 235 961
286 4781 242 1013
302 5072 276 1027
300 4460 246 955
316 4840 241 928
352 5404 248 924
356 5992 257 913
296 4760 222 916
308 5032 240 959
280 4583 214 957
344 5126 251 978
311 5037 235 967
354 5844 293 1019
323 5304 251 904
303 4996 227 1014
288 4238 280 964
296 4786 270 1038
318 5132 282 946
306 4817 245 1012
343 5305 226 946
320 5123 250 1002
333 5174 289 973
336 5748 262 1089
320 4932 220 921
296 4851 243 955
296 4986 258 984
356 5657 247 1015
367 6469 262 1012
366 5561 280 949
332 4871 247 979
308 4928 277 988
292 4816 265 958
356 5534 231 944
300 5172 288 972
356 5078 258 992
328 4942 276 1040
337 5235 284 1031
274 4269 219 961
295 4775 267 1010
323 5293 241 899
355 6230 297 959
356 5218 245 992
274 4417 232 986
329 5389 270 1017
313 5020 270 936
312 4881 265 932
323 4847 245 1021
364 5763 284 1018
362 5576 329 1066
346 5686 273 973
311 4921 246 979
303 4817 247 963
339 5379 261 993
282 4432 282 965
301 4898 235 992
322 5092 280 955
312 4789 258 941
307 5121 245 993
316 4799 288 980
333 5152 265 972
357 5403 232 986
380 6162 305 1067
373 5843 268 939
342 5883 263 973
338 4865 238 925
296 5177 232 927
295 4824 274 959
349 5204 258 993
300 4692 246 976
359 5358 213 966
323 5383 255 1000
294 4961 237 927
312 4623 244 952
293 4573 228 938
301 5063 257 969
360 5705 236 999
338 5661 255 1026
344 5426 302 1029
354 5513 311 949
328 5109 230 977
324 4758 277 944
334 5471 233 967
288 4387 276 936
296 4745 280 994
381 6034 249 951
351 5369 251 977
304 4318 248 954
337 4900 280 941
336 5287 248 919
363 5302 221 948
270 4290 259 935
352 5401 269 994
274 4429 247 926
296 4576 232 941
346 5531 252 937
342 5339 253 962
338 5720 250 949
363 5146 242 991
356 5834 294 947
300 4814 236 982
362 5741 259 995
331 5214 281 958
332 4984 237 970
338 5000 245 1007
329 4962 241 947
336 5385 267 933
343 4967 260 983
346 4806 242 992
305 4941 255 927
307 4700 202 895
318 4880 238 1025
342 5534 247 962
337 5209 219 975
334 5524 298 945
330 5363 229 1008
314 5495 250 965
306 4534 240 995
306 5010 246 959
330 4879 283 958
321 4950 258 1033
323 5252 257 978
302 4963 242 949
312 4536 227 958
313 4705 257 901
346 5566 307 1063
332 5032 282 877
345 5553 242 979
326 5213 255 991
299 4580 263 975
371 5774 223 952
269 4346 238 985
362 5756 235 964
307 4615 237 986
283 4562 241 952
299 4539 272 990
307 4856 290 986
314 5172 251 953
332 5505 296 962
335 5726 304 956
358 5803 292 1051
354 5651 276 994
365 5808 227 970
345 5574 255 966
300 5016 261 1004
328 4743 216 973
276 4587 238 939
359 5320 238 966
318 5146 241 979
309 4934 232 990
262 4105 240 1028
330 5029 253 1039
299 4602 270 928
302 4748 261 985
297 4652 256 997
304 4853 278 1010
350 5375 280 985
291 4980 231 978
373 6213 267 1021
325 5300 277 970
301 4564 254 956
297 4630 251 959
345 5033 233 968
297 4498 204 907
387 6031 292 982
329 5048 266 944
346 5377 245 958
343 5816 247 956
336 5078 284 938
315 4542 207 982
332 4968 243 976
317 5266 248 1037
311 4840 260 993
351 5131 250 959
381 6405 293 1000
289 4420 222 932
363 5226 218 922
312 4772 249 1028
297 5075 259 984
299 4608 230 933
287 4560 213 970
288 4702 268 1001
331 5445 263 948
312 4897 266 907
346 5616 243 952
325 5215 255 960
297 4599 246 934
326 5555 261 951
358 5791 235 988
337 5341 303 1014
327 5203 224 937
349 5586 213 974
364 5700 271 1006
316 4716 251 1009
285 4850 276 986
373 5643 314 987
369 5383 267 1039
348 5384 243 1012
255 3839 255 952
327 5028 269 1062
325 5206 259 1004
316 5087 251 955
347 5698 277 976
303 5039 255 955
289 4906 229 958
302 4803 246 1024
311 4939 226 1032
300 4583 248 928
333 5708 258 957
264 4193 242 985
322 5286 251 1043
347 5280 246 973
305 4641 262 984
356 5701 237 957
363 6228 309 1022
330 5271 267 1033
289 4858 245 972
296 5060 244 962
423 6767 279 987
340 5328 243 1026
324 5590 240 955
330 5351 238 941
277 4684 224 958
357 5653 261 963
334 4843 238 1011
303 4879 223 987
276 4504 236 913
346 4773 206 926
275 4378 222 960
303 4865 258 985
327 5493 240 988
326 4925 243 936
340 5376 262 928
316 5305 276 974
389 6272 319 1014
296 4724 205 953
362 6055 267 1006
310 4900 217 957
400 6383 293 986
348 5071 257 1003
326 5640 262 1010
353 5233 247 988
335 5120 247 976
329 5256 223 988
320 5182 205 928
310 5066 250 1035
328 5327 249 967
305 5096 279 981
319 5215 223 1004
315 5116 238 934
336 5208 225 978
340 5439 257 963
325 5389 252 925
392 6198 315 984
362 5470 265 962
318 5258 286 1000
319 4968 242 968
324 5060 246 979
318 5463 247 932
368 5756 271 990
307 5415 257 913
273 4624 231 958
289 4609 259 975
295 4982 238 943
264 4068 244 1002
334 5466 303 948
348 5312 268 991
328 5232 245 993
285 4416 263 986
359 4972 223 984
325 5331 264 999
351 5804 290 1082
361 6120 250 967
306 4859 269 1002
302 5128 242 1036
342 5603 306 944
352 5571 216 1006
349 5638 267 955
332 5054 232 1059
352 5502 257 926
330 5597 229 992
289 4570 273 976
357 5637 273 1024
339 5281 270 1024
303 4958 230 869
343 5550 296 960
306 4949 218 915
369 5550 341 967
275 3975 250 945
331 5407 282 993
337 5667 257 1002
306 4918 243 955
346 5365 256 953
365 5235 251 1056
348 5519 274 973
306 4597 261 995
311 5126 278 949
278 4315 244 990
304 4935 258 962
266 4094 239 971
304 4778 276 1002
336 5046 238 976
373 5657 253 970
296 4765 222 936
343 5561 243 1053
343 5268 283 1075
396 6177 199 960
300 4846 242 941
377 5983 269 975
384 6498 284 1003
287 4489 259 967
307 4673 256 1017
368 6154 240 976
308 4796 241 988
283 4533 232 965
279 4630 249 1014
310 4709 242 952
293 4650 231 982
282 4659 226 982
321 5309 294 957
