51 0.481777
245 3321 175 849
235 3557 171 834
219 3368 184 789
199 3299 193 878
199 3220 187 893
199 3168 188 879
196 3309 180 853
217 3345 189 851
232 3490 172 828
226 3211 191 864
219 3239 186 864
222 3330 175 849
205 3275 188 876
235 3557 171 834
199 3168 188 879
219 3257 177 871
199 3233 187 887
202 3286 188 873
203 3277 190 875
232 3483 174 816
227 3435 178 823
237 3464 178 805
204 3293 192 856
237 3464 178 805
235 3458 174 809
205 3356 180 838
228 3257 177 856
199 3220 187 893
218 3393 177 856
224 3381 178 832
233 3447 178 816
236 3409 175 813
231 3449 174 833
227 3412 176 831
232 3465 174 826
205 3356 180 838
204 3293 192 856
234 3433 175 813
236 3431 175 806
205 3356 180 838
229 3414 178 825
235 3425 175 813
227 3412 176 831
222 3388 178 832
205 3275 188 876
199 3168 188 879
229 3414 178 825
236 3409 175 813
224 3381 178 832
237 3464 178 805
227 3435 178 823
233 3447 178 816
227 3435 178 823
205 3275 188 876
205 3275 188 876
224 3381 178 832
222 3388 178 832
229 3414 178 825
224 3381 178 832
222 3388 178 832
229 3414 178 825
229 3414 178 825
224 3381 178 832
224 3381 178 832
222 3388 178 832
222 3388 178 832
222 3388 178 832
222 3388 178 832
222 3388 178 832
222 3388 178 832
205 3356 180 838
205 3275 188 876
205 3275 188 876
205 3275 188 876
205 3275 188 876
205 3275 188 876
205 3275 188 876
205 3275 188 876
205 3275 188 876
205 3275 188 876
205 3275 188 876
205 3275 188 876
205 3275 188 876
205 3275 188 876
205 3275 188 876
205 3275 188 876
205 3275 188 876
205 3275 188 876
205 3275 188 876
205 3275 188 876
205 3275 188 876
204 3293 192 856
199 3220 187 893
199 3220 187 893
199 3220 187 893
199 3168 188 879
199 3168 188 879
245 3355 177 856
235 3572 171 834
219 3381 184 789
216 3333 192 853
199 3272 187 893
199 3170 188 879
239 3519 175 806
229 3248 189 878
243 3566 178 805
236 3410 175 813
221 3429 179 861
208 3319 191 874
219 3381 184 789
202 3445 180 853
200 3351 183 874
207 3372 184 850
216 3327 189 861
222 3399 178 832
225 3395 178 832
243 3566 178 805
216 3327 189 861
206 3314 192 854
199 3275 187 887
200 3351 183 874
204 3295 192 856
232 3465 178 823
232 3468 174 826
233 3396 175 849
232 3503 172 828
219 3259 177 871
232 3503 172 828
207 3429 180 838
229 3252 191 872
219 3259 177 871
230 3481 177 850
245 3355 177 856
206 3425 180 856
205 3279 188 876
203 3280 190 875
233 3453 178 817
199 3275 187 887
233 3458 178 816
227 3360 177 856
199 3275 187 887
202 3445 180 853
219 3259 177 871
232 3468 174 826
233 3498 174 816
203 3280 190 875
206 3425 180 856
233 3458 178 816
230 3481 177 850
227 3360 177 856
205 3279 188 876
233 3498 174 816
245 3355 177 856
203 3280 190 875
229 3415 178 825
229 3415 178 825
245 3355 177 856
233 3498 174 816
232 3503 172 828
207 3429 180 838
208 3319 191 874
232 3468 174 826
219 3369 189 851
236 3357 177 856
219 3369 189 851
233 3453 178 817
207 3429 180 838
229 3248 189 878
245 3355 177 856
233 3396 175 849
245 3355 177 856
207 3429 180 838
199 3275 187 887
203 3280 190 875
236 3357 177 856
245 3355 177 856
245 3355 177 856
245 3355 177 856
245 3355 177 856
245 3355 177 856
245 3355 177 856
245 3355 177 856
245 3355 177 856
245 3355 177 856
245 3355 177 856
245 3355 177 856
233 3498 174 816
233 3498 174 816
233 3498 174 816
232 3503 172 828
227 3360 177 856
219 3369 189 851
219 3369 189 851
219 3259 177 871
216 3327 189 861
207 3429 180 838
207 3429 180 838
205 3279 188 876
203 3280 190 875
203 3280 190 875
203 3280 190 875
203 3280 190 875
202 3445 180 853
199 3275 187 887
199 3275 187 887
248 3551 175 806
248 3551 175 806
233 3397 203 821
232 3656 197 827
232 3504 172 828
205 3206 188 879
199 3275 187 893
199 3275 187 893
216 3450 180 838
233 3430 203 810
204 3310 192 856
203 3451 180 853
238 3510 174 816
216 3334 189 861
230 3472 178 832
224 3592 184 834
233 3511 174 816
208 3307 188 876
202 3405 183 882
229 3254 191 872
225 3565 184 834
207 3368 187 883
203 3291 190 875
226 3426 196 829
232 3363 181 877
236 3440 175 813
236 3440 175 813
216 3334 189 861
225 3565 184 834
244 3386 177 856
228 3625 190 830
245 3357 177 856
206 3349 188 876
230 3591 190 830
208 3405 190 865
202 3307 187 887
229 3391 181 865
228 3625 190 830
244 3386 177 856
229 3254 191 872
202 3307 187 887
244 3386 177 856
226 3426 196 829
227 3424 178 836
202 3307 187 887
227 3424 178 836
244 3386 177 856
203 3276 188 882
229 3254 191 872
229 3254 191 872
202 3307 187 887
203 3276 188 882
203 3451 180 853
227 3402 177 856
203 3390 187 883
229 3254 191 872
227 3402 177 856
228 3625 190 830
227 3402 177 856
208 3405 190 865
248 3551 175 806
248 3551 175 806
248 3551 175 806
248 3551 175 806
229 3254 191 872
229 3254 191 872
229 3254 191 872
229 3254 191 872
229 3254 191 872
229 3254 191 872
229 3254 191 872
229 3254 191 872
229 3254 191 872
229 3254 191 872
229 3254 191 872
229 3254 191 872
229 3254 191 872
229 3254 191 872
229 3254 191 872
229 3254 191 872
229 3254 191 872
229 3254 191 872
229 3254 191 872
229 3254 191 872
229 3254 191 872
229 3254 191 872
229 3254 191 872
229 3254 191 872
229 3254 191 872
229 3254 191 872
229 3254 191 872
229 3254 191 872
229 3254 191 872
229 3254 191 872
229 3254 191 872
229 3254 191 872
229 3254 191 872
227 3424 178 836
227 3402 177 856
227 3402 177 856
227 3402 177 856
225 3565 184 834
216 3334 189 861
208 3405 190 865
250 3577 175 806
233 3415 203 821
232 3513 172 828
227 3616 184 834
217 3296 187 893
205 3335 187 893
205 3231 188 879
211 3312 194 857
232 3490 178 839
236 3450 175 813
224 3592 186 837
234 3514 174 816
249 3449 186 846
208 3411 190 865
216 3338 189 864
245 3371 177 856
206 3416 187 883
229 3256 191 872
245 3371 177 856
228 3428 177 856
206 3314 192 864
229 3256 191 872
229 3413 177 856
229 3256 191 872
229 3256 191 872
229 3256 191 872
250 3634 175 806
244 3520 174 816
233 3423 203 821
229 3261 191 872
206 3310 194 892
209 3456 187 887
211 3344 194 857
250 3487 175 849
234 3434 177 856
238 3518 201 824
235 3564 174 826
214 3419 190 871
214 3419 190 871
236 3540 174 816
233 3423 203 821
233 3423 203 821
251 3667 175 806
241 3658 174 816
233 3431 203 821
229 3296 191 872
225 3610 194 857
231 3508 190 871
238 3593 179 819
251 3440 177 856
237 3553 174 826
250 3631 174 816
243 3594 178 816
233 3431 203 821
235 3498 177 856
241 3543 174 822
237 3598 174 822
237 3598 174 822
237 3598 174 822
237 3598 174 822
265 3789 175 806
243 3347 191 872
237 3558 174 826
227 3659 204 892
252 3497 177 856
233 3432 203 828
234 3403 191 872
239 3620 178 825
233 3492 203 821
248 3561 189 883
238 3467 191 881
237 3568 174 826
237 3568 174 826
237 3568 174 826
237 3568 174 826
237 3568 174 826
237 3568 174 826
258 3593 177 865
253 3845 189 829
245 3661 190 837
250 3682 186 832
257 3685 177 856
257 3685 177 856
282 4363 199 853
258 3597 177 865
257 3689 177 856
276 3909 191 883
