44 9.16424
202 2957 154 689
201 2940 189 677
193 3014 161 682
171 2625 147 709
170 2721 148 711
163 2429 156 708
161 2458 157 697
189 2723 177 684
191 2923 173 681
201 2940 189 677
163 2458 150 705
197 2801 152 691
185 2834 165 685
164 2500 149 702
164 2500 149 702
167 2605 151 699
169 2666 167 692
187 2788 177 683
173 2738 155 688
178 2637 150 696
195 2630 169 678
181 2562 159 696
169 2618 158 694
172 2670 153 693
191 2899 169 683
179 2937 161 685
185 2645 159 689
193 2755 161 683
192 2836 148 707
170 2721 148 711
190 3003 148 707
161 2458 157 697
191 2882 176 684
174 2548 155 699
174 2585 160 686
174 2548 155 699
173 2555 163 695
173 2641 169 689
183 2797 148 708
172 2670 153 693
192 2782 155 684
173 2555 163 695
181 2562 159 696
164 2500 149 702
172 2655 160 691
172 2655 160 691
161 2541 155 711
174 2585 160 686
191 2882 176 684
195 2630 169 678
168 2591 154 697
191 2870 148 707
170 2721 148 711
194 2794 148 707
191 2870 148 707
169 2549 155 698
183 2797 148 708
169 2549 155 698
163 2429 156 708
161 2541 155 711
193 3014 161 682
193 2946 160 683
190 3003 148 707
193 2946 160 683
174 2561 160 692
170 2557 163 690
168 2597 156 696
168 2591 154 697
170 2557 163 690
194 2794 148 707
191 2882 176 684
191 2882 176 684
174 2548 155 699
191 2899 169 683
191 2882 176 684
164 2500 149 702
191 2870 148 707
172 2655 160 691
163 2429 156 708
161 2541 155 711
161 2458 157 697
191 2870 148 707
168 2597 156 696
174 2548 155 699
161 2541 155 711
169 2549 155 698
192 2836 148 707
170 2721 148 711
201 2940 189 677
195 2630 169 678
195 2630 169 678
194 2794 148 707
194 2794 148 707
192 2836 148 707
192 2836 148 707
192 2836 148 707
192 2836 148 707
191 2899 169 683
191 2882 176 684
191 2882 176 684
191 2882 176 684
191 2870 148 707
191 2870 148 707
191 2870 148 707
191 2870 148 707
190 3003 148 707
190 3003 148 707
183 2797 148 708
174 2585 160 686
174 2548 155 699
170 2721 148 711
170 2721 148 711
170 2721 148 711
170 2721 148 711
170 2721 148 711
170 2721 148 711
170 2721 148 711
170 2721 148 711
170 2721 148 711
170 2721 148 711
170 2721 148 711
170 2721 148 711
170 2721 148 711
170 2721 148 711
170 2721 148 711
170 2721 148 711
170 2721 148 711
170 2721 148 711
170 2721 148 711
170 2721 148 711
170 2721 148 711
170 2721 148 711
170 2721 148 711
170 2721 148 711
170 2557 163 690
169 2549 155 698
168 2591 154 697
164 2500 149 702
164 2500 149 702
164 2500 149 702
164 2500 149 702
164 2500 149 702
163 2429 156 708
220 3413 160 685
203 3037 189 677
173 2659 147 709
163 2536 154 720
163 2442 156 708
161 2566 157 709
195 3128 162 683
220 3413 160 685
164 2502 149 702
161 2555 155 711
189 2739 177 684
197 2644 169 678
194 2854 148 707
211 3012 157 686
191 2955 176 684
167 2612 151 699
163 2536 154 720
176 2736 153 693
204 2835 152 691
180 2773 159 692
195 2881 166 684
192 2936 173 682
206 3058 150 696
192 2936 173 682
194 3005 177 681
186 2800 155 689
196 2823 161 683
185 2698 159 689
179 2948 161 685
209 2709 150 696
206 3058 150 696
185 2698 159 689
174 2613 160 686
162 2623 159 700
171 2628 158 694
163 2468 157 697
189 2903 168 685
192 3038 177 681
183 2570 160 694
195 2647 169 678
173 2659 147 709
189 2903 168 685
173 2654 155 697
171 2626 157 696
174 2744 154 697
162 2623 159 700
164 2458 157 699
169 2665 167 695
169 2665 167 695
189 2739 177 684
170 2722 160 694
183 2570 160 694
169 2665 167 695
171 2628 158 694
163 2442 156 708
174 2839 155 689
163 2536 154 720
163 2536 154 720
163 2536 154 720
170 2722 160 694
161 2566 157 709
163 2536 154 720
169 2665 167 695
163 2442 156 708
192 2936 173 682
189 2903 168 685
189 2739 177 684
185 2698 159 689
185 2698 159 689
169 2665 167 695
163 2536 154 720
163 2536 154 720
163 2536 154 720
163 2536 154 720
163 2536 154 720
163 2536 154 720
163 2536 154 720
163 2536 154 720
213 2933 169 678
207 3066 189 677
206 3186 148 707
197 2776 191 685
173 2660 147 709
163 2539 154 720
163 2452 156 716
161 2567 156 713
205 3142 173 682
165 2502 157 697
169 2462 165 713
200 2678 167 692
199 2944 187 680
198 3077 177 681
195 3008 176 683
182 2825 159 692
168 2553 149 706
174 2796 161 690
192 2881 181 684
191 2576 156 705
208 2983 181 682
168 2580 149 702
211 3045 157 686
180 2630 168 689
161 2567 156 713
181 2637 163 695
184 2845 173 688
164 2486 161 702
161 2560 155 717
196 3144 177 681
168 2651 151 699
187 2737 179 688
188 2795 155 698
192 2709 163 690
196 2912 166 684
163 2481 156 708
180 2898 169 687
190 2909 168 685
179 2951 161 685
185 2688 160 694
210 3022 152 691
181 2860 160 694
168 2651 151 699
206 3074 188 679
193 2950 160 687
205 3058 152 691
194 2925 161 686
186 2819 155 689
199 2785 155 698
197 2851 188 684
210 3022 152 691
194 2805 164 686
194 2805 164 686
207 3066 189 677
184 2999 160 687
185 2702 162 691
206 2869 161 686
197 2999 169 683
187 2737 179 688
206 2996 169 680
179 2951 161 685
179 2951 161 685
210 3022 152 691
186 2701 163 692
187 2737 179 688
173 2660 147 709
208 2844 160 686
185 2702 162 691
173 2660 147 709
208 2844 160 686
206 2883 160 686
207 3066 189 677
187 2737 179 688
187 2737 179 688
173 2660 147 709
206 2883 160 686
210 3022 152 691
179 2951 161 685
173 2660 147 709
173 2660 147 709
173 2660 147 709
173 2660 147 709
173 2660 147 709
173 2660 147 709
218 3281 149 702
213 3063 196 681
208 3308 154 695
176 2661 147 709
168 2560 154 723
161 2562 158 718
198 3135 169 683
203 3113 177 681
186 2881 162 693
202 2965 188 682
165 2569 158 707
214 3089 152 691
174 2615 155 716
173 2699 147 709
194 2826 165 686
200 2863 191 685
168 2601 154 720
200 3028 167 684
213 3063 196 681
192 2994 176 686
182 2693 174 690
181 2609 158 703
170 2693 151 699
195 2939 155 695
175 2775 161 697
189 2981 156 689
203 2926 157 689
176 2630 176 704
200 2733 159 697
183 2706 149 705
194 2917 159 696
182 2812 150 705
202 2965 188 682
188 3046 160 696
198 2878 150 702
183 2652 151 699
199 2973 161 685
172 2673 151 699
188 2871 161 690
200 2814 155 698
200 2870 159 695
213 3063 196 681
213 3063 196 681
213 3063 196 681
237 3331 156 689
217 3318 177 681
202 2972 188 682
178 2706 147 709
177 2632 168 712
173 2684 155 719
218 3150 152 691
209 3292 168 688
174 2819 159 700
189 2828 185 698
198 3201 159 694
206 3032 162 693
191 2958 179 697
197 2857 174 686
200 3136 183 685
192 2794 184 690
206 3091 169 685
202 3094 176 684
175 2686 151 699
173 2673 161 711
202 2904 172 692
202 2907 165 698
196 2899 166 695
193 2997 167 689
195 2901 175 696
192 3142 167 698
240 3444 156 689
235 3742 177 681
211 3137 202 688
193 2956 147 709
185 2676 162 728
175 2687 154 720
219 3357 168 692
176 2725 152 699
200 2987 192 690
196 2932 150 713
187 2859 151 706
183 2715 154 706
209 3168 188 684
208 3207 175 686
196 2941 179 696
214 3247 169 688
204 2973 166 697
205 3053 172 695
214 2986 186 691
213 3166 169 695
205 3006 173 689
215 3208 173 689
214 3281 179 687
193 3100 148 709
184 2768 154 720
176 2809 153 700
210 3024 166 697
206 3034 175 689
188 2924 151 706
179 2788 160 703
197 2901 159 699
197 3028 156 699
234 3177 191 692
224 3390 182 687
198 3075 151 706
193 2801 172 703
176 2816 154 720
219 3238 181 696
207 2948 171 699
179 2991 160 702
218 3096 165 699
197 3012 172 700
227 3360 153 705
188 2868 164 704
187 2837 167 702
179 2827 154 705
211 3175 166 703
208 3234 151 706
194 2983 154 720
182 2875 155 705
200 3219 156 705
195 2894 162 721
192 2985 155 711
186 2990 171 711
191 3155 155 708
188 2897 159 720
188 2952 159 706
213 3067 170 714
202 3147 168 711
192 3017 159 717
215 3210 178 712
205 3158 167 683
205 3121 184 677
201 3153 150 692
196 2460 170 734
157 2595 152 708
166 2525 150 709
184 2688 172 682
176 2523 158 729
195 2973 176 679
187 2533 154 688
202 3118 170 683
188 3024 150 703
160 2642 159 697
162 2509 160 691
176 2731 152 700
170 2753 162 688
176 2523 158 729
188 2797 169 684
179 2875 156 689
191 2944 165 686
180 2740 151 705
195 2973 176 679
161 2593 160 691
194 2814 157 686
190 3009 167 685
171 2612 160 687
173 2637 159 706
177 2878 156 689
193 2921 156 684
183 2828 150 706
191 2944 165 686
189 2973 156 687
173 2637 159 706
169 2764 158 707
169 2764 158 707
170 2667 158 707
170 2606 160 690
181 2824 151 698
193 2932 150 699
190 3009 167 685
181 2824 151 698
193 2897 165 686
195 2973 176 679
182 2953 150 706
193 2897 165 686
170 2667 158 707
182 2953 150 706
170 2606 160 690
170 2606 160 690
183 2828 150 706
179 2875 156 689
195 2973 176 679
190 3009 167 685
183 2828 150 706
179 2875 156 689
195 2973 176 679
195 2973 176 679
195 2973 176 679
195 2973 176 679
190 3009 167 685
183 2828 150 706
183 2828 150 706
182 2953 150 706
179 2875 156 689
170 2606 160 690
170 2606 160 690
170 2606 160 690
218 3199 153 693
213 3405 154 690
199 2987 176 679
198 2517 169 741
196 2461 170 734
186 2852 176 685
174 2638 150 709
162 2526 160 691
163 2631 156 719
213 3343 150 699
204 3244 154 697
209 3160 150 705
167 2598 158 725
196 2514 170 731
174 2638 150 709
180 2725 160 690
187 2824 175 682
174 2638 150 709
181 2917 162 688
170 2675 158 707
197 2872 161 688
184 2752 152 704
195 3017 176 679
199 2919 156 695
188 2792 165 687
187 2840 164 687
185 2737 172 688
218 3199 153 693
167 2598 158 725
186 2835 157 699
216 3135 159 684
196 2935 156 691
193 2932 159 689
185 2746 174 686
216 3400 154 690
170 2675 158 707
187 2518 170 736
205 3168 167 683
202 2923 166 686
205 3012 174 684
198 2517 169 741
205 3168 167 683
201 3180 156 685
193 2994 156 687
188 2727 172 688
198 2517 169 741
216 3400 154 690
191 2846 151 701
174 2638 150 709
187 2518 170 736
202 3063 174 684
204 3176 150 702
180 2725 160 690
181 2843 155 704
201 3037 151 698
182 2787 155 708
205 3168 167 683
185 2818 158 701
191 2854 150 706
168 2675 159 703
184 2903 156 701
203 2846 156 693
187 2697 156 703
188 2881 156 698
185 2818 158 701
165 2604 158 725
191 2846 151 701
189 2734 155 708
205 3091 169 684
202 3132 170 683
182 2831 166 688
182 2831 166 688
165 2604 158 725
187 2697 156 703
201 3037 151 698
189 2734 155 708
185 2818 158 701
184 2613 158 709
195 2845 156 701
187 2897 150 706
205 3091 169 684
163 2623 158 725
198 3041 167 685
182 2787 155 708
202 3132 170 683
203 2883 151 698
188 2727 172 688
181 2843 155 704
191 2854 150 706
198 2517 169 741
187 2518 170 736
198 2517 169 741
189 2734 155 708
174 2728 166 689
216 3400 154 690
205 3168 167 683
189 2734 155 708
203 2883 151 698
163 2623 158 725
185 2746 174 686
184 2903 156 701
174 2728 166 689
202 2923 166 686
195 2845 156 701
218 3199 153 693
218 3199 153 693
218 3199 153 693
218 3199 153 693
218 3199 153 693
218 3199 153 693
218 3199 153 693
216 3400 154 690
205 3168 167 683
205 3168 167 683
205 3168 167 683
205 3168 167 683
205 3168 167 683
205 3168 167 683
205 3168 167 683
205 3168 167 683
205 3168 167 683
205 3168 167 683
205 3168 167 683
205 3091 169 684
198 2517 169 741
198 2517 169 741
198 2517 169 741
189 2734 155 708
189 2734 155 708
189 2734 155 708
188 2727 172 688
187 2518 170 736
187 2518 170 736
182 2787 155 708
174 2638 150 709
174 2638 150 709
167 2598 158 725
167 2598 158 725
163 2623 158 725
220 3548 150 701
204 3012 176 679
196 2465 170 734
192 2931 176 685
184 2528 168 748
162 2530 160 691
204 3303 154 697
186 2981 162 688
185 2802 174 686
195 3070 176 679
168 2682 159 703
184 2528 168 748
207 3176 170 683
209 3264 153 700
175 2662 150 712
163 2625 158 725
179 2831 157 709
202 2937 166 686
183 2616 159 730
196 2865 165 687
185 2526 170 733
183 2616 159 730
175 2662 150 712
163 2625 158 725
194 2744 166 689
169 2676 156 719
200 3013 157 692
191 2768 152 708
193 3070 156 687
181 2649 159 718
219 2929 156 693
169 2676 156 719
214 2954 156 693
185 2855 160 690
189 2839 151 711
208 3279 150 705
205 2893 156 694
199 3013 176 679
188 2823 152 711
214 2954 156 693
206 3177 170 685
205 2893 156 694
186 2778 156 711
184 2528 168 748
189 2949 150 706
189 2748 155 708
181 2649 159 718
185 2526 170 733
210 3217 150 702
210 3217 150 702
196 3038 156 689
194 2915 156 701
163 2625 158 725
210 3217 150 702
189 2748 155 708
196 2465 170 734
195 2864 150 708
196 2465 170 734
206 2823 156 704
184 2827 152 704
209 3300 165 686
209 3300 165 686
180 2811 157 709
180 2811 157 709
188 2810 156 709
209 3300 165 686
189 2949 150 706
219 2929 156 693
196 2465 170 734
209 3300 165 686
196 2465 170 734
210 3217 150 702
196 2465 170 734
196 2465 170 734
196 2465 170 734
184 2528 168 748
163 2625 158 725
230 3325 156 693
223 3608 150 701
199 3081 182 680
196 2470 170 734
185 2533 174 739
164 2625 161 711
198 2672 158 729
211 3276 157 696
184 2700 162 694
204 2909 173 688
195 2961 176 688
190 2993 166 688
169 2690 156 719
175 2853 160 699
226 3240 157 697
168 2552 161 714
178 2772 160 696
186 2905 154 714
186 2941 160 692
198 3056 176 685
198 3221 152 704
171 2686 171 695
196 2974 168 687
202 3119 174 686
171 2709 159 703
194 2821 153 711
172 2606 167 709
210 2783 156 718
201 3082 167 687
186 3028 158 708
209 3285 150 705
204 3310 154 697
189 2789 153 718
188 3007 162 688
170 2733 160 700
230 3076 156 700
224 3124 156 700
209 3285 150 705
204 3178 156 699
187 2829 153 704
185 2579 162 709
196 3056 150 706
210 3224 150 702
173 2618 162 700
198 3048 158 701
190 2699 162 699
194 2821 153 711
187 2829 153 704
209 3285 150 705
250 3378 156 693
210 3283 150 705
198 3021 169 687
196 2508 170 734
195 2594 169 738
189 3027 175 691
171 2693 156 719
234 3135 156 702
215 3272 155 707
204 3124 152 712
199 2632 170 727
185 2845 161 698
210 3152 151 710
197 2898 154 719
181 2779 160 699
202 2981 165 694
199 3005 166 689
188 2700 171 701
199 2950 157 717
177 2713 163 706
174 2740 159 716
199 3208 162 695
188 2744 167 697
204 3317 154 697
179 2979 160 696
213 3220 158 701
183 2726 170 701
176 2735 159 703
171 2693 156 719
213 3226 150 711
197 3018 154 708
203 3237 150 708
204 3317 154 697
204 3317 154 697
204 3317 154 697
204 3317 154 697
218 3084 174 690
213 3014 180 690
205 3298 153 714
204 3356 154 697
198 2514 170 734
176 2831 160 720
197 2976 158 724
198 2749 169 714
217 3214 179 697
184 2756 164 721
177 2767 157 732
186 2794 160 700
185 2894 160 699
202 3072 156 712
208 3310 166 691
215 3309 156 708
208 3012 159 718
202 3097 154 714
205 2777 160 704
208 3345 154 697
237 3445 167 694
226 3572 153 720
199 2671 170 734
186 2869 176 712
185 2930 165 707
213 3373 154 697
200 2983 159 724
202 3109 160 699
192 2762 164 730
192 2903 171 702
197 3052 162 703
188 2842 165 708
209 2979 161 707
188 2767 162 732
192 2871 161 720
201 3102 160 710
213 2883 165 706
241 3148 159 739
217 3486 154 697
201 3149 175 726
199 2782 167 746
197 3217 169 737
232 3405 164 704
220 3446 157 702
220 2983 163 711
207 3035 162 725
212 2914 169 729
209 2793 170 734
212 3308 160 708
208 2806 166 744
206 3139 164 742
207 3210 167 701
204 3146 161 707
246 3596 191 698
235 3639 161 707
201 2791 175 749
225 3103 177 726
208 3325 165 717
211 2916 171 737
216 3128 168 735
245 3217 171 724
239 3280 167 719
215 3145 166 727
211 3242 170 704
264 3861 166 707
244 3364 173 709
229 3567 165 741
215 3443 170 721
252 3788 159 674
229 3535 182 668
189 3002 145 697
163 2558 152 732
159 2572 152 728
229 3535 182 668
210 3417 161 673
183 3007 172 672
184 3010 148 707
161 2598 154 727
165 2728 158 717
203 3123 155 675
187 3203 159 675
190 2927 145 697
176 3024 167 678
198 3112 156 678
184 3010 148 707
181 3075 163 669
196 3091 145 694
177 3010 172 675
161 2592 159 723
175 2979 162 679
168 2722 150 687
169 2811 155 680
191 2972 149 688
186 3032 150 680
167 2733 154 719
184 3158 162 670
185 3100 151 686
176 3024 167 678
190 2928 152 685
169 2736 155 686
178 2998 172 675
195 2909 164 677
188 3013 145 696
197 3175 159 675
194 3169 145 694
190 3030 149 692
166 2808 155 720
165 2728 158 717
166 2808 155 720
178 2950 161 679
161 2592 159 723
191 2972 149 688
187 2857 164 679
187 3053 161 677
189 3051 150 679
195 2909 164 677
190 2928 152 685
190 3030 149 692
168 2722 150 687
161 2592 159 723
187 2857 164 679
187 3203 159 675
190 2959 155 679
184 3071 162 674
168 2722 150 687
195 2909 164 677
190 3030 149 692
194 2977 164 677
186 3032 150 680
184 3010 148 707
187 3126 155 678
187 3053 161 677
183 3101 161 677
195 3160 155 677
187 3126 155 678
195 2909 164 677
195 2909 164 677
177 3010 172 675
166 2808 155 720
194 2977 164 677
184 3010 148 707
177 3010 172 675
166 2808 155 720
190 3030 149 692
189 3051 150 679
229 3535 182 668
229 3535 182 668
229 3535 182 668
229 3535 182 668
195 2909 164 677
195 2909 164 677
195 2909 164 677
195 2909 164 677
195 2909 164 677
195 2909 164 677
195 2909 164 677
195 2909 164 677
195 2909 164 677
195 2909 164 677
195 2909 164 677
195 2909 164 677
195 2909 164 677
194 2977 164 677
190 3030 149 692
190 3030 149 692
184 3010 148 707
184 3010 148 707
177 3010 172 675
168 2722 150 687
168 2722 150 687
165 2728 158 717
165 2728 158 717
165 2728 158 717
165 2728 158 717
252 3792 159 674
229 3550 182 668
194 2987 145 697
186 3137 184 673
163 2580 152 732
163 2580 152 732
160 2659 160 729
252 3792 159 674
184 2727 157 706
215 3673 162 671
167 2817 160 719
220 3331 179 671
188 3015 145 697
229 3535 182 669
206 3356 174 671
201 3169 177 672
190 2934 148 711
210 3440 161 673
190 2934 148 711
179 3047 167 678
161 2604 154 727
193 3217 156 679
196 3289 161 676
175 2741 154 726
165 2851 160 724
218 3352 154 679
186 2950 169 683
200 3021 164 679
208 3349 171 670
183 3155 167 676
164 2603 154 731
180 3139 172 675
169 2757 150 687
182 2899 182 680
168 2795 161 691
194 3000 149 688
193 3122 149 692
182 2899 182 680
175 2862 175 683
189 2996 157 681
191 3129 149 696
169 2969 162 681
201 3064 164 677
169 2757 150 687
168 2784 155 694
183 3124 155 682
206 3381 155 677
188 3212 184 670
182 3001 176 678
181 2815 181 684
184 3064 172 675
197 3100 148 694
165 2851 160 724
177 3026 161 681
212 3138 155 676
187 3021 176 677
206 3381 155 677
181 3015 170 679
213 3181 155 675
177 3026 161 681
171 2754 155 686
182 2829 155 685
181 2815 181 684
199 3115 161 678
181 3015 170 679
197 3100 148 694
172 2745 150 687
196 3105 145 694
195 3196 162 672
175 3038 162 679
211 3210 155 675
175 2862 175 683
188 3039 155 683
190 3132 162 674
183 3023 161 681
194 3000 149 688
172 2745 150 687
184 3064 172 675
185 3116 161 677
171 2754 155 686
184 2942 181 681
191 2946 155 683
182 2829 155 685
168 2795 161 691
213 3181 155 675
195 3196 162 672
176 3060 167 678
191 3129 149 696
181 2996 157 684
188 3212 184 670
169 2969 162 681
194 2987 145 697
193 3155 150 680
188 3212 184 670
196 3105 145 694
176 3060 167 678
209 3119 155 679
209 3119 155 679
183 3155 167 676
185 3116 161 677
182 3001 176 678
168 2784 155 694
194 2987 145 697
184 2942 181 681
252 3792 159 674
252 3792 159 674
197 3100 148 694
188 3212 184 670
188 3212 184 670
188 3212 184 670
163 2580 152 732
163 2580 152 732
163 2580 152 732
163 2580 152 732
163 2580 152 732
259 3818 162 671
252 3850 159 674
237 3667 182 668
192 3083 145 697
188 3221 184 670
166 2599 152 732
166 2599 152 732
160 2695 160 729
172 2769 167 718
206 3487 174 671
190 2941 148 711
220 3348 170 672
181 2819 181 684
184 2970 153 721
162 2662 154 731
204 3310 150 691
165 2794 160 727
182 3058 167 681
176 2902 175 683
213 3471 161 673
189 2956 150 701
182 3028 164 682
191 3101 156 684
164 2620 160 730
196 3134 145 694
203 3253 151 689
178 3087 167 678
196 3265 153 686
198 3337 177 672
204 3301 163 675
218 3389 161 679
216 3414 155 675
195 2992 148 703
184 3035 162 685
194 2999 148 707
208 3368 171 670
208 3368 171 670
189 3099 147 720
194 3146 155 683
194 2899 155 685
191 3218 148 705
160 2695 160 729
190 3113 161 685
206 3212 169 673
172 2792 155 686
194 3100 151 694
160 2695 160 729
220 3339 179 671
205 3301 161 682
197 3006 161 684
220 3339 179 671
189 3099 147 720
202 3405 161 681
200 3229 177 672
192 3083 145 697
203 3396 176 673
206 3243 161 681
203 3396 176 673
166 2599 152 732
206 3212 169 673
216 3414 155 675
208 3368 171 670
194 2999 148 707
201 3179 177 672
201 3179 177 672
192 3083 145 697
220 3339 179 671
200 3229 177 672
166 2599 152 732
220 3339 179 671
220 3339 179 671
220 3339 179 671
220 3339 179 671
252 3913 159 674
198 3286 145 694
192 3247 184 670
164 2664 160 730
160 2708 160 729
160 2701 160 732
189 3107 147 720
230 3670 155 677
222 3692 167 674
216 3581 166 679
220 3362 179 671
179 2875 169 686
216 3531 161 682
229 3545 182 670
206 3558 174 671
197 3057 150 704
207 3182 151 694
179 3019 160 727
209 3293 172 674
217 3482 170 677
194 3158 152 695
190 2952 148 711
182 2875 155 688
186 3042 154 727
196 3083 145 697
190 2952 148 711
193 3101 156 684
192 3276 148 700
194 3234 148 707
208 3342 171 673
214 3449 176 672
160 2708 160 729
214 3449 176 672
180 2889 155 686
188 3251 184 670
212 3242 169 682
179 2875 169 686
160 2708 160 729
194 3093 155 685
179 2875 169 686
190 2952 148 711
250 3702 161 677
243 4027 174 671
219 3541 184 671
211 3454 145 694
183 3003 160 718
180 2881 169 686
227 3642 159 684
199 3118 145 697
184 2914 156 706
210 3403 175 673
201 2968 148 711
190 2974 148 711
222 3487 155 686
181 3034 164 695
220 3517 172 674
220 3385 179 671
193 3253 157 686
187 3186 155 687
197 3030 155 689
194 3074 159 687
192 2980 155 692
220 3385 179 671
196 2963 157 686
193 3221 161 684
185 2990 162 686
247 3909 161 684
245 3940 174 679
220 3387 179 671
206 3176 145 697
189 2923 161 728
184 3085 175 686
220 3482 176 673
200 3158 148 704
216 3216 171 691
192 3041 155 720
204 3438 157 687
199 3257 155 689
207 3231 165 691
190 3160 155 720
190 3025 165 703
200 3332 174 688
210 3395 161 685
191 3124 163 694
192 3076 155 694
210 3385 163 684
220 3422 179 671
219 3656 151 700
217 3331 147 703
197 3232 181 699
194 3026 178 721
193 3061 164 724
210 3408 161 685
210 3443 155 689
213 3337 172 690
211 3088 165 707
194 3301 171 715
195 3099 168 716
207 3374 152 698
202 3356 155 693
199 3385 156 691
195 3164 160 703
201 3187 155 695
219 3407 178 689
198 3148 155 701
207 3378 165 691
227 3545 179 671
224 3863 191 681
216 3619 152 699
202 3190 164 726
197 3270 160 729
195 3312 168 719
225 3680 161 685
221 3628 175 688
207 3209 186 704
205 3453 158 708
208 3409 162 694
204 3369 155 715
222 3557 162 690
225 3634 155 694
206 3422 159 692
203 3216 155 720
204 3363 167 699
203 3393 167 699
223 3631 158 694
256 3785 179 672
240 3696 189 681
233 3805 153 735
231 3875 155 697
214 3266 186 706
203 3290 155 720
227 3535 165 700
203 3290 155 720
234 3714 171 687
213 3620 159 717
219 3656 170 703
228 3643 160 699
258 4172 174 695
205 3396 159 727
203 3436 163 724
234 3873 172 696
242 4024 164 724
205 3049 164 682
198 3049 170 680
190 3153 155 694
189 2925 148 711
177 2963 177 683
163 2598 163 691
160 2741 156 723
159 2696 159 707
196 3036 150 697
163 2759 150 718
191 2948 150 700
179 2661 154 703
198 3049 170 680
190 2836 152 696
180 2937 170 683
175 2954 174 686
165 2734 162 689
186 2870 150 701
190 3153 155 694
161 2606 161 702
180 2937 170 683
205 3049 164 682
160 2741 156 723
177 2861 177 684
166 2838 153 714
180 2871 153 698
177 2963 177 683
166 2838 153 714
173 2728 153 699
159 2696 159 707
171 2769 155 709
173 2624 156 706
175 2954 174 686
189 2925 148 711
161 2643 156 691
183 2854 177 684
181 2808 150 702
170 2801 154 703
176 2935 153 697
189 2925 148 711
180 2907 150 708
170 2932 157 688
190 3153 155 694
181 2786 156 688
205 3049 164 682
190 3153 155 694
159 2696 159 707
168 2807 155 710
176 2798 156 685
169 2707 164 690
169 2737 156 690
159 2696 159 707
170 2932 157 688
175 2821 155 697
171 2769 155 709
173 2624 156 706
168 2616 150 711
182 2713 156 688
180 2907 150 708
181 2808 150 702
198 3049 170 680
182 2713 156 688
175 2954 174 686
177 2963 177 683
166 2760 156 690
177 2963 177 683
172 2830 156 688
163 2598 163 691
183 2854 177 684
161 2643 156 691
182 2713 156 688
175 2954 174 686
172 2830 156 688
169 2807 155 703
176 2798 156 685
182 2713 156 688
177 2963 177 683
177 2861 177 684
159 2696 159 707
182 2713 156 688
169 2807 155 703
159 2696 159 707
180 2937 170 683
168 2616 150 711
166 2760 156 690
163 2598 163 691
177 2861 177 684
170 2801 154 703
169 2737 156 690
169 2807 155 703
166 2760 156 690
205 3049 164 682
205 3049 164 682
205 3049 164 682
190 3153 155 694
190 3153 155 694
189 2925 148 711
183 2854 177 684
182 2713 156 688
182 2713 156 688
182 2713 156 688
182 2713 156 688
182 2713 156 688
182 2713 156 688
180 2937 170 683
180 2937 170 683
180 2937 170 683
180 2937 170 683
180 2937 170 683
177 2963 177 683
177 2963 177 683
177 2963 177 683
177 2963 177 683
177 2963 177 683
177 2963 177 683
177 2963 177 683
177 2963 177 683
177 2963 177 683
177 2963 177 683
175 2954 174 686
175 2954 174 686
171 2769 155 709
169 2807 155 703
169 2807 155 703
168 2616 150 711
166 2838 153 714
161 2643 156 691
207 3093 164 682
196 3195 155 694
196 2979 148 711
189 2962 148 732
177 2977 177 683
162 2617 161 707
160 2718 159 708
164 2782 150 724
189 2962 148 732
180 2945 170 683
181 3052 150 709
175 2985 174 686
186 2897 150 701
169 2703 156 700
166 2761 156 690
175 2846 170 688
180 2898 155 697
192 2964 150 700
181 2988 152 707
190 2888 151 702
184 2725 159 695
177 2866 156 688
167 2839 153 714
180 2701 162 697
164 2792 150 718
171 2654 156 712
162 2684 156 712
162 2670 162 699
168 2820 155 710
182 2898 152 707
163 2622 163 691
172 2733 156 699
176 2878 156 685
191 2848 150 705
163 2622 163 691
164 2792 150 718
181 2739 154 708
166 2847 153 714
184 2725 159 695
177 2867 177 684
176 2845 176 688
174 2694 156 706
161 2635 161 703
175 2846 170 688
164 2792 150 718
177 2628 150 711
166 2847 153 714
161 2635 161 703
174 2743 153 703
190 2840 152 696
181 2817 156 686
167 2718 156 710
161 2715 161 702
181 2739 154 708
176 2845 176 688
163 2795 156 703
174 2694 156 706
162 2625 161 704
162 2730 156 705
172 2697 150 711
180 2945 170 683
163 2650 162 700
176 2740 156 695
162 2625 161 704
163 2650 162 700
164 2701 159 705
181 2803 155 699
190 2840 152 696
177 2867 177 684
181 2739 154 708
162 2625 161 704
180 2945 170 683
162 2625 161 704
162 2625 161 704
162 2617 161 707
162 2617 161 707
181 2803 155 699
162 2617 161 707
174 2743 153 703
162 2625 161 704
176 2740 156 695
189 2962 148 732
181 2739 154 708
181 2739 154 708
181 2739 154 708
174 2743 153 703
167 2718 156 710
162 2625 161 704
162 2625 161 704
162 2625 161 704
162 2625 161 704
162 2625 161 704
162 2625 161 704
162 2625 161 704
162 2625 161 704
162 2625 161 704
162 2625 161 704
162 2625 161 704
162 2625 161 704
162 2617 161 707
162 2617 161 707
162 2617 161 707
162 2617 161 707
162 2617 161 707
162 2617 161 707
213 3389 148 716
206 3494 148 716
206 3106 156 685
189 3007 148 732
177 2927 174 686
162 2626 161 704
161 2688 161 703
175 2930 170 689
200 3252 150 701
183 2762 164 691
195 2891 152 696
176 2928 174 686
175 2767 156 691
164 2813 154 725
178 3055 153 714
198 3139 151 700
168 2766 159 707
166 2790 150 724
179 2749 158 697
169 2755 162 699
174 2953 155 709
201 3099 150 701
197 3136 149 728
205 3127 150 700
187 2758 155 703
197 3136 149 728
193 2849 156 690
172 2837 156 705
162 2626 161 704
181 2862 152 711
168 2833 150 719
172 2905 154 714
185 2997 150 711
161 2643 161 704
184 2970 155 697
179 2810 153 703
180 2966 150 717
198 3139 151 700
183 2857 150 712
191 3012 151 701
188 3093 150 704
178 2891 162 688
191 2830 161 688
182 2790 155 708
169 2810 150 718
188 2914 155 699
178 2884 162 689
181 2968 150 715
184 2970 155 697
162 2727 159 708
166 2790 150 724
162 2727 159 708
168 2833 150 719
169 2810 150 718
162 2727 159 708
188 2914 155 699
198 3139 151 700
197 3136 149 728
162 2727 159 708
162 2727 159 708
228 3264 156 691
223 3469 148 716
223 3438 189 685
184 2633 162 708
166 2747 159 734
161 2745 161 704
193 3104 177 686
178 2994 174 687
202 3226 149 728
189 2934 164 691
194 3084 189 686
181 2900 150 722
164 2761 160 710
186 3136 151 715
163 2710 162 703
212 3169 150 700
171 2834 159 707
162 2641 161 705
223 3469 148 716
191 3222 157 692
182 2967 153 712
170 2807 150 725
198 3195 151 700
166 2810 150 724
200 3087 153 698
200 2916 161 688
177 2853 156 695
206 3146 150 702
188 3084 155 697
195 3168 152 698
207 3141 150 701
192 2951 155 708
183 2908 156 693
189 2856 160 694
189 3158 150 708
176 2803 159 707
175 2902 161 703
180 3059 155 706
195 2877 153 706
212 3169 150 700
180 2866 159 692
192 3029 151 701
188 3027 155 704
200 3260 150 701
212 3169 150 700
200 2958 155 704
179 2745 161 703
223 3475 148 716
185 3169 174 687
182 2710 161 705
174 2718 161 729
166 2720 166 703
209 3238 155 697
222 3439 151 704
203 3076 151 726
179 2922 172 698
214 3460 150 704
177 2905 160 707
195 3100 153 721
171 2951 165 715
197 3143 156 695
205 3045 162 688
188 2946 158 700
187 3097 155 711
188 2901 166 692
191 3186 157 695
174 2831 161 720
184 2978 164 694
174 2804 164 716
179 2860 162 716
192 3139 153 702
183 3091 154 714
186 3059 174 687
205 3033 156 695
185 3118 153 714
184 2867 157 720
185 2992 156 699
181 3062 160 695
182 2952 156 701
192 3101 153 703
221 3552 156 698
196 3110 155 720
194 3108 174 687
192 3240 153 714
185 3010 185 699
175 2815 175 712
209 3533 168 691
201 3292 156 700
199 3280 170 693
212 3106 154 709
189 3086 158 708
177 2886 168 707
196 3170 163 695
185 2946 173 701
202 3108 153 704
192 2832 161 711
190 2886 166 714
183 2960 156 711
186 2993 164 695
194 3108 174 687
229 3348 163 695
207 3406 156 706
206 3204 183 692
205 3269 153 718
184 2883 184 729
184 2883 184 729
182 2923 170 711
192 3051 170 698
217 3176 174 695
186 2967 158 729
196 3035 175 696
214 3330 164 696
190 3249 170 697
211 3157 179 695
205 3103 162 709
185 2894 183 728
195 3126 158 714
185 3122 158 721
201 3071 158 718
203 3318 155 708
196 3173 179 693
208 3381 156 706
202 3134 156 707
193 2884 162 711
184 2883 184 729
184 2883 184 729
251 3710 164 700
223 3412 155 709
217 3371 180 693
184 2903 184 729
198 3048 163 718
202 3374 173 707
222 3506 168 699
200 3249 158 716
193 3342 165 713
224 3596 187 697
215 3310 164 719
238 3815 166 720
224 3431 180 729
224 3433 171 722
224 3439 171 722
224 3439 171 722
224 3439 171 722
224 3439 171 722
194 2686 149 693
181 2586 145 698
179 2755 159 678
174 2782 148 710
174 2413 159 685
168 2647 148 713
162 2427 162 701
159 2563 152 697
177 2620 145 702
162 2493 149 704
174 2782 148 710
179 2466 157 688
160 2445 160 690
165 2480 150 695
189 2531 159 682
171 2662 153 679
165 2719 155 682
168 2647 148 713
184 2523 156 685
184 2521 160 684
182 2752 159 678
159 2433 154 700
171 2481 161 684
186 2554 159 681
169 2594 153 682
161 2442 154 698
182 2541 156 685
173 2737 152 683
167 2617 158 681
170 2684 160 678
181 2533 152 687
166 2554 151 688
171 2569 159 684
173 2737 152 683
168 2571 158 681
169 2420 159 685
164 2443 156 692
166 2553 157 685
167 2617 158 681
161 2553 150 699
168 2572 150 687
164 2673 152 693
162 2427 162 701
164 2561 155 687
176 2557 149 697
164 2561 155 687
164 2554 160 681
162 2493 149 704
162 2493 149 704
159 2563 152 697
167 2617 158 681
162 2493 149 704
159 2563 152 697
163 2551 155 691
169 2594 153 682
169 2525 155 688
165 2529 149 701
164 2582 153 684
176 2557 149 697
169 2563 149 699
166 2671 159 682
163 2551 155 691
161 2553 150 699
163 2551 155 691
163 2551 155 691
162 2493 149 704
159 2563 152 697
164 2582 153 684
166 2671 159 682
181 2533 152 687
159 2563 152 697
164 2673 152 693
161 2442 154 698
173 2737 152 683
173 2737 152 683
169 2563 149 699
168 2647 148 713
168 2647 148 713
168 2647 148 713
168 2647 148 713
168 2647 148 713
168 2647 148 713
168 2647 148 713
168 2647 148 713
167 2617 158 681
166 2671 159 682
163 2551 155 691
163 2551 155 691
162 2493 149 704
159 2563 152 697
159 2563 152 697
159 2563 152 697
159 2563 152 697
159 2563 152 697
159 2563 152 697
194 2710 149 693
187 2890 159 678
187 2890 159 678
182 2888 145 698
178 2413 159 685
168 2654 148 713
162 2441 162 700
159 2535 154 702
182 2888 145 698
173 2749 152 683
189 2776 145 698
161 2493 160 709
163 2517 154 708
176 2804 148 711
166 2509 149 704
186 2786 150 692
162 2482 160 690
180 2670 153 679
181 2536 152 687
168 2506 150 695
172 2693 151 690
162 2541 149 705
162 2441 162 700
194 2710 149 693
170 2823 160 680
167 2635 158 681
165 2474 160 698
167 2635 158 681
167 2589 153 684
169 2660 153 682
174 2538 155 692
159 2535 154 702
174 2610 149 699
175 2552 156 690
168 2559 159 691
162 2439 162 701
164 2584 155 687
162 2446 160 699
173 2540 157 689
176 2703 160 680
168 2506 150 695
194 2710 149 693
167 2517 150 695
170 2823 160 680
176 2618 151 691
169 2421 159 685
163 2563 155 691
181 2814 150 692
164 2584 155 687
166 2575 157 685
169 2421 159 685
165 2528 150 701
180 2703 145 702
171 2573 160 684
187 2890 159 678
175 2552 156 690
172 2622 159 682
165 2574 150 697
179 2575 151 688
182 2888 145 698
178 2413 159 685
170 2618 151 693
159 2535 154 702
173 2626 151 690
166 2699 155 685
167 2593 152 689
175 2554 155 688
159 2567 152 697
167 2570 160 689
170 2579 152 689
182 2797 150 692
170 2579 152 689
168 2622 151 692
171 2620 152 688
179 2575 151 688
165 2574 150 697
187 2890 159 678
179 2575 151 688
179 2575 151 688
179 2575 151 688
178 2413 159 685
176 2703 160 680
170 2618 151 693
166 2542 149 701
178 2413 159 685
176 2703 160 680
167 2589 153 684
182 2888 145 698
174 2538 155 692
171 2620 152 688
170 2618 151 693
162 2441 162 700
194 2710 149 693
187 2890 159 678
187 2890 159 678
187 2890 159 678
187 2890 159 678
187 2890 159 678
187 2890 159 678
182 2888 145 698
182 2888 145 698
182 2888 145 698
182 2888 145 698
182 2888 145 698
182 2888 145 698
182 2888 145 698
179 2575 151 688
179 2575 151 688
179 2575 151 688
179 2575 151 688
179 2575 151 688
179 2575 151 688
179 2575 151 688
178 2413 159 685
178 2413 159 685
171 2620 152 688
171 2620 152 688
171 2620 152 688
170 2823 160 680
170 2823 160 680
170 2618 151 693
170 2618 151 693
170 2618 151 693
170 2618 151 693
167 2635 158 681
167 2517 150 695
166 2575 157 685
162 2441 162 700
162 2441 162 700
162 2441 162 700
162 2441 162 700
159 2535 154 702
202 2787 151 688
187 2892 159 678
182 2900 145 698
180 2852 148 710
174 2435 159 685
162 2486 160 690
182 2875 145 702
189 2615 156 685
194 2726 149 693
179 2517 154 698
170 2832 160 680
180 2852 148 710
165 2676 152 697
169 2449 159 685
177 2666 149 700
173 2756 158 681
178 2635 153 686
172 2606 155 694
176 2690 151 691
167 2533 150 695
169 2724 155 682
181 2741 148 706
182 2803 150 692
169 2596 157 690
163 2609 155 695
166 2562 149 701
173 2696 158 684
170 2716 157 687
173 2752 152 683
179 2575 160 684
187 2807 145 706
180 2675 153 679
181 2741 148 706
180 2852 148 710
181 2561 152 687
194 2726 149 693
192 2808 145 702
192 2808 145 702
172 2654 155 687
177 2698 155 683
167 2645 159 691
168 2521 150 695
175 2681 152 688
180 2852 148 710
181 2741 148 706
168 2624 151 692
180 2675 153 679
168 2624 151 692
175 2716 157 685
181 2741 148 706
187 2807 145 706
180 2852 148 710
180 2852 148 710
206 2885 151 688
187 2895 159 678
187 2852 145 706
186 2919 145 698
178 2451 159 685
173 2468 160 693
162 2502 160 690
183 2678 153 679
166 2613 156 697
181 2742 148 706
186 2563 157 688
194 2903 145 702
175 2784 152 683
194 2732 149 693
170 2662 159 691
172 2493 159 685
181 2701 151 692
183 2574 155 694
171 2724 155 687
177 2724 159 682
173 2577 150 695
178 2686 152 688
174 2872 155 685
168 2544 152 699
178 2681 149 701
169 2533 155 695
176 2729 149 704
162 2502 160 690
170 2608 159 694
170 2757 150 697
176 2896 160 680
167 2554 152 702
176 2695 152 689
171 2656 151 693
182 2888 145 705
172 2649 150 696
182 2804 150 692
182 2804 150 692
186 2919 145 698
172 2649 150 696
167 2697 150 702
169 2753 150 700
169 2753 150 700
174 2557 150 695
182 2804 150 692
182 2804 150 692
169 2686 159 685
196 2739 155 684
191 3024 159 678
187 3174 148 707
181 2818 148 710
174 2552 160 689
173 2691 161 686
169 2637 160 697
173 2580 154 704
185 2807 158 689
180 2868 152 691
194 2750 149 699
176 2653 159 692
191 2917 153 682
186 2902 149 706
185 2889 155 681
170 2617 155 695
193 3023 159 679
191 2700 155 685
175 2577 150 695
175 2577 150 695
185 2850 159 682
196 2732 149 693
179 2713 155 694
178 2591 159 685
181 2757 160 684
183 2881 150 692
181 2964 160 680
178 2976 160 680
182 2912 155 685
195 2891 155 680
184 2753 160 680
181 2703 155 693
185 2889 155 681
211 2991 159 683
200 3207 148 714
189 2674 176 689
184 3032 160 680
174 2596 172 694
173 2641 159 695
194 3088 155 687
203 2856 148 710
182 2778 166 686
187 2893 150 707
175 2606 162 702
179 2701 152 701
182 2814 155 698
176 2910 155 710
191 2800 158 689
185 2956 160 683
195 3088 157 685
196 2890 152 693
183 2683 163 692
199 2746 150 696
202 2888 149 693
174 2846 165 689
195 3003 158 686
181 2797 162 688
180 2835 151 695
183 2851 161 687
185 2760 159 685
190 2942 150 692
187 2687 160 693
180 2856 159 688
183 2720 155 696
190 2942 150 692
180 2734 159 693
203 3012 150 700
202 3092 174 686
195 3057 150 692
179 2865 155 712
175 2874 161 710
175 2753 162 700
192 2797 167 688
184 2917 163 693
197 2970 150 705
189 2851 160 687
181 2786 155 710
182 2762 159 699
177 2833 159 695
195 2951 152 696
195 2950 150 706
183 2955 159 692
180 2874 155 699
192 2942 159 693
223 3555 157 692
198 3218 170 688
195 2951 150 706
192 2938 179 691
180 2901 160 710
180 2776 162 704
206 3409 161 692
216 3189 158 694
197 3021 167 695
202 3101 150 702
185 2780 160 699
183 2896 155 705
199 2843 160 697
195 2969 155 702
192 2950 157 700
195 2951 150 706
212 3132 193 693
195 2965 150 707
188 2790 160 699
186 2998 162 716
191 2957 155 711
193 2958 159 700
209 3096 159 725
197 2824 167 717
219 3105 168 723
