33901 300.009
141 2029 141 692
217 2180 217 649
150 2036 139 693
154 1804 150 675
150 2036 139 693
217 2180 217 649
205 2085 205 651
202 2131 202 651
173 1864 173 657
179 1927 178 655
193 1950 193 653
205 2085 205 651
145 1979 143 683
144 1984 144 677
187 2133 187 653
166 1934 166 657
193 1950 193 653
173 1864 173 657
190 2114 187 653
156 1905 156 664
179 1924 166 657
182 2023 175 655
167 1848 162 659
175 2123 175 655
177 2059 175 655
156 1862 156 666
143 2004 143 684
190 2037 190 653
151 1857 151 671
177 2059 175 655
142 2026 142 688
144 1950 140 685
162 1876 162 659
152 1838 151 667
187 2133 187 653
190 2114 187 653
159 1805 150 672
145 1850 144 673
156 1905 156 664
160 1827 160 662
182 2023 175 655
143 2011 142 689
160 1827 160 662
148 1955 143 683
141 2029 141 692
187 2133 187 653
157 1889 157 665
153 1852 150 669
145 1850 144 673
144 1989 143 683
192 2033 190 653
141 2029 141 692
190 2037 190 653
179 1927 178 655
146 1873 142 693
153 1971 139 693
143 2011 142 689
167 1834 162 661
144 2010 144 676
179 1924 166 657
193 1950 193 653
161 1950 161 660
161 1950 161 660
175 2123 175 655
151 1857 151 671
191 2035 190 653
154 1804 150 675
202 2131 202 651
143 2025 142 688
158 1872 157 662
158 1806 156 664
179 1927 178 655
202 2131 202 651
190 2037 190 653
154 1833 150 669
190 2114 187 653
150 1884 150 670
159 1805 150 672
157 1889 157 665
145 1850 144 673
144 1950 140 685
150 1884 150 670
162 1876 162 659
152 1809 150 672
157 1821 150 669
166 1934 166 657
160 1871 157 662
164 1846 162 661
152 1841 150 671
162 1854 162 661
154 1833 150 669
164 1861 162 659
148 1955 143 683
162 1854 162 661
144 1984 144 677
146 1873 142 693
154 1804 150 675
159 1805 150 672
156 1862 156 666
144 2010 144 676
167 1834 162 661
178 1954 178 655
154 1804 150 675
152 1824 151 670
144 1984 144 677
152 1838 151 667
162 1876 162 659
143 2004 143 684
152 1824 151 670
158 1806 156 664
157 1821 150 669
142 2026 142 688
192 2033 190 653
191 2035 190 653
143 2004 143 684
144 1973 143 684
159 1805 150 672
178 1954 178 655
191 2035 190 653
150 2036 139 693
164 1846 162 661
152 1841 150 671
145 1979 143 683
157 1889 157 665
144 1989 143 683
145 1850 144 673
177 2059 175 655
193 1950 193 653
160 1871 157 662
143 2011 142 689
143 2004 143 684
160 1871 157 662
141 2029 141 692
164 1861 162 659
152 1838 151 667
141 2029 141 692
152 1824 151 670
152 1809 150 672
179 1927 178 655
144 1973 143 684
167 1848 162 659
153 1852 150 669
187 2133 187 653
145 1850 144 673
153 1971 139 693
143 2025 142 688
158 1872 157 662
146 1873 142 693
154 1804 150 675
160 1871 157 662
161 1950 161 660
161 1950 161 660
160 1827 160 662
143 2011 142 689
217 2180 217 649
156 1862 156 666
173 1864 173 657
187 2133 187 653
167 1848 162 659
145 1979 143 683
156 1905 156 664
162 1876 162 659
187 2133 187 653
193 1950 193 653
205 2085 205 651
217 2180 217 649
191 2035 190 653
144 2010 144 676
141 2029 141 692
157 1889 157 665
156 1905 156 664
160 1871 157 662
