4469 59.9983
141 2020 141 692
152 1935 144 684
217 2277 217 649
141 2020 141 692
217 2277 217 649
206 2213 205 651
202 2242 202 651
193 2103 193 653
166 2073 166 657
195 2105 178 655
178 2107 178 655
161 2137 161 660
183 2181 175 655
145 1981 143 687
182 2068 181 655
157 2039 157 662
167 2068 166 657
202 2242 202 651
142 1985 142 689
162 2132 161 660
191 2189 190 653
187 2229 187 653
162 2050 162 659
187 2229 187 653
202 2242 202 651
173 2052 173 657
153 1939 150 683
187 2229 187 653
193 2103 193 653
164 1976 164 665
175 2060 170 657
172 2010 172 660
169 1968 145 680
151 1954 151 671
151 1940 151 674
162 2111 151 667
183 2181 175 655
157 1997 156 666
142 1985 142 689
160 1992 160 665
150 1956 148 678
155 1938 150 673
190 2198 190 653
153 1986 152 668
160 1999 156 664
159 2017 159 664
205 2218 205 651
175 2060 170 657
187 2229 187 653
164 2009 162 661
144 1957 144 681
175 2195 175 655
159 1959 159 668
171 1968 145 679
169 1968 145 680
144 2000 144 676
150 1952 149 676
182 2184 175 655
190 2198 190 653
175 2195 175 655
183 2065 181 655
190 2198 190 653
159 2017 159 664
147 1944 144 681
178 2107 178 655
145 2004 144 673
205 2218 205 651
178 2107 178 655
181 2191 175 655
143 2027 142 688
150 1956 148 678
166 2019 165 659
151 2006 150 669
162 2012 157 662
175 2060 170 657
206 2213 205 651
190 2198 190 653
150 1977 150 670
142 2029 142 688
153 1951 150 670
156 1967 156 669
165 2038 162 659
164 2009 162 661
145 2004 144 673
162 2111 151 667
143 1988 143 684
148 1969 145 679
173 2052 173 657
164 2009 162 661
149 1965 148 678
162 2030 162 661
155 1938 150 673
156 1979 156 667
153 1986 152 668
151 1940 151 674
166 2073 166 657
183 2065 181 655
206 2213 205 651
161 2137 161 660
182 2184 175 655
157 2039 157 662
175 2060 170 657
143 1988 143 684
147 1944 144 681
195 2105 178 655
164 2048 162 659
169 1968 145 680
157 1997 156 666
153 1939 150 683
156 1949 156 671
162 2012 157 662
161 1960 156 667
181 2191 175 655
162 2030 162 661
149 1942 149 679
149 1965 148 678
152 1935 144 684
159 1959 159 668
150 1952 149 676
191 2189 190 653
151 1954 151 671
150 1956 148 678
149 1942 149 679
144 1957 144 681
156 1979 156 667
148 1988 144 676
145 2004 144 673
152 2026 152 668
166 2019 165 659
171 1968 145 679
160 1998 160 662
147 2001 144 673
164 1976 164 665
172 2010 172 660
165 2038 162 659
160 1998 160 662
147 1944 144 681
159 2017 159 664
156 1949 156 671
162 2132 161 660
142 2006 141 692
149 1942 149 679
159 1963 156 667
162 2132 161 660
167 2068 166 657
162 2132 161 660
152 2026 152 668
148 1969 145 679
172 2010 172 660
145 1993 144 676
150 2008 150 669
159 1963 156 667
147 2001 144 673
164 2048 162 659
149 1965 148 678
150 1977 150 670
151 2006 150 669
149 1942 149 679
147 1944 144 681
195 2105 178 655
162 2050 162 659
159 1963 156 667
142 2029 142 688
153 1951 150 670
152 2026 152 668
157 1966 156 668
141 2020 141 692
160 1999 156 664
145 1993 144 676
144 2011 144 673
150 1950 150 673
159 1959 159 668
