85 0.0991142
270 4521 198 885
300 4428 238 982
268 4061 268 960
268 4061 268 960
300 4428 238 982
268 4683 268 938
270 4521 198 885
257 4141 240 977
285 4450 223 898
282 4469 262 958
257 4141 240 977
270 4521 198 885
278 4150 247 959
300 4428 238 982
268 4061 268 960
300 4428 238 982
257 4141 240 977
300 4428 238 982
282 4469 262 958
285 4450 223 898
257 4141 240 977
257 4141 240 977
285 4450 223 898
257 4141 240 977
278 4150 247 959
270 4521 198 885
278 4150 247 959
300 4428 238 982
300 4428 238 982
300 4428 238 982
278 4150 247 959
278 4150 247 959
278 4150 247 959
300 4428 238 982
278 4150 247 959
278 4150 247 959
300 4428 238 982
278 4150 247 959
300 4428 238 982
257 4141 240 977
278 4150 247 959
278 4150 247 959
300 4428 238 982
300 4428 238 982
278 4150 247 959
300 4428 238 982
257 4141 240 977
300 4428 238 982
257 4141 240 977
300 4428 238 982
257 4141 240 977
300 4428 238 982
300 4428 238 982
300 4428 238 982
300 4428 238 982
300 4428 238 982
278 4150 247 959
278 4150 247 959
300 4428 238 982
300 4428 238 982
278 4150 247 959
278 4150 247 959
278 4150 247 959
300 4428 238 982
278 4150 247 959
278 4150 247 959
268 4061 268 960
268 4061 268 960
268 4061 268 960
300 4428 238 982
278 4150 247 959
278 4150 247 959
300 4428 238 982
285 4450 223 898
300 4428 238 982
278 4150 247 959
300 4428 238 982
278 4150 247 959
278 4150 247 959
300 4428 238 982
278 4150 247 959
278 4150 247 959
300 4428 238 982
300 4428 238 982
278 4150 247 959
270 4521 198 885
278 4150 247 959
257 4141 240 977
257 4141 240 977
257 4141 240 977
285 4450 223 898
300 4428 238 982
257 4141 240 977
300 4428 238 982
268 4061 268 960
300 4428 238 982
278 4150 247 959
270 4521 198 885
257 4141 240 977
268 4061 268 960
300 4428 238 982
300 4428 238 982
278 4150 247 959
278 4150 247 959
268 4061 268 960
268 4061 268 960
268 4061 268 960
278 4150 247 959
300 4428 238 982
278 4150 247 959
300 4428 238 982
300 4428 238 982
278 4150 247 959
300 4428 238 982
300 4428 238 982
285 4450 223 898
300 4428 238 982
300 4428 238 982
257 4141 240 977
300 4428 238 982
257 4141 240 977
300 4428 238 982
257 4141 240 977
300 4428 238 982
278 4150 247 959
300 4428 238 982
300 4428 238 982
278 4150 247 959
