3104 195.578
224 2164 217 649
224 2164 217 649
181 2696 150 670
145 1961 144 689
144 2193 141 695
143 2212 141 696
142 2206 142 694
216 2108 209 651
152 2055 150 679
202 2245 202 651
196 2202 190 653
145 2151 142 693
224 2164 217 649
161 2254 152 668
199 2134 186 655
184 2568 178 655
158 2047 156 677
162 2397 157 662
182 2402 182 656
200 2141 197 653
145 2013 145 682
146 1990 146 683
171 2481 170 657
145 2129 143 690
197 2165 195 656
216 2102 189 655
208 2186 205 651
213 2274 170 657
220 2213 172 660
211 2150 190 653
178 2663 178 655
196 2343 166 657
147 2066 144 683
174 2121 174 663
188 2512 178 655
167 2142 161 666
149 2089 147 676
157 2184 157 669
172 2168 172 661
180 2266 176 660
169 2137 164 663
160 2138 149 675
184 2171 184 659
146 2039 146 681
173 2506 166 657
147 2068 146 678
151 2165 151 670
188 2308 177 658
160 2267 160 666
149 2089 147 676
206 2240 202 651
145 1964 145 685
181 2296 181 659
159 2160 159 670
145 1963 145 687
193 2228 193 653
150 2066 150 673
166 2379 157 664
180 2601 179 655
189 2192 188 656
184 2105 176 664
175 2300 164 662
173 2172 163 665
163 2197 152 668
205 2632 150 670
216 2128 205 651
182 2540 182 655
168 2431 156 667
165 2156 165 669
178 2436 173 658
182 2624 178 655
216 2108 209 651
168 2357 159 664
161 2027 156 677
177 2113 176 661
172 2538 162 661
192 2587 190 653
179 2456 166 657
146 1980 144 686
179 2311 169 660
161 2025 156 680
150 2082 150 671
190 2302 169 660
143 2212 141 696
144 1987 144 689
210 2326 165 659
181 2696 150 670
180 2601 179 655
213 2274 170 657
145 1964 145 685
183 2490 156 664
176 2589 162 659
168 2357 159 664
150 2082 150 671
221 2196 168 660
224 2164 217 649
186 2217 181 659
144 2116 144 682
146 2077 144 678
185 2386 185 655
200 2141 197 653
164 2232 160 663
188 2421 161 660
186 2653 175 655
142 2206 142 694
194 2654 150 670
209 2445 151 667
206 2449 162 659
187 2644 187 653
223 2225 162 659
149 2166 144 674
161 2025 156 680
145 2129 143 690
217 2172 217 649
157 2184 157 669
150 2066 150 673
160 2138 149 675
188 2330 160 662
201 2096 194 653
185 2386 185 655
222 2454 187 653
201 2096 194 653
194 2178 177 657
163 2179 163 665
170 2178 157 665
146 2039 146 681
220 2495 187 653
190 2243 175 655
203 2131 174 657
145 1985 144 686
193 2228 193 653
207 2213 202 651
202 2160 162 662
175 2115 174 663
187 2644 187 653
192 2587 190 653
209 2445 151 667
221 2196 168 660
210 2326 165 659
189 2192 188 656
178 2436 173 658
144 2193 141 695
144 2170 144 674
145 1963 145 687
200 2287 166 657
223 2225 162 659
211 2279 162 659
199 2239 182 655
179 2631 161 660
158 2047 156 677
216 2128 205 651
166 2379 157 664
209 2120 209 651
203 2110 182 655
171 2157 156 669
220 2495 187 653
144 1987 144 689
188 2421 161 660
217 2172 217 649
170 2178 157 665
145 1961 144 689
178 2663 178 655
224 2164 217 649
209 2148 202 651
211 2279 162 659
173 2327 165 660
216 2108 209 651
216 2108 209 651
209 2148 202 651
145 1961 144 689
224 2164 217 649
224 2164 217 649
224 2164 217 649
224 2164 217 649
224 2164 217 649
224 2164 217 649
224 2164 217 649
224 2164 217 649
224 2164 217 649
224 2164 217 649
224 2164 217 649
224 2164 217 649
224 2164 217 649
224 2164 217 649
224 2164 217 649
224 2164 217 649
224 2164 217 649
224 2164 217 649
224 2164 217 649
224 2164 217 649
224 2164 217 649
217 2172 217 649
260 2880 181 659
224 2170 217 649
219 3414 201 675
216 2110 209 651
198 2603 145 687
227 3136 150 683
232 3357 158 679
229 3145 161 681
250 3297 180 663
208 3236 186 676
243 2892 181 660
236 2780 200 672
206 3196 193 677
222 2219 217 649
246 2871 174 668
240 2284 208 668
247 2448 195 659
239 2317 205 656
230 2818 189 657
246 2707 202 662
246 2735 190 669
247 2630 201 653
254 2890 182 656
259 2827 196 656
223 2361 208 653
252 2889 202 651
258 2341 201 653
252 2376 181 662
248 2869 192 656
224 2170 217 649
237 2870 190 653
224 2170 217 649
308 3744 183 675
260 2878 180 681
226 2194 217 649
225 2181 216 656
218 3401 193 677
235 3660 194 673
286 3322 184 672
247 2556 208 655
273 2936 188 662
223 2194 209 651
224 2216 217 649
280 3495 185 671
282 3434 205 651
250 3082 198 671
252 2807 200 659
243 2630 208 656
269 2745 204 654
262 2815 193 664
255 2812 196 667
266 3036 186 663
261 2675 202 662
268 2793 196 670
264 3186 193 657
220 3380 193 677
256 3247 195 657
268 2983 186 661
252 2578 204 661
273 2888 197 653
263 2796 203 657
255 2788 207 657
257 2870 196 656
273 2879 201 653
225 2215 217 649
314 3627 202 659
286 3397 187 672
226 2208 217 649
226 2207 216 653
222 3436 193 677
308 3349 187 661
253 2625 208 665
243 2328 209 654
294 3356 198 662
235 2336 215 652
280 3055 208 653
266 2920 203 656
273 3043 193 668
252 2830 202 662
270 2851 196 667
236 2390 209 658
276 2934 197 663
272 2858 205 656
235 2544 209 651
274 2993 204 654
238 2346 209 651
269 2964 207 654
323 3906 187 675
321 4221 194 666
228 2231 217 649
267 3360 207 660
238 2414 209 651
235 2505 215 654
289 3287 205 654
270 2877 198 673
278 2830 202 666
285 3193 204 655
238 2390 209 658
281 3095 207 664
289 3236 194 670
230 2291 216 653
281 3357 201 664
287 2945 196 667
275 2951 196 667
275 2951 196 667
236 2392 209 658
275 2951 196 667
275 2951 196 667
238 2390 209 658
275 2951 196 667
275 2951 196 667
343 4060 187 675
332 4144 187 675
238 2244 217 649
229 2248 217 649
293 3507 206 666
303 3266 195 670
275 3016 196 667
286 3336 208 659
258 2472 209 651
241 2693 216 652
241 2463 210 657
242 2565 215 654
246 2447 216 653
232 2294 216 656
238 2408 209 658
242 2495 215 655
243 2551 209 651
241 2598 215 656
311 3468 196 667
296 3350 196 668
290 3112 201 675
235 2248 217 649
230 2273 217 649
291 3270 202 670
255 2488 209 658
255 2465 210 657
248 2558 216 653
241 2695 216 652
243 2504 209 658
243 2563 209 651
233 2267 217 649
333 3462 202 670
320 4112 202 670
301 3684 205 674
239 2269 217 649
231 2304 217 649
262 2593 210 657
247 2575 209 658
250 2778 209 651
245 2621 216 651
234 2272 217 652
278 2920 209 651
261 3101 209 651
257 2592 209 662
250 2956 209 662
237 2285 217 660
234 2313 217 649
232 2366 217 649
255 2636 216 656
274 2927 210 660
250 2745 216 653
269 2969 209 658
258 2954 216 652
272 2708 216 653
233 2329 217 649
282 3197 209 651
278 2839 209 665
250 2752 216 666
242 2355 217 649
237 2374 224 650
234 2406 217 649
272 3102 214 660
264 3135 212 655
258 2743 216 666
255 2813 216 653
266 2779 216 653
238 2401 217 649
311 3551 209 651
285 3370 209 668
243 2404 217 649
239 2416 217 649
271 3262 212 655
262 2860 216 653
292 3461 210 668
245 2453 217 649
239 2512 217 660
263 2931 216 653
273 3302 212 655
241 2454 217 649
278 3000 216 653
274 3349 212 655
243 2468 217 649
239 2534 217 660
276 3266 216 654
242 2473 217 649
276 3407 212 655
247 2508 217 649
244 2481 217 662
243 2530 217 660
243 2530 217 660
243 2530 217 660
243 2530 217 660
253 2528 217 649
252 2711 217 649
247 2583 223 652
243 2532 217 663
243 2536 217 660
260 2670 217 649
259 2672 217 649
256 2678 217 652
255 2704 217 649
253 2816 217 649
243 2551 217 660
272 2753 217 649
260 2744 224 650
259 2801 217 649
245 2552 217 660
269 2785 217 649
277 2821 224 650
261 2884 217 649
254 2567 217 660
247 2598 232 673
253 2676 217 660
268 2906 224 650
262 2935 217 649
261 2827 223 678
261 2738 232 662
257 2835 217 660
275 2928 217 660
271 2955 217 649
269 2908 229 663
265 3053 217 660
283 2955 224 650
274 2987 217 649
271 3003 217 649
282 3059 217 649
274 3132 224 650
284 3076 217 649
300 3173 224 661
295 3295 217 655
284 3175 231 666
319 3769 222 659
298 3327 217 663
224 2194 217 649
224 2194 217 649
181 2696 150 670
145 1960 144 689
143 2212 141 696
143 2212 141 696
142 2206 142 694
216 2116 209 651
200 2141 197 653
224 2194 217 649
206 2240 202 651
157 2184 157 669
166 2379 157 664
196 2343 166 657
152 2055 150 679
182 2540 182 655
146 2124 143 690
161 2027 156 677
216 2108 207 657
186 2129 168 667
203 2229 174 657
217 2200 217 649
209 2126 209 651
180 2601 179 655
224 2194 217 649
188 2421 161 660
146 2039 146 681
147 2098 147 676
168 2357 159 664
149 2089 147 676
164 2232 160 663
147 2068 146 678
163 2197 152 668
215 2157 205 651
145 2151 142 693
146 1990 146 683
178 2663 178 655
187 2644 187 653
182 2624 178 655
162 2397 157 662
165 2156 165 669
192 2587 190 653
145 2013 145 682
202 2245 202 651
160 2138 149 675
184 2568 178 655
161 2025 156 680
159 2310 159 668
198 2163 186 658
213 2274 170 657
208 2186 205 651
161 2254 152 668
145 2151 142 693
170 2178 157 665
172 2538 162 661
181 2296 181 659
178 2436 173 658
175 2503 162 661
169 2132 161 666
147 2066 144 683
150 2066 150 673
181 2696 150 670
188 2512 178 655
188 2330 160 662
150 2082 150 671
176 2589 162 659
171 2481 170 657
188 2308 177 658
193 2228 193 653
190 2302 169 660
180 2430 156 665
205 2632 150 670
145 1984 144 686
194 2654 150 670
173 2506 166 657
209 2445 151 667
184 2171 184 659
172 2168 172 661
145 1962 145 687
150 2082 150 671
145 1964 145 685
200 2123 186 655
151 2165 151 670
197 2165 195 656
160 2138 149 675
144 2193 143 690
189 2324 162 659
202 2227 187 653
190 2243 175 655
145 1964 145 685
145 1962 145 687
207 2213 202 651
179 2311 169 660
158 2047 156 677
152 2055 150 679
193 2287 173 657
168 2500 165 660
166 2379 157 664
172 2128 172 664
189 2192 188 656
224 2194 217 649
145 1960 144 689
213 2274 170 657
187 2644 187 653
173 2327 165 660
184 2262 180 658
185 2386 185 655
146 2077 144 678
142 2206 142 694
184 2105 176 664
197 2165 195 656
192 2587 190 653
160 2267 160 666
145 2013 145 682
149 2166 144 674
211 2252 162 659
201 2173 182 655
216 2110 189 655
169 2137 164 663
185 2386 185 655
178 2459 162 659
211 2252 162 659
182 2402 182 656
205 2201 205 651
182 2112 176 664
169 2137 164 663
179 2456 166 657
184 2171 184 659
210 2168 205 651
201 2111 194 653
201 2111 194 653
194 2193 190 653
189 2192 188 656
163 2179 163 665
183 2490 156 664
209 2445 151 667
144 2170 144 674
200 2287 166 657
183 2490 156 664
171 2481 170 657
184 2262 180 658
161 2025 156 680
158 2047 156 677
150 2066 150 673
145 1960 144 689
144 2193 141 695
144 2193 141 695
144 2055 144 686
163 2179 163 665
168 2357 159 664
209 2178 202 651
144 1986 144 689
217 2200 217 649
216 2110 189 655
201 2185 193 653
188 2308 177 658
145 1960 144 689
215 2157 205 651
224 2194 217 649
144 1986 144 689
224 2194 217 649
224 2194 217 649
224 2194 217 649
224 2194 217 649
224 2194 217 649
224 2194 217 649
224 2194 217 649
224 2194 217 649
224 2194 217 649
224 2194 217 649
224 2194 217 649
224 2194 217 649
224 2194 217 649
224 2194 217 649
224 2194 217 649
224 2194 217 649
224 2194 217 649
224 2194 217 649
224 2194 217 649
224 2194 217 649
224 2194 217 649
224 2194 217 649
224 2194 217 649
145 1960 144 689
145 1960 144 689
145 1960 144 689
145 1960 144 689
270 3080 165 671
237 3143 158 673
225 2210 217 649
149 2006 144 689
180 2488 157 684
156 2132 156 687
210 2496 175 674
218 2592 181 662
226 2923 150 680
260 3017 180 658
235 2444 204 654
223 2188 215 655
211 2983 152 683
230 2876 194 656
233 2285 208 653
268 2882 202 651
233 2542 197 669
210 2659 173 677
250 3016 172 659
236 2268 209 651
245 2690 172 668
249 2526 199 661
215 2764 173 671
243 2781 178 661
235 3091 159 675
239 2836 174 665
216 2915 153 676
245 2767 174 665
235 3007 168 668
236 2581 190 653
240 2835 205 651
236 2581 190 653
225 2254 216 653
224 2228 217 649
216 3082 167 673
243 3119 156 675
231 2518 203 659
245 2584 205 651
316 3884 185 658
224 2254 217 649
155 2141 144 689
214 2567 156 687
266 3640 150 686
279 3343 197 653
274 3248 162 676
245 3370 166 678
223 2948 166 679
235 2784 188 664
251 2445 212 652
263 3329 150 688
224 2255 215 655
238 2844 192 655
238 2436 216 651
239 3056 169 673
245 2719 201 659
238 3100 168 671
245 3015 175 667
272 3211 177 662
245 2490 207 657
223 2594 184 666
239 2581 208 669
260 3214 180 661
220 2765 174 673
243 2663 215 653
242 2629 203 658
218 3082 186 672
246 2713 209 654
260 2567 207 654
247 2628 205 651
216 2936 185 673
267 3063 187 661
238 2876 181 662
238 2876 181 662
246 2830 174 665
248 2781 174 665
296 3532 165 677
281 3680 169 684
237 2267 217 649
237 2259 215 655
202 2746 144 689
166 2283 156 696
201 2426 158 692
221 2939 174 673
274 3040 182 668
294 3572 195 658
266 3380 192 659
256 3295 171 676
244 3118 170 680
226 2826 156 687
274 2574 212 652
246 2884 194 663
250 2692 205 651
233 2317 215 655
262 2922 187 662
242 2598 199 668
227 2871 189 671
223 2925 174 676
244 2751 211 659
253 2876 185 670
270 2924 204 655
270 3173 192 659
238 3198 186 672
255 2679 211 654
238 2891 196 660
250 2615 211 657
230 2275 217 649
228 3123 198 670
248 2707 215 653
247 2703 214 657
242 2892 211 656
231 3176 187 670
239 3123 186 672
306 3210 203 659
285 3769 162 700
238 2283 217 649
237 2297 217 649
219 2874 158 706
187 2428 159 715
223 2728 165 710
228 2936 189 689
265 3544 216 659
286 2781 205 651
243 3083 181 673
226 2971 174 676
259 3323 170 680
244 3245 205 667
253 3096 199 665
259 3323 170 680
274 3366 192 659
255 3136 196 670
225 2962 185 676
279 3253 209 651
230 2302 217 649
272 2912 212 655
268 3062 215 653
274 2941 187 662
271 3206 208 659
273 2984 211 654
258 2984 202 660
257 3130 214 664
268 2860 209 659
228 3125 198 670
227 2921 197 672
274 3366 192 659
274 3084 212 652
296 3452 190 662
286 3648 188 662
266 3391 171 685
231 2313 217 649
231 2303 224 650
228 3057 172 709
270 2907 214 665
241 3038 174 690
236 3131 174 676
261 3259 206 663
253 3386 186 674
287 3366 203 665
294 3006 209 651
283 3213 193 668
278 3154 195 674
255 3327 214 666
254 2966 212 677
281 3139 215 655
238 2996 199 677
247 3134 208 671
229 3132 198 679
268 3063 208 660
274 3383 215 658
294 3291 197 664
274 3367 192 659
249 3194 190 673
231 3185 198 670
250 3147 198 670
303 3410 172 694
302 3794 180 686
242 2323 217 649
231 2428 217 649
252 3135 196 678
301 3548 209 654
258 3314 191 675
256 3170 203 672
282 3412 215 657
268 3621 212 663
251 3202 181 677
278 3213 210 665
276 3398 192 659
268 3184 181 677
277 3136 212 662
279 3370 192 659
324 3234 208 680
276 3718 192 687
272 3252 214 708
268 3451 188 696
246 2328 217 649
245 2334 217 649
240 2494 217 649
240 2477 232 662
311 3423 213 676
286 3210 216 667
275 3555 199 675
294 3282 214 675
321 3698 215 655
280 3430 208 667
286 3233 215 666
282 3218 216 678
242 2440 217 649
241 2448 217 649
320 3823 216 680
299 4228 194 692
286 3524 201 696
249 2424 217 649
242 2553 217 649
300 3497 212 691
253 2469 217 649
245 2819 222 660
250 2492 217 649
254 2618 217 649
252 2634 217 649
265 2676 223 655
257 2687 217 649
255 2651 217 660
252 2861 220 668
254 2727 217 649
267 2777 217 649
264 2684 217 662
259 2830 217 660
257 2694 223 657
265 2802 222 656
272 2853 217 652
269 2957 217 649
269 2790 223 661
267 3061 217 649
267 2941 223 658
268 3037 217 649
271 2964 217 652
270 3044 217 649
268 3053 217 649
268 3053 217 649
287 3408 217 649
279 3040 223 657
274 3027 217 665
271 3033 217 669
274 3100 222 656
322 3607 218 684
300 3627 221 660
299 3702 222 661
281 3352 228 684
273 3147 226 699
289 3244 221 683
224 2194 217 649
224 2194 217 649
181 2696 150 670
145 1960 144 689
143 2212 141 696
143 2212 141 696
142 2206 142 694
184 2568 178 655
217 2200 217 649
200 2141 197 653
216 2124 209 651
208 2186 205 651
191 2383 156 666
172 2538 162 661
162 2397 157 662
169 2182 152 668
152 2055 150 679
175 2503 162 661
205 2201 205 651
202 2245 202 651
217 2200 217 649
224 2194 217 649
178 2663 178 655
149 2089 147 676
197 2165 195 656
145 2129 143 690
188 2421 161 660
164 2232 160 663
159 2310 159 668
169 2137 164 663
196 2343 166 657
209 2160 209 651
145 2151 142 693
193 2228 193 653
187 2644 187 653
190 2302 169 660
168 2357 159 664
203 2229 174 657
150 2082 150 671
160 2138 149 675
166 2379 157 664
161 2025 156 680
200 2287 166 657
178 2436 173 658
157 2184 157 669
173 2327 165 660
181 2296 181 659
171 2481 170 657
151 2165 151 670
203 2128 189 655
180 2601 179 655
209 2445 151 667
146 1984 146 683
198 2234 185 655
160 2267 160 666
145 1963 145 687
202 2245 202 651
182 2402 182 656
212 2233 187 653
165 2156 165 669
149 1997 145 682
172 2128 172 664
192 2587 190 653
179 2631 161 660
145 2013 145 682
185 2386 185 655
142 2206 142 694
147 2068 146 678
201 2118 192 659
186 2129 168 667
157 2184 157 669
146 1971 144 686
177 2511 162 659
179 2311 169 660
194 2471 151 667
146 2039 146 681
213 2274 170 657
150 2059 150 677
194 2268 174 657
147 2098 147 676
158 2047 156 677
190 2243 175 655
181 2696 150 670
168 2431 156 667
147 1970 145 685
146 1973 145 684
184 2171 184 659
188 2330 160 662
152 2002 146 681
146 2124 143 690
224 2194 217 649
207 2191 202 651
150 2066 150 673
145 1960 144 689
180 2601 179 655
211 2184 190 653
150 2082 150 671
145 2174 141 695
144 2170 144 674
182 2624 178 655
182 2540 182 655
177 2394 177 658
161 2027 156 677
146 2077 144 678
200 2141 197 653
170 2178 157 665
170 2178 157 665
152 2055 150 679
186 2129 168 667
182 2402 182 656
194 2654 150 670
193 2287 173 657
161 2254 152 668
145 1960 144 689
144 2193 141 695
146 1973 145 684
206 2240 202 651
182 2112 176 664
145 1981 145 685
160 2138 149 675
179 2456 166 657
173 2506 166 657
193 2228 193 653
145 2151 142 693
201 2118 192 659
188 2308 177 658
176 2302 176 660
149 2089 147 676
215 2131 186 655
199 2134 186 655
176 2589 162 659
168 2357 159 664
196 2202 190 653
194 2276 190 653
150 2066 150 673
145 1963 145 687
183 2490 156 664
166 2379 157 664
201 2108 194 653
199 2136 182 655
165 2156 165 669
177 2511 162 659
149 2166 144 674
197 2476 156 664
184 2105 176 664
214 2165 205 651
198 2482 150 670
211 2184 190 653
184 2262 180 658
188 2308 177 658
161 2025 156 680
147 2066 144 683
183 2490 156 664
146 1971 144 686
144 2116 144 682
184 2262 180 658
207 2191 202 651
201 2108 194 653
149 1997 145 682
215 2159 205 651
207 2191 202 651
194 2654 150 670
194 2442 162 659
147 2098 147 676
216 2124 209 651
161 2254 152 668
224 2194 217 649
209 2173 202 651
145 1963 145 687
224 2194 217 649
224 2194 217 649
224 2194 217 649
224 2194 217 649
224 2194 217 649
224 2194 217 649
224 2194 217 649
224 2194 217 649
224 2194 217 649
224 2194 217 649
207 2191 202 651
146 1971 144 686
145 1963 145 687
145 1960 144 689
145 1960 144 689
308 3948 159 669
224 2200 217 649
156 2077 144 689
156 2077 144 689
146 1974 145 687
178 2317 159 681
193 2655 166 676
272 3596 169 663
177 2427 150 683
169 2409 157 685
265 3360 202 651
281 2769 167 663
218 2769 192 664
202 2828 156 677
236 2369 216 652
249 3267 154 678
250 3176 171 667
244 2619 196 657
246 2484 185 655
241 2682 187 658
248 2553 204 654
236 2421 209 651
241 3491 179 671
276 3081 193 653
227 3003 174 672
256 2933 178 670
244 2745 181 660
229 2967 157 673
260 2888 208 653
260 3122 177 662
194 2716 158 679
269 2835 167 665
247 3440 176 666
220 2615 169 679
226 2252 209 654
258 2960 172 666
244 3472 182 658
263 2632 175 673
224 2200 217 649
229 2438 181 662
275 2807 167 663
250 2848 182 655
223 2707 158 679
319 3639 167 663
305 3672 175 665
224 2201 217 649
174 2152 144 689
152 2107 152 687
237 2353 210 657
188 2455 145 687
308 3357 179 666
298 3146 160 675
204 2883 157 682
281 2784 165 679
290 3137 197 653
242 2540 209 651
206 2837 156 682
254 2637 192 655
264 3032 179 671
271 2833 180 673
245 3074 186 665
262 3329 163 677
178 2457 150 683
262 3257 176 674
233 2891 169 676
239 2979 182 669
264 2788 205 654
222 2901 166 676
237 2910 197 672
244 2746 201 663
178 2457 150 683
230 2784 214 661
263 3334 176 667
247 2896 184 660
251 2687 181 664
239 2655 184 669
261 2629 181 662
249 2557 199 664
257 2606 185 655
241 2752 199 661
237 2556 215 654
246 2641 185 655
248 2894 157 679
302 3957 162 679
234 2214 217 649
225 2217 217 649
179 2248 144 689
279 2942 174 678
258 3316 167 679
241 2754 189 672
190 2545 150 686
242 2502 216 667
207 2782 145 687
247 2933 192 657
251 2670 202 659
197 2697 175 683
226 3222 170 678
251 2960 184 665
204 2590 159 684
230 2909 168 681
260 3160 153 684
223 2925 162 683
264 2694 185 655
205 3004 165 683
262 2640 214 656
251 3111 181 667
243 2792 206 661
256 3080 156 683
261 2632 181 662
243 2904 209 652
260 2859 209 654
252 2662 209 662
256 2911 185 658
259 2720 208 655
248 2756 216 653
252 2669 189 662
250 2616 216 651
256 2612 216 653
251 2782 204 655
260 2998 209 651
259 2735 189 655
308 3960 166 683
234 2246 217 649
231 2235 224 650
184 2472 144 689
179 2550 144 689
213 3341 160 685
264 2980 216 651
192 2776 152 686
259 3267 187 677
238 2808 177 684
258 2958 194 681
248 2818 209 665
227 2260 217 649
261 2638 181 662
260 3045 196 655
228 2726 156 687
256 3141 196 658
252 3292 185 672
249 2812 206 671
253 3005 194 666
264 2695 185 655
260 2708 209 670
250 2975 195 660
250 2801 208 663
261 2998 196 657
252 2802 208 658
264 2695 185 655
317 3275 185 655
315 3692 196 655
238 2267 217 660
233 2570 177 704
232 2328 217 649
194 2619 144 689
204 2850 152 687
283 3339 188 660
248 3042 213 674
252 2818 207 680
290 3073 196 657
253 2841 208 663
259 2835 207 672
268 2875 204 655
261 2648 181 662
274 3156 196 657
264 2732 185 661
285 2949 185 658
279 2896 197 659
288 3049 200 655
265 2881 201 655
309 3626 196 657
232 2343 217 649
212 3175 144 689
264 2648 203 673
245 3019 204 688
262 2659 181 662
290 3205 185 661
307 3424 200 658
261 2670 181 666
268 3156 208 656
292 2957 214 657
261 2773 181 662
290 3329 207 656
295 3166 194 660
266 3108 207 660
268 3288 161 693
248 3376 151 690
243 2380 217 649
234 2386 217 649
233 2357 217 660
230 3493 151 690
262 2674 181 662
268 3219 208 656
262 2674 181 662
268 3219 208 656
262 2674 181 662
284 3299 208 659
248 3598 152 698
241 2400 217 649
235 2422 217 649
262 2684 181 662
269 3335 208 656
263 2699 181 662
262 3196 208 665
262 2700 185 668
237 2448 217 649
235 2573 217 649
268 2700 181 668
264 2715 181 662
252 2451 217 649
237 2465 217 649
281 2894 190 671
279 2942 181 662
274 3378 181 675
267 3322 199 676
252 2462 217 649
243 2494 217 649
267 2771 205 662
265 2914 215 666
270 2989 199 669
276 3195 187 664
272 2918 187 676
292 3090 182 669
291 3283 181 672
281 3416 195 670
267 2830 208 673
256 2471 217 649
252 2551 225 665
245 2776 217 649
285 3339 181 662
278 3154 209 664
287 3294 196 667
281 3296 206 662
270 2929 207 669
269 3019 207 670
275 3089 208 665
267 2873 209 665
304 3497 196 663
299 3692 186 668
262 2646 217 649
259 2683 226 672
248 2912 222 656
276 3019 209 667
275 3119 209 665
260 2792 217 649
268 2986 214 667
346 4443 186 668
275 3217 217 649
271 2940 222 657
257 3034 231 677
284 3171 223 652
275 3045 221 662
273 3270 229 660
224 2171 217 649
224 2171 217 649
181 2696 150 670
145 1960 144 689
143 2212 141 696
143 2212 141 696
142 2206 142 694
216 2108 209 651
209 2115 209 651
224 2171 217 649
197 2165 195 656
166 2379 157 664
157 2184 157 669
145 1963 145 687
202 2245 202 651
161 2025 156 680
152 2055 150 679
146 2124 143 690
146 2039 146 681
178 2663 178 655
163 2179 163 665
200 2141 197 653
168 2500 165 660
199 2134 186 655
182 2402 182 656
193 2228 193 653
219 2141 205 651
186 2129 168 667
184 2568 178 655
161 2254 152 668
163 2197 152 668
172 2538 162 661
214 2146 181 657
173 2327 165 660
149 2089 147 676
190 2243 175 655
188 2308 177 658
196 2343 166 657
196 2202 190 653
145 2151 142 693
144 2012 144 686
177 2511 162 659
205 2632 150 670
145 1988 145 684
172 2128 172 664
187 2644 187 653
178 2436 173 658
169 2132 161 666
147 2098 147 676
188 2421 161 660
192 2587 190 653
171 2481 170 657
185 2386 185 655
166 2123 159 670
160 2267 160 666
150 2082 150 671
168 2357 159 664
175 2115 174 663
193 2287 173 657
194 2654 150 670
218 2158 193 653
211 2143 205 651
152 2055 150 679
181 2696 150 670
180 2601 179 655
171 2481 170 657
212 2233 187 653
203 2229 174 657
147 1970 145 685
202 2245 202 651
176 2302 176 660
145 2151 142 693
182 2540 182 655
160 2138 149 675
150 2066 150 673
218 2158 193 653
183 2277 162 659
159 2310 159 668
147 2068 146 678
161 2025 156 680
160 2138 149 675
173 2506 166 657
209 2445 151 667
162 2397 157 662
150 2059 150 677
199 2239 182 655
146 1971 144 686
178 2459 162 659
179 2311 169 660
170 2178 157 665
164 2232 160 663
158 2047 156 677
162 2397 157 662
176 2589 162 659
194 2205 180 657
188 2330 160 662
222 2155 193 653
145 1960 144 689
208 2194 166 657
180 2601 179 655
175 2503 162 661
200 2141 197 653
184 2171 184 659
182 2624 178 655
161 2027 156 677
146 2077 144 678
157 2184 157 669
189 2192 188 656
186 2653 175 655
184 2105 176 664
180 2266 176 660
145 2013 145 682
151 2165 151 670
159 2160 159 670
221 2158 178 655
201 2112 162 659
149 2166 144 674
144 1986 144 689
145 2129 143 690
144 2193 141 695
147 1980 146 683
147 1970 145 685
144 2193 141 695
142 2206 142 694
201 2092 194 653
185 2236 181 659
219 2139 166 657
144 2116 144 682
205 2201 205 651
150 2082 150 671
216 2108 209 651
164 2232 160 663
146 1981 146 683
190 2243 175 655
219 2139 166 657
192 2587 190 653
189 2192 188 656
201 2112 162 659
209 2445 151 667
146 1971 144 686
224 2171 217 649
150 2066 150 673
145 1988 145 684
179 2631 161 660
144 2170 144 674
217 2178 217 649
168 2431 156 667
179 2456 166 657
172 2168 172 661
210 2162 202 651
201 2092 194 653
222 2155 193 653
210 2164 190 653
221 2158 178 655
208 2170 182 655
179 2311 169 660
211 2191 178 655
217 2178 217 649
145 1960 144 689
224 2171 217 649
211 2191 178 655
144 1986 144 689
145 1960 144 689
219 2139 166 657
224 2171 217 649
224 2171 217 649
224 2171 217 649
224 2171 217 649
224 2171 217 649
224 2171 217 649
224 2171 217 649
224 2171 217 649
224 2171 217 649
224 2171 217 649
224 2171 217 649
224 2171 217 649
224 2171 217 649
224 2171 217 649
224 2171 217 649
145 1960 144 689
145 1960 144 689
145 1960 144 689
145 1960 144 689
300 3784 202 651
224 2189 217 649
224 2180 205 651
158 2190 144 689
286 3139 163 668
239 2909 154 684
237 2425 190 653
243 3294 150 677
211 2557 156 672
212 2666 206 666
186 2467 152 687
223 2243 173 657
232 3334 150 677
196 2251 164 678
223 2253 164 663
289 3143 162 667
225 2251 166 657
231 2225 197 653
219 2235 217 649
284 3104 164 664
282 3579 155 677
224 2194 217 649
166 2286 144 689
163 2213 148 695
220 2238 217 649
251 2890 201 653
221 2723 179 673
229 2681 185 664
237 3231 159 675
225 2536 215 661
237 2274 166 657
255 3211 164 664
224 2741 188 663
239 3070 164 681
233 2308 209 651
230 2814 164 685
231 2960 164 683
243 2287 204 653
229 2246 215 655
242 2330 205 651
230 2371 205 651
222 3085 162 675
220 2739 181 673
228 2227 216 656
284 3104 164 664
284 3104 164 664
282 3328 166 663
265 3430 164 692
230 2239 217 649
167 2214 154 697
196 2640 167 695
218 2998 187 690
238 3128 169 680
237 3131 179 663
231 2813 183 678
257 3105 174 658
238 2611 192 670
243 2904 188 676
243 2472 214 654
244 2378 205 651
270 2663 188 668
240 2293 203 660
257 3033 170 672
241 2475 209 651
227 2696 188 693
220 2251 217 649
241 2628 199 664
245 2671 196 657
244 2546 189 658
239 2759 209 661
246 2971 171 670
236 2419 215 655
246 2825 180 668
260 2709 167 662
235 2298 216 666
251 2984 171 663
229 2450 216 666
239 3124 170 672
240 2652 196 664
247 2387 189 658
233 2882 207 664
259 2823 187 658
233 2882 207 664
233 2882 207 664
287 3288 202 657
286 3430 187 659
232 2292 217 649
185 2454 155 698
225 2334 217 655
274 3170 168 678
227 2700 188 693
233 2886 207 664
252 3280 176 683
244 3068 194 668
262 3204 172 675
265 3133 175 689
285 3085 178 680
266 2587 197 667
256 2443 214 678
259 2842 216 653
247 2755 196 666
261 2610 201 658
245 2792 191 665
257 2563 202 660
240 2490 215 655
239 3161 188 674
258 3368 178 677
255 3336 181 668
245 2570 208 654
231 2464 216 669
239 3163 182 687
281 3192 178 661
233 2876 183 678
247 3158 201 661
231 2297 217 649
261 3080 183 665
231 2297 217 649
293 3459 183 674
286 3527 194 660
245 2294 217 649
242 2697 164 715
218 3086 165 701
270 3269 177 687
231 2315 217 649
273 3305 190 669
231 3067 181 706
251 2803 200 668
260 2590 215 674
255 2604 210 657
282 2658 204 658
277 3107 182 699
283 3219 216 653
237 2956 183 678
235 2882 205 690
285 3518 185 662
269 3527 181 671
263 2591 214 694
292 3509 187 659
252 3006 205 666
233 2888 207 675
270 2825 214 655
256 3156 194 667
252 2988 199 669
264 2941 199 672
257 2695 215 655
260 3247 206 664
271 2825 193 667
266 3086 205 660
233 2917 207 664
292 3509 187 659
286 2909 192 678
261 2913 196 697
261 2913 196 697
261 2913 196 697
237 2956 183 678
237 2956 183 678
292 3509 187 659
261 2913 196 697
286 3665 189 665
279 3702 190 678
269 3065 194 700
247 3377 188 679
243 2339 217 649
236 2320 217 652
234 2352 217 649
258 2767 210 671
250 3230 190 682
265 3129 193 691
257 2909 206 681
267 2809 200 676
271 3165 197 676
261 2954 202 673
239 2966 207 664
259 2986 215 660
271 2924 195 696
262 2957 196 697
259 2986 215 660
261 2991 215 655
268 3153 206 664
243 2339 217 649
257 3018 215 660
259 2986 215 660
243 2339 217 649
284 3656 193 686
280 3514 188 693
259 3299 200 711
243 2353 217 649
236 2337 217 652
234 2548 223 652
267 3172 194 697
269 3387 206 681
278 3457 200 676
261 3019 215 660
246 3048 212 674
269 2801 213 671
281 3143 209 664
240 2425 217 649
268 3141 216 655
245 3080 207 667
245 3077 207 671
292 3774 206 681
271 3501 209 695
246 2475 217 649
240 2616 217 649
236 2351 217 665
284 2944 215 682
272 3135 208 668
292 3133 209 672
236 2418 217 662
242 2486 217 649
315 3314 209 686
296 3452 210 675
254 2492 217 649
237 2423 221 673
274 3146 213 677
247 2640 217 649
253 2435 217 665
251 2463 218 663
247 2546 217 652
248 2509 217 662
253 2540 217 652
324 3626 211 703
297 3653 215 685
256 2509 217 649
247 2729 221 689
252 2872 217 649
249 2788 217 652
251 2584 217 652
263 2782 217 649
258 2704 217 652
258 2697 228 665
254 2584 230 660
253 2825 230 659
273 2791 217 649
265 2769 223 670
264 2799 224 650
258 2674 230 662
274 2813 217 649
273 3092 220 695
272 2958 228 676
278 3162 217 649
273 3284 236 700
321 3349 217 662
315 3829 217 652
282 3164 223 679
273 3297 236 700
273 3297 236 700
304 3252 224 673
288 3648 220 674
288 3479 221 679
273 3297 236 700
296 3287 236 700
287 3431 248 698
224 2164 217 649
224 2164 217 649
181 2696 150 670
145 1961 144 689
143 2212 141 696
142 2206 142 694
216 2120 209 651
158 2047 156 677
157 2184 157 669
151 2165 151 670
224 2164 217 649
149 2013 147 679
169 2182 152 668
182 2624 178 655
145 2129 143 690
198 2196 197 653
209 2126 209 651
197 2165 195 656
148 1993 146 681
170 2178 157 665
159 2160 159 670
178 2663 178 655
184 2568 178 655
171 2481 170 657
196 2343 166 657
168 2500 165 660
209 2445 151 667
205 2219 205 651
188 2421 161 660
187 2644 187 653
181 2696 150 670
214 2111 192 662
193 2287 173 657
182 2540 182 655
168 2357 159 664
199 2134 186 655
145 2151 142 693
181 2296 181 659
167 2142 161 666
188 2308 177 658
173 2327 165 660
160 2267 160 666
215 2146 184 659
185 2386 185 655
207 2213 202 651
161 2254 152 668
146 2039 146 681
200 2192 182 655
191 2208 190 653
218 2155 193 653
180 2601 179 655
145 2013 145 682
213 2274 170 657
150 2082 150 671
147 1970 145 685
180 2430 156 665
176 2589 162 659
146 2124 143 690
150 2066 150 673
214 2114 201 660
203 2145 169 661
165 2082 148 677
142 2206 142 694
172 2538 162 661
179 2311 169 660
149 2089 147 676
186 2129 168 667
160 2138 149 675
164 2232 160 663
147 2068 146 678
175 2115 174 663
177 2511 162 659
144 2170 144 674
189 2192 188 656
144 2193 141 695
216 2114 207 657
183 2490 156 664
175 2300 164 662
178 2436 173 658
174 2308 164 662
184 2262 180 658
190 2243 175 655
182 2402 182 656
179 2456 166 657
200 2141 197 653
188 2330 160 662
148 2029 147 679
203 2229 174 657
184 2105 176 664
161 2086 147 676
206 2148 194 653
204 2178 194 653
216 2114 207 657
224 2164 217 649
166 2379 157 664
180 2601 179 655
146 1990 146 683
222 2152 181 655
211 2185 190 653
172 2168 172 661
146 2077 144 678
177 2511 162 659
165 2156 165 669
150 2082 150 671
202 2245 202 651
160 2138 149 675
147 1983 145 684
145 1979 145 685
187 2644 187 653
143 2212 141 696
220 2150 193 653
212 2146 205 651
189 2192 188 656
186 2129 168 667
196 2202 190 653
194 2654 150 670
149 2166 144 674
172 2168 172 661
176 2302 176 660
145 1963 145 687
145 2151 142 693
212 2233 187 653
146 1983 144 688
178 2459 162 659
147 2098 147 676
205 2632 150 670
169 2132 161 666
162 2397 157 662
150 2066 150 673
145 1963 145 687
208 2116 201 653
168 2357 159 664
192 2240 182 655
214 2111 192 662
176 2589 162 659
210 2194 190 653
162 2397 157 662
220 2150 193 653
217 2134 205 651
215 2146 184 659
207 2116 185 655
164 2232 160 663
150 2059 150 677
148 2029 147 679
222 2152 181 655
218 2155 193 653
145 1984 144 686
211 2252 162 659
194 2654 150 670
183 2490 156 664
171 2481 170 657
147 2066 144 683
190 2629 190 653
147 1983 145 684
145 1984 144 686
144 2193 141 695
213 2274 170 657
208 2186 205 651
202 2245 202 651
199 2239 182 655
166 2379 157 664
146 1983 144 688
145 2013 145 682
145 1961 144 689
145 1961 144 689
144 1987 144 689
184 2262 180 658
220 2150 193 653
165 2082 148 677
145 1961 144 689
224 2164 217 649
224 2164 217 649
224 2164 217 649
224 2164 217 649
224 2164 217 649
224 2164 217 649
224 2164 217 649
224 2164 217 649
224 2164 217 649
224 2164 217 649
224 2164 217 649
224 2164 217 649
220 2150 193 653
145 1961 144 689
145 1961 144 689
145 1961 144 689
145 1961 144 689
282 3137 168 662
267 3230 190 653
224 2170 217 649
149 1978 144 689
159 2116 156 687
193 2714 145 687
214 2640 164 685
225 2924 177 680
248 2756 163 665
227 2465 174 668
227 2342 209 651
220 2417 180 663
278 3017 194 653
261 2669 184 657
218 2722 184 675
236 2248 216 651
235 2975 159 674
240 2602 183 661
244 2841 193 658
264 3106 205 654
255 2621 192 655
241 2917 159 674
225 2186 204 655
242 2537 201 662
252 2728 191 659
237 2708 163 671
234 2481 207 654
246 2664 201 658
246 2695 196 658
230 2531 208 654
228 2729 163 671
223 2156 215 655
233 2616 195 660
261 2923 177 660
244 2443 208 653
224 2170 217 649
223 2156 215 655
320 3633 197 653
227 2201 217 649
152 2051 144 689
224 3125 152 687
221 2821 182 675
243 3072 161 677
282 3397 185 658
248 2815 167 669
306 3355 189 657
225 2834 181 675
237 3121 159 674
268 3057 194 656
223 2157 215 655
232 2473 199 667
249 3265 182 668
241 2648 195 662
236 2365 205 660
276 3341 183 660
250 2598 199 666
293 2830 208 653
236 2368 216 651
224 2330 217 649
254 2995 162 675
256 2759 212 652
235 2600 187 667
271 2799 182 663
292 2904 208 653
257 2739 214 656
252 2792 209 651
240 2756 163 671
240 2756 163 671
239 2543 200 664
256 2820 201 655
238 2786 163 674
265 2905 208 653
225 2240 217 649
262 2692 183 661
274 2770 200 657
226 2691 199 668
239 2543 200 664
253 2727 183 661
245 2692 208 657
257 2738 207 657
240 2756 163 671
309 3825 189 658
236 2239 217 649
159 2089 144 689
223 2192 215 655
250 3342 195 665
243 2832 164 679
254 3278 161 674
236 2416 209 662
227 2323 217 649
286 3218 198 660
288 2908 194 667
278 3254 181 670
260 2936 204 656
251 2570 216 653
238 3003 170 675
268 3174 183 667
256 3147 185 669
240 2561 200 664
247 2711 199 672
243 2891 179 675
246 3091 168 675
276 2750 196 666
262 2962 209 651
256 2873 201 659
250 2707 211 658
247 2690 195 674
259 2792 210 657
235 2243 217 649
242 3039 163 678
254 3076 190 668
274 2906 200 657
256 2807 216 651
246 3100 161 677
240 2978 189 675
278 2985 196 662
241 2986 164 677
243 2997 192 667
253 2977 163 678
241 2805 193 668
303 3581 181 670
231 2325 217 649
163 2101 144 689
227 2249 215 655
246 3127 161 677
293 3331 198 661
301 3493 192 667
238 2464 209 662
244 2588 203 679
258 2984 186 681
261 3129 173 675
274 2725 216 654
261 2809 198 683
270 2821 216 651
241 3002 164 677
254 2788 204 665
269 3469 201 661
239 3040 174 676
280 3043 196 665
283 3005 203 657
265 2982 211 657
271 2945 201 661
242 2814 198 675
275 3091 202 659
296 3061 202 659
262 3053 202 663
265 3041 205 661
308 3312 207 662
279 3360 205 664
261 2633 217 649
248 2405 223 652
233 2282 215 662
205 2578 152 694
248 3144 161 677
268 3076 178 679
273 2988 201 665
240 2642 176 691
245 3218 173 682
232 2396 216 656
282 3218 210 663
265 3093 204 666
257 2815 209 665
277 2962 216 653
247 3125 168 678
254 2743 217 649
281 3099 211 657
253 2501 215 655
245 2548 215 655
296 3422 212 660
273 2669 217 649
261 3304 161 677
246 2405 215 664
239 2526 224 675
217 2815 162 698
286 3334 201 667
281 3032 205 684
249 2585 215 655
273 3138 208 681
271 2729 222 654
264 3078 224 650
247 2520 215 662
274 3289 202 666
274 3205 204 666
267 2745 217 649
285 3407 202 665
285 3244 204 666
283 3475 205 667
272 2751 217 649
262 2674 217 656
259 2836 230 663
233 3130 162 702
283 3463 181 681
261 3351 165 690
251 2696 224 675
274 2918 215 655
269 2773 217 649
256 2871 223 655
277 2871 215 655
251 2725 225 673
252 2709 225 673
252 2709 225 673
252 2709 225 673
252 2709 225 673
252 2709 225 673
304 3803 176 699
277 2765 225 673
274 2839 217 649
265 2932 232 664
258 2816 224 677
272 3129 224 653
274 2922 215 655
282 2797 222 656
261 3040 228 672
271 2883 217 662
263 2830 225 673
297 2964 215 655
290 3098 215 655
275 2926 217 649
267 2934 225 673
272 2946 217 666
275 3059 215 658
268 2932 225 673
283 3077 216 656
300 3500 216 656
281 2932 217 649
272 2947 243 673
280 2996 217 649
281 2951 217 649
280 3006 217 649
272 2978 243 673
272 2978 243 673
272 2978 243 673
288 2994 217 649
276 3178 243 673
281 3045 217 649
285 3010 217 652
298 3340 217 649
290 3036 217 652
288 3042 230 675
285 3201 245 673
281 3213 229 660
289 3318 218 670
309 3351 217 649
296 3244 218 670
284 3302 230 671
310 3253 218 670
312 3320 218 670
312 3325 218 670
312 3361 218 680
