35 2.35848
232 3320 148 694
223 3713 156 667
203 3011 180 662
203 3006 145 713
203 3006 145 713
175 2456 159 703
161 2560 149 697
210 3266 166 665
195 3375 153 675
175 2492 168 699
189 2734 175 671
169 2688 151 689
187 2737 175 671
201 3335 153 675
204 3277 150 678
204 3211 145 703
198 3105 155 672
174 2811 148 700
166 2627 161 691
194 3314 155 670
162 2577 149 695
163 2646 152 678
164 2704 153 676
188 2962 149 688
181 2858 148 696
176 2822 162 671
178 3050 156 668
191 3022 155 674
178 2932 150 679
191 2820 146 711
182 2790 160 666
191 2848 147 705
167 2845 150 685
184 2919 157 669
197 3086 145 705
175 2494 167 701
181 2741 162 673
176 2822 162 671
180 2846 150 683
184 2911 158 669
198 2968 146 709
166 2678 149 690
184 2911 158 669
203 2932 146 709
180 2846 150 683
175 2456 159 703
175 2494 167 701
166 2628 159 692
167 2845 150 685
203 2932 146 709
182 2790 160 666
175 2492 168 699
197 3086 145 705
191 3022 155 674
166 2628 159 692
175 2492 168 699
203 3006 145 713
182 2790 160 666
189 2734 175 671
203 2932 146 709
191 2848 147 705
186 3062 155 675
167 2845 150 685
203 2932 146 709
186 3062 155 675
186 3062 155 675
191 2848 147 705
175 2494 167 701
203 3006 145 713
197 3086 145 705
197 3086 145 705
180 2846 150 683
175 2492 168 699
175 2492 168 699
175 2492 168 699
253 3891 205 663
210 3006 145 713
182 2484 165 709
161 2615 149 697
214 3371 204 665
190 2743 175 671
200 3454 153 675
236 3401 148 694
229 3299 148 697
175 2506 168 699
209 3217 152 678
223 3419 146 703
189 2755 173 674
206 3177 148 703
182 2511 160 706
180 2602 167 696
187 2895 162 667
236 3401 148 694
175 2508 167 701
184 2728 155 688
227 3401 146 703
191 2873 151 683
172 2933 150 692
185 2831 149 693
204 3063 145 713
169 2780 153 676
197 3214 157 673
182 2484 165 709
176 2661 164 679
178 3055 156 675
182 3003 150 685
169 2705 156 687
191 2863 147 705
192 3024 151 681
191 2824 146 711
165 2672 165 679
173 2919 150 691
198 2970 146 709
188 2910 160 666
162 2571 149 697
202 3409 155 670
166 2733 161 679
189 2807 162 673
182 2808 163 672
196 3141 158 669
196 3016 159 674
182 2579 168 696
183 3016 150 684
198 3117 155 672
182 2723 149 695
200 3454 153 675
176 2828 162 671
176 2686 158 691
191 2824 146 711
183 3169 150 679
196 3016 159 674
188 2692 149 695
204 3152 145 705
166 2761 153 681
162 2571 149 697
197 2757 164 676
189 2776 156 680
203 2941 146 709
201 3454 155 670
200 3126 150 679
191 3031 155 674
162 2571 149 697
188 3102 155 675
173 2919 150 691
189 2776 156 680
169 2705 156 687
203 3396 156 669
169 2734 153 681
203 3156 145 705
191 3108 159 670
227 3401 146 703
196 3141 158 669
190 2682 156 680
188 2968 149 688
203 3396 156 669
200 3454 153 675
196 3141 158 669
184 2728 155 688
176 2828 162 671
182 2509 160 711
162 2571 149 697
162 2571 149 697
188 2692 149 695
204 3152 145 705
166 2761 153 681
182 2723 149 695
197 2757 164 676
201 3454 155 670
184 2728 155 688
166 2761 153 681
204 3152 145 705
191 3108 159 670
162 2571 149 697
184 2728 155 688
203 3156 145 705
182 2509 160 711
169 2734 153 681
227 3401 146 703
227 3401 146 703
204 3152 145 705
203 3156 145 705
191 2824 146 711
182 2509 160 711
182 2509 160 711
162 2571 149 697
162 2571 149 697
162 2571 149 697
162 2571 149 697
162 2571 149 697
162 2571 149 697
162 2571 149 697
162 2571 149 697
162 2571 149 697
162 2571 149 697
162 2571 149 697
162 2571 149 697
162 2571 149 697
162 2571 149 697
162 2571 149 697
255 3923 205 663
209 3073 145 713
182 2486 165 709
162 2605 149 700
214 3431 204 665
202 2901 177 669
233 3532 151 680
236 3473 148 694
227 3418 146 703
230 3320 148 697
212 3222 152 678
193 2866 147 705
171 2836 162 684
205 3371 146 708
236 3473 148 694
184 2740 155 688
189 2757 173 674
198 3215 157 673
168 2774 168 687
209 3033 165 667
213 3360 155 672
186 3081 154 679
205 3471 153 675
162 2610 149 697
234 3415 146 703
197 3138 159 670
182 2518 160 711
168 2774 168 687
175 2521 167 701
193 3072 162 666
175 2534 168 699
187 2991 167 670
179 2675 164 682
194 2786 175 671
175 2847 166 676
187 2816 173 675
194 2919 154 676
198 3051 152 681
198 2980 146 709
176 2686 164 682
164 2585 149 697
169 2771 165 679
190 2718 156 680
197 3370 153 676
183 2849 158 677
180 2937 167 671
189 2912 150 694
164 2585 149 697
192 2826 167 674
173 2792 153 681
203 3216 150 682
192 2864 146 711
202 3133 157 673
178 2528 168 699
184 2740 155 688
178 2915 174 671
183 2849 158 677
172 2824 161 679
188 2699 149 695
188 2942 160 668
188 2942 160 668
164 2585 149 697
202 3133 157 673
173 2792 153 681
188 2973 149 688
167 2818 164 688
176 2686 164 682
180 2603 167 696
180 2603 167 696
172 2824 161 679
187 2991 167 670
176 2686 164 682
171 2724 156 687
190 2718 156 680
194 2786 175 671
192 2843 156 679
188 2959 154 676
192 2843 156 679
162 2605 149 700
188 2699 149 695
176 2686 164 682
176 2686 164 682
167 2818 164 688
188 2699 149 695
162 2610 149 697
183 2849 158 677
180 2603 167 696
172 2824 161 679
162 2610 149 697
255 3925 205 663
227 3460 146 703
198 3002 146 709
175 2550 168 699
164 2657 149 697
210 3209 178 666
221 3577 204 665
230 3324 148 697
221 3577 204 665
171 2822 170 685
204 3103 160 671
194 2783 173 674
187 3162 153 688
228 3421 146 703
178 2737 164 682
202 2917 177 669
216 3270 162 666
180 2747 156 688
212 3229 152 678
199 3415 153 676
194 3311 163 672
197 2980 150 692
194 3076 154 676
173 2738 157 693
198 2958 177 669
190 2781 156 680
216 3224 152 678
203 3224 150 682
190 2968 155 694
178 2806 156 687
180 2617 167 696
179 2566 167 701
171 2822 170 685
172 2623 155 700
219 3457 160 668
200 3218 162 668
193 3000 154 693
176 2771 164 690
179 2566 167 701
204 2969 160 672
176 2771 164 690
228 3421 146 703
198 2958 177 669
171 2822 170 685
240 3947 155 676
231 3482 146 703
221 3581 204 665
210 3199 148 711
186 2576 168 699
178 2788 157 695
213 3101 183 672
206 3663 156 677
194 2851 158 680
192 3037 165 682
238 3336 150 687
190 2884 166 686
214 3076 146 709
209 3140 157 689
209 3096 174 673
205 3275 169 670
184 2720 152 698
223 3435 153 677
180 2638 167 696
203 3211 166 676
208 3409 162 672
193 3198 156 694
223 3335 162 666
180 2791 169 683
194 2786 173 674
214 3329 150 694
230 3330 148 697
205 3216 163 678
216 3242 152 678
203 3336 154 680
216 3242 152 678
178 2727 149 697
181 2776 171 686
181 2776 171 686
205 3211 155 686
230 3330 148 697
178 2788 157 695
180 2791 169 683
250 3849 150 691
242 3980 150 687
238 3471 168 671
216 3135 146 709
195 2793 159 719
192 2801 180 688
180 2647 167 696
228 3584 162 677
213 3326 157 692
225 3532 174 672
216 3252 152 678
189 2893 175 689
232 3366 148 697
196 2915 149 714
214 3463 155 694
195 2792 163 705
183 2842 169 691
206 3001 162 686
226 3398 164 676
188 2948 172 684
201 3189 168 681
194 3079 162 699
203 3009 164 681
191 2845 161 707
237 3355 166 677
190 2875 165 704
193 3139 169 683
199 2912 174 684
187 2930 154 704
214 3218 160 684
185 3027 164 697
192 2920 149 702
198 2895 166 699
198 2923 149 697
187 3114 162 697
196 3008 164 686
196 2945 161 691
256 4075 162 677
254 4335 161 678
235 3423 148 710
216 3345 173 681
196 2975 152 712
180 2669 167 696
248 4271 156 685
225 3882 162 681
196 2872 169 691
195 2921 159 704
224 3595 168 680
191 3125 173 695
196 2945 155 705
199 2989 149 697
196 3041 171 686
212 2958 157 698
228 3493 158 679
201 3091 166 693
222 3261 157 696
225 3466 155 687
231 3283 157 684
211 3408 165 681
205 3075 168 684
203 3352 161 695
217 3283 169 679
193 3099 163 711
199 3115 164 695
212 3101 163 686
263 4165 149 700
230 3514 164 679
209 3080 194 692
199 2737 167 701
180 2783 175 715
243 3982 155 694
243 3864 157 684
221 3648 193 680
207 3160 184 689
184 3006 171 698
205 3143 162 707
228 3595 166 690
233 3447 187 681
185 2763 167 697
214 3139 179 695
206 3127 155 710
216 3221 162 703
234 3465 172 682
203 3307 179 693
207 3352 168 684
222 3288 156 697
237 3381 179 680
233 3396 163 689
205 3074 164 698
229 3339 169 693
216 3360 155 697
208 3251 172 694
281 4195 150 709
248 3893 173 679
222 3453 185 700
204 2904 168 719
188 3023 176 701
188 2858 173 705
219 3156 158 711
240 3439 165 692
259 3950 155 702
233 3622 176 687
268 3710 156 703
242 3496 164 690
207 3594 168 688
222 3487 157 697
232 3789 155 703
247 4023 168 687
241 3491 173 687
270 3843 162 698
263 3915 157 710
250 4027 165 698
250 3899 192 685
225 3589 159 719
206 3378 184 707
231 3676 169 695
226 3516 165 702
242 3594 161 701
235 3716 160 709
241 3537 164 699
235 3819 160 699
250 3710 162 708
246 3620 164 701
243 4080 163 713
251 3666 164 701
265 3773 180 706
275 4255 162 664
200 2952 176 664
199 2979 145 711
197 2982 145 711
182 2476 160 708
162 2553 149 696
241 3598 149 689
225 3494 149 690
240 3579 148 694
193 2883 148 702
205 3192 146 703
198 3055 147 696
178 2680 173 682
162 2553 149 696
200 3323 157 672
187 2991 167 670
215 2906 147 704
168 2750 168 687
203 3298 157 672
178 2680 173 682
194 2834 146 706
172 2800 170 678
195 3058 156 673
177 2769 165 686
178 2891 154 678
185 3131 159 672
173 2810 153 680
168 2697 168 688
197 2944 161 674
176 2605 163 695
194 3052 164 668
189 2870 162 671
182 2476 160 708
177 2905 151 686
208 3105 162 667
240 3579 148 694
188 2756 152 690
179 2636 170 673
198 3116 170 665
187 2953 146 708
179 2797 150 693
180 2791 169 683
181 2787 149 693
194 3052 164 668
215 2906 147 704
208 3105 162 667
189 3159 170 667
184 2740 155 688
191 2821 161 679
186 3153 158 670
185 2986 163 676
173 2810 153 680
169 2794 165 681
203 3298 157 672
193 3118 156 673
181 2998 150 682
169 2688 155 693
185 3025 150 676
191 2821 161 679
169 2794 165 681
189 3159 170 667
185 2986 163 676
186 2861 163 676
198 3055 147 696
183 2718 163 684
187 2991 167 670
180 2833 160 678
183 2847 150 686
186 3024 150 679
188 2756 152 690
176 2771 164 690
202 2862 169 672
172 2684 150 695
180 2957 152 679
183 2718 163 684
200 2813 147 705
184 2900 158 677
197 2976 147 704
191 2793 146 711
202 2862 169 672
182 2476 160 708
173 2787 162 686
187 2957 161 674
196 2897 168 670
200 2813 147 705
183 2854 165 677
172 2800 170 678
182 2749 156 689
200 2813 147 705
189 2870 162 671
184 2900 158 677
180 2791 169 683
194 2797 155 685
203 3298 157 672
177 2769 165 686
215 2906 147 704
194 2797 155 685
182 2749 156 689
178 2680 173 682
168 2750 168 687
191 2793 146 711
202 2862 169 672
181 2727 168 674
194 3052 164 668
188 2725 168 674
179 2877 150 689
186 2861 163 676
192 2875 156 678
192 2875 156 678
182 2749 156 689
196 2897 168 670
184 2900 158 677
184 2740 155 688
173 2787 162 686
188 2756 152 690
184 2740 155 688
177 2769 165 686
208 3105 162 667
183 2847 150 686
183 2836 150 689
173 2806 152 684
196 2897 168 670
187 2991 167 670
187 2904 162 676
173 2787 162 686
177 2797 161 689
169 2794 165 681
183 2836 150 689
176 2771 164 690
187 2904 162 676
186 3024 150 679
168 2750 168 687
208 3105 162 667
194 2797 155 685
187 2991 167 670
187 2991 167 670
187 2991 167 670
187 2991 167 670
187 2991 167 670
187 2991 167 670
187 2991 167 670
186 2861 163 676
186 2861 163 676
184 2740 155 688
184 2740 155 688
184 2740 155 688
184 2740 155 688
182 2749 156 689
182 2749 156 689
182 2749 156 689
182 2749 156 689
182 2476 160 708
182 2476 160 708
180 2957 152 679
180 2791 169 683
179 2797 150 693
178 2680 173 682
177 2797 161 689
177 2797 161 689
176 2771 164 690
173 2810 153 680
173 2810 153 680
241 3599 149 689
235 3646 149 690
215 3180 170 665
211 3372 204 666
199 3004 145 711
182 2477 160 711
162 2558 149 696
196 3288 185 668
196 3288 185 668
168 2761 168 687
173 2811 153 680
178 2803 170 678
219 3412 146 703
214 3439 150 676
198 3091 147 696
188 3047 167 670
176 2609 163 695
193 2888 148 702
182 2499 160 708
214 3230 146 708
201 3133 150 687
179 2645 170 673
206 3323 157 672
183 2780 156 689
180 2962 152 679
239 3640 149 690
209 2998 161 674
181 2905 152 691
199 2755 164 692
181 2746 168 674
194 3177 159 671
204 3084 162 677
197 3005 146 709
203 2945 146 709
200 2817 147 705
185 3145 159 672
172 2855 170 678
208 3110 162 667
191 3204 159 671
200 3305 164 668
216 2918 147 704
219 3412 146 703
200 2980 167 676
178 2711 164 694
203 3198 156 675
176 2821 170 678
189 2722 155 694
171 2712 160 695
216 2918 147 704
189 2722 155 694
208 3181 156 673
200 2817 147 705
178 2711 164 694
208 2880 146 709
206 3400 170 667
192 2834 146 711
185 2847 164 678
178 2711 164 694
179 3082 157 679
190 3189 158 673
187 3184 156 677
203 2945 146 709
171 2712 160 695
193 2888 148 702
206 3400 170 667
187 3140 162 674
188 3189 158 675
239 3640 149 690
188 3189 158 675
179 2897 161 679
178 2711 164 694
179 2897 161 679
191 3204 159 671
176 2733 150 695
179 3082 157 679
191 3204 159 671
193 2844 160 679
193 2844 160 679
208 2880 146 709
193 2888 148 702
185 2847 164 678
239 3640 149 690
208 2880 146 709
203 2945 146 709
193 2888 148 702
193 2888 148 702
193 2844 160 679
179 2897 161 679
178 2711 164 694
248 3653 149 689
223 3455 204 666
199 3012 145 711
162 2563 149 696
226 3589 181 666
223 3455 204 666
245 3579 155 677
202 2926 148 702
209 3468 157 672
168 2766 168 687
180 2675 170 676
173 2867 159 694
200 3346 164 669
207 2887 147 705
190 3089 152 679
198 3066 177 671
200 3051 146 709
186 3028 175 673
219 3424 146 703
208 3121 162 667
211 2908 167 678
215 3291 147 696
176 2781 160 695
183 3016 165 681
173 2820 170 684
235 3651 149 690
235 3651 149 690
179 2707 173 682
231 3031 147 704
192 2827 154 691
182 2957 156 683
219 3457 150 682
202 2818 154 695
216 3263 156 678
213 3249 147 704
208 3362 156 673
207 3167 162 675
180 2826 161 686
195 3191 159 671
191 3221 159 671
220 3156 161 678
197 2881 160 679
178 3039 155 682
199 2990 148 702
181 2748 168 674
179 2695 163 695
220 3087 156 681
185 2833 161 683
194 2740 161 695
193 2834 156 682
198 3010 148 702
181 2748 168 674
248 3653 149 689
248 3653 149 689
235 3651 149 690
181 2748 168 674
242 3574 146 703
238 3748 149 690
231 3600 204 666
199 3021 145 711
162 2564 149 697
162 2564 149 697
219 3369 185 668
231 3600 204 666
173 2591 149 696
201 3250 177 673
216 3133 153 688
241 3602 146 703
196 2892 182 675
191 2832 172 677
192 2745 163 695
221 3734 150 684
184 2771 174 680
220 3476 151 690
180 2696 173 682
233 3183 152 690
187 3008 157 685
199 3021 145 711
201 3650 166 670
190 2916 170 680
219 3314 152 679
179 2730 173 682
175 2903 168 687
206 3225 167 673
212 3163 155 686
238 3609 151 687
191 2960 164 685
193 2983 156 688
225 3399 162 669
227 3253 156 682
181 2781 181 681
196 3201 162 674
210 3140 159 682
208 3363 156 673
181 2781 181 681
209 3213 166 669
216 3382 155 684
239 3661 149 690
198 3211 161 684
218 3234 152 686
199 2900 160 679
225 3399 162 669
181 2776 171 686
199 3138 156 686
199 3021 145 711
239 3661 149 690
239 3661 149 690
239 3661 149 690
199 3021 145 711
264 3928 149 694
223 3403 203 668
203 3054 145 711
178 2628 164 696
171 2657 149 699
193 2921 177 679
239 3646 162 669
261 3470 153 686
229 3531 158 677
185 2893 159 697
179 2762 173 682
215 3382 167 670
199 3025 165 695
224 3352 170 673
194 3198 163 691
233 3344 152 689
217 3259 160 693
235 3617 149 697
197 3129 172 687
218 3355 149 698
225 3372 156 682
186 2725 173 683
205 3395 162 675
209 3042 161 689
211 3434 166 672
198 3079 174 677
188 2725 173 682
217 3499 156 680
204 3090 164 690
201 3225 172 676
222 3479 155 696
202 3156 161 687
212 3064 161 679
233 3522 159 676
223 3487 155 694
205 3058 163 684
212 3295 158 685
211 3435 156 685
203 3293 165 679
212 3379 165 676
210 3398 156 686
253 3900 155 693
239 3659 162 669
205 3079 145 711
201 2857 162 718
194 2957 183 681
178 2748 166 696
227 3624 176 671
189 3040 154 699
209 2869 149 703
212 3491 179 672
184 2986 156 705
243 3520 162 677
238 3410 162 696
186 2764 173 682
206 3585 170 676
195 2935 161 705
203 2897 157 711
217 3343 165 682
215 3386 170 673
218 3450 157 698
221 3118 166 686
202 3216 163 697
204 3137 174 680
197 3023 162 702
206 3086 169 688
217 3149 164 691
220 3438 169 681
225 3169 163 686
206 3186 163 684
208 3082 164 692
220 3515 157 683
276 4142 157 702
252 3528 195 674
229 3110 148 713
213 3285 145 711
192 2833 177 682
188 3113 160 705
262 3807 175 680
230 3878 162 699
207 3325 164 692
239 3656 166 687
236 3776 159 684
199 3066 157 709
231 3567 161 696
244 3533 170 683
224 3252 152 709
236 3673 163 688
196 3015 168 702
217 2928 165 712
212 3385 163 701
218 2854 174 698
227 3529 155 706
197 3143 161 703
223 3426 156 703
219 3350 165 691
231 3230 160 702
243 3814 162 683
214 3254 164 696
218 3360 173 683
223 3452 165 688
227 3270 173 682
222 3349 176 682
220 3110 160 706
256 3910 164 685
228 3377 152 709
213 3486 188 682
206 3006 181 718
201 3418 187 708
245 3697 158 704
210 3508 172 697
237 3627 166 693
202 3158 163 715
241 3886 162 687
234 3646 163 701
202 3343 160 711
219 3384 176 690
223 3478 175 695
222 3457 177 683
229 3324 163 704
215 3416 161 704
216 3326 163 709
282 4437 162 693
282 4206 172 685
275 3959 158 704
256 3417 182 693
227 3201 167 722
217 3474 171 707
242 3821 172 696
263 3641 174 695
225 3420 178 692
229 3511 169 707
220 3705 164 704
240 3623 177 693
246 3849 175 703
241 3673 169 708
237 3903 150 676
219 3218 144 705
204 3104 162 661
198 3074 145 714
194 2975 171 668
182 2451 165 709
161 2526 149 702
232 3657 150 677
237 3450 148 697
228 3242 147 699
209 2924 170 669
196 3046 146 708
170 2863 159 682
193 2911 157 675
184 2842 162 671
189 2996 164 664
191 2752 151 690
178 2587 155 684
188 2729 147 703
173 2657 155 691
179 2536 161 700
189 2799 146 709
188 3000 164 668
161 2526 149 702
182 2639 167 683
178 2612 152 686
178 2511 165 704
208 3005 146 701
207 3013 148 700
174 2911 151 689
170 2783 162 682
199 2994 155 678
204 2902 156 673
189 3156 156 667
168 2774 168 687
186 2687 152 683
182 2474 167 704
161 2552 149 693
168 2774 168 687
186 2946 167 670
173 2844 150 691
202 3156 162 661
182 2933 153 683
189 2896 161 672
176 2777 156 680
171 2761 169 683
198 3018 156 670
178 2961 153 681
195 2992 148 702
205 3005 156 672
189 3156 156 667
179 2674 155 683
188 2769 158 680
176 2987 149 688
171 2761 169 683
177 2830 155 686
175 2878 156 677
202 2980 156 673
174 2688 155 688
188 2919 150 685
161 2552 149 693
187 2920 150 679
186 2946 167 670
176 2799 167 671
168 2774 168 687
178 2782 158 674
178 2961 153 681
187 2893 155 682
178 2558 155 687
187 2992 156 673
178 2782 158 674
177 2830 155 686
174 2688 155 688
189 2799 146 709
178 2782 158 674
171 2761 169 683
168 2774 168 687
161 2526 149 702
175 2768 161 682
182 2451 165 709
187 2992 156 673
174 2688 155 688
189 2799 146 709
161 2526 149 702
182 2933 153 683
189 2799 146 709
189 2799 146 709
189 2799 146 709
189 2799 146 709
189 2799 146 709
189 2799 146 709
182 2451 165 709
178 2961 153 681
178 2961 153 681
177 2830 155 686
168 2774 168 687
168 2774 168 687
168 2774 168 687
168 2774 168 687
168 2774 168 687
161 2526 149 702
237 3488 148 697
216 3010 146 701
204 3118 162 661
182 2528 160 713
182 2497 173 707
182 2466 165 709
161 2556 149 693
231 3302 147 699
216 3459 150 679
220 3151 150 683
161 2556 149 693
204 3190 157 669
168 2858 168 690
172 2781 169 686
211 3058 146 708
206 3159 150 681
184 2900 158 677
186 2695 163 683
191 2730 147 704
201 2952 154 680
178 2615 152 686
182 2528 160 713
189 2801 146 709
189 3041 164 664
179 2554 166 702
181 2612 155 685
194 2936 151 685
187 2991 167 670
188 2941 147 703
178 2563 155 687
193 3296 149 688
207 3002 158 674
180 2812 162 674
171 2802 168 687
177 2821 164 688
192 2979 167 670
175 2973 156 684
204 3118 162 661
173 2871 150 691
179 2897 161 679
194 2925 157 675
201 2952 154 680
194 2979 171 668
181 2920 156 677
178 2615 152 686
198 3084 156 670
186 2695 163 683
178 2514 165 704
193 2844 160 679
179 2788 161 680
204 3118 162 661
196 3063 146 708
179 2707 155 683
190 2905 161 672
184 2860 162 671
207 3002 158 674
194 2979 171 668
193 3296 149 688
176 2924 170 681
177 2834 155 686
189 3023 164 666
176 2924 170 681
174 2846 150 691
183 2784 164 675
195 3026 148 702
183 2784 164 675
189 3023 164 666
200 3067 160 670
178 2514 165 704
179 2858 156 681
193 2844 160 679
204 3118 162 661
194 2979 171 668
190 2905 161 672
198 3143 150 685
182 2466 165 709
199 3121 150 685
198 3143 150 685
177 2801 155 690
182 2466 165 709
188 3028 164 668
181 2920 156 677
178 2563 155 687
186 2695 163 683
195 3026 148 702
174 2846 150 691
199 3121 150 685
195 3026 148 702
179 2897 161 679
176 2924 170 681
194 2979 171 668
193 3296 149 688
193 3296 149 688
189 3023 164 666
193 2851 160 677
193 2844 160 679
198 3143 150 685
193 3296 149 688
183 2784 164 675
204 3118 162 661
204 3118 162 661
204 3118 162 661
198 3143 150 685
198 3143 150 685
195 3026 148 702
193 3296 149 688
189 3023 164 666
181 2920 156 677
176 2924 170 681
237 3493 148 697
209 3038 146 709
206 3067 146 708
204 3120 162 661
182 2489 165 709
181 2805 181 681
161 2564 149 693
234 3373 147 699
200 3249 176 664
218 3185 155 682
172 2848 168 687
212 3428 150 682
193 3298 149 688
177 3036 158 691
185 2635 163 687
183 2763 174 687
188 2701 155 687
179 2731 155 690
203 2809 147 704
237 3493 148 697
188 2807 152 686
181 2955 156 677
211 3144 156 673
215 3203 150 681
204 3073 146 708
181 2805 181 681
200 3376 150 686
180 2882 167 674
189 3045 164 666
197 3033 170 669
194 2981 171 668
197 2923 147 704
200 3113 160 670
185 2886 161 680
182 2489 165 709
203 3095 159 670
234 3373 147 699
195 2774 163 683
190 2918 169 672
194 2985 170 670
181 2788 155 685
194 2981 171 668
180 2942 164 676
181 2847 161 683
193 2914 164 673
197 2898 157 681
195 2946 157 675
204 3120 162 661
196 2935 168 672
183 2786 164 675
180 2802 162 683
205 3088 162 670
204 2872 161 682
205 2892 168 672
192 2941 164 671
187 2949 164 671
190 2938 161 672
204 3232 156 671
188 2900 155 683
191 2862 155 683
191 2862 155 683
206 3067 146 708
187 2949 164 671
204 2952 162 671
197 2898 157 681
197 2923 147 704
204 3120 162 661
246 3792 150 681
239 3943 159 671
206 3112 146 708
204 3146 162 661
204 3113 146 708
194 2995 171 668
178 2677 165 704
171 2705 149 695
181 2772 155 692
223 3579 156 672
223 3488 150 684
175 2892 168 687
231 3335 156 674
218 3402 157 674
191 3124 164 666
188 2957 155 688
207 3302 156 676
214 3223 156 679
192 2877 154 687
209 3182 160 671
190 3075 167 680
196 2942 170 684
206 3070 163 671
195 2996 157 675
237 3516 148 697
201 2985 147 704
198 3327 149 688
204 3263 158 674
237 3516 148 697
203 2829 147 704
199 3271 155 684
199 2926 152 686
194 3168 160 679
192 3083 156 682
190 3138 152 686
204 3138 162 669
197 2913 157 681
244 3511 147 699
194 2797 155 685
193 3086 161 680
194 3091 161 674
244 3511 147 699
194 2979 171 684
198 3101 164 671
244 3511 147 699
204 3113 146 708
244 3511 147 699
204 3113 146 708
192 2986 156 684
244 3511 147 699
237 3516 148 697
204 3113 146 708
204 3113 146 708
257 3899 157 673
251 4000 149 688
204 3209 162 661
204 3121 146 708
187 2854 152 731
183 2902 177 688
183 2777 166 695
179 3023 170 691
224 3594 149 698
222 3464 161 672
242 3556 148 697
233 3316 156 677
211 2830 155 685
189 2812 159 694
205 2951 171 681
203 3016 171 668
224 3380 156 679
233 3333 149 693
210 3034 167 683
196 3169 164 672
205 3027 163 684
202 2968 166 686
204 3169 150 696
196 3114 169 674
180 2914 169 689
191 2855 154 696
201 3050 152 687
186 2892 155 697
198 3059 162 675
194 3069 153 701
190 3225 157 696
203 2959 147 704
197 3059 167 681
194 3069 153 701
205 2919 147 705
195 3073 157 676
195 3073 157 676
203 2939 147 705
194 2866 155 688
203 2939 147 705
203 2939 147 705
194 3069 153 701
205 2919 147 705
203 2939 147 705
194 3069 153 701
194 3069 153 701
252 4139 157 676
217 3340 162 661
205 3355 146 708
196 2864 154 709
182 3018 182 691
216 3404 150 703
221 3217 164 670
215 3311 177 672
188 3100 169 699
197 3293 172 675
212 3341 164 667
206 3115 161 680
196 3202 158 677
201 3053 152 687
207 3019 154 696
207 3073 163 683
210 3203 168 673
201 3067 167 675
203 2987 147 704
198 2870 155 702
194 2913 163 704
194 3090 153 701
194 2916 162 688
200 3099 164 676
204 3147 163 681
203 2987 147 704
200 3262 169 675
200 3143 156 688
203 2987 147 704
239 3843 155 687
224 3389 162 661
220 3129 147 704
203 3097 184 680
200 2941 167 691
199 3042 154 719
197 3139 174 689
220 3443 181 672
226 3398 158 684
215 3556 162 680
218 3201 172 676
225 3519 152 690
216 3361 165 679
209 3148 150 706
212 3145 163 683
203 3296 155 700
203 2980 165 696
204 3107 150 715
202 3157 160 698
201 3226 164 715
208 3079 161 703
209 3123 154 709
205 3218 156 693
207 3144 174 677
225 3275 161 684
205 3365 162 681
204 3377 164 676
206 3129 161 689
202 3178 172 681
206 3122 172 686
209 3094 165 694
206 3138 154 694
204 3146 172 686
249 3985 152 691
240 3490 162 661
240 3184 154 706
218 3261 200 680
205 3108 165 704
207 3276 176 699
223 3662 171 683
231 3723 162 670
227 3757 161 688
234 3548 162 662
209 3232 162 693
229 3526 155 690
219 3373 162 684
206 3302 167 703
213 3172 164 685
214 3305 174 682
227 3492 160 692
231 3390 153 705
227 3507 176 664
211 3254 155 700
214 3500 162 685
247 3488 154 711
246 3695 162 661
229 3876 175 686
229 3326 168 723
220 3466 191 684
218 3108 177 708
207 3509 171 704
242 3713 167 674
233 3546 181 685
232 3199 167 696
224 3407 156 706
235 3315 165 692
213 3457 176 709
239 3763 156 699
227 3568 172 698
229 3629 162 689
215 3294 178 686
215 3253 170 700
237 3699 168 679
240 3630 162 681
218 3385 155 707
226 3403 169 702
265 3790 164 680
260 4138 168 675
229 3409 155 714
226 3409 188 693
222 3335 172 716
219 3652 182 701
239 3896 158 703
224 3584 169 712
246 3847 162 683
241 3687 170 684
258 3796 162 676
240 3626 166 693
245 3686 170 695
244 3848 176 685
233 3790 180 720
