131 3.01994
523 8092 523 2584
523 8086 523 2584
523 8099 523 2584
537 8481 533 2562
523 8092 523 2584
523 8094 523 2595
531 8334 524 2565
523 8101 523 2584
523 8096 523 2595
523 8094 523 2595
523 8136 523 2582
523 8079 523 2584
525 8205 523 2570
523 8109 523 2584
523 8099 523 2595
523 8086 523 2584
523 8109 523 2584
524 8181 523 2577
523 8103 523 2584
523 8086 523 2584
530 8337 524 2565
526 8109 523 2584
530 8139 523 2579
523 8102 523 2586
523 8093 523 2584
523 8093 523 2584
523 8079 523 2584
523 8095 523 2595
530 8139 523 2579
523 8170 523 2579
524 8181 523 2577
523 8096 523 2595
523 8096 523 2595
523 8079 523 2584
523 8092 523 2584
523 8092 523 2584
524 8184 523 2577
530 8139 523 2579
523 8079 523 2584
523 8095 523 2586
532 8204 523 2570
523 8092 523 2584
524 8188 523 2577
523 8109 523 2584
523 8093 523 2584
523 8129 523 2582
525 8214 523 2570
523 8099 523 2586
523 8109 523 2584
523 8119 523 2584
523 8096 523 2595
526 8109 523 2584
526 8109 523 2584
523 8087 523 2584
523 8099 523 2586
523 8099 523 2586
523 8109 523 2584
523 8079 523 2584
530 8139 523 2579
523 8129 523 2582
532 8158 523 2579
523 8079 523 2584
524 8184 523 2577
523 8095 523 2586
523 8092 523 2584
523 8094 523 2584
524 8188 523 2577
524 8188 523 2577
523 8092 523 2584
523 8092 523 2584
523 8119 523 2584
523 8093 523 2584
525 8205 523 2570
523 8109 523 2584
523 8092 523 2584
530 8104 523 2586
525 8205 523 2570
523 8092 523 2584
530 8139 523 2579
523 8105 523 2586
523 8094 523 2584
526 8109 523 2584
532 8204 523 2570
525 8289 523 2570
524 8132 523 2584
523 8092 523 2584
523 8109 523 2584
523 8079 523 2584
523 8079 523 2584
523 8079 523 2584
524 8181 523 2577
530 8157 523 2579
523 8079 523 2584
523 8093 523 2584
524 8181 523 2577
523 8079 523 2584
530 8133 523 2579
524 8181 523 2577
523 8079 523 2584
523 8092 523 2584
532 8158 523 2579
523 8079 523 2584
523 8136 523 2582
523 8092 523 2584
523 8092 523 2584
523 8109 523 2584
532 8158 523 2579
523 8095 523 2595
523 8109 523 2584
523 8079 523 2584
523 8093 523 2584
523 8093 523 2584
523 8099 523 2584
523 8101 523 2584
523 8093 523 2584
523 8091 523 2584
523 8099 523 2595
523 8092 523 2584
531 8151 523 2579
523 8095 523 2586
525 8214 523 2570
530 8139 523 2579
523 8093 523 2584
523 8079 523 2584
523 8099 523 2586
523 8095 523 2586
531 8156 523 2579
523 8095 523 2586
523 8094 523 2595
523 8092 523 2584
523 8117 523 2584
523 8079 523 2584
523 8136 523 2582
525 8205 523 2570
523 8092 523 2584
523 8109 523 2584
530 8133 523 2579
530 8139 523 2579
523 8117 523 2584
523 8096 523 2595
524 8132 523 2584
530 8157 523 2579
530 8139 523 2579
523 8099 523 2586
524 8132 523 2584
526 8109 523 2584
523 8148 523 2584
523 8091 523 2584
523 8092 523 2584
523 8095 523 2586
523 8094 523 2584
523 8087 523 2584
523 8093 523 2584
523 8095 523 2586
523 8093 523 2584
523 8094 523 2595
531 8334 524 2565
530 8133 523 2579
523 8099 523 2586
523 8095 523 2595
531 8151 523 2579
523 8094 523 2584
523 8109 523 2584
523 8093 523 2584
523 8096 523 2595
531 8334 524 2565
532 8204 523 2570
523 8093 523 2584
523 8109 523 2584
524 8163 523 2582
524 8096 523 2584
523 8087 523 2584
524 8132 523 2584
525 8205 523 2570
523 8093 523 2584
523 8093 523 2584
524 8096 523 2584
523 8129 523 2582
523 8079 523 2584
523 8148 523 2584
531 8334 524 2565
524 8123 523 2584
524 8188 523 2577
523 8091 523 2584
523 8093 523 2584
523 8079 523 2584
531 8334 524 2565
523 8079 523 2584
523 8092 523 2584
523 8095 523 2586
523 8093 523 2584
523 8095 523 2595
531 8151 523 2579
530 8139 523 2579
523 8093 523 2584
531 8156 523 2579
523 8117 523 2584
523 8109 523 2584
524 8096 523 2584
523 8096 523 2595
