104 5.73285
569 9187 560 2503
550 9093 542 2517
566 8811 523 2545
569 9187 560 2503
562 8880 524 2542
551 9037 542 2517
569 9187 560 2503
561 9297 551 2506
565 9249 542 2511
555 9344 523 2530
541 9244 533 2531
566 8811 523 2545
550 9093 542 2517
569 9187 560 2503
584 10002 569 2494
572 9485 533 2514
551 9087 551 2514
584 10002 569 2494
545 9062 523 2534
564 9250 523 2526
569 9187 560 2503
555 9344 523 2530
574 9432 523 2524
625 10167 578 2489
575 9326 524 2519
551 9155 533 2518
579 9076 542 2511
560 9162 551 2512
550 9093 542 2517
560 9116 524 2523
554 8962 524 2542
569 9283 560 2499
560 9031 560 2505
549 9046 524 2542
545 9062 523 2534
555 9344 523 2530
573 9354 524 2519
584 10002 569 2494
541 9244 533 2531
575 9326 524 2519
545 9062 523 2534
548 9206 524 2521
541 9244 533 2531
578 9267 560 2501
540 9259 533 2533
551 9155 533 2518
572 9516 523 2524
538 9182 523 2564
569 9283 560 2499
576 9316 524 2519
560 9255 542 2511
573 9460 533 2514
572 9325 569 2496
556 9111 533 2518
574 9337 524 2519
555 9232 542 2515
534 9163 523 2568
565 9211 560 2503
569 9187 560 2503
551 9155 533 2518
555 9344 523 2530
625 10167 578 2489
551 8769 523 2549
559 9314 533 2516
571 9004 523 2528
542 9259 533 2522
547 8937 523 2545
551 8769 523 2549
560 9999 523 2528
587 9866 578 2491
545 9062 523 2534
583 9189 524 2519
541 8864 523 2549
555 9232 542 2515
569 9187 560 2503
559 9416 551 2512
541 9244 533 2531
558 9236 523 2533
584 10002 569 2494
580 9234 524 2519
550 9067 542 2526
593 9541 551 2504
625 10167 578 2489
575 9673 551 2504
587 9866 578 2491
557 10044 523 2528
564 9195 551 2506
598 9766 569 2494
551 8769 523 2549
572 9411 542 2509
559 9314 533 2516
584 10002 569 2494
559 9416 551 2512
553 9034 542 2519
574 9432 523 2524
562 8885 524 2542
564 9049 551 2517
551 9076 542 2517
551 9061 542 2526
551 9061 542 2526
564 9049 551 2517
563 9779 551 2506
563 9779 551 2506
561 9299 551 2508
561 9299 551 2508
561 9299 551 2508
561 9299 551 2508
566 8820 523 2545
572 9489 533 2514
572 9489 533 2514
553 9099 551 2514
564 9936 523 2528
584 9097 542 2511
584 9097 542 2511
584 9097 542 2511
579 9230 542 2513
584 9097 542 2511
584 9092 542 2515
579 9230 542 2513
560 9178 551 2512
550 9100 542 2517
560 9119 524 2523
556 9033 524 2542
556 9033 524 2542
569 9105 560 2505
569 9105 560 2505
569 9105 560 2505
569 9105 560 2505
569 9105 560 2505
566 9181 560 2505
566 9181 560 2505
566 9181 560 2505
554 9046 524 2542
573 9448 524 2519
573 9448 524 2519
564 9395 524 2521
556 9209 524 2523
540 9261 533 2533
540 9261 533 2533
538 9331 523 2564
539 9294 523 2564
538 9331 523 2564
539 9294 523 2564
569 9338 569 2500
569 9338 569 2500
569 9338 569 2500
570 9435 560 2499
580 9341 560 2501
579 9356 560 2501
569 9338 569 2500
570 9435 560 2499
566 9259 542 2511
566 9259 542 2511
560 9363 542 2511
566 9259 542 2511
561 9268 542 2513
566 9259 542 2511
561 9268 542 2513
560 9280 542 2513
594 9469 533 2514
572 9334 569 2496
572 9334 569 2496
572 9334 569 2496
579 9349 524 2519
579 9349 524 2519
579 9349 524 2519
568 9221 560 2503
571 9156 533 2520
554 9207 533 2518
561 9501 523 2532
558 9988 523 2530
568 9557 523 2530
568 9557 523 2530
571 9006 523 2528
542 9338 533 2524
548 9357 533 2522
542 9338 533 2524
548 9301 542 2530
547 9006 523 2545
563 10023 523 2528
549 9317 523 2534
549 9317 523 2534
553 9107 524 2542
549 9317 523 2534
552 9271 523 2534
562 9064 523 2541
554 9177 523 2534
556 9099 533 2537
553 9107 524 2542
561 9119 523 2537
554 9172 523 2543
598 9227 524 2519
545 9290 523 2562
546 8907 523 2549
556 9386 542 2515
559 9269 542 2515
559 9269 542 2515
559 9269 542 2515
564 9250 542 2515
559 9269 542 2515
559 9269 542 2515
559 9269 542 2515
564 9250 542 2515
564 9250 542 2515
559 9269 542 2515
559 9269 542 2515
569 9192 560 2503
541 9244 533 2540
541 9272 533 2531
541 9272 533 2531
570 9476 523 2533
593 9253 524 2519
593 9253 524 2519
590 9262 524 2519
586 9308 524 2521
586 9308 524 2521
634 10499 578 2489
584 9736 551 2504
584 9736 551 2504
595 9675 551 2504
577 9818 551 2504
594 9965 578 2491
594 9965 578 2491
594 9965 578 2491
561 10124 523 2528
564 9259 551 2506
564 9259 551 2506
565 9245 551 2506
586 9213 551 2506
565 9245 551 2506
564 9259 551 2506
602 9948 569 2494
553 8885 523 2549
572 9460 542 2509
572 9460 542 2509
572 9460 542 2509
561 9348 533 2516
559 9458 533 2516
596 10242 569 2494
596 10242 569 2494
597 10106 569 2494
597 10106 569 2494
596 10242 569 2494
596 10242 569 2494
596 10242 569 2494
597 10106 569 2494
596 10242 569 2494
597 10106 569 2494
559 9437 551 2512
559 9437 551 2512
574 9492 523 2524
594 9267 524 2519
596 9429 569 2498
553 9450 533 2522
596 9429 569 2498
584 9870 551 2504
587 9253 551 2506
571 9164 533 2520
564 9804 551 2506
574 9130 523 2528
580 9594 533 2514
587 9253 551 2506
595 9717 551 2504
596 9429 569 2498
577 9875 551 2504
586 9094 523 2528
597 9539 533 2514
564 9804 551 2506
587 9253 551 2506
577 9875 551 2504
596 9429 569 2498
565 9382 533 2516
597 9539 533 2514
596 9429 569 2498
560 9180 551 2512
587 9253 551 2506
577 9875 551 2504
574 9130 523 2528
540 9270 533 2533
561 9133 523 2537
540 9270 533 2533
564 9051 551 2517
577 9875 551 2504
563 9014 523 2545
597 9539 533 2514
566 8829 523 2545
648 10627 578 2489
541 9360 523 2564
587 9253 551 2506
596 9429 569 2498
562 10144 523 2528
562 9127 523 2541
587 9253 551 2506
606 10038 569 2494
566 9426 524 2521
564 10067 523 2528
596 9429 569 2498
566 8829 523 2545
597 9539 533 2514
543 9328 523 2564
541 9268 533 2535
554 9223 533 2518
571 9046 523 2537
562 10144 523 2528
549 9319 523 2534
606 10038 569 2494
566 8829 523 2545
540 9270 533 2533
541 9360 523 2564
582 9556 533 2514
596 9429 569 2498
566 9426 524 2521
538 9379 523 2564
566 8829 523 2545
547 9339 533 2531
562 9130 523 2537
580 9594 533 2514
564 10067 523 2528
540 9270 533 2533
584 9097 542 2513
573 9683 523 2530
554 9184 523 2534
543 9328 523 2564
584 9097 542 2513
562 8913 524 2542
564 10067 523 2528
581 9383 560 2501
549 9319 523 2534
542 9347 533 2524
574 9498 523 2524
540 9270 533 2533
580 9594 533 2514
551 9078 542 2517
566 9426 524 2521
584 9097 542 2513
541 9268 533 2535
547 9339 533 2531
543 9328 523 2564
581 9383 560 2501
580 9594 533 2514
564 10067 523 2528
552 9275 523 2534
642 10804 578 2489
598 9485 533 2514
556 9389 542 2515
564 10067 523 2528
552 9275 523 2534
543 9328 523 2564
581 9383 560 2501
550 9146 542 2517
540 9270 533 2533
589 9192 542 2511
560 9314 524 2525
642 10804 578 2489
597 9539 533 2514
541 9360 523 2564
578 9274 551 2506
646 10790 578 2489
540 9270 533 2533
550 9146 542 2517
562 10144 523 2528
549 9319 523 2534
556 9389 542 2515
558 9316 524 2525
598 10199 569 2494
564 10067 523 2528
565 9305 551 2506
541 9268 533 2535
560 9394 524 2523
543 9328 523 2564
550 9146 542 2517
572 9498 560 2499
597 9539 533 2514
546 8929 523 2554
587 9491 569 2498
564 9305 524 2523
604 10194 569 2494
550 9146 542 2517
541 9360 523 2564
550 9023 523 2545
564 10067 523 2528
581 9383 560 2501
641 10818 578 2489
552 8911 523 2558
581 9383 560 2501
565 10036 523 2528
585 9819 569 2496
541 9360 523 2564
571 9540 523 2533
548 9060 523 2545
581 9383 560 2501
545 9295 523 2562
603 10081 578 2491
558 9996 523 2530
572 9498 560 2499
543 9328 523 2564
591 9420 524 2519
581 9383 560 2501
564 10067 523 2528
548 9060 523 2545
