1 0.0277282
748 13491 671 2790
772 12899 609 2794
809 14121 577 2775
835 14786 608 2702
742 12921 627 2807
705 11889 609 2816
726 12560 620 2738
727 12513 648 2815
779 13178 660 2803
794 13122 610 2806
709 12615 690 2854
724 12154 615 2750
762 13344 629 2813
796 13264 643 2744
719 12796 690 2850
735 12804 641 2816
784 13349 620 2790
702 12249 611 2775
756 12891 622 2721
738 12882 664 2762
779 13565 591 2779
713 12202 665 2792
723 12298 655 2767
712 11677 613 2762
695 12272 634 2810
781 12852 641 2754
720 12224 613 2782
681 11826 606 2795
729 12969 690 2857
739 12607 630 2774
702 12342 602 2707
725 11952 648 2784
681 11826 606 2795
784 13349 620 2790
687 12218 634 2797
695 12056 622 2704
739 12380 623 2771
725 11952 648 2784
729 12247 639 2779
771 13073 614 2799
755 12901 630 2784
737 13024 599 2762
733 12659 665 2788
715 12328 634 2749
726 12105 601 2774
724 12154 615 2750
763 13054 604 2787
713 12202 665 2792
729 12606 598 2814
727 12513 648 2815
788 13162 636 2750
708 12320 609 2726
752 12368 620 2798
723 12325 611 2758
735 12804 641 2816
750 12870 630 2863
756 12891 622 2721
759 13304 652 2782
747 12304 636 2737
731 12347 623 2735
695 11836 634 2726
762 13344 629 2813
727 12513 648 2815
714 12388 622 2710
733 12796 636 2826
723 12325 611 2758
739 12380 623 2771
735 12442 672 2783
705 12780 632 2821
726 12625 634 2717
723 12334 634 2750
695 12409 591 2779
771 13073 614 2799
683 12074 615 2759
723 12243 646 2762
725 12348 618 2784
702 12249 611 2775
738 12882 664 2762
800 12322 592 2769
712 11677 613 2762
739 12903 618 2773
725 12348 618 2784
726 12646 645 2724
714 12672 591 2761
695 12272 634 2810
800 12362 592 2778
758 12789 630 2780
726 12560 620 2738
759 12766 660 2842
730 12057 634 2765
730 12415 634 2818
730 12427 648 2824
702 12249 611 2775
753 12902 611 2801
730 12427 648 2824
796 13250 634 2778
709 12615 690 2854
735 12520 681 2769
788 13162 636 2750
778 12890 615 2761
702 12342 602 2707
714 12388 622 2710
759 12766 660 2842
724 12154 615 2750
747 13239 633 2787
733 12659 665 2788
764 11867 592 2773
731 12760 656 2824
756 12891 622 2721
723 12243 646 2762
732 12850 620 2856
752 12711 635 2876
717 12596 634 2765
749 12668 634 2762
729 12606 598 2814
759 12766 660 2842
725 12174 648 2804
713 12202 665 2792
718 12669 629 2809
715 12328 634 2749
702 12342 602 2707
734 12741 635 2771
742 12686 699 2808
739 12782 648 2835
784 13349 620 2790
761 12881 601 2774
717 12596 634 2765
750 12870 630 2863
661 11588 641 2802
705 12129 620 2737
744 12705 616 2784
724 12859 629 2855
742 12921 627 2807
755 13739 650 2801
709 12236 636 2826
687 12218 634 2797
705 12129 620 2737
723 12334 634 2750
726 12646 645 2724
723 12298 655 2767
695 12272 634 2810
794 13122 610 2806
734 12741 635 2771
712 11677 613 2762
737 13024 599 2762
788 13162 636 2750
800 12322 592 2769
781 12852 641 2754
767 12835 632 2761
715 12328 634 2749
709 12615 690 2854
653 11082 596 2787
762 12997 639 2783
726 12646 645 2724
686 12167 625 2805
705 12129 620 2737
797 14056 645 2713
687 12218 634 2797
752 12711 635 2876
762 13344 629 2813
685 12414 656 2726
737 13073 586 2775
713 11824 586 2766
758 12789 630 2780
695 12056 622 2704
693 12225 602 2701
752 12711 635 2876
738 12882 664 2762
685 12414 656 2726
748 13491 671 2790
725 12174 648 2804
781 13065 612 2777
709 12639 671 2781
726 12625 634 2717
725 12174 648 2804
741 12796 657 2826
800 12362 592 2778
723 12334 634 2750
739 12903 618 2773
733 12796 636 2826
748 13085 645 2717
726 12105 601 2774
735 12804 641 2816
758 12789 630 2780
724 12333 596 2787
726 12560 620 2738
785 13832 618 2766
744 12524 640 2762
724 12333 596 2787
725 11952 648 2784
720 12224 613 2782
735 12520 681 2769
723 13009 641 2767
746 12826 665 2769
743 12571 623 2715
800 12362 592 2778
725 12348 618 2784
753 12723 610 2804
681 11826 606 2795
690 12023 644 2774
