14 0.822661
579 9942 523 2619
605 10588 524 2595
617 10635 554 2564
608 10365 551 2576
594 10268 542 2601
595 10228 527 2614
648 11318 551 2552
658 10692 523 2609
564 9807 527 2636
564 9807 527 2636
615 10646 523 2632
691 11936 551 2552
611 10588 523 2641
684 11999 527 2614
635 11119 527 2625
690 12132 524 2593
672 11733 527 2636
664 11377 527 2627
672 11771 542 2600
638 10958 527 2627
731 12329 527 2627
644 11040 551 2569
634 10510 527 2638
685 11599 527 2614
724 12312 551 2578
621 10729 551 2568
692 11942 524 2610
651 11173 523 2624
683 11356 523 2634
672 11898 563 2559
658 11179 551 2585
649 11203 565 2568
666 11213 536 2631
611 10608 527 2636
609 10833 542 2594
642 11420 523 2619
682 12052 554 2566
658 11413 524 2597
639 10960 523 2619
644 10992 527 2636
677 11229 551 2587
712 12495 524 2604
664 11652 527 2636
706 12016 527 2616
647 11404 527 2638
705 12397 527 2607
654 10957 524 2602
662 11353 527 2627
633 11056 542 2566
657 11542 563 2575
715 12536 554 2564
633 11077 527 2618
630 10605 551 2583
678 12103 563 2559
754 12586 551 2571
643 11346 527 2636
719 12313 551 2583
631 11186 551 2570
639 11084 551 2552
670 11809 527 2638
680 11634 523 2632
677 11673 551 2574
690 11891 551 2578
634 11173 551 2561
660 10713 527 2614
709 12314 568 2573
620 10881 554 2621
634 11055 554 2566
664 11786 545 2617
627 10926 542 2596
674 11635 524 2608
599 10331 527 2636
662 11723 523 2602
677 11901 527 2627
651 11475 524 2595
676 11687 527 2623
608 10751 563 2574
674 11679 524 2604
637 10974 523 2619
650 11064 551 2583
693 12286 542 2601
676 11935 542 2605
677 11864 524 2608
641 11153 551 2576
722 12416 524 2602
652 11513 523 2632
686 12067 524 2593
700 12486 551 2559
606 10608 523 2632
637 11227 542 2601
641 11325 542 2601
612 10514 527 2638
705 11968 542 2582
659 11498 554 2566
641 11120 527 2614
633 11289 551 2552
644 11024 527 2614
683 12012 541 2634
694 11821 542 2603
723 12624 527 2627
653 11037 527 2636
707 12452 554 2610
618 10763 527 2638
699 12078 524 2606
641 10725 524 2593
693 12266 554 2568
818 13250 536 2611
775 12527 536 2611
608 10140 527 2636
689 11401 554 2601
673 11533 551 2585
650 10912 527 2638
628 10927 527 2636
721 12058 551 2574
641 10796 527 2636
737 12394 527 2638
670 11684 527 2623
653 11616 542 2616
606 10632 527 2636
638 11156 551 2559
646 11386 554 2564
687 11346 523 2619
722 12738 563 2568
591 10308 527 2614
647 11169 523 2628
656 11562 523 2632
634 10854 554 2599
638 11128 551 2559
670 11364 536 2609
624 10750 545 2606
751 12702 563 2568
686 11706 527 2614
650 11249 554 2564
631 10988 527 2627
674 11844 524 2611
647 10970 527 2627
640 10781 524 2608
697 11907 551 2587
695 11924 551 2587
642 10810 527 2636
710 11822 527 2614
721 12191 524 2595
672 11847 542 2608
693 12238 563 2572
674 10871 523 2621
750 12049 523 2619
632 11371 524 2602
636 11206 524 2608
683 11924 551 2580
714 12082 523 2619
627 11047 527 2636
705 11645 523 2598
654 11531 524 2593
664 11684 554 2621
733 12301 523 2609
636 11249 536 2609
628 11152 554 2575
677 11628 536 2602
657 11605 551 2559
709 12553 527 2636
648 11253 565 2592
679 11762 563 2572
670 11354 524 2593
730 12781 568 2580
640 10701 527 2616
698 11918 524 2604
603 10476 551 2594
679 12017 551 2561
667 11647 554 2584
676 11738 551 2577
652 11423 524 2602
661 11428 527 2638
654 11443 577 2575
575 10080 527 2638
679 11942 524 2619
671 11189 536 2613
685 11898 554 2564
631 10731 551 2592
623 10760 536 2633
609 10713 527 2614
632 11134 527 2640
685 11763 523 2632
663 11543 533 2590
588 10181 527 2636
692 11162 523 2609
685 11620 551 2576
637 11264 524 2606
729 12447 527 2605
601 10593 523 2619
686 12085 527 2623
703 12053 524 2600
724 12402 527 2618
680 11637 554 2564
699 12033 551 2585
703 12248 551 2568
665 11447 536 2633
614 10449 524 2595
695 11736 524 2600
665 11633 523 2611
727 13003 554 2571
684 11577 536 2609
689 11714 527 2623
619 10835 527 2638
668 11558 527 2614
631 11191 527 2638
666 11296 527 2638
643 11479 551 2559
686 11057 524 2604
662 11162 527 2609
635 10989 527 2638
667 11839 536 2615
683 11940 527 2623
599 10372 523 2619
710 12525 533 2599
661 11702 551 2552
678 11951 554 2573
658 11724 563 2577
733 12024 551 2578
745 12357 524 2602
662 11375 551 2552
666 10898 527 2623
704 11719 551 2585
603 10505 542 2605
650 10886 527 2616
634 10971 554 2566
658 11603 551 2568
638 11495 527 2614
632 11045 542 2601
686 11303 551 2574
668 11220 527 2616
750 12634 542 2610
686 12180 542 2557
685 11426 551 2585
675 11473 527 2638
625 10920 536 2600
610 10822 524 2615
641 10969 554 2573
663 11712 541 2630
622 10885 527 2629
586 10255 523 2641
628 10695 527 2636
666 11807 563 2561
695 12039 536 2609
700 12198 524 2608
665 11120 527 2614
721 12695 536 2622
611 10768 523 2632
657 11248 527 2627
699 11740 542 2610
712 12475 551 2574
642 11070 524 2608
693 11452 523 2632
707 12170 536 2602
721 12269 523 2609
603 10626 524 2595
614 10663 527 2638
613 10651 527 2638
657 11598 527 2625
640 11407 554 2564
630 10751 527 2627
691 11601 536 2611
615 10829 524 2609
660 10695 523 2619
666 11818 563 2568
663 11971 577 2566
621 10629 524 2615
722 12041 524 2606
705 11583 527 2627
632 11158 523 2619
699 12261 542 2603
717 12965 563 2568
652 11526 551 2552
651 11512 527 2636
615 10389 527 2636
633 11036 542 2612
642 11406 554 2570
613 10768 541 2621
603 10381 554 2599
649 11441 542 2557
700 12451 524 2595
638 11312 542 2614
616 10750 524 2595
719 12042 527 2616
619 10485 527 2636
685 12123 551 2576
633 11033 524 2615
638 11189 524 2604
692 11391 551 2585
675 11923 554 2573
732 12726 527 2616
631 10905 542 2603
668 12004 563 2559
666 10974 523 2607
667 11762 563 2561
648 11298 527 2623
611 10773 524 2610
654 11100 527 2636
651 10827 524 2617
695 12323 523 2613
692 11691 554 2564
717 12991 551 2570
764 13196 554 2575
612 10552 527 2636
693 12279 527 2638
730 12887 563 2575
629 11063 527 2627
673 11312 551 2576
613 10851 554 2608
583 10269 527 2636
688 11961 527 2627
699 11139 527 2636
619 10928 542 2594
622 10831 542 2607
632 11119 527 2614
693 11666 527 2629
653 11361 527 2636
731 12503 554 2595
666 11453 523 2632
615 10935 527 2638
634 11082 554 2601
674 11880 542 2603
681 11272 532 2639
627 10734 527 2638
733 12757 527 2638
638 11314 551 2552
667 11058 527 2636
654 11374 542 2566
602 10229 551 2591
716 12395 551 2576
619 10579 542 2605
642 11183 545 2604
648 11294 527 2623
646 11412 565 2583
632 11050 542 2601
695 12026 527 2636
651 11591 575 2582
663 11397 527 2629
662 11752 533 2605
648 11341 523 2619
679 11497 536 2609
667 11390 527 2638
643 10819 551 2567
693 11720 524 2595
617 10666 532 2639
644 11381 524 2595
698 11920 551 2554
651 11291 527 2614
668 11535 527 2636
671 11870 565 2568
698 12144 542 2601
668 11415 542 2609
619 10807 551 2598
669 11492 551 2585
687 12152 542 2557
653 11603 523 2600
729 12493 554 2575
620 10754 551 2569
751 12749 524 2602
684 12188 563 2559
726 12274 524 2611
617 10824 527 2636
628 10624 532 2626
694 11909 568 2582
699 12147 527 2616
651 11498 524 2604
629 10851 527 2636
720 12421 523 2622
698 11913 536 2622
660 11345 523 2622
697 12082 554 2564
620 10675 523 2619
659 11591 551 2587
574 10032 527 2638
659 11682 551 2552
710 12347 523 2632
622 10761 554 2601
632 11092 536 2602
738 11691 533 2599
630 10849 551 2561
689 12240 554 2608
771 13087 527 2629
676 11896 542 2557
640 11030 527 2636
655 11596 554 2566
658 11055 523 2609
701 12132 551 2576
635 11203 565 2566
617 10783 542 2592
612 10878 524 2611
673 11374 527 2638
691 12082 542 2557
694 12021 554 2573
773 13164 524 2602
626 10957 527 2636
626 10764 565 2589
659 11368 524 2604
674 11622 551 2583
675 11576 566 2582
637 11093 524 2597
657 11456 551 2552
665 11688 551 2559
590 10164 542 2583
604 10522 533 2592
656 11260 524 2593
643 11038 527 2629
639 11398 527 2636
712 11775 523 2609
691 11571 536 2611
668 12130 551 2561
641 11143 542 2594
767 12707 524 2606
627 10990 527 2620
703 12163 554 2564
653 11498 527 2623
696 11975 536 2609
711 12115 536 2618
572 9984 527 2636
653 11125 527 2627
616 10723 563 2561
600 10611 527 2636
680 11775 527 2636
671 11673 523 2632
679 11823 536 2611
672 11559 527 2636
633 11073 541 2621
690 11769 542 2625
690 11788 551 2576
662 11677 577 2586
634 10897 524 2595
615 10860 524 2608
660 11606 565 2583
655 11162 536 2611
698 11933 554 2564
629 10538 527 2636
650 11525 554 2564
646 10718 527 2614
618 10847 542 2601
692 12245 551 2552
677 11605 527 2638
730 12860 536 2609
660 11869 563 2575
726 12656 551 2570
670 11481 554 2564
630 10810 551 2578
702 11557 524 2606
653 11486 565 2596
657 11489 527 2638
631 10403 527 2636
618 10940 527 2636
651 11428 551 2552
648 11182 527 2627
636 10895 527 2638
673 11537 551 2576
683 11764 551 2569
681 11863 551 2585
661 11596 554 2632
636 11284 563 2559
694 12170 524 2602
686 11493 536 2611
654 11428 568 2571
624 10793 554 2608
619 10509 523 2611
638 11319 523 2613
687 11879 554 2568
589 10189 527 2638
756 12803 527 2616
641 10684 527 2614
629 10952 527 2636
630 10587 523 2632
719 11896 527 2636
662 11470 524 2608
688 11793 551 2589
614 10516 527 2636
669 11444 536 2613
670 11911 551 2561
607 10318 527 2636
637 11098 527 2627
652 11320 527 2614
675 11904 527 2631
672 11329 527 2636
