8784 82.2504
693 11477 523 2577
679 11292 523 2583
591 9829 560 2527
628 10674 560 2533
668 11061 554 2553
686 11429 565 2528
698 11891 569 2509
628 10293 524 2536
627 10402 569 2522
649 10769 556 2553
618 10157 577 2546
677 10745 533 2527
677 11363 563 2572
702 11540 523 2579
593 9577 542 2522
657 10761 563 2524
606 10069 533 2565
618 10233 572 2537
612 10331 524 2532
616 10548 542 2531
712 11458 529 2628
692 11260 524 2550
695 11931 542 2576
713 12104 542 2526
653 10989 547 2578
613 9949 523 2546
725 12031 523 2572
657 10734 569 2533
608 10328 538 2539
645 10224 523 2575
701 11489 523 2595
748 12767 538 2625
646 11390 523 2550
629 10617 523 2561
680 11039 533 2571
623 10199 523 2539
701 11769 529 2635
626 10572 551 2521
628 10531 523 2577
674 11213 524 2567
606 10122 542 2533
605 9971 523 2566
591 9571 524 2541
669 10749 550 2582
620 10638 524 2562
675 11487 523 2577
689 11280 523 2573
687 11242 533 2531
689 10917 523 2629
665 10920 523 2559
711 11945 529 2626
603 9884 524 2548
612 9946 542 2551
636 10575 550 2601
686 11665 523 2627
714 12067 523 2555
675 11021 524 2541
637 10480 542 2524
593 9643 524 2532
609 10385 527 2546
759 12167 523 2574
651 11021 542 2537
642 10570 523 2588
684 11659 523 2603
669 11402 524 2540
692 11540 533 2529
667 11243 547 2549
725 12628 527 2575
586 9784 524 2541
765 12185 523 2586
608 10131 542 2522
707 11991 523 2610
662 10960 523 2543
639 10723 542 2531
700 11579 524 2593
712 11899 524 2552
567 9349 533 2538
695 11027 524 2560
732 11712 523 2631
658 10852 529 2562
673 11313 551 2519
640 10837 523 2629
611 10000 542 2524
657 11050 538 2594
778 12326 523 2614
688 11529 551 2552
642 10357 533 2567
631 10262 551 2555
642 10588 524 2593
702 11268 524 2534
772 12912 524 2572
695 11493 524 2554
659 11013 527 2546
719 12114 523 2561
701 11639 524 2545
762 12896 523 2608
698 11563 529 2573
699 11153 533 2540
603 9952 542 2546
680 11531 529 2559
