8 0.126702
823 13635 557 2736
748 13066 585 2661
733 13137 532 2779
708 12146 660 2673
653 10934 632 2773
652 11554 586 2828
643 11125 604 2780
758 12428 548 2741
643 10938 643 2805
715 12221 660 2671
730 12843 532 2786
676 11069 597 2690
682 11592 571 2712
653 11250 604 2773
707 12055 551 2739
710 11994 541 2744
682 11410 555 2753
726 12167 646 2675
667 11284 583 2719
663 11808 600 2822
660 11241 639 2751
694 11799 561 2728
738 12481 599 2675
693 11691 561 2730
647 11068 604 2782
671 11117 597 2690
748 13023 599 2668
735 12805 599 2677
683 11397 571 2712
673 11401 574 2724
685 11441 541 2746
686 11633 561 2735
668 11450 574 2724
685 11881 561 2728
735 12805 599 2677
666 11291 561 2737
738 12481 599 2675
726 12167 646 2675
748 13066 585 2661
666 11291 561 2737
673 11222 561 2737
663 11808 600 2822
734 12935 532 2779
653 11250 604 2773
660 11667 600 2826
734 12935 532 2779
653 11250 604 2773
748 13023 599 2668
660 11667 600 2826
682 11410 555 2753
735 12805 599 2677
670 11242 561 2737
666 11291 561 2737
748 13066 585 2661
735 12805 599 2677
748 13066 585 2661
748 13023 599 2668
748 13023 599 2668
748 13023 599 2668
666 11291 561 2737
666 11291 561 2737
771 12671 548 2741
748 13217 585 2661
737 13090 532 2786
708 12175 660 2673
660 11766 600 2835
660 10967 644 2780
643 10988 643 2805
726 12170 646 2675
735 12805 599 2686
670 11070 612 2786
696 11915 561 2728
661 11260 639 2751
683 11544 571 2712
740 12511 599 2675
735 13006 532 2793
661 11689 586 2828
672 11280 561 2737
682 11380 583 2719
669 11881 586 2806
666 11429 604 2773
679 11120 597 2690
658 11061 644 2776
744 13135 532 2779
694 11787 561 2732
726 12170 646 2675
687 11527 571 2714
688 11679 561 2735
661 11260 639 2751
685 11477 541 2746
643 10988 643 2805
672 11280 561 2737
647 11144 604 2780
666 11429 604 2773
748 13063 599 2668
679 11120 597 2690
738 12637 599 2675
679 11120 597 2690
679 11515 574 2724
643 11266 604 2780
671 11439 583 2719
686 11695 561 2735
672 11068 612 2786
679 11515 574 2724
744 13135 532 2779
685 11477 541 2746
661 11260 639 2751
647 11144 604 2780
661 11689 586 2828
660 11299 639 2751
669 11881 586 2806
643 10988 643 2805
658 11014 644 2780
685 11477 541 2746
661 11260 639 2751
647 11144 604 2780
748 13063 599 2668
685 11477 541 2746
679 11515 574 2724
680 11433 583 2719
737 13090 532 2786
738 13063 532 2786
679 11120 597 2690
658 11014 644 2780
658 11014 644 2780
738 13063 532 2786
738 12637 599 2675
658 11014 644 2780
671 11439 583 2719
661 11260 639 2751
660 10967 644 2780
643 10988 643 2805
661 11689 586 2828
748 13063 599 2668
748 13063 599 2668
748 13063 599 2668
748 13063 599 2668
744 13135 532 2779
744 13135 532 2779
744 13135 532 2779
685 11477 541 2746
685 11477 541 2746
679 11515 574 2724
679 11120 597 2690
672 11280 561 2737
672 11280 561 2737
661 11260 639 2751
661 11260 639 2751
661 11260 639 2751
660 10967 644 2780
658 11014 644 2780
658 11014 644 2780
658 11014 644 2780
658 11014 644 2780
658 11014 644 2780
647 11144 604 2780
647 11144 604 2780
647 11144 604 2780
647 11144 604 2780
647 11144 604 2780
647 11144 604 2780
647 11144 604 2780
643 10988 643 2805
643 10988 643 2805
790 13033 548 2741
765 13555 532 2779
749 13171 599 2668
722 12322 660 2682
662 11689 600 2835
658 11031 644 2780
643 11059 643 2805
722 12322 660 2682
661 11269 639 2751
694 11656 541 2746
753 12785 599 2675
667 11833 586 2828
680 11212 597 2690
726 12183 646 2675
666 11505 604 2773
673 11092 612 2786
671 11450 583 2719
669 11932 586 2806
670 11108 612 2786
675 11307 561 2737
671 11439 595 2726
738 13093 532 2786
739 12837 599 2677
704 11987 561 2728
688 11685 561 2735
683 11595 571 2712
704 11987 561 2728
704 11987 561 2728
726 12183 646 2675
669 11932 586 2806
683 11555 574 2724
647 11150 604 2780
683 11595 571 2712
661 11269 639 2751
751 13071 608 2672
647 11150 604 2780
643 11059 643 2805
722 12322 660 2682
738 13093 532 2786
751 13071 608 2672
658 11062 644 2776
683 11555 574 2724
739 12837 599 2677
658 11031 644 2780
683 11595 571 2712
675 11307 561 2737
683 11595 571 2712
683 11595 571 2712
675 11307 561 2737
683 11595 571 2712
704 11987 561 2728
704 11987 561 2728
722 12322 660 2682
704 11987 561 2728
704 11987 561 2728
704 11987 561 2728
704 11987 561 2728
704 11987 561 2728
704 11987 561 2728
683 11595 571 2712
683 11595 571 2712
683 11595 571 2712
683 11595 571 2712
683 11595 571 2712
683 11595 571 2712
683 11595 571 2712
683 11595 571 2712
683 11595 571 2712
683 11595 571 2712
802 13291 548 2741
771 13520 599 2668
769 13635 532 2779
726 12195 646 2675
703 11060 644 2780
662 11734 600 2835
643 11121 643 2805
661 11286 639 2751
710 12081 561 2728
686 11245 597 2690
726 12195 646 2675
653 11310 616 2780
753 12937 599 2675
684 11692 571 2712
699 11750 541 2746
750 13103 599 2677
669 11917 586 2828
675 11368 561 2737
738 13110 532 2786
643 11121 643 2805
672 11984 600 2813
687 11613 571 2712
753 12937 599 2675
667 11530 604 2773
738 13110 532 2786
666 11525 604 2776
683 11502 583 2719
683 11502 583 2719
694 11597 583 2717
694 11855 561 2735
667 11935 600 2828
662 11734 600 2835
698 11835 561 2735
673 11096 612 2786
667 11530 604 2773
670 11152 612 2786
683 11502 583 2719
670 11152 612 2786
673 11096 612 2786
658 11103 644 2776
667 11935 600 2828
655 11304 604 2780
683 11502 583 2719
658 11094 644 2780
662 11734 600 2835
694 11855 561 2735
694 11597 583 2717
673 11096 612 2786
658 11094 644 2780
683 11502 583 2719
658 11103 644 2776
683 11502 583 2719
683 11502 583 2719
683 11502 583 2719
683 11502 583 2719
683 11502 583 2719
683 11502 583 2719
673 11096 612 2786
673 11096 612 2786
673 11096 612 2786
810 13432 548 2741
769 13653 532 2779
726 12201 646 2675
673 11152 612 2788
662 11744 600 2835
643 11176 643 2805
751 12519 560 2748
662 11322 639 2751
760 13086 599 2675
689 11268 597 2690
744 13207 532 2786
810 13432 548 2741
672 11926 586 2828
720 12355 541 2763
688 11191 612 2786
710 12155 541 2772
694 11634 571 2712
707 12363 541 2785
698 11845 561 2735
687 11675 574 2724
687 11702 571 2712
683 11530 583 2719
710 12134 561 2728
666 11440 604 2780
810 13432 548 2741
697 11952 561 2735
686 11353 612 2786
683 11530 583 2719
682 11402 604 2780
675 11411 561 2737
669 11932 586 2828
681 11409 561 2737
810 13432 548 2741
670 11157 644 2780
669 11932 586 2828
687 11702 571 2712
669 11932 586 2828
810 13432 548 2741
810 13432 548 2741
669 11932 586 2828
669 11932 586 2828
669 11932 586 2828
669 11932 586 2828
813 13492 548 2741
779 13835 532 2779
740 12457 660 2682
673 11928 600 2835
643 11201 643 2805
672 11343 639 2753
693 12497 617 2694
774 12770 560 2748
687 11376 612 2786
676 11957 586 2828
774 12770 560 2748
720 12355 541 2772
686 11553 583 2719
696 11340 597 2690
710 12172 561 2728
677 11892 586 2806
689 11713 574 2724
694 11815 583 2717
720 12355 541 2772
710 12172 561 2728
688 11802 574 2724
698 11867 561 2735
698 11867 561 2735
698 11867 561 2735
710 12172 561 2728
710 12172 561 2728
698 11867 561 2735
823 13614 548 2741
723 12410 617 2694
722 12322 660 2695
683 12233 600 2835
655 11299 643 2805
653 11403 643 2805
818 13564 560 2744
715 12619 617 2694
724 12393 561 2728
681 11472 644 2780
704 12218 647 2710
701 12046 574 2724
690 11825 583 2719
701 11760 583 2719
700 12526 617 2699
701 11967 561 2735
864 14221 548 2741
723 12430 617 2694
718 12234 647 2710
702 12236 600 2835
659 11302 643 2805
744 12482 561 2728
699 12426 586 2806
706 11893 583 2719
719 12315 574 2724
718 12234 647 2710
865 14299 548 2741
824 14286 625 2716
708 12010 583 2719
782 13208 637 2729
720 12330 586 2828
717 12408 639 2751
739 12737 615 2755
