26 11.5284
734 11764 542 2523
712 12407 523 2553
674 11190 569 2514
643 10618 523 2562
535 9084 523 2656
535 9084 523 2656
563 9442 536 2646
649 10622 560 2524
608 10265 524 2559
687 12034 523 2555
732 12014 560 2522
636 10273 542 2531
611 10353 551 2551
663 11472 523 2557
606 10317 533 2571
603 9918 551 2562
671 11071 569 2523
571 9611 533 2633
617 10454 542 2536
577 9527 523 2611
732 12014 560 2522
583 9722 524 2594
549 9346 523 2648
675 11345 551 2527
612 10438 533 2541
623 10780 523 2564
587 9947 524 2585
686 11213 551 2529
571 9611 533 2633
667 10886 524 2548
671 11759 533 2538
687 11792 524 2542
590 10068 523 2576
580 9834 523 2588
584 9557 524 2609
639 10992 524 2550
540 9202 523 2652
597 9607 523 2602
673 11028 524 2546
635 11090 560 2533
617 10533 569 2533
669 11385 542 2528
592 9644 533 2585
595 9624 523 2602
631 10750 523 2562
594 9850 533 2572
540 9202 523 2652
606 10681 523 2570
552 9413 524 2647
648 11205 533 2539
540 9202 523 2652
620 10464 569 2533
600 10095 551 2553
602 10184 523 2574
581 10365 523 2576
622 10760 524 2552
606 10681 523 2570
601 10215 524 2574
552 9413 524 2647
590 9767 533 2585
540 9202 523 2652
552 9413 524 2647
577 9527 523 2611
632 10748 523 2564
604 10094 551 2553
671 11071 569 2523
590 9767 533 2585
604 10094 551 2553
596 10456 523 2574
587 10350 523 2576
632 10748 523 2564
577 9527 523 2611
612 10342 542 2540
606 10317 533 2571
612 10342 542 2540
632 10748 523 2564
596 10456 523 2574
577 9527 523 2611
603 9918 551 2562
581 10365 523 2576
590 10068 523 2576
597 9607 523 2602
596 10456 523 2574
603 9918 551 2562
596 10456 523 2574
587 10350 523 2576
732 12014 560 2522
732 12014 560 2522
732 12014 560 2522
732 12014 560 2522
632 10748 523 2564
632 10748 523 2564
632 10748 523 2564
604 10094 551 2553
597 9607 523 2602
596 10456 523 2574
577 9527 523 2611
577 9527 523 2611
577 9527 523 2611
577 9527 523 2611
552 9413 524 2647
552 9413 524 2647
785 12616 542 2526
674 11226 569 2514
671 11087 569 2523
587 9759 523 2611
540 9214 523 2652
570 9545 536 2646
735 12325 560 2522
712 12171 551 2527
743 12300 533 2540
622 10029 542 2578
724 11535 542 2530
561 9364 523 2650
636 10921 551 2535
642 10911 560 2536
584 9651 524 2609
683 11604 524 2550
580 9727 533 2633
657 10856 569 2525
599 10053 533 2572
740 12074 551 2526
751 12321 560 2522
582 9722 523 2619
701 11339 551 2530
711 12505 523 2555
615 9821 523 2602
689 12139 524 2544
658 10732 542 2531
632 10785 523 2564
602 9848 523 2595
685 11160 524 2548
665 10927 560 2524
580 9892 523 2588
674 11431 551 2530
571 9606 524 2647
615 10594 523 2574
674 11226 569 2514
608 10317 524 2559
612 9954 551 2562
601 10226 524 2574
597 10313 523 2579
583 9788 524 2594
667 11552 523 2557
598 9626 524 2609
612 10442 533 2541
650 10885 569 2525
620 10474 569 2533
644 10359 542 2533
627 10842 524 2554
617 10384 542 2545
598 10228 523 2576
592 9684 533 2585
637 10811 523 2562
637 10561 542 2538
592 10041 524 2585
630 11091 551 2538
592 9684 533 2585
596 10315 523 2579
657 10856 569 2525
620 10582 542 2540
633 10862 524 2552
612 10363 551 2551
628 10899 524 2552
580 9892 523 2588
630 10395 542 2540
628 10899 524 2552
630 10395 542 2540
580 9892 523 2588
584 9651 524 2609
630 10395 542 2540
657 10856 569 2525
642 10911 560 2536
628 10899 524 2552
628 10899 524 2552
642 10911 560 2536
628 10899 524 2552
628 10899 524 2552
674 11226 569 2514
642 10911 560 2536
642 10911 560 2536
630 10395 542 2540
630 10395 542 2540
628 10899 524 2552
628 10899 524 2552
628 10899 524 2552
592 9684 533 2585
592 9684 533 2585
592 9684 533 2585
592 9684 533 2585
592 9684 533 2585
592 9684 533 2585
580 9892 523 2588
580 9892 523 2588
757 12580 533 2540
684 11255 569 2514
678 11762 523 2559
597 9733 524 2609
583 9819 524 2649
578 9776 536 2646
730 12284 551 2528
674 11440 551 2530
673 11021 560 2524
583 9754 533 2633
704 12486 524 2550
750 12129 542 2530
620 10519 569 2533
673 11021 560 2524
757 12580 533 2540
606 10689 527 2577
658 10776 542 2531
627 10923 542 2540
588 9912 523 2588
730 12284 551 2528
685 11926 523 2557
711 12514 523 2555
602 9876 523 2595
677 11286 569 2514
711 11190 524 2548
610 9867 523 2602
646 10813 560 2538
605 10005 533 2585
615 10124 533 2576
663 11398 524 2552
638 11044 523 2562
612 10674 524 2570
647 10403 533 2559
664 10953 524 2559
639 10874 523 2562
648 11161 524 2557
682 11927 523 2557
652 10519 542 2533
611 10301 533 2576
627 10740 523 2574
623 10922 524 2568
618 10395 551 2551
631 10510 523 2578
613 10340 533 2565
608 10462 524 2574
631 10443 542 2540
613 10340 533 2565
606 10683 533 2581
624 10892 523 2579
625 10416 524 2581
608 10070 542 2580
608 10070 542 2580
619 10910 523 2576
757 12580 533 2540
682 11927 523 2557
620 10519 569 2533
631 10443 542 2540
757 12580 533 2540
682 11927 523 2557
613 10340 533 2565
759 12765 551 2528
740 13250 524 2550
698 11622 569 2523
665 11066 569 2532
612 9898 523 2602
590 9959 524 2647
590 9959 524 2647
592 9919 533 2633
757 12489 533 2549
710 11852 560 2528
622 10296 533 2585
661 10707 542 2533
693 11120 542 2531
718 12624 523 2555
625 10474 551 2551
689 11854 569 2527
681 11540 560 2530
753 12189 542 2530
602 9932 523 2588
628 10236 533 2576
649 10877 523 2577
635 10495 542 2540
609 9930 533 2599
641 11221 524 2568
646 11254 523 2568
659 11066 523 2562
674 11664 569 2531
679 12012 524 2552
687 11445 524 2557
625 10651 524 2582
620 10559 569 2533
682 11946 523 2557
660 11215 542 2535
634 10919 542 2561
667 11949 524 2559
626 10962 523 2576
757 12507 524 2551
681 11858 524 2559
666 11486 533 2552
760 12319 542 2530
718 12645 523 2555
706 11845 569 2523
620 10576 569 2533
605 9972 523 2588
590 9965 524 2647
650 11138 551 2548
657 10778 533 2577
678 10876 542 2536
635 10852 542 2554
640 11143 533 2585
667 11251 560 2536
687 11656 524 2557
737 11904 542 2534
693 11768 560 2532
682 11927 523 2566
722 11671 551 2532
664 11413 551 2539
650 11034 524 2581
639 10706 542 2571
672 11234 523 2572
658 11215 551 2540
712 12148 542 2531
711 11555 524 2559
625 10794 551 2558
691 12172 523 2559
694 12480 524 2552
644 10831 551 2549
722 11671 551 2532
699 12439 523 2557
667 11639 551 2535
702 12238 523 2557
697 12152 524 2552
703 11760 551 2532
722 11671 551 2532
767 12453 542 2530
741 12128 569 2525
740 12768 523 2555
728 12902 524 2568
716 11971 572 2529
592 10027 524 2647
590 10160 524 2649
611 10295 524 2594
673 11506 551 2555
632 10180 524 2618
698 11556 560 2544
658 10933 533 2581
646 11055 569 2535
698 11934 533 2559
681 11326 542 2545
686 11917 542 2538
697 12175 560 2536
654 11063 542 2558
689 11882 551 2538
630 10863 523 2588
639 10582 524 2590
751 12805 533 2552
714 12236 523 2577
662 10603 523 2602
605 10246 523 2604
616 10194 524 2609
724 11815 551 2532
751 12677 542 2531
618 10289 524 2600
656 11064 524 2585
744 12020 542 2534
701 12396 523 2587
717 12159 542 2535
702 11908 524 2583
710 11830 551 2532
703 11883 523 2587
697 11847 569 2534
706 11839 551 2532
706 11839 551 2532
759 12835 524 2563
720 12868 524 2577
714 11951 551 2532
639 10337 523 2614
592 10115 524 2647
654 11038 551 2596
707 12244 542 2544
672 11171 542 2563
685 11317 533 2581
627 10442 523 2636
691 11522 551 2552
639 10497 524 2602
630 10496 533 2601
711 12381 533 2571
668 10571 524 2601
648 11060 523 2588
685 11711 542 2545
750 12129 542 2534
632 10455 523 2604
750 12129 542 2534
750 12129 542 2534
750 12129 542 2534
783 13246 542 2552
717 12028 551 2532
689 11798 560 2555
643 10810 523 2606
637 10996 523 2654
594 10180 524 2647
757 12580 545 2547
636 10761 524 2631
715 12157 551 2558
686 11612 542 2570
655 11364 524 2595
687 11473 533 2581
665 11649 533 2593
717 12028 551 2532
697 11818 523 2591
660 11206 524 2594
717 12036 551 2532
712 12098 542 2577
658 10829 523 2607
605 10236 524 2647
655 11377 533 2646
684 11618 524 2596
717 11725 542 2578
707 12049 523 2603
731 12086 551 2532
730 12242 572 2539
664 11040 523 2654
670 11177 523 2609
691 11045 523 2620
762 12784 551 2534
676 11274 523 2667
682 11758 523 2611
681 11307 523 2641
694 11608 523 2647
684 11564 523 2658
638 11054 523 2552
620 10511 524 2540
566 9570 542 2574
558 9203 523 2599
545 8889 523 2621
537 8969 523 2613
578 10106 536 2565
595 9508 524 2582
569 9404 533 2585
562 9447 542 2579
604 9908 523 2568
584 9947 524 2549
565 9604 533 2570
589 10108 523 2554
548 9048 524 2590
558 9203 523 2599
558 9203 523 2599
545 8964 524 2612
571 9727 524 2573
589 10108 523 2554
568 9347 523 2588
567 9250 523 2595
573 9576 523 2581
564 9321 523 2590
560 9422 524 2584
595 9508 524 2582
578 9519 524 2581
581 10075 523 2572
567 9250 523 2595
570 9724 523 2575
589 10108 523 2554
546 8961 524 2599
581 10085 523 2570
569 9461 533 2579
570 9724 523 2575
581 10075 523 2572
569 9582 524 2582
545 9033 524 2599
548 9048 524 2590
558 9203 523 2599
569 9404 533 2585
545 9033 524 2599
569 9404 533 2585
581 10085 523 2570
569 9582 524 2582
589 10108 523 2554
581 10085 523 2570
558 9203 523 2599
558 9203 523 2599
548 9048 524 2590
548 9048 524 2590
548 9048 524 2590
548 9048 524 2590
682 11404 524 2543
652 11552 524 2545
562 9460 542 2579
546 9059 523 2613
546 8991 524 2599
545 9070 523 2617
631 10776 542 2547
545 9129 524 2601
572 9660 533 2570
652 11261 524 2547
562 9460 542 2579
571 9928 536 2572
589 10117 523 2554
573 9457 533 2585
606 10261 524 2549
586 10159 524 2567
609 10015 523 2568
601 9931 523 2583
571 9928 536 2572
591 9946 523 2578
578 9384 523 2595
581 9814 524 2573
545 9100 524 2610
558 9220 523 2599
569 9531 533 2579
578 9384 523 2595
569 9481 523 2588
605 10039 524 2571
590 9971 523 2580
558 9220 523 2599
572 9660 533 2570
549 9052 523 2613
549 9053 524 2590
581 10138 523 2570
549 9052 523 2613
545 9013 524 2612
581 9814 524 2573
546 8991 524 2599
586 10159 524 2567
606 10261 524 2549
545 9100 524 2610
586 10159 524 2567
549 9053 524 2590
606 10261 524 2549
549 9052 523 2613
546 9059 523 2613
586 10159 524 2567
562 9460 542 2579
546 8991 524 2599
546 9059 523 2613
546 9059 523 2613
606 10261 524 2549
606 10261 524 2549
586 10159 524 2567
586 10159 524 2567
562 9460 542 2579
562 9460 542 2579
562 9460 542 2579
562 9460 542 2579
562 9460 542 2579
558 9220 523 2599
549 9052 523 2613
546 9059 523 2613
546 8991 524 2599
663 11696 524 2545
590 10285 523 2570
562 9464 542 2579
546 9061 523 2613
546 8997 524 2599
545 9015 524 2612
633 10797 542 2547
569 9531 533 2581
606 10289 524 2549
545 9015 524 2612
562 9462 542 2583
571 10007 536 2572
594 10141 523 2554
623 10113 523 2577
633 10797 542 2547
558 9220 523 2608
578 9399 523 2595
552 9097 524 2590
581 9879 524 2573
571 10007 536 2572
589 10209 524 2567
569 9484 523 2588
578 9756 533 2570
569 9551 533 2579
558 9249 523 2599
589 10209 524 2567
569 9551 533 2579
562 9462 542 2583
546 8997 524 2599
633 10797 542 2547
545 9015 524 2612
545 9015 524 2612
545 9015 524 2612
545 9015 524 2612
571 10007 536 2572
569 9551 533 2579
545 9015 524 2612
545 9015 524 2612
545 9015 524 2612
545 9015 524 2612
545 9015 524 2612
545 9015 524 2612
545 9015 524 2612
545 9015 524 2612
545 9015 524 2612
545 9015 524 2612
663 11775 524 2545
633 10803 542 2547
569 9495 523 2588
546 9065 523 2613
546 8998 524 2599
545 9036 524 2612
646 11244 523 2554
614 10145 533 2566
627 10302 542 2558
589 9884 536 2572
576 9666 533 2583
572 10045 536 2572
562 9331 523 2604
553 9170 524 2592
648 10626 523 2559
567 9374 523 2599
625 10415 524 2556
600 10299 523 2572
612 10567 524 2560
578 9695 533 2579
610 10698 524 2560
581 9893 524 2573
581 9879 524 2582
555 9135 524 2597
617 10198 523 2563
556 9109 524 2590
620 10496 524 2549
562 9480 542 2579
611 10271 523 2575
590 10320 523 2570
595 10339 524 2567
614 10759 523 2565
569 9495 523 2588
618 10615 542 2558
620 10496 524 2549
594 10300 523 2574
614 10157 523 2568
562 9480 542 2579
683 11866 524 2548
674 11116 542 2548
673 11896 524 2545
546 9073 523 2613
546 9016 524 2599
545 9064 524 2612
583 10095 536 2572
590 10386 527 2577
659 11474 523 2554
555 9219 533 2594
616 10670 533 2562
576 9709 533 2585
569 9505 523 2588
638 10668 524 2549
626 10435 524 2556
600 9909 524 2586
655 10737 523 2559
612 10852 524 2560
634 10685 524 2549
557 9320 524 2590
563 9235 524 2590
606 10273 524 2573
595 10041 533 2579
615 10240 524 2581
595 10365 523 2570
621 10778 524 2558
617 10187 523 2575
596 10357 524 2567
620 10834 523 2565
617 10433 524 2563
596 10357 524 2567
596 10357 524 2567
687 11476 542 2548
676 11936 524 2545
673 11948 524 2545
548 9025 524 2599
546 9074 523 2613
545 9134 524 2612
608 10426 533 2571
603 10063 533 2579
563 9420 524 2590
573 9566 523 2588
635 10452 542 2558
592 10348 536 2572
656 11671 523 2565
642 11242 523 2568
633 10558 524 2556
635 10695 524 2549
589 10386 536 2572
623 10973 523 2569
615 10879 533 2562
607 10346 533 2574
601 10096 533 2579
581 9544 523 2612
661 10936 523 2559
620 10911 524 2560
603 10404 523 2572
609 10374 523 2570
596 10441 524 2567
600 10437 524 2567
603 10404 523 2572
713 12144 523 2560
673 11954 524 2545
647 10664 542 2558
549 9054 524 2612
546 9077 523 2613
596 10483 536 2572
643 11052 533 2549
604 10107 533 2585
583 9579 523 2599
573 9622 523 2588
692 11430 523 2567
696 11758 523 2563
552 9093 524 2599
610 10322 533 2581
622 10393 523 2577
640 11199 524 2560
551 9214 524 2610
675 11928 523 2564
574 9604 523 2588
650 10892 524 2549
657 10789 524 2549
621 10629 523 2570
641 10947 533 2555
547 9253 524 2612
605 10529 524 2567
673 11953 524 2548
649 10847 524 2556
673 11954 524 2545
673 11953 524 2548
673 11954 524 2545
673 11954 524 2545
673 11953 524 2548
709 12280 523 2564
679 12057 524 2545
656 10893 542 2558
640 10817 523 2571
549 9063 524 2612
546 9097 523 2613
573 9640 523 2588
620 10442 533 2583
555 9113 524 2599
603 10537 536 2576
622 10550 527 2568
673 11961 524 2548
647 11233 524 2567
628 10652 524 2569
656 10977 524 2549
608 10723 536 2572
679 12057 524 2545
655 10905 524 2555
644 10735 523 2583
625 10524 523 2587
620 10692 524 2573
622 10905 523 2570
679 12057 524 2545
679 12057 524 2545
711 12519 523 2564
686 12163 524 2545
633 10859 545 2571
561 9106 524 2616
552 9108 524 2612
630 10610 533 2573
627 10699 542 2574
592 9991 542 2592
598 10147 523 2588
575 9711 524 2597
561 9424 524 2599
665 11308 523 2585
652 11603 524 2570
619 10672 542 2582
673 11963 524 2548
671 11961 524 2552
653 11238 524 2567
659 10921 524 2556
634 10880 524 2573
685 11620 523 2576
672 11641 524 2555
565 9210 523 2613
657 11617 524 2560
663 11627 523 2581
564 9335 524 2599
562 9260 523 2613
663 11627 523 2581
752 12559 523 2569
729 12645 523 2564
688 12168 524 2545
638 10957 542 2583
564 9323 523 2613
554 9140 524 2612
651 11166 536 2578
572 9498 524 2599
645 10957 533 2583
604 10159 524 2588
601 10508 523 2589
607 10343 523 2594
674 11674 524 2555
675 11617 533 2563
679 11969 524 2548
631 10352 523 2589
659 11501 524 2565
662 11249 524 2580
642 11117 533 2579
679 11327 524 2565
735 12684 523 2593
695 12413 524 2545
674 11549 536 2579
620 10671 523 2594
564 9335 523 2613
557 9156 524 2612
555 9202 524 2612
627 10232 533 2592
655 11237 536 2581
666 11740 524 2572
581 9562 524 2603
680 12036 524 2548
629 10671 524 2588
675 11697 524 2555
575 9698 524 2601
675 11697 524 2555
576 9641 524 2599
578 9582 524 2599
717 12875 524 2545
662 11333 542 2585
578 9498 523 2613
555 9261 524 2612
655 11258 542 2587
594 10097 524 2601
683 12153 524 2548
678 11760 524 2573
678 11950 524 2558
634 11089 523 2606
647 10685 523 2601
646 11594 523 2594
654 10757 524 2593
635 10857 523 2609
645 11044 523 2602
648 10901 524 2588
641 10902 524 2588
741 12806 527 2559
736 13139 524 2549
581 9576 523 2613
563 9264 524 2612
561 9304 524 2612
677 11980 527 2588
625 10335 524 2603
647 10880 523 2605
722 12420 523 2598
707 12441 524 2569
720 11767 524 2588
694 12268 524 2576
719 12225 527 2579
723 12192 524 2589
713 12501 524 2576
617 9893 523 2617
612 10029 523 2617
573 9309 524 2612
567 9388 524 2612
722 12660 524 2576
573 9449 524 2612
758 12844 524 2577
606 10151 524 2612
633 10785 524 2619
699 11618 533 2538
695 12174 524 2541
691 11370 542 2530
573 9438 523 2557
559 9427 523 2564
689 11178 542 2540
568 9772 533 2553
630 10603 523 2544
656 11125 524 2542
612 10011 523 2546
584 9581 524 2550
560 9494 523 2559
611 10289 523 2553
578 9648 524 2543
611 10289 523 2553
578 9582 524 2550
578 9643 523 2555
679 11226 542 2542
673 11378 542 2544
573 9520 523 2564
559 9457 523 2566
627 10524 523 2553
657 11108 524 2545
575 9912 533 2553
584 9600 524 2550
623 10092 533 2545
570 9717 524 2561
602 10089 524 2548
607 10110 533 2545
589 9666 523 2555
579 9525 523 2557
576 9601 523 2562
573 9520 523 2564
573 9520 523 2564
689 11496 542 2542
579 9654 523 2564
559 9462 523 2566
611 10390 524 2548
575 9968 533 2553
622 10230 533 2545
628 10152 533 2545
570 9745 524 2561
594 9790 523 2555
628 10152 533 2545
593 9697 524 2550
588 9669 524 2557
592 9905 523 2555
578 9761 523 2564
587 9747 524 2559
587 9747 524 2559
628 10152 533 2545
628 10152 533 2545
705 11675 542 2542
559 9471 523 2566
559 9471 523 2566
559 9471 523 2566
611 10605 533 2548
579 9986 524 2562
585 9976 533 2559
646 10567 524 2548
585 9976 533 2559
631 10385 533 2545
632 10253 533 2545
580 10012 533 2553
576 10080 533 2561
588 9678 524 2557
597 9866 523 2555
559 9471 523 2566
593 9729 524 2550
594 9795 523 2557
601 9810 523 2555
578 9786 523 2564
631 10585 524 2548
593 9729 524 2550
587 9764 524 2559
601 9810 523 2555
578 9977 533 2561
579 9678 523 2564
593 9729 524 2550
585 9984 533 2555
579 9678 523 2564
578 9977 533 2561
601 9810 523 2555
559 9471 523 2566
559 9471 523 2566
559 9471 523 2566
559 9471 523 2566
559 9471 523 2566
711 11698 542 2542
559 9477 523 2566
559 9477 523 2566
559 9477 523 2566
711 11698 542 2542
635 10400 533 2545
578 9991 533 2561
633 10760 533 2546
593 9769 524 2550
631 10637 524 2548
585 9982 533 2559
584 10088 533 2553
601 9854 523 2555
598 9888 523 2557
579 9701 523 2564
593 9769 524 2550
582 10150 533 2558
579 9996 524 2562
601 9854 523 2555
587 9775 524 2559
711 11698 542 2542
559 9477 523 2566
578 9874 523 2564
587 9775 524 2559
559 9477 523 2566
582 10150 533 2558
559 9477 523 2566
588 9992 533 2555
585 10013 533 2555
585 10013 533 2555
711 11698 542 2542
601 9854 523 2555
601 9854 523 2555
593 9769 524 2550
593 9769 524 2550
585 10013 533 2555
582 10150 533 2558
559 9477 523 2566
559 9477 523 2566
559 9477 523 2566
559 9477 523 2566
559 9477 523 2566
559 9477 523 2566
559 9477 523 2566
559 9477 523 2566
559 9477 523 2566
711 11705 542 2542
559 9480 523 2566
559 9477 523 2575
711 11705 542 2542
635 10602 533 2545
633 10808 533 2546
585 9702 533 2564
579 10023 524 2562
593 9815 524 2550
610 9886 523 2560
587 10193 524 2561
589 10117 524 2559
578 9970 533 2565
579 9705 523 2564
604 9896 523 2555
585 10026 533 2555
598 9893 523 2557
585 9702 533 2564
598 9893 523 2557
604 9896 523 2555
579 10023 524 2562
604 9896 523 2555
578 10010 533 2561
579 10023 524 2562
578 9970 533 2565
578 10010 533 2561
578 9970 533 2565
578 9970 533 2565
604 9896 523 2555
604 9896 523 2555
604 9896 523 2555
604 9896 523 2555
604 9896 523 2555
604 9896 523 2555
585 9702 533 2564
579 10023 524 2562
578 9970 533 2565
578 9970 533 2565
711 11708 542 2542
560 9489 523 2566
559 9493 523 2566
637 10858 533 2546
598 9757 533 2564
579 10121 524 2562
659 10705 533 2545
594 9864 542 2559
598 10453 533 2554
603 9856 524 2550
635 10806 533 2547
653 11126 533 2545
587 10251 533 2558
604 9901 523 2555
657 11014 533 2545
578 10002 533 2565
598 9920 523 2557
578 10041 533 2561
649 10752 533 2547
580 9802 523 2564
590 10093 533 2555
589 10037 533 2559
584 10068 524 2562
587 9800 523 2564
578 10002 533 2565
658 10718 533 2547
597 10002 533 2555
585 9773 533 2564
578 10002 533 2565
711 11710 542 2542
559 9496 523 2566
579 10132 524 2562
611 10051 524 2550
649 10777 533 2547
601 10527 533 2554
649 10777 533 2547
670 10920 533 2545
590 10250 533 2558
664 11160 533 2545
598 9969 523 2557
637 10868 533 2546
595 10223 533 2555
598 9778 533 2564
585 9831 523 2564
578 10058 533 2565
604 9906 523 2555
637 10844 533 2547
669 11123 533 2545
658 10763 533 2547
578 10071 533 2561
664 11160 533 2545
649 10777 533 2547
637 10868 533 2546
590 10250 533 2558
583 10054 533 2565
649 10777 533 2547
578 10071 533 2561
658 10763 533 2547
664 11160 533 2545
637 10868 533 2546
637 10868 533 2546
598 9778 533 2564
664 11160 533 2545
664 11160 533 2545
664 11160 533 2545
664 11160 533 2545
649 10777 533 2547
649 10777 533 2547
649 10777 533 2547
637 10868 533 2546
637 10868 533 2546
717 11733 542 2542
561 9496 523 2566
559 9503 523 2566
717 11733 542 2542
614 10119 524 2550
664 11161 533 2545
578 10077 533 2561
649 10780 533 2547
597 10349 533 2558
604 9924 523 2555
637 10924 533 2546
589 9844 523 2564
603 10229 524 2560
680 11050 533 2545
583 10145 524 2562
581 10060 533 2565
680 11050 533 2545
680 11050 533 2545
587 9894 523 2564
578 10077 533 2561
680 11050 533 2545
724 11826 542 2542
628 10152 547 2552
565 9501 523 2566
561 9502 523 2566
561 9502 523 2566
559 9525 523 2566
664 11210 533 2545
605 9857 533 2564
623 10475 524 2551
604 10044 523 2555
655 11166 533 2546
649 10783 533 2547
578 10114 533 2561
628 10189 542 2551
649 10874 524 2550
623 10340 533 2550
614 10306 524 2552
586 10153 524 2562
655 11166 533 2546
589 9926 523 2564
591 9860 523 2564
561 9502 523 2566
561 9502 523 2566
727 11871 542 2542
725 11949 542 2542
562 9517 523 2566
559 9527 523 2566
676 11293 533 2545
592 9895 533 2564
627 10345 542 2551
605 10173 524 2559
623 10466 524 2552
608 10173 523 2555
673 11346 533 2545
727 11871 542 2542
656 11215 533 2546
589 9945 523 2564
649 10860 533 2547
656 10780 533 2550
599 10430 533 2561
643 10836 524 2551
590 10218 524 2562
606 10115 523 2557
649 11252 524 2550
604 10217 524 2557
676 11293 533 2545
652 10783 533 2547
676 11293 533 2545
676 11293 533 2545
737 12099 542 2542
566 9541 523 2566
674 11704 524 2550
669 11590 533 2546
676 11295 533 2545
611 10505 533 2555
590 10026 523 2564
653 10879 533 2547
623 10481 524 2552
615 10293 524 2561
610 10600 533 2558
605 10476 524 2562
654 10857 533 2547
619 10255 523 2555
616 10238 523 2557
610 10134 523 2562
676 11304 533 2545
668 11718 524 2553
614 10509 542 2560
571 9555 523 2580
570 9558 523 2566
569 9747 523 2566
595 10253 533 2565
624 10585 524 2557
621 10564 533 2555
658 11074 533 2547
616 10225 523 2562
634 10650 533 2554
659 10896 533 2549
617 10795 533 2558
630 10392 523 2555
630 11001 533 2554
625 10512 523 2555
698 11409 533 2545
669 11446 533 2550
573 9585 523 2573
571 10033 563 2701
571 10033 563 2701
596 10458 533 2565
630 10405 523 2555
621 10754 533 2560
573 9780 524 2568
629 10931 533 2559
678 11440 533 2545
577 9623 523 2566
628 10812 523 2560
575 9792 523 2566
731 12484 533 2545
625 10484 533 2565
578 9603 523 2578
578 9603 523 2578
577 10072 523 2642
573 9798 524 2568
701 11895 533 2547
640 11071 523 2555
651 10708 523 2555
618 10789 533 2565
583 9626 523 2573
634 10728 523 2557
580 9827 523 2566
636 10512 533 2559
578 9678 523 2573
639 10890 523 2556
638 10576 533 2556
625 10484 533 2565
625 10484 533 2565
723 12314 523 2556
701 12149 542 2547
612 9831 523 2566
581 10077 523 2567
702 11896 533 2552
634 10927 524 2557
646 10899 523 2560
589 9884 524 2566
585 10006 523 2566
743 12791 533 2552
652 11562 542 2558
590 10059 523 2566
589 10219 523 2567
671 10980 524 2559
639 10953 524 2563
698 11476 523 2564
699 11696 523 2565
698 11475 524 2559
673 11451 533 2561
622 10114 524 2566
597 10164 523 2569
649 11128 533 2565
597 10221 523 2566
676 11390 533 2559
713 12070 533 2559
625 10452 523 2604
613 10733 524 2566
651 11182 533 2565
699 11856 524 2564
632 11094 523 2575
691 11778 533 2561
699 11714 523 2565
641 10645 523 2566
626 10598 524 2566
659 11357 523 2570
651 11395 533 2565
639 10635 524 2573
634 10918 524 2566
654 10816 524 2568
679 11921 533 2565
640 11008 524 2569
720 12324 533 2565
666 11814 524 2570
660 11185 554 2594
665 11460 533 2577
656 10502 523 2551
632 10709 533 2534
597 9847 551 2524
573 9043 523 2578
572 9510 523 2697
564 9298 523 2710
550 9210 533 2560
563 9192 542 2662
616 10434 542 2534
587 9730 542 2540
581 9765 533 2545
597 9847 551 2524
595 9433 524 2555
607 10035 523 2554
568 9692 523 2682
656 10502 523 2551
608 10239 542 2536
589 9945 524 2555
573 9043 523 2578
571 9481 523 2703
608 10239 542 2536
563 9192 542 2662
566 9351 524 2705
582 9835 533 2538
597 9847 551 2524
579 9803 533 2550
571 9578 533 2554
572 9510 523 2697
577 9499 523 2569
597 9847 551 2524
568 9738 533 2556
593 9704 524 2542
580 9375 523 2569
576 9530 533 2554
581 9568 523 2560
595 9433 524 2555
576 9709 524 2565
595 9433 524 2555
595 9358 524 2564
564 9298 523 2710
577 9499 523 2569
592 9813 523 2558
572 9510 523 2697
592 9813 523 2558
564 9298 523 2710
576 9709 524 2565
564 9298 523 2710
592 9813 523 2558
656 10502 523 2551
576 9709 524 2565
572 9510 523 2697
572 9510 523 2697
572 9510 523 2697
595 9433 524 2555
597 9847 551 2524
597 9847 551 2524
595 9433 524 2555
595 9433 524 2555
592 9813 523 2558
577 9499 523 2569
577 9499 523 2569
572 9510 523 2697
572 9510 523 2697
572 9510 523 2697
572 9510 523 2697
665 10829 533 2537
597 9885 551 2524
573 9079 523 2578
573 9079 523 2578
567 9332 523 2742
558 9390 533 2560
656 10518 523 2551
567 9319 529 2724
560 9223 542 2662
560 9223 542 2662
559 9388 533 2560
629 9907 523 2560
560 9223 542 2662
582 9654 524 2564
613 10175 523 2554
665 10829 533 2537
608 10240 542 2536
604 10019 523 2560
592 9398 524 2573
622 10469 542 2534
581 9776 533 2545
558 9390 533 2560
564 9335 523 2710
622 10469 542 2534
568 9746 533 2556
566 9532 524 2705
572 9751 523 2682
567 9332 523 2742
572 9584 523 2697
573 9079 523 2578
582 9913 533 2538
577 9529 523 2569
572 9584 523 2697
574 9601 533 2556
563 9194 542 2662
595 9442 524 2568
560 9213 542 2675
582 9913 533 2538
595 9458 524 2555
560 9213 542 2675
596 9759 524 2542
577 9529 523 2569
559 9388 533 2560
563 9194 542 2662
597 9775 523 2567
582 9913 533 2538
559 9388 533 2560
558 9390 533 2560
560 9223 542 2662
582 9913 533 2538
582 9913 533 2538
558 9390 533 2560
665 10829 533 2537
622 10469 542 2534
582 9913 533 2538
582 9913 533 2538
560 9223 542 2662
560 9223 542 2662
560 9223 542 2662
560 9223 542 2662
560 9223 542 2662
560 9223 542 2662
560 9223 542 2662
560 9223 542 2662
560 9223 542 2662
560 9223 542 2662
560 9213 542 2675
560 9213 542 2675
559 9388 533 2560
559 9388 533 2560
558 9390 533 2560
558 9390 533 2560
558 9390 533 2560
666 10576 523 2551
665 10835 533 2537
605 10027 551 2524
602 10013 551 2540
578 9557 523 2569
573 9080 523 2578
566 9348 523 2742
558 9394 533 2560
563 9203 542 2662
663 10640 523 2551
560 9227 542 2662
570 9557 524 2709
581 9777 533 2545
625 9919 524 2553
603 10002 542 2540
567 9347 529 2724
608 10172 533 2541
567 9355 529 2720
619 10485 542 2536
597 10213 533 2538
613 10217 523 2554
582 9673 524 2564
604 9901 524 2555
572 9752 523 2682
572 9752 523 2682
622 10488 542 2534
558 9394 533 2560
567 9359 523 2733
600 9615 524 2562
616 10188 523 2554
566 9391 523 2710
621 10108 523 2562
624 10106 523 2562
612 10011 524 2542
574 9604 533 2556
625 9919 524 2553
568 9762 533 2556
582 9673 524 2564
603 10002 542 2540
566 9348 523 2742
581 9777 533 2545
572 9752 523 2682
603 9775 523 2567
558 9394 533 2560
603 9775 523 2567
603 9775 523 2567
574 9604 533 2556
582 9673 524 2564
603 9775 523 2567
574 9604 533 2556
603 9775 523 2567
603 9775 523 2567
603 9775 523 2567
603 9775 523 2567
603 9775 523 2567
603 9775 523 2567
574 9604 533 2556
574 9604 533 2556
666 10702 523 2551
665 10886 533 2537
607 10037 551 2524
573 9095 523 2578
567 9360 523 2742
558 9403 533 2560
563 9206 542 2662
582 9675 524 2564
612 10310 542 2540
572 9492 523 2710
560 9230 542 2662
603 9784 523 2567
581 9783 533 2545
653 10596 542 2538
559 9397 533 2560
632 10717 533 2538
626 10584 533 2541
630 10227 524 2542
616 10091 524 2563
617 10271 523 2554
574 9642 533 2556
578 9646 523 2569
581 9783 533 2545
563 9206 542 2662
560 9230 542 2662
722 11747 524 2553
664 10970 551 2524
610 10178 551 2531
585 9331 523 2578
581 9571 523 2733
560 9241 542 2662
558 9412 533 2560
630 10650 542 2540
581 9467 524 2714
653 11228 533 2538
622 10317 551 2526
583 9819 533 2545
583 9676 533 2556
578 9842 523 2682
579 9597 524 2609
645 10816 533 2541
578 9618 523 2697
608 9828 523 2567
579 9597 524 2609
621 10445 551 2529
580 9606 523 2710
617 10297 523 2554
621 10445 551 2529
581 9683 523 2571
582 9730 524 2564
582 9737 523 2569
617 10297 523 2554
621 10445 551 2529
652 11030 533 2541
630 10432 551 2526
624 10354 523 2554
623 10466 551 2529
582 9590 523 2733
560 9273 542 2662
560 9250 542 2664
580 9431 533 2680
615 10208 551 2531
585 9349 523 2578
590 9780 523 2569
582 9614 524 2709
637 10321 524 2560
610 9858 523 2567
562 9448 533 2560
584 9921 533 2550
581 9715 523 2699
610 10143 524 2564
582 9628 523 2710
587 9855 533 2545
612 10346 551 2538
561 9463 533 2560
583 9728 533 2556
672 11172 524 2555
665 11182 533 2541
636 10526 551 2529
585 9352 523 2578
582 9633 529 2730
561 9306 542 2662
570 9516 533 2573
645 10698 524 2557
585 9352 523 2578
588 9910 542 2555
623 10619 524 2565
597 10078 551 2547
632 10456 523 2558
592 10115 551 2547
608 9800 523 2569
611 10060 523 2567
566 9529 533 2560
598 9990 533 2550
626 9979 533 2550
595 10088 533 2545
594 9830 533 2558
594 9868 523 2569
585 9352 523 2578
585 9352 523 2578
680 11027 524 2557
664 11330 551 2537
585 9352 523 2582
570 9379 542 2662
597 10104 533 2545
573 9649 533 2560
673 11308 551 2540
655 10427 523 2567
635 10641 524 2568
616 9850 523 2576
668 10780 523 2558
601 9948 523 2569
591 9439 523 2578
595 9971 533 2558
699 11468 523 2558
676 11515 551 2540
592 9611 523 2578
585 9676 523 2703
575 9427 542 2662
570 9542 542 2662
601 10157 533 2545
670 11500 524 2562
622 10117 542 2560
588 9865 533 2569
618 10040 533 2568
591 9919 523 2680
589 9718 524 2690
605 10062 523 2569
586 9927 523 2697
589 9840 523 2688
671 11595 524 2562
618 10179 523 2569
604 10242 533 2545
597 9660 551 2648
592 9792 523 2751
579 9523 542 2662
578 9578 542 2662
588 9775 529 2720
637 10158 533 2550
592 9879 551 2659
590 9752 524 2709
597 9957 524 2609
630 10188 533 2552
598 9977 523 2684
597 10099 524 2597
599 10058 523 2668
594 10085 524 2679
716 11063 523 2576
693 11190 523 2579
635 10854 542 2547
611 10300 523 2670
603 10063 523 2695
580 9540 542 2662
640 10179 533 2611
603 10021 533 2670
618 10516 524 2593
612 10216 542 2649
621 10243 524 2683
628 10220 542 2618
608 10298 542 2640
617 10465 533 2560
638 10416 524 2570
619 10453 533 2550
638 10311 533 2566
628 10283 533 2614
637 10267 523 2643
616 10497 533 2569
740 12126 523 2651
739 12292 523 2601
636 10485 533 2551
631 10275 523 2738
590 9643 542 2662
678 11463 523 2659
624 10319 524 2690
633 10476 542 2567
633 10601 533 2552
621 10493 533 2706
644 10947 524 2593
675 11091 524 2573
659 10656 524 2577
625 10469 542 2637
625 10404 523 2676
624 10475 523 2733
657 10503 524 2657
649 10588 523 2667
621 10540 533 2554
629 10477 542 2576
631 10588 524 2663
709 11151 524 2663
664 11214 524 2583
651 10810 523 2672
649 10491 533 2552
647 10851 523 2703
640 10755 542 2553
618 10137 542 2662
647 10948 533 2560
621 10548 533 2569
652 10766 524 2692
636 10774 524 2677
645 10948 533 2562
711 12051 542 2553
652 10932 523 2693
648 10282 542 2662
637 10799 524 2709
636 10658 538 2693
691 11545 532 2614
680 11706 524 2594
649 10975 533 2556
648 11032 538 2681
639 10500 542 2662
663 11309 542 2555
671 11173 523 2690
653 10856 533 2556
674 10986 523 2692
729 12562 524 2614
707 11155 533 2566
669 11141 542 2567
660 11242 533 2663
684 11861 533 2649
812 13304 532 2623
681 11286 542 2568
764 12697 541 2618
725 11930 533 2622
817 13395 532 2623
711 11751 542 2587
692 11659 542 2640
818 13526 532 2623
755 13296 542 2601
646 11085 523 2552
607 9890 524 2540
568 9746 542 2578
559 9515 524 2655
553 9136 529 2624
551 9507 533 2630
646 11085 523 2552
563 9443 529 2611
616 9716 533 2544
598 10194 524 2555
566 9493 524 2582
590 9887 533 2574
557 9549 524 2642
593 10072 523 2563
584 9986 523 2576
562 9511 523 2594
601 10041 533 2570
577 9675 523 2589
559 9654 533 2619
600 10168 523 2556
577 9675 523 2589
598 10186 524 2557
555 9618 533 2623
599 9860 533 2574
563 9443 529 2611
561 9549 533 2623
600 9638 524 2577
599 10065 524 2555
599 10065 524 2555
598 10194 524 2555
646 11102 523 2552
631 10290 524 2540
563 9379 556 2678
554 9413 533 2630
570 9719 542 2605
624 10637 523 2556
570 9719 542 2605
587 10024 523 2581
637 10616 523 2563
601 10048 533 2570
572 9734 523 2594
614 10336 524 2549
616 9883 533 2544
619 10003 524 2577
563 9481 529 2633
568 9533 529 2624
568 9525 523 2634
631 10290 524 2540
637 10616 523 2563
563 9651 524 2651
571 9767 523 2594
609 10190 523 2565
561 9555 524 2664
631 10290 524 2540
595 9810 524 2582
568 9564 533 2619
563 9651 524 2651
561 9555 524 2664
598 10084 523 2578
564 9610 524 2651
572 9527 524 2584
570 9719 542 2605
603 10088 523 2567
594 10161 523 2567
601 10095 524 2555
614 10336 524 2549
609 10190 523 2565
559 9654 533 2623
631 10290 524 2540
559 9654 533 2623
568 9564 533 2619
601 10048 533 2570
594 10161 523 2567
601 10048 533 2570
594 10161 523 2567
601 10048 533 2570
559 9654 533 2623
563 9651 524 2651
601 10048 533 2570
570 9719 542 2605
609 10190 523 2565
601 10048 533 2570
568 9533 529 2624
637 10616 523 2563
631 10290 524 2540
601 10048 533 2570
594 10161 523 2567
570 9719 542 2605
570 9719 542 2605
568 9564 533 2619
563 9651 524 2651
563 9651 524 2651
563 9651 524 2651
563 9651 524 2651
563 9651 524 2651
563 9651 524 2651
563 9651 524 2651
561 9555 524 2664
561 9555 524 2664
559 9654 533 2623
559 9654 533 2623
559 9654 533 2623
559 9654 533 2623
559 9654 533 2623
559 9654 533 2623
559 9654 533 2623
654 11206 523 2552
651 10668 524 2540
564 9395 556 2678
564 9395 556 2678
554 9421 533 2630
618 9993 533 2544
578 9737 529 2615
638 10645 523 2556
569 9710 524 2660
572 9579 529 2624
633 10839 523 2556
623 10456 524 2549
561 9557 524 2664
577 9617 523 2634
571 9786 524 2651
587 10034 523 2581
627 10745 523 2559
594 10169 523 2567
581 9610 524 2584
559 9657 533 2623
605 10288 524 2562
571 9790 523 2594
611 10401 524 2555
571 9790 523 2594
615 10085 523 2578
633 10839 523 2556
609 10224 523 2565
603 10140 533 2566
569 9640 524 2662
571 9790 523 2594
619 10006 524 2577
564 9395 556 2678
606 10119 533 2555
554 9421 533 2630
603 10163 533 2559
610 10193 523 2565
619 10006 524 2577
598 10106 523 2578
598 10106 523 2578
554 9421 533 2630
609 10404 524 2555
633 10839 523 2556
619 10006 524 2577
554 9421 533 2630
569 9640 524 2662
598 10106 523 2578
619 10006 524 2577
619 10006 524 2577
619 10006 524 2577
633 10839 523 2556
619 10006 524 2577
619 10006 524 2577
619 10006 524 2577
598 10106 523 2578
598 10106 523 2578
571 9790 523 2594
571 9790 523 2594
571 9790 523 2594
569 9640 524 2662
564 9395 556 2678
689 11236 523 2556
654 11389 523 2556
627 10115 533 2544
564 9409 556 2678
562 9421 556 2678
554 9427 533 2630
624 10425 524 2555
667 11322 523 2556
623 10176 533 2570
572 9721 524 2660
582 9630 524 2584
571 9795 523 2594
562 9574 524 2664
628 11039 523 2560
596 10209 523 2567
577 9671 523 2634
647 10806 523 2563
618 10014 533 2572
627 10596 524 2549
638 10971 523 2559
619 10025 524 2577
646 10483 524 2549
641 10875 523 2562
571 9795 523 2594
608 10233 533 2566
609 10247 523 2565
571 9795 523 2594
627 10115 533 2544
577 9671 523 2634
611 10179 533 2555
611 10179 533 2555
577 9671 523 2634
610 10191 524 2571
611 10216 523 2565
577 9671 523 2634
673 11322 523 2558
658 10860 533 2544
651 11395 523 2559
610 10257 523 2565
563 9421 556 2678
563 9421 556 2678
554 9436 533 2630
583 9638 542 2594
572 9899 524 2615
581 9685 523 2643
583 9638 542 2594
644 10943 533 2548
618 10017 533 2572
663 11271 523 2562
577 9701 523 2634
618 10017 533 2572
582 9664 524 2584
627 10161 533 2568
597 10455 523 2586
652 10696 533 2551
599 10269 523 2594
619 10102 524 2579
608 10388 523 2581
618 10017 533 2572
623 10222 524 2575
603 10638 523 2582
663 10836 524 2549
624 10593 524 2555
644 10897 524 2549
623 10531 533 2555
655 11307 523 2561
659 11379 523 2559
608 10457 523 2567
602 10264 533 2568
582 9664 524 2584
582 9664 524 2584
582 9664 524 2584
676 11348 523 2558
665 11505 523 2559
665 10907 533 2544
563 9431 556 2678
563 9431 556 2678
554 9472 533 2630
592 9695 524 2664
575 9952 533 2623
624 10624 529 2563
582 9699 524 2584
649 10923 524 2554
663 11311 523 2562
599 9769 523 2634
633 10256 533 2574
578 9937 524 2651
621 10430 523 2565
630 10696 524 2556
611 10397 523 2567
581 9763 523 2643
587 9882 523 2634
667 11456 523 2559
663 11323 533 2548
656 11343 533 2548
637 10275 533 2572
613 10292 533 2570
563 9431 556 2678
635 10648 524 2556
562 9462 556 2678
576 9950 533 2623
612 10298 523 2566
633 10291 533 2572
663 11323 533 2548
697 11713 533 2551
690 11859 533 2548
634 10733 523 2565
572 9441 556 2678
557 9472 533 2630
588 9809 524 2584
663 11321 523 2562
665 11531 523 2559
578 9948 524 2653
587 10231 533 2623
632 10395 523 2594
596 9912 523 2647
601 10239 523 2634
582 10165 524 2651
637 11049 524 2556
642 10748 524 2556
625 10965 523 2577
643 10418 533 2572
612 10579 533 2572
694 11639 523 2558
617 10494 523 2578
619 10442 533 2570
614 10337 524 2573
628 10479 523 2567
633 10256 533 2576
629 10322 524 2577
618 10374 523 2631
612 10579 533 2572
619 10460 523 2578
720 12220 523 2558
718 12421 523 2558
644 11625 524 2556
602 9951 542 2594
591 10143 524 2664
566 9540 533 2630
566 9540 533 2630
596 10008 529 2611
681 11647 523 2559
651 11346 533 2557
566 9540 533 2630
590 10369 533 2623
596 10121 524 2651
638 11021 523 2565
667 11540 524 2560
618 10480 523 2634
620 10664 523 2586
639 10466 524 2577
601 10044 524 2584
566 9540 533 2630
631 10593 533 2570
651 10503 524 2569
633 10651 523 2589
634 10593 523 2574
619 10629 524 2573
618 10649 523 2594
718 12507 523 2558
572 9596 556 2678
569 9689 533 2630
681 11671 523 2562
617 10344 542 2596
696 12297 523 2559
664 10714 524 2569
619 10149 542 2590
611 10460 524 2651
653 10649 533 2574
647 11110 523 2567
598 10288 533 2623
624 10091 524 2584
613 10177 533 2622
605 10518 533 2588
637 10959 523 2594
631 10647 533 2579
653 11100 524 2571
630 10741 523 2596
638 10860 523 2589
613 10425 524 2584
620 10866 523 2596
733 12807 523 2558
589 9722 556 2669
570 9777 533 2630
627 10144 542 2594
615 10693 533 2601
624 10100 524 2595
621 10536 524 2651
713 12383 523 2565
642 10741 523 2622
678 11162 524 2569
642 10945 524 2584
701 11507 524 2567
657 11329 523 2569
642 10436 533 2587
699 11966 524 2566
723 11946 524 2566
664 11233 523 2594
650 10910 524 2593
749 13060 523 2558
663 11365 523 2569
584 9850 556 2676
572 10075 533 2630
628 10811 533 2614
651 10955 542 2585
657 11389 523 2569
637 10798 529 2596
638 10761 524 2651
638 10787 542 2600
646 10694 533 2625
661 11367 524 2577
644 11215 524 2606
659 11210 524 2584
657 11389 523 2569
657 11389 523 2569
765 13216 533 2561
659 11432 523 2603
623 10216 556 2665
591 9968 556 2678
621 10866 542 2640
676 11784 524 2579
706 11604 524 2569
658 11435 529 2631
639 11152 533 2623
673 11144 533 2630
685 11445 524 2577
659 11402 524 2615
673 11296 533 2591
665 11648 523 2595
678 11682 523 2572
679 11674 524 2579
706 11624 524 2569
686 11779 523 2576
671 10937 547 2689
605 10152 565 2682
667 11627 533 2635
676 11238 556 2669
688 11722 547 2617
705 11534 524 2668
689 11327 533 2622
686 11656 533 2626
723 11856 524 2569
719 12475 523 2578
696 11844 523 2580
694 11926 524 2588
722 12040 523 2581
705 11863 523 2583
703 11872 533 2583
723 12225 523 2581
723 11999 523 2620
709 11876 524 2647
705 11971 556 2649
710 12171 524 2613
745 13139 542 2582
742 12358 524 2669
728 12425 524 2584
770 13164 524 2617
759 13377 524 2593
