20117 37.6405
523 8815 523 2528
535 8648 523 2532
523 8815 523 2528
535 8648 523 2532
569 9287 569 2494
569 9287 569 2494
560 9100 560 2499
560 9049 560 2501
552 8933 551 2504
542 8721 542 2509
529 8791 524 2519
551 8847 551 2506
542 8721 542 2509
552 8933 551 2504
542 8721 542 2509
525 8654 524 2521
551 8847 551 2506
533 8723 533 2516
533 8792 533 2514
551 8847 551 2506
533 8723 533 2516
533 8792 533 2514
527 8855 524 2519
523 8815 523 2528
560 9100 560 2499
533 8792 533 2514
560 9100 560 2499
524 8928 524 2521
535 8648 523 2532
551 8847 551 2506
525 8696 523 2524
538 8706 533 2516
533 8792 533 2514
538 8706 533 2516
525 8696 523 2524
524 8795 524 2525
525 8654 524 2521
525 8654 524 2521
527 8855 524 2519
533 8698 533 2520
524 8928 524 2521
524 8928 524 2521
560 9100 560 2499
533 8723 533 2516
524 8795 524 2525
535 8648 523 2532
524 8795 524 2525
525 8654 524 2521
552 8933 551 2504
533 8698 533 2520
533 8698 533 2520
529 8791 524 2519
569 9287 569 2494
538 8706 533 2516
525 8696 523 2524
533 8792 533 2514
525 8696 523 2524
533 8792 533 2514
533 8792 533 2514
525 8654 524 2521
542 8721 542 2509
523 8815 523 2528
560 9100 560 2499
533 8792 533 2514
542 8721 542 2509
523 8815 523 2528
533 8792 533 2514
533 8792 533 2514
533 8792 533 2514
560 9049 560 2501
542 8721 542 2509
533 8723 533 2516
535 8648 523 2532
523 8815 523 2528
551 8847 551 2506
523 8815 523 2528
523 8815 523 2528
524 8795 524 2525
552 8933 551 2504
533 8792 533 2514
560 9100 560 2499
523 8815 523 2528
533 8792 533 2514
524 8795 524 2525
560 9100 560 2499
560 9049 560 2501
524 8928 524 2521
524 8928 524 2521
525 8654 524 2521
525 8696 523 2524
569 9287 569 2494
529 8791 524 2519
533 8698 533 2520
533 8698 533 2520
533 8723 533 2516
535 8648 523 2532
533 8792 533 2514
560 9100 560 2499
542 8721 542 2509
533 8698 533 2520
525 8654 524 2521
525 8654 524 2521
524 8795 524 2525
538 8706 533 2516
533 8792 533 2514
538 8706 533 2516
551 8847 551 2506
523 8815 523 2528
560 9049 560 2501
560 9100 560 2499
524 8795 524 2525
533 8792 533 2514
560 9100 560 2499
542 8721 542 2509
552 8933 551 2504
524 8795 524 2525
523 8815 523 2528
524 8928 524 2521
551 8847 551 2506
552 8933 551 2504
560 9049 560 2501
533 8792 533 2514
542 8721 542 2509
525 8654 524 2521
542 8721 542 2509
551 8847 551 2506
551 9073 551 2504
560 9100 560 2499
