6 3.30495
771 12433 565 2648
612 10563 523 2659
608 10602 537 2739
605 10121 562 2686
668 11093 559 2649
778 13644 569 2653
737 11922 578 2652
656 11426 615 2659
647 10760 546 2762
642 11496 523 2709
611 10263 562 2695
771 13247 524 2662
725 12482 532 2674
668 11636 615 2655
636 10789 580 2672
738 12218 524 2685
641 11364 523 2722
647 10760 546 2762
626 10931 537 2739
626 10931 537 2739
663 11178 530 2715
706 11887 566 2654
716 12447 536 2686
686 11338 543 2700
676 11183 559 2663
642 10569 548 2714
671 11499 571 2662
624 10526 571 2686
657 10869 553 2690
694 11827 580 2656
663 10922 566 2669
655 11025 553 2700
690 11553 536 2694
633 10698 571 2677
682 10943 544 2701
668 11729 545 2684
625 10608 562 2686
662 11475 547 2705
619 10607 548 2701
673 11518 548 2691
711 11839 557 2659
711 11839 557 2659
636 10789 580 2672
680 11452 552 2697
678 11507 545 2660
692 11849 580 2656
655 11025 553 2700
666 11424 536 2698
641 10928 562 2681
632 10753 560 2686
663 11313 571 2666
661 11328 571 2666
632 10642 562 2685
640 10969 536 2707
640 10969 536 2707
661 11328 571 2666
665 10692 580 2683
680 11452 552 2697
661 11328 571 2666
640 10969 536 2707
680 11452 552 2697
632 10642 562 2685
640 10969 536 2707
665 10692 580 2683
640 10969 536 2707
665 10692 580 2683
636 10789 580 2672
680 11452 552 2697
636 10789 580 2672
636 10789 580 2672
636 10789 580 2672
632 10642 562 2685
632 10642 562 2685
632 10642 562 2685
785 13478 530 2679
780 13742 548 2667
711 11921 566 2654
672 11714 615 2655
647 10772 546 2762
644 11367 523 2722
611 10264 562 2695
766 13301 539 2692
640 10862 580 2672
723 12732 523 2715
746 12424 552 2679
634 11091 537 2739
726 12526 524 2709
626 10931 537 2741
619 10617 548 2701
653 11216 536 2707
626 10583 571 2686
644 11367 523 2722
705 12305 545 2684
690 11823 527 2717
685 12094 545 2693
711 11936 557 2659
674 11888 568 2680
637 10742 562 2685
648 11035 536 2709
694 11501 575 2664
698 11983 557 2668
697 11877 580 2656
666 11440 536 2698
681 11398 559 2690
710 11923 555 2690
663 11368 571 2666
688 11511 552 2697
684 11696 557 2670
641 10936 562 2681
671 11506 571 2662
666 11440 536 2698
641 10877 571 2677
635 10868 562 2688
694 11501 566 2669
695 11545 561 2679
694 11501 566 2669
695 11563 559 2663
695 11563 559 2663
671 11506 571 2662
641 10877 571 2677
695 11545 561 2679
695 11545 561 2679
694 11501 566 2669
764 13269 553 2685
711 11926 566 2654
675 11776 615 2655
647 10907 546 2762
644 11395 523 2722
611 10293 562 2695
649 11049 580 2672
735 12687 552 2689
732 12590 524 2709
675 11776 615 2655
646 11265 537 2739
668 11232 546 2753
694 11503 575 2664
626 10592 571 2686
619 10631 548 2701
708 11805 536 2698
642 10804 562 2685
685 12100 545 2693
721 12037 557 2659
679 11688 571 2666
657 11246 536 2707
700 12224 557 2682
644 11395 523 2722
717 12398 548 2691
700 11999 580 2656
668 11344 562 2681
706 11914 562 2671
626 10592 571 2686
699 11597 553 2700
718 11740 561 2683
643 10995 571 2677
687 11703 552 2699
684 11432 559 2695
704 12014 557 2675
683 11491 571 2675
643 10777 562 2692
717 12398 548 2691
686 11924 547 2705
686 11530 559 2690
699 11816 562 2672
679 12008 536 2706
626 10592 571 2686
675 11776 615 2655
675 11776 615 2655
675 11776 615 2655
626 10592 571 2686
626 10592 571 2686
823 13425 544 2698
778 13599 523 2743
726 12389 532 2830
711 11993 566 2654
675 11788 615 2655
611 10311 562 2695
611 10311 562 2695
699 12467 532 2770
702 11883 580 2669
732 12825 557 2660
745 12704 557 2666
626 10607 571 2686
684 11031 548 2714
732 12624 524 2709
719 12031 543 2700
623 10801 551 2742
692 11458 576 2678
674 11457 535 2726
659 11342 536 2707
650 11351 537 2739
686 12150 545 2693
639 10917 557 2705
699 12320 580 2666
698 11583 571 2675
631 11084 551 2737
727 12488 548 2691
704 11880 571 2673
700 11647 555 2705
709 11944 559 2690
718 12252 562 2671
645 10813 562 2686
713 12142 552 2699
655 11169 580 2672
651 11010 553 2709
718 11999 565 2672
650 11422 537 2730
715 12436 557 2690
691 11733 571 2675
651 11160 551 2734
668 11416 562 2681
652 10963 562 2685
696 11588 571 2675
611 10311 562 2695
727 12396 559 2673
657 10932 553 2709
651 11123 571 2680
668 11416 562 2681
668 11416 562 2681
706 12479 557 2682
706 12479 557 2682
611 10311 562 2695
698 11583 571 2675
698 11583 571 2675
668 11416 562 2681
762 13329 557 2664
732 12646 524 2709
711 12002 566 2654
675 11812 615 2655
627 10863 551 2742
615 10356 562 2695
611 10455 562 2695
652 11399 587 2689
631 10692 571 2690
673 11601 536 2707
716 12659 557 2682
735 12537 562 2671
708 12173 557 2696
741 12580 548 2691
672 11361 537 2719
689 12200 545 2693
719 12038 543 2700
720 12286 562 2680
710 12121 580 2672
645 11160 551 2737
656 11321 560 2727
670 11184 580 2676
665 11557 542 2712
678 11058 553 2709
656 11255 551 2734
658 11432 537 2739
727 12603 548 2691
687 11470 545 2709
732 12646 524 2709
667 11540 536 2711
672 11354 537 2728
711 12002 566 2654
655 10969 562 2686
670 11131 562 2685
654 10992 562 2688
665 11217 562 2685
677 11587 562 2681
732 12646 524 2709
732 12646 524 2709
732 12646 524 2709
732 12646 524 2709
732 12646 524 2709
732 12646 524 2709
711 12002 566 2654
711 12002 566 2654
711 12002 566 2654
767 13383 562 2671
746 12926 524 2709
737 12654 532 2830
711 12025 566 2654
679 11852 615 2655
632 10507 562 2695
620 10797 585 2765
760 12724 532 2821
637 11094 551 2744
727 12992 557 2682
712 12328 552 2699
703 12563 545 2693
762 13329 557 2673
674 11357 546 2762
667 11597 542 2712
684 11590 539 2726
694 12235 536 2711
655 11089 562 2686
621 10551 565 2724
742 12221 544 2706
670 11466 551 2734
628 10645 562 2695
661 11014 562 2686
680 11142 553 2709
671 11279 562 2685
677 11593 562 2681
680 11142 553 2709
785 13204 583 2655
779 13362 566 2654
764 13563 554 2704
746 12968 524 2709
715 11974 643 2667
633 10590 562 2697
625 10935 565 2731
625 10935 565 2731
686 11996 615 2655
708 12449 536 2713
664 11301 562 2688
734 12724 557 2693
723 12087 580 2670
629 10692 577 2725
748 12965 524 2709
777 13293 548 2696
626 10763 577 2725
633 10608 562 2695
677 11786 562 2681
749 12518 566 2677
729 12472 571 2666
701 11711 567 2683
665 11088 571 2686
696 11598 553 2709
677 11720 542 2712
689 11404 553 2711
755 12555 583 2660
718 12620 580 2656
673 11521 580 2685
681 11489 562 2686
670 11060 580 2687
755 12555 583 2660
633 10608 562 2695
761 13226 524 2709
758 13344 580 2671
693 12107 615 2655
633 10620 562 2695
630 10958 594 2774
727 12700 536 2713
682 11720 551 2734
726 12349 562 2688
665 11430 580 2693
701 11714 567 2683
755 12868 571 2673
747 12743 557 2697
672 11317 576 2694
711 11907 553 2709
631 10768 577 2725
750 12758 583 2660
709 11831 543 2713
693 11842 551 2723
748 12985 557 2693
686 11893 542 2712
692 11644 576 2692
750 12758 583 2660
687 11651 562 2692
691 11470 557 2713
910 15071 532 2745
694 12156 615 2655
693 12136 615 2668
635 10648 562 2704
630 10964 594 2774
761 12834 583 2660
738 13241 536 2713
757 12859 610 2671
703 11901 542 2717
687 11823 569 2694
752 13079 557 2693
708 12166 548 2714
743 12562 562 2688
713 11783 567 2694
715 11956 567 2683
720 12636 542 2714
649 10766 562 2695
641 10708 565 2701
643 10752 562 2697
794 14104 549 2724
773 13450 538 2727
752 12866 647 2657
652 10794 562 2697
630 11144 601 2776
728 12371 547 2737
745 12579 643 2667
705 11530 562 2695
778 13025 583 2660
708 12013 555 2717
750 12824 576 2688
762 12239 554 2714
644 11285 565 2731
770 13203 557 2697
740 12459 543 2727
637 10829 577 2716
759 13283 566 2688
767 13426 557 2693
745 12579 643 2667
832 14096 619 2665
761 13111 647 2657
761 13111 647 2657
676 11140 562 2704
644 11267 594 2778
637 11101 603 2767
783 13528 576 2690
752 12830 643 2667
660 11460 565 2731
721 12137 592 2696
680 11729 574 2697
703 12082 562 2697
686 11580 562 2699
773 13010 643 2667
772 13306 661 2664
754 12983 673 2671
686 11986 562 2708
680 11185 565 2729
664 11473 594 2743
756 12790 562 2698
766 13054 643 2676
775 13566 653 2674
754 13005 673 2671
715 12322 565 2724
685 11814 585 2769
764 13266 620 2698
712 12449 585 2763
744 12380 571 2718
775 13566 653 2674
828 14473 653 2674
794 13783 661 2677
771 12886 572 2727
754 12648 523 2750
749 12633 592 2654
664 11366 545 2790
627 10504 612 2710
622 10315 591 2717
618 11045 552 2695
716 11901 532 2752
686 12106 524 2745
692 11756 536 2763
650 11541 606 2665
655 11196 571 2666
698 10751 587 2709
651 11106 585 2674
674 11340 565 2682
654 11472 556 2659
666 11377 541 2708
681 10881 569 2735
681 11808 538 2674
635 11125 562 2688
661 10588 569 2741
639 11174 548 2698
640 11141 548 2725
650 11139 548 2725
619 10925 552 2715
662 10962 589 2688
622 10944 564 2690
663 10571 569 2737
672 11186 550 2688
782 12586 538 2698
780 13583 550 2683
686 12107 524 2745
681 11917 585 2661
664 11435 545 2790
632 10513 612 2710
623 11043 587 2732
771 12759 561 2675
723 11962 532 2752
642 10931 596 2776
640 11561 603 2694
727 11907 564 2687
712 12232 550 2684
744 12129 547 2703
701 11232 557 2712
686 12107 524 2745
700 12402 538 2717
666 11381 541 2708
664 11449 576 2673
651 11689 594 2676
744 12129 547 2703
681 12185 559 2701
643 11116 582 2698
675 11036 612 2703
661 11326 590 2680
647 11510 552 2713
699 11840 565 2682
639 11175 552 2722
718 12222 562 2682
675 11504 597 2666
648 11081 570 2698
652 11282 588 2693
628 11123 562 2697
677 10787 569 2737
688 12050 568 2682
695 12390 567 2689
649 11147 548 2725
657 11456 585 2679
695 12390 567 2689
677 10787 569 2737
699 12056 564 2669
675 11504 597 2666
665 11499 585 2672
645 11493 561 2708
635 11014 587 2734
626 11082 587 2712
635 11014 587 2734
650 11298 548 2705
677 11841 568 2690
677 10787 569 2737
663 11401 597 2677
662 11423 585 2679
649 11147 548 2725
666 11330 588 2680
647 11510 552 2713
662 11632 597 2677
662 11632 597 2677
677 10787 569 2737
666 11330 588 2680
645 11150 548 2725
642 11168 548 2725
677 10787 569 2737
675 11504 597 2666
686 12107 524 2745
686 12107 524 2745
686 12107 524 2745
686 12107 524 2745
677 10787 569 2737
677 10787 569 2737
677 10787 569 2737
677 10787 569 2737
666 11330 588 2680
649 11147 548 2725
815 13025 562 2689
731 13066 562 2691
690 11953 585 2661
686 12107 524 2752
664 11460 545 2790
632 10522 612 2710
632 10522 612 2710
623 11043 587 2741
686 12107 524 2752
801 12655 538 2698
734 12053 536 2777
677 10800 569 2737
763 12352 562 2693
642 10937 596 2776
649 11193 548 2725
716 11702 576 2673
666 11397 541 2708
695 12410 567 2689
781 12871 564 2685
780 12877 547 2703
629 11137 562 2697
725 11932 585 2668
668 11870 548 2705
654 11103 603 2715
626 11103 587 2732
623 11043 587 2741
722 12737 568 2678
683 11825 597 2668
657 11859 594 2676
765 12363 547 2704
664 11460 545 2790
632 10522 612 2710
689 11770 597 2670
684 12037 576 2673
644 10936 596 2776
674 11580 585 2672
708 12020 565 2682
654 11103 603 2715
677 11889 568 2690
661 11587 606 2683
651 11548 548 2709
706 12391 568 2682
665 11498 585 2679
734 12053 536 2777
661 11587 606 2683
668 11870 548 2705
663 11475 597 2686
661 11587 606 2683
657 11859 594 2676
689 11770 597 2670
629 11137 562 2697
626 11082 587 2734
632 10522 612 2710
626 11082 587 2734
706 12391 568 2682
708 12020 565 2682
706 12391 568 2682
629 11137 562 2697
629 11137 562 2697
664 11460 545 2790
644 10936 596 2776
661 11587 606 2683
734 12053 536 2777
706 12391 568 2682
689 11770 597 2670
664 11460 545 2790
814 12893 538 2698
773 14000 571 2679
747 12431 532 2752
712 12120 606 2661
664 11453 559 2797
633 10559 612 2710
632 10570 612 2710
629 11146 562 2697
759 13043 592 2665
662 11566 548 2725
782 12953 585 2668
779 12643 547 2704
706 11385 557 2743
814 12893 538 2698
721 12193 536 2785
699 11138 569 2733
703 12314 576 2688
712 12120 606 2661
748 12411 536 2770
677 10818 569 2737
746 12517 536 2752
690 11857 597 2677
734 12120 536 2777
666 11412 541 2708
667 11350 559 2762
727 11340 557 2739
642 10950 596 2776
770 12562 559 2707
720 12269 565 2682
738 12540 536 2756
650 11142 570 2698
763 12382 562 2695
691 11977 585 2688
642 10950 596 2776
695 11672 594 2674
715 12541 571 2688
773 12498 562 2693
689 12461 594 2676
716 11713 576 2673
675 12019 606 2680
703 12550 567 2689
686 11950 571 2691
697 12378 568 2694
666 11599 606 2685
677 11753 606 2683
782 12953 585 2668
693 11774 606 2680
705 12035 585 2670
727 12027 585 2672
683 11901 597 2672
696 11910 597 2670
716 11713 576 2673
814 12893 538 2698
684 11880 597 2683
814 12893 538 2698
814 12893 538 2698
716 11713 576 2673
642 10950 596 2776
804 13027 547 2704
764 12715 532 2752
750 13138 562 2707
712 12139 606 2661
673 11622 545 2790
672 11798 622 2685
638 10610 612 2710
634 11376 596 2721
740 12579 536 2772
676 11484 559 2755
677 11448 554 2750
661 11909 582 2704
737 12522 536 2778
679 10830 569 2737
729 12867 571 2688
638 10610 612 2710
649 11060 596 2776
641 11385 587 2728
783 12973 585 2668
701 11878 597 2675
652 11159 582 2705
678 11291 569 2737
721 12804 567 2696
777 13063 595 2672
716 11761 576 2673
694 12370 567 2702
708 12911 592 2673
680 11420 542 2731
715 12202 585 2677
647 11735 573 2711
776 12903 564 2694
740 12582 565 2682
671 11574 548 2709
679 11870 606 2683
674 11527 541 2717
664 11687 571 2713
683 11601 585 2697
699 12253 564 2708
694 11701 612 2694
701 11188 569 2724
783 12738 564 2694
739 12283 536 2777
677 11578 541 2712
706 12291 564 2701
667 11413 570 2698
709 11435 545 2723
668 11269 612 2701
714 12999 567 2700
783 12973 585 2668
783 12973 585 2668
783 12973 585 2668
783 12973 585 2668
783 12973 585 2668
828 13844 547 2711
744 12791 536 2776
740 12573 536 2785
719 12271 606 2661
641 10629 612 2710
638 10686 612 2710
695 11602 545 2746
652 11095 596 2776
660 11240 584 2705
759 13183 567 2689
786 13480 604 2669
646 11529 596 2721
806 13082 559 2710
688 10938 569 2737
678 11606 541 2715
785 13032 564 2694
649 11556 587 2732
728 12120 576 2676
678 11885 552 2713
777 13073 595 2672
766 12516 559 2711
653 11636 603 2712
718 12537 591 2679
668 11792 587 2703
791 13141 585 2668
707 11984 597 2677
715 12368 564 2708
701 11835 577 2698
680 10960 569 2737
701 11974 606 2683
762 12828 571 2700
796 12602 571 2697
710 12152 570 2702
739 11724 571 2701
796 12602 571 2697
700 12390 576 2699
679 11996 606 2683
740 13071 568 2682
739 13043 585 2675
833 13311 571 2697
781 13907 571 2688
740 12579 536 2785
740 12579 536 2785
719 12283 606 2661
646 10765 612 2710
671 11392 603 2715
814 12985 559 2714
765 12951 595 2679
799 13394 564 2694
690 11951 545 2755
690 11724 545 2762
703 11696 583 2735
706 12157 548 2722
782 13213 597 2672
685 11074 569 2737
751 12270 588 2689
738 12010 578 2736
786 13867 568 2698
688 10947 569 2737
722 11805 541 2747
780 13705 542 2729
658 11716 603 2712
798 12638 571 2701
743 12437 541 2736
754 12767 576 2686
785 13610 561 2715
719 12283 606 2661
727 12915 576 2703
702 12074 598 2704
712 12990 576 2703
750 12212 541 2745
679 12119 561 2725
747 12138 601 2686
798 13273 585 2668
715 12461 543 2720
718 12531 564 2708
793 12562 571 2706
711 12486 545 2728
750 12783 576 2682
756 12237 547 2718
783 12973 585 2681
740 12579 536 2785
689 12108 548 2725
703 12241 559 2717
780 13705 542 2729
754 12128 585 2717
711 12070 598 2712
785 12615 547 2716
756 12237 547 2718
719 12283 606 2661
873 13999 576 2701
815 14202 585 2682
753 12833 536 2798
729 12483 606 2661
727 12386 545 2799
648 10799 612 2710
801 13553 595 2672
672 11487 605 2719
704 12355 564 2719
754 12832 536 2785
757 12221 544 2750
780 13741 542 2729
749 12152 569 2728
769 12650 536 2794
711 12580 582 2718
759 12248 547 2718
688 10965 569 2737
688 10965 569 2737
759 13265 545 2733
728 13011 576 2703
689 12414 587 2734
743 12406 541 2747
728 12922 587 2713
743 12406 541 2747
794 14131 542 2729
779 13428 606 2687
754 12832 536 2789
697 11126 569 2737
683 11573 612 2724
704 12499 571 2719
747 13315 576 2703
776 12680 541 2747
762 12463 547 2727
747 13315 576 2703
770 12853 536 2785
686 11292 612 2710
786 12837 559 2725
757 12892 536 2785
747 13315 576 2703
885 14045 585 2715
830 13480 606 2687
809 14745 596 2723
762 13320 609 2721
762 13032 536 2785
699 11152 569 2737
780 12904 545 2764
756 13820 603 2712
798 13687 541 2766
803 13916 578 2735
793 12957 595 2736
797 13332 545 2764
708 11337 569 2737
725 11664 569 2737
771 13384 571 2765
743 12146 569 2771
763 12896 578 2786
733 12368 524 2709
720 11474 556 2616
696 11912 527 2767
629 10616 619 2732
623 10829 620 2759
602 10881 559 2683
704 12360 534 2697
654 10707 591 2743
631 11250 578 2676
619 11010 547 2679
700 11171 608 2656
647 11203 544 2752
666 11089 541 2717
686 11415 536 2740
676 11976 541 2667
650 11613 594 2655
714 12132 561 2632
707 12087 527 2749
670 11581 585 2660
614 10852 574 2742
688 11796 582 2659
664 11853 585 2650
677 11728 594 2644
690 11962 571 2649
633 11109 550 2662
650 10862 603 2729
661 11706 594 2646
648 10880 603 2736
712 12256 538 2737
634 10806 568 2758
712 12145 561 2632
716 12341 536 2738
696 12262 603 2641
696 11889 561 2657
634 10806 568 2758
629 10750 574 2742
630 11127 559 2677
716 12100 594 2637
634 10806 568 2758
792 13147 529 2753
781 13430 529 2747
773 13865 547 2688
714 12133 561 2632
702 12280 529 2768
655 11072 638 2693
632 10780 608 2743
622 11002 574 2731
731 12575 529 2756
670 11964 594 2646
768 12852 532 2749
645 10929 638 2702
666 11861 555 2674
713 12686 580 2651
721 12592 547 2696
638 10915 622 2740
680 12086 585 2651
646 11044 615 2721
700 11643 571 2662
697 12071 570 2661
627 11099 559 2686
652 11378 553 2724
676 11602 621 2667
702 12402 541 2712
644 11376 559 2679
650 10899 603 2736
647 11223 544 2752
709 11291 608 2656
697 12269 578 2658
768 12852 532 2749
667 11296 556 2745
654 11486 553 2720
714 12133 561 2632
700 11883 536 2751
704 11222 608 2665
645 10968 603 2727
776 13394 529 2754
677 12031 585 2660
716 12406 536 2749
643 10878 568 2758
623 10848 620 2759
657 11484 547 2705
770 13346 547 2695
623 10848 620 2759
626 10970 574 2742
668 10987 591 2734
720 11992 585 2660
709 12379 532 2766
668 11164 541 2717
657 11484 547 2705
640 10902 608 2735
709 12379 532 2766
709 12379 532 2766
709 11291 608 2656
668 11164 541 2717
638 11457 564 2669
637 10993 576 2728
719 12177 536 2740
638 11457 564 2669
641 11440 559 2677
770 13346 547 2695
719 12177 536 2740
668 10987 591 2734
714 12133 561 2632
637 10993 576 2728
645 10968 603 2727
668 11164 541 2717
719 12177 536 2740
643 11088 565 2748
641 11440 559 2677
642 10936 577 2751
640 10902 608 2735
643 11088 565 2748
720 11992 585 2660
642 10936 577 2751
638 10915 622 2740
643 11088 565 2748
642 10936 577 2751
720 11992 585 2660
643 11088 565 2748
720 11992 585 2660
642 10936 577 2751
637 10993 576 2728
714 12133 561 2632
714 12133 561 2632
709 12379 532 2766
668 10987 591 2734
638 11457 564 2669
638 10915 622 2740
812 14247 582 2635
738 12844 529 2767
709 12372 532 2775
645 11015 638 2702
635 10893 620 2759
626 10992 574 2742
786 13580 547 2695
773 13826 594 2645
761 13714 585 2650
627 11171 559 2686
686 11521 541 2717
658 11166 629 2707
743 12680 529 2756
734 12405 536 2740
677 11153 603 2727
720 12008 585 2660
708 11780 571 2662
672 12070 594 2646
715 11487 608 2656
640 10935 608 2735
673 11596 548 2734
654 11393 553 2724
641 11453 559 2677
667 10925 622 2742
690 12127 547 2705
646 11125 565 2748
739 12648 568 2661
705 12231 570 2661
660 11411 544 2758
708 12309 536 2751
647 11066 568 2758
643 10956 577 2760
641 11517 564 2669
645 11512 564 2673
654 11393 553 2724
637 10995 576 2728
638 10957 622 2740
626 11039 574 2733
626 10992 574 2742
687 12249 555 2674
687 12249 555 2674
697 12302 578 2658
697 12302 578 2658
697 12302 578 2658
697 12302 578 2658
697 12302 578 2658
626 10992 574 2742
626 10992 574 2742
626 10992 574 2742
626 10992 574 2742
626 10992 574 2742
795 14248 594 2645
750 12802 529 2756
645 11059 638 2702
635 10938 620 2759
626 11053 574 2742
786 13666 547 2695
687 11544 541 2717
725 12632 547 2705
716 12406 536 2751
765 13772 585 2650
654 11399 553 2724
703 12237 564 2674
767 13740 585 2650
684 11692 573 2673
627 11181 559 2686
645 11051 622 2740
655 10999 603 2736
672 12074 594 2655
666 11940 559 2677
786 13666 547 2695
681 11875 578 2685
649 11053 608 2735
667 11000 591 2729
704 11515 608 2682
645 11059 638 2702
704 12729 555 2674
647 11141 576 2728
708 11812 571 2662
740 12368 585 2660
720 12760 585 2659
708 11812 571 2662
739 12372 585 2660
708 11812 571 2662
680 12086 594 2646
656 11018 638 2702
636 11145 574 2733
637 11142 574 2733
627 11181 559 2686
645 11059 638 2702
680 12086 594 2646
680 12086 594 2646
645 11059 638 2702
680 12086 594 2646
680 12086 594 2646
645 11059 638 2702
645 11059 638 2702
680 12086 594 2646
645 11059 638 2702
786 13666 547 2695
708 11812 571 2662
680 12086 594 2646
680 12086 594 2646
680 12086 594 2646
645 11059 638 2702
645 11059 638 2702
645 11059 638 2702
645 11059 638 2702
645 11059 638 2702
645 11059 638 2702
829 13622 571 2664
806 13890 547 2695
750 12827 529 2756
695 12386 594 2646
691 12056 550 2769
656 11081 638 2702
635 10970 620 2759
627 11191 559 2686
772 13392 538 2751
654 11412 553 2724
760 12977 576 2665
676 11038 603 2736
786 13748 552 2700
687 12163 594 2650
721 11591 544 2746
741 12689 567 2674
739 12476 585 2660
702 12565 587 2678
649 11089 608 2742
692 11986 541 2763
682 11141 591 2734
695 11630 541 2717
645 11089 638 2702
736 12212 559 2679
731 12752 547 2705
825 13742 571 2664
713 12006 585 2669
646 11075 577 2751
749 12799 573 2669
726 12120 571 2673
694 12392 547 2739
646 11084 638 2715
750 12827 529 2756
738 12341 571 2671
750 12371 571 2666
750 12827 529 2756
656 11081 638 2702
750 12827 529 2756
750 12827 529 2756
750 12827 529 2756
816 13637 582 2672
793 13664 573 2681
750 12845 529 2756
728 12896 594 2646
694 12140 541 2763
645 11091 638 2702
635 10997 620 2759
627 11201 559 2686
654 11438 553 2724
753 13021 541 2736
787 13099 552 2706
689 12438 594 2664
742 12069 585 2673
741 13120 547 2705
657 11200 608 2735
722 12266 541 2750
658 11177 577 2751
739 12721 552 2717
738 12672 583 2671
690 12249 594 2655
627 11201 559 2686
742 12488 585 2660
714 12143 545 2735
727 12104 543 2726
705 12232 541 2759
648 11153 577 2753
713 12077 585 2673
819 14271 543 2747
760 13030 529 2756
692 12302 594 2659
647 11381 611 2777
647 11106 638 2702
637 11094 620 2759
630 11289 623 2736
713 12116 585 2673
756 13466 547 2723
783 13205 543 2753
752 12760 541 2763
648 11499 559 2686
645 11219 638 2702
662 11604 553 2747
664 11593 553 2724
754 12912 529 2765
630 11289 623 2736
759 12809 585 2665
649 11327 574 2733
645 11419 574 2733
663 11487 553 2733
645 11419 574 2733
764 13107 529 2756
760 13128 529 2756
695 12626 615 2661
674 11817 553 2776
654 11244 638 2702
711 12391 608 2670
729 11878 553 2749
757 13018 529 2765
732 12856 553 2730
658 11297 620 2759
731 12117 585 2673
664 11515 565 2748
719 12175 557 2740
752 12841 553 2742
679 11596 573 2741
711 12887 594 2673
700 11716 559 2735
662 11675 580 2692
658 11803 597 2735
661 11737 559 2686
656 11641 574 2742
673 11546 581 2688
670 11759 556 2756
764 13107 529 2756
799 13883 529 2756
767 13033 543 2772
737 12486 585 2673
684 11694 652 2689
681 11330 638 2702
660 11406 638 2702
708 12060 626 2697
738 13234 559 2695
720 12392 605 2693
777 13510 529 2765
784 13521 538 2757
663 11947 637 2743
689 11780 565 2732
712 12762 629 2683
696 12532 559 2721
666 11535 568 2758
734 12368 585 2675
724 12895 562 2719
678 11794 570 2712
684 11724 585 2711
730 12597 643 2688
732 12584 578 2687
680 11727 629 2707
665 11895 571 2702
737 13127 562 2692
727 13021 585 2695
662 11333 638 2702
686 11909 638 2693
661 11386 638 2702
821 14961 585 2674
756 13044 562 2737
706 11732 597 2759
663 11419 638 2702
743 13205 591 2679
705 12459 618 2723
719 12518 629 2709
694 11793 606 2741
690 11808 565 2755
743 12416 587 2681
715 12752 571 2708
729 12172 580 2709
698 11973 577 2737
694 11814 585 2735
774 13082 564 2742
757 13693 582 2741
755 12626 612 2690
700 12268 611 2764
671 11581 638 2702
735 12767 603 2718
719 12170 627 2745
766 13455 567 2739
723 12529 572 2757
697 12269 577 2762
749 12793 594 2732
754 12825 598 2702
709 12643 623 2734
710 12354 616 2743
717 12570 592 2743
721 12352 599 2742
782 13417 608 2750
726 12920 595 2755
707 12046 638 2702
703 12456 608 2770
767 13144 615 2723
720 12837 611 2764
724 12613 608 2757
779 13426 603 2758
755 13469 611 2762
748 12955 602 2787
745 12891 638 2702
707 12276 638 2711
729 12645 611 2768
746 13188 611 2764
739 12962 523 2687
679 12132 580 2635
623 10987 539 2755
608 10360 581 2695
606 10632 593 2680
594 10469 554 2694
722 12690 543 2665
625 11045 523 2711
611 10507 569 2677
687 12226 557 2642
676 11896 552 2652
624 10856 559 2667
657 11658 554 2652
631 11130 571 2663
669 11350 536 2698
681 12278 554 2643
672 11820 530 2695
682 12254 530 2691
634 10966 545 2663
658 11486 557 2660
642 11404 559 2660
641 11307 537 2670
641 11232 589 2661
670 11700 545 2658
666 11348 545 2662
639 11239 589 2661
639 11239 589 2661
808 13867 527 2702
773 13795 523 2755
682 12138 580 2639
667 11610 529 2763
635 11221 594 2668
597 10516 554 2694
729 12898 543 2665
715 12509 527 2715
761 13455 536 2688
808 13867 527 2702
751 13392 541 2677
764 13141 541 2681
636 10932 571 2675
666 11433 541 2724
642 11174 559 2669
629 10538 581 2684
687 12637 552 2661
639 10900 571 2684
626 11024 539 2755
606 10823 593 2680
663 11623 589 2661
666 11755 554 2652
654 11655 555 2672
671 11899 529 2761
700 12486 557 2642
700 12399 529 2740
676 11752 533 2743
691 12455 552 2665
618 10811 593 2680
721 11790 524 2739
628 10727 581 2686
645 11199 548 2680
659 11530 541 2736
702 12420 545 2660
675 11748 545 2697
681 11896 524 2748
649 11143 557 2664
681 11881 529 2754
656 11360 547 2738
638 11524 554 2692
665 11583 589 2661
634 11240 571 2663
658 11898 546 2744
673 11748 571 2660
638 11339 559 2680
672 11823 530 2695
672 11823 530 2695
635 11221 594 2668
700 12486 557 2642
700 12486 557 2642
659 11530 541 2736
672 11823 530 2695
700 12486 557 2642
808 13867 527 2702
700 12486 557 2642
700 12486 557 2642
700 12486 557 2642
700 12486 557 2642
700 12486 557 2642
635 11221 594 2668
732 12909 543 2665
704 12566 557 2642
683 11932 524 2748
669 11834 529 2763
636 11240 594 2668
599 10521 554 2694
618 10854 593 2680
713 12516 529 2747
680 12030 592 2657
689 11804 568 2667
688 11908 541 2714
666 11066 581 2675
691 12310 594 2649
641 10930 572 2691
656 11379 547 2738
732 12909 543 2665
697 12579 552 2665
681 12003 530 2695
657 11546 557 2669
674 12172 546 2735
649 11191 559 2669
676 12167 532 2737
702 12442 545 2660
664 11630 541 2736
655 11292 550 2721
682 11955 536 2724
722 12561 527 2715
667 11875 555 2672
673 11810 580 2659
722 12561 527 2715
648 11692 554 2690
652 11309 548 2680
666 12070 554 2652
701 12063 580 2653
626 11033 539 2755
632 10715 593 2693
682 11955 536 2724
628 10752 581 2686
696 11730 543 2735
649 11157 571 2676
645 11164 592 2675
639 11271 571 2663
683 10952 581 2680
626 11033 539 2755
685 12001 530 2695
626 11033 539 2755
632 10715 593 2693
639 11271 571 2663
626 11033 539 2755
693 12038 571 2660
628 10752 581 2686
634 11282 594 2668
628 10752 581 2686
697 12579 552 2665
649 11191 559 2669
673 11810 580 2659
696 11730 543 2735
632 10715 593 2693
673 11810 580 2659
628 10752 581 2686
722 12561 527 2715
696 11730 543 2735
632 10715 593 2693
632 10715 593 2693
628 10752 581 2686
628 10752 581 2686
626 11033 539 2755
626 11033 539 2755
626 11033 539 2755
626 11033 539 2755
730 12643 527 2715
707 12626 557 2642
685 12165 603 2655
683 11933 524 2748
677 11857 529 2763
599 10534 554 2694
628 11076 539 2755
682 12023 530 2695
727 12579 594 2649
642 10994 581 2686
628 10761 581 2693
651 11781 580 2673
706 12522 545 2660
675 12273 559 2666
684 11233 567 2679
688 11428 571 2671
657 11647 594 2668
673 11919 589 2661
632 10726 593 2693
618 10873 593 2680
696 11737 543 2735
666 11567 557 2676
700 12170 571 2660
673 11810 541 2736
639 11271 571 2676
655 11384 550 2721
696 11730 543 2744
680 12041 592 2657
692 11855 568 2667
618 10873 593 2680
681 12266 554 2652
666 11959 546 2744
655 11384 550 2721
670 11682 580 2664
655 11399 548 2680
676 11490 580 2667
653 11239 592 2675
676 12095 555 2672
676 12095 555 2672
683 11933 524 2748
675 12273 559 2666
667 11642 557 2669
655 11384 550 2721
666 11823 571 2663
655 11399 548 2680
683 11933 524 2748
667 11642 557 2669
681 12266 554 2652
667 11642 557 2669
681 12266 554 2652
683 11933 524 2748
683 11933 524 2748
667 11642 557 2669
667 11642 557 2669
618 10873 593 2680
751 12770 568 2648
728 13202 552 2665
703 12460 610 2656
683 11946 524 2748
679 11873 529 2763
599 10549 554 2694
644 11057 602 2688
632 10740 593 2693
721 12481 530 2708
658 11362 571 2676
663 11420 559 2682
692 12283 580 2659
674 10996 594 2691
684 11919 580 2664
699 12331 536 2728
680 12048 592 2657
740 12068 541 2714
634 11115 539 2761
667 11441 550 2721
699 11892 568 2667
635 11167 593 2680
709 12346 571 2660
744 12832 546 2690
706 12555 532 2735
672 12023 546 2753
705 12590 532 2742
688 12304 555 2672
736 12760 546 2692
732 13094 550 2673
733 13070 529 2738
674 12188 546 2744
701 12666 554 2652
727 12813 594 2649
705 12364 554 2652
736 12766 527 2715
668 11861 594 2669
733 13070 529 2738
667 11608 557 2676
674 11764 548 2680
672 11805 580 2666
674 11585 550 2715
673 11732 557 2669
673 11511 593 2675
674 11704 571 2675
672 12172 554 2690
702 12183 541 2714
674 11546 557 2689
673 12185 554 2681
797 14295 589 2652
752 13320 594 2649
726 12933 610 2656
692 12104 524 2748
677 11835 552 2782
599 10556 554 2694
599 10556 554 2694
641 10824 593 2693
658 11209 604 2682
747 12725 533 2711
757 13383 550 2675
753 13439 550 2675
745 12858 541 2741
654 11301 593 2680
692 11588 550 2722
734 12984 532 2744
599 10556 554 2694
748 12609 547 2735
718 11813 574 2672
683 12116 592 2657
681 11881 529 2763
699 12423 580 2659
668 11679 557 2691
687 11230 594 2691
702 11830 582 2674
738 12595 580 2655
740 12874 527 2715
725 13125 547 2714
749 13279 555 2663
681 11881 529 2763
713 12789 562 2668
718 12427 568 2665
715 11900 548 2689
736 12770 546 2692
665 11793 564 2683
708 12806 566 2659
709 11970 568 2667
665 11600 580 2679
681 11813 550 2721
667 11975 564 2676
678 11831 557 2669
688 12059 548 2680
700 12008 568 2667
681 11799 553 2694
709 11970 568 2667
681 11881 529 2763
599 10556 554 2694
681 11881 529 2763
681 11881 529 2763
681 11881 529 2763
681 11881 529 2763
599 10556 554 2694
599 10556 554 2694
599 10556 554 2694
599 10556 554 2694
599 10556 554 2694
599 10556 554 2694
599 10556 554 2694
781 13003 546 2692
780 13843 550 2675
766 13121 580 2655
756 12951 527 2715
733 13073 610 2656
695 12147 529 2763
599 10558 554 2694
599 10556 554 2701
752 13061 544 2716
680 11916 579 2682
710 12515 529 2756
699 11750 583 2688
758 13510 571 2666
700 12226 595 2662
727 13132 589 2659
684 11855 557 2669
702 12148 568 2667
695 12147 529 2763
690 12241 592 2657
761 13283 546 2692
713 12434 550 2682
701 12398 555 2681
769 12968 580 2655
599 10558 554 2694
682 11904 557 2682
599 10558 554 2694
798 14789 580 2657
724 12783 594 2662
695 12328 529 2763
599 10593 554 2694
694 11870 590 2686
781 13398 541 2722
688 12274 561 2673
760 13316 532 2753
795 14099 550 2675
764 12961 550 2705
762 13702 529 2752
718 12795 552 2723
719 12168 568 2667
703 12278 581 2668
721 12668 529 2756
796 14035 550 2693
697 11991 559 2671
691 12062 557 2669
690 12013 557 2672
787 13887 543 2725
726 12321 568 2667
724 12722 529 2756
722 12786 543 2767
628 10800 581 2695
604 10621 554 2696
764 13279 550 2713
779 13701 542 2753
708 12011 568 2674
726 12679 557 2671
702 12083 568 2673
609 10915 554 2694
782 13124 564 2669
615 10876 554 2694
722 12859 543 2763
805 14316 552 2730
777 13793 529 2761
745 12940 601 2670
611 10786 568 2701
722 12540 579 2686
634 11307 554 2694
726 12679 559 2681
723 12885 580 2684
616 10875 563 2696
621 10998 554 2698
618 11086 554 2696
618 11036 554 2701
712 12390 559 2695
649 10975 593 2710
648 11202 554 2696
645 11296 564 2770
626 11009 586 2709
632 10992 586 2722
646 11363 573 2710
638 11242 573 2769
630 11352 554 2711
646 11334 573 2717
745 12888 555 2700
658 11353 574 2702
648 11774 568 2697
648 11245 554 2707
645 11436 573 2760
769 13161 602 2697
670 11589 554 2716
663 11705 560 2751
663 11604 564 2736
759 12428 593 2699
701 11964 562 2710
689 12068 581 2702
700 11870 569 2702
690 12124 557 2712
767 13738 573 2702
722 12019 585 2705
683 11615 559 2754
680 11693 573 2764
691 12396 567 2745
843 14488 597 2709
687 11826 573 2764
791 13200 593 2731
743 12888 585 2746
693 12215 573 2760
769 13445 569 2642
651 10715 538 2711
650 11199 583 2641
641 10740 523 2725
634 10886 606 2733
622 10867 588 2747
622 10860 600 2754
711 12754 551 2644
747 12549 554 2650
722 12699 557 2647
634 10900 597 2738
663 11686 560 2667
686 11751 527 2706
737 12184 524 2675
675 11960 548 2688
710 11834 545 2654
699 11761 545 2661
646 11716 589 2684
683 11429 574 2677
639 10859 581 2750
628 11292 598 2699
625 10950 552 2745
692 12142 533 2652
677 11546 536 2687
647 10913 586 2715
701 11511 523 2723
634 10886 606 2733
682 10942 538 2702
741 12226 557 2644
642 11016 561 2690
722 11404 542 2689
629 10986 601 2686
629 11140 586 2690
644 11025 542 2691
718 12401 524 2690
677 12057 548 2686
639 11038 561 2694
633 11069 533 2690
718 12401 524 2690
648 11662 589 2673
696 11028 556 2689
677 11655 574 2668
682 11452 574 2666
633 11058 545 2697
688 11704 545 2669
688 11704 545 2669
701 11511 523 2723
622 10867 588 2747
741 12226 557 2644
639 10859 581 2750
649 11223 556 2684
677 11655 574 2668
649 11223 556 2684
682 11446 574 2677
649 11223 556 2684
639 10859 581 2750
794 13736 538 2653
735 12203 523 2723
665 10753 547 2744
663 11455 583 2641
649 11082 529 2757
634 10888 606 2733
622 10876 588 2747
771 12775 557 2655
746 13264 548 2652
728 13274 527 2701
652 11170 594 2710
651 11508 562 2689
692 11543 533 2714
739 13035 557 2647
677 12000 548 2688
672 11806 577 2669
631 11352 598 2699
654 11352 556 2686
739 12223 527 2718
662 10872 524 2737
642 11139 571 2729
643 11068 590 2738
742 12318 533 2681
757 12591 569 2651
700 12207 554 2662
685 11696 574 2668
720 11650 523 2727
711 12579 536 2673
769 13460 569 2642
663 10852 539 2712
666 10801 538 2720
763 12869 554 2650
652 11413 586 2662
665 11165 543 2691
723 12412 536 2683
639 10868 581 2750
769 13460 569 2642
789 12701 533 2657
646 11210 523 2755
703 11692 523 2725
648 11376 543 2691
740 12375 533 2677
710 11835 545 2661
720 12480 536 2683
643 11069 534 2753
691 11483 523 2739
769 13460 569 2642
677 11664 574 2677
688 11708 545 2669
760 12927 533 2659
710 11835 545 2661
631 11352 598 2699
664 11138 523 2746
631 11352 598 2699
639 10868 581 2750
763 12833 554 2652
789 12701 533 2657
789 12701 533 2657
701 12586 536 2673
647 11085 534 2748
769 12894 533 2672
673 11728 556 2684
663 11455 583 2641
727 12581 533 2685
769 12894 533 2672
760 12927 533 2659
652 11413 586 2662
646 11738 589 2684
683 11466 574 2677
683 11466 574 2677
647 10777 576 2748
647 10777 576 2748
633 11207 598 2699
789 12701 533 2657
633 11207 598 2699
646 11738 589 2684
631 11352 598 2699
646 11738 589 2684
663 11455 583 2641
646 11738 589 2684
647 11085 534 2748
647 11085 534 2748
789 12701 533 2657
769 12894 533 2672
769 12894 533 2672
769 12894 533 2672
769 12894 533 2672
633 11207 598 2699
631 11352 598 2699
631 11352 598 2699
789 12711 533 2657
754 13600 536 2673
735 12203 523 2730
714 12518 523 2779
688 10886 556 2730
663 11473 583 2641
652 11232 615 2715
636 11362 598 2699
776 13250 533 2659
639 10973 606 2733
653 11416 529 2758
655 11492 598 2688
695 10982 547 2744
642 11155 581 2757
711 12347 565 2671
660 11682 574 2688
763 12869 566 2657
767 12949 554 2650
668 11053 539 2712
740 13094 557 2647
650 11818 589 2684
681 11389 524 2743
646 11126 534 2753
683 11767 574 2677
761 12723 523 2723
745 12341 545 2664
672 11337 556 2697
740 12845 554 2662
671 11820 543 2691
729 12238 548 2684
636 11149 588 2749
730 11906 538 2742
771 12906 533 2672
721 13201 545 2676
651 11418 545 2710
682 10923 559 2733
731 12185 557 2668
729 12813 562 2679
669 11636 529 2756
654 11270 529 2758
683 12073 548 2688
719 12328 523 2728
721 12223 538 2737
735 12760 536 2680
661 11453 586 2662
691 12028 565 2675
711 12899 545 2682
665 11486 574 2693
692 12285 545 2690
730 13008 536 2680
664 10912 586 2724
769 13220 536 2673
730 12433 557 2678
727 12479 536 2683
692 11983 556 2684
670 11340 534 2744
711 12378 557 2683
695 12003 565 2675
731 12185 557 2668
720 12486 536 2683
719 12739 536 2688
664 10912 586 2724
727 12479 536 2683
778 13308 533 2659
778 13288 523 2723
740 13479 545 2676
693 10931 556 2730
688 11846 583 2641
680 11992 607 2664
663 11539 529 2758
643 11432 598 2699
747 12929 523 2745
719 12681 565 2671
727 12497 536 2683
703 12056 574 2676
704 12314 548 2688
740 13095 557 2647
652 11158 606 2733
661 11380 588 2749
657 11292 534 2753
651 11692 580 2718
741 12215 557 2668
682 10969 559 2733
732 11626 556 2702
664 11761 550 2721
698 11265 547 2737
671 11526 578 2708
677 11091 547 2744
673 11141 594 2720
740 12853 554 2662
737 13061 536 2680
696 12371 548 2688
664 11642 585 2715
681 11972 543 2691
721 12861 545 2690
734 12840 557 2677
689 11939 557 2696
736 13215 536 2680
693 12068 565 2675
670 12087 589 2684
686 11415 539 2721
685 11882 586 2675
663 11701 593 2678
678 12106 589 2678
683 11926 539 2725
662 11210 534 2753
664 11034 586 2724
662 11918 589 2691
691 11701 538 2744
672 11693 598 2690
685 11240 550 2735
689 11421 586 2706
679 11970 586 2666
671 11526 578 2708
697 11670 534 2744
685 11628 547 2736
793 13598 529 2725
740 13233 557 2647
691 11117 547 2744
670 11549 538 2786
653 11446 598 2719
696 11744 569 2730
761 12642 598 2650
784 13076 557 2666
793 13468 533 2659
711 12391 591 2669
718 12298 598 2670
667 12069 598 2703
665 11881 580 2723
724 12796 589 2682
768 12841 536 2687
747 13438 556 2673
750 12447 584 2653
752 12801 539 2694
701 11772 553 2741
710 11405 547 2737
664 11621 529 2780
689 11241 547 2749
736 12031 542 2735
750 12886 550 2690
682 12006 543 2691
740 12529 538 2742
744 13176 536 2680
679 11630 534 2755
728 12927 536 2688
706 11212 556 2730
665 11465 581 2757
664 11842 543 2765
680 12035 586 2694
748 12945 536 2683
701 11941 538 2751
705 12000 534 2746
747 12834 536 2701
676 11590 529 2763
744 13176 536 2680
665 11615 541 2774
709 11959 547 2721
668 11607 529 2758
681 11815 534 2753
695 11558 542 2750
666 11564 529 2774
666 11564 529 2774
666 11607 529 2763
666 11564 529 2774
666 11564 529 2774
666 11564 529 2774
666 11564 529 2774
666 11564 529 2774
666 11564 529 2774
666 11564 529 2774
666 11564 529 2774
666 11564 529 2774
666 11564 529 2774
666 11564 529 2774
666 11564 529 2774
666 11564 529 2774
877 14795 532 2756
798 13461 557 2647
681 11900 601 2722
675 11582 529 2774
666 11564 541 2781
662 11616 600 2754
769 13498 569 2649
673 11885 590 2738
755 12907 541 2743
769 13498 569 2649
739 12057 577 2746
728 12931 548 2688
707 12279 534 2753
772 12911 595 2675
686 12098 543 2691
706 11809 576 2750
683 12064 598 2708
751 12971 536 2696
776 12986 536 2687
708 11689 595 2757
745 13228 536 2680
768 13210 536 2681
743 13195 536 2688
668 11616 529 2758
668 11616 529 2758
668 11616 529 2758
668 11616 529 2758
792 13345 565 2680
750 13516 536 2680
691 12391 621 2703
668 11619 529 2758
718 12285 606 2727
686 12169 612 2708
735 12207 586 2708
705 12214 547 2731
743 12794 557 2691
762 13273 539 2683
737 12818 551 2696
746 13512 536 2714
696 12298 543 2700
706 12380 556 2693
776 13001 536 2687
776 13001 536 2687
767 13377 536 2688
751 13421 545 2684
755 13454 536 2680
776 13001 536 2687
776 13001 536 2687
776 13001 536 2687
776 13004 536 2687
755 13616 536 2680
704 12378 603 2701
669 11620 529 2758
719 12393 552 2729
734 12358 545 2703
715 12873 580 2707
715 12488 581 2754
717 12667 599 2737
708 12704 547 2735
785 13044 536 2687
766 13674 536 2680
765 13825 536 2680
719 12946 587 2710
672 11684 529 2774
671 11707 529 2774
726 12441 555 2752
770 13545 580 2706
735 13062 556 2729
734 12765 563 2718
671 11717 529 2758
676 11711 529 2758
791 13588 536 2691
775 13770 536 2680
772 13965 536 2680
713 12377 597 2760
686 11874 529 2769
685 11944 529 2774
683 11959 529 2767
752 13075 561 2742
701 12254 581 2761
735 13108 592 2727
714 12455 529 2758
743 13282 586 2748
790 13717 536 2714
803 13788 561 2716
790 14125 536 2687
690 12041 529 2767
734 12821 529 2764
795 13891 548 2689
781 14000 536 2688
833 14643 548 2698
802 13908 565 2695
693 12176 529 2774
748 13280 564 2764
811 14592 547 2752
717 12226 529 2770
850 14972 548 2698
709 12260 529 2774
706 12358 529 2783
694 12362 529 2781
822 13846 580 2778
766 13582 550 2784
