42829 300.002
587 7749 587 2484
587 7749 587 2484
587 7749 587 2484
563 7537 551 2504
536 7748 523 2528
523 7916 523 2524
523 7756 523 2528
578 7673 578 2489
569 7574 569 2494
578 7673 578 2489
546 7587 542 2509
542 7626 542 2509
560 7615 560 2499
533 7712 533 2514
569 7574 569 2494
563 7537 551 2504
524 7783 524 2523
562 7596 560 2499
556 7566 551 2504
526 7827 523 2524
523 7916 523 2524
551 7632 551 2504
537 7599 533 2514
526 7678 524 2519
553 7570 551 2504
587 7749 587 2484
587 7749 587 2484
537 7591 533 2521
537 7599 533 2514
544 7703 523 2524
526 7678 524 2519
524 7740 524 2527
524 7783 524 2523
523 7756 523 2528
587 7745 587 2486
533 7712 533 2514
560 7615 560 2499
565 7550 560 2499
529 7628 524 2528
537 7548 524 2526
537 7548 524 2526
533 7808 523 2524
527 7814 523 2524
529 7628 524 2528
533 7808 523 2524
537 7591 533 2521
556 7566 551 2504
553 7570 551 2504
544 7703 523 2524
587 7745 587 2486
524 7740 524 2527
526 7827 523 2524
536 7748 523 2528
527 7814 523 2524
587 7749 587 2484
551 7632 551 2504
546 7587 542 2509
565 7550 560 2499
563 7553 560 2499
562 7596 560 2499
542 7626 542 2509
563 7553 560 2499
587 7749 587 2484
587 7749 587 2484
587 7749 587 2484
587 7749 587 2484
587 7749 587 2484
587 7749 587 2484
587 7749 587 2484
587 7749 587 2484
587 7749 587 2484
587 7749 587 2484
587 7749 587 2484
587 7749 587 2484
587 7749 587 2484
587 7749 587 2484
587 7749 587 2484
587 7749 587 2484
587 7749 587 2484
587 7749 587 2484
587 7749 587 2484
587 7749 587 2484
587 7749 587 2484
587 7749 587 2484
587 7749 587 2484
587 7749 587 2484
587 7749 587 2484
587 7749 587 2484
587 7749 587 2484
587 7749 587 2484
587 7749 587 2484
587 7749 587 2484
587 7749 587 2484
587 7749 587 2484
587 7749 587 2484
587 7749 587 2484
587 7749 587 2484
587 7749 587 2484
587 7749 587 2484
587 7749 587 2484
587 7749 587 2484
587 7749 587 2484
587 7749 587 2484
587 7749 587 2484
587 7749 587 2484
587 7749 587 2484
587 7749 587 2484
587 7749 587 2484
587 7749 587 2484
587 7749 587 2484
587 7749 587 2484
587 7749 587 2484
587 7749 587 2484
587 7749 587 2484
587 7749 587 2484
587 7749 587 2484
587 7749 587 2484
587 7749 587 2484
587 7749 587 2484
587 7749 587 2484
587 7749 587 2484
587 7749 587 2484
587 7749 587 2484
587 7749 587 2484
587 7749 587 2484
587 7749 587 2484
587 7749 587 2484
587 7749 587 2484
587 7749 587 2484
587 7749 587 2484
587 7749 587 2484
587 7749 587 2484
587 7749 587 2484
587 7749 587 2484
587 7749 587 2484
587 7749 587 2484
587 7749 587 2484
587 7749 587 2484
587 7749 587 2484
587 7749 587 2484
587 7749 587 2484
587 7749 587 2484
587 7749 587 2484
587 7749 587 2484
587 7749 587 2484
587 7749 587 2484
587 7749 587 2484
587 7749 587 2484
587 7749 587 2484
587 7749 587 2484
587 7749 587 2484
587 7749 587 2484
587 7749 587 2484
587 7749 587 2484
587 7749 587 2484
587 7749 587 2484
587 7749 587 2484
587 7749 587 2484
587 7749 587 2484
587 7749 587 2484
587 7749 587 2484
587 7749 587 2484
587 7749 587 2484
587 7749 587 2484
587 7749 587 2484
587 7749 587 2484
587 7749 587 2484
587 7749 587 2484
587 7749 587 2484
587 7749 587 2484
587 7749 587 2484
587 7749 587 2484
587 7749 587 2484
587 7749 587 2484
587 7749 587 2484
587 7749 587 2484
587 7749 587 2484
587 7749 587 2484
587 7749 587 2484
587 7749 587 2484
587 7749 587 2484
587 7749 587 2484
587 7749 587 2484
587 7749 587 2484
587 7749 587 2484
587 7749 587 2484
587 7749 587 2484
587 7749 587 2484
587 7749 587 2484
587 7749 587 2484
587 7749 587 2484
587 7749 587 2484
587 7749 587 2484
587 7749 587 2484
587 7749 587 2484
587 7749 587 2484
587 7749 587 2484
587 7749 587 2484
587 7749 587 2484
587 7749 587 2484
587 7749 587 2484
587 7749 587 2484
587 7749 587 2484
587 7749 587 2484
587 7749 587 2484
587 7749 587 2484
587 7749 587 2484
587 7749 587 2484
587 7749 587 2484
587 7749 587 2484
587 7749 587 2484
587 7749 587 2484
587 7749 587 2484
587 7749 587 2484
587 7749 587 2484
587 7749 587 2484
587 7749 587 2484
587 7749 587 2484
587 7749 587 2484
587 7749 587 2484
587 7749 587 2484
587 7749 587 2484
587 7749 587 2484
587 7749 587 2484
587 7749 587 2484
587 7749 587 2484
587 7749 587 2484
587 7749 587 2484
587 7749 587 2484
587 7749 587 2484
587 7749 587 2484
587 7749 587 2484
587 7749 587 2484
587 7749 587 2484
587 7749 587 2484
587 7749 587 2484
587 7749 587 2484
587 7749 587 2484
587 7749 587 2484
587 7749 587 2484
587 7749 587 2484
587 7749 587 2484
587 7749 587 2484
587 7749 587 2484
587 7749 587 2484
587 7749 587 2484
587 7749 587 2484
587 7749 587 2484
587 7749 587 2484
587 7749 587 2484
587 7749 587 2484
587 7749 587 2484
587 7749 587 2484
587 7749 587 2484
587 7749 587 2484
587 7749 587 2484
587 7749 587 2484
587 7749 587 2484
587 7749 587 2484
587 7749 587 2484
587 7749 587 2484
587 7749 587 2484
587 7749 587 2484
587 7749 587 2484
587 7749 587 2484
587 7749 587 2484
587 7749 587 2484
587 7749 587 2484
587 7749 587 2484
587 7749 587 2484
587 7749 587 2484
587 7749 587 2484
587 7749 587 2484
587 7749 587 2484
587 7749 587 2484
587 7749 587 2484
587 7749 587 2484
587 7749 587 2484
587 7749 587 2484
587 7749 587 2484
587 7749 587 2484
587 7749 587 2484
587 7749 587 2484
587 7749 587 2484
587 7749 587 2484
587 7749 587 2484
587 7749 587 2484
587 7749 587 2484
587 7749 587 2484
587 7749 587 2484
587 7749 587 2484
587 7749 587 2484
587 7749 587 2484
587 7749 587 2484
587 7749 587 2484
587 7749 587 2484
587 7749 587 2484
587 7749 587 2484
587 7749 587 2484
587 7749 587 2484
587 7749 587 2484
587 7749 587 2484
587 7749 587 2484
587 7749 587 2484
587 7749 587 2484
587 7749 587 2484
587 7749 587 2484
587 7749 587 2484
587 7749 587 2484
587 7749 587 2484
587 7749 587 2484
587 7749 587 2484
587 7749 587 2484
587 7749 587 2484
587 7749 587 2484
587 7749 587 2484
587 7749 587 2484
587 7749 587 2484
587 7749 587 2484
587 7749 587 2484
587 7749 587 2484
587 7749 587 2484
587 7749 587 2484
587 7749 587 2484
587 7749 587 2484
587 7749 587 2484
587 7749 587 2484
587 7749 587 2484
587 7749 587 2484
587 7749 587 2484
602 8142 578 2489
587 7773 587 2484
587 7749 587 2488
579 7795 578 2493
713 9714 578 2496
640 8829 578 2498
587 7786 587 2484
587 7767 587 2493
587 7789 587 2484
587 7789 587 2484
589 7791 587 2484
587 7799 587 2484
592 7810 587 2484
589 7814 587 2484
587 7826 587 2484
587 7827 587 2484
609 7836 587 2484
588 7864 587 2484
587 7934 587 2484
591 7879 587 2484
588 7899 587 2484
605 7891 587 2484
592 7914 587 2484
606 7933 587 2484
603 8100 587 2484
601 7990 601 2491
600 7998 587 2493
605 8078 587 2484
628 7987 587 2484
608 8319 587 2484
602 8085 601 2491
601 8063 601 2500
610 8089 587 2484
606 8199 587 2486
605 8086 587 2497
609 8206 587 2484
610 8112 587 2484
606 8200 587 2486
602 8181 601 2491
612 8174 587 2484
610 8276 587 2484
614 8178 587 2484
612 8204 587 2484
610 8281 587 2486
616 8223 587 2484
613 8274 587 2484
612 8286 587 2484
632 8321 587 2484
619 8232 587 2486
617 8346 587 2484
627 8339 587 2497
620 8494 587 2484
619 8433 587 2486
640 8497 587 2499
626 8527 587 2484
624 8479 601 2500
633 8608 587 2484
632 8629 592 2505
630 8650 587 2484
638 8615 587 2484
632 8662 592 2505
633 8646 587 2484
655 8687 587 2512
642 8729 587 2484
635 8766 587 2484
633 8731 587 2493
646 8873 587 2484
638 8825 587 2495
634 8851 601 2500
634 8774 601 2504
637 8826 587 2491
651 8939 587 2484
651 8845 587 2497
656 8967 587 2484
670 9010 587 2497
661 9034 587 2484
681 9128 587 2484
672 9413 587 2484
665 9160 587 2493
682 9429 587 2493
673 9435 587 2484
680 9491 587 2488
