8 3.31676
745 13173 523 2634
711 12413 560 2596
636 10188 559 2658
600 10300 569 2728
637 10425 527 2702
712 12162 541 2602
614 10479 569 2719
695 11666 538 2649
700 11678 524 2622
654 11143 523 2692
686 11414 565 2609
622 10798 550 2638
692 11882 542 2603
653 11169 554 2616
685 10937 547 2651
665 11424 523 2681
651 10634 556 2610
674 11432 545 2644
618 10707 538 2671
694 11548 551 2620
634 10213 559 2658
685 11352 539 2663
660 11736 538 2641
651 11468 541 2655
626 10550 555 2721
682 11315 523 2664
668 11160 538 2664
695 11568 547 2643
683 11784 541 2640
673 11527 538 2651
675 11716 527 2672
688 11779 542 2605
675 11716 527 2672
626 10550 555 2721
675 11716 527 2672
626 10550 555 2721
688 11779 542 2605
651 11468 541 2655
675 11716 527 2672
796 13119 527 2640
763 13290 529 2644
758 13261 523 2664
695 11787 554 2605
634 10255 559 2658
612 10475 569 2728
768 12902 529 2638
667 11604 532 2715
680 11148 534 2692
677 11215 565 2618
722 12402 524 2660
725 12506 527 2648
653 11110 538 2679
636 10845 550 2675
634 10255 559 2658
757 13251 541 2636
688 11908 554 2612
731 11767 523 2678
687 11526 565 2616
749 12112 527 2665
671 11430 543 2667
707 11802 545 2617
681 11156 550 2656
696 12273 550 2629
685 12115 532 2686
649 10734 539 2676
697 11949 542 2605
670 11671 536 2689
669 11236 568 2630
703 11907 547 2644
706 12183 527 2668
649 11343 550 2647
715 12324 527 2659
647 11282 538 2678
681 11397 532 2719
676 11926 541 2650
688 11322 532 2719
702 12168 529 2665
679 11792 538 2653
689 11714 523 2681
709 11798 550 2641
704 12158 527 2672
760 11981 527 2669
704 11962 536 2659
649 10734 539 2676
677 12119 529 2683
703 12065 523 2677
691 11288 547 2675
705 11380 547 2669
669 11236 568 2630
695 11773 538 2649
703 11907 547 2644
679 11792 538 2653
687 11791 538 2664
649 11343 550 2647
688 11322 532 2719
822 13083 524 2664
778 13645 523 2664
735 12539 560 2605
636 10399 559 2667
635 10945 606 2723
614 10525 569 2728
614 10525 569 2728
635 10945 606 2723
771 13153 533 2645
660 10874 543 2701
662 11231 538 2688
727 12844 556 2625
710 11954 542 2628
691 11936 532 2719
743 12367 529 2670
646 10399 559 2658
753 12248 542 2608
766 12951 527 2665
687 11319 565 2618
721 12499 538 2654
660 10874 543 2701
672 11545 563 2648
660 11623 546 2688
761 12666 536 2651
729 12737 523 2677
718 12381 536 2668
774 12690 527 2663
735 12539 551 2619
695 11584 532 2719
747 12869 542 2624
681 11362 568 2648
677 11610 539 2681
704 12107 550 2645
718 12582 536 2660
739 12741 536 2649
699 12301 548 2653
736 12243 551 2622
695 11805 523 2684
679 11790 545 2680
735 11976 523 2678
713 11885 538 2655
687 11319 565 2618
740 12208 538 2649
684 11447 565 2618
675 11813 548 2679
700 11904 551 2656
708 11811 547 2652
704 12263 532 2679
653 10882 543 2701
679 11790 545 2680
670 11515 550 2668
704 11894 547 2653
670 11515 550 2668
669 11389 565 2653
653 10882 543 2701
711 12253 541 2679
711 12253 541 2679
735 12539 551 2619
669 11389 565 2653
687 11319 565 2618
635 10945 606 2723
788 13864 523 2664
766 13076 574 2612
649 10434 559 2658
646 11228 605 2687
645 10514 599 2730
626 10535 569 2728
645 11389 579 2727
687 11367 565 2618
760 13418 548 2650
769 12663 547 2639
773 12470 545 2658
664 10983 557 2708
760 13106 547 2651
659 11190 555 2712
674 11758 550 2675
737 12995 532 2682
685 11617 539 2684
732 12038 533 2686
741 12824 536 2669
681 12116 564 2657
713 11961 561 2642
727 12611 548 2655
762 12955 542 2616
646 11420 571 2717
654 11563 555 2707
717 12395 523 2726
751 12894 536 2657
696 11911 536 2700
708 12155 527 2696
700 11723 556 2674
699 11735 532 2719
672 11802 548 2693
663 11028 543 2701
716 11962 530 2690
722 11831 547 2673
722 12214 554 2641
683 11482 555 2699
712 11525 544 2697
731 12699 538 2660
768 12965 529 2670
746 12866 536 2660
714 12750 541 2657
689 12060 538 2717
664 10983 557 2708
721 12350 556 2646
712 12099 556 2653
660 11295 543 2711
721 12350 556 2646
741 12977 523 2677
710 12292 559 2641
689 12060 538 2717
699 12292 527 2692
747 12216 523 2678
719 12266 523 2687
714 12071 543 2663
698 12177 532 2688
741 12977 523 2677
673 11020 543 2703
653 11399 550 2728
725 12139 523 2695
673 11020 543 2703
724 12153 550 2640
696 11911 536 2700
660 11295 543 2711
717 12049 548 2663
725 12150 542 2680
699 12292 527 2692
725 12150 542 2680
715 12059 529 2689
653 11399 550 2728
747 12216 523 2678
715 12059 529 2689
710 12292 559 2641
747 12216 523 2678
817 13745 542 2635
804 14219 542 2637
802 14041 565 2622
763 12407 523 2678
716 11777 539 2797
652 11147 617 2700
650 10455 585 2701
626 10538 569 2728
652 11735 587 2677
710 12042 539 2748
767 13396 550 2632
716 11777 539 2797
657 11035 571 2683
743 12784 541 2661
750 13012 565 2625
714 11679 582 2651
667 11438 553 2723
691 11730 568 2630
763 13282 538 2676
685 11316 550 2703
740 12667 556 2640
755 13150 532 2686
726 12537 523 2695
720 11625 557 2685
661 10701 559 2658
711 11944 532 2726
710 12042 539 2748
741 12554 536 2687
651 10803 571 2701
688 11474 543 2706
766 13309 547 2657
718 12084 539 2713
659 11314 564 2677
705 11453 582 2656
712 12371 561 2650
735 12513 555 2647
662 11389 555 2719
703 12358 552 2688
702 11736 548 2693
652 10729 569 2719
762 12519 538 2681
763 11887 565 2637
757 12184 554 2644
727 12221 548 2685
742 12053 550 2689
687 12130 543 2700
716 12252 543 2689
726 12015 532 2719
702 11736 548 2693
734 12241 539 2702
711 11944 532 2726
757 12184 554 2644
735 12173 541 2686
687 12130 543 2700
756 12172 539 2704
756 12172 539 2704
734 12241 539 2702
822 13198 539 2688
817 13231 523 2701
799 14095 543 2667
757 13056 570 2643
706 11871 550 2772
658 11256 617 2700
632 10911 569 2730
666 11185 617 2700
711 12209 558 2739
680 11246 582 2658
778 13706 551 2645
773 12519 532 2696
689 11970 564 2661
724 12487 536 2726
797 12808 578 2660
749 13143 547 2670
794 12769 554 2690
662 11368 562 2663
799 12917 547 2675
736 12174 548 2729
757 13347 534 2710
717 12752 557 2718
671 11061 570 2661
751 13007 565 2651
739 12665 523 2717
756 12333 547 2702
776 13346 554 2652
730 12567 541 2720
731 12327 534 2721
683 11110 559 2662
760 12968 538 2713
763 12954 550 2665
680 11246 582 2658
662 11368 562 2663
760 13200 523 2710
675 11106 559 2665
739 12665 523 2717
739 12665 523 2717
757 13028 547 2664
671 11061 570 2661
739 12665 523 2717
803 13679 534 2708
800 13072 577 2654
798 14403 554 2664
772 13639 523 2722
761 12698 544 2762
675 11181 571 2678
666 11968 599 2693
747 13181 529 2757
770 13066 523 2732
759 12912 553 2705
698 11534 587 2663
702 12052 564 2688
686 12159 562 2675
717 11709 559 2663
685 11644 584 2672
717 11709 559 2663
692 11372 571 2667
685 11578 569 2723
671 11564 573 2690
688 12087 568 2677
689 12045 573 2668
804 13423 553 2721
802 13456 591 2677
789 13583 559 2672
779 14073 527 2729
704 11878 573 2731
747 12923 569 2705
763 13296 580 2680
748 12952 559 2689
794 12766 571 2719
791 13735 552 2723
769 13439 553 2710
933 16855 555 2725
810 13784 566 2679
755 13348 566 2720
813 13896 596 2726
752 13435 551 2593
714 12191 523 2612
683 11919 560 2588
630 10806 550 2705
624 10378 608 2658
621 10251 575 2682
615 10554 559 2690
721 12552 533 2603
684 11739 523 2621
682 11464 524 2649
640 10699 596 2656
619 10458 587 2689
667 11135 547 2604
630 10740 563 2644
669 12083 545 2619
633 11175 527 2626
621 10843 590 2635
628 10592 557 2678
654 11165 523 2653
647 10876 551 2609
647 10721 536 2647
635 10878 542 2626
629 10849 533 2699
684 10661 608 2647
720 11934 542 2614
637 11136 527 2640
632 10508 557 2669
684 11687 524 2647
719 12071 542 2614
632 10508 557 2669
630 10806 550 2705
631 10403 608 2656
624 10413 608 2656
630 10806 550 2705
752 13446 551 2593
688 12017 523 2621
631 10695 608 2656
625 10256 587 2695
616 10590 559 2690
737 12324 524 2614
746 12869 551 2603
712 12220 566 2605
630 11053 590 2644
746 12869 551 2603
714 11807 545 2624
730 12310 542 2614
641 11029 572 2637
632 10992 604 2675
666 11138 527 2676
701 11382 533 2637
690 11687 551 2609
687 11712 565 2616
673 11548 581 2621
646 10941 583 2665
654 11253 536 2681
692 11911 523 2621
649 11095 563 2666
676 12008 554 2629
635 10934 560 2687
672 10878 554 2638
655 11200 533 2681
623 10289 587 2689
662 11367 533 2660
661 10882 545 2641
630 11053 590 2644
647 10937 548 2683
645 11350 542 2635
669 11188 554 2637
642 10667 587 2673
657 11206 542 2658
666 11811 523 2686
675 11571 542 2633
655 11008 563 2622
623 10289 587 2689
681 11944 524 2669
661 10882 545 2641
640 11364 548 2676
638 11134 557 2669
632 10992 604 2675
679 11512 524 2686
643 10967 542 2670
678 11469 556 2630
632 10624 608 2656
683 11439 556 2630
681 11604 581 2619
689 11427 542 2632
681 11604 581 2619
654 11253 536 2681
675 11303 545 2637
683 11439 556 2630
644 10590 557 2669
642 10651 587 2687
675 11571 542 2633
679 11512 524 2686
655 11200 533 2681
644 10590 557 2669
632 10624 608 2656
632 10624 608 2656
766 12990 542 2619
752 13461 551 2593
673 11951 523 2686
646 10976 608 2665
623 10362 587 2689
616 10785 589 2746
747 12949 554 2610
727 11720 547 2633
668 12225 536 2720
658 10998 596 2665
647 10672 569 2690
617 10745 589 2726
706 12199 556 2617
673 11496 539 2702
632 11199 590 2644
670 11104 587 2661
646 10976 608 2665
654 10815 578 2681
687 11811 575 2627
676 11343 527 2691
680 11795 542 2655
692 12055 524 2676
653 11505 559 2673
749 11961 551 2619
686 11898 533 2682
706 11673 536 2668
639 11119 590 2653
686 11880 565 2623
636 11255 582 2691
691 12079 554 2629
692 11812 565 2616
676 11343 527 2691
649 11235 563 2666
637 11002 559 2724
672 11467 548 2682
697 11395 545 2641
678 11281 554 2669
674 11894 536 2711
681 11399 545 2649
682 11318 545 2648
635 11092 559 2709
646 11180 559 2678
702 11511 533 2688
700 11631 554 2639
688 11590 577 2626
691 12173 523 2632
660 11426 563 2644
672 11817 544 2666
663 11244 557 2669
693 11121 563 2675
694 11351 536 2677
662 11259 581 2632
671 11240 557 2668
673 11571 554 2674
654 11348 542 2683
684 11615 581 2619
677 11582 533 2690
654 11348 542 2683
681 11499 536 2670
646 11071 554 2681
673 11951 523 2686
643 11434 559 2688
698 10994 554 2673
694 11951 523 2621
688 11590 577 2626
693 11121 563 2675
679 11738 544 2677
700 11631 554 2639
679 11738 544 2677
643 11251 559 2691
674 11894 536 2711
635 11092 559 2709
673 11106 545 2686
643 11251 559 2691
684 11615 581 2619
677 11582 533 2690
643 11434 559 2688
662 11259 581 2632
692 11812 565 2616
694 11951 523 2621
673 11571 554 2674
646 11071 554 2681
643 11251 559 2691
672 11817 544 2666
679 11738 544 2677
674 11894 536 2711
643 11434 559 2688
643 11251 559 2691
643 11251 559 2691
845 14769 533 2629
759 13604 551 2593
728 12803 523 2665
674 11327 551 2801
657 11146 608 2656
647 10621 587 2689
619 10832 601 2753
770 12377 524 2630
667 11044 572 2731
674 11327 551 2801
619 10832 601 2753
748 12438 565 2616
726 13106 533 2650
620 10779 601 2744
660 11360 550 2705
701 11663 590 2621
670 11448 545 2715
620 10779 601 2744
677 11367 527 2695
711 12165 539 2662
678 11160 554 2685
674 11356 599 2661
647 11150 557 2692
731 12730 527 2654
692 11771 581 2619
691 11792 581 2626
739 12882 569 2618
697 12429 532 2680
657 11809 545 2710
682 11543 560 2681
729 12682 533 2668
720 12228 536 2667
711 12594 523 2679
710 12174 542 2634
688 11573 563 2659
739 12882 569 2618
701 11458 542 2692
751 12429 536 2623
745 12329 542 2632
711 11760 563 2639
692 11836 568 2630
696 11938 545 2650
706 11673 536 2677
710 11701 536 2668
690 11582 599 2654
709 12081 563 2629
688 11853 545 2672
728 12323 523 2674
697 11494 554 2646
704 12063 542 2645
694 12024 527 2684
689 11693 559 2661
704 11985 572 2620
682 11625 536 2680
690 11449 564 2663
668 11622 571 2659
722 11829 545 2663
670 11448 545 2715
668 11622 571 2659
697 11494 554 2646
706 11673 536 2677
692 11771 581 2619
706 11673 536 2677
674 11327 551 2801
668 11622 571 2659
774 13444 542 2641
765 13695 551 2593
738 12356 523 2680
672 11396 551 2783
657 11164 608 2656
620 10857 601 2744
767 13041 565 2618
680 11705 527 2762
671 11254 557 2719
663 11117 587 2689
756 12900 559 2632
739 12879 577 2625
714 12158 590 2637
672 11396 551 2783
700 11587 596 2646
713 11903 529 2708
705 12379 572 2629
684 11816 536 2728
760 13393 554 2630
739 12726 581 2624
671 11561 559 2700
728 12169 536 2671
733 12285 581 2628
724 11921 545 2673
707 11989 581 2645
761 13041 533 2661
688 12483 587 2663
697 12065 533 2684
736 12514 536 2668
698 11520 578 2647
696 12014 575 2666
692 12158 566 2672
722 12450 545 2648
708 11689 536 2677
693 12015 533 2698
690 11740 542 2714
739 12302 542 2645
720 11876 554 2646
697 12321 554 2661
691 11718 527 2742
698 11641 554 2655
699 11766 542 2690
691 11718 527 2742
738 12896 523 2665
735 12299 545 2664
685 11800 542 2681
725 12508 545 2636
684 11816 536 2728
720 11876 554 2646
789 13641 524 2667
768 13755 551 2593
744 12755 523 2694
635 10873 601 2753
623 10904 601 2753
789 13161 551 2636
635 11020 601 2749
676 11786 595 2697
687 11824 572 2735
702 11587 596 2680
748 12895 527 2690
741 12531 527 2700
782 13017 542 2652
727 12597 559 2644
719 12266 581 2646
707 12405 562 2683
711 11863 568 2660
708 12513 590 2669
763 12984 542 2666
701 12437 536 2722
697 12214 539 2690
715 12075 536 2677
710 12029 581 2692
743 12831 524 2722
725 12451 547 2650
717 11950 557 2676
727 11898 556 2650
702 12143 596 2671
712 12590 548 2682
836 14728 536 2697
821 14060 575 2644
794 13380 532 2732
790 13437 523 2721
742 12023 563 2695
712 12232 599 2676
711 12547 557 2720
810 13704 566 2646
773 13445 551 2660
718 12041 587 2675
735 12574 559 2687
749 12581 548 2705
751 12849 554 2654
723 12125 539 2719
750 13237 536 2716
778 13418 550 2651
721 13045 557 2701
716 12047 568 2666
715 12679 569 2696
742 12780 568 2646
721 12905 559 2717
778 13441 554 2718
751 12431 566 2732
747 13184 586 2659
748 12827 571 2681
778 13050 556 2662
793 13552 566 2673
788 13388 557 2701
784 13403 571 2667
767 13427 587 2747
782 13508 557 2678
855 14329 563 2693
844 14601 572 2686
796 13454 601 2682
770 13315 536 2645
753 13478 523 2638
679 11491 571 2607
646 11340 523 2756
628 10250 577 2699
628 10250 577 2699
611 10869 571 2748
715 12510 547 2627
667 11863 554 2610
639 10312 568 2624
650 11129 523 2725
677 11886 538 2637
612 10818 551 2621
655 11439 541 2632
632 10714 573 2646
617 10657 545 2660
666 11662 523 2648
615 10432 545 2703
643 11471 532 2690
644 11476 536 2675
648 10743 542 2665
678 11384 523 2706
628 10253 577 2686
646 11151 527 2671
643 11539 536 2662
627 11045 541 2692
649 10800 538 2696
666 11377 527 2664
679 11178 532 2664
617 10261 538 2705
647 11204 536 2670
628 10543 577 2654
627 11045 541 2692
628 10543 577 2654
644 11476 536 2675
628 10253 577 2686
678 11384 523 2706
767 13618 523 2638
646 11357 523 2756
642 10641 589 2625
628 10250 577 2703
621 11016 551 2621
611 10913 571 2748
694 11436 535 2742
626 10668 565 2669
724 12048 547 2640
720 12895 542 2641
767 12425 541 2638
641 10861 583 2652
759 12439 541 2638
646 10957 551 2625
718 12498 538 2646
676 11476 530 2688
622 11001 571 2728
668 11713 527 2693
647 10893 559 2691
662 11104 538 2698
721 12647 550 2638
627 10951 557 2739
614 10842 571 2737
673 11715 523 2648
641 10861 583 2652
722 12811 541 2643
667 11959 527 2712
647 11805 529 2717
614 10842 571 2737
658 11352 541 2676
723 12518 547 2639
636 10949 545 2710
669 11864 532 2683
654 11357 538 2681
670 11490 536 2684
650 11225 541 2687
639 11233 538 2726
662 11738 532 2723
631 10283 577 2686
646 11357 523 2756
611 10913 571 2748
627 11108 545 2716
669 11855 545 2673
658 11794 532 2712
636 10938 545 2712
759 12439 541 2638
638 10568 577 2684
631 10283 577 2686
670 11490 536 2684
628 10383 577 2686
631 10283 577 2686
628 10383 577 2686
669 11855 545 2673
638 10568 577 2684
639 11233 538 2726
662 11738 532 2723
631 10283 577 2686
759 12439 541 2638
631 10283 577 2686
771 13883 527 2647
689 11996 523 2648
658 11168 550 2784
650 10668 589 2625
635 11016 551 2621
631 10301 577 2690
611 10973 571 2748
725 12866 541 2643
762 12505 541 2638
759 12439 541 2642
649 10717 589 2625
628 11036 557 2732
645 10914 568 2675
658 11168 550 2784
702 11938 524 2654
686 12369 538 2659
628 10433 577 2686
637 11367 545 2716
656 11210 549 2715
702 11641 550 2712
628 11036 557 2732
679 11826 532 2701
674 11881 529 2717
688 12109 550 2664
656 11557 523 2756
667 11772 538 2709
635 10702 577 2685
693 11915 536 2654
674 11821 544 2705
649 11415 523 2765
690 11432 538 2718
667 12042 532 2719
693 11747 524 2753
680 11792 523 2727
687 11837 533 2666
643 10877 577 2677
649 11415 523 2765
677 11754 536 2670
668 11756 541 2706
628 10433 577 2686
687 11945 523 2677
680 11992 523 2673
691 11919 547 2658
635 10702 577 2685
691 11919 547 2658
645 10805 577 2673
679 11749 536 2666
677 11754 536 2670
693 11747 524 2753
649 11415 523 2765
645 10805 577 2673
650 10668 589 2625
762 12528 541 2638
725 12886 541 2643
684 12149 523 2734
667 11324 550 2784
659 10738 589 2625
655 11548 551 2621
637 10349 577 2699
631 11179 571 2735
719 11985 533 2742
681 11768 543 2683
685 12140 527 2690
699 11926 535 2704
659 11086 565 2664
659 11483 550 2726
669 11187 577 2654
655 10919 582 2697
646 11501 563 2645
699 11998 523 2648
687 12191 523 2682
678 12003 548 2676
682 12334 550 2669
685 11344 571 2632
656 11195 553 2697
689 12035 523 2648
654 10756 589 2625
658 11134 588 2636
660 11189 557 2653
653 11504 556 2680
652 11141 553 2731
698 11983 542 2675
642 11016 557 2675
658 11351 584 2634
637 11347 559 2730
658 11351 584 2634
682 11968 535 2702
656 11023 557 2671
637 11347 559 2730
678 12003 548 2676
699 11962 550 2666
642 11016 557 2675
699 11926 535 2704
656 11023 557 2671
642 11016 557 2675
778 12633 541 2638
744 13009 559 2636
722 12416 523 2648
659 10923 589 2625
650 11126 560 2752
640 10490 589 2706
659 11287 566 2671
663 11550 550 2737
739 12193 574 2625
667 11869 555 2726
664 11783 568 2652
732 12924 541 2643
692 12037 538 2716
678 11670 571 2655
681 11601 577 2641
687 11804 545 2712
712 12435 585 2633
656 11568 567 2744
659 10923 589 2625
705 11997 545 2699
712 12435 585 2633
707 12161 527 2662
675 11863 551 2645
714 12543 541 2661
736 11836 571 2635
682 12128 538 2726
705 12216 524 2683
702 11862 554 2675
669 11666 577 2643
720 12653 541 2660
701 12088 547 2658
732 12924 541 2643
708 12076 535 2691
682 11923 545 2716
682 11861 553 2686
695 12078 524 2699
697 12240 538 2662
694 12512 532 2689
686 12195 529 2691
694 12512 532 2689
696 12071 529 2745
698 12139 527 2674
699 12546 523 2707
720 12653 541 2660
712 12569 545 2658
689 12154 529 2739
708 12076 535 2691
709 12424 523 2671
681 11601 577 2641
689 12154 529 2739
696 12071 529 2745
695 12094 529 2673
695 12094 529 2673
699 12546 523 2707
686 12195 529 2691
769 12999 523 2658
756 13528 541 2643
741 13064 523 2651
724 12384 524 2750
686 11348 589 2625
666 11668 591 2666
659 11501 575 2709
765 13363 547 2648
758 13044 584 2642
683 11968 580 2654
683 11701 559 2745
703 11771 568 2720
709 12104 563 2660
707 12330 552 2651
718 11989 574 2670
690 12337 535 2722
698 12083 532 2734
721 12206 545 2690
701 12509 524 2731
697 11971 577 2699
692 12803 543 2696
716 12783 532 2666
704 12631 529 2685
713 12457 523 2680
713 12380 527 2708
726 12341 532 2672
733 12836 523 2676
730 12956 547 2650
703 11996 568 2676
712 12283 533 2714
711 12280 536 2712
707 12017 545 2703
701 12475 539 2702
725 12881 541 2652
730 12237 529 2671
725 12519 533 2655
729 12338 545 2676
704 12631 529 2685
712 12203 536 2702
704 12340 538 2697
725 12474 543 2653
817 13843 527 2660
788 14025 547 2644
727 12486 523 2697
691 11582 598 2629
688 11805 608 2683
671 12085 580 2738
681 11768 591 2700
749 13243 523 2682
776 13613 536 2660
701 12473 569 2729
687 11723 588 2737
718 12000 597 2650
713 12302 535 2717
719 12260 589 2629
761 12592 536 2662
775 13007 529 2662
735 12828 552 2655
781 14023 550 2653
745 12322 559 2685
724 12523 557 2673
733 12413 577 2652
726 12633 578 2672
752 13048 541 2660
740 13039 532 2687
707 12430 550 2723
758 12919 547 2655
700 12103 577 2699
711 12628 571 2697
746 12698 524 2695
725 12559 545 2689
724 12755 541 2687
707 12518 542 2720
723 12730 527 2720
747 12450 535 2693
719 12933 523 2694
712 12330 559 2689
711 12560 541 2699
811 13987 538 2675
804 14210 536 2675
767 12760 589 2634
764 13321 523 2710
724 13157 523 2752
708 11712 606 2658
700 11861 598 2672
741 12499 582 2725
783 13906 547 2662
799 14160 541 2669
713 12502 564 2691
703 11785 598 2651
781 13422 529 2689
753 12849 577 2664
726 12824 545 2749
735 12857 558 2695
744 12783 562 2683
760 13582 545 2677
737 12597 529 2703
729 12642 545 2715
760 13334 527 2723
755 13179 559 2674
743 12710 580 2656
762 13070 524 2695
761 12934 524 2713
793 13172 545 2708
792 13603 594 2637
791 14116 547 2662
765 13451 523 2719
723 12583 602 2723
717 12972 576 2760
740 13616 529 2730
748 12826 568 2696
769 13397 562 2744
762 12842 556 2746
729 13190 565 2735
727 13002 571 2755
775 13572 529 2722
791 13902 556 2728
782 13886 571 2778
754 12431 551 2626
710 12689 523 2642
702 12544 566 2624
647 10972 523 2703
620 10311 548 2735
611 10319 577 2650
584 9835 557 2728
584 9835 557 2728
587 9841 557 2726
603 10429 536 2711
680 11189 575 2648
721 12680 542 2626
735 12574 563 2627
677 11766 554 2634
667 11432 527 2673
699 11929 527 2664
661 11336 563 2640
720 12125 551 2630
677 11737 533 2647
641 11123 527 2686
618 10827 545 2681
608 10345 548 2697
610 10639 536 2690
711 12512 533 2645
613 10588 566 2666
690 12236 523 2662
631 10648 536 2658
636 10548 566 2670
705 12085 545 2646
695 12595 548 2640
680 12001 523 2677
702 12320 532 2655
695 12207 550 2641
600 10453 545 2683
661 12013 527 2683
625 11108 545 2652
623 10996 536 2675
643 10941 563 2652
702 12320 532 2655
711 12359 527 2657
600 10453 545 2683
788 13649 539 2654
764 12521 551 2626
726 12877 523 2660
654 11442 523 2755
630 11073 595 2658
592 10107 557 2728
592 10107 557 2728
740 12699 548 2628
690 11481 586 2652
619 10713 572 2673
711 11938 595 2634
603 10434 536 2711
675 11639 577 2655
630 10471 566 2705
689 11885 577 2642
695 12311 533 2667
719 12121 545 2652
668 11580 533 2686
670 11441 529 2676
616 10932 539 2702
652 11518 523 2711
728 12817 527 2661
673 11592 527 2684
735 12581 563 2627
700 11873 554 2653
607 10727 545 2692
649 11252 536 2672
696 11545 575 2650
654 11586 523 2705
644 10952 551 2671
642 10986 545 2662
723 12849 541 2648
648 11669 536 2697
735 12581 563 2627
726 12436 542 2648
668 11649 566 2646
654 10856 536 2693
650 11290 536 2668
696 12517 527 2677
607 10727 545 2692
705 11935 554 2648
714 12540 553 2657
711 12551 523 2662
705 12443 527 2677
714 12540 553 2657
648 11669 536 2697
711 11938 595 2634
700 11873 554 2653
711 12551 523 2662
768 12905 548 2628
752 13010 532 2660
742 12721 563 2627
707 12269 523 2705
690 12222 604 2646
667 11748 523 2755
595 10343 557 2741
681 11932 595 2651
625 10925 579 2679
716 12166 595 2643
612 10363 557 2728
637 10584 545 2724
727 12321 550 2653
732 12542 577 2642
664 11185 541 2697
768 12905 548 2628
663 10851 539 2719
649 11183 569 2665
667 11748 523 2755
738 12495 559 2650
752 12831 551 2637
748 12672 533 2669
613 10655 547 2725
612 10363 557 2728
671 12046 529 2684
673 11875 530 2718
645 11276 553 2675
682 11656 563 2662
643 11545 545 2686
623 11045 536 2711
660 11256 569 2663
733 12963 545 2649
686 12084 527 2695
730 12916 523 2662
629 10937 545 2692
662 11739 533 2712
647 11359 560 2663
651 11302 557 2666
705 12604 527 2677
740 12783 569 2634
668 11379 545 2663
721 12011 595 2635
630 10731 578 2696
698 12620 527 2677
650 11100 545 2675
673 11918 523 2716
629 10937 545 2692
703 12031 569 2660
630 10731 578 2696
650 11291 536 2668
737 12774 523 2680
696 11672 595 2647
616 10625 545 2714
721 12202 566 2646
643 11545 545 2686
684 12258 527 2711
642 11017 539 2728
644 11033 565 2672
649 11311 536 2681
726 12859 539 2667
720 12290 566 2646
726 12859 539 2667
616 10625 545 2714
644 11033 565 2672
742 12560 523 2678
719 12558 527 2679
703 12031 569 2660
696 11672 595 2647
684 12258 527 2711
673 11918 523 2716
698 12620 527 2677
642 11017 539 2728
698 12620 527 2677
779 13125 548 2628
772 13900 523 2696
706 12165 530 2769
661 11423 607 2665
612 10599 571 2739
616 10905 566 2745
731 12677 583 2658
637 10844 557 2726
740 12145 524 2759
733 12327 595 2637
709 12519 604 2646
719 12200 532 2730
642 11261 545 2692
707 11846 598 2657
634 10656 580 2721
713 11903 550 2675
756 12851 554 2648
654 11188 539 2732
743 12139 527 2698
675 11469 565 2663
766 12567 532 2695
703 11935 595 2656
767 12990 595 2634
622 10867 571 2715
689 11624 536 2679
650 11378 579 2679
738 12956 527 2662
656 11498 553 2671
708 12431 533 2685
771 12848 524 2697
634 10656 580 2721
694 11989 536 2676
656 11662 536 2706
679 11561 542 2677
667 11523 539 2702
698 12235 527 2716
697 12003 548 2664
622 10867 571 2715
751 12496 575 2659
729 12260 527 2705
751 12496 575 2659
658 11574 536 2684
668 11253 560 2683
666 11599 569 2667
669 10849 554 2744
679 11561 542 2677
708 12663 545 2667
735 13107 527 2679
667 11194 577 2690
732 12542 560 2660
700 12312 595 2651
654 11188 539 2732
707 12288 523 2705
733 12319 595 2639
669 10849 554 2744
676 11878 545 2683
664 11309 577 2665
652 11728 536 2697
655 11415 569 2689
666 11599 569 2667
698 12625 527 2684
711 12529 545 2663
668 11253 560 2683
732 12548 554 2657
664 11309 577 2665
652 11325 575 2687
652 11325 575 2687
652 11728 536 2697
700 12312 595 2651
733 12319 595 2639
733 12327 595 2637
700 12312 595 2651
808 13705 548 2628
715 12308 523 2750
710 12491 523 2776
685 11185 574 2718
662 11722 607 2674
647 11629 545 2705
750 12803 566 2662
791 13679 536 2663
716 12650 604 2646
806 13456 527 2675
769 13406 568 2649
778 13195 566 2653
721 13093 527 2692
716 12765 527 2700
679 11321 580 2673
734 12380 595 2637
661 11264 545 2731
702 12321 530 2736
754 13131 557 2664
764 13294 578 2656
741 13237 592 2658
671 11302 584 2691
735 12559 559 2663
732 12399 523 2712
736 12316 524 2745
745 13275 532 2666
672 12010 548 2692
691 11855 544 2687
685 11572 578 2683
742 12628 550 2676
728 12295 539 2679
695 11977 589 2664
668 11791 579 2681
702 11668 577 2668
734 12380 595 2637
772 13353 545 2664
706 12456 539 2684
727 12322 523 2731
684 12158 545 2683
659 11760 536 2693
691 11888 536 2686
698 12220 553 2666
664 11710 575 2685
711 12303 536 2679
707 11866 568 2672
663 11298 545 2694
702 11973 553 2679
684 11910 590 2667
699 11933 545 2682
736 12646 554 2665
687 11911 555 2677
705 12506 545 2679
679 12008 553 2675
715 12370 590 2663
660 11694 567 2688
687 11911 555 2677
699 11726 554 2674
680 11987 554 2685
682 11578 554 2678
660 11694 567 2688
679 12004 566 2664
659 11760 536 2693
672 11586 553 2688
682 11578 554 2678
672 11586 553 2688
699 11726 554 2674
679 12008 553 2675
862 15113 566 2646
755 12949 607 2644
719 12743 523 2763
716 12697 523 2772
670 11454 595 2728
666 11815 583 2706
814 14214 562 2666
773 13386 535 2712
807 14007 566 2660
772 13461 536 2671
739 12893 527 2735
732 12691 604 2653
674 12057 541 2755
697 11755 545 2743
679 11904 590 2676
782 13370 595 2646
712 12451 553 2675
725 12642 547 2690
800 12941 545 2689
700 11882 554 2687
688 12113 536 2697
706 11952 577 2679
693 12219 579 2679
717 12355 566 2669
745 12556 553 2667
752 12747 523 2742
691 11774 539 2731
690 12024 573 2693
773 12842 571 2666
752 13315 542 2685
680 11812 575 2685
764 13294 578 2660
737 12757 604 2646
764 13294 578 2660
696 12060 536 2691
695 12101 554 2685
764 13294 578 2660
821 14312 523 2746
782 13255 523 2764
737 12906 604 2646
692 12269 541 2776
691 12001 592 2690
729 13307 536 2691
706 12478 552 2720
711 12063 578 2680
748 12560 557 2681
731 12435 563 2688
707 12213 536 2713
695 12312 579 2681
711 12637 536 2697
717 12179 557 2694
801 13888 577 2682
764 13139 539 2748
734 12228 554 2721
713 12335 582 2704
711 12568 578 2734
725 12572 561 2701
720 13186 539 2718
743 12864 550 2720
714 12500 580 2731
858 14017 560 2720
821 14578 557 2736
909 15695 524 2631
677 11325 554 2604
630 10256 523 2635
609 10062 592 2753
608 10097 592 2749
605 10097 583 2754
587 10442 542 2684
754 13092 533 2619
662 11421 566 2609
741 12442 536 2624
598 10430 542 2684
598 10283 592 2749
599 10644 542 2662
688 11366 536 2630
648 11003 554 2618
622 10399 554 2629
598 10430 542 2684
608 10109 545 2632
633 10620 545 2625
671 11361 542 2618
620 10324 523 2635
598 10283 592 2749
607 10209 592 2749
607 10209 592 2749
756 12913 548 2624
741 12711 554 2606
639 10332 523 2635
609 10100 592 2749
607 10222 592 2756
596 10589 542 2691
667 11719 589 2622
693 11502 566 2609
698 11640 536 2630
626 11088 542 2675
677 11355 554 2611
625 11002 533 2689
611 10192 592 2730
628 10856 563 2647
626 10952 563 2651
631 10376 523 2635
598 10476 542 2684
628 10299 553 2708
629 10687 545 2638
609 10111 592 2740
633 10671 545 2625
628 10299 553 2708
775 13291 548 2624
682 11414 554 2611
660 11026 523 2635
635 10302 583 2754
609 10111 592 2749
609 10111 592 2749
744 12578 536 2630
775 13291 548 2624
644 10425 553 2705
657 11349 524 2666
654 11274 527 2728
622 10404 592 2740
658 10598 523 2639
647 11235 544 2672
632 11098 545 2681
642 11001 536 2699
617 10852 542 2684
623 10558 542 2686
610 10283 592 2745
654 11274 527 2728
621 10663 542 2686
633 10707 545 2625
642 11001 536 2699
633 10707 545 2625
784 13486 548 2624
687 11465 554 2611
659 11593 523 2639
626 10880 559 2768
609 10116 592 2749
694 10715 536 2683
628 10916 577 2738
656 10698 592 2740
626 10880 559 2768
633 10744 545 2625
666 11407 530 2651
663 11036 527 2674
646 11427 536 2714
637 10728 567 2700
681 11560 536 2635
662 11062 523 2697
615 10369 592 2745
675 11132 523 2643
653 11254 536 2733
637 10728 567 2700
663 11513 532 2659
615 10369 592 2745
644 11161 539 2710
637 11238 542 2698
663 11196 542 2658
665 11290 533 2670
653 11254 536 2733
660 11411 533 2681
683 11393 533 2642
644 11161 539 2710
665 11290 533 2670
659 11255 536 2710
659 11255 536 2710
637 10728 567 2700
615 10369 592 2745
615 10369 592 2745
615 10369 592 2745
721 12454 554 2615
679 11558 523 2687
632 11004 559 2768
613 10160 592 2749
609 10226 592 2749
638 10752 578 2714
638 10596 592 2745
635 10866 545 2625
655 10803 557 2630
632 11004 559 2768
693 11720 566 2617
705 12135 557 2617
663 11077 523 2697
704 11764 533 2672
635 10628 592 2745
706 11668 524 2656
673 11810 524 2658
675 11450 541 2687
690 12072 536 2635
679 11931 536 2640
685 11792 527 2642
684 11969 523 2648
700 11488 527 2683
668 11956 542 2677
693 11720 566 2617
662 11641 524 2705
678 11619 524 2695
692 11552 538 2692
683 11478 542 2669
700 11488 527 2683
689 11556 536 2678
669 10781 557 2683
662 11641 524 2705
675 11450 541 2687
663 11077 523 2697
692 11552 538 2692
683 11478 542 2669
635 10628 592 2745
632 11004 559 2768
669 10781 557 2683
789 13612 539 2638
728 12580 554 2615
682 11530 523 2697
652 11152 603 2694
643 10921 577 2767
627 10192 592 2749
610 10249 592 2749
767 13260 542 2647
646 10831 583 2739
742 12683 524 2653
638 11305 563 2643
706 11760 566 2617
653 11084 548 2705
668 10950 571 2728
678 11175 541 2708
639 11038 559 2759
746 11590 542 2678
664 10953 545 2625
666 11307 530 2736
652 11152 603 2694
728 12595 527 2648
640 11321 554 2666
663 11690 575 2627
688 12111 533 2660
678 11778 524 2722
722 12227 533 2650
692 11920 527 2680
672 11968 542 2684
664 11435 536 2699
698 11833 539 2673
714 12334 539 2649
704 11789 536 2683
690 12438 542 2648
688 11802 533 2677
643 11171 559 2699
681 12161 524 2658
717 12145 524 2673
672 11623 527 2726
663 11690 575 2627
715 11882 533 2665
661 11126 557 2677
700 11889 524 2688
661 11126 557 2677
681 11901 524 2690
658 11308 554 2675
746 11590 542 2678
714 11503 541 2686
714 12334 539 2649
716 11629 542 2677
714 11604 523 2689
658 11308 554 2675
714 11503 541 2686
643 11171 559 2699
681 11901 524 2690
717 12145 524 2673
714 11503 541 2686
652 11152 603 2694
771 13440 554 2615
771 13440 554 2615
704 12197 523 2717
674 10953 572 2784
658 11259 603 2694
615 10327 592 2749
679 10934 583 2742
732 12601 524 2684
744 13197 523 2695
651 11514 554 2687
747 13224 524 2665
719 12129 566 2619
664 11379 575 2667
771 13440 554 2615
694 11072 557 2670
718 12468 527 2684
709 11613 593 2626
660 11150 571 2721
669 11091 550 2655
708 12346 533 2661
691 11770 563 2628
657 11215 548 2705
725 11528 544 2714
678 11862 536 2741
725 11827 536 2703
703 11881 542 2689
684 11721 523 2723
668 11340 559 2647
715 12075 536 2669
668 11340 559 2647
710 12006 539 2679
671 11579 554 2635
693 12309 539 2658
689 11573 541 2718
671 11688 547 2660
681 12209 542 2677
685 12113 542 2685
678 11073 545 2633
710 12061 523 2709
705 12487 533 2668
709 12245 545 2625
704 11940 524 2692
692 12035 536 2678
690 12024 533 2679
664 11561 547 2680
668 11775 545 2663
651 11514 554 2687
684 11721 523 2723
670 11282 545 2687
675 11335 545 2681
675 11565 545 2667
704 12197 523 2717
675 11335 545 2681
771 13440 554 2615
787 12479 523 2709
756 13569 527 2704
740 12727 575 2623
659 11268 601 2733
621 10344 592 2749
617 10405 592 2752
768 13062 524 2693
691 11566 584 2646
665 11659 574 2740
699 12542 548 2656
674 11368 589 2670
732 12679 557 2631
711 12121 542 2686
684 11760 536 2746
712 12749 563 2638
722 11995 542 2702
707 12097 551 2641
736 12088 536 2673
735 12596 533 2678
741 12875 545 2628
703 12015 527 2733
694 11340 545 2694
671 11342 592 2723
715 12606 524 2716
671 11400 599 2702
709 12232 524 2718
724 12109 533 2681
701 12283 527 2728
702 11844 566 2632
673 11855 566 2702
687 11404 545 2670
750 12471 527 2709
746 12663 524 2705
709 12344 533 2681
730 12260 545 2639
753 12776 566 2628
678 11326 592 2733
702 11844 566 2632
706 12237 523 2717
744 12779 566 2628
819 13461 533 2695
816 13752 523 2714
792 14040 536 2692
775 13291 548 2633
692 11614 587 2757
691 11675 604 2737
652 10516 592 2749
646 10672 592 2749
728 12018 566 2655
677 11429 592 2745
725 13061 554 2668
734 11495 551 2689
781 13793 545 2673
697 11890 561 2707
713 12497 524 2725
794 13257 559 2656
761 12724 523 2718
801 13283 542 2680
717 12635 545 2703
722 12410 545 2684
755 12986 536 2711
707 11689 592 2731
752 12511 541 2686
694 11747 589 2713
702 12788 545 2714
746 13048 523 2727
713 11990 559 2716
748 12914 548 2674
688 12084 545 2748
689 12120 545 2716
750 13346 545 2677
696 11695 592 2738
808 14620 563 2644
763 12560 541 2724
732 13147 598 2698
703 11585 592 2749
674 11592 592 2754
783 13669 557 2658
702 12203 571 2707
737 13077 562 2668
767 12959 545 2684
731 12101 592 2737
714 12300 551 2741
721 12789 548 2754
761 12734 566 2682
761 12621 553 2719
747 12545 545 2722
749 12987 563 2708
714 12226 569 2738
735 12712 562 2728
754 13128 554 2705
755 12905 542 2699
738 12762 571 2700
890 15503 566 2688
781 12602 547 2754
739 13138 568 2760
699 11750 604 2756
833 14869 574 2719
764 13716 590 2698
762 13201 594 2722
786 13087 572 2741
732 12975 601 2749
799 13509 568 2722
780 12961 571 2745
759 13185 569 2748
817 13774 569 2764
