3228 66.6677
587 7981 587 2484
523 7339 523 2524
523 7339 523 2524
523 7339 523 2524
523 7339 523 2524
560 7614 560 2499
587 7981 587 2484
578 7810 578 2489
578 7810 578 2489
569 7690 569 2494
569 7690 569 2494
551 7622 551 2504
551 7622 551 2504
538 7441 533 2514
542 7505 542 2509
542 7505 542 2509
551 7616 551 2508
533 7462 533 2514
569 7690 569 2494
542 7505 542 2509
542 7505 542 2509
551 7616 551 2508
526 7354 524 2519
578 7810 578 2489
551 7616 551 2508
569 7690 569 2494
538 7441 533 2514
578 7810 578 2489
538 7441 533 2514
526 7354 524 2519
533 7462 533 2514
569 7690 569 2494
524 7376 524 2519
542 7505 542 2509
578 7810 578 2489
569 7690 569 2494
538 7441 533 2514
524 7376 524 2519
551 7616 551 2508
526 7354 524 2519
529 7348 524 2519
542 7505 542 2509
538 7441 533 2514
533 7462 533 2514
529 7348 524 2519
526 7354 524 2519
524 7376 524 2519
538 7441 533 2514
533 7462 533 2514
524 7376 524 2519
551 7616 551 2508
523 7339 523 2524
524 7376 524 2519
524 7376 524 2519
529 7348 524 2519
551 7622 551 2504
551 7616 551 2508
551 7616 551 2508
569 7690 569 2494
526 7354 524 2519
542 7505 542 2509
526 7354 524 2519
551 7616 551 2508
533 7462 533 2514
526 7354 524 2519
524 7376 524 2519
569 7690 569 2494
551 7616 551 2508
524 7376 524 2519
524 7376 524 2519
524 7376 524 2519
523 7339 523 2524
526 7354 524 2519
551 7616 551 2508
587 7981 587 2484
524 7376 524 2519
578 7810 578 2489
533 7462 533 2514
587 7981 587 2484
569 7690 569 2494
533 7462 533 2514
526 7354 524 2519
542 7505 542 2509
569 7690 569 2494
542 7505 542 2509
551 7616 551 2508
538 7441 533 2514
523 7339 523 2524
538 7441 533 2514
578 7810 578 2489
551 7616 551 2508
526 7354 524 2519
542 7505 542 2509
542 7505 542 2509
523 7339 523 2524
523 7339 523 2524
526 7354 524 2519
524 7376 524 2519
569 7690 569 2494
538 7441 533 2514
526 7354 524 2519
524 7376 524 2519
526 7354 524 2519
569 7690 569 2494
524 7376 524 2519
538 7441 533 2514
533 7462 533 2514
538 7441 533 2514
533 7462 533 2514
551 7616 551 2508
538 7441 533 2514
542 7505 542 2509
551 7622 551 2504
538 7441 533 2514
533 7462 533 2514
524 7376 524 2519
529 7348 524 2519
551 7616 551 2508
551 7622 551 2504
551 7616 551 2508
533 7462 533 2514
524 7376 524 2519
533 7462 533 2514
526 7354 524 2519
526 7354 524 2519
551 7616 551 2508
551 7616 551 2508
551 7622 551 2504
542 7505 542 2509
551 7616 551 2508
526 7354 524 2519
569 7690 569 2494
542 7505 542 2509
533 7462 533 2514
542 7505 542 2509
524 7376 524 2519
526 7354 524 2519
569 7690 569 2494
524 7376 524 2519
524 7376 524 2519
533 7462 533 2514
529 7348 524 2519
533 7462 533 2514
542 7505 542 2509
533 7462 533 2514
529 7348 524 2519
526 7354 524 2519
542 7505 542 2509
524 7376 524 2519
524 7376 524 2519
524 7376 524 2519
524 7376 524 2519
524 7376 524 2519
524 7376 524 2519
538 7441 533 2514
524 7376 524 2519
542 7505 542 2509
526 7354 524 2519
551 7622 551 2504
538 7441 533 2514
551 7622 551 2504
542 7505 542 2509
551 7616 551 2508
569 7690 569 2494
524 7376 524 2519
569 7690 569 2494
529 7348 524 2519
538 7441 533 2514
551 7622 551 2504
538 7441 533 2514
538 7441 533 2514
551 7616 551 2508
