46 20.1708
613 10112 560 2505
605 10154 560 2505
583 9708 560 2507
575 8881 523 2580
562 8709 523 2584
536 8882 533 2570
553 8795 542 2556
553 8795 542 2556
536 8882 533 2570
585 9671 524 2525
536 8882 533 2570
567 10034 523 2534
578 9868 551 2512
577 9756 551 2516
566 8987 542 2549
538 8883 533 2561
565 8958 523 2576
598 9631 524 2525
540 8875 533 2566
603 9102 551 2521
573 9125 523 2555
592 10118 551 2510
569 9038 524 2571
563 9607 542 2517
545 8865 542 2565
559 9056 524 2540
578 9868 551 2512
588 9166 533 2532
580 9795 551 2512
569 9315 523 2542
575 8881 523 2580
545 8865 542 2565
572 9347 523 2530
610 9348 551 2512
579 9780 533 2522
577 9460 524 2527
537 8849 533 2570
567 9505 542 2523
560 9112 523 2576
584 9649 542 2515
553 9205 533 2537
607 10153 560 2505
539 8799 533 2570
553 8795 542 2556
583 9274 523 2532
590 9193 542 2525
587 9621 551 2512
592 10118 551 2510
561 9219 551 2521
578 9868 551 2512
578 8882 523 2540
545 8865 542 2565
578 9868 551 2512
583 9691 533 2520
569 9333 533 2526
563 9480 523 2536
577 9756 551 2516
559 9056 524 2540
583 9728 551 2512
590 9193 542 2525
608 9363 551 2512
560 9137 542 2526
568 9647 533 2528
583 9728 551 2512
568 9647 533 2528
583 9405 524 2527
563 9414 523 2542
563 9414 523 2542
585 9118 542 2527
575 8881 523 2580
571 9198 542 2523
583 9405 524 2527
608 9363 551 2512
584 9649 542 2515
583 9691 533 2520
563 9414 523 2542
585 9289 551 2516
570 9607 533 2524
566 9219 524 2536
567 9505 542 2523
567 9497 524 2533
585 9289 551 2516
569 9315 523 2542
560 9490 533 2533
567 9497 524 2533
563 9360 533 2531
583 9728 551 2512
580 9795 551 2512
571 9198 542 2523
570 9607 533 2524
570 9607 533 2524
567 9497 524 2533
566 9219 524 2536
561 9219 551 2521
536 8882 533 2570
585 9118 542 2527
583 9405 524 2527
570 9607 533 2524
563 9360 533 2531
561 9219 551 2521
569 9315 523 2542
584 9765 524 2525
580 9795 551 2512
563 9360 533 2531
560 9490 533 2533
584 9765 524 2525
577 9756 551 2516
571 9198 542 2523
585 9118 542 2527
560 9112 523 2576
553 8795 542 2556
536 8882 533 2570
592 10118 551 2510
592 10118 551 2510
592 10118 551 2510
592 10118 551 2510
592 10118 551 2510
585 9118 542 2527
585 9118 542 2527
585 9118 542 2527
585 9118 542 2527
585 9118 542 2527
585 9118 542 2527
583 9728 551 2512
583 9728 551 2512
583 9728 551 2512
583 9728 551 2512
583 9728 551 2512
583 9691 533 2520
583 9405 524 2527
580 9795 551 2512
578 9868 551 2512
578 9868 551 2512
578 9868 551 2512
577 9756 551 2516
575 8881 523 2580
570 9607 533 2524
570 9607 533 2524
569 9315 523 2542
569 9315 523 2542
567 9497 524 2533
563 9414 523 2542
563 9414 523 2542
563 9414 523 2542
563 9360 533 2531
560 9490 533 2533
553 8795 542 2556
553 8795 542 2556
553 8795 542 2556
553 8795 542 2556
553 8795 542 2556
545 8865 542 2565
536 8882 533 2570
536 8882 533 2570
536 8882 533 2570
536 8882 533 2570
632 10433 551 2510
629 10551 551 2510
618 10132 560 2505
597 9221 523 2540
587 9741 560 2507
562 8730 523 2584
536 8885 533 2570
608 9442 551 2512
538 8855 533 2570
607 10161 560 2505
595 10014 533 2520
569 9318 542 2526
609 10417 542 2517
591 9042 524 2540
594 9177 542 2526
557 9021 542 2565
619 10124 542 2515
572 9055 542 2549
579 9619 551 2520
540 8893 533 2568
580 9881 533 2522
603 9116 551 2521
559 9274 533 2537
600 9986 551 2512
547 9034 533 2561
547 9034 533 2561
575 10186 523 2534
586 9390 523 2530
577 8888 523 2582
565 8969 523 2576
574 9269 524 2575
591 9849 533 2522
570 9663 542 2521
585 9197 523 2555
566 9400 524 2542
576 9392 524 2542
589 8932 523 2545
585 9197 523 2555
577 9779 523 2534
539 8845 533 2570
565 8969 523 2576
587 9741 560 2507
596 9294 533 2532
573 9175 542 2527
583 9993 523 2532
589 8932 523 2545
575 9256 523 2559
585 9719 524 2525
573 9175 542 2527
597 9221 523 2540
585 9719 524 2525
575 9256 523 2559
577 9779 523 2534
569 9318 542 2526
594 9177 542 2526
590 9310 524 2533
583 9993 523 2532
575 9256 523 2559
590 9310 524 2533
598 9207 523 2540
589 8932 523 2545
583 9993 523 2532
539 8845 533 2570
575 10186 523 2534
575 10186 523 2534
569 9318 542 2526
598 9207 523 2540
597 9221 523 2540
589 8932 523 2545
598 9207 523 2540
597 9221 523 2540
598 9207 523 2540
598 9207 523 2540
597 9221 523 2540
597 9221 523 2540
589 8932 523 2545
589 8932 523 2545
589 8932 523 2545
589 8932 523 2545
583 9993 523 2532
577 9779 523 2534
577 9779 523 2534
575 10186 523 2534
575 10186 523 2534
575 10186 523 2534
575 9256 523 2559
575 9256 523 2559
575 9256 523 2559
569 9318 542 2526
569 9318 542 2526
647 11210 533 2520
607 10162 560 2505
587 9750 560 2507
562 8732 523 2584
562 8732 523 2584
537 8952 533 2570
643 10408 542 2515
551 9069 533 2566
597 9251 527 2547
618 10142 560 2505
588 9653 542 2526
603 9123 551 2521
575 10191 523 2534
617 10171 551 2512
592 9728 524 2558
586 9544 542 2537
626 9218 523 2545
562 8732 523 2584
599 9546 523 2576
585 9767 524 2525
542 8941 533 2570
615 9483 523 2545
617 10041 533 2522
600 9460 523 2570
600 9919 542 2521
595 9683 523 2530
592 9737 523 2541
590 9664 533 2539
596 9301 533 2532
607 10162 560 2505
607 10162 560 2505
596 9301 533 2532
596 9301 533 2532
607 10162 560 2505
607 10162 560 2505
680 11458 542 2515
663 11618 542 2517
618 10151 560 2505
609 9916 523 2530
594 9312 523 2584
593 9831 560 2507
547 9034 533 2574
570 9220 533 2567
628 9724 524 2555
644 10542 542 2521
618 10378 551 2512
625 9752 523 2547
618 10665 542 2523
586 9968 524 2533
580 9418 523 2584
613 9269 551 2521
618 10151 560 2505
600 9648 524 2571
555 9298 533 2570
653 10640 533 2522
590 9769 524 2525
596 9343 533 2532
618 10151 560 2505
618 10151 560 2505
618 10151 560 2505
618 10151 560 2505
618 10151 560 2505
618 10151 560 2505
618 10151 560 2505
618 10151 560 2505
722 11804 523 2532
628 9844 523 2582
618 10166 560 2505
614 10294 523 2534
609 9862 560 2507
581 9321 533 2570
669 11134 524 2525
596 9391 533 2532
636 10828 524 2527
606 9773 524 2549
644 10181 551 2521
630 10064 533 2531
629 10694 542 2523
604 10304 560 2507
645 10466 551 2512
620 10129 554 2522
627 10198 542 2526
590 9824 524 2538
622 10601 551 2512
625 9808 524 2546
642 10531 533 2526
624 10473 542 2530
633 10507 551 2512
626 10523 542 2526
728 11527 524 2525
675 11667 551 2512
644 11285 523 2534
620 10273 560 2505
614 9811 524 2571
613 9579 533 2550
596 9891 524 2554
628 10022 524 2545
669 11347 542 2524
682 10697 524 2536
627 10197 560 2505
634 10565 551 2521
624 10142 533 2534
674 10704 523 2563
644 10540 533 2530
652 10731 542 2526
608 10146 524 2542
664 10972 551 2516
653 11130 523 2554
648 10404 551 2533
614 9949 560 2509
642 10834 524 2533
668 10744 524 2536
599 9973 533 2535
624 10654 551 2518
656 11075 551 2516
651 10533 533 2528
632 10603 551 2521
660 11188 524 2531
638 11231 524 2529
662 11096 524 2531
663 11249 533 2526
736 12790 551 2512
678 10802 523 2575
675 11492 523 2538
637 10475 560 2505
624 10408 560 2507
607 9935 524 2558
605 10095 533 2559
706 12331 542 2525
624 10043 533 2554
653 10782 551 2532
646 10926 542 2531
679 11327 523 2569
655 11096 524 2538
621 10120 533 2543
694 11206 533 2528
658 10618 533 2539
668 11130 533 2530
626 10527 524 2542
684 11470 524 2536
624 10208 542 2541
644 10437 542 2540
682 10973 533 2532
693 11128 524 2533
646 10860 533 2534
685 10576 533 2532
682 11321 533 2530
678 11523 533 2532
646 10718 560 2505
632 10233 524 2558
631 10723 560 2511
631 10331 524 2573
623 9959 533 2566
646 10959 551 2531
660 10528 560 2514
664 10630 533 2545
624 10200 542 2546
640 10768 542 2542
640 10259 533 2548
646 10675 524 2542
673 10711 533 2541
634 10442 533 2553
663 10908 533 2534
627 10259 533 2561
627 10495 533 2548
627 10357 524 2560
704 11376 533 2532
666 11193 560 2513
630 10492 524 2571
628 10258 542 2556
664 11081 551 2540
650 10908 524 2549
678 10617 533 2548
657 10525 533 2556
630 10552 524 2562
643 10696 533 2548
667 11078 533 2534
661 10875 524 2546
734 11738 542 2534
728 12184 560 2526
651 10607 524 2586
647 10605 533 2570
683 11371 524 2549
715 11635 545 2540
709 12078 533 2533
669 11126 542 2543
672 11282 533 2544
747 12785 533 2538
689 11717 524 2575
674 11504 533 2555
651 10574 569 2498
621 9820 569 2502
551 9049 523 2536
545 8723 523 2543
541 9099 524 2533
586 9673 533 2516
543 9152 533 2518
621 10288 560 2501
554 9260 524 2523
608 10079 551 2506
612 9652 560 2505
627 10300 569 2500
591 9838 551 2508
541 9099 524 2533
591 9432 551 2512
582 9433 542 2513
582 9433 542 2513
616 10331 560 2503
638 10242 560 2503
617 9843 569 2502
573 9511 551 2510
638 10242 560 2503
575 9564 542 2513
577 9127 523 2534
563 9258 523 2526
563 9053 524 2531
580 9602 542 2511
604 9695 560 2505
565 9238 523 2526
610 9477 551 2506
571 9489 524 2521
569 9202 524 2525
578 9415 542 2517
597 9832 551 2508
569 9202 524 2525
562 9084 524 2531
612 9652 560 2505
596 9464 524 2521
564 9489 542 2515
605 9725 551 2508
563 9053 524 2531
548 9090 533 2518
607 9602 551 2508
596 9464 524 2521
591 9432 551 2512
591 9838 551 2508
591 9838 551 2508
578 9415 542 2517
617 9843 569 2502
582 9433 542 2513
605 9725 551 2508
548 9090 533 2518
571 9489 524 2521
612 9652 560 2505
616 10331 560 2503
596 9464 524 2521
563 9053 524 2531
562 9084 524 2531
577 9421 542 2515
591 9432 551 2512
578 9415 542 2517
541 9099 524 2533
541 9099 524 2533
582 9433 542 2513
541 9099 524 2533
577 9421 542 2515
563 9258 523 2526
578 9415 542 2517
541 9099 524 2533
638 10242 560 2503
617 9843 569 2502
616 10331 560 2503
612 9652 560 2505
605 9725 551 2508
596 9464 524 2521
578 9415 542 2517
571 9489 524 2521
571 9489 524 2521
571 9489 524 2521
571 9489 524 2521
571 9489 524 2521
569 9202 524 2525
563 9258 523 2526
563 9053 524 2531
548 9090 533 2518
541 9099 524 2533
541 9099 524 2533
541 9099 524 2533
541 9099 524 2533
541 9099 524 2533
541 9099 524 2533
661 10645 560 2501
657 10681 569 2498
632 10800 560 2501
551 8792 523 2543
541 9175 524 2533
638 10251 560 2503
574 9523 551 2510
563 9070 524 2531
606 9731 551 2508
617 9862 569 2502
615 9756 560 2505
584 9423 542 2517
630 10345 569 2500
589 9915 542 2511
587 9720 533 2516
657 10681 569 2498
587 9720 533 2516
616 10339 560 2503
581 9641 542 2513
551 9075 523 2536
554 9308 524 2523
615 9706 560 2507
599 9511 523 2530
554 9308 524 2523
605 9741 551 2508
592 9458 523 2534
548 9095 533 2518
572 9510 524 2521
568 9259 524 2527
545 9131 524 2533
573 9520 523 2526
568 9259 524 2527
626 9621 551 2506
598 9813 542 2511
572 9510 524 2521
624 10339 551 2506
551 9075 523 2536
616 10339 560 2503
543 9183 533 2518
573 9533 542 2515
584 9423 542 2517
567 9647 542 2515
581 9641 542 2513
617 9862 569 2502
588 9481 542 2513
586 9781 533 2516
573 9484 523 2534
548 9095 533 2518
624 10339 551 2506
591 9468 551 2512
585 9558 542 2513
588 9481 542 2513
543 9139 524 2533
541 9175 524 2533
567 9647 542 2515
544 9133 524 2533
598 9813 542 2511
599 9511 523 2530
581 9470 523 2534
591 9468 551 2512
586 9781 533 2516
585 9558 542 2513
581 9641 542 2513
544 9133 524 2533
592 9458 523 2534
591 9468 551 2512
592 9458 523 2534
591 9468 551 2512
541 9175 524 2533
585 9526 542 2515
581 9641 542 2513
543 9139 524 2533
585 9526 542 2515
573 9484 523 2534
581 9470 523 2534
657 10681 569 2498
657 10681 569 2498
657 10681 569 2498
599 9511 523 2530
591 9468 551 2512
584 9423 542 2517
581 9641 542 2513
581 9641 542 2513
572 9510 524 2521
567 9647 542 2515
567 9647 542 2515
661 10700 560 2501
660 10273 569 2502
657 10688 569 2498
552 8809 523 2543
552 8809 523 2543
551 8956 523 2545
544 9279 524 2533
640 10542 569 2500
597 9927 542 2511
580 9574 542 2517
624 9757 560 2505
607 9807 551 2508
592 9798 533 2516
567 9542 524 2523
546 9246 533 2518
657 10688 569 2498
548 9131 524 2533
615 10122 524 2521
595 9692 523 2526
589 9507 524 2523
606 9895 542 2511
585 9810 523 2530
624 10371 551 2506
557 9177 523 2536
548 9131 524 2533
551 8956 523 2545
623 10174 560 2507
606 9989 551 2508
581 9637 542 2515
587 9622 523 2532
628 10343 551 2506
618 9841 524 2521
590 9599 551 2510
624 10371 551 2506
622 10297 560 2505
552 9161 523 2540
557 9177 523 2536
546 9246 533 2518
552 8809 523 2543
624 10371 551 2506
552 9161 523 2540
552 8809 523 2543
628 10343 551 2506
618 9841 524 2521
557 9177 523 2536
580 9574 542 2517
581 9637 542 2515
661 10700 560 2501
581 9637 542 2515
546 9246 533 2518
552 9161 523 2540
552 8809 523 2543
661 10700 560 2501
557 9177 523 2536
557 9177 523 2536
552 9161 523 2540
552 9161 523 2540
552 9161 523 2540
552 8809 523 2543
551 8956 523 2545
551 8956 523 2545
551 8956 523 2545
551 8956 523 2545
546 9246 533 2518
674 10739 560 2501
666 10748 560 2501
657 10709 569 2498
554 8827 523 2547
552 8809 523 2548
546 9250 533 2518
590 9642 551 2510
571 9187 523 2536
644 10604 569 2500
636 10654 533 2516
607 9638 542 2517
568 9335 523 2541
601 9946 542 2517
633 10484 551 2506
626 9886 560 2505
630 10208 523 2526
557 8975 524 2546
618 9823 551 2508
612 10169 523 2530
617 10200 542 2511
609 10034 551 2508
618 9876 524 2521
556 9276 524 2533
626 9886 560 2505
600 9706 524 2531
598 9871 524 2525
560 9008 523 2545
609 9689 524 2529
603 10200 524 2523
611 9812 524 2523
568 8857 523 2543
643 9846 560 2507
562 8948 523 2543
554 8827 523 2547
562 8948 523 2543
631 9861 560 2507
557 8975 524 2546
562 8948 523 2543
560 9008 523 2545
560 9008 523 2545
560 9008 523 2545
626 9886 560 2505
666 10754 560 2501
659 10729 569 2498
656 10762 569 2500
653 10934 533 2516
552 8880 523 2549
552 8880 523 2549
552 8880 523 2549
552 8880 523 2549
581 9425 533 2533
618 9861 551 2508
559 9027 523 2547
636 10207 542 2517
612 9824 524 2529
660 10297 542 2511
586 9510 533 2518
573 9599 524 2533
650 10220 560 2505
638 10587 551 2506
640 10314 524 2521
623 10339 524 2525
586 8979 523 2543
629 10236 560 2505
641 10582 523 2530
585 9428 523 2536
641 10657 523 2526
575 9439 533 2522
617 10216 542 2513
640 10630 523 2534
710 11683 560 2501
671 10989 569 2498
586 9198 523 2543
593 9524 533 2522
631 10204 524 2532
705 11494 524 2521
645 10317 560 2507
672 10792 569 2498
664 10460 542 2511
642 10628 523 2536
633 10227 551 2510
596 9827 524 2534
592 9760 542 2526
678 10661 551 2506
656 11449 524 2523
610 10107 533 2518
592 9827 542 2520
638 10242 551 2508
595 9760 533 2520
619 10078 533 2518
676 11056 551 2506
676 10908 560 2503
671 10728 524 2523
660 10981 569 2500
619 10307 542 2515
624 10419 524 2525
624 10162 551 2514
657 10564 560 2505
637 10448 551 2508
662 10439 560 2505
626 10303 551 2512
632 10491 560 2507
629 10231 542 2513
626 10263 542 2513
767 12736 560 2501
713 11011 569 2498
668 11163 523 2536
636 10254 569 2513
614 10185 523 2549
601 9818 542 2523
593 9821 533 2524
691 11795 542 2511
616 10314 524 2538
675 10847 569 2502
608 10054 533 2522
665 10717 560 2505
632 10404 523 2547
637 10365 551 2512
645 10220 542 2521
630 10704 524 2525
640 10700 551 2510
659 10637 533 2518
650 10232 542 2517
630 10268 542 2513
646 10510 533 2520
649 10842 551 2508
651 10380 533 2520
670 10684 560 2507
648 10678 533 2518
641 10397 551 2510
649 10660 524 2525
641 10686 524 2525
718 11392 560 2505
631 10426 524 2540
619 9968 533 2533
613 10431 533 2522
668 11168 533 2518
689 11239 551 2508
634 10391 542 2513
642 10702 524 2527
650 10791 533 2520
651 10538 524 2538
618 10071 542 2528
640 10400 551 2512
616 10152 533 2533
619 10076 533 2524
635 10022 533 2531
642 10486 551 2510
681 11361 533 2518
662 10787 524 2535
644 10679 551 2510
640 10723 551 2516
619 10307 533 2526
664 10984 524 2527
681 11342 533 2520
648 10842 524 2531
642 10442 551 2516
647 10627 542 2515
622 10695 533 2522
644 10780 542 2515
622 10611 533 2524
646 10744 542 2513
646 10664 542 2515
709 11066 533 2526
701 11658 533 2520
674 10910 524 2532
657 10948 551 2510
623 10419 533 2528
624 10572 542 2527
648 10842 542 2515
670 11320 533 2522
654 10888 542 2513
667 11112 524 2527
672 11048 524 2527
698 11066 524 2529
693 11787 533 2522
673 11056 524 2531
671 11170 551 2510
666 11312 551 2512
650 11001 542 2521
690 11498 533 2526
674 11017 551 2514
660 11120 542 2513
734 11945 533 2524
717 11385 524 2529
709 11499 551 2510
682 11223 533 2539
671 11562 551 2512
728 11656 542 2513
683 11473 542 2517
698 11497 542 2515
725 11473 542 2519
705 11614 542 2522
701 11566 551 2512
695 11647 542 2517
645 10583 523 2539
636 10711 560 2518
613 10388 569 2517
576 9570 523 2557
547 8752 523 2582
537 8900 523 2633
537 8900 523 2633
547 8752 523 2582
607 9827 560 2524
600 9710 524 2538
613 9976 551 2525
632 10706 533 2531
587 9468 533 2533
588 9919 551 2527
568 9248 542 2534
568 9248 542 2534
624 10447 560 2522
553 9019 523 2562
561 9165 524 2546
642 10436 523 2543
587 9468 533 2533
544 8916 524 2572
569 9073 524 2546
567 9385 523 2558
593 10035 524 2542
628 10377 524 2536
595 10222 524 2540
611 9760 542 2528
544 8916 524 2572
579 9649 533 2539
571 9310 523 2558
596 9638 542 2530
566 9212 533 2541
626 10279 551 2523
636 10711 560 2518
581 9626 533 2537
551 8783 523 2578
550 8851 523 2580
594 9968 523 2545
571 9310 523 2558
550 8851 523 2580
553 9019 523 2562
626 10279 551 2523
546 9159 523 2577
591 9895 523 2547
576 9570 523 2557
546 9159 523 2577
591 9895 523 2547
547 8977 524 2555
595 10222 524 2540
576 9570 523 2557
546 9159 523 2577
544 8916 524 2572
547 8752 523 2582
576 9588 523 2552
551 8783 523 2578
628 10377 524 2536
624 10447 560 2522
593 10035 524 2542
593 10035 524 2542
566 9255 523 2560
566 9255 523 2560
581 9610 542 2532
547 8752 523 2582
576 9778 542 2532
566 9212 533 2541
588 9745 523 2549
576 9588 523 2552
547 8977 524 2555
581 9626 533 2537
592 9796 524 2544
613 9905 551 2527
547 8977 524 2555
592 9796 524 2544
588 9745 523 2549
588 9745 523 2549
568 9248 542 2534
566 9255 523 2560
588 9745 523 2549
613 9905 551 2527
595 10222 524 2540
593 10035 524 2542
592 9796 524 2544
576 9588 523 2552
593 10035 524 2542
592 9796 524 2544
581 9626 533 2537
636 10711 560 2518
636 10711 560 2518
636 10711 560 2518
624 10447 560 2522
595 10222 524 2540
595 10222 524 2540
593 10035 524 2542
593 10035 524 2542
593 10035 524 2542
593 10035 524 2542
593 10035 524 2542
593 10035 524 2542
593 10035 524 2542
588 9745 523 2549
588 9745 523 2549
588 9745 523 2549
576 9588 523 2552
576 9588 523 2552
576 9588 523 2552
576 9570 523 2557
576 9570 523 2557
576 9570 523 2557
576 9570 523 2557
571 9310 523 2558
553 9019 523 2562
547 8977 524 2555
547 8752 523 2582
547 8752 523 2582
546 9159 523 2577
546 9159 523 2577
544 8916 524 2572
544 8916 524 2572
655 10638 523 2539
630 10541 569 2517
628 10581 523 2545
622 10737 523 2545
547 8755 523 2582
537 8912 523 2633
537 8912 523 2633
547 8755 523 2582
537 8912 523 2633
599 9755 542 2530
633 10708 533 2531
561 9175 524 2546
613 9907 551 2527
628 10227 560 2524
572 9480 533 2543
628 10500 560 2522
607 10257 551 2527
599 9755 542 2530
552 9039 533 2574
640 10618 524 2536
654 10648 523 2541
603 10150 551 2529
554 9040 523 2562
557 9131 524 2555
566 9375 523 2560
554 8855 523 2578
583 9090 524 2555
552 8986 524 2579
636 10727 560 2518
568 9301 542 2534
584 9623 523 2558
597 9899 523 2547
611 9966 524 2542
598 9554 533 2533
570 9567 533 2545
638 10449 560 2522
591 9668 533 2537
578 9242 533 2543
615 10021 542 2528
577 9635 523 2552
595 9858 523 2551
585 9670 533 2537
551 9212 523 2577
572 9480 533 2543
582 9814 533 2539
639 10205 560 2526
619 9981 524 2538
607 10257 551 2527
574 9397 533 2541
620 10350 551 2525
561 9175 524 2546
622 10737 523 2545
592 9760 533 2535
616 10019 542 2528
614 10401 560 2524
633 10452 560 2522
622 9858 551 2529
628 10312 551 2523
575 9279 523 2560
615 10381 551 2525
573 9690 533 2541
595 10315 551 2527
573 9690 533 2541
582 9814 533 2539
551 9212 523 2577
575 9279 523 2560
608 9968 551 2527
628 10500 560 2522
593 9980 551 2531
655 10638 523 2539
593 9980 551 2531
608 9968 551 2527
593 9980 551 2531
633 10452 560 2522
593 9980 551 2531
622 10737 523 2545
622 10737 523 2545
622 10737 523 2545
593 9980 551 2531
593 9980 551 2531
593 9980 551 2531
593 9980 551 2531
593 9980 551 2531
593 9980 551 2531
593 9980 551 2531
593 9980 551 2531
593 9980 551 2531
573 9690 533 2541
561 9175 524 2546
561 9175 524 2546
547 8755 523 2582
547 8755 523 2582
670 10709 523 2541
631 10917 523 2545
630 10600 569 2517
552 8800 523 2582
537 8970 523 2639
537 8970 523 2639
548 9219 523 2633
583 9420 542 2534
602 10351 551 2529
608 10059 551 2527
576 9760 533 2541
622 10144 524 2544
643 10802 560 2518
626 10493 560 2524
602 9648 533 2533
566 9208 523 2562
584 9724 523 2552
561 9208 524 2546
601 9889 542 2530
584 9565 523 2560
612 10186 524 2542
596 9759 533 2537
634 10638 551 2523
572 9437 542 2534
605 10090 523 2547
658 10639 524 2536
618 10462 551 2525
649 10628 524 2538
661 10806 523 2541
624 9899 551 2529
646 10791 533 2531
642 10684 524 2536
615 10026 542 2528
568 9651 542 2536
665 10718 523 2539
664 10743 523 2541
600 9731 533 2533
619 10491 524 2540
602 9806 542 2530
601 9889 542 2530
627 10697 524 2538
615 10026 542 2528
615 10176 524 2542
626 10493 560 2524
615 10026 542 2528
673 10888 523 2539
667 10946 523 2541
640 10731 569 2517
609 10320 569 2530
572 9215 523 2562
564 8823 523 2582
550 9297 523 2633
642 10516 524 2546
646 10870 560 2518
613 9904 533 2533
610 10316 551 2527
590 9603 533 2550
605 10094 542 2532
597 9652 554 2541
592 9732 542 2534
615 10040 542 2528
632 10780 524 2540
570 9393 523 2566
640 10731 569 2517
650 10776 551 2523
598 9518 524 2555
655 10158 524 2550
581 9767 533 2547
593 10162 524 2547
585 9766 523 2552
667 10946 523 2541
582 9386 533 2557
646 10868 524 2536
569 9462 523 2562
571 9337 523 2562
639 10775 569 2517
668 10899 523 2539
614 10093 542 2532
667 10946 523 2541
640 10731 569 2517
640 10731 569 2517
640 10731 569 2517
640 10731 569 2517
640 10731 569 2517
640 10731 569 2517
668 10928 523 2539
657 11226 524 2540
640 10738 569 2517
583 9573 523 2569
564 9033 523 2582
612 10043 542 2535
584 9690 523 2562
656 11111 560 2518
577 9783 523 2577
633 10325 524 2548
643 9982 551 2533
621 10601 551 2527
635 10385 533 2537
619 10268 542 2534
651 10451 533 2533
655 10904 551 2523
650 11028 524 2546
655 10465 523 2556
624 10273 542 2528
665 11075 524 2536
623 10263 533 2539
667 10967 523 2541
653 11000 523 2552
615 10605 524 2553
643 10496 533 2533
638 10712 533 2533
616 10364 542 2530
641 10635 533 2535
621 10363 551 2531
711 11823 560 2518
641 10751 569 2517
600 9722 523 2575
585 9551 523 2609
690 11350 560 2522
592 9922 524 2566
624 10333 551 2531
589 9806 523 2579
615 10344 542 2550
626 10354 533 2541
664 11007 560 2524
668 10848 533 2533
625 10695 551 2527
654 10788 542 2530
640 10777 569 2517
682 11294 551 2525
697 10848 524 2553
662 11182 524 2548
594 9804 523 2562
660 10830 523 2556
635 10547 533 2537
626 10630 542 2534
651 11093 542 2528
636 10510 542 2534
673 10706 542 2530
671 10968 523 2539
645 10921 533 2535
655 11024 542 2528
646 10863 542 2532
715 12004 560 2522
686 12034 523 2545
667 11063 523 2557
647 10801 569 2517
641 10760 569 2519
585 9556 523 2609
603 10206 523 2586
675 11733 542 2528
650 10688 542 2534
671 11404 560 2525
684 11131 524 2542
607 10219 523 2577
681 11289 551 2527
646 10849 533 2541
674 11461 551 2527
694 11413 533 2533
635 10272 523 2574
708 11264 523 2549
621 10508 524 2566
631 10455 533 2544
664 11086 533 2535
625 10848 523 2563
696 11934 524 2540
621 10635 523 2567
636 10916 533 2539
699 11009 524 2542
689 11554 542 2530
680 11018 523 2551
689 11528 533 2533
679 11077 560 2531
679 11104 560 2526
746 12885 524 2540
655 10808 569 2517
639 10341 523 2578
621 10516 523 2605
713 11553 551 2527
699 12285 533 2535
694 11372 560 2528
725 12084 542 2534
658 10740 542 2547
636 10653 545 2570
702 11361 551 2531
695 11981 533 2537
683 11237 523 2554
669 11106 533 2539
670 10650 533 2559
653 10877 523 2571
649 11052 542 2545
677 11430 523 2563
688 11166 523 2565
691 11342 524 2544
676 11127 523 2567
666 11145 542 2536
656 11314 533 2539
650 10854 533 2545
699 11688 560 2530
668 11839 542 2536
657 11037 569 2517
639 10435 523 2593
667 10908 533 2561
679 11377 533 2539
693 11720 523 2563
671 11096 523 2573
666 11560 542 2549
679 11178 542 2537
767 12754 524 2569
679 11647 569 2517
665 10979 523 2599
707 12037 551 2538
719 11572 569 2519
690 11390 542 2545
695 11915 533 2539
680 11407 533 2563
684 11463 523 2574
692 11587 542 2540
686 11525 542 2542
722 11599 542 2541
721 12267 523 2578
669 11026 523 2609
713 11560 533 2572
713 11411 523 2599
728 11754 533 2575
617 10424 542 2509
586 10028 560 2505
560 9279 523 2544
539 9046 524 2543
531 9266 524 2620
531 9266 524 2620
548 9093 523 2546
535 9358 533 2599
599 10164 542 2511
566 9810 542 2517
562 9552 551 2506
562 9538 551 2510
565 9605 533 2518
543 9583 542 2522
535 9358 533 2599
585 9986 533 2514
578 9783 542 2515
555 9456 533 2520
542 9185 523 2546
594 9706 524 2521
532 9308 524 2607
597 10100 523 2524
577 9904 542 2513
572 9639 523 2530
536 9331 523 2618
560 9209 533 2529
532 9308 524 2607
588 9891 523 2526
598 10103 524 2519
539 9046 524 2543
594 9706 524 2521
571 9873 524 2521
538 9100 524 2534
535 9358 533 2599
576 9343 523 2528
571 9873 524 2521
545 9090 524 2541
533 9265 524 2620
547 9511 524 2529
561 9347 524 2523
550 9572 533 2524
547 9511 524 2529
550 9438 523 2537
563 9284 523 2532
587 9886 533 2514
563 9284 523 2532
552 9394 524 2527
536 9193 524 2534
545 9090 524 2541
547 9616 542 2520
565 9605 533 2518
553 9578 533 2520
543 9583 542 2522
573 9802 523 2528
566 9810 542 2517
536 9331 523 2618
550 9439 523 2535
533 9410 533 2599
549 9434 523 2539
538 9100 524 2534
531 9266 524 2620
573 9802 523 2528
552 9394 524 2527
552 9360 523 2539
588 9891 523 2526
533 9265 524 2620
545 9543 523 2537
598 10103 524 2519
560 9279 523 2544
549 9434 523 2539
549 9434 523 2539
545 9090 524 2541
536 9193 524 2534
553 9578 533 2520
573 9802 523 2528
552 9360 523 2539
550 9438 523 2537
560 9279 523 2544
549 9434 523 2539
536 9193 524 2534
535 9358 533 2599
560 9209 533 2529
560 9279 523 2544
550 9551 533 2527
550 9439 523 2535
550 9551 533 2527
536 9193 524 2534
545 9543 523 2537
549 9434 523 2539
533 9265 524 2620
531 9266 524 2620
594 9706 524 2521
566 9810 542 2517
563 9284 523 2532
563 9284 523 2532
560 9279 523 2544
560 9279 523 2544
552 9394 524 2527
552 9394 524 2527
550 9551 533 2527
549 9434 523 2539
549 9434 523 2539
549 9434 523 2539
549 9434 523 2539
549 9434 523 2539
547 9511 524 2529
545 9090 524 2541
545 9090 524 2541
538 9100 524 2534
536 9331 523 2618
536 9331 523 2618
536 9193 524 2534
536 9193 524 2534
536 9193 524 2534
533 9265 524 2620
533 9265 524 2620
533 9265 524 2620
531 9266 524 2620
531 9266 524 2620
531 9266 524 2620
531 9266 524 2620
531 9266 524 2620
531 9266 524 2620
531 9266 524 2620
531 9266 524 2620
643 10299 523 2524
635 10657 542 2509
591 10127 560 2505
550 9450 523 2537
539 9046 524 2556
531 9266 524 2622
531 9266 524 2622
535 9398 533 2599
584 10078 533 2518
563 9565 551 2506
544 9601 542 2522
531 9266 524 2622
578 9677 542 2519
555 9498 533 2520
563 9550 551 2510
612 10208 542 2511
610 10346 523 2524
604 10636 524 2519
548 9133 523 2546
574 10031 524 2521
601 10164 542 2513
588 9931 523 2526
535 9398 533 2599
591 9770 523 2528
548 9133 523 2546
533 9370 524 2609
569 9293 533 2529
536 9212 524 2534
560 9281 523 2544
604 9791 524 2521
578 9677 542 2519
542 9210 524 2534
608 10295 524 2519
539 9049 524 2543
532 9326 524 2618
534 9316 533 2615
555 9573 523 2535
596 9669 523 2530
586 10087 533 2514
573 9849 542 2517
584 10284 542 2515
554 9512 524 2527
596 9669 523 2530
573 9849 542 2517
550 9450 523 2537
547 9635 542 2520
585 9897 542 2515
566 9898 542 2517
602 10217 542 2511
533 9370 524 2609
579 10225 533 2518
561 9359 524 2523
534 9316 533 2615
544 9601 542 2522
586 9869 523 2528
579 10225 533 2518
557 9422 524 2532
553 9375 523 2541
563 9369 523 2539
567 9364 523 2532
539 9049 524 2543
549 9434 523 2541
531 9268 524 2620
549 9434 523 2541
547 9635 542 2520
588 10213 542 2513
542 9210 524 2534
591 9923 524 2521
549 9536 523 2539
557 9422 524 2532
536 9355 523 2618
550 9450 523 2537
531 9268 524 2620
536 9355 523 2618
557 9422 524 2532
555 9498 533 2520
596 9669 523 2530
550 9450 523 2537
591 9923 524 2521
549 9536 523 2539
591 9923 524 2521
567 9364 523 2532
553 9375 523 2541
533 9370 524 2609
588 10213 542 2513
536 9212 524 2534
579 10225 533 2518
563 9565 551 2506
563 9565 551 2506
550 9450 523 2537
550 9450 523 2537
549 9536 523 2539
547 9635 542 2520
547 9635 542 2520
544 9601 542 2522
542 9210 524 2534
539 9049 524 2543
539 9049 524 2543
539 9049 524 2543
539 9049 524 2543
535 9398 533 2599
657 10492 523 2524
635 10753 542 2509
627 10722 523 2524
591 10128 560 2505
591 10128 560 2505
539 9049 524 2547
531 9277 524 2620
537 9431 533 2599
581 9797 551 2506
597 10248 542 2513
573 9337 533 2529
562 9691 542 2520
567 9598 551 2510
565 9533 533 2525
565 9486 524 2527
656 10637 523 2524
617 10334 533 2514
616 10324 524 2519
589 10033 542 2515
543 9316 524 2534
587 9869 523 2528
545 9071 524 2543
596 10586 542 2513
602 10224 542 2511
548 9143 523 2546
553 9530 523 2541
568 9402 523 2544
593 9595 523 2539
586 10081 533 2518
575 9844 533 2520
556 9716 542 2520
602 10224 542 2511
564 9643 533 2522
548 9143 523 2546
635 10753 542 2509
559 9693 524 2529
599 10123 523 2526
572 9446 524 2527
589 10097 533 2516
555 9550 533 2527
572 9806 523 2539
588 10113 524 2521
567 9520 524 2523
541 9430 524 2543
564 9426 524 2530
564 9426 524 2530
565 9486 524 2527
635 10753 542 2509
567 9520 524 2523
635 10753 542 2509
591 10128 560 2505
635 10753 542 2509
602 10224 542 2511
591 10128 560 2505
673 10718 523 2524
638 10813 542 2509
599 10274 560 2505
599 10210 523 2526
549 9165 523 2546
531 9286 524 2620
627 10777 533 2514
605 10284 542 2511
584 10068 551 2506
596 9841 551 2510
563 9820 542 2520
607 10371 533 2516
601 10280 533 2518
555 9377 524 2541
612 9907 523 2530
572 9458 524 2527
589 9622 533 2525
550 9175 524 2543
580 10032 523 2541
575 9930 524 2523
614 10227 533 2516
564 9767 533 2527
583 9716 524 2523
589 10122 523 2528
593 10198 542 2515
593 9818 523 2544
591 10276 524 2521
599 10226 524 2521
673 11074 533 2514
602 10334 560 2505
570 9268 523 2548
541 9388 524 2620
550 9579 523 2618
652 10773 551 2510
627 10818 551 2508
640 10853 542 2509
565 9852 542 2520
573 9683 524 2541
565 9851 533 2527
644 10593 523 2528
584 10037 524 2534
610 10424 533 2518
553 9317 524 2543
563 9403 523 2548
595 9830 524 2534
587 9866 523 2546
610 10111 523 2544
590 10231 524 2525
623 10635 523 2526
605 10413 542 2513
619 10844 542 2511
596 10201 523 2537
622 10169 524 2523
640 10853 542 2509
595 10206 523 2535
640 10853 542 2509
689 11198 533 2516
622 10636 523 2537
618 10710 560 2505
571 9463 524 2620
559 9800 524 2620
597 10168 551 2522
567 9794 523 2550
650 11067 542 2509
575 9610 524 2543
566 9871 533 2527
647 11176 542 2511
634 10609 542 2513
626 10772 533 2520
604 9985 524 2534
613 10818 542 2517
571 9616 524 2543
637 10684 523 2526
614 10265 523 2541
606 10491 523 2540
599 10298 524 2534
610 10520 542 2524
615 10397 523 2539
619 10382 523 2539
636 10574 524 2523
628 10572 533 2522
620 10733 524 2525
617 10796 542 2513
620 10567 542 2516
618 10289 542 2520
691 11854 523 2535
663 11167 542 2511
574 9624 524 2543
572 9941 523 2614
596 9986 533 2527
645 10548 542 2524
583 10260 533 2534
592 10415 523 2577
617 10356 523 2557
675 11296 524 2525
638 11312 524 2534
620 10353 523 2575
656 10992 524 2534
624 10851 523 2537
593 10195 533 2529
623 10623 542 2520
606 10808 523 2542
610 10324 524 2541
658 10712 524 2528
638 10523 524 2535
622 10488 524 2538
609 10587 524 2541
701 12113 523 2536
636 10790 542 2524
611 10005 533 2529
597 10410 542 2530
592 10272 523 2625
578 10167 533 2601
608 10082 533 2590
605 10600 524 2559
661 11047 523 2539
660 11446 523 2555
636 10379 523 2616
641 10903 523 2567
653 10864 523 2566
618 10435 523 2596
622 10938 523 2557
596 10399 533 2534
657 10871 523 2559
646 10905 523 2602
631 11001 523 2557
623 10560 523 2616
620 10112 542 2540
608 10871 533 2534
595 10537 545 2615
624 10632 524 2559
611 10252 533 2557
633 10366 533 2545
687 11602 533 2534
682 12075 524 2566
633 11054 523 2587
620 10374 547 2540
651 10384 542 2545
621 10827 533 2561
667 11330 533 2554
657 11035 524 2568
641 11124 524 2570
683 11229 523 2577
667 11564 523 2573
687 11501 523 2573
680 11801 523 2586
676 11614 523 2602
675 11866 524 2568
644 11082 533 2583
642 11291 542 2565
653 11310 533 2569
647 11134 542 2576
735 12892 533 2575
685 12032 524 2607
654 11175 542 2599
693 11337 533 2586
684 10756 560 2503
666 11343 551 2508
632 10718 569 2500
560 8892 523 2549
557 8914 523 2549
537 9087 523 2636
557 8914 523 2549
600 10224 533 2518
596 9683 551 2514
541 9075 524 2588
564 8973 542 2525
657 10775 533 2516
552 9511 523 2593
575 9748 542 2517
575 9703 560 2511
575 9703 560 2511
574 8943 533 2530
541 9075 524 2588
552 9290 523 2629
548 9354 523 2607
636 10199 542 2515
676 10982 560 2505
667 11088 560 2503
666 11343 551 2508
583 9810 533 2522
613 10173 560 2509
679 10656 551 2508
621 10496 542 2513
624 10351 523 2528
669 11001 560 2505
571 9190 523 2530
620 10287 560 2507
587 9706 524 2523
563 9337 524 2535
557 8914 523 2549
550 9339 523 2605
568 9368 524 2533
613 10441 560 2507
609 10178 560 2509
541 9075 524 2588
632 10456 542 2515
552 9290 523 2629
547 9363 523 2605
583 9554 533 2528
582 9674 551 2516
600 9743 533 2520
573 9248 551 2520
556 9234 533 2530
563 9337 524 2535
635 10364 542 2515
568 9661 523 2530
575 9703 560 2511
568 9368 524 2533
584 9705 524 2525
541 9075 524 2588
613 10173 560 2509
574 8943 533 2530
586 9776 533 2522
539 9086 524 2588
575 9788 551 2510
548 9354 523 2607
585 9514 524 2525
583 9554 533 2528
550 9339 523 2605
575 9748 542 2517
574 8943 533 2530
541 9075 524 2588
575 9703 560 2511
575 9703 560 2511
635 10364 542 2515
586 9776 533 2522
582 9674 551 2516
585 9514 524 2525
666 11343 551 2508
582 9674 551 2516
635 10364 542 2515
563 9337 524 2535
632 10456 542 2515
575 9703 560 2511
613 10173 560 2509
585 9514 524 2525
583 9554 533 2528
582 9674 551 2516
582 9674 551 2516
582 9674 551 2516
575 9703 560 2511
575 9703 560 2511
575 9703 560 2511
575 9703 560 2511
568 9368 524 2533
557 8914 523 2549
557 8914 523 2549
557 8914 523 2549
557 8914 523 2549
541 9075 524 2588
541 9075 524 2588
694 10867 551 2508
672 11416 551 2508
658 10934 569 2500
560 8895 523 2549
560 8895 523 2549
537 9110 523 2636
601 9818 533 2520
557 8916 523 2549
610 10722 560 2509
624 10521 524 2523
546 9173 524 2588
537 9110 523 2636
548 9370 523 2607
575 9710 560 2511
686 11139 560 2505
541 9111 538 2595
583 9766 551 2516
694 10867 551 2508
583 9769 542 2517
628 10570 542 2513
672 11416 551 2508
572 9385 523 2530
636 10268 542 2515
673 11222 560 2505
548 9370 523 2607
583 9581 533 2528
649 10829 523 2528
541 9111 538 2595
595 10027 533 2524
675 11180 560 2505
583 9769 542 2517
646 10888 533 2518
655 10725 533 2518
572 9385 523 2530
585 9521 524 2525
590 10053 533 2522
655 10725 533 2518
564 9006 542 2525
575 9811 551 2510
589 9262 533 2530
546 9150 524 2595
636 10268 542 2515
620 10303 560 2509
564 9006 542 2525
694 10867 551 2508
620 10362 560 2507
620 10362 560 2507
546 9173 524 2588
590 10053 533 2522
595 10027 533 2524
589 9262 533 2530
585 9521 524 2525
546 9150 524 2595
620 10362 560 2507
575 9710 560 2511
557 8916 523 2549
655 10725 533 2518
546 9150 524 2595
583 9769 542 2517
546 9173 524 2588
583 9769 542 2517
583 9766 551 2516
694 10867 551 2508
694 10867 551 2508
655 10725 533 2518
620 10362 560 2507
694 10867 551 2508
636 10268 542 2515
620 10362 560 2507
564 9006 542 2525
546 9150 524 2595
695 11067 551 2508
681 11640 533 2518
662 11063 569 2500
557 8920 523 2549
557 8920 523 2549
537 9146 523 2636
537 9146 523 2636
546 9194 524 2588
687 11169 560 2505
553 9177 524 2588
691 11385 533 2518
564 9035 542 2525
589 9429 533 2530
548 9383 523 2607
620 10384 560 2507
628 10664 542 2513
537 9146 523 2636
583 9790 542 2517
599 9928 551 2514
597 9604 523 2530
599 9928 551 2514
646 10615 542 2513
572 9398 524 2537
641 10344 542 2515
548 9383 523 2607
604 10069 533 2522
599 10307 533 2524
577 9488 524 2533
673 11503 551 2508
607 9942 533 2520
585 9532 524 2525
673 11503 551 2508
582 9915 560 2511
620 10384 560 2507
583 9790 542 2517
587 9797 560 2511
626 10545 524 2523
626 10545 524 2523
574 9387 524 2535
600 10001 551 2512
537 9146 523 2636
604 9933 551 2510
627 10377 560 2509
607 9942 533 2520
600 10001 551 2512
574 9387 524 2535
628 10664 542 2513
599 9928 551 2514
599 9928 551 2514
628 10664 542 2513
600 10001 551 2512
722 11782 533 2518
668 11178 569 2500
537 9146 523 2638
537 9146 523 2638
537 9146 523 2638
555 9386 523 2623
567 9213 523 2549
585 9629 533 2528
620 10230 542 2519
658 11118 524 2523
714 11262 551 2508
561 9360 524 2575
613 9875 523 2530
546 9307 524 2588
668 11178 569 2500
633 10584 560 2509
632 10189 551 2510
656 10795 560 2507
679 11588 551 2508
601 10023 542 2525
613 10173 560 2511
641 10542 542 2515
549 9236 524 2588
605 9605 524 2525
702 11411 551 2508
607 9968 533 2520
691 11239 560 2505
702 11411 551 2508
541 9281 523 2636
633 10672 542 2513
593 9361 542 2529
641 10144 551 2510
691 11239 560 2505
542 9165 523 2636
668 11178 569 2500
600 10047 551 2512
600 10047 551 2512
541 9281 523 2636
691 11239 560 2505
668 11178 569 2500
668 11178 569 2500
668 11178 569 2500
714 11471 551 2508
682 11663 551 2508
668 11188 569 2500
574 9259 523 2549
551 9238 523 2636
550 9271 523 2636
561 9555 524 2588
591 9689 533 2528
678 11182 560 2507
568 9595 523 2607
573 9280 523 2549
630 10407 542 2519
633 10739 542 2513
691 11466 560 2505
609 10134 524 2535
608 10226 551 2512
607 9986 533 2520
607 9986 533 2520
635 10689 542 2515
621 10247 524 2525
657 10720 542 2513
696 11351 560 2505
633 10585 551 2510
633 10336 523 2532
694 11385 560 2505
684 10690 542 2513
684 10690 542 2513
684 10690 542 2513
701 11448 560 2505
683 11719 551 2508
675 11318 569 2500
573 9331 523 2636
552 9358 523 2636
589 10048 523 2593
693 11647 560 2505
674 11368 542 2513
566 9620 524 2588
607 10001 533 2520
596 9917 533 2529
642 10469 523 2554
595 9957 551 2531
589 10306 524 2581
590 9708 524 2581
679 11244 569 2500
639 10741 542 2515
697 10827 551 2510
658 11244 523 2536
626 10632 524 2525
594 9730 524 2549
659 10951 551 2510
635 10679 523 2538
609 10466 551 2512
601 10334 523 2591
644 10844 523 2537
644 10250 551 2514
636 10551 524 2525
638 10432 524 2527
687 10705 542 2513
677 11273 569 2504
659 10951 551 2510
697 10827 551 2510
639 10741 542 2515
677 11273 569 2504
719 11403 523 2536
718 12178 569 2500
662 11230 523 2555
556 9437 523 2636
709 11464 560 2505
594 10119 523 2597
609 10308 524 2566
631 10008 533 2522
651 10965 542 2519
605 10434 523 2593
678 11074 551 2512
618 10744 551 2520
686 11585 542 2513
616 10354 533 2524
614 10206 542 2521
682 11375 569 2504
640 10643 524 2544
641 10473 524 2549
602 10066 533 2530
689 11524 569 2502
630 10319 524 2553
658 10998 542 2515
670 11089 551 2510
666 11364 551 2510
632 10689 524 2525
619 10228 533 2520
689 11524 569 2502
682 11375 569 2504
632 10173 533 2520
682 11375 569 2504
682 11375 569 2504
776 13000 569 2500
577 10007 523 2636
688 11787 542 2513
707 11090 542 2515
604 10278 533 2550
675 11487 560 2511
636 10370 524 2587
619 10287 533 2522
695 11147 551 2510
641 10683 524 2544
671 11328 551 2514
671 10779 524 2525
647 10808 524 2525
632 10928 524 2579
679 11191 551 2510
661 11405 542 2515
633 10837 524 2577
639 10492 524 2564
636 10740 524 2565
621 10514 533 2520
668 11258 542 2519
643 10450 533 2520
704 11149 542 2519
674 11285 551 2514
701 11502 542 2515
698 11588 551 2510
692 11780 524 2525
636 10372 565 2527
618 10380 533 2560
676 10988 524 2553
627 10416 542 2537
699 11179 524 2534
652 10675 542 2523
684 11611 551 2514
638 10539 560 2524
633 10843 533 2537
663 10843 533 2520
675 11523 542 2517
642 10768 533 2522
676 11651 524 2527
659 10614 542 2523
636 10629 533 2528
637 10463 533 2527
690 11576 524 2527
640 10794 533 2524
709 11773 524 2565
699 11854 551 2510
652 10751 542 2523
640 10971 542 2543
681 11741 542 2517
696 11467 533 2520
643 10780 533 2531
648 11057 551 2528
685 11201 542 2521
692 11798 524 2525
650 10914 533 2522
643 11094 533 2524
692 11798 524 2525
643 11075 542 2523
699 11830 524 2525
698 11513 533 2520
672 11017 551 2523
657 10822 533 2539
644 11014 542 2575
687 11263 533 2522
695 11111 533 2524
650 10955 533 2534
653 10949 533 2526
806 12882 533 2520
683 11618 551 2525
656 11038 533 2528
654 11505 542 2555
747 11247 542 2525
693 11886 533 2526
677 11165 533 2527
701 11872 542 2528
689 11984 542 2548
682 11428 533 2553
662 11152 551 2574
696 11556 533 2529
682 11610 542 2550
712 12451 542 2550
