1 0.893708
856 14089 557 2773
825 14713 550 2804
802 13900 638 2699
795 13969 542 2823
680 11119 612 2803
651 11157 628 2830
754 12899 553 2800
706 11685 568 2700
665 11380 632 2751
694 11891 604 2732
746 13138 558 2812
677 12046 601 2768
724 12315 560 2783
736 13209 564 2743
802 13900 638 2699
680 11744 582 2776
676 12281 576 2749
700 11456 612 2794
691 11716 630 2723
670 12001 620 2770
717 12659 560 2790
673 11590 620 2746
684 11605 590 2806
736 13209 564 2743
717 12659 560 2790
684 11605 590 2806
691 11716 630 2723
704 12074 564 2750
683 11619 562 2796
651 11157 628 2830
651 11157 628 2830
802 13900 638 2699
802 13900 638 2699
802 13900 638 2699
684 11605 590 2806
873 15499 638 2703
720 12710 560 2790
693 11123 628 2830
663 11411 628 2830
798 14195 571 2723
832 13915 564 2750
747 13328 582 2738
782 13703 582 2705
686 11162 612 2812
714 12527 585 2731
697 11832 590 2806
736 12425 630 2723
712 12177 599 2725
758 13035 627 2718
709 12306 624 2729
691 11276 612 2803
762 12916 572 2757
752 12029 577 2780
707 12659 600 2726
734 13028 606 2720
774 12882 573 2710
730 12684 579 2750
694 11843 590 2795
670 12008 620 2770
725 13012 637 2722
692 12377 611 2771
677 11598 620 2750
702 12605 591 2786
762 12773 573 2712
670 12008 620 2770
724 11906 577 2789
719 11976 610 2742
726 12901 560 2788
677 11598 620 2750
704 12074 564 2759
774 12882 573 2710
751 12609 560 2783
719 11976 610 2742
704 12074 564 2759
691 11276 612 2803
664 11351 628 2830
759 13001 608 2719
702 12605 591 2786
704 12074 564 2759
731 12698 560 2785
759 13001 608 2719
720 12710 560 2790
759 13001 608 2719
720 12710 560 2790
720 12710 560 2790
670 12008 620 2770
670 12008 620 2770
798 14218 571 2730
797 13645 667 2715
782 13783 582 2705
720 12817 560 2790
688 11638 614 2823
670 11645 642 2831
670 11645 642 2831
715 12094 564 2759
782 13783 582 2705
765 13278 591 2716
673 12109 634 2808
778 13241 584 2731
708 12220 614 2781
711 12031 623 2750
752 13167 627 2723
703 12023 590 2806
748 12460 632 2726
758 13262 592 2754
721 11879 612 2803
743 12629 615 2739
726 12290 632 2741
710 12076 599 2774
740 11929 577 2789
753 12698 611 2725
729 12689 617 2726
750 12286 604 2731
711 12911 578 2780
682 11885 631 2802
729 12933 594 2735
762 13747 615 2715
710 12076 599 2774
673 12109 634 2808
748 13217 606 2729
712 11886 590 2802
729 12933 594 2735
780 13769 582 2718
782 13783 582 2705
726 12793 615 2734
711 11999 628 2793
679 12004 626 2806
736 12913 606 2738
711 11999 628 2793
740 11929 577 2789
736 12913 606 2738
726 12793 615 2734
679 12004 626 2806
682 11885 631 2802
710 12000 590 2804
863 14147 599 2717
821 14280 638 2708
752 12743 668 2745
742 13090 560 2790
724 12053 606 2807
698 12102 642 2822
696 12287 632 2821
711 12582 659 2774
787 13654 590 2744
718 12354 564 2759
863 14147 599 2717
825 14276 603 2730
798 14233 571 2732
809 13461 617 2720
723 12273 608 2787
802 13881 611 2724
764 13268 616 2740
782 14003 616 2720
715 12268 651 2756
776 13914 620 2722
798 14233 571 2732
770 13128 603 2755
710 12911 627 2794
731 12073 593 2806
761 12741 612 2757
732 12964 642 2750
721 12342 614 2801
718 12202 641 2759
710 12911 627 2794
787 13947 600 2733
724 13243 650 2754
790 13066 596 2752
760 12854 634 2726
790 13959 619 2725
737 12926 627 2753
816 13540 602 2742
804 13213 605 2738
786 12917 606 2737
721 12342 614 2801
768 13580 594 2746
744 12982 612 2745
816 13540 602 2742
742 12819 636 2743
768 12600 618 2742
717 12221 621 2790
717 12221 621 2790
760 12854 634 2726
742 12819 636 2743
729 12221 627 2757
737 12926 627 2753
746 13066 619 2729
804 13213 605 2738
768 13580 594 2746
746 13066 619 2729
766 13041 610 2743
766 13041 610 2743
768 12600 618 2742
724 13243 650 2754
798 14233 571 2732
945 16461 655 2713
861 15186 667 2711
766 13290 562 2791
746 13197 677 2753
734 12305 632 2801
729 12315 654 2855
715 12713 669 2810
861 15186 667 2711
805 14359 571 2732
800 13053 576 2833
823 14290 621 2720
776 13662 603 2751
715 12713 669 2810
729 12315 654 2855
790 13067 582 2776
816 14025 616 2721
823 14290 621 2720
731 12444 608 2788
816 14025 616 2721
730 12336 639 2827
779 12838 676 2748
787 13321 650 2726
726 12970 593 2773
726 12580 588 2806
763 13180 624 2746
745 13372 564 2761
724 13222 594 2768
743 12706 599 2792
725 13390 588 2766
784 13531 616 2747
771 13210 626 2743
719 12422 653 2778
752 12900 643 2752
747 12549 613 2762
800 13053 576 2833
780 13371 650 2733
778 13470 619 2729
742 12481 636 2764
738 12895 581 2785
717 12654 662 2783
741 13047 648 2760
730 12336 639 2827
730 12550 661 2761
754 13163 579 2781
722 13180 576 2799
773 13378 618 2743
718 12718 627 2803
749 13504 578 2760
740 12804 578 2784
742 13131 581 2774
724 12747 646 2772
747 12376 628 2772
768 13279 620 2757
735 12464 623 2770
774 13638 600 2757
770 13660 651 2730
746 13197 677 2753
717 12654 662 2783
726 12578 641 2809
722 13180 576 2799
767 12499 601 2770
729 12539 620 2766
774 13638 600 2757
751 12482 599 2781
754 13163 579 2781
780 13371 650 2733
726 12578 641 2809
739 12330 638 2789
764 12401 637 2769
743 12706 599 2792
724 12747 646 2772
747 12376 628 2772
740 12723 655 2762
736 13056 599 2762
764 12401 637 2769
771 13210 626 2743
767 12499 601 2770
739 12330 638 2789
770 13660 651 2730
730 12550 661 2761
768 13279 620 2757
740 12723 655 2762
865 15239 667 2717
792 14162 567 2805
758 12655 693 2764
736 12535 608 2805
718 12965 629 2859
833 14667 620 2730
855 14060 583 2795
804 13397 655 2742
836 14195 616 2736
834 14401 619 2734
785 12739 597 2829
758 12655 693 2764
726 12727 611 2825
758 13451 585 2767
782 14159 568 2762
745 13197 604 2817
816 13499 605 2761
787 13886 619 2738
740 12763 624 2774
744 13085 643 2771
750 13229 632 2773
855 14060 583 2795
795 13607 635 2748
785 12739 597 2829
823 13546 602 2763
762 13628 606 2765
738 12716 629 2801
739 13138 621 2784
777 13301 641 2752
769 13259 640 2759
758 12633 638 2781
749 13052 648 2766
774 12795 646 2763
821 13541 637 2753
730 13115 613 2819
803 13621 636 2736
746 12905 599 2790
768 12720 625 2764
785 13944 628 2745
746 12905 599 2790
794 13701 601 2763
758 12633 638 2781
785 13944 628 2745
783 13854 615 2752
797 13402 585 2793
774 12795 646 2763
797 13402 585 2793
730 13115 613 2819
733 13499 605 2773
733 12740 629 2787
781 13657 615 2763
749 13052 648 2766
782 13296 602 2782
780 13336 614 2767
821 13541 637 2753
769 13259 640 2759
794 13701 601 2763
780 13336 614 2767
783 13854 615 2752
733 12740 629 2787
935 14897 580 2763
919 15066 579 2880
919 15066 579 2880
843 15095 616 2757
836 14701 673 2733
811 14767 712 2748
750 12567 647 2826
727 12784 631 2842
874 14860 616 2749
744 12652 628 2810
801 13096 655 2765
747 12814 681 2792
851 14477 593 2768
787 13186 602 2847
727 12784 631 2842
798 13913 589 2862
863 14282 583 2764
750 12567 647 2826
821 14040 673 2753
836 14701 673 2733
798 13913 589 2862
833 13948 637 2758
762 13795 610 2784
825 13510 596 2781
801 14253 608 2772
747 12814 681 2792
792 14364 595 2782
850 14709 638 2744
764 12890 634 2799
746 12909 644 2786
794 14170 600 2774
786 13479 615 2788
770 12961 611 2794
749 13202 613 2795
826 14815 582 2776
770 13387 625 2782
744 12976 629 2796
826 14179 635 2746
764 12890 634 2799
830 13623 590 2770
777 13120 637 2774
784 13347 618 2772
739 13175 639 2785
784 13347 618 2772
794 13666 639 2771
779 13484 621 2789
831 14384 618 2753
850 14709 638 2744
779 13484 621 2789
802 14078 618 2755
804 14182 598 2784
770 13387 625 2782
739 13175 639 2785
777 13817 615 2765
843 15095 616 2757
804 14182 598 2784
749 12971 641 2775
749 12946 640 2778
794 13666 639 2771
762 13795 610 2784
831 14384 618 2753
802 14078 618 2755
764 13488 590 2786
764 13488 590 2786
830 13623 590 2770
749 12946 640 2778
749 13202 613 2795
777 13120 637 2774
744 13109 626 2776
744 12976 629 2796
744 13109 626 2776
777 13817 615 2765
899 15641 622 2759
868 14885 589 2815
860 14950 659 2753
744 13021 628 2855
780 13751 642 2774
820 14496 603 2776
796 14218 626 2765
886 14606 596 2833
760 13322 618 2832
851 14804 630 2755
766 13496 634 2800
864 15087 596 2792
802 13660 621 2772
747 13350 635 2824
874 14716 602 2800
792 13356 618 2782
868 14885 589 2815
820 14496 603 2776
864 15087 596 2792
913 16373 626 2774
871 15202 682 2761
856 15116 616 2800
848 14249 694 2765
794 13809 619 2802
831 14417 640 2795
852 14247 653 2782
857 14930 632 2779
846 15118 641 2802
799 12472 625 2706
792 13696 543 2758
745 12756 592 2666
738 11997 572 2804
712 12503 653 2701
664 10895 636 2793
657 11159 594 2782
771 13113 586 2742
692 12265 641 2718
715 12490 606 2700
773 12539 565 2707
699 11636 595 2730
683 11109 645 2788
727 12842 559 2798
708 12096 579 2755
673 11451 574 2801
757 11828 590 2797
718 12075 562 2765
716 12863 560 2745
671 11845 589 2727
685 11802 612 2778
700 11970 575 2765
685 11802 612 2778
858 15398 569 2734
795 13759 543 2758
771 13162 567 2835
760 13005 592 2666
683 11068 636 2793
676 12090 653 2803
669 12104 617 2826
792 12907 592 2692
775 13342 586 2742
724 12268 627 2748
765 13740 588 2750
670 11243 637 2827
691 11813 646 2790
733 12803 618 2710
760 13005 592 2666
764 12823 599 2706
716 12941 643 2717
697 11381 636 2784
693 12317 609 2728
738 12545 582 2761
676 11354 646 2822
713 12488 576 2773
703 12219 611 2760
753 12895 568 2753
777 12750 583 2723
684 12001 613 2834
688 11889 574 2801
781 12566 572 2817
683 11917 617 2816
713 11886 616 2782
709 11894 594 2778
735 12678 583 2755
683 11068 636 2793
699 12383 595 2777
720 12111 597 2771
717 12425 604 2762
690 12049 625 2754
715 12989 643 2708
746 12240 595 2730
717 12425 604 2762
781 12566 572 2817
681 12023 653 2732
695 12107 602 2784
676 11354 646 2822
720 12111 597 2771
746 12240 595 2730
683 11068 636 2793
719 12516 584 2758
690 12049 625 2754
696 11960 600 2778
696 11960 600 2778
681 12023 653 2732
719 12516 584 2758
681 12023 653 2732
681 12023 653 2732
681 12023 653 2732
683 11068 636 2793
683 11068 636 2793
836 13678 583 2748
801 13873 543 2758
765 13121 592 2666
737 12411 676 2740
686 11116 636 2793
671 12126 617 2826
769 13392 574 2782
760 13005 592 2675
724 13141 643 2717
685 11819 646 2826
684 12028 653 2741
823 13287 585 2744
801 13873 543 2758
737 12411 676 2740
801 13873 543 2758
756 12752 595 2735
671 12126 617 2826
705 12005 574 2808
734 12412 629 2731
735 12602 609 2739
742 12234 621 2771
777 13226 586 2742
704 12210 644 2773
750 13237 577 2775
745 12718 593 2791
721 12161 627 2761
776 13301 576 2777
725 12697 640 2729
711 12078 581 2805
716 12574 651 2743
714 12687 625 2756
706 12111 611 2794
736 12856 588 2759
729 13068 636 2742
710 11927 594 2780
755 12613 595 2736
731 12390 620 2747
705 12741 588 2802
731 12746 588 2770
723 12659 616 2758
726 12088 639 2760
716 12574 651 2743
710 11927 594 2780
777 13226 586 2742
731 12390 620 2747
706 12111 611 2794
720 12713 595 2759
711 12112 639 2754
704 12210 644 2773
736 12856 588 2759
723 12659 616 2758
711 12112 639 2754
729 13068 636 2742
671 12126 617 2826
731 12746 588 2770
801 13873 543 2758
835 13716 594 2702
801 13892 543 2758
764 13550 597 2695
762 14032 643 2717
699 11545 641 2847
694 12016 642 2852
691 12123 653 2741
743 12826 576 2839
835 13716 594 2702
731 12863 590 2820
697 11611 646 2822
796 13910 595 2763
731 11937 619 2846
703 12378 617 2832
728 12049 636 2800
800 13314 606 2706
776 13385 608 2720
733 12438 594 2782
777 12303 579 2840
781 13384 624 2730
720 12155 608 2811
720 12155 608 2811
780 13213 627 2701
749 13033 611 2767
754 12645 614 2778
733 12783 623 2750
754 12939 579 2824
779 13325 638 2729
772 13609 595 2772
710 12283 595 2780
735 11940 614 2791
722 12505 594 2780
756 12961 621 2771
766 12953 612 2764
777 13226 607 2744
707 12617 649 2776
735 11940 614 2791
760 13539 612 2733
726 12635 632 2766
707 12269 630 2843
707 12269 630 2843
758 13600 601 2759
704 11947 641 2802
704 11947 641 2802
745 13136 640 2729
798 12790 595 2751
747 13011 617 2759
760 13157 624 2736
771 13367 616 2755
755 13225 621 2754
764 12567 646 2774
755 13292 577 2775
760 13157 624 2736
707 12617 649 2776
758 13600 601 2759
743 12826 576 2839
726 12635 632 2766
734 12785 631 2734
771 13367 616 2755
745 13136 640 2729
759 13352 607 2764
764 12567 646 2774
799 13332 621 2734
758 13235 611 2758
760 13539 612 2733
764 13264 577 2775
758 13235 611 2758
764 13264 577 2775
746 13359 621 2757
747 13011 617 2759
746 13359 621 2757
764 13264 577 2775
836 12990 601 2773
802 13899 543 2758
794 12453 584 2865
788 14119 597 2764
784 13367 627 2702
743 12220 628 2831
694 12455 683 2823
694 12455 683 2823
781 13935 617 2734
714 12511 649 2843
715 12362 605 2806
836 12990 601 2773
811 13881 603 2734
712 12765 653 2788
794 12453 584 2865
753 12824 664 2744
763 13739 614 2765
809 13882 586 2792
765 13341 629 2769
802 14094 601 2734
755 13030 635 2779
739 12420 645 2797
724 12616 656 2774
746 12883 593 2830
777 13664 613 2756
760 13379 627 2740
743 12821 640 2747
753 12330 612 2781
743 13204 597 2784
781 13580 599 2735
716 12289 651 2795
762 13502 609 2774
780 13728 620 2755
811 13881 603 2734
746 12883 593 2830
735 12744 650 2780
733 12600 624 2803
801 13620 586 2841
741 12758 594 2798
737 12298 602 2802
738 13110 624 2770
738 12999 651 2747
762 13502 609 2774
797 12933 634 2770
772 12821 636 2735
770 12969 634 2757
729 12615 606 2790
760 13582 623 2772
801 13620 586 2841
763 13193 658 2746
724 12453 627 2783
780 13728 620 2755
755 13173 634 2761
767 12557 653 2755
729 12615 606 2790
774 13144 625 2762
760 13379 627 2740
774 13144 625 2762
768 13187 634 2744
738 12837 624 2781
753 12824 664 2744
724 12823 649 2782
797 12933 634 2770
714 12511 649 2843
713 12549 625 2794
798 13348 604 2783
740 12567 601 2785
712 12765 653 2788
735 12744 650 2780
765 13341 629 2769
740 12567 601 2785
798 13348 604 2783
768 13187 634 2744
763 13193 658 2746
716 12289 651 2795
713 12549 625 2794
724 12823 649 2782
713 12760 597 2803
713 12760 597 2803
846 13887 624 2738
840 14652 638 2721
840 14652 638 2721
804 14029 543 2758
740 12366 626 2810
734 12891 676 2775
730 13054 600 2846
715 13054 621 2833
773 14121 602 2808
776 13269 655 2740
800 13840 633 2724
812 13995 602 2747
754 13182 606 2803
720 12615 640 2829
822 14028 631 2739
792 14055 667 2732
785 13114 642 2735
820 13988 625 2754
768 13506 629 2751
759 13576 674 2759
774 13338 613 2793
722 12527 621 2839
728 12505 621 2807
764 13442 639 2749
767 12682 665 2790
738 12833 611 2834
762 13721 630 2759
740 12840 612 2817
745 13004 643 2781
797 12784 615 2792
772 12839 648 2781
720 12615 640 2829
781 12662 621 2790
771 13273 642 2766
792 13683 602 2763
799 13643 608 2786
722 12527 621 2839
792 12909 644 2764
805 13084 611 2792
765 13061 643 2756
758 12864 632 2791
727 12728 639 2802
747 13205 647 2766
792 12909 644 2764
770 13571 614 2777
739 13243 629 2798
747 12828 615 2816
751 13212 623 2787
770 13571 614 2777
727 12728 639 2802
798 13804 603 2761
740 12840 612 2817
744 12859 609 2798
771 13273 642 2766
775 13783 609 2783
792 14055 667 2732
715 13054 621 2833
775 13783 609 2783
750 12747 612 2795
750 12747 612 2795
781 12662 621 2790
798 13804 603 2761
787 13681 624 2759
763 13628 628 2757
751 13212 623 2787
759 13112 626 2791
796 13998 612 2749
805 13084 611 2792
747 12828 615 2816
820 13988 625 2754
763 13628 628 2757
767 13046 613 2794
744 12859 609 2798
764 12527 630 2791
767 12682 665 2790
822 14028 631 2739
787 13660 631 2740
739 13243 629 2798
767 13046 613 2794
745 13004 643 2781
728 12505 621 2807
796 13998 612 2749
787 13681 624 2759
787 13660 631 2740
849 15243 646 2736
804 14197 574 2763
802 14386 652 2730
780 13391 677 2780
759 12601 655 2808
752 12824 617 2829
729 12738 637 2816
846 14638 609 2753
849 15243 646 2736
834 14278 586 2758
792 13708 660 2767
766 13079 610 2810
821 13698 632 2789
843 14139 593 2787
808 13752 603 2796
748 12606 621 2813
737 13243 637 2810
796 13993 625 2793
730 12715 655 2817
805 14154 599 2793
791 13879 629 2756
797 14047 617 2754
808 13752 603 2796
735 13405 632 2810
735 12635 628 2814
736 12673 621 2822
781 12737 653 2790
729 12738 637 2816
791 13879 629 2756
736 12673 621 2822
737 13243 637 2810
735 13405 632 2810
781 12737 653 2790
876 15447 600 2775
873 14767 615 2757
837 14872 592 2840
837 14872 592 2840
790 14128 672 2804
785 12954 650 2833
739 13055 635 2816
759 13658 628 2829
808 14050 660 2770
778 13137 610 2837
854 14696 597 2790
787 13152 632 2818
817 14312 621 2808
841 14716 602 2768
849 14209 630 2778
820 14370 598 2790
876 15447 600 2775
844 14403 641 2778
829 14437 601 2777
835 14474 594 2804
835 14474 594 2804
853 14395 598 2885
852 14580 597 2805
830 14715 630 2844
826 14449 635 2796
797 14161 660 2817
783 13287 620 2850
757 13365 635 2820
853 14395 598 2885
778 14022 653 2829
791 14038 661 2853
853 14797 552 2718
852 14999 552 2718
763 13664 527 2738
698 11277 616 2732
697 11361 614 2828
696 12160 631 2681
676 11867 643 2745
659 11568 583 2784
805 13514 601 2703
721 12226 536 2811
789 12730 559 2774
733 13069 587 2732
690 11910 624 2728
676 11715 613 2759
739 12633 566 2723
759 13319 615 2720
720 11984 571 2756
801 13213 609 2711
682 12231 631 2681
714 12461 583 2735
787 13199 601 2716
712 12047 591 2764
684 12245 564 2753
798 13609 590 2714
710 12459 594 2723
724 12552 610 2721
703 12439 583 2750
704 11932 601 2755
697 11904 638 2749
696 12121 601 2722
697 11904 638 2749
704 11932 601 2755
682 12231 631 2681
682 12231 631 2681
855 15131 552 2718
784 13865 542 2744
734 13084 645 2688
706 11526 614 2828
659 11617 609 2800
855 15131 552 2718
813 14733 592 2722
744 13071 569 2764
775 13604 625 2727
784 14276 592 2729
697 11973 590 2823
785 13469 636 2699
805 13533 601 2703
705 12311 587 2788
765 13308 591 2759
733 13010 575 2765
805 14583 592 2727
753 11904 629 2782
708 12252 630 2735
702 11662 595 2805
693 12099 616 2762
801 13181 583 2732
708 11788 590 2785
790 13847 591 2756
676 11868 643 2745
757 12669 592 2769
801 13181 583 2732
734 12187 593 2776
692 12385 613 2759
706 12092 638 2749
737 12085 635 2766
702 11662 595 2805
702 12480 606 2754
740 12453 608 2732
811 13077 643 2725
726 12907 599 2729
721 12848 574 2767
684 11924 606 2803
720 12625 626 2744
711 12335 602 2752
722 12811 574 2768
706 11526 614 2828
697 12207 605 2766
713 12280 609 2765
738 12680 603 2742
790 13847 591 2756
738 12716 592 2742
689 11943 599 2803
726 12907 599 2729
676 11868 643 2745
693 12099 616 2762
720 12625 626 2744
811 13077 643 2725
735 11935 603 2778
735 11935 603 2778
689 11943 599 2803
855 15131 552 2718
735 12714 592 2751
735 12714 592 2751
676 11868 643 2745
706 11526 614 2828
855 15131 552 2718
868 15318 552 2718
866 14901 642 2711
722 12269 669 2785
706 11557 614 2828
659 11664 609 2800
847 14694 581 2755
714 12200 595 2818
693 12127 599 2804
659 11664 609 2800
834 14244 562 2792
798 13565 654 2711
718 12035 610 2794
789 13386 662 2732
819 14178 578 2775
711 12834 593 2805
773 12713 645 2741
825 14279 571 2775
810 14371 586 2764
805 13929 565 2781
779 13563 571 2781
818 14615 591 2752
723 12620 621 2761
741 12752 599 2778
814 13510 590 2763
792 14019 587 2768
830 14440 638 2726
706 12421 596 2797
739 12943 606 2739
784 13733 597 2769
695 12458 629 2780
734 12173 638 2768
727 13031 610 2784
765 13637 599 2742
759 13400 598 2761
750 13137 583 2771
747 12671 611 2766
742 12332 649 2754
796 13197 666 2731
805 14518 592 2729
794 13610 649 2717
730 12949 636 2736
782 13916 632 2732
725 12763 638 2749
823 14385 564 2759
796 13197 666 2731
732 12771 622 2752
770 13086 580 2794
803 14178 609 2738
747 12916 624 2742
782 13916 632 2732
744 12270 625 2770
768 12497 631 2756
731 12517 607 2787
784 13685 612 2737
737 13566 593 2787
750 12963 599 2748
830 14440 638 2726
714 12448 650 2745
742 13174 587 2788
712 12565 628 2774
814 13687 597 2744
723 12500 626 2756
805 14518 592 2729
706 12293 652 2769
832 14417 626 2731
755 12622 613 2754
749 12895 580 2796
768 12793 588 2795
753 13111 593 2772
726 12872 635 2752
722 12269 669 2785
723 12544 596 2794
768 13038 593 2791
773 13331 581 2777
823 14385 564 2759
751 12307 633 2760
819 13442 593 2756
794 13610 649 2717
751 12307 633 2760
742 12332 649 2754
735 12257 636 2776
714 12448 650 2745
724 12276 592 2792
712 12565 628 2774
793 13718 592 2761
803 13181 597 2766
739 12943 606 2739
695 12458 629 2780
773 13331 581 2777
731 12910 609 2771
772 13399 581 2779
803 13181 597 2766
735 12257 636 2776
726 12453 613 2772
711 12834 593 2805
768 13038 593 2791
730 12949 636 2736
772 13399 581 2779
747 12798 598 2777
750 12825 597 2787
747 12798 598 2777
916 16369 552 2756
815 14253 654 2725
745 12897 592 2821
735 12392 664 2788
695 11707 614 2806
674 11905 609 2800
830 15227 592 2729
834 14262 562 2792
817 13983 565 2781
706 12888 605 2812
881 14804 597 2737
767 13544 650 2736
881 14804 597 2737
793 13622 580 2803
720 12687 632 2784
703 11869 643 2804
761 13111 618 2751
862 14994 581 2755
862 14994 581 2755
797 13673 580 2801
754 13251 611 2745
829 14455 564 2759
735 12392 664 2788
812 14113 629 2738
747 12913 638 2754
728 12311 644 2796
813 14493 600 2753
740 12717 649 2770
819 13833 615 2742
737 12753 595 2796
781 14057 622 2741
777 13872 601 2765
827 14329 604 2745
788 13176 591 2777
755 13237 583 2771
723 12506 653 2772
695 11707 614 2806
732 12713 616 2776
743 12957 607 2765
724 12463 604 2808
730 12647 598 2800
741 12948 631 2749
784 14108 633 2740
728 12311 644 2796
788 13176 591 2777
728 12927 630 2763
772 13380 634 2744
697 12463 634 2782
733 12788 653 2750
765 13241 599 2766
815 14253 654 2725
728 12817 627 2777
755 13237 583 2771
728 12804 617 2792
834 14262 562 2792
795 13899 624 2739
771 12848 622 2763
795 13899 624 2739
772 13380 634 2744
793 13622 580 2803
791 13905 631 2743
724 12463 604 2808
765 13241 599 2766
697 12463 634 2782
771 12848 622 2763
791 13905 631 2743
723 12506 653 2772
735 13185 597 2792
862 14994 581 2755
734 12913 608 2792
734 12913 608 2792
728 12804 617 2792
862 14994 581 2755
872 14797 604 2755
862 15096 581 2755
844 14433 562 2801
833 14286 673 2729
724 11832 614 2828
712 12637 623 2873
693 12480 664 2827
811 13593 672 2740
783 13307 585 2837
704 12342 626 2868
693 12480 664 2827
716 12083 641 2805
770 13113 652 2762
828 14203 565 2781
830 14537 564 2759
762 13094 636 2766
772 14114 590 2805
764 13865 645 2756
765 12960 613 2783
730 12571 641 2791
704 12342 626 2868
872 14797 604 2755
828 14203 565 2781
795 13807 615 2747
833 14286 673 2729
786 13174 607 2800
712 12637 623 2873
765 13213 595 2815
781 13355 601 2802
736 12267 627 2804
732 13552 602 2835
788 13478 618 2768
801 12549 620 2810
804 14418 646 2745
787 13763 583 2771
733 12915 603 2802
806 13524 629 2753
751 13326 639 2781
744 13269 642 2775
772 14114 590 2805
798 14531 611 2754
759 13497 648 2747
736 12267 627 2804
765 13213 595 2815
774 13163 597 2812
736 12780 616 2783
759 13157 609 2770
751 13234 647 2761
744 13269 642 2775
770 13114 631 2755
759 13370 604 2789
791 13755 590 2780
764 12751 606 2802
774 13163 597 2812
757 13720 629 2769
744 12578 611 2812
759 13370 604 2789
733 12492 605 2813
801 12549 620 2810
782 14382 630 2755
782 13742 597 2778
802 14143 629 2746
744 12578 611 2812
751 13326 639 2781
751 12826 597 2813
764 13673 602 2777
804 13601 629 2756
802 14143 629 2746
764 13673 602 2777
751 13234 647 2761
790 13148 623 2767
787 13296 622 2767
751 12826 597 2813
764 13614 608 2771
757 13720 629 2769
806 13524 629 2753
782 14382 630 2755
798 14531 611 2754
758 13285 623 2764
758 13285 623 2764
764 13614 608 2771
733 12492 605 2813
770 13114 631 2755
787 13296 622 2767
764 12751 606 2802
804 13601 629 2756
790 13148 623 2767
906 15685 565 2781
837 13639 592 2868
774 13646 664 2749
756 12132 644 2816
727 12244 625 2865
877 15279 581 2755
838 14582 608 2760
728 12442 659 2814
742 12504 629 2810
799 13554 598 2823
824 14174 583 2773
758 12831 620 2796
838 14582 608 2760
797 13246 615 2803
758 12769 616 2836
778 13430 606 2848
767 13366 626 2768
764 13410 641 2765
785 13867 595 2830
811 13953 647 2749
818 14142 583 2815
816 13769 604 2777
789 13897 595 2788
761 13184 616 2789
823 13992 646 2757
745 13044 614 2807
803 13863 617 2772
764 13410 641 2765
777 13411 613 2782
811 13953 647 2749
753 13193 611 2806
757 12868 623 2840
737 12878 629 2816
742 13116 617 2847
783 13878 590 2838
778 13430 606 2848
756 12132 644 2816
772 13908 597 2816
743 13145 628 2817
751 13735 616 2786
783 13878 590 2838
807 14011 596 2779
806 14174 617 2771
751 13735 616 2786
757 12868 623 2840
783 14123 611 2775
743 13145 628 2817
816 13769 604 2777
737 12878 629 2816
805 14066 614 2778
783 14123 611 2775
746 13060 616 2803
746 13060 616 2803
805 14066 614 2778
807 14011 596 2779
881 15494 640 2756
832 14351 587 2819
819 14322 593 2865
775 13123 623 2816
759 13142 640 2842
846 14577 614 2790
780 13711 627 2775
793 13462 613 2830
819 14322 593 2865
812 13448 623 2784
772 13564 635 2825
832 14351 587 2819
779 13587 621 2787
914 14787 622 2789
880 15337 592 2835
880 15337 592 2835
861 14208 642 2776
810 13669 625 2851
787 13906 625 2826
833 14778 632 2815
830 14536 624 2817
849 13713 623 2847
883 16042 662 2805
861 15218 653 2850
826 14347 555 2734
818 14235 546 2748
751 13072 597 2684
698 12089 576 2811
695 11755 641 2725
634 10976 584 2753
729 11444 618 2745
765 12395 565 2771
666 11585 584 2738
773 13758 588 2713
707 12102 576 2804
757 13741 553 2743
714 12228 630 2700
702 11928 592 2705
723 12534 603 2686
786 14177 573 2726
786 14049 580 2690
747 12418 621 2700
712 12765 559 2735
818 14235 546 2748
706 12328 568 2757
772 12638 550 2743
707 12375 636 2689
719 12516 580 2728
760 12392 641 2688
706 12328 568 2757
721 12416 583 2752
712 12690 583 2734
712 12690 583 2734
818 14235 546 2748
818 14235 546 2748
871 15355 599 2719
821 14192 555 2743
788 13442 564 2825
742 12291 675 2711
717 12677 636 2689
637 11007 584 2753
637 11007 584 2753
706 12379 568 2766
669 11811 629 2746
711 12218 576 2811
837 14530 607 2699
795 14659 577 2747
816 14398 617 2698
732 11913 650 2736
689 12249 595 2750
637 11007 584 2753
799 13805 608 2708
697 12352 636 2740
758 13276 609 2731
767 13042 614 2735
745 12738 608 2738
732 11913 650 2736
711 12218 576 2811
761 13243 597 2724
713 12634 620 2742
728 12319 624 2714
737 13126 604 2734
729 12037 619 2722
780 13614 608 2715
753 11942 618 2745
770 13627 617 2702
712 12090 625 2735
737 13126 604 2734
770 13665 590 2747
773 13773 588 2728
730 12537 618 2704
698 11952 608 2743
773 13773 588 2728
724 12335 627 2716
730 12537 618 2704
799 13805 608 2708
779 13074 591 2744
760 13075 614 2715
724 12323 629 2718
724 12323 629 2718
779 13074 591 2744
773 13773 588 2728
760 13075 614 2715
799 13805 608 2708
732 11913 650 2736
732 11913 650 2736
827 14196 564 2825
812 14236 572 2775
751 12266 650 2736
741 13221 636 2689
637 11029 584 2753
701 12087 620 2751
711 12219 576 2811
803 13960 592 2731
757 12895 568 2784
769 13436 597 2724
725 12452 608 2750
751 12637 576 2780
779 13483 614 2715
799 13862 608 2708
752 12519 613 2747
734 12776 638 2711
776 13718 617 2702
776 13718 617 2702
717 12454 629 2737
784 13375 619 2709
724 12459 629 2724
738 13026 625 2733
736 12876 619 2739
763 13349 619 2713
779 12873 609 2748
721 12771 637 2734
761 13255 609 2734
757 13011 620 2733
738 13026 625 2733
734 12776 638 2711
858 14422 574 2792
851 14769 597 2744
827 14198 564 2825
761 12880 688 2732
755 13246 636 2689
672 11491 594 2754
654 11849 642 2777
756 12372 650 2736
711 11528 592 2804
789 13479 622 2729
787 12838 687 2721
807 14113 616 2708
786 13918 617 2702
814 13942 579 2789
720 12480 576 2824
670 11800 594 2762
754 12883 624 2745
668 11834 599 2796
813 14124 608 2708
726 12510 608 2750
759 12798 585 2758
741 13248 636 2689
829 14692 574 2776
766 13052 583 2798
844 14416 594 2748
764 12430 592 2772
725 12701 620 2750
788 12854 650 2722
778 13058 633 2733
777 13092 636 2741
770 13727 578 2802
770 13727 578 2802
829 14692 574 2776
787 12838 687 2721
737 12489 638 2738
778 13189 621 2737
844 14416 594 2748
858 14422 574 2792
737 12489 638 2738
741 13248 636 2689
764 12430 592 2772
777 13215 620 2744
778 13189 621 2737
777 13215 620 2744
741 13248 636 2689
741 13248 636 2689
741 13248 636 2689
852 14590 608 2725
829 15232 617 2702
827 14206 564 2825
759 13392 636 2689
758 12746 676 2742
712 11854 604 2826
695 11499 633 2766
672 11628 626 2768
754 13256 662 2714
827 14206 564 2825
822 14107 588 2766
712 12028 592 2808
833 14443 614 2715
682 12047 625 2797
766 12833 638 2742
794 14211 617 2722
746 12641 633 2752
688 12181 598 2760
795 13173 650 2736
690 11564 648 2755
703 12375 611 2759
773 12570 637 2753
700 11971 597 2790
734 12283 605 2754
795 13818 634 2734
767 13946 628 2745
852 14195 615 2740
705 12056 608 2775
780 13329 588 2795
768 13546 591 2782
808 14063 635 2727
758 12746 676 2742
672 11628 626 2768
734 12283 605 2754
781 13777 590 2773
768 13546 591 2782
781 13777 590 2773
800 14270 596 2755
758 13139 597 2766
800 14270 596 2755
808 14063 635 2727
695 11499 633 2766
762 13209 629 2745
702 11937 633 2764
703 12082 629 2754
822 14107 588 2766
852 14195 615 2740
827 14206 564 2825
827 14206 564 2825
855 15467 594 2788
845 14854 564 2827
792 13300 696 2722
791 13511 642 2693
729 12075 605 2841
700 11936 633 2796
678 12216 646 2821
818 14437 638 2706
774 13988 660 2745
803 14538 630 2739
712 12432 593 2808
855 15467 594 2788
801 13593 638 2721
775 13314 676 2750
824 13796 597 2798
723 12739 681 2767
784 13670 634 2752
772 13217 655 2755
690 12337 626 2801
694 12018 652 2810
702 12594 625 2830
742 12805 611 2757
791 13511 642 2693
770 13477 609 2765
733 12956 621 2760
732 12404 599 2804
755 12354 611 2766
712 12283 604 2782
780 13424 640 2746
706 12552 612 2799
747 12938 598 2788
749 12503 602 2799
694 12018 652 2810
781 13776 629 2749
707 12442 618 2792
698 12388 645 2769
710 12338 626 2770
723 12739 681 2767
749 13030 598 2767
803 14538 630 2739
714 12689 606 2768
718 12803 629 2758
824 13796 597 2798
770 13477 609 2765
707 12442 618 2792
736 12233 634 2756
692 12171 632 2823
775 13314 676 2750
792 13103 639 2743
713 12166 652 2776
702 12594 625 2830
792 13103 639 2743
710 12126 640 2787
735 12250 622 2785
705 12266 633 2777
755 12354 611 2766
789 13297 633 2755
735 12250 622 2785
718 12803 629 2758
789 13297 633 2755
714 12689 606 2768
692 12171 632 2823
705 12266 633 2777
710 12126 640 2787
713 12166 652 2776
844 14230 603 2770
836 14508 640 2713
830 14677 594 2819
829 14700 636 2750
784 13587 691 2748
731 12224 655 2787
728 12822 603 2820
708 12654 646 2789
823 13571 645 2728
784 13587 691 2748
777 12603 671 2763
824 14057 639 2743
779 13482 659 2755
714 12546 653 2769
804 14365 618 2757
740 12806 632 2764
808 14399 640 2745
800 13819 633 2756
719 12324 609 2798
767 12716 604 2801
734 12886 620 2795
761 13433 632 2760
844 14230 603 2770
757 12891 611 2774
810 13680 599 2784
751 13191 608 2793
750 13037 627 2778
772 13314 598 2813
796 13748 654 2731
744 12410 634 2777
788 13994 599 2783
723 12710 622 2787
730 13008 615 2791
800 13505 609 2780
756 12890 667 2758
771 13395 603 2808
785 13674 600 2771
796 13748 654 2731
728 12614 643 2771
787 12995 600 2816
745 12991 637 2756
738 12589 624 2788
767 12716 604 2801
791 14028 616 2761
796 13746 639 2746
717 12569 611 2812
772 13314 598 2813
753 13188 616 2789
752 12976 623 2783
792 13631 612 2768
792 13631 612 2768
754 13060 628 2763
754 13060 628 2763
777 12603 671 2763
738 12570 636 2794
771 13395 603 2808
731 12224 655 2787
780 14054 619 2762
756 12890 667 2758
716 12600 632 2810
712 12370 645 2813
708 12654 646 2789
744 12410 634 2777
715 12259 645 2800
810 13680 599 2784
715 12259 645 2800
788 13994 599 2783
712 12370 645 2813
794 13494 623 2763
780 14054 619 2762
824 14057 639 2743
753 13188 616 2789
794 13494 623 2763
755 12711 608 2800
755 12711 608 2800
728 12822 603 2820
932 15825 618 2764
907 15988 618 2760
857 15308 698 2734
773 13832 598 2814
736 12375 661 2812
730 12554 609 2841
729 12704 699 2773
714 12545 682 2840
827 14265 648 2760
932 15825 618 2764
775 13146 690 2757
907 15988 618 2760
795 14044 637 2764
749 13257 623 2793
776 13650 602 2831
716 12610 684 2836
783 13578 601 2826
755 13334 628 2775
725 12709 675 2788
716 12976 667 2836
723 12730 655 2774
736 12375 661 2812
748 12719 628 2799
724 12664 637 2820
716 12976 667 2836
745 13036 649 2775
781 14005 609 2796
765 13654 658 2758
746 13511 630 2793
773 13832 598 2814
762 13315 638 2774
747 13323 644 2769
725 12709 675 2788
767 13016 632 2781
714 12545 682 2840
740 12721 633 2793
759 13020 612 2781
781 14005 609 2796
772 13326 650 2766
742 12551 629 2820
762 13123 647 2772
759 13105 655 2762
775 13146 690 2757
759 13020 612 2781
774 13144 611 2788
792 13805 601 2773
781 13744 656 2757
733 13310 646 2772
747 13323 644 2769
743 13121 652 2765
781 13744 656 2757
767 13016 632 2781
792 13805 601 2773
729 12704 699 2773
787 13676 648 2764
787 13676 648 2764
759 13105 655 2762
748 12719 628 2799
743 13121 652 2765
774 13144 611 2788
740 12721 633 2793
733 13310 646 2772
772 13326 650 2766
742 12551 629 2820
723 12730 655 2774
836 14558 678 2757
835 14433 603 2784
789 13902 691 2776
741 13017 641 2831
801 13236 675 2779
817 14090 632 2776
769 13549 634 2823
782 13620 613 2783
823 13869 609 2816
799 13353 633 2804
792 13916 604 2795
819 14071 611 2792
819 14071 611 2792
838 14555 657 2784
785 14328 613 2792
762 13567 651 2832
785 13889 639 2817
801 14119 646 2786
785 14328 613 2792
798 13803 630 2789
811 14187 646 2811
809 14350 660 2833
790 14183 654 2695
656 11255 523 2806
654 11011 579 2753
737 12550 574 2707
711 11886 561 2773
678 12001 548 2715
686 11396 628 2719
684 12052 584 2696
675 12009 567 2756
661 11502 631 2730
683 11671 610 2735
725 11758 592 2728
673 11601 576 2742
725 11758 592 2728
667 11605 613 2719
664 11829 585 2730
667 11794 612 2731
656 11611 585 2739
838 13983 550 2779
781 13892 629 2696
779 13620 530 2827
734 12921 654 2709
666 11259 579 2753
655 11512 597 2756
677 11631 542 2815
738 13099 603 2711
690 11686 613 2721
802 13882 626 2707
730 11911 576 2751
698 12271 573 2736
773 12205 561 2773
709 12648 591 2719
773 12205 561 2773
714 12130 569 2737
802 13882 626 2707
714 12833 571 2716
671 11969 585 2730
695 12078 579 2723
719 12595 557 2720
719 12595 557 2720
671 11969 585 2730
711 12233 594 2714
696 12100 559 2779
802 13882 626 2707
810 14042 626 2707
740 13041 654 2709
680 11691 542 2815
666 11265 579 2753
661 11630 597 2756
731 13281 634 2714
780 12357 561 2773
748 13160 557 2722
742 12586 564 2787
723 12735 571 2757
691 11764 625 2748
678 12127 585 2743
706 12754 638 2727
707 12605 602 2739
666 11265 579 2753
746 12178 592 2728
736 12892 628 2716
770 12692 582 2726
707 11984 613 2721
743 13090 557 2782
673 11974 612 2731
714 12857 636 2717
731 12251 597 2736
691 11764 625 2748
773 12517 576 2751
774 12359 561 2773
717 12698 582 2731
724 12458 576 2775
673 11974 612 2731
724 12768 562 2736
773 12205 561 2777
726 12754 600 2721
738 13112 565 2727
742 12986 579 2719
739 13123 637 2711
770 12692 582 2726
707 11984 613 2721
666 11265 579 2753
844 14477 573 2723
817 13720 562 2778
815 14239 626 2707
751 13010 572 2829
699 12126 668 2738
686 11383 579 2753
678 11543 593 2755
777 13243 562 2787
821 14040 650 2712
761 12533 592 2735
703 12015 639 2739
803 13030 576 2760
730 12979 607 2733
713 12294 622 2729
747 13298 654 2709
754 12802 597 2738
782 13513 647 2714
711 12925 613 2723
803 13604 637 2714
679 11434 630 2779
738 13112 565 2732
787 12941 588 2752
739 12752 612 2747
782 13679 562 2780
750 12967 579 2739
736 13108 582 2731
787 12941 588 2752
739 12752 612 2747
719 12140 628 2721
742 13056 579 2719
718 12202 613 2731
716 12288 624 2731
736 13075 628 2716
719 12140 628 2721
752 13281 654 2709
742 13056 579 2719
752 13281 654 2709
716 12288 624 2731
736 13075 628 2716
752 13281 654 2709
752 13281 654 2709
857 15131 574 2731
802 14243 567 2789
754 13321 654 2709
714 11608 606 2858
711 12433 673 2765
689 11474 633 2841
687 11540 631 2816
814 13192 583 2763
802 14243 567 2789
694 11992 630 2799
731 12307 659 2728
717 11934 594 2856
767 13424 581 2751
711 12433 673 2765
764 13596 576 2776
721 12483 597 2764
781 13219 579 2724
702 11898 628 2798
747 13104 603 2733
764 13771 647 2718
764 13771 647 2718
788 12836 631 2741
750 13560 654 2716
706 12626 611 2832
771 13103 591 2733
788 12836 631 2741
741 13310 610 2741
760 13022 638 2737
749 12700 588 2753
761 13653 579 2719
775 13317 632 2716
705 11750 633 2773
717 12119 627 2794
720 13222 616 2726
748 12889 624 2739
727 13015 586 2759
709 12557 590 2772
735 12620 658 2759
720 13222 616 2726
731 13206 648 2726
752 13371 606 2728
690 11503 623 2835
736 12754 590 2755
690 11503 623 2835
776 13119 569 2833
714 12332 639 2769
714 12387 582 2784
744 12975 647 2729
706 12626 611 2832
752 13423 654 2709
714 11608 606 2858
697 12082 634 2786
697 12082 634 2786
704 12320 595 2835
776 13119 569 2833
735 13051 625 2757
729 12765 634 2763
761 13044 580 2790
718 11788 586 2768
718 11788 586 2768
740 12973 637 2752
712 12404 636 2769
738 12173 611 2759
706 12524 626 2791
706 12524 626 2791
738 12173 611 2759
735 12620 658 2759
714 12332 639 2769
729 12765 634 2763
712 12404 636 2769
714 12387 582 2784
740 12973 637 2752
821 13957 586 2748
819 14401 581 2750
799 14206 579 2795
773 13394 654 2709
734 12393 674 2755
715 12795 622 2843
714 11739 642 2825
702 12922 623 2836
766 13561 668 2716
787 13489 586 2759
806 13898 638 2719
793 14218 614 2734
710 11972 646 2830
802 13612 592 2724
800 13717 628 2721
816 14121 581 2756
734 12037 645 2786
744 12900 588 2812
747 13412 610 2748
721 12359 658 2776
811 13317 594 2741
765 13087 665 2740
705 12486 662 2806
775 14080 618 2741
811 13317 594 2741
740 12771 646 2762
758 12864 585 2801
714 11739 642 2825
735 12534 613 2819
755 12725 620 2757
783 13396 592 2746
739 12201 638 2779
819 14401 581 2750
777 13920 631 2719
762 12883 588 2753
722 13006 602 2793
718 12639 597 2814
731 12926 597 2787
771 13078 637 2751
765 13652 638 2732
715 12795 622 2843
765 12367 625 2793
738 13171 585 2824
780 13200 624 2733
725 12650 620 2770
730 12500 604 2836
705 12486 662 2806
738 12196 622 2802
797 13647 614 2737
722 12709 617 2773
707 12134 632 2827
756 12616 600 2832
751 12683 640 2764
741 12547 640 2767
714 12526 641 2790
736 12948 662 2769
729 12536 670 2771
797 13702 631 2722
717 12347 630 2815
798 13682 640 2724
712 12782 635 2788
756 12616 600 2832
709 12846 640 2824
734 12867 606 2796
774 13198 659 2741
712 12782 635 2788
707 12134 632 2827
746 12872 632 2763
729 12536 670 2771
750 12774 612 2766
714 12278 646 2779
760 13411 615 2752
737 13027 660 2747
750 12774 612 2766
727 12334 614 2794
737 13027 660 2747
714 12278 646 2779
717 12347 630 2815
760 13411 615 2752
727 12334 614 2794
722 12599 624 2798
730 12500 604 2836
771 13078 637 2751
746 12872 632 2763
722 12599 624 2798
739 13009 585 2786
780 13200 624 2733
740 12771 646 2762
751 12683 640 2764
722 12709 617 2773
734 12867 606 2796
784 13705 585 2767
784 13705 585 2767
740 12629 597 2770
797 13702 631 2722
843 14306 636 2719
842 14260 659 2709
830 14593 610 2740
824 13907 689 2728
792 13088 586 2828
717 12112 661 2850
714 12789 674 2788
761 12576 615 2842
817 14243 638 2719
728 12430 642 2821
768 13285 589 2775
806 13875 587 2766
734 12226 667 2787
747 13487 631 2795
722 12699 611 2832
738 12659 646 2787
722 12280 656 2850
755 12739 631 2782
804 14055 622 2726
742 12986 672 2764
821 14056 662 2719
821 13952 600 2742
800 13663 651 2733
800 13663 651 2733
820 13407 617 2746
778 13228 634 2753
732 12909 644 2807
720 12676 625 2814
782 13384 657 2737
733 13193 620 2807
789 13247 595 2754
769 12981 595 2757
773 13776 588 2793
748 12987 602 2792
783 13324 635 2735
778 12958 588 2756
714 12889 650 2801
751 12819 621 2819
773 13776 588 2793
763 12967 606 2760
714 12889 650 2801
745 12741 607 2829
825 13924 657 2729
754 13031 611 2771
736 12728 632 2811
757 12332 643 2811
769 12981 595 2757
763 12967 606 2760
759 12967 618 2772
820 13893 622 2742
751 12819 621 2819
759 12979 639 2771
720 12676 625 2814
753 13078 634 2769
759 12669 606 2789
783 13324 635 2735
744 12585 623 2811
717 12716 642 2812
714 12789 674 2788
744 12585 623 2811
825 13924 657 2729
753 13078 634 2769
733 12684 643 2804
757 12332 643 2811
745 12741 607 2829
733 12684 643 2804
736 12728 632 2811
748 12982 617 2792
748 12982 617 2792
759 12669 606 2789
717 12716 642 2812
877 13850 605 2756
860 14768 602 2757
819 13789 656 2733
801 13385 588 2763
758 12392 651 2858
743 13216 625 2814
822 14007 630 2754
744 12892 633 2811
775 14020 609 2769
762 13396 616 2828
757 12833 639 2815
767 12722 625 2797
768 13464 596 2829
808 13231 600 2765
788 13173 609 2782
765 13531 640 2762
777 13431 625 2759
772 13194 599 2797
783 13855 592 2774
767 13657 653 2760
800 13826 589 2774
760 13228 630 2787
768 12856 608 2790
768 13464 596 2829
788 13173 609 2782
783 13855 592 2774
765 13531 640 2762
774 13197 607 2770
774 13197 607 2770
907 15288 614 2758
838 14249 588 2764
781 13625 663 2804
762 12958 638 2840
838 14249 588 2764
773 13183 650 2826
809 13489 629 2799
830 14859 602 2772
814 13925 600 2782
805 14042 604 2793
784 13208 630 2811
771 13246 642 2835
823 13661 611 2773
819 14143 620 2765
804 13991 593 2816
812 13792 605 2780
810 13756 644 2765
821 14961 602 2774
794 13243 606 2807
791 13285 602 2826
804 13991 593 2816
821 14961 602 2774
778 13630 620 2772
772 14091 599 2837
803 14148 605 2771
791 13285 602 2826
803 14148 605 2771
794 13243 606 2807
772 14091 599 2837
778 13630 620 2772
853 14541 597 2792
852 14675 599 2779
821 13722 611 2846
806 13968 622 2774
779 13917 657 2779
776 13328 642 2840
823 14088 618 2797
810 14636 618 2822
852 14675 599 2779
903 15680 630 2803
828 14069 629 2849
816 14738 644 2782
868 14415 636 2783
820 14345 634 2817
901 14667 662 2793
844 14597 651 2838
