3 1.57904
835 13860 523 2727
677 11427 585 2647
667 11745 620 2665
623 10642 583 2751
611 10664 585 2782
794 13464 538 2688
714 12447 532 2726
668 11756 606 2669
676 11559 588 2651
755 13043 578 2659
740 12230 554 2702
699 12012 579 2700
684 12185 568 2693
772 13247 552 2711
776 12894 556 2687
788 13676 523 2760
763 12783 583 2668
667 11258 615 2721
642 11341 562 2742
639 11069 566 2764
703 12056 573 2677
660 11299 542 2716
657 11397 554 2769
776 13720 532 2711
679 11344 527 2727
708 12093 523 2766
661 11449 620 2674
763 13264 565 2700
650 11436 554 2738
658 11307 576 2733
681 11637 553 2708
638 11123 612 2741
638 11123 612 2741
675 11282 567 2706
670 11515 574 2715
623 10642 583 2751
623 10642 583 2751
670 11515 574 2715
638 11123 612 2741
801 14055 626 2654
710 12394 532 2757
686 11900 533 2818
623 10651 583 2751
620 10844 585 2782
647 11228 566 2764
776 13530 552 2711
693 12134 537 2797
759 12923 556 2702
741 12535 533 2745
730 12453 568 2701
678 11743 611 2679
795 13457 596 2657
778 13404 594 2673
706 12219 588 2695
688 11961 599 2666
672 11432 576 2737
796 13285 556 2687
676 11923 620 2665
703 11977 537 2791
714 11967 598 2669
672 11432 576 2737
664 11461 542 2720
707 12252 573 2677
706 12661 585 2681
761 12430 532 2749
660 11610 566 2755
700 12337 562 2712
655 11463 612 2741
685 11680 592 2684
683 12338 559 2708
708 12031 564 2715
620 10844 585 2782
796 13285 556 2687
665 11451 542 2720
655 11463 612 2741
682 11885 542 2716
680 11879 597 2681
665 11635 620 2674
665 11451 542 2720
665 11635 620 2674
683 11885 620 2667
655 11463 612 2741
796 13314 556 2687
776 13956 556 2714
755 13051 532 2757
703 12021 537 2791
683 12002 620 2665
665 11638 620 2674
625 10732 583 2751
622 10888 585 2782
649 11389 578 2773
769 12537 592 2706
666 11338 581 2770
692 12083 606 2666
735 13147 571 2703
791 13593 552 2711
663 11566 612 2741
725 12895 560 2713
750 12522 541 2763
698 12240 548 2718
702 12257 599 2668
716 12684 566 2711
780 13708 597 2679
669 11463 586 2731
721 12568 537 2773
681 11936 611 2688
793 13853 573 2679
705 12023 597 2694
689 11817 597 2703
622 10888 585 2782
668 11570 594 2727
675 11451 553 2758
741 12753 543 2716
718 11478 576 2737
743 12376 561 2715
755 13051 532 2757
703 12021 537 2791
667 11579 542 2720
713 12457 597 2692
674 11521 580 2742
740 11989 597 2683
665 11638 620 2674
716 12428 597 2681
718 12542 577 2690
722 12747 585 2683
665 11638 620 2674
665 11638 620 2674
674 11521 580 2742
689 11817 597 2703
743 12376 561 2715
683 11999 620 2667
716 12428 597 2681
683 12002 620 2665
716 12428 597 2681
703 12021 537 2791
806 13505 556 2687
791 13627 552 2711
743 13020 537 2773
729 12922 620 2665
703 12100 537 2791
674 11617 644 2748
629 10742 594 2777
684 10985 640 2773
665 11662 620 2674
640 11569 611 2773
785 13062 546 2736
774 13386 580 2700
758 13101 596 2683
630 11044 585 2782
662 11418 578 2782
729 12758 551 2745
694 11798 555 2754
717 11515 602 2768
797 13341 556 2689
745 13051 597 2698
725 12746 566 2711
744 12495 561 2715
754 12723 583 2704
719 12291 560 2721
707 12357 599 2668
710 12152 581 2741
656 11514 578 2773
713 12333 569 2747
721 12568 537 2782
717 12494 576 2726
744 12703 552 2723
674 11617 644 2748
698 11702 591 2737
683 12002 620 2667
698 11947 597 2703
682 11526 580 2748
669 11661 583 2759
668 11760 604 2751
699 12065 585 2730
735 12193 591 2725
697 12374 585 2731
733 11788 573 2738
708 12015 592 2720
732 12150 610 2690
732 12150 610 2690
705 12583 555 2725
791 13627 552 2711
688 11974 573 2750
797 13341 556 2689
703 12100 537 2791
726 12440 555 2737
669 11661 583 2759
721 12568 537 2782
694 12405 568 2750
656 11514 578 2773
662 11418 578 2782
668 11760 604 2751
758 13101 596 2683
732 11758 578 2730
715 11952 592 2733
688 11974 573 2750
735 12193 591 2725
697 12374 585 2731
758 13101 596 2683
708 12015 592 2720
703 12010 583 2738
715 11952 592 2733
703 12100 537 2791
683 12002 620 2667
703 12010 583 2738
694 12405 568 2750
703 12100 537 2791
733 11788 573 2738
703 12000 592 2733
732 11758 578 2730
703 12000 592 2733
732 12150 610 2690
703 12100 537 2791
703 12100 537 2791
703 12100 537 2791
703 12100 537 2791
703 12000 592 2733
703 12000 592 2733
668 11760 604 2751
668 11760 604 2751
827 14347 552 2711
703 12105 537 2791
683 12011 620 2667
678 11113 649 2777
639 11228 585 2782
800 13382 556 2689
675 11781 631 2713
673 11795 620 2674
786 13379 561 2715
691 11122 640 2773
672 11870 602 2759
798 14070 553 2732
791 13888 596 2696
758 13917 556 2783
772 13631 573 2713
780 13660 597 2692
729 11979 606 2741
695 11822 612 2750
753 12910 571 2739
706 12219 565 2768
777 12899 573 2722
737 12777 557 2756
711 12380 618 2695
713 12427 599 2668
753 13077 559 2751
695 12024 587 2749
721 12052 581 2756
735 12378 571 2761
724 12783 588 2736
727 12172 595 2726
754 12739 583 2704
736 12681 565 2759
716 12078 606 2739
705 12359 592 2731
726 12514 576 2724
753 13077 559 2751
775 13002 571 2726
689 12024 599 2772
714 12263 575 2764
732 12338 584 2724
724 12367 576 2755
754 12739 583 2704
734 12109 602 2737
706 12592 585 2765
737 11856 578 2735
688 12057 578 2782
711 12213 603 2732
703 12632 585 2765
754 12306 576 2726
676 11808 585 2775
710 12309 601 2736
713 12284 596 2731
712 12297 582 2745
712 12297 582 2745
755 12763 575 2722
758 13917 556 2783
755 12763 575 2722
713 12284 596 2731
710 12309 601 2736
737 11856 578 2735
812 13438 561 2724
791 13612 564 2718
758 13524 611 2670
704 11905 675 2755
703 12216 537 2791
703 11351 640 2775
686 11665 615 2864
669 11743 636 2832
695 11439 599 2811
703 11357 640 2773
801 13453 568 2692
761 13276 592 2713
713 12656 602 2759
805 13501 556 2689
674 12212 602 2820
743 12780 559 2760
734 11827 622 2754
776 13214 592 2720
750 13030 557 2773
680 12026 615 2801
707 12164 537 2791
669 11743 636 2832
731 12368 597 2732
690 11870 590 2782
769 13194 573 2756
733 12485 585 2733
773 13189 601 2715
794 13470 620 2671
733 12908 576 2739
734 12471 606 2685
794 13420 567 2715
726 12422 601 2732
720 12835 573 2778
698 11986 585 2790
684 12015 620 2674
684 11882 606 2793
700 12136 597 2767
762 13003 575 2722
690 11839 629 2777
714 12452 588 2757
701 12068 606 2762
754 12782 592 2722
730 12977 582 2744
701 11980 631 2736
714 12279 592 2777
718 12480 615 2737
703 11357 640 2773
805 13501 556 2689
731 12790 582 2744
707 12164 537 2791
682 12473 635 2715
714 12863 582 2766
706 11857 624 2732
717 12844 592 2740
730 12977 582 2744
717 12844 592 2740
730 12977 582 2744
706 11857 624 2732
682 12473 635 2715
703 11357 640 2773
701 11980 631 2736
731 12790 582 2744
717 12844 592 2740
805 13501 556 2689
805 13501 556 2689
730 12977 582 2744
717 12844 592 2740
703 11357 640 2773
703 11357 640 2773
703 11357 640 2773
703 11357 640 2773
703 11357 640 2773
703 11357 640 2773
876 15197 558 2779
791 13808 611 2670
720 11372 640 2784
707 12168 537 2791
705 12101 649 2724
697 11959 602 2800
688 12198 620 2703
873 14401 606 2687
822 14695 571 2732
830 14021 606 2688
810 14024 591 2702
775 13581 567 2761
806 13889 562 2739
697 12022 628 2751
703 11493 640 2773
697 12344 632 2688
732 12972 620 2674
732 12664 598 2762
771 13067 575 2722
744 12885 578 2770
766 13299 592 2715
739 12805 594 2740
703 11875 594 2784
694 12103 641 2783
779 13202 574 2783
734 12929 606 2726
762 13450 592 2731
752 12944 598 2735
741 13264 606 2707
746 13330 612 2701
762 12983 578 2749
708 11959 606 2782
778 12805 577 2767
761 12701 610 2690
756 12851 600 2733
761 12701 610 2690
755 13220 613 2703
743 12872 592 2765
746 13330 612 2701
755 13220 613 2703
904 15129 598 2704
878 15758 580 2728
794 14397 612 2690
738 12054 632 2844
708 12277 643 2722
707 12371 625 2723
707 12180 537 2791
806 13037 613 2720
760 12872 608 2761
770 13480 600 2737
794 14397 612 2690
713 12471 623 2727
771 13251 638 2696
761 12788 629 2713
716 12437 633 2711
784 13374 592 2720
761 13020 594 2752
741 13157 609 2734
749 13205 595 2741
764 13195 594 2743
767 13272 608 2709
784 13374 592 2720
794 14397 612 2690
794 14397 612 2690
784 13374 592 2720
925 15560 598 2704
766 13134 537 2793
758 13372 679 2713
723 12507 546 2798
831 14558 612 2713
788 13455 596 2749
747 12983 651 2723
761 12985 635 2778
802 13695 620 2709
741 12662 553 2794
794 13549 592 2720
810 14327 621 2714
723 12599 562 2799
808 14021 594 2752
737 12984 565 2798
775 13291 562 2800
753 12842 612 2800
798 13883 565 2817
842 14693 559 2701
749 13163 550 2760
666 11920 600 2648
659 11411 649 2687
627 11171 557 2781
625 10567 588 2708
780 13129 550 2725
762 13910 554 2703
708 11630 619 2676
640 10980 580 2753
720 12539 577 2652
695 12291 575 2733
687 11613 628 2702
724 12436 574 2718
702 11747 596 2687
676 11674 587 2709
676 11974 569 2745
699 12114 577 2674
659 11345 559 2755
740 12502 559 2722
678 11418 594 2704
700 12465 566 2666
685 11719 628 2702
679 11670 561 2748
700 12465 566 2666
708 11950 559 2751
723 11492 559 2752
685 11985 560 2750
700 12465 566 2666
809 13765 557 2738
803 14167 623 2659
750 13149 652 2655
653 11535 557 2781
650 11031 580 2753
647 11138 592 2811
628 11191 557 2790
760 13748 560 2727
687 12149 637 2685
700 12533 566 2666
749 12866 561 2771
714 12078 597 2698
651 11488 612 2708
687 11904 562 2769
659 11297 608 2712
687 11743 628 2702
729 12973 560 2759
707 12142 588 2714
736 12438 574 2718
712 12327 569 2745
670 11753 589 2710
716 12295 580 2728
668 11570 603 2742
674 11697 571 2764
736 12438 574 2718
682 11358 594 2735
674 11652 603 2719
723 12246 579 2731
722 12206 569 2751
700 12035 569 2758
681 11374 605 2716
676 11597 571 2762
682 11502 594 2704
724 12213 579 2731
708 12256 562 2756
716 11997 588 2719
679 11652 571 2760
676 11263 594 2744
718 11968 588 2717
700 12035 569 2758
687 11922 562 2760
681 11374 605 2716
718 11968 588 2717
716 11997 588 2719
676 11263 594 2744
676 11263 594 2744
681 11374 605 2716
681 11374 605 2716
681 11374 605 2716
681 11374 605 2716
801 14638 565 2747
709 12645 566 2666
689 12161 637 2685
654 11333 592 2811
653 11572 557 2781
756 13700 561 2775
751 12941 565 2777
769 12377 583 2749
719 12192 625 2700
730 12577 587 2695
695 11850 605 2712
666 11334 580 2753
676 11610 571 2762
669 11426 628 2719
700 11718 594 2737
691 12324 569 2760
686 11928 596 2707
705 12006 628 2704
688 12140 600 2705
722 12086 566 2761
711 12456 592 2741
675 11618 603 2742
683 11756 594 2724
683 11756 594 2724
716 12011 588 2719
696 11635 605 2707
721 12006 588 2717
693 11496 594 2744
686 11754 594 2715
683 11568 594 2740
689 11520 594 2744
683 11568 594 2740
683 11568 594 2740
683 11568 594 2740
942 15990 569 2740
736 12807 661 2666
663 11434 592 2811
654 11592 557 2781
838 14001 564 2780
820 14897 565 2747
742 13420 571 2722
708 12631 660 2689
735 12239 642 2705
728 13025 580 2673
695 11495 634 2752
782 13871 570 2713
695 12281 612 2708
777 12921 624 2681
745 12569 615 2707
828 13863 569 2742
774 13018 639 2673
717 12718 626 2703
726 12842 574 2692
693 12027 585 2759
759 12860 618 2685
700 11697 605 2716
679 11655 571 2762
723 12193 588 2719
739 12787 600 2699
689 12096 599 2717
686 11927 594 2733
712 11983 595 2721
766 12870 569 2746
677 11975 594 2775
675 11693 603 2742
731 12609 602 2714
678 12210 592 2771
694 11783 603 2717
739 12620 592 2714
758 12794 594 2713
718 11773 594 2735
692 11737 594 2740
678 12210 592 2771
692 11737 594 2740
686 11927 594 2733
718 11773 594 2735
844 14019 564 2780
820 15018 565 2747
758 12669 578 2835
739 12843 661 2666
715 12957 558 2781
663 11458 592 2811
663 11458 592 2811
774 13347 638 2680
842 14099 564 2780
804 13477 580 2688
755 12825 613 2702
819 13960 574 2718
692 12189 622 2730
731 12637 602 2714
787 13282 609 2678
758 12669 578 2835
718 12530 587 2763
703 11757 605 2723
677 11717 603 2744
685 11881 580 2764
793 13403 597 2718
687 11609 619 2798
723 12315 589 2750
779 13010 609 2696
685 11685 596 2778
768 13293 583 2719
734 13045 583 2727
687 11609 619 2798
713 12868 571 2797
743 12938 577 2736
763 12890 571 2772
752 12381 579 2770
759 13142 597 2721
763 12890 571 2772
692 12189 622 2730
742 12866 573 2808
750 12452 593 2729
775 13205 609 2694
747 13252 574 2750
712 12169 594 2748
703 12576 594 2753
739 12378 588 2730
722 12034 594 2740
707 12214 594 2740
748 12541 588 2726
759 13142 597 2721
742 12866 573 2808
731 11992 603 2735
712 12192 594 2741
748 13220 603 2692
703 12419 595 2749
704 11700 605 2716
731 11992 603 2735
722 12034 594 2740
703 12576 594 2753
707 12214 594 2740
775 13205 609 2694
704 11700 605 2716
732 12846 594 2728
733 12408 594 2736
731 11992 603 2735
748 13220 603 2692
713 12868 571 2797
712 12169 594 2748
712 12169 594 2748
712 12169 594 2748
687 11609 619 2798
687 11609 619 2798
880 15156 606 2689
845 14174 564 2780
739 12864 661 2666
716 12224 662 2716
703 11726 622 2761
691 12352 581 2831
686 12382 611 2772
829 14047 639 2679
841 14730 620 2683
807 13766 564 2819
805 14548 603 2694
763 13661 571 2790
811 13405 578 2800
789 13432 660 2687
821 13937 600 2690
758 12989 648 2702
755 12832 630 2710
749 13205 580 2783
702 12441 631 2738
807 13512 574 2780
726 12132 598 2753
776 12603 590 2773
758 12989 648 2702
793 13403 609 2685
778 13267 609 2694
772 13058 614 2702
740 12768 584 2797
746 13095 593 2766
703 12072 597 2764
688 12265 653 2797
718 11928 605 2737
707 12371 594 2747
739 12864 661 2666
694 12223 592 2771
703 11792 608 2727
690 12001 603 2753
704 12350 605 2717
764 13151 588 2731
713 12635 590 2822
766 13629 608 2708
776 13369 603 2697
713 12635 590 2822
762 13368 619 2709
735 13056 601 2744
688 12265 653 2797
731 12194 603 2744
691 12352 581 2831
692 11905 608 2745
769 12679 603 2735
769 13611 576 2757
766 12823 588 2726
730 12323 594 2759
814 13274 630 2693
764 13151 588 2731
814 13274 630 2693
741 13083 600 2744
762 13368 619 2709
769 13611 576 2757
738 12749 602 2714
738 12749 602 2714
737 13162 583 2727
686 12382 611 2772
716 12224 662 2716
726 12320 605 2716
730 12323 594 2759
697 12398 631 2740
697 12398 631 2740
697 12398 631 2740
769 13611 576 2757
702 12441 631 2738
737 13162 583 2727
766 12823 588 2726
704 12350 605 2717
776 12603 590 2773
697 12398 631 2740
726 12320 605 2716
856 14361 564 2780
739 12869 661 2666
722 12344 662 2716
703 11836 619 2793
701 12541 581 2844
693 12075 618 2766
758 13003 648 2702
827 13553 575 2787
820 14225 606 2698
787 13966 573 2790
802 13576 609 2685
701 11975 638 2771
799 13712 623 2692
766 13228 584 2764
748 13019 594 2750
778 13938 586 2756
810 13545 624 2701
792 12748 612 2724
753 12630 630 2721
696 12453 615 2770
766 13448 619 2709
715 12635 620 2719
808 13813 602 2727
781 13777 579 2766
752 13322 604 2717
804 13283 588 2737
771 13946 588 2748
793 13778 591 2728
711 12205 609 2758
706 12201 630 2740
701 12446 628 2752
768 12746 619 2726
705 12319 600 2772
721 12834 606 2717
736 12485 605 2732
800 13556 596 2729
726 12097 604 2763
708 12297 599 2784
704 11972 630 2753
707 12246 606 2767
739 12620 601 2747
784 13787 583 2745
767 13318 593 2730
726 12093 629 2735
709 12343 620 2748
793 12859 599 2736
731 12432 601 2748
726 12373 630 2732
710 12449 607 2750
733 12381 606 2731
708 12419 594 2755
784 13787 583 2745
722 12344 662 2716
803 13505 630 2706
803 13505 630 2706
711 12381 609 2755
705 12436 629 2752
726 12373 630 2732
722 12344 662 2716
722 12344 662 2716
870 14725 577 2785
861 15326 590 2771
805 14056 573 2799
777 13891 670 2666
741 11990 650 2771
735 12275 684 2737
711 12730 581 2844
698 12301 632 2797
833 13633 630 2693
784 13709 589 2825
751 13148 662 2702
811 14379 594 2741
723 12655 597 2760
708 12258 670 2785
828 14292 588 2798
806 13776 609 2685
805 13910 609 2685
793 14214 593 2758
700 12441 622 2812
732 12391 608 2782
756 13074 602 2755
735 12275 684 2737
820 13867 603 2733
791 13413 617 2731
718 12910 622 2730
813 13515 630 2706
718 12181 653 2756
714 12215 643 2753
764 13630 604 2721
745 13048 639 2722
701 12145 619 2799
711 12207 664 2790
813 13929 597 2740
775 13368 592 2782
752 13517 608 2720
789 13561 590 2793
752 13357 622 2728
720 12457 608 2751
745 12598 605 2756
778 12961 618 2729
721 13024 608 2745
805 13238 608 2736
711 12230 633 2798
744 12705 640 2721
813 13562 590 2784
720 12457 608 2751
744 12705 640 2721
891 16074 597 2777
821 13956 609 2685
805 14061 573 2799
752 12309 634 2833
746 12728 660 2725
703 12679 635 2855
800 13727 590 2801
847 14016 605 2773
801 13459 636 2730
754 13062 608 2750
741 12682 619 2776
783 13901 601 2836
785 13910 612 2721
832 13633 630 2706
797 13137 624 2731
796 12931 605 2787
779 13098 605 2791
821 13956 609 2685
790 14025 605 2735
832 13633 630 2706
832 13633 630 2706
872 14763 612 2714
832 13638 630 2706
830 14296 612 2766
804 13169 645 2738
827 13875 643 2756
843 14118 617 2715
851 14012 617 2708
836 13757 634 2739
847 15598 645 2742
855 14762 541 2723
821 13705 527 2729
769 12849 582 2651
717 12592 634 2662
672 10808 603 2784
643 11244 606 2775
773 13961 539 2759
694 11935 616 2668
732 12991 576 2670
718 12429 590 2652
716 12703 606 2688
661 11407 615 2736
654 11306 569 2765
753 12982 585 2697
744 12648 568 2701
662 11562 559 2723
667 11134 583 2715
682 11596 583 2709
659 11566 551 2720
672 10845 612 2779
661 11823 548 2706
643 11244 606 2775
672 11898 583 2699
728 12894 542 2780
728 12894 542 2780
718 11778 583 2698
728 12894 542 2780
799 13857 583 2681
776 13972 539 2759
752 13295 603 2659
684 11588 551 2787
676 11543 642 2735
672 10854 612 2779
645 11284 606 2775
699 12261 621 2671
730 12444 604 2668
700 11622 574 2759
734 12787 594 2683
746 13254 542 2780
683 11985 583 2699
700 11868 603 2740
666 11913 548 2706
759 11755 590 2753
754 13410 585 2695
666 11913 548 2706
775 13054 601 2680
765 13372 590 2689
771 12911 585 2694
676 11543 642 2735
688 11882 594 2738
674 11582 615 2745
667 11564 600 2746
685 11528 615 2747
776 13972 539 2759
685 11528 615 2747
676 11543 642 2735
774 13384 613 2665
733 12697 631 2694
672 10857 612 2779
671 11947 553 2818
668 12004 548 2706
655 11484 606 2775
727 12843 625 2676
686 11940 580 2711
752 13325 615 2666
702 11918 564 2761
748 13164 604 2676
734 12943 594 2683
691 11669 606 2752
674 11603 615 2745
702 11918 564 2761
683 12004 583 2699
683 11808 600 2746
734 12943 594 2683
683 12004 583 2699
681 11577 615 2747
681 11928 551 2775
683 12004 583 2699
788 13846 613 2665
741 12932 646 2678
696 12513 548 2715
676 11079 621 2790
663 11622 619 2811
663 11622 619 2811
770 13347 569 2706
728 12285 555 2775
761 12879 631 2694
742 13134 594 2688
683 12017 583 2699
761 12731 559 2713
787 13289 571 2711
698 11546 612 2779
680 12194 560 2750
741 13221 636 2698
714 12412 571 2732
753 13344 615 2666
752 13271 594 2683
670 11703 606 2775
705 12055 569 2758
701 11950 597 2768
688 12104 569 2765
674 11639 615 2745
718 12267 576 2725
711 12239 571 2740
713 12369 576 2721
745 13213 625 2676
688 11982 600 2725
670 11703 606 2775
699 11915 600 2746
745 13213 625 2676
703 11938 564 2761
709 12272 576 2727
703 11938 564 2761
698 11965 578 2781
698 11546 612 2779
698 11965 578 2781
710 11856 612 2774
710 11856 612 2774
745 13213 625 2676
713 12369 576 2721
699 11915 600 2746
663 11622 619 2811
745 13213 625 2676
703 11938 564 2761
703 11938 564 2761
808 14025 613 2665
807 14044 613 2665
807 14044 613 2665
741 12831 548 2736
698 11556 612 2779
684 11577 669 2801
683 11906 628 2847
677 11911 619 2813
791 13993 613 2667
690 12144 583 2699
798 13507 571 2713
765 13420 551 2715
760 13515 646 2669
759 13258 626 2691
755 13533 625 2676
688 12407 596 2784
729 12914 551 2775
732 12764 556 2808
680 12046 642 2797
684 11577 669 2801
752 13303 594 2683
701 12092 630 2771
727 12363 564 2761
722 12664 562 2724
722 11805 609 2820
710 11963 628 2756
716 12116 615 2747
694 12113 606 2769
684 11832 628 2840
716 12480 581 2730
729 12502 568 2759
712 12740 560 2768
763 13407 625 2676
722 11805 609 2820
752 13303 594 2683
679 11843 638 2844
711 12780 562 2731
679 11843 638 2844
677 11911 619 2813
698 11556 612 2779
807 14044 613 2665
698 12126 569 2765
765 12387 581 2729
683 11906 628 2847
765 12387 581 2729
698 11556 612 2779
755 13533 625 2676
698 12126 569 2765
807 14044 613 2665
698 11556 612 2779
684 11577 669 2801
684 11577 669 2801
684 11577 669 2801
684 11577 669 2801
839 14041 562 2723
808 14061 613 2665
792 14131 563 2764
763 13542 551 2775
694 12101 628 2838
684 11579 669 2801
679 11936 635 2835
793 14009 615 2673
699 11770 621 2790
754 13330 660 2684
696 12382 583 2699
729 12458 564 2761
779 12670 568 2757
697 11955 623 2831
731 11656 631 2800
691 11923 646 2818
773 13814 564 2720
807 13687 571 2713
741 12101 646 2769
803 13314 642 2692
707 12333 612 2711
684 11579 669 2801
708 11859 633 2786
803 13689 566 2738
718 12152 600 2725
786 13244 568 2746
715 12356 585 2703
708 12154 606 2797
744 12948 556 2817
752 12813 562 2813
722 11937 626 2786
790 13096 568 2744
713 12332 603 2700
756 12269 595 2716
792 13724 564 2753
744 12984 565 2757
765 13379 606 2686
761 13219 556 2808
764 13473 563 2777
765 13613 625 2676
752 13368 594 2692
761 13219 556 2808
752 12813 562 2813
694 12336 585 2719
765 13613 625 2676
694 12101 628 2838
757 13507 595 2688
712 12205 623 2722
773 13438 571 2723
694 12232 592 2727
784 13489 621 2684
694 12232 592 2727
740 13119 571 2725
707 12208 569 2768
779 13499 567 2744
691 12231 639 2715
791 13699 571 2718
738 12956 556 2817
744 12948 556 2817
691 12231 639 2715
784 13489 621 2684
738 12956 556 2817
765 13613 625 2676
694 12232 592 2727
694 12232 592 2727
823 14365 613 2665
820 14384 580 2714
766 13606 551 2775
701 12328 658 2834
684 11596 669 2801
807 14112 625 2691
749 13136 556 2817
771 13914 639 2694
711 11813 643 2808
790 13099 568 2746
755 13321 572 2781
818 14353 564 2745
717 12210 646 2736
701 12321 662 2793
764 12931 564 2790
703 12138 621 2807
708 12408 636 2708
768 13383 576 2758
780 13568 583 2721
763 12481 612 2701
723 12857 583 2744
723 12280 599 2765
731 12293 593 2769
748 12288 614 2727
752 13465 577 2749
708 12405 606 2766
766 13606 551 2775
784 12737 568 2757
738 13200 585 2708
739 12230 644 2722
704 12440 590 2719
725 12337 612 2752
784 13464 571 2723
739 12702 585 2706
694 12357 621 2804
720 12235 612 2771
702 12273 618 2747
695 12595 619 2774
733 12229 640 2735
695 12595 619 2774
735 12434 585 2727
771 13525 571 2732
733 12287 639 2717
717 12478 589 2718
771 13525 571 2732
731 12425 615 2745
712 12662 606 2699
739 12421 598 2714
712 12395 609 2758
727 12462 624 2714
710 12761 610 2718
712 12662 606 2699
727 12462 624 2714
766 13606 551 2775
713 12374 586 2750
710 12761 610 2718
715 12362 597 2750
701 12468 620 2757
715 12362 597 2750
694 12357 621 2804
713 12374 586 2750
694 12357 621 2804
784 13464 571 2723
766 13606 551 2775
715 12362 597 2750
694 12357 621 2804
715 12362 597 2750
809 13646 555 2788
806 14276 571 2723
784 13990 551 2775
758 12587 676 2717
753 12260 651 2772
717 12726 606 2699
716 12302 637 2830
699 12887 663 2801
800 13827 569 2781
788 13434 583 2754
757 13103 585 2766
790 13730 576 2728
708 12444 604 2794
769 13507 556 2817
754 13238 599 2739
746 12709 615 2715
765 13365 590 2706
784 13670 578 2757
721 12330 614 2812
761 13001 603 2722
711 12511 599 2819
774 12317 631 2788
713 12357 635 2801
737 12441 626 2734
728 12470 621 2768
726 12710 620 2730
782 12957 590 2741
719 12591 652 2723
738 12390 612 2777
771 12982 596 2716
738 12608 611 2731
784 13990 551 2775
795 13566 571 2737
758 12587 676 2717
777 12895 589 2745
721 12555 594 2742
734 12703 629 2733
718 12510 665 2721
756 13346 587 2743
717 12726 606 2699
750 12970 590 2741
795 13566 571 2737
740 12601 606 2732
777 12895 589 2745
708 12576 664 2726
803 13580 578 2727
769 13507 556 2817
809 13646 555 2788
766 12896 592 2723
740 12584 621 2733
734 12703 629 2733
756 13346 587 2743
710 12549 606 2741
742 13404 590 2736
766 12896 592 2723
739 12555 629 2727
714 12487 611 2741
742 13404 590 2736
803 13580 578 2727
718 12510 665 2721
718 12510 665 2721
784 13990 551 2775
739 12555 629 2727
742 13404 590 2736
714 12487 611 2741
742 13404 590 2736
719 12591 652 2723
718 12510 665 2721
719 12591 652 2723
784 13990 551 2775
719 12591 652 2723
714 12487 611 2741
714 12487 611 2741
845 14656 598 2707
789 14090 551 2775
776 12520 607 2799
720 12786 606 2699
719 12642 621 2844
719 12555 665 2721
741 12711 654 2727
819 13258 602 2730
768 13120 595 2794
790 13760 576 2779
775 13610 587 2842
796 13991 571 2746
730 12579 600 2748
809 14300 587 2733
782 12993 589 2745
772 13442 597 2737
797 14321 590 2736
799 13667 592 2725
783 13530 597 2714
741 12711 654 2727
794 14295 595 2722
724 12703 606 2777
822 13810 647 2711
800 14008 600 2812
793 14152 551 2775
786 13751 654 2705
756 13525 662 2735
737 12838 625 2756
721 12856 606 2767
819 14136 585 2754
766 13369 630 2726
761 13836 602 2798
765 12955 616 2749
770 13914 604 2757
768 13576 636 2716
764 13018 601 2766
814 14149 606 2717
764 13000 606 2729
843 15087 586 2782
812 14196 563 2794
805 14179 613 2753
791 14173 658 2757
770 12946 632 2765
744 13376 632 2778
797 13886 607 2789
760 13231 627 2759
770 13394 611 2773
804 14102 609 2767
834 14047 667 2779
824 14570 585 2876
811 14136 618 2777
821 14458 660 2827
851 14875 547 2652
771 13427 533 2748
700 11862 621 2670
677 10928 606 2767
649 11396 600 2816
837 14661 541 2736
791 13248 601 2672
773 13688 548 2707
754 12389 589 2693
670 11514 553 2753
714 12714 615 2669
759 13468 560 2706
727 12587 565 2681
692 11097 602 2773
684 11648 583 2746
664 12032 568 2713
699 12518 547 2792
651 11282 600 2807
731 12770 550 2707
653 11117 609 2672
715 12534 578 2711
682 11813 594 2727
676 11430 595 2703
667 11765 568 2733
729 12617 548 2739
722 12897 547 2783
702 12218 550 2728
709 11791 580 2704
683 12183 580 2697
656 11323 571 2769
759 12221 571 2709
660 11290 593 2747
759 12247 571 2700
759 12221 571 2709
722 12897 547 2783
722 12897 547 2783
722 12897 547 2783
660 11290 593 2747
722 12897 547 2783
860 15585 626 2664
741 13028 547 2783
693 11250 606 2767
659 11603 629 2721
651 11436 600 2816
651 11436 600 2816
796 14086 553 2735
772 13058 565 2699
668 11573 600 2814
786 13396 605 2682
779 13540 551 2745
766 12815 626 2670
683 11979 580 2749
739 12926 573 2690
668 11910 600 2772
759 13680 559 2709
743 13349 571 2714
725 12380 557 2760
669 11519 595 2761
681 11658 593 2747
750 12755 621 2675
746 13332 560 2715
705 12162 577 2727
696 12353 609 2705
674 12079 617 2710
741 13212 615 2678
739 12926 573 2690
714 12577 585 2704
720 11834 603 2703
666 11677 628 2724
718 12081 612 2680
686 12167 591 2730
715 12309 571 2758
718 12241 621 2679
759 13680 559 2709
713 12379 588 2725
675 11529 562 2763
693 12002 591 2740
704 12044 553 2764
731 12757 573 2707
695 11587 601 2719
676 11968 614 2714
747 12442 626 2672
748 12617 571 2700
698 12103 586 2733
728 12043 587 2707
775 12541 571 2709
661 11589 628 2742
706 12396 559 2729
694 11674 620 2728
693 11250 606 2767
694 11960 602 2721
668 11910 600 2772
690 11995 603 2729
687 12067 606 2727
675 11838 616 2714
704 12042 615 2702
696 11458 615 2754
714 12269 588 2726
698 12103 586 2733
696 11458 615 2754
687 11534 620 2735
703 12295 595 2722
693 11250 606 2767
661 11589 628 2742
703 12368 606 2709
718 12241 621 2679
703 12295 595 2722
706 12396 559 2729
693 11250 606 2767
687 11534 620 2735
693 11250 606 2767
739 12926 573 2690
687 12067 606 2727
739 12926 573 2690
739 12926 573 2690
790 13915 559 2724
784 14441 562 2726
766 12822 626 2672
746 13301 547 2796
704 11470 606 2767
686 12351 640 2723
683 11669 593 2820
664 11778 600 2816
769 13404 553 2783
741 13232 615 2678
738 12489 633 2684
723 12681 560 2804
702 11694 620 2735
667 11711 600 2816
676 12147 629 2758
672 11801 609 2766
776 12542 571 2709
760 12385 612 2697
750 13276 556 2765
684 12265 595 2783
717 12773 587 2710
688 11562 601 2779
726 12863 568 2751
763 13365 573 2690
755 13071 626 2695
686 12180 574 2794
690 12103 589 2755
770 12693 599 2704
677 12049 574 2796
696 11472 606 2767
707 12330 616 2714
692 12139 618 2715
739 12964 559 2729
763 13057 626 2694
738 12611 559 2744
705 12749 640 2714
689 11968 597 2789
731 12492 590 2727
749 12890 617 2702
720 12504 571 2741
754 12629 580 2708
701 12427 614 2723
691 11624 571 2766
700 11581 585 2774
749 13313 603 2697
696 12345 591 2730
689 11968 597 2789
700 11581 585 2774
696 12402 580 2764
703 12369 606 2720
699 11889 617 2762
766 12822 626 2672
731 12573 608 2703
724 12355 633 2686
764 12839 626 2672
708 12234 582 2746
699 11889 617 2762
725 12196 580 2752
713 12674 587 2728
712 12076 582 2765
729 12720 566 2782
754 12883 583 2703
788 13323 565 2699
687 11996 618 2719
721 12254 601 2741
788 13323 565 2699
730 12074 593 2727
710 12453 606 2719
720 12215 580 2752
729 12720 566 2782
755 12749 580 2704
724 12392 577 2729
724 12392 577 2729
766 12822 626 2672
726 12001 601 2719
788 13323 565 2699
766 12856 571 2710
713 12674 587 2728
708 12234 582 2746
726 12001 601 2719
705 12749 640 2714
724 12355 633 2686
720 12215 580 2752
724 12355 633 2686
788 13323 565 2699
726 12001 601 2719
724 12355 633 2686
724 12355 633 2686
689 11968 597 2789
689 11968 597 2789
806 13735 585 2692
779 13604 553 2783
766 12870 626 2672
734 13294 567 2834
725 11568 615 2771
696 12013 675 2764
671 11954 600 2816
704 12255 654 2716
681 12137 574 2796
793 13418 565 2699
678 11906 600 2816
696 12013 675 2764
717 12838 640 2712
724 11795 606 2783
758 13399 581 2740
753 13577 565 2737
751 12948 633 2686
752 13290 564 2818
770 13235 559 2729
782 12482 620 2700
800 13223 573 2727
787 12802 568 2749
734 13294 567 2834
692 12262 638 2735
745 13248 615 2678
779 13604 553 2783
740 13043 587 2733
731 12688 599 2728
697 11926 600 2794
694 11917 620 2775
744 12631 622 2712
763 12886 580 2750
724 12355 633 2690
733 12585 624 2713
762 13006 559 2770
745 12426 586 2749
769 12978 603 2704
761 12676 590 2709
760 12385 612 2710
747 13217 629 2707
707 12069 629 2723
759 13159 586 2733
713 12392 592 2733
752 13321 599 2724
770 12782 599 2704
764 12677 571 2766
706 11868 620 2735
705 12909 640 2714
720 12217 616 2760
724 11795 606 2783
753 12821 631 2707
712 12153 628 2719
711 12162 620 2734
733 12531 585 2761
738 12339 580 2752
709 12245 602 2761
770 12782 599 2704
720 12217 616 2760
722 12073 622 2721
697 12527 589 2755
701 12449 616 2726
714 12301 620 2717
697 12527 589 2755
734 12428 614 2719
764 13015 629 2704
738 12339 580 2752
721 12350 582 2765
747 12363 614 2728
752 13028 610 2707
693 12391 574 2794
700 12195 580 2770
698 12104 630 2721
714 12155 595 2770
709 12245 602 2761
739 13022 603 2717
745 13161 586 2733
692 12262 638 2735
714 12397 616 2714
698 12104 630 2721
752 13290 564 2818
714 12182 626 2726
692 12427 589 2768
721 12469 581 2764
724 12174 594 2765
714 12397 616 2714
724 12174 594 2765
752 13028 610 2707
722 12073 622 2721
692 12427 589 2768
722 12073 622 2721
714 12155 595 2770
721 12350 582 2765
714 12182 626 2726
721 12469 581 2764
714 12155 595 2770
714 12155 595 2770
714 12182 626 2726
764 13015 629 2704
779 13604 553 2783
779 13604 553 2783
724 12174 594 2765
724 12174 594 2765
722 12073 622 2721
714 12182 626 2726
698 12104 630 2721
698 12104 630 2721
696 12013 675 2764
696 12013 675 2764
833 14281 599 2697
796 13807 559 2732
760 13421 635 2685
731 11935 606 2783
692 11965 661 2834
691 12644 600 2823
714 12074 608 2832
771 13330 631 2705
704 12176 620 2813
720 12867 604 2758
786 13862 567 2761
755 13761 643 2686
766 13487 576 2766
800 13946 624 2707
712 12298 613 2790
737 12426 580 2773
696 12517 650 2737
794 13941 566 2734
708 12482 628 2742
782 13305 626 2708
717 12346 594 2770
796 13614 592 2724
782 13640 572 2765
750 13166 654 2716
769 13186 648 2692
756 13016 599 2732
809 13667 585 2703
731 12723 615 2734
751 13112 591 2741
753 12813 622 2712
750 13306 589 2751
811 13485 599 2699
819 13405 626 2699
700 12587 589 2762
703 12458 577 2809
735 12834 602 2728
745 12799 613 2730
794 13659 611 2719
729 12547 596 2735
705 12377 638 2733
727 12211 585 2780
722 12731 637 2726
703 12459 577 2804
800 13946 624 2707
727 12211 585 2780
759 12753 588 2764
708 12418 599 2790
769 13186 648 2692
742 13144 599 2733
704 12257 654 2729
739 13419 567 2834
819 13405 626 2699
703 12459 577 2804
759 13169 586 2733
810 13183 626 2701
755 12737 626 2717
730 12414 626 2734
704 12257 654 2729
810 13183 626 2701
819 13405 626 2699
819 13405 626 2699
819 13405 626 2699
845 14578 583 2734
838 14851 572 2765
774 13226 648 2692
744 12729 687 2733
703 12459 577 2809
702 12689 595 2852
732 12995 625 2745
753 13137 588 2783
826 14291 626 2699
703 12459 577 2809
704 12667 589 2768
820 13720 593 2725
791 13856 623 2728
783 13352 633 2706
764 13326 638 2719
800 14172 622 2729
751 12584 577 2807
838 13445 625 2717
809 14039 612 2722
802 14027 579 2765
823 14064 604 2710
735 12860 602 2732
773 13351 647 2716
806 14231 611 2723
739 13352 583 2775
774 12516 629 2754
758 13407 626 2713
737 12592 628 2739
764 13159 593 2756
752 12831 592 2766
964 16215 599 2744
774 13235 648 2692
762 13554 669 2759
703 12563 577 2809
829 15295 619 2735
747 13068 597 2795
918 14834 608 2733
879 15945 623 2728
814 14381 584 2774
785 13392 633 2706
879 14915 618 2732
776 13929 586 2787
789 13448 627 2726
793 13745 590 2805
796 13684 609 2745
784 13365 642 2731
809 13688 594 2767
800 13642 585 2778
775 13412 606 2769
768 13266 622 2733
833 14452 611 2759
827 14774 636 2714
799 14364 615 2793
782 13290 657 2758
789 13628 629 2738
825 13855 612 2785
785 13856 648 2751
830 14747 634 2733
842 15043 646 2775
837 14376 654 2742
803 13787 660 2760
843 13543 523 2770
812 14191 580 2649
722 12692 622 2626
708 12086 551 2778
628 10425 603 2718
756 13045 529 2772
786 12845 589 2666
725 12174 611 2683
800 13882 537 2709
812 14191 580 2649
648 10988 591 2721
689 12359 555 2727
677 11403 557 2699
721 12595 571 2667
743 11771 546 2716
666 11651 594 2684
802 13652 560 2691
719 13066 554 2721
798 13517 584 2666
713 12449 543 2748
659 11586 584 2694
708 11172 617 2691
646 11201 587 2742
740 12479 536 2723
712 12507 534 2753
698 11656 586 2686
644 11305 564 2744
743 12510 563 2694
801 12779 567 2687
707 12661 583 2698
637 11199 564 2753
708 12382 568 2698
712 12507 534 2753
712 12507 534 2753
870 14682 558 2706
787 14211 542 2739
740 12970 604 2676
695 11790 626 2709
682 11270 576 2789
652 10937 603 2718
644 11339 564 2753
710 11263 573 2787
725 12514 550 2755
838 14266 549 2716
767 13562 566 2698
796 13231 571 2700
842 14174 551 2742
716 12168 600 2693
654 11387 594 2734
821 14073 560 2700
706 11834 615 2703
747 13091 586 2682
713 12563 604 2685
772 13777 542 2743
660 11326 588 2751
710 11780 617 2711
763 12966 582 2696
819 13929 560 2713
689 12396 555 2727
740 12566 571 2720
779 13284 563 2694
695 12206 594 2690
693 11976 573 2703
794 13744 582 2689
674 11712 604 2714
702 12369 557 2723
657 11559 564 2744
754 13881 566 2712
681 12255 585 2723
749 12698 586 2686
690 11596 560 2751
665 11507 587 2742
721 12643 588 2689
689 11946 557 2727
679 11813 573 2735
758 12465 558 2715
717 12248 563 2726
689 12209 579 2703
665 11507 587 2742
779 13284 563 2694
712 12485 579 2700
725 12438 615 2688
749 12698 586 2686
725 12438 615 2688
840 14323 560 2700
749 13233 604 2676
719 12458 557 2753
708 12319 641 2707
686 11429 576 2783
652 10942 603 2718
809 13566 567 2707
664 11719 564 2766
840 14323 560 2700
714 11848 617 2711
708 12025 641 2709
735 12498 615 2688
770 13860 568 2709
697 11902 573 2735
788 12978 558 2715
749 13233 604 2676
668 11564 588 2751
674 12026 567 2748
741 12975 564 2728
729 12883 604 2685
715 12929 599 2709
695 12105 587 2742
726 12736 594 2699
705 12481 583 2727
729 11617 587 2777
703 12221 594 2715
721 12134 592 2717
735 12368 583 2704
758 12898 573 2718
714 12540 579 2714
722 12480 580 2712
734 12661 594 2710
770 13027 560 2744
770 13027 560 2744
732 12705 585 2706
749 12074 585 2716
756 12900 566 2750
756 12216 585 2707
729 11617 587 2777
776 12757 560 2728
667 11741 564 2753
714 11848 617 2711
776 12757 560 2728
773 12692 585 2700
729 11617 587 2777
773 12944 560 2728
728 12503 641 2700
728 12503 641 2700
773 12944 560 2728
729 11617 587 2777
856 14409 560 2700
850 14523 560 2700
779 13046 557 2770
750 13341 604 2676
728 12431 641 2707
701 11745 576 2783
654 10967 603 2718
815 14295 592 2703
768 13610 579 2724
744 12818 615 2688
738 12698 629 2695
675 11866 564 2773
681 12015 564 2755
737 11630 587 2777
709 12502 567 2754
795 13012 558 2715
741 12822 627 2700
738 12929 604 2685
776 14244 578 2728
759 12847 585 2709
728 12431 641 2707
777 13192 575 2719
701 12411 588 2749
749 13246 604 2681
703 11682 599 2767
776 12814 560 2737
739 12868 573 2742
722 12723 580 2738
679 12043 564 2766
756 12218 585 2716
714 12280 594 2715
714 12314 567 2749
740 12779 599 2713
733 12985 576 2739
776 14244 578 2728
734 12234 578 2743
720 12301 578 2740
724 12110 641 2709
782 12877 560 2728
740 12779 599 2713
724 12177 578 2750
737 11630 587 2777
679 12043 564 2766
729 11655 599 2775
737 12992 604 2685
724 12177 578 2750
782 12877 560 2728
714 12280 594 2715
729 11655 599 2775
776 14244 578 2728
679 12043 564 2766
734 12234 578 2743
728 12431 641 2707
679 12043 564 2766
782 12877 560 2728
782 12877 560 2728
776 14244 578 2728
724 12177 578 2750
679 12043 564 2766
782 12877 560 2728
782 12877 560 2728
782 12877 560 2728
782 12877 560 2728
782 12877 560 2728
782 12877 560 2728
782 12877 560 2728
782 12877 560 2728
776 14244 578 2728
776 14244 578 2728
724 12177 578 2750
679 12043 564 2766
867 14095 585 2725
795 13460 558 2854
776 14269 578 2728
753 13025 644 2697
749 13190 604 2685
657 11037 603 2718
657 11037 603 2718
809 13821 558 2845
693 11895 577 2805
727 12325 641 2709
770 12827 617 2695
657 11037 603 2718
716 12038 576 2783
759 13097 615 2697
679 12229 564 2766
778 13141 569 2741
762 12952 588 2739
740 12873 599 2713
747 11989 587 2777
738 12771 594 2717
764 13362 574 2746
769 12724 586 2723
723 12559 596 2733
705 12219 597 2756
693 12131 564 2760
773 13208 573 2748
696 12111 574 2774
722 12286 597 2715
735 12474 578 2750
751 12091 582 2756
788 12985 560 2728
739 13276 582 2748
787 14243 578 2728
732 12534 573 2752
731 12406 596 2716
681 12149 564 2773
724 12734 585 2742
776 14269 578 2728
788 12985 560 2728
681 12149 564 2773
729 12358 578 2755
729 12358 578 2755
739 13276 582 2748
787 14243 578 2728
823 14536 560 2777
800 13598 558 2854
749 13233 604 2685
727 12396 641 2709
657 11047 603 2718
700 12070 590 2814
804 14438 561 2755
793 13882 564 2730
689 12321 598 2801
738 12717 629 2715
813 13842 596 2728
738 12392 572 2847
755 12471 624 2715
689 12321 598 2801
740 12367 571 2771
720 12165 576 2779
756 13230 604 2685
713 12617 564 2777
745 12490 615 2717
778 13592 592 2734
700 12070 590 2814
745 12490 615 2717
710 12969 578 2786
782 12890 592 2744
784 14487 587 2723
749 13233 604 2685
756 13045 585 2742
710 12969 578 2786
789 13145 572 2733
774 13066 580 2759
765 12776 588 2748
733 12261 590 2760
764 13419 574 2753
764 13419 574 2753
733 12421 597 2737
742 12781 588 2761
762 12403 572 2764
735 12665 576 2764
725 12370 597 2756
774 13066 580 2759
786 14444 578 2728
739 13320 582 2748
735 12646 578 2764
734 12644 588 2762
786 14444 578 2728
749 13233 604 2685
739 13320 582 2748
739 13320 582 2748
739 13320 582 2748
713 12268 588 2764
725 12370 597 2756
713 12268 588 2764
755 13114 578 2761
734 12644 588 2762
755 13114 578 2761
749 13233 604 2685
713 12268 588 2764
863 15386 598 2725
803 13642 558 2854
791 13947 619 2685
663 11306 603 2718
660 11460 641 2768
660 11460 641 2768
748 12350 602 2806
713 12358 588 2773
842 14766 562 2786
832 14559 575 2732
728 12431 641 2709
803 13498 617 2693
815 14071 571 2750
662 11572 622 2782
812 13694 604 2685
662 11572 622 2782
785 13640 617 2706
755 13131 564 2795
743 12826 578 2768
795 13098 592 2748
810 13824 576 2736
741 12993 585 2795
745 12700 596 2766
776 13779 572 2785
798 13469 602 2739
799 13301 583 2760
782 12907 567 2779
805 13791 590 2738
769 13019 597 2752
779 13669 583 2749
777 13145 567 2788
728 12431 641 2709
766 13245 585 2742
748 13360 585 2757
757 12719 597 2754
759 12586 592 2764
766 13245 585 2742
761 12768 585 2788
759 12586 592 2764
782 12907 567 2779
748 13360 585 2757
777 13145 567 2788
759 12586 592 2764
759 12586 592 2764
903 15481 586 2736
823 14926 606 2697
810 13813 558 2854
810 13813 558 2854
754 12642 662 2717
674 11379 603 2718
667 11633 634 2750
717 12561 590 2830
667 11690 634 2743
845 14217 570 2787
805 13478 572 2816
760 13107 643 2709
854 13736 581 2785
668 11489 644 2823
794 13281 567 2834
735 12752 600 2785
796 13127 579 2849
811 13349 596 2759
750 13320 588 2773
769 13400 586 2772
818 14205 583 2784
810 13813 558 2854
774 13351 585 2742
838 14159 580 2737
667 11633 634 2750
772 13274 597 2745
838 14159 580 2737
794 13671 686 2712
778 13485 585 2742
762 13369 595 2862
686 11619 603 2718
667 11690 634 2752
678 11952 634 2739
786 13097 601 2796
685 12524 616 2819
685 12524 616 2819
678 11867 622 2791
679 11833 634 2743
678 11867 622 2791
678 11952 634 2739
863 14643 641 2718
819 14823 616 2721
783 13930 585 2742
703 11630 616 2753
686 11862 644 2807
684 11736 662 2776
799 13596 597 2774
752 12811 629 2721
709 12591 636 2722
687 12044 621 2803
688 11719 604 2784
789 13146 657 2718
738 13399 632 2724
695 12006 603 2725
688 12117 603 2764
691 11903 613 2746
697 11884 662 2761
794 13260 615 2724
770 12039 630 2727
768 13636 603 2744
757 12725 646 2723
729 12893 678 2727
713 11793 633 2769
691 12187 631 2817
688 12242 623 2792
703 11866 658 2753
744 13045 608 2727
694 11971 622 2791
746 12578 614 2739
753 12338 614 2753
721 12610 617 2751
766 12923 609 2725
711 12015 620 2729
718 12002 624 2753
858 14583 617 2731
825 13916 606 2763
760 12215 658 2780
731 12269 625 2739
763 12983 635 2735
750 13157 608 2736
786 12985 611 2736
781 12743 632 2736
760 12608 620 2737
793 13090 627 2789
792 14545 620 2774
869 14594 637 2776
