2832 4.73807
536 9104 523 2613
539 8908 523 2591
592 9825 533 2566
536 9104 523 2613
537 9025 524 2624
592 9825 533 2566
558 9202 524 2584
560 9570 524 2568
537 9041 523 2610
560 9570 524 2568
539 8908 523 2591
560 9570 524 2568
551 9286 523 2573
536 9105 523 2587
558 9202 524 2584
546 9221 523 2577
551 9286 523 2573
537 9025 524 2624
536 9104 523 2613
546 9221 523 2577
551 9286 523 2573
537 9025 524 2624
539 8908 523 2591
558 9202 524 2584
546 9221 523 2577
558 9202 524 2584
536 9104 523 2613
551 9286 523 2573
546 9221 523 2577
536 9104 523 2613
558 9202 524 2584
558 9202 524 2584
536 9104 523 2613
539 8908 523 2591
537 9025 524 2624
536 9104 523 2613
536 9104 523 2613
537 9025 524 2624
537 9025 524 2624
539 8908 523 2591
539 8908 523 2591
536 9105 523 2587
558 9202 524 2584
537 9025 524 2624
560 9570 524 2568
536 9104 523 2613
560 9570 524 2568
536 9104 523 2613
539 8908 523 2591
537 9025 524 2624
536 9104 523 2613
539 8908 523 2591
551 9286 523 2573
536 9104 523 2613
536 9104 523 2613
536 9104 523 2613
536 9104 523 2613
536 9104 523 2613
537 9025 524 2624
558 9202 524 2584
536 9104 523 2613
592 9825 533 2566
546 9221 523 2577
558 9202 524 2584
536 9104 523 2613
592 9825 533 2566
536 9104 523 2613
558 9202 524 2584
537 9025 524 2624
536 9104 523 2613
539 8908 523 2591
536 9104 523 2613
536 9104 523 2613
592 9825 533 2566
560 9570 524 2568
536 9104 523 2613
560 9570 524 2568
537 9041 523 2610
536 9104 523 2613
536 9104 523 2613
539 8908 523 2591
536 9104 523 2613
560 9570 524 2568
536 9104 523 2613
558 9202 524 2584
537 9025 524 2624
592 9825 533 2566
536 9104 523 2613
558 9202 524 2584
537 9025 524 2624
536 9104 523 2613
536 9104 523 2613
539 8908 523 2591
536 9104 523 2613
536 9104 523 2613
551 9286 523 2573
546 9221 523 2577
536 9104 523 2613
537 9025 524 2624
536 9104 523 2613
536 9104 523 2613
560 9570 524 2568
536 9104 523 2613
537 9025 524 2624
537 9025 524 2624
539 8908 523 2591
536 9105 523 2587
592 9825 533 2566
536 9104 523 2613
536 9104 523 2613
536 9104 523 2613
539 8908 523 2591
558 9202 524 2584
536 9104 523 2613
537 9041 523 2610
560 9570 524 2568
536 9104 523 2613
560 9570 524 2568
539 8908 523 2591
536 9104 523 2613
536 9104 523 2613
539 8908 523 2591
536 9104 523 2613
537 9025 524 2624
558 9202 524 2584
536 9104 523 2613
592 9825 533 2566
536 9104 523 2613
