2713 300.097
587 7815 587 2484
587 7815 587 2484
587 7815 587 2484
587 7815 587 2484
531 7265 523 2528
523 7281 523 2528
551 7441 551 2504
578 7659 578 2489
551 7441 551 2504
587 7815 587 2484
542 7344 542 2509
569 7564 569 2494
560 7508 560 2499
578 7659 578 2489
533 7339 533 2514
535 7328 533 2514
524 7368 524 2519
569 7564 569 2494
569 7564 569 2494
545 7265 524 2523
529 7292 524 2523
564 7493 560 2503
560 7500 560 2503
587 7815 587 2484
587 7815 587 2484
578 7659 578 2489
560 7500 560 2503
542 7344 542 2509
570 7501 560 2499
527 7309 523 2524
570 7501 560 2499
578 7659 578 2489
578 7659 578 2489
578 7659 578 2489
542 7344 542 2509
535 7328 533 2514
530 7303 524 2519
564 7493 560 2503
564 7493 560 2503
560 7500 560 2503
527 7309 523 2524
542 7344 542 2509
525 7350 524 2519
545 7265 524 2523
530 7303 524 2519
529 7292 524 2523
526 7320 523 2524
523 7281 523 2528
524 7299 524 2523
534 7329 533 2514
533 7339 533 2514
524 7368 524 2519
531 7265 523 2528
526 7320 523 2524
525 7350 524 2519
532 7275 523 2524
524 7299 524 2523
535 7267 524 2519
532 7275 523 2524
530 7278 524 2523
534 7329 533 2514
569 7564 569 2494
560 7508 560 2499
560 7500 560 2503
531 7270 524 2523
531 7278 524 2519
531 7270 524 2523
535 7267 524 2519
531 7265 523 2528
560 7500 560 2503
587 7815 587 2484
587 7815 587 2484
587 7815 587 2484
587 7815 587 2484
587 7815 587 2484
587 7815 587 2484
587 7815 587 2484
587 7815 587 2484
587 7815 587 2484
587 7815 587 2484
587 7815 587 2484
587 7815 587 2484
587 7815 587 2484
587 7815 587 2484
587 7815 587 2484
587 7815 587 2484
587 7815 587 2484
587 7815 587 2484
587 7815 587 2484
587 7815 587 2484
587 7815 587 2484
587 7815 587 2484
587 7815 587 2484
587 7815 587 2484
587 7815 587 2484
587 7815 587 2484
587 7815 587 2484
587 7815 587 2484
587 7815 587 2484
578 7659 578 2489
578 7659 578 2489
578 7659 578 2489
578 7659 578 2489
569 7564 569 2494
569 7564 569 2494
569 7564 569 2494
569 7564 569 2494
569 7564 569 2494
569 7564 569 2494
569 7564 569 2494
569 7564 569 2494
560 7500 560 2503
560 7500 560 2503
560 7500 560 2503
560 7500 560 2503
560 7500 560 2503
560 7500 560 2503
542 7344 542 2509
531 7265 523 2528
531 7265 523 2528
531 7265 523 2528
531 7265 523 2528
609 8304 524 2519
587 7816 587 2484
531 7270 523 2528
594 8257 524 2523
569 7568 569 2494
542 7344 542 2513
555 7505 551 2504
542 7345 542 2509
560 7503 560 2503
578 7673 578 2489
581 8042 523 2524
600 7991 560 2499
578 7659 578 2493
600 7991 560 2499
600 7991 560 2499
600 7991 560 2499
600 7991 560 2499
600 7991 560 2499
600 8000 560 2499
587 7837 587 2484
531 7284 523 2528
542 7428 542 2509
544 7395 542 2509
578 7682 578 2489
571 7688 551 2504
562 7535 560 2503
571 7590 569 2494
569 7650 569 2498
562 7535 560 2503
562 7535 560 2503
621 7860 587 2484
602 8150 560 2499
589 7898 587 2484
531 7286 523 2528
546 7408 542 2509
578 7688 578 2489
594 8093 551 2504
571 7628 569 2494
572 7600 569 2494
573 7631 560 2503
596 7879 587 2484
592 7882 587 2484
637 8887 551 2504
589 7920 587 2484
531 7291 523 2528
632 8335 560 2499
551 7427 542 2509
597 7892 587 2484
581 7783 569 2494
547 7449 542 2509
583 7640 560 2503
578 7731 578 2489
596 7714 578 2489
573 7659 560 2503
583 7640 560 2503
595 7905 587 2484
590 7919 587 2484
550 7442 542 2509
579 7719 578 2489
596 7903 587 2484
611 7901 587 2484
611 7901 587 2484
589 7932 587 2484
534 7313 523 2528
559 7589 542 2509
568 7562 542 2509
583 7673 560 2503
583 7827 569 2494
574 7767 560 2503
583 7790 578 2489
591 7931 587 2484
591 7931 587 2484
609 7935 587 2484
589 7957 587 2484
538 7352 523 2528
536 7375 523 2528
567 7780 542 2509
571 7565 542 2509
580 7786 560 2503
585 7884 569 2494
588 7784 560 2503
608 7831 569 2494
591 7835 578 2489
587 7899 578 2489
601 7841 569 2494
590 7940 587 2484
605 7886 569 2494
595 8024 569 2494
591 7941 587 2484
539 7361 523 2528
537 7395 523 2528
574 7923 542 2509
588 7791 560 2503
582 7883 542 2513
583 7845 560 2503
592 7837 578 2493
591 7904 578 2489
587 7967 569 2498
604 7949 569 2494
592 7884 578 2489
595 7924 569 2498
538 7365 523 2528
625 8246 542 2509
608 7948 587 2484
593 7957 587 2484
569 7386 523 2528
548 7508 523 2528
588 7796 560 2503
591 7937 578 2489
586 7904 560 2503
603 8132 569 2494
614 7974 569 2494
604 7876 587 2497
592 8001 569 2498
611 8062 569 2494
613 8016 569 2494
658 9501 542 2509
612 7953 587 2484
595 7985 587 2484
566 7526 523 2528
553 7704 523 2528
606 8051 569 2498
588 7800 560 2503
592 7943 578 2489
613 8020 569 2494
613 8020 569 2494
596 7963 587 2484
616 8114 569 2494
613 8159 569 2494
613 7961 587 2484
599 8039 587 2484
570 7649 523 2528
565 7808 523 2528
588 7810 560 2503
588 7810 560 2503
597 8069 578 2489
601 7958 578 2489
603 7992 587 2484
613 8158 569 2498
602 8017 587 2484
641 8135 569 2494
629 7996 587 2484
617 8393 569 2494
601 7991 601 2491
594 7903 560 2503
571 8050 523 2528
593 7972 560 2503
608 8324 587 2484
616 8215 569 2498
620 7977 578 2489
605 8067 578 2489
614 8109 587 2484
619 8144 569 2494
619 8028 587 2484
610 8136 587 2484
617 8044 578 2489
630 8082 587 2484
617 8617 569 2494
601 8042 601 2491
595 7922 560 2503
594 8174 523 2528
594 8080 560 2503
624 8229 569 2494
611 8170 587 2484
617 8496 569 2498
605 8069 578 2489
620 8496 569 2494
645 8286 569 2496
639 8101 587 2484
623 8087 587 2497
622 8524 569 2494
607 8430 523 2541
598 7945 560 2503
596 8440 523 2528
634 8364 569 2494
612 8214 587 2488
631 8207 578 2489
613 8239 578 2489
628 8180 587 2484
627 8227 578 2489
626 8389 569 2494
623 8498 569 2494
627 8206 587 2484
613 8213 587 2484
651 8175 587 2484
629 8754 569 2494
615 8302 587 2484
609 8488 523 2528
601 7971 560 2503
600 8157 560 2508
634 8382 569 2498
646 8106 587 2497
645 8406 569 2494
632 8542 569 2494
649 8209 578 2498
613 8303 578 2489
625 8270 578 2489
612 8235 587 2488
619 8258 587 2484
693 8198 587 2484
630 8777 569 2494
626 8495 523 2528
623 8403 587 2484
606 8151 560 2503
648 8291 578 2489
645 8475 569 2494
616 8354 578 2489
642 8524 569 2498
634 8624 569 2494
633 8724 569 2494
616 8324 578 2502
639 8585 569 2494
622 8325 587 2488
627 8346 578 2489
626 8296 587 2484
677 8323 578 2489
666 9185 523 2528
638 8317 587 2484
632 8190 560 2503
626 8413 587 2484
609 8308 560 2503
646 8607 569 2494
627 8555 578 2493
646 8513 569 2498
650 8490 569 2494
651 8365 578 2489
628 8532 578 2489
651 8365 578 2489
650 8524 578 2489
651 8365 578 2489
651 8365 578 2489
684 8331 599 2491
662 9032 560 2503
646 8452 587 2484
634 8790 578 2502
668 8436 587 2493
651 8819 569 2494
641 8565 581 2501
667 8878 560 2503
638 8492 587 2484
642 8634 578 2489
654 8666 569 2494
660 8457 578 2489
654 8561 578 2489
640 8588 578 2502
659 8482 578 2489
663 8610 569 2494
654 8561 578 2489
682 8688 569 2494
656 8726 569 2494
650 8794 578 2489
647 8462 587 2484
639 8551 587 2484
663 8623 578 2489
677 8696 569 2494
667 8711 569 2494
654 8781 578 2489
669 8478 587 2484
663 8862 569 2494
656 8866 578 2489
639 8572 587 2484
664 8771 578 2489
647 8510 587 2484
672 8866 578 2489
663 8864 569 2494
656 8963 578 2489
648 8512 587 2484
639 8645 587 2484
680 8930 569 2494
678 8521 587 2484
661 9179 578 2502
640 8649 587 2484
662 9009 578 2489
675 9083 569 2494
657 8557 587 2484
691 9517 569 2494
686 8675 587 2484
648 9063 587 2497
666 9075 578 2489
689 9054 578 2489
654 8865 587 2484
660 8776 587 2484
712 8861 587 2484
685 9135 578 2489
671 9305 578 2502
656 8950 587 2484
699 9255 578 2489
676 8992 587 2484
660 9098 587 2497
661 9044 587 2488
704 9484 578 2489
704 9484 578 2489
681 9118 587 2484
663 9062 590 2496
663 9062 590 2496
660 9141 587 2497
669 9093 587 2497
663 9062 590 2496
669 9103 587 2497
668 9065 590 2496
712 9417 590 2496
740 9570 590 2496
587 7814 587 2484
587 7814 587 2484
587 7814 587 2484
587 7814 587 2484
532 7261 523 2528
532 7261 523 2528
532 7261 523 2528
523 7281 523 2528
551 7441 551 2504
569 7564 569 2494
560 7507 560 2499
551 7441 551 2504
569 7564 569 2494
578 7660 578 2489
587 7657 578 2491
534 7329 533 2514
533 7339 533 2514
587 7814 587 2484
560 7507 560 2499
578 7660 578 2489
542 7344 542 2509
571 7491 560 2499
578 7658 578 2491
530 7278 524 2523
531 7278 524 2519
542 7344 542 2509
524 7368 524 2519
587 7814 587 2484
587 7814 587 2484
570 7500 560 2499
542 7344 542 2509
526 7320 523 2524
542 7344 542 2509
535 7267 524 2519
524 7299 524 2523
536 7265 524 2523
542 7344 542 2509
578 7658 578 2491
526 7320 523 2524
527 7309 523 2524
525 7350 524 2519
578 7660 578 2489
529 7292 524 2523
529 7292 524 2523
524 7368 524 2519
571 7491 560 2499
570 7500 560 2499
524 7299 524 2523
530 7303 524 2519
527 7309 523 2524
525 7350 524 2519
533 7339 533 2514
535 7267 524 2519
523 7281 523 2528
534 7329 533 2514
570 7500 560 2499
570 7500 560 2499
536 7265 524 2523
532 7261 523 2528
531 7265 523 2528
535 7328 533 2514
532 7275 523 2524
531 7270 524 2523
532 7261 523 2528
531 7265 523 2528
530 7303 524 2519
532 7275 523 2524
531 7270 524 2523
578 7660 578 2489
587 7657 578 2491
535 7328 533 2514
587 7814 587 2484
587 7814 587 2484
587 7814 587 2484
587 7814 587 2484
587 7814 587 2484
587 7814 587 2484
587 7814 587 2484
587 7814 587 2484
587 7814 587 2484
587 7814 587 2484
587 7814 587 2484
587 7814 587 2484
587 7814 587 2484
587 7814 587 2484
587 7814 587 2484
587 7814 587 2484
587 7814 587 2484
587 7814 587 2484
587 7814 587 2484
587 7814 587 2484
587 7814 587 2484
587 7814 587 2484
587 7814 587 2484
587 7814 587 2484
587 7814 587 2484
587 7814 587 2484
587 7814 587 2484
587 7814 587 2484
587 7814 587 2484
587 7814 587 2484
587 7814 587 2484
587 7814 587 2484
587 7657 578 2491
578 7660 578 2489
578 7660 578 2489
578 7660 578 2489
571 7491 560 2499
571 7491 560 2499
570 7500 560 2499
570 7500 560 2499
560 7507 560 2499
560 7507 560 2499
560 7507 560 2499
560 7507 560 2499
542 7344 542 2509
542 7344 542 2509
542 7344 542 2509
542 7344 542 2509
542 7344 542 2509
542 7344 542 2509
542 7344 542 2509
532 7261 523 2528
532 7261 523 2528
532 7261 523 2528
532 7261 523 2528
532 7261 523 2528
532 7261 523 2528
633 8725 524 2523
587 7833 587 2484
535 7271 523 2528
594 8102 533 2514
542 7368 542 2509
579 8027 551 2504
560 7526 560 2499
570 7507 560 2499
591 8067 533 2518
578 7667 578 2489
584 7720 569 2494
587 7663 578 2491
592 7709 569 2494
583 7665 578 2491
690 9152 533 2514
587 7844 587 2484
538 7349 523 2528
648 8496 533 2518
616 8497 533 2518
545 7373 542 2509
625 8111 551 2504
565 7554 560 2499
578 7692 578 2489
592 8205 551 2504
573 7514 560 2501
584 7888 569 2494
591 7879 569 2494
587 7664 578 2491
594 8121 551 2504
571 7527 560 2499
583 7684 578 2491
645 8788 533 2518
587 7892 587 2484
538 7362 523 2528
626 8261 551 2504
589 7849 587 2484
614 8248 569 2494
559 7426 542 2509
626 8088 569 2494
573 7535 560 2503
578 7709 578 2489
567 7680 560 2499
589 7688 578 2491
549 7437 542 2509
568 7622 560 2499
619 8120 569 2494
547 7448 542 2509
579 7706 578 2489
549 7437 542 2509
679 9009 533 2518
592 7870 587 2484
587 7921 587 2484
548 7378 523 2528
632 8358 551 2504
548 7482 542 2509
614 8308 569 2494
621 8142 569 2494
578 7730 578 2489
573 7668 560 2499
574 7640 560 2499
592 7699 578 2491
589 7891 587 2484
680 9463 533 2518
592 7931 587 2484
549 7379 523 2528
648 9024 551 2504
623 8514 569 2494
643 8333 569 2496
553 7506 542 2509
649 8437 551 2504
591 7644 560 2499
662 8377 569 2494
597 7870 587 2484
550 7512 542 2509
582 7729 560 2499
607 7783 578 2491
578 7886 560 2499
596 7787 578 2489
581 7853 578 2489
607 7783 578 2491
583 7818 578 2489
607 7783 578 2491
729 9104 551 2508
652 9119 551 2504
593 7939 587 2484
563 7519 542 2509
550 7594 523 2528
665 8439 569 2494
551 7541 542 2509
635 8570 569 2498
581 8065 560 2499
607 7885 587 2484
582 7732 560 2499
602 7792 578 2491
638 8524 569 2494
607 7791 578 2491
590 7946 578 2489
650 7888 578 2489
600 7910 578 2489
591 7917 578 2489
704 9172 551 2508
693 9299 551 2504
596 7953 587 2484
563 7530 542 2509
559 7764 523 2528
558 7571 542 2509
661 8874 569 2494
605 7815 578 2491
584 7754 560 2499
659 9279 569 2498
682 9209 551 2508
592 7943 578 2489
596 7923 578 2489
703 9675 551 2508
596 7975 587 2484
580 7815 523 2528
563 7532 542 2509
562 7668 542 2509
673 8935 569 2494
670 9127 569 2498
616 7955 578 2489
590 7824 560 2501
593 7962 578 2489
585 7947 560 2499
612 7872 560 2499
716 9713 551 2508
703 9896 551 2508
618 7975 587 2484
614 7965 590 2496
588 7866 523 2528
569 7569 542 2509
567 7623 542 2509
587 8095 560 2499
687 9265 569 2496
640 7940 569 2505
689 9266 569 2494
593 7967 578 2489
596 7988 587 2484
590 7949 560 2499
689 9285 569 2494
626 7989 587 2484
606 8230 523 2528
600 8001 587 2484
573 7701 542 2509
595 8073 560 2499
602 7957 560 2499
597 7978 578 2489
596 8030 578 2489
596 8013 560 2499
702 9295 569 2494
700 9370 569 2498
641 8364 523 2528
622 8401 523 2528
610 8131 587 2484
607 8327 587 2484
579 7772 542 2509
575 7828 542 2509
595 8076 560 2499
603 7965 560 2499
597 8047 578 2489
619 8112 587 2486
616 7981 578 2489
701 9344 569 2498
600 7992 578 2489
605 7983 578 2489
704 9332 569 2494
702 9454 569 2494
622 8430 523 2528
618 8189 587 2484
611 8234 587 2484
601 7839 542 2509
590 8024 542 2509
603 7967 560 2499
603 8136 578 2489
604 8006 578 2489
596 7913 542 2509
705 9457 569 2494
631 8682 523 2528
614 8236 587 2484
603 7970 560 2499
599 8339 542 2511
612 8112 542 2513
605 8011 578 2489
603 8306 542 2509
602 8087 560 2512
761 10001 569 2494
747 10252 569 2494
645 8244 587 2484
633 8145 542 2513
619 8317 587 2484
613 8213 542 2513
603 7974 560 2499
655 8561 542 2509
609 8049 578 2493
609 8161 578 2489
612 8050 578 2489
631 8264 587 2484
609 8049 578 2493
689 8749 542 2509
658 9154 542 2509
650 8255 587 2484
640 8222 542 2513
628 8321 542 2513
619 8543 587 2484
610 8028 560 2499
604 8090 578 2502
612 8202 578 2489
679 9029 542 2509
616 8050 578 2489
653 8402 587 2484
649 8642 587 2484
640 8237 542 2513
634 8411 542 2513
616 8060 578 2491
610 8081 560 2499
619 8078 560 2499
615 8307 578 2489
651 8550 587 2484
623 8061 578 2489
616 8093 578 2489
640 8237 542 2513
622 8077 578 2489
679 8479 587 2484
656 8611 587 2484
644 8290 542 2513
617 8113 578 2489
610 8432 560 2503
635 8120 560 2499
615 8409 578 2491
622 8232 560 2499
618 8322 560 2499
716 9714 551 2517
666 8813 587 2484
617 8144 578 2489
615 8455 578 2491
640 8270 560 2499
628 8356 560 2499
623 8296 560 2503
680 9092 587 2484
644 8374 560 2499
633 8315 572 2506
627 8191 578 2489
615 8502 578 2491
628 8577 560 2499
630 8385 560 2499
617 8354 578 2491
621 8323 578 2489
618 8364 578 2489
706 9481 587 2484
681 9516 587 2488
661 8212 578 2489
630 8521 560 2503
619 8553 578 2491
649 8584 560 2499
654 8577 560 2499
626 8400 578 2489
633 8226 578 2489
622 8529 578 2491
627 8236 578 2489
658 8611 560 2499
649 8768 560 2499
645 8443 578 2489
643 8569 569 2507
631 8479 578 2489
640 8452 578 2491
638 8468 578 2489
677 8986 560 2499
660 8789 560 2508
649 9091 560 2499
631 8505 578 2489
728 10163 569 2502
692 9074 560 2503
674 8526 578 2489
632 8565 578 2489
633 8569 587 2490
632 8578 578 2489
666 8645 578 2489
643 8842 578 2489
641 8623 578 2491
636 8751 587 2490
650 8691 578 2489
676 8677 578 2489
671 8677 578 2498
670 9366 587 2490
656 8669 587 2493
651 9241 578 2493
671 8919 578 2489
666 8743 578 2491
652 8771 578 2491
679 8844 578 2489
674 8713 587 2493
663 9134 578 2493
675 9087 578 2493
674 8730 587 2493
687 8915 587 2493
697 8951 587 2493
587 7814 587 2484
587 7814 587 2484
587 7814 587 2484
587 7814 587 2484
531 7265 523 2528
531 7265 523 2528
523 7281 523 2528
551 7441 551 2504
551 7441 551 2504
587 7658 578 2491
570 7500 560 2499
542 7354 542 2509
569 7562 569 2494
542 7354 542 2509
569 7562 569 2494
533 7339 533 2514
578 7659 578 2489
535 7328 533 2514
587 7814 587 2484
560 7502 560 2503
578 7659 578 2489
531 7270 524 2523
587 7814 587 2484
578 7659 578 2489
569 7562 569 2494
569 7562 569 2494
560 7502 560 2503
560 7502 560 2503
524 7368 524 2519
570 7500 560 2499
578 7659 578 2489
530 7303 524 2519
530 7303 524 2519
578 7659 578 2489
532 7275 523 2524
531 7270 524 2523
560 7507 560 2499
560 7507 560 2499
545 7265 524 2523
540 7321 533 2514
535 7328 533 2514
587 7658 578 2491
545 7265 524 2523
529 7292 524 2523
527 7309 523 2524
526 7320 523 2524
533 7339 533 2514
529 7292 524 2523
527 7309 523 2524
526 7320 523 2524
525 7350 524 2519
534 7329 533 2514
540 7321 533 2514
531 7265 523 2528
524 7299 524 2523
560 7502 560 2503
524 7368 524 2519
532 7275 523 2524
531 7270 524 2523
525 7350 524 2519
524 7299 524 2523
530 7278 524 2523
523 7281 523 2528
535 7267 524 2519
534 7329 533 2514
569 7562 569 2494
535 7267 524 2519
530 7278 524 2523
531 7265 523 2528
578 7659 578 2489
587 7814 587 2484
587 7814 587 2484
587 7814 587 2484
587 7814 587 2484
587 7814 587 2484
587 7814 587 2484
587 7814 587 2484
587 7814 587 2484
587 7814 587 2484
587 7814 587 2484
587 7814 587 2484
587 7814 587 2484
587 7814 587 2484
587 7814 587 2484
587 7814 587 2484
587 7814 587 2484
587 7814 587 2484
587 7814 587 2484
587 7814 587 2484
587 7814 587 2484
587 7814 587 2484
587 7814 587 2484
587 7814 587 2484
587 7814 587 2484
587 7814 587 2484
587 7814 587 2484
587 7814 587 2484
587 7814 587 2484
587 7814 587 2484
587 7814 587 2484
587 7814 587 2484
587 7814 587 2484
587 7814 587 2484
578 7659 578 2489
578 7659 578 2489
578 7659 578 2489
578 7659 578 2489
578 7659 578 2489
578 7659 578 2489
569 7562 569 2494
569 7562 569 2494
569 7562 569 2494
569 7562 569 2494
569 7562 569 2494
560 7507 560 2499
560 7507 560 2499
560 7507 560 2499
560 7507 560 2499
560 7502 560 2503
560 7502 560 2503
560 7502 560 2503
560 7502 560 2503
531 7270 524 2523
531 7265 523 2528
531 7265 523 2528
622 8321 551 2504
587 7820 587 2484
531 7266 523 2528
610 8110 551 2508
546 7435 542 2509
579 7680 578 2489
584 8305 533 2518
569 7565 569 2494
538 7335 524 2523
612 7768 524 2519
560 7509 560 2503
560 7517 560 2499
569 7562 569 2498
659 8698 533 2518
592 7835 587 2484
587 7921 587 2484
532 7279 523 2528
636 8378 551 2508
549 7495 542 2509
637 8504 551 2504
579 7700 578 2489
569 7566 569 2494
554 7721 524 2523
572 7524 560 2503
560 7586 560 2503
564 7531 560 2499
584 7683 524 2523
589 7864 587 2484
663 8870 533 2518
621 7858 587 2484
589 7875 587 2484
541 7305 523 2528
647 8748 551 2504
552 7543 542 2509
563 7759 524 2523
569 7572 569 2494
573 7533 560 2503
583 7701 578 2489
579 7713 578 2489
564 7584 560 2503
592 7861 587 2484
567 7553 560 2499
572 7543 560 2503
715 9705 533 2518
589 7876 587 2484
566 7427 523 2528
541 7453 523 2528
674 8768 551 2504
651 9183 551 2504
569 7576 569 2494
662 8858 551 2504
586 7781 542 2509
570 7556 560 2499
583 7707 578 2489
568 7602 560 2499
581 7737 578 2489
574 7855 542 2509
569 7835 524 2523
576 7780 524 2523
582 7731 578 2489
688 9239 551 2504
592 7879 587 2484
590 8004 587 2484
567 7459 523 2537
544 7491 523 2528
671 8903 551 2508
595 7920 524 2523
580 8046 542 2509
569 7577 569 2494
586 7716 578 2489
583 7823 578 2489
586 8012 542 2509
576 7576 560 2503
569 7607 560 2499
572 7585 560 2499
571 7599 560 2499
777 10481 551 2508
597 7880 587 2484
595 8010 587 2484
564 7567 523 2528
659 8637 524 2523
574 7614 560 2499
572 7594 569 2494
614 8014 542 2513
605 8125 542 2513
629 8602 542 2509
591 7805 578 2489
584 7860 578 2489
651 8484 542 2509
596 7999 587 2484
639 8699 542 2509
627 7670 523 2528
595 8030 587 2484
574 7608 569 2494
568 7848 523 2546
632 8232 551 2517
591 8263 560 2499
619 7827 578 2489
602 7693 560 2499
636 7972 587 2484
589 7718 523 2528
589 7866 578 2489
573 7642 569 2494
583 7702 560 2503
575 7784 560 2503
599 7762 560 2499
598 7999 587 2484
569 7783 523 2528
663 8990 542 2509
601 7999 587 2484
595 8100 587 2484
595 7795 523 2528
589 7647 569 2494
586 7824 523 2528
576 7683 569 2494
602 7696 560 2499
599 8375 560 2499
591 7887 578 2489
592 8038 560 2503
600 8020 587 2488
594 7805 560 2503
676 9099 542 2513
667 9398 554 2516
616 8023 587 2484
605 8046 587 2484
590 7829 523 2528
577 7698 569 2494
602 8285 560 2499
593 7900 578 2489
594 7964 560 2503
606 7733 560 2499
607 8044 587 2484
603 8007 560 2499
627 8002 560 2499
625 8095 587 2484
606 8122 587 2484
602 8429 560 2499
594 7943 523 2528
577 7710 569 2494
606 8280 560 2499
597 8087 578 2489
600 7994 578 2489
650 8217 560 2501
624 8298 524 2532
608 8154 587 2484
599 8472 523 2528
581 7737 581 2501
579 7753 569 2494
601 8013 578 2489
589 7752 569 2494
604 8439 560 2499
606 8324 560 2499
649 8436 560 2499
633 8392 560 2503
622 8537 560 2499
611 8247 587 2484
586 7780 569 2494
582 7799 569 2494
601 8047 578 2489
605 8033 578 2489
583 7788 569 2494
625 8635 560 2499
623 8249 587 2484
613 8384 587 2484
593 7796 569 2494
586 7882 569 2494
604 8062 578 2489
616 8038 578 2489
616 8281 587 2484
621 8268 587 2484
631 8681 560 2499
621 8321 587 2484
605 7809 569 2494
591 7966 569 2494
615 8095 587 2493
605 8151 578 2489
622 8105 578 2489
600 7884 569 2494
593 7899 569 2494
604 7868 569 2494
621 8132 578 2489
592 7943 569 2494
662 8698 560 2499
654 9163 560 2503
651 9456 560 2503
624 8549 587 2484
606 7816 569 2494
595 7991 569 2494
639 8327 587 2484
603 7937 569 2494
625 8185 578 2489
623 8303 578 2489
613 8231 578 2493
657 9021 560 2499
632 8514 587 2484
658 8824 560 2503
661 8767 560 2503
625 8185 578 2489
625 8185 578 2489
685 8933 560 2499
673 9719 560 2499
657 9198 560 2503
642 8368 587 2484
606 7868 569 2494
600 8021 569 2498
627 8428 578 2489
632 8275 578 2489
630 8287 578 2489
629 8382 578 2489
628 8416 578 2489
631 8286 578 2489
694 9394 560 2499
690 9930 560 2499
668 8414 587 2484
664 9457 560 2503
644 8774 587 2484
614 7896 569 2494
612 8003 569 2496
632 8325 578 2489
612 8139 569 2494
663 8562 587 2484
667 8524 587 2484
672 8548 587 2484
667 9476 560 2503
614 8134 569 2494
613 8287 590 2496
646 8870 587 2484
632 8433 578 2489
633 8396 578 2489
648 8791 587 2484
687 8617 587 2484
671 9485 560 2503
671 9485 560 2503
615 8305 590 2496
651 8884 587 2484
645 8369 569 2494
638 8415 578 2489
615 8564 569 2494
638 8415 578 2489
625 8480 569 2494
635 8377 569 2494
671 9485 560 2503
671 9485 560 2503
671 9485 560 2503
638 8415 578 2489
638 8415 578 2489
671 9600 560 2503
654 8953 587 2484
634 8541 587 2510
615 8316 590 2496
615 8306 590 2500
639 8436 578 2489
635 8694 569 2498
638 8395 569 2494
669 9046 587 2484
644 8405 569 2494
639 8402 587 2497
623 8318 590 2496
615 8320 590 2496
639 8439 578 2489
638 8444 569 2494
696 9885 587 2484
643 8479 569 2494
615 8377 590 2496
655 8919 578 2489
695 8619 578 2489
638 8689 569 2494
658 8746 578 2489
714 10367 587 2484
646 8505 569 2494
642 8446 590 2496
633 8619 590 2496
660 8890 578 2489
666 8760 578 2489
644 8644 569 2494
663 8789 578 2489
667 8846 578 2489
649 8554 569 2494
645 8637 590 2496
647 8739 569 2494
682 9332 578 2489
675 9599 578 2489
652 8614 569 2494
646 8686 592 2516
725 9681 578 2489
696 8854 569 2494
655 8930 569 2494
709 9576 578 2491
735 10213 578 2489
691 9396 569 2494
666 8985 578 2502
657 9051 592 2516
689 9728 587 2497
684 9610 574 2510
697 9531 569 2494
695 9508 569 2498
677 9142 578 2502
676 9184 578 2502
700 9646 569 2494
587 7816 587 2484
587 7816 587 2484
587 7657 578 2491
531 7265 523 2528
531 7265 523 2528
523 7281 523 2528
578 7660 578 2489
551 7441 551 2504
569 7564 569 2494
551 7441 551 2504
563 7468 560 2499
569 7564 569 2494
578 7658 578 2491
578 7660 578 2489
578 7658 578 2491
547 7313 533 2514
533 7339 533 2514
564 7467 560 2499
560 7504 560 2499
547 7345 542 2509
531 7270 524 2523
587 7816 587 2484
587 7816 587 2484
569 7564 569 2494
569 7564 569 2494
560 7504 560 2499
547 7313 533 2514
542 7354 542 2509
529 7292 524 2523
524 7368 524 2519
535 7328 533 2514
526 7320 523 2524
530 7303 524 2519
587 7816 587 2484
560 7504 560 2499
547 7345 542 2509
547 7345 542 2509
563 7458 560 2503
531 7278 524 2519
540 7318 533 2514
564 7467 560 2499
535 7328 533 2514
542 7354 542 2509
569 7564 569 2494
560 7504 560 2499
545 7265 524 2523
529 7292 524 2523
563 7458 560 2503
532 7275 523 2524
563 7468 560 2499
547 7345 542 2509
527 7309 523 2524
542 7354 542 2509
540 7318 533 2514
531 7265 523 2528
534 7329 533 2514
545 7265 524 2523
524 7299 524 2523
533 7339 533 2514
530 7303 524 2519
524 7368 524 2519
525 7350 524 2519
527 7309 523 2524
525 7350 524 2519
524 7299 524 2523
532 7275 523 2524
530 7278 524 2523
523 7281 523 2528
535 7267 524 2519
526 7320 523 2524
563 7468 560 2499
534 7329 533 2514
531 7270 524 2523
547 7313 533 2514
535 7267 524 2519
578 7658 578 2491
587 7657 578 2491
578 7658 578 2491
587 7816 587 2484
587 7816 587 2484
587 7816 587 2484
587 7816 587 2484
587 7816 587 2484
587 7816 587 2484
587 7816 587 2484
587 7816 587 2484
587 7816 587 2484
587 7816 587 2484
587 7816 587 2484
587 7816 587 2484
587 7816 587 2484
587 7816 587 2484
587 7816 587 2484
587 7816 587 2484
587 7816 587 2484
587 7816 587 2484
587 7816 587 2484
587 7657 578 2491
587 7657 578 2491
578 7658 578 2491
578 7658 578 2491
578 7658 578 2491
569 7564 569 2494
569 7564 569 2494
569 7564 569 2494
569 7564 569 2494
569 7564 569 2494
569 7564 569 2494
563 7468 560 2499
563 7468 560 2499
563 7468 560 2499
563 7468 560 2499
563 7468 560 2499
563 7458 560 2503
563 7458 560 2503
563 7458 560 2503
560 7504 560 2499
560 7504 560 2499
560 7504 560 2499
560 7504 560 2499
560 7504 560 2499
560 7504 560 2499
560 7504 560 2499
547 7345 542 2509
547 7345 542 2509
547 7345 542 2509
547 7345 542 2509
547 7313 533 2514
547 7313 533 2514
547 7313 533 2514
547 7313 533 2514
547 7313 533 2514
540 7318 533 2514
540 7318 533 2514
531 7265 523 2528
600 8191 524 2523
587 7817 587 2484
531 7292 523 2528
591 7817 578 2489
547 7390 533 2514
560 7505 560 2499
542 7384 542 2509
557 7608 551 2504
576 7737 569 2494
547 7350 542 2509
558 7470 551 2504
571 7650 569 2496
578 7589 569 2494
587 7667 578 2491
580 7676 578 2491
637 8973 524 2523
604 7833 587 2484
587 7841 587 2484
550 7383 523 2528
543 7414 542 2509
625 8333 551 2504
579 7670 569 2494
561 7512 560 2499
553 7574 533 2514
592 8058 551 2508
634 8130 551 2504
561 7440 533 2514
593 7886 578 2489
598 7821 578 2489
590 7687 578 2491
589 7886 578 2491
640 8413 551 2504
630 8613 551 2504
587 7843 587 2484
550 7394 523 2528
544 7416 542 2509
580 8018 533 2514
605 7730 578 2491
564 7514 560 2499
562 7557 560 2499
579 7742 569 2494
580 7687 569 2494
595 7930 578 2489
594 7797 578 2491
597 7921 578 2489
597 7921 578 2489
653 8721 551 2508
645 8736 551 2504
592 7844 587 2484
591 7944 523 2528
587 7850 587 2484
567 7520 560 2503
565 7541 560 2499
601 8120 533 2514
603 7836 578 2491
567 7523 542 2509
597 7764 569 2494
580 7872 569 2494
597 7929 578 2489
599 7923 578 2491
581 7795 569 2494
597 7929 578 2489
670 8912 551 2504
657 9237 551 2504
640 8228 533 2514
618 8274 533 2527
604 7851 587 2484
587 7865 587 2484
577 7596 560 2499
568 7728 560 2499
610 8380 533 2516
571 7773 542 2509
581 7827 569 2494
597 7978 578 2493
598 7939 578 2489
618 7911 578 2493
617 8371 533 2514
570 7622 560 2499
684 8537 533 2514
674 9342 551 2504
654 8418 533 2527
622 8641 533 2514
587 7867 587 2484
580 7596 560 2499
574 7681 560 2499
674 9342 551 2504
653 8497 533 2516
606 8171 578 2491
586 7775 542 2509
609 7989 578 2489
609 7986 569 2496
575 7840 542 2509
607 8034 578 2489
578 7604 560 2499
593 8014 569 2494
660 8590 533 2514
595 8011 569 2494
577 7605 560 2499
680 9426 551 2504
624 8691 533 2514
609 7777 542 2522
587 7873 587 2484
579 7631 560 2499
576 7775 560 2499
676 8658 533 2516
644 8336 551 2510
602 8439 542 2509
597 8090 569 2494
606 8129 551 2517
612 8160 578 2491
606 8047 569 2498
613 7996 578 2491
615 8006 578 2489
609 7777 542 2522
612 8354 551 2513
609 7777 542 2522
745 9064 533 2516
692 9441 551 2504
613 7847 542 2522
604 7874 587 2497
600 7878 587 2484
579 7678 560 2499
576 7805 560 2499
667 8459 542 2511
632 8092 578 2489
608 8173 569 2494
660 9239 542 2513
591 7910 587 2484
616 8193 578 2489
617 8167 578 2491
623 8146 578 2491
623 8146 578 2491
596 7892 587 2484
622 8182 578 2489
712 9498 551 2504
701 9656 551 2504
613 7866 542 2522
592 7966 587 2484
584 7722 560 2499
577 7832 560 2499
679 8799 551 2517
660 8185 569 2494
632 8208 578 2489
621 8332 569 2494
611 7903 587 2484
584 7722 560 2499
616 8283 578 2489
618 8273 569 2496
604 7907 587 2484
579 7819 560 2499
583 7743 560 2499
600 7963 587 2484
601 7949 587 2484
706 9666 551 2504
621 8017 542 2526
598 8021 587 2484
584 7742 560 2499
583 7897 560 2499
620 8512 578 2489
622 7980 542 2522
636 8294 578 2489
632 8293 578 2491
626 8361 569 2494
600 7992 587 2484
623 8456 569 2494
602 7978 587 2484
633 8307 578 2489
596 8010 587 2490
631 8454 578 2489
625 8469 578 2489
630 8462 578 2489
646 8017 542 2522
629 8691 578 2489
625 8069 542 2522
614 7982 587 2484
602 8019 587 2484
586 7743 560 2499
585 7755 560 2499
626 8469 569 2494
640 8474 578 2489
633 8493 578 2489
613 8007 587 2484
603 8015 587 2484
642 8596 578 2489
626 8284 542 2522
615 8008 587 2484
602 8024 587 2484
600 7761 560 2499
590 7820 560 2499
638 8552 569 2494
706 8858 578 2489
664 9086 578 2489
634 8345 542 2522
616 8031 587 2484
616 8028 599 2491
600 7763 560 2499
590 7821 560 2499
654 8745 569 2494
603 8134 587 2484
682 8978 578 2489
667 8605 569 2494
644 8597 578 2491
643 8833 578 2491
606 8037 587 2484
604 8052 587 2484
732 10079 578 2493
650 8370 542 2522
640 8375 542 2522
609 8048 587 2484
603 8199 587 2484
590 7825 560 2499
660 9013 569 2494
667 8754 569 2494
662 8766 569 2494
676 8839 569 2494
666 9304 569 2494
650 8389 542 2522
650 8389 542 2522
613 8096 587 2484
609 8138 587 2484
590 7837 560 2499
650 8389 542 2522
704 8929 569 2494
688 9039 569 2494
651 8412 542 2522
612 8165 587 2484
599 7841 560 2499
598 7913 560 2499
736 10115 569 2494
666 8665 542 2522
622 8184 587 2484
613 8194 587 2484
600 7932 560 2499
690 9068 569 2498
723 9520 569 2498
722 9586 569 2498
675 9070 542 2522
622 8204 587 2484
620 8236 587 2484
607 7978 560 2499
601 8100 560 2499
607 7978 560 2499
607 7978 560 2499
607 7978 560 2499
728 9608 569 2498
622 8207 587 2484
614 8000 560 2499
606 8164 578 2500
608 8214 560 2499
611 8049 560 2499
733 9723 569 2498
625 8209 587 2484
613 8058 560 2499
608 8276 583 2501
733 9734 569 2498
626 8375 587 2484
616 8133 560 2499
613 8312 560 2499
733 9734 569 2498
743 9764 569 2498
630 8389 587 2484
628 8523 601 2491
626 8186 560 2499
616 8326 560 2499
624 8287 560 2499
632 8689 587 2484
632 8235 560 2499
618 8377 560 2499
697 9086 587 2484
634 8314 560 2499
624 8393 560 2499
665 8728 587 2488
645 8861 587 2486
657 8340 560 2499
628 8526 560 2499
628 8492 560 2503
672 8422 560 2512
664 8620 560 2503
640 8631 560 2499
638 8766 560 2499
630 8857 560 2499
687 8475 560 2512
654 8668 560 2499
686 9392 560 2499
677 9456 560 2499
677 9326 560 2501
675 8737 560 2503
724 9354 569 2507
678 9367 569 2507
587 7810 587 2484
587 7810 587 2484
587 7810 587 2484
545 7265 524 2523
531 7265 523 2528
523 7281 523 2528
569 7562 569 2494
551 7441 551 2504
551 7441 551 2504
564 7500 560 2499
569 7562 569 2494
542 7344 542 2509
578 7658 578 2489
587 7810 587 2484
578 7658 578 2489
535 7328 533 2514
560 7507 560 2499
542 7344 542 2509
564 7500 560 2499
535 7267 524 2519
545 7265 524 2523
533 7339 533 2514
560 7507 560 2499
524 7368 524 2519
587 7810 587 2484
587 7810 587 2484
578 7658 578 2489
578 7658 578 2489
578 7658 578 2489
524 7368 524 2519
534 7329 533 2514
527 7309 523 2524
578 7658 578 2489
578 7658 578 2489
530 7278 524 2523
531 7265 523 2528
526 7320 523 2524
525 7350 524 2519
542 7344 542 2509
529 7292 524 2523
530 7278 524 2523
527 7309 523 2524
523 7281 523 2528
529 7292 524 2523
534 7329 533 2514
533 7339 533 2514
526 7320 523 2524
525 7350 524 2519
532 7275 523 2524
530 7303 524 2519
524 7299 524 2523
532 7275 523 2524
531 7270 524 2523
535 7267 524 2519
531 7265 523 2528
524 7299 524 2523
530 7303 524 2519
531 7270 524 2523
535 7328 533 2514
587 7810 587 2484
587 7810 587 2484
587 7810 587 2484
587 7810 587 2484
587 7810 587 2484
587 7810 587 2484
587 7810 587 2484
587 7810 587 2484
587 7810 587 2484
587 7810 587 2484
587 7810 587 2484
587 7810 587 2484
587 7810 587 2484
587 7810 587 2484
587 7810 587 2484
587 7810 587 2484
587 7810 587 2484
587 7810 587 2484
587 7810 587 2484
587 7810 587 2484
587 7810 587 2484
587 7810 587 2484
587 7810 587 2484
587 7810 587 2484
587 7810 587 2484
587 7810 587 2484
587 7810 587 2484
587 7810 587 2484
587 7810 587 2484
587 7810 587 2484
587 7810 587 2484
587 7810 587 2484
587 7810 587 2484
587 7810 587 2484
587 7810 587 2484
587 7810 587 2484
587 7810 587 2484
587 7810 587 2484
587 7810 587 2484
587 7810 587 2484
587 7810 587 2484
587 7810 587 2484
587 7810 587 2484
587 7810 587 2484
587 7810 587 2484
587 7810 587 2484
587 7810 587 2484
587 7810 587 2484
587 7810 587 2484
587 7810 587 2484
587 7810 587 2484
578 7658 578 2489
578 7658 578 2489
578 7658 578 2489
578 7658 578 2489
578 7658 578 2489
578 7658 578 2489
578 7658 578 2489
578 7658 578 2489
578 7658 578 2489
578 7658 578 2489
569 7562 569 2494
569 7562 569 2494
569 7562 569 2494
542 7344 542 2509
542 7344 542 2509
542 7344 542 2509
542 7344 542 2509
628 8166 551 2504
603 8195 551 2504
587 7821 587 2484
535 7333 523 2528
553 7473 533 2518
560 7693 560 2499
542 7376 542 2509
578 7661 578 2489
569 7593 569 2494
549 7502 524 2523
571 7942 551 2508
565 7958 551 2508
636 8373 560 2499
625 8662 560 2499
587 7822 587 2484
537 7359 523 2528
544 7385 542 2509
578 7666 578 2489
617 8022 533 2518
572 8056 551 2508
605 8243 551 2504
587 8203 524 2523
583 7780 569 2494
601 8213 560 2503
620 7984 524 2523
579 7789 569 2494
601 8213 560 2503
638 8575 560 2499
625 8700 551 2504
587 7824 587 2484
554 7512 523 2528
550 7404 542 2509
547 7452 542 2509
548 7421 542 2509
578 8144 551 2508
578 7677 578 2489
584 7843 569 2494
603 8286 560 2503
622 8262 560 2503
587 7676 578 2498
586 7823 569 2494
587 7824 587 2484
611 8275 560 2503
578 7677 578 2489
587 7824 587 2484
658 8704 560 2499
643 8819 551 2504
587 7826 587 2484
587 7826 587 2484
555 7495 542 2509
586 7884 569 2494
636 8361 560 2503
588 7698 578 2489
585 8201 551 2508
582 7738 578 2489
611 8421 560 2503
587 7721 578 2489
587 7826 587 2484
587 7826 587 2484
681 9302 560 2499
604 7828 587 2484
587 7829 587 2484
564 7501 542 2509
562 7555 542 2511
650 9099 551 2504
641 8542 560 2503
588 7905 569 2494
583 7909 578 2489
599 8455 551 2508
588 7767 578 2489
587 7829 587 2484
777 10349 560 2499
593 7839 587 2484
587 7852 587 2484
571 7556 542 2509
567 7784 542 2509
667 9274 551 2504
588 7912 569 2494
608 7767 578 2489
590 7891 578 2489
598 7839 578 2502
597 7879 578 2489
682 9434 551 2504
587 7855 587 2484
584 7632 542 2509
580 8211 572 2510
593 7917 569 2494
613 7799 578 2489
600 8087 578 2489
581 8206 572 2510
603 7886 578 2489
602 7981 578 2489
612 7861 578 2489
614 7887 578 2489
608 8181 578 2489
587 7859 587 2484
584 7639 542 2509
584 7639 542 2509
603 8179 569 2494
606 7934 569 2494
606 7934 569 2494
626 7970 578 2489
615 8198 578 2489
589 7864 587 2484
588 7683 542 2509
587 7888 587 2484
587 7856 542 2509
606 7958 569 2494
588 7874 587 2484
636 8121 578 2489
629 8572 578 2489
596 7867 587 2484
593 7778 542 2509
587 8202 572 2510
587 7894 587 2484
609 7968 569 2494
606 7977 569 2494
624 8274 578 2493
631 8216 578 2489
596 7867 587 2484
589 7875 587 2484
661 8184 578 2489
629 8624 578 2489
605 7871 587 2484
599 7909 542 2509
598 8156 542 2509
587 7905 587 2484
617 7971 569 2494
611 7993 569 2503
631 8376 578 2489
654 8364 578 2489
596 7886 587 2484
597 7881 587 2484
651 8420 578 2489
635 8781 578 2489
602 7904 587 2484
601 8174 542 2509
587 7912 587 2484
623 8546 569 2494
622 8389 569 2507
638 8246 569 2494
639 8466 578 2493
628 8375 569 2494
643 8512 578 2489
634 8270 569 2494
592 7906 587 2484
664 8637 578 2489
630 8942 581 2505
626 8302 542 2509
606 8306 572 2519
592 7920 587 2484
589 7916 587 2493
587 7940 587 2484
608 8308 542 2509
646 8341 569 2494
639 8536 569 2498
647 8602 578 2493
637 8708 569 2494
638 8781 578 2489
658 8753 578 2489
644 8633 569 2494
649 8524 569 2494
644 8951 578 2489
614 8586 542 2513
605 7922 587 2484
588 8078 587 2484
637 8747 542 2509
633 8390 560 2512
642 8548 569 2507
627 8486 560 2512
645 8870 578 2493
596 7936 587 2484
590 7954 587 2484
633 8390 560 2512
589 8050 587 2484
708 9479 578 2489
707 9917 578 2489
662 8659 542 2513
611 7924 587 2484
590 7989 587 2484
674 9145 578 2493
652 9021 569 2494
664 8424 560 2512
647 8984 542 2509
655 8899 542 2509
635 8460 560 2512
664 8784 569 2494
599 7937 587 2484
596 7944 587 2484
591 7960 587 2484
751 10637 578 2489
668 8474 560 2512
639 8826 584 2517
605 7939 587 2484
593 7984 587 2484
664 8788 569 2494
692 9152 578 2493
648 8542 560 2512
685 9455 578 2493
597 7959 587 2484
594 7969 587 2484
666 8578 560 2512
664 8821 569 2494
606 7941 587 2484
593 8044 587 2484
601 7962 587 2484
596 7982 587 2484
597 7973 587 2484
690 9409 563 2515
672 9836 572 2510
610 7950 587 2484
593 8061 587 2484
678 8964 569 2494
598 8034 587 2497
676 9659 569 2494
677 9023 569 2494
676 9659 569 2494
605 7967 587 2484
599 7975 587 2484
683 9453 569 2494
677 9590 569 2494
609 7977 587 2484
599 8041 599 2491
600 7988 587 2484
600 7988 587 2484
600 7988 587 2484
600 7988 587 2484
690 9582 569 2494
677 9689 569 2494
603 7988 587 2484
600 8134 587 2484
602 8097 587 2484
613 8042 587 2484
608 8016 587 2497
603 8120 587 2484
603 8045 599 2491
604 8032 599 2491
604 8068 587 2484
618 8046 587 2484
616 8079 587 2484
613 8083 587 2484
610 8096 587 2484
603 8170 587 2484
647 8052 587 2493
633 8113 587 2484
620 8053 587 2497
619 8114 587 2484
610 8189 587 2484
656 8146 587 2493
625 8161 587 2484
620 8148 592 2496
614 8463 587 2484
611 8361 599 2491
620 8253 587 2484
617 8424 587 2484
624 8223 587 2484
630 8207 587 2484
625 8253 587 2484
623 8354 587 2497
651 8226 599 2491
646 8250 587 2484
625 8422 587 2484
631 8314 587 2484
635 8259 587 2484
642 8288 587 2484
632 8389 590 2496
629 8646 587 2484
633 8384 587 2484
630 8476 587 2484
674 8359 587 2493
640 8487 587 2484
633 8419 599 2491
630 8604 587 2484
640 8487 587 2484
638 8502 587 2484
657 8523 587 2484
632 8763 601 2491
631 8954 590 2496
640 8544 587 2484
645 8547 587 2484
640 8616 587 2484
653 8590 587 2484
647 8636 587 2484
646 8867 587 2484
642 8869 587 2484
661 8591 587 2484
652 8799 587 2484
643 8988 587 2484
686 9289 587 2484
671 9451 587 2486
662 8623 599 2491
661 8857 587 2488
679 9298 587 2484
689 9338 587 2484
684 9473 587 2484
662 9082 590 2500
690 9424 587 2484
