6 2.42142
756 12848 584 2632
734 12785 609 2627
727 11670 523 2689
725 12857 538 2654
647 10784 610 2707
614 10724 561 2785
620 10813 539 2758
643 11385 566 2670
718 12593 527 2734
726 11769 536 2746
666 11068 578 2663
652 11436 542 2665
644 11022 559 2699
625 11061 547 2683
672 11913 597 2652
712 11994 536 2724
680 11545 575 2643
709 12468 554 2644
709 11941 529 2772
670 11461 605 2658
686 11341 575 2675
713 11671 598 2638
732 12079 530 2682
717 12279 578 2638
694 12050 538 2691
723 12383 609 2636
680 11854 547 2661
702 12190 536 2734
671 12217 551 2656
721 12434 529 2694
679 12176 559 2659
647 10784 610 2707
672 11367 575 2678
686 11341 575 2675
704 11934 539 2668
672 11367 575 2678
706 11844 538 2663
732 12819 538 2656
709 12017 539 2659
706 12063 536 2658
686 11341 575 2675
647 10784 610 2707
801 13990 536 2676
770 12805 523 2720
731 12649 609 2636
702 12006 627 2662
617 10754 561 2785
766 13417 536 2685
773 12978 530 2684
712 11675 616 2660
724 12516 595 2643
732 12268 536 2762
674 11972 575 2706
754 12634 539 2661
725 12107 581 2667
637 11416 596 2694
714 11941 611 2657
654 11518 551 2740
679 11481 566 2731
735 13021 575 2661
682 11345 589 2682
670 11543 545 2720
736 11752 547 2680
726 12257 548 2674
681 11064 601 2712
735 12649 527 2734
718 11928 576 2677
714 12508 547 2696
656 11234 585 2727
698 12422 550 2708
724 12270 536 2753
642 11135 561 2756
646 11401 597 2719
731 12815 538 2663
657 10994 610 2707
719 12344 539 2678
654 11094 586 2718
696 11457 554 2683
772 12743 529 2707
679 11724 602 2664
669 11468 589 2687
660 11710 585 2680
734 12213 539 2679
662 11814 552 2718
642 11182 589 2722
687 11804 557 2716
718 12575 547 2694
675 11089 589 2683
686 12197 545 2719
687 11804 557 2716
661 11772 545 2724
712 12668 550 2676
662 11814 552 2718
713 12180 554 2681
699 12159 605 2658
690 11478 560 2695
690 11478 560 2695
719 12080 563 2677
699 12159 605 2658
719 12080 563 2677
724 12270 536 2753
657 10994 610 2707
643 11065 610 2731
699 12159 605 2658
734 12213 539 2679
646 11401 597 2719
718 12575 547 2694
681 11179 561 2683
669 11468 589 2687
643 11065 610 2731
643 11065 610 2731
788 13276 563 2662
771 13522 536 2685
770 12806 523 2720
738 12707 609 2636
696 11809 624 2676
695 11076 616 2768
638 11176 561 2785
785 13199 530 2684
684 11464 589 2700
656 11114 592 2771
662 11414 619 2726
733 12109 545 2751
649 11524 601 2696
739 13000 529 2783
739 13300 606 2656
700 11949 611 2668
756 12647 539 2679
644 11301 561 2767
684 11875 561 2716
671 11710 597 2719
748 13319 589 2661
771 13522 536 2685
663 11191 610 2731
712 11623 554 2692
748 13021 536 2736
736 12859 586 2677
687 11447 575 2691
670 11697 553 2766
753 13133 538 2663
710 12272 550 2741
707 11809 548 2760
678 12054 570 2757
756 12647 539 2679
739 12698 599 2672
732 12482 560 2684
741 11872 548 2692
678 11908 573 2728
734 12597 550 2737
718 12539 605 2658
696 12329 551 2753
676 11585 582 2740
725 12890 603 2668
708 12496 594 2682
726 12791 556 2683
724 12154 611 2657
673 11269 570 2768
682 11432 606 2758
720 12252 554 2688
690 12145 607 2670
737 12317 566 2682
701 11804 584 2685
725 12974 547 2690
697 11579 560 2695
674 11368 592 2764
732 12779 547 2679
688 11688 557 2734
710 12396 559 2720
695 11076 616 2768
712 11572 550 2756
676 11585 582 2740
701 11804 584 2685
739 12920 582 2674
691 12223 554 2738
719 12265 572 2683
750 13179 538 2663
708 12130 566 2691
726 12235 589 2682
696 11888 615 2678
674 11368 592 2764
673 11094 608 2734
750 13179 538 2663
750 12518 547 2692
724 12270 536 2762
718 12539 605 2658
687 11280 606 2730
692 12368 557 2732
753 12797 536 2737
710 12396 559 2720
673 11269 570 2768
688 11688 557 2734
693 12121 605 2678
687 11280 606 2730
674 11368 592 2764
672 11161 606 2760
672 11161 606 2760
692 12368 557 2732
708 12357 547 2740
696 11888 615 2678
693 12121 605 2678
683 12259 554 2738
708 12130 566 2691
691 12223 554 2738
683 12259 554 2738
710 12272 550 2741
676 11585 582 2740
708 12357 547 2740
708 12130 566 2691
813 13629 523 2720
786 14450 606 2656
738 12771 609 2636
711 12107 621 2675
676 11337 570 2785
657 11865 586 2796
784 13865 538 2669
734 13045 605 2658
777 13341 550 2677
695 11659 576 2767
750 13231 538 2678
690 11528 592 2705
725 12753 618 2675
691 12029 573 2746
764 12727 582 2684
677 11890 561 2786
710 12476 557 2733
751 12529 611 2657
715 12434 589 2686
759 13341 589 2661
744 12131 559 2703
706 12411 569 2701
730 12370 557 2707
666 11501 575 2770
686 12264 554 2738
734 13144 554 2737
778 12815 578 2688
712 11983 571 2712
727 12171 562 2692
735 12859 560 2687
754 12526 582 2685
707 12618 569 2695
785 13218 530 2684
785 13218 530 2684
669 11367 592 2771
725 12805 550 2743
726 12636 546 2783
703 11564 577 2716
657 11865 586 2796
703 11563 589 2700
726 12636 546 2783
698 11910 575 2711
760 12666 560 2689
692 11657 577 2710
696 11467 610 2707
658 11842 586 2796
695 11731 557 2734
668 11541 570 2775
676 11773 610 2703
686 12264 554 2738
691 12029 573 2746
727 12171 562 2692
668 11541 570 2775
711 12107 621 2675
669 11367 592 2771
711 12248 589 2692
676 11337 570 2785
785 13218 530 2684
669 11367 592 2771
668 11541 570 2775
657 11865 586 2796
785 13226 530 2684
782 13496 560 2721
750 12785 609 2636
725 11543 627 2721
693 11890 561 2808
665 11976 586 2796
767 13386 592 2669
726 12648 546 2783
694 11696 598 2718
681 12196 586 2787
706 12005 563 2771
673 11926 586 2801
748 12800 617 2692
767 13263 548 2743
707 11658 589 2703
687 12083 581 2786
777 12468 585 2694
758 13218 583 2686
759 13096 559 2727
763 12631 593 2690
713 12531 595 2699
730 13081 566 2735
734 12515 568 2715
730 12410 555 2765
723 12157 575 2711
743 12071 577 2730
699 12355 570 2754
722 12906 583 2698
720 12304 582 2711
714 12988 571 2717
716 12330 560 2743
731 12419 571 2730
745 12492 568 2706
732 13489 565 2740
710 12123 569 2751
695 12304 592 2762
697 12793 577 2737
743 12830 565 2705
764 12821 585 2695
732 12364 556 2797
693 11890 561 2808
699 11989 592 2738
747 12806 557 2738
711 11977 559 2751
743 12396 570 2717
710 12123 569 2751
821 13929 592 2678
785 13227 530 2684
751 12822 609 2636
739 12092 628 2758
729 12860 560 2787
712 12127 601 2716
716 12465 571 2752
778 12623 568 2707
749 12444 610 2711
771 12998 598 2714
754 12758 562 2780
748 12985 570 2724
751 13473 570 2716
774 13358 561 2767
774 13339 562 2760
785 13230 530 2684
781 13903 573 2718
754 13104 609 2636
738 12716 577 2790
721 12285 601 2752
762 13346 589 2727
760 13033 581 2736
739 13070 574 2754
792 13345 530 2684
788 13743 612 2703
779 13545 637 2669
740 12931 606 2770
776 13668 601 2729
768 13535 575 2758
754 13448 578 2758
791 13113 628 2754
761 13203 608 2748
775 13318 610 2741
783 13479 616 2684
784 13726 587 2750
816 13734 530 2684
812 13500 599 2765
804 14125 536 2685
797 13585 557 2757
815 13710 574 2727
801 13858 563 2741
854 13901 582 2727
847 13896 577 2775
845 14407 548 2689
843 13938 617 2768
828 14901 561 2793
819 14231 574 2773
836 14188 603 2696
857 14504 625 2756
828 14573 554 2627
653 11623 523 2695
627 10686 523 2732
619 10614 608 2662
612 10466 583 2722
608 10521 557 2702
771 13068 600 2630
753 12894 554 2631
696 11788 548 2681
680 12317 523 2678
659 11259 569 2642
641 10797 566 2655
680 11859 542 2662
647 10732 554 2664
661 11078 536 2688
635 11041 548 2701
644 11323 530 2725
688 11904 523 2645
623 10768 559 2680
683 11523 524 2714
660 11128 533 2700
636 10520 557 2708
651 11095 527 2704
668 12015 523 2693
686 11583 554 2634
674 11822 523 2686
684 11273 554 2653
649 11450 530 2723
673 11489 523 2718
668 12015 523 2693
641 11499 523 2718
789 13364 591 2635
787 13324 600 2630
754 13718 542 2665
689 12497 523 2678
668 11482 608 2660
636 10932 523 2741
612 10512 583 2722
774 13591 545 2646
743 12786 588 2638
762 13018 572 2639
629 10761 608 2662
645 10997 575 2682
615 10597 583 2711
740 13146 533 2671
762 12691 533 2669
751 12766 554 2640
629 10930 530 2734
656 10771 580 2691
727 12350 536 2672
696 11817 548 2687
657 11543 539 2709
647 11172 530 2732
648 11486 530 2725
653 11441 557 2713
681 11538 569 2651
721 12317 527 2677
726 12093 554 2642
712 12466 560 2648
707 12070 562 2644
698 11686 523 2697
691 12562 548 2674
633 11267 530 2732
694 11887 566 2653
653 11041 566 2664
703 12056 559 2673
716 12230 557 2653
715 11581 536 2701
662 11516 557 2696
676 11802 560 2683
684 12050 560 2657
723 12219 591 2638
673 11536 527 2706
741 13111 581 2639
683 11659 524 2705
682 11398 560 2692
687 11639 557 2678
690 11910 527 2700
662 11247 527 2711
689 12028 548 2693
713 12254 548 2683
684 11582 562 2685
646 11467 566 2685
689 11455 563 2685
668 11482 608 2660
684 11519 527 2704
679 12297 523 2691
680 12263 523 2691
688 12057 523 2686
677 11535 566 2662
678 12169 523 2700
678 12169 523 2700
673 11536 527 2706
683 11529 581 2659
683 11529 581 2659
633 11267 530 2732
662 11516 557 2696
769 12667 545 2681
746 12826 588 2638
732 13629 529 2683
717 13043 523 2684
688 11696 612 2655
654 11359 558 2784
614 10549 583 2722
648 10992 571 2737
629 10797 608 2662
696 11826 548 2687
743 12707 536 2672
693 12109 524 2723
678 11304 556 2728
658 10921 589 2699
666 11243 572 2686
663 11345 527 2713
680 11638 592 2671
722 12309 580 2653
651 11297 583 2711
753 12805 554 2640
709 12197 542 2702
708 12457 523 2686
725 12318 600 2643
684 11514 566 2675
667 11767 575 2669
670 11367 599 2685
748 12771 560 2655
668 11029 580 2687
676 11666 562 2699
674 11489 539 2712
753 12805 554 2640
725 12272 569 2647
735 12160 524 2702
681 11603 566 2662
681 11683 527 2706
752 12273 563 2667
729 12279 554 2667
708 12205 581 2644
687 11461 583 2670
670 11571 608 2660
671 11479 604 2678
679 11810 604 2662
674 11689 569 2681
703 11779 559 2682
700 12173 562 2669
705 11557 547 2707
654 11429 599 2700
680 12317 523 2691
654 11472 581 2683
715 12155 581 2650
671 11479 604 2678
714 12286 560 2659
705 11557 547 2707
714 12286 560 2659
680 12317 523 2691
715 12155 581 2650
702 11737 581 2659
702 11737 581 2659
705 11686 554 2699
725 12318 600 2643
702 11737 581 2659
670 11571 608 2660
753 12805 554 2640
702 11737 581 2659
670 11571 608 2660
670 11571 608 2660
763 12879 560 2650
757 12933 536 2672
753 12903 554 2640
731 12879 617 2659
688 12350 523 2693
674 11685 558 2779
615 10597 583 2722
615 10597 583 2722
638 10863 608 2662
648 11108 571 2737
709 12531 523 2690
675 11591 551 2764
701 11969 550 2718
732 12816 596 2653
701 12227 553 2692
691 11326 563 2728
669 11196 580 2689
689 11529 545 2727
741 12645 557 2676
686 11869 557 2706
663 11128 589 2699
735 12358 600 2643
708 12331 536 2700
675 11591 551 2764
699 12255 533 2719
742 12391 559 2682
754 12439 560 2665
733 12704 582 2657
697 12346 530 2730
695 11560 571 2711
674 11685 558 2779
665 11935 577 2726
718 12326 563 2660
735 12358 600 2643
648 11108 571 2737
705 11668 566 2684
673 11589 608 2660
719 11957 536 2712
663 11128 589 2699
695 11873 565 2702
729 12915 578 2656
692 11489 536 2725
705 11898 554 2687
687 11782 578 2685
664 11761 530 2732
682 11938 581 2668
692 11671 593 2675
689 11748 566 2662
692 11671 593 2675
729 12915 578 2656
681 11641 550 2725
681 11641 550 2725
742 12391 559 2682
674 12286 577 2714
682 11938 581 2668
693 12338 551 2697
693 12338 551 2697
674 12286 577 2714
673 11538 571 2736
673 11538 571 2736
688 12350 523 2693
689 11748 566 2662
664 11761 530 2732
729 12915 578 2656
729 12915 578 2656
674 12286 577 2714
674 11685 558 2779
648 11108 571 2737
795 13917 566 2643
709 12722 523 2691
682 11716 558 2779
652 11266 608 2664
624 10968 583 2722
788 13247 592 2650
648 11108 571 2744
762 13119 536 2672
764 13759 533 2690
696 12091 550 2725
737 12301 559 2689
736 13037 578 2656
726 12451 523 2766
690 12222 566 2701
776 12633 557 2687
712 11580 569 2760
668 11853 530 2732
676 12051 604 2693
768 13073 556 2680
691 11813 587 2675
663 11613 590 2700
700 11923 569 2701
719 12516 606 2670
719 12732 569 2681
714 11993 554 2692
721 12438 566 2675
678 11363 580 2691
673 11323 589 2699
696 11540 572 2728
734 12334 568 2660
730 12389 566 2664
714 12114 580 2689
722 12407 532 2722
696 11540 572 2728
668 11853 530 2732
719 12082 582 2687
657 11321 608 2662
721 12330 578 2683
726 12260 589 2670
688 12485 523 2693
660 11302 608 2662
676 12051 604 2693
668 11853 530 2732
824 14099 533 2699
777 13341 523 2702
740 13386 578 2660
663 11324 617 2675
649 11365 609 2800
667 11679 571 2747
788 13577 566 2667
685 11805 603 2694
671 11879 530 2732
650 11358 589 2741
765 12625 547 2701
702 12026 587 2677
724 12660 536 2699
788 13566 560 2685
732 12491 581 2664
740 12885 545 2692
716 12520 523 2720
668 11911 530 2741
713 12257 571 2719
692 11605 580 2691
679 11518 580 2699
746 13259 551 2691
778 13317 565 2684
745 12594 554 2713
712 12745 548 2718
747 12214 562 2696
732 13032 569 2679
663 11417 608 2662
747 12089 577 2715
718 12951 523 2709
733 12559 568 2678
699 11377 589 2694
726 12115 566 2719
745 13486 569 2665
712 12928 523 2742
747 12214 562 2696
663 11417 608 2662
718 12788 566 2711
747 12802 578 2666
833 14325 523 2708
742 13426 578 2660
738 13237 555 2750
720 11937 652 2679
683 11673 615 2711
680 11872 595 2710
799 13511 523 2734
764 13578 572 2666
773 13253 545 2699
752 13092 536 2717
708 11783 631 2688
713 12009 598 2695
738 12001 569 2736
724 12789 562 2721
741 12492 612 2675
756 12784 629 2670
755 12886 585 2677
705 12589 588 2698
731 11989 620 2701
712 12382 581 2728
682 12237 615 2702
708 12361 612 2685
696 11711 582 2704
733 12419 591 2687
718 12733 589 2680
726 12108 590 2701
741 12796 537 2730
732 12806 587 2666
754 12645 578 2704
696 11711 582 2704
716 12759 590 2685
849 13900 553 2700
846 14172 581 2668
773 12796 549 2813
726 12757 643 2688
697 11958 613 2745
751 13204 555 2764
809 14103 569 2709
711 12377 585 2722
801 13830 590 2684
701 12038 599 2708
734 12903 564 2727
758 13440 590 2699
763 12718 612 2677
780 13922 585 2708
738 12852 608 2680
751 13254 580 2724
776 13087 580 2716
810 14871 602 2720
783 13627 566 2735
768 13304 590 2768
797 13821 563 2622
676 11699 523 2683
654 11298 575 2598
639 10867 581 2784
617 10404 601 2689
732 12666 568 2634
716 12718 557 2635
634 10909 588 2700
648 11438 538 2727
666 10681 580 2655
643 10905 547 2665
652 11116 524 2764
693 11654 523 2685
637 11043 556 2691
650 10995 527 2664
640 11334 585 2659
645 10981 571 2641
654 11409 538 2639
648 11438 538 2727
655 11284 523 2689
639 10991 567 2768
648 10710 572 2664
639 10867 581 2784
639 10991 567 2768
639 10867 581 2784
762 12912 532 2670
724 12546 586 2609
686 11921 523 2685
647 11010 618 2699
641 10571 601 2711
639 10867 581 2793
632 10643 601 2711
700 11706 596 2640
738 11889 536 2690
710 12420 586 2616
655 11495 552 2747
715 12297 603 2630
717 12090 560 2641
674 11838 527 2714
689 11153 541 2717
649 11402 580 2649
678 11455 543 2702
661 10824 585 2669
667 11233 529 2706
726 12736 566 2636
653 11104 612 2678
723 12657 532 2681
660 11406 576 2765
658 11145 569 2786
650 11551 538 2745
660 11317 564 2788
734 11453 582 2625
644 11276 599 2731
647 11010 618 2699
666 11046 559 2694
729 12657 580 2638
646 10949 581 2784
644 11276 599 2731
653 11104 612 2678
639 10867 581 2793
681 11497 577 2671
661 11607 538 2643
660 11406 576 2765
661 11668 568 2641
724 12365 582 2623
650 11535 541 2684
726 12344 582 2615
661 11443 564 2781
664 11147 567 2777
666 11046 559 2694
681 11497 577 2671
664 11147 567 2777
661 10824 585 2669
716 11910 582 2639
663 11578 538 2731
716 11910 582 2639
644 11276 599 2731
663 11578 538 2731
664 11147 567 2777
660 11406 576 2765
782 13686 554 2651
724 12516 586 2616
691 11830 539 2797
689 11969 523 2685
660 11321 618 2692
642 10575 601 2711
773 13132 532 2679
745 12825 542 2661
728 12405 586 2616
733 12346 582 2639
659 11103 581 2784
648 11347 590 2788
660 11321 618 2692
739 12947 541 2673
691 11904 603 2641
664 11166 567 2777
719 11642 559 2692
710 11833 545 2653
687 11281 574 2713
742 12839 538 2671
667 11675 552 2738
697 11468 559 2694
726 12223 563 2643
713 11809 529 2751
685 12025 529 2710
670 11341 585 2748
686 11672 568 2665
705 11691 596 2646
680 11700 571 2647
670 11469 547 2715
660 11539 592 2756
688 11569 598 2671
680 11970 543 2698
674 11907 532 2773
664 11760 552 2728
692 11947 542 2694
687 12231 542 2704
675 11613 580 2686
669 11723 579 2679
653 11156 581 2784
712 11886 533 2724
660 11318 564 2788
712 11886 533 2724
655 11603 582 2750
677 11533 547 2710
669 11411 583 2676
684 11982 538 2724
703 12136 568 2641
735 11443 544 2762
735 11443 544 2762
672 11790 556 2677
682 11708 568 2674
685 11298 594 2768
685 11298 594 2768
688 12115 568 2645
688 11410 550 2758
669 11731 568 2703
662 11599 559 2709
659 11103 581 2784
688 11410 550 2758
687 11903 556 2651
687 11958 538 2730
727 11811 533 2733
671 11788 580 2652
677 11582 580 2652
691 11904 603 2641
703 12136 568 2641
727 11811 533 2733
662 11599 559 2709
688 11410 550 2758
727 11811 533 2733
825 13930 554 2656
725 12745 523 2685
724 12517 586 2616
678 11566 550 2767
655 10922 615 2742
651 11249 601 2753
783 13332 532 2679
782 13428 565 2653
798 13478 566 2649
796 13855 550 2672
740 12408 533 2706
703 12412 580 2648
730 12785 554 2658
696 12223 524 2718
678 11279 615 2713
736 11835 594 2667
666 11607 573 2749
683 11404 603 2735
667 11009 615 2729
718 12508 541 2689
693 11731 585 2705
706 12241 547 2693
736 12738 523 2698
673 11459 588 2692
724 11805 568 2701
723 12200 538 2693
705 12213 556 2660
709 12364 550 2687
683 11404 603 2735
691 12299 538 2743
729 11955 541 2739
688 12093 580 2650
651 11249 601 2753
731 12078 559 2701
675 11956 593 2659
655 10922 615 2742
691 11489 550 2758
678 11566 550 2767
714 12212 562 2708
702 11989 524 2714
678 11757 576 2707
676 11645 559 2709
709 11947 576 2676
724 12223 536 2692
667 11009 615 2729
689 12101 573 2681
714 12310 566 2651
693 11443 594 2710
724 12041 561 2699
675 11990 575 2709
677 11936 573 2699
651 11249 601 2753
691 11489 550 2758
702 12042 565 2660
689 12101 573 2681
690 12306 573 2659
703 12412 580 2648
655 10922 615 2742
691 11489 550 2758
683 11404 603 2735
678 11566 550 2767
886 15508 523 2691
737 13028 538 2761
724 12520 586 2616
687 11624 618 2697
655 10944 615 2742
655 10944 615 2742
843 15140 523 2718
796 14129 538 2687
812 13843 532 2679
739 12671 585 2654
756 13388 577 2657
841 15200 523 2718
727 12571 585 2659
806 13858 550 2674
683 11743 562 2736
784 13023 557 2666
742 12990 536 2752
732 13217 527 2741
680 11709 569 2751
712 12008 555 2721
704 12162 571 2681
680 11907 571 2718
762 12947 565 2669
779 13361 547 2687
752 12432 539 2726
768 13168 524 2718
734 11830 573 2707
803 13857 527 2700
763 12831 523 2731
693 12376 577 2694
688 11892 571 2712
740 12758 559 2689
696 11927 574 2710
779 13361 547 2687
759 12616 556 2675
710 12265 552 2709
706 12266 552 2751
757 12931 532 2692
719 12685 542 2695
719 12638 555 2696
719 12685 542 2695
739 13043 547 2689
699 12434 555 2724
745 12946 532 2692
699 12434 555 2724
722 12666 547 2691
745 12946 532 2692
862 14373 523 2748
843 15240 523 2718
801 13289 589 2643
792 13077 532 2829
723 12118 617 2743
664 11002 615 2751
695 12053 567 2771
822 14409 550 2674
792 13077 532 2829
773 13635 578 2658
724 12346 556 2730
772 13380 579 2682
761 13280 601 2680
734 12254 595 2683
740 12551 607 2675
800 14200 538 2691
862 14373 523 2748
740 13120 562 2697
775 12754 547 2724
783 13743 538 2693
701 12128 591 2718
738 12847 550 2705
818 14077 547 2687
714 12180 588 2727
789 13336 529 2719
779 13202 534 2699
755 12986 536 2707
765 12284 574 2692
722 12487 571 2711
804 13343 566 2694
721 12585 560 2749
714 12692 573 2687
722 12655 559 2717
756 12496 571 2707
711 12201 588 2694
776 13236 547 2695
714 12195 568 2721
810 14100 547 2689
791 14322 547 2689
810 14329 538 2690
755 12986 536 2707
712 12274 578 2718
786 13213 532 2829
786 13213 532 2829
810 14329 538 2690
921 15394 533 2721
858 15540 523 2718
817 13879 591 2649
815 13533 529 2781
716 12705 616 2695
715 12477 607 2700
871 15097 547 2689
840 13841 589 2675
892 15386 545 2691
749 13075 603 2683
823 14490 532 2759
812 13673 529 2764
799 13970 547 2700
850 14632 538 2694
726 12840 566 2721
784 13080 545 2732
843 14746 547 2691
751 13270 552 2737
716 12675 580 2743
750 12886 559 2705
779 13297 573 2690
770 13574 536 2731
758 12582 582 2726
795 12795 560 2719
752 13275 593 2693
736 12710 574 2697
760 12634 578 2780
823 14490 532 2759
834 13762 556 2716
779 13928 547 2714
828 13546 529 2779
833 13807 534 2725
719 12517 590 2699
828 13546 529 2779
742 12487 589 2699
825 13787 556 2695
841 13994 585 2694
831 13881 532 2827
814 14628 564 2714
746 13098 611 2731
744 12626 599 2783
805 12902 601 2713
758 13515 559 2721
827 14460 569 2715
753 13315 576 2748
773 13233 594 2705
783 13872 598 2694
763 13332 590 2697
751 12941 585 2736
765 13827 559 2716
760 13494 577 2735
769 13498 560 2742
807 14316 561 2724
786 13477 601 2703
763 13692 637 2762
746 12808 602 2821
781 13245 627 2792
796 13487 596 2706
779 13326 617 2718
800 13650 635 2703
772 14065 560 2655
738 12672 523 2739
718 12632 616 2626
629 10789 581 2820
629 10789 581 2820
738 12862 588 2634
649 11099 544 2796
703 12683 615 2646
772 12565 548 2667
687 12180 524 2772
739 12720 533 2696
674 10891 532 2753
710 11802 536 2682
658 11219 574 2649
681 11600 533 2737
722 12499 594 2648
644 11175 554 2663
641 11260 564 2684
706 12364 551 2678
642 10895 600 2744
716 12061 524 2718
680 11512 547 2720
659 10968 551 2695
632 11016 594 2652
665 11960 545 2710
713 12183 524 2718
637 10894 590 2813
655 11118 548 2687
633 10900 548 2708
720 11551 547 2710
687 11955 548 2686
642 10895 600 2744
671 11439 551 2685
670 11470 533 2739
671 11323 533 2739
630 10800 590 2815
630 10800 590 2815
637 10894 590 2813
642 10895 600 2744
637 10894 590 2813
630 10800 590 2815
777 13706 533 2703
774 14096 533 2704
759 12973 588 2634
729 12319 524 2718
654 11517 631 2680
634 10877 581 2824
631 10919 590 2815
667 11201 567 2808
661 11441 631 2680
704 12401 538 2740
727 12143 594 2652
645 11562 564 2664
654 11288 548 2777
677 11245 594 2688
714 12833 551 2681
707 11911 619 2660
731 12158 529 2755
641 10986 600 2733
693 11750 560 2681
735 11883 541 2748
663 11124 609 2732
680 11276 559 2699
705 11407 555 2705
665 11185 578 2692
748 11517 579 2683
713 12086 610 2663
724 11902 546 2744
686 11888 543 2771
731 12138 536 2716
687 11151 532 2753
710 12000 541 2691
656 11626 551 2711
715 12227 551 2685
668 11558 561 2731
734 12911 542 2687
651 11346 615 2694
668 11713 551 2694
747 12153 547 2685
686 11610 551 2698
720 11924 538 2707
709 12197 548 2751
641 10986 600 2733
641 10958 581 2820
666 11496 562 2764
704 12401 538 2740
651 11349 566 2685
707 11911 619 2660
720 11824 550 2682
636 11529 612 2737
666 11496 562 2764
631 10919 590 2815
656 11213 581 2811
651 11346 615 2694
653 11529 584 2684
636 11529 612 2737
653 11529 584 2684
719 11465 550 2743
656 11213 581 2811
639 11151 594 2702
686 11772 547 2809
719 11965 547 2702
654 11288 548 2777
665 11185 578 2692
719 11465 550 2743
719 11965 547 2702
663 11124 609 2732
631 10919 590 2815
663 11124 609 2732
663 11124 609 2732
663 11124 609 2732
663 11124 609 2732
654 11517 631 2680
631 10919 590 2815
631 10919 590 2815
781 13699 547 2693
777 13707 533 2705
762 13205 588 2634
687 11195 532 2753
680 11685 651 2680
642 11023 581 2822
642 11023 581 2822
658 11231 599 2775
730 12009 541 2719
771 13199 628 2655
777 13148 538 2748
653 11429 605 2741
727 12152 545 2740
743 12982 551 2685
654 11426 631 2689
653 11466 578 2811
646 11656 586 2714
710 12681 547 2740
659 11398 618 2711
680 11790 559 2732
680 11685 651 2680
748 12665 554 2686
718 12332 542 2694
754 12473 594 2656
708 12433 628 2664
664 11832 564 2671
679 11736 592 2666
642 11023 581 2822
643 11166 619 2704
705 11386 582 2706
736 12404 619 2658
715 12492 542 2696
669 11609 566 2701
693 11792 551 2701
722 12421 578 2665
743 12982 551 2685
657 11761 631 2673
654 11467 570 2695
712 12661 548 2706
654 11467 570 2695
705 11386 582 2706
707 11801 551 2698
675 11389 566 2692
643 11166 619 2704
693 11438 564 2743
670 11404 566 2685
657 11390 579 2733
664 11280 594 2706
667 11439 578 2687
664 11280 594 2706
653 11466 578 2811
661 11688 631 2680
736 12409 578 2665
693 11438 564 2743
777 13707 533 2705
714 12584 551 2694
714 12584 551 2694
722 12421 578 2665
668 11706 566 2694
657 11390 579 2733
669 11609 566 2701
661 11688 631 2680
653 11466 578 2811
736 12409 578 2665
661 11688 631 2680
799 13526 541 2730
783 13865 533 2709
756 12491 594 2658
730 11527 532 2753
707 12319 654 2677
695 11262 546 2766
666 11430 581 2820
655 11690 631 2693
776 13121 542 2694
767 13390 560 2691
717 11972 633 2678
729 12208 536 2776
748 12087 547 2740
718 12231 615 2676
690 11628 555 2754
781 13757 547 2693
671 11523 578 2786
693 11413 585 2733
695 11262 546 2766
734 12304 603 2683
737 11838 622 2690
672 11436 571 2705
731 12761 542 2696
703 11898 565 2707
725 11870 538 2801
715 11983 538 2801
721 12687 551 2694
669 11443 601 2699
679 11498 573 2703
726 11998 552 2720
760 12339 559 2695
662 11476 633 2703
736 12414 619 2658
669 11532 583 2713
724 12447 578 2665
747 12309 591 2684
671 11761 594 2711
723 12377 548 2718
703 12221 594 2702
679 11879 564 2710
693 12162 559 2717
688 12329 619 2682
709 12012 562 2736
731 12761 542 2696
714 11941 565 2696
695 12334 564 2671
731 12297 557 2700
721 11931 619 2682
705 12035 551 2702
724 12447 578 2665
695 12053 553 2704
729 12251 591 2691
729 12251 591 2691
737 11838 622 2690
709 12024 594 2690
718 12000 556 2709
670 12031 619 2689
671 11846 631 2689
737 11512 622 2697
715 11892 559 2738
735 12331 564 2689
722 11870 559 2738
747 12309 591 2684
670 12031 619 2689
715 11983 538 2801
715 11983 538 2801
721 11931 619 2682
747 12309 591 2684
731 12761 542 2696
731 12761 542 2696
731 12761 542 2696
886 15542 536 2805
806 14092 619 2660
691 11978 645 2698
681 11482 581 2815
827 14339 563 2692
768 13117 619 2663
768 13510 559 2694
686 11870 572 2795
784 14168 542 2697
702 11693 588 2742
742 12893 551 2696
704 11518 564 2766
777 12445 600 2674
696 11768 601 2705
734 12485 538 2761
762 12794 547 2697
742 12727 578 2665
708 12046 556 2730
689 11848 571 2725
729 11615 579 2716
716 12205 569 2701
721 12076 538 2801
701 12077 586 2708
733 12772 545 2716
724 12461 556 2703
691 11796 599 2729
697 12452 564 2671
717 12179 575 2696
735 12304 557 2707
722 12251 560 2711
703 11655 590 2803
704 12397 562 2764
705 12341 594 2693
730 12131 559 2709
693 11973 594 2706
703 12214 566 2709
705 12341 594 2693
686 11667 599 2805
722 12883 563 2709
834 14141 559 2694
787 13583 578 2670
724 12228 543 2801
703 12414 583 2815
696 11835 662 2715
722 13099 624 2685
759 12540 547 2767
718 12569 654 2677
708 12045 598 2741
706 12487 596 2748
766 12694 566 2708
743 12933 552 2734
749 12303 613 2722
764 13032 563 2702
707 12058 619 2708
724 12810 561 2725
748 12861 568 2672
737 12780 574 2707
742 12622 609 2721
748 12692 593 2685
760 13073 548 2729
741 12285 587 2737
734 12607 568 2727
764 12284 585 2714
734 12774 584 2686
715 12800 607 2692
715 12800 607 2692
737 12787 565 2728
717 12046 559 2738
836 13821 553 2741
759 13468 550 2781
758 13175 569 2679
734 12898 677 2689
718 12314 562 2769
758 13077 594 2694
785 13336 566 2714
798 13324 556 2753
749 12953 642 2689
746 13084 617 2688
777 12496 571 2747
784 13511 557 2766
728 12472 576 2752
849 14035 574 2705
825 14110 578 2687
811 14174 570 2742
800 12856 605 2750
738 12318 602 2799
728 12479 590 2815
777 13395 588 2723
760 12995 580 2752
739 12451 582 2782
749 12870 576 2790
736 12844 581 2769
762 13268 573 2770
837 13795 573 2752
771 13567 588 2691
770 13371 602 2697
825 14108 573 2695
896 14499 594 2732
817 13902 619 2717
816 14222 574 2772
776 13904 598 2703
763 12883 585 2826
748 12642 611 2798
744 12900 587 2777
842 14021 576 2807
756 13220 582 2787
795 13661 594 2739
787 13752 598 2740
781 14282 597 2740
813 14099 596 2740
765 13042 608 2778
761 13083 609 2809
766 13214 606 2777
743 12148 524 2659
725 12976 536 2658
696 11728 571 2605
653 11413 523 2793
620 10364 571 2660
615 11273 587 2729
615 11273 587 2729
631 10615 565 2740
675 10734 529 2690
735 12531 550 2628
704 12030 556 2629
705 11852 568 2625
649 11040 545 2697
657 10620 568 2666
666 11430 536 2703
624 11071 553 2701
676 11372 523 2663
645 10430 571 2624
643 10503 571 2649
671 11543 536 2701
660 11372 548 2694
641 10397 571 2651
664 11376 541 2637
647 11326 552 2656
664 11391 541 2633
669 11999 539 2698
669 11999 539 2698
667 11371 550 2660
645 10429 571 2626
645 10430 571 2624
765 12779 527 2671
752 12782 550 2628
668 11679 523 2793
652 11317 564 2793
651 10691 571 2624
620 10367 571 2660
615 11273 599 2736
615 11273 599 2736
742 12559 524 2682
731 12200 529 2663
653 11091 564 2782
644 10958 565 2740
693 11465 559 2644
717 11472 529 2672
649 10874 565 2740
701 11720 536 2668
672 11237 560 2764
683 11970 553 2638
731 11995 523 2688
713 11496 541 2643
657 11223 564 2740
705 11770 550 2634
707 12052 527 2694
672 11237 560 2764
669 11543 545 2695
667 11371 562 2705
691 11889 538 2691
679 11628 548 2683
700 11906 527 2707
677 11371 545 2729
667 11588 548 2710
677 11371 545 2729
661 11563 562 2718
657 11223 564 2740
681 11901 541 2664
686 11929 523 2695
682 11901 527 2720
667 11707 550 2639
691 11889 538 2691
661 11563 562 2718
615 11273 599 2736
667 11371 562 2705
661 11563 562 2718
794 13863 545 2649
697 12158 523 2730
675 11977 523 2793
669 10761 585 2658
655 10834 571 2624
643 10386 583 2750
620 10404 571 2660
758 13310 527 2682
649 10975 565 2740
677 11288 563 2778
643 10386 583 2750
757 12979 524 2698
707 12328 533 2718
655 10834 571 2624
728 12788 527 2727
669 10761 585 2658
737 11763 538 2671
682 12302 544 2770
750 12687 541 2655
717 12230 536 2721
752 13183 550 2628
748 12583 550 2634
726 12549 562 2641
675 11977 523 2793
703 11388 557 2757
681 12110 554 2694
703 11665 548 2766
743 11909 559 2653
690 11812 553 2737
716 12130 557 2666
693 12033 548 2745
718 11851 538 2679
709 12343 529 2713
688 12258 559 2680
758 13129 550 2632
668 11937 560 2724
723 11656 561 2689
731 12484 529 2663
723 12498 543 2660
698 11633 557 2733
711 12100 562 2648
703 12158 539 2689
680 12014 551 2705
690 11965 554 2683
663 11459 564 2752
726 11673 529 2697
695 12287 541 2726
699 12318 545 2677
734 11699 559 2662
708 11468 559 2709
703 12202 562 2667
703 11388 557 2757
697 12030 523 2777
689 11934 562 2699
663 11459 564 2752
664 11443 564 2745
697 11727 559 2706
748 12309 523 2699
696 12091 527 2738
669 11515 562 2714
705 12277 545 2677
726 12015 563 2651
669 11515 562 2714
680 12014 551 2705
726 11673 529 2697
718 11727 550 2665
676 11983 551 2714
693 11989 550 2683
664 11443 564 2745
693 11655 559 2712
693 11655 559 2712
689 11934 562 2699
705 12277 545 2677
676 11983 551 2714
769 12769 529 2690
750 13274 523 2722
707 12509 523 2793
680 10924 573 2625
678 12302 587 2657
620 10442 571 2674
645 10457 571 2660
697 11854 564 2776
679 11610 565 2723
697 12204 533 2734
671 10790 585 2658
680 10924 573 2625
671 10790 585 2658
732 12879 536 2669
756 12557 543 2666
737 11690 532 2715
740 11892 529 2698
750 12623 550 2634
764 12009 538 2683
727 11803 553 2684
732 12489 559 2675
733 12182 569 2660
757 12139 559 2653
689 12037 553 2733
749 12350 538 2675
700 12304 560 2694
691 11976 562 2699
705 12086 559 2704
736 12489 548 2667
713 12077 551 2691
727 12080 571 2642
736 12708 536 2687
714 12186 541 2710
721 12267 536 2724
709 12276 548 2689
707 11966 562 2695
727 12274 523 2730
725 12677 533 2718
714 12186 541 2710
718 12130 538 2684
725 12677 533 2718
749 12350 538 2675
744 12099 538 2684
744 12099 538 2684
671 10790 585 2658
789 12901 550 2645
768 13649 523 2722
757 12528 529 2807
657 10521 583 2750
631 10922 613 2779
624 11064 573 2755
755 12904 559 2653
741 13173 538 2672
647 10788 603 2688
774 12145 534 2724
668 11351 574 2744
781 12800 553 2665
699 11935 565 2733
746 12837 536 2715
687 10929 585 2658
697 12521 564 2782
668 11591 580 2741
736 12554 543 2692
646 11110 595 2729
631 10922 613 2779
742 13061 529 2711
703 12183 586 2652
659 11363 587 2747
761 12360 541 2676
766 12464 538 2680
714 12326 562 2704
724 12164 550 2703
784 12749 547 2667
650 11016 590 2771
638 10935 597 2720
728 12430 532 2735
713 12714 523 2793
671 10801 585 2660
674 10911 571 2669
728 12760 523 2730
725 12269 541 2769
653 10959 573 2766
655 11653 574 2740
638 10935 597 2720
787 12704 529 2698
647 11060 571 2792
655 11827 587 2729
669 11392 585 2729
711 12640 548 2709
656 10931 572 2777
739 12659 562 2671
699 12315 539 2741
646 10921 603 2690
727 12167 571 2649
650 11016 590 2771
647 11060 571 2792
740 12391 538 2707
731 12563 539 2698
646 10921 603 2690
711 12640 548 2709
731 12563 539 2698
655 11827 587 2729
729 12704 548 2708
625 11383 587 2740
625 11383 587 2740
674 10911 571 2669
653 10959 573 2766
653 10959 573 2766
647 10788 603 2688
674 10911 571 2669
647 11060 571 2792
836 14872 532 2708
768 13659 523 2722
740 12263 571 2651
656 11240 639 2713
647 11152 571 2792
636 10993 613 2779
755 13730 545 2676
803 13114 538 2687
780 12819 529 2749
793 13658 565 2664
656 11240 639 2713
725 12478 559 2704
697 11503 586 2733
794 13413 523 2730
676 11885 571 2697
657 11613 604 2766
718 12414 553 2784
665 11946 588 2759
669 12115 599 2736
705 12741 562 2765
717 12684 550 2718
655 11522 604 2775
787 12999 538 2697
715 12369 569 2768
766 13097 552 2692
674 12097 599 2725
733 12876 523 2777
751 12703 566 2681
716 12353 580 2686
744 12983 523 2741
716 12779 546 2758
746 12351 542 2761
670 11407 573 2766
675 12240 575 2759
663 11051 572 2777
734 12714 542 2733
742 12473 532 2735
741 12748 566 2694
768 13659 523 2722
832 14287 529 2726
794 14437 523 2722
759 13230 523 2763
752 13127 627 2658
746 13166 620 2656
719 12542 562 2823
661 11229 571 2799
666 11838 608 2797
681 12120 578 2698
750 13248 590 2689
712 12269 577 2714
714 12216 573 2788
719 12842 560 2718
773 13925 532 2729
818 13468 541 2689
741 12984 557 2728
775 13855 529 2753
748 13051 555 2765
805 14158 551 2705
799 13083 548 2741
806 13646 573 2697
752 13335 585 2689
782 13403 523 2752
747 12555 575 2739
800 14215 543 2725
765 12859 551 2749
763 13260 568 2715
766 13180 559 2698
762 12961 571 2711
757 13073 523 2765
810 13271 553 2712
808 13371 552 2691
771 13049 553 2723
805 14161 523 2738
751 13542 523 2763
759 13230 523 2763
856 14887 523 2751
830 14110 620 2656
760 13439 523 2763
665 11403 571 2799
788 13573 545 2754
729 12389 601 2739
832 14483 583 2702
720 12598 577 2724
736 13004 566 2731
737 12779 583 2713
760 13439 523 2763
843 14652 536 2753
829 14584 567 2719
731 12576 595 2727
765 13309 523 2763
833 14714 523 2756
765 13309 523 2763
816 13861 553 2765
813 14065 610 2731
766 13362 523 2769
669 11485 571 2799
785 13184 591 2747
788 13430 574 2759
801 13464 585 2769
787 13367 557 2775
774 13451 595 2777
699 12456 585 2812
749 13023 572 2809
770 13451 585 2803
820 14070 583 2792
801 14213 574 2782
