200 1.64866
701 12402 523 2592
598 10464 556 2609
655 11201 523 2648
686 12282 524 2537
686 11841 524 2550
705 12388 530 2633
652 11234 532 2638
712 11667 523 2595
722 12385 538 2587
717 12909 556 2548
698 11957 524 2566
746 13071 527 2604
613 11197 523 2553
679 11743 556 2558
717 12141 523 2558
641 11045 523 2624
782 13193 576 2702
674 11834 539 2649
687 12018 530 2607
720 12531 523 2569
704 12238 524 2564
726 13163 523 2665
739 12647 533 2569
698 12112 529 2604
732 12158 523 2690
731 12445 536 2691
752 12778 532 2636
719 11763 523 2711
810 13660 539 2591
703 12300 523 2585
671 11598 533 2588
718 12532 545 2567
698 12172 523 2597
694 11970 523 2658
655 11000 523 2619
764 13237 523 2650
736 12520 524 2552
744 12839 545 2549
584 9963 542 2569
702 12700 533 2555
721 12431 534 2589
686 12309 533 2600
680 11971 524 2557
641 10880 523 2612
737 13391 536 2612
659 11205 523 2691
664 11631 527 2612
722 12404 541 2754
730 13244 523 2641
641 11047 523 2603
716 12237 530 2647
710 12587 523 2609
726 12875 523 2623
703 12123 523 2724
713 11906 523 2703
773 13190 556 2713
769 12784 537 2669
621 10633 542 2536
751 12912 523 2611
678 11745 523 2575
737 12266 536 2587
723 12631 524 2612
685 11784 523 2574
707 12227 553 2721
611 10410 523 2568
707 12617 523 2575
719 11891 523 2677
656 11167 523 2608
703 11814 523 2589
667 11437 523 2580
723 12303 527 2643
674 11704 527 2593
667 11522 523 2607
765 13150 523 2573
671 11705 524 2577
635 11242 523 2618
715 12458 559 2562
697 12024 523 2642
775 13537 523 2595
703 12133 533 2576
633 11131 523 2561
685 11528 527 2652
675 12106 527 2573
679 11399 523 2615
713 11959 529 2645
661 11732 523 2632
632 10959 524 2581
677 12263 539 2615
665 11779 523 2597
688 12099 523 2564
657 11663 523 2602
687 11835 523 2642
735 12724 533 2532
757 13111 524 2546
776 13095 523 2632
683 12067 536 2568
703 12390 538 2579
691 12320 523 2594
763 13463 524 2569
714 12275 527 2583
