0 0.513469
787 12972 571 2739
777 13881 572 2726
770 13022 613 2695
737 12557 553 2852
689 12414 683 2729
688 11514 629 2790
677 11992 655 2774
747 13168 596 2753
689 11642 574 2810
766 12673 600 2705
701 12427 564 2794
691 11848 636 2702
690 12285 595 2777
717 12363 580 2765
690 12047 631 2744
778 12857 597 2761
710 12777 571 2791
719 12575 599 2729
746 13071 569 2785
719 12345 629 2730
742 12789 579 2781
689 11878 613 2768
743 12998 604 2727
693 11863 599 2733
927 15921 608 2735
805 13862 637 2695
799 13658 671 2700
725 12664 584 2826
707 12050 644 2721
689 12358 597 2845
838 14783 595 2751
733 12504 658 2711
789 14131 597 2763
689 12265 669 2801
823 13952 590 2765
809 13600 615 2720
772 13702 620 2704
777 13402 609 2733
714 12723 603 2741
722 12932 627 2729
730 13066 623 2734
746 13574 600 2737
745 12133 613 2751
698 12405 600 2833
697 12420 605 2800
790 13442 628 2727
768 13432 611 2734
694 12559 595 2788
729 12495 594 2778
691 12323 639 2767
718 12198 633 2755
724 12681 586 2788
736 12183 632 2801
795 13671 590 2781
729 12069 640 2739
705 12460 602 2755
690 12190 635 2783
701 12302 622 2736
886 15389 592 2781
815 14115 656 2701
771 13338 587 2805
763 13689 678 2726
736 12146 664 2797
705 12300 649 2848
698 12426 615 2801
842 14280 602 2778
849 14238 602 2755
827 14141 601 2794
710 12354 638 2826
777 13839 622 2722
704 12416 675 2799
723 12656 605 2834
750 12709 664 2739
786 13530 599 2796
754 13136 646 2729
803 13121 596 2803
713 12519 611 2767
766 13268 593 2817
744 12677 658 2749
721 13015 632 2756
736 12737 606 2771
786 14040 624 2716
733 12388 653 2783
805 14131 648 2706
718 12598 642 2761
780 12995 603 2810
806 13205 620 2742
813 14039 627 2717
815 13460 588 2796
720 12265 644 2802
769 12990 619 2745
730 12583 599 2816
731 13113 607 2748
770 13974 628 2741
735 12514 654 2775
735 12947 615 2756
725 12669 628 2765
758 12415 616 2796
740 12588 650 2766
741 13082 603 2753
726 12479 615 2781
735 12643 653 2760
741 12710 625 2752
721 12409 625 2801
843 14093 625 2745
828 14393 590 2807
799 13520 650 2737
789 12850 677 2741
768 13254 601 2862
724 12386 648 2802
711 12536 627 2820
769 13148 651 2753
733 13026 674 2759
820 14135 597 2808
784 13887 593 2845
780 13416 600 2827
808 13615 648 2751
817 13475 610 2771
761 13296 605 2792
837 13922 602 2803
804 13582 593 2839
778 13375 620 2777
756 12713 618 2784
796 13692 604 2771
748 12771 621 2768
716 12632 624 2822
770 12893 629 2760
800 13749 594 2812
821 14041 606 2755
728 12619 644 2765
753 13258 638 2754
825 13989 593 2821
831 13561 620 2746
714 12560 633 2817
716 12917 636 2767
735 13218 612 2814
767 13096 611 2788
785 13741 604 2776
760 12756 615 2781
732 12494 627 2821
744 13575 605 2811
803 13568 632 2757
739 12549 616 2820
725 12575 623 2790
756 13056 627 2764
724 12585 642 2788
736 13011 641 2764
756 12985 649 2759
760 13516 613 2761
784 13407 627 2762
737 13001 623 2781
905 15606 591 2832
861 14775 652 2740
736 12440 658 2810
734 12659 628 2895
724 12849 691 2821
720 12805 646 2859
837 15084 595 2838
883 14847 609 2761
868 15442 603 2818
801 13951 656 2740
760 13239 671 2779
806 14271 606 2834
834 15016 592 2839
803 14308 605 2777
727 13004 663 2811
816 13606 606 2794
860 15072 604 2786
743 12599 636 2792
786 13896 602 2837
729 12874 630 2797
757 13358 641 2754
779 12752 643 2784
798 13517 611 2823
763 13241 613 2847
744 13198 626 2818
789 13684 613 2766
767 13333 669 2777
775 13796 609 2802
785 13763 615 2775
745 13030 623 2781
772 13220 646 2768
762 13585 640 2757
752 12870 620 2821
736 13242 637 2787
764 13079 620 2805
760 13094 617 2801
772 12894 616 2782
758 13309 618 2809
766 13434 629 2772
793 13352 638 2762
740 12811 652 2823
727 13025 629 2840
762 13221 658 2780
756 13383 636 2768
741 12710 618 2822
763 13616 616 2762
797 13478 629 2762
908 16008 602 2832
819 14215 685 2758
814 14253 656 2740
769 12776 632 2855
738 12897 661 2823
840 15004 620 2778
863 15490 606 2796
885 15851 652 2750
745 13083 683 2805
879 15788 608 2792
865 14533 620 2774
782 13142 669 2792
775 13108 617 2819
769 12926 635 2843
795 13886 625 2772
759 13632 630 2791
834 14414 610 2794
812 13984 615 2805
783 13614 648 2771
745 13057 633 2849
791 14092 621 2789
828 14300 644 2762
773 13199 642 2799
802 14476 657 2761
781 13503 638 2781
832 13759 664 2764
741 13269 644 2787
746 13299 626 2803
824 14176 655 2762
808 13110 660 2794
774 13394 652 2783
776 13765 632 2783
758 12850 661 2805
767 13537 620 2805
796 13729 616 2782
767 12970 649 2802
792 14041 664 2761
753 13044 651 2800
835 14429 636 2766
774 13697 634 2776
805 14287 653 2758
805 14456 632 2767
787 12913 640 2802
820 14130 635 2771
743 13143 635 2804
748 12916 640 2803
753 13138 637 2800
748 12882 656 2800
911 15289 611 2806
895 15594 611 2812
880 15628 620 2784
832 14417 711 2764
818 13141 642 2863
754 13036 682 2847
743 13391 635 2823
784 13149 667 2859
853 14902 672 2764
798 14166 695 2770
901 15017 620 2786
858 15494 632 2771
867 13905 679 2768
829 14538 650 2770
905 15350 615 2816
839 14788 638 2777
806 13838 644 2781
763 13274 684 2809
754 13418 646 2793
775 13556 625 2838
750 13287 692 2795
865 14934 617 2817
822 14428 622 2800
770 14137 625 2841
836 14797 640 2768
801 14326 629 2788
790 13041 674 2847
763 13235 656 2828
792 13378 654 2797
799 13988 628 2818
796 13221 627 2835
833 14228 634 2783
832 14740 622 2793
827 14156 659 2775
791 13135 660 2804
789 14115 660 2771
773 13225 677 2803
752 13732 668 2812
768 13601 626 2837
801 13322 625 2831
802 13601 664 2789
812 13726 656 2790
750 13277 675 2808
793 13783 639 2814
761 13334 629 2816
826 13652 641 2795
786 14032 644 2786
802 13809 623 2785
795 13340 651 2813
799 13581 637 2806
786 14013 657 2783
813 13689 623 2806
823 13749 621 2817
770 13395 683 2794
791 13347 675 2792
790 13230 638 2817
885 15217 657 2768
873 15347 662 2776
810 14228 625 2799
791 13170 670 2823
767 13820 706 2796
753 13977 665 2864
854 14922 674 2769
786 13596 637 2817
777 13811 646 2848
863 15214 664 2771
766 13398 648 2834
838 14603 653 2777
788 13688 630 2839
828 14658 659 2778
818 14415 660 2780
799 14232 664 2780
808 14096 693 2790
789 13742 682 2799
760 13444 648 2809
789 13421 703 2799
776 13606 656 2802
815 14069 644 2787
809 14131 686 2785
805 13900 649 2795
850 14176 626 2812
807 13967 690 2792
845 14079 658 2784
791 14049 655 2799
790 13477 674 2803
824 13879 655 2797
823 14155 646 2783
814 13775 629 2810
807 14212 672 2782
804 14179 626 2788
810 13774 648 2803
816 14102 628 2812
816 14015 690 2784
890 15563 639 2791
863 15333 713 2777
833 14452 626 2839
793 14127 641 2861
779 13444 680 2815
773 13854 658 2819
841 14491 681 2782
822 14665 630 2795
850 14551 650 2786
780 13562 674 2842
779 13491 653 2846
793 13914 642 2822
811 14253 644 2803
811 14131 666 2801
792 13716 672 2814
815 14444 638 2793
798 13947 638 2834
776 14027 667 2808
800 14014 652 2809
818 13958 656 2795
816 14305 641 2789
823 14183 633 2837
832 14220 633 2807
779 13716 661 2835
834 14146 657 2790
825 13553 658 2818
799 13918 663 2811
819 13813 650 2814
832 14583 662 2787
794 13720 665 2818
797 13864 632 2840
792 13735 652 2839
797 13724 650 2819
876 14811 674 2789
840 15032 640 2801
832 14919 630 2802
781 14113 667 2831
781 13515 698 2880
858 14647 635 2872
811 13973 639 2857
821 13910 648 2840
801 13596 686 2815
857 14517 659 2792
806 13589 684 2850
799 13750 681 2816
837 14398 655 2804
846 14446 653 2811
804 14204 664 2809
787 13712 681 2833
792 14068 665 2831
850 14308 645 2794
817 14347 669 2804
794 13945 663 2846
824 14721 647 2820
841 14774 646 2821
850 14684 637 2834
815 14023 660 2816
840 14793 642 2814
845 14050 661 2797
843 14715 637 2818
796 14067 682 2821
842 14679 641 2798
926 15017 631 2831
887 15696 657 2808
838 15265 631 2824
825 14897 668 2886
809 14074 701 2826
796 13922 681 2839
782 14231 679 2844
836 14409 639 2866
881 14547 666 2826
888 14157 655 2855
865 15033 635 2857
853 14314 667 2820
839 14924 654 2809
867 14950 643 2844
823 14070 679 2835
825 14283 679 2831
837 14977 648 2834
899 15797 652 2856
865 15526 640 2860
858 15048 679 2810
835 14618 696 2850
807 14626 684 2873
801 14206 693 2861
866 15142 665 2816
859 15357 654 2830
844 14932 673 2814
953 16129 670 2825
926 16038 688 2810
874 14747 698 2864
865 15223 702 2816
910 15532 681 2816
921 15254 685 2832
871 15448 690 2821
925 15725 693 2817
868 15753 716 2852
877 15186 576 2738
730 12682 623 2696
730 12652 567 2755
707 11630 665 2833
702 11795 593 2834
684 12323 585 2704
800 13577 582 2725
699 11835 606 2781
748 12279 585 2715
692 12044 601 2730
688 11850 611 2765
685 11947 574 2745
710 12297 621 2704
691 11867 616 2760
806 13711 572 2809
770 12894 661 2707
761 13502 598 2706
686 12017 597 2819
774 13428 583 2766
689 12343 641 2809
768 13050 603 2715
704 12186 638 2734
756 13260 623 2723
728 12551 612 2763
726 12175 615 2787
721 12988 604 2746
738 12709 590 2735
732 12907 629 2723
693 12343 621 2788
706 12018 590 2807
714 12406 622 2725
748 13003 585 2755
711 12258 593 2796
710 12330 582 2783
742 12564 576 2773
731 12950 596 2739
766 12403 620 2749
711 12586 625 2749
709 12633 620 2759
717 12241 629 2787
746 12585 594 2771
757 12985 589 2758
711 12280 583 2773
738 12311 595 2756
893 15541 588 2773
808 13820 577 2818
776 13716 698 2712
713 12120 623 2810
703 12624 611 2830
887 14810 582 2793
844 14531 623 2721
818 14049 594 2764
836 15059 591 2784
714 12359 650 2803
728 12481 684 2765
785 13578 657 2722
789 13113 648 2726
731 12612 669 2739
755 13420 654 2728
775 13240 658 2720
711 12235 662 2776
770 13323 600 2736
721 12799 681 2752
832 13797 622 2722
716 12811 676 2755
712 12179 609 2815
766 12499 639 2779
754 13199 621 2746
740 12933 611 2753
751 12973 663 2725
763 13055 636 2736
729 12841 634 2771
738 12756 595 2795
748 12709 653 2732
750 13363 597 2767
745 12954 595 2785
716 12918 642 2733
731 12737 627 2748
744 13216 585 2793
754 12523 654 2776
721 12628 643 2758
737 12679 627 2746
735 13162 605 2767
754 13063 606 2750
751 12597 599 2756
740 12668 625 2762
728 12998 633 2760
738 12454 622 2781
745 12832 604 2763
741 12712 588 2795
737 12206 659 2736
754 12961 631 2737
718 12637 611 2780
715 12635 632 2783
738 12616 647 2739
755 13224 610 2738
830 14211 601 2769
810 14159 589 2811
805 13757 655 2726
764 13246 594 2847
730 12791 714 2769
730 12261 625 2810
713 12800 645 2819
729 12754 683 2775
743 13295 628 2759
749 12607 669 2792
794 12489 660 2799
773 13640 610 2749
775 12770 611 2832
723 12916 637 2842
785 13140 609 2775
770 13894 611 2757
793 13793 605 2755
761 12942 665 2734
725 12769 621 2780
738 13071 655 2751
740 12726 632 2758
769 12632 650 2751
801 13293 613 2741
753 13256 598 2789
761 13208 618 2787
749 13139 616 2799
756 13003 639 2744
757 12500 630 2792
739 12939 615 2839
754 13025 613 2817
758 13288 614 2738
764 13177 637 2750
724 12751 621 2804
761 12498 642 2808
743 13235 643 2753
758 13052 619 2771
724 12641 639 2787
770 12973 625 2755
774 13019 609 2811
751 13054 655 2748
864 15180 602 2776
834 14455 590 2816
806 14045 666 2727
773 12468 640 2826
772 12824 707 2768
756 13203 618 2878
728 12825 656 2819
763 12896 692 2765
793 13286 614 2841
733 13111 679 2782
764 12486 655 2859
815 14270 607 2776
794 13789 600 2815
816 14116 608 2777
798 13556 617 2742
736 12663 663 2851
765 13388 673 2735
773 13370 601 2800
802 13961 611 2772
807 13510 628 2753
781 14194 610 2762
730 12764 660 2808
754 12618 648 2816
772 13671 634 2759
752 12736 654 2787
785 13843 666 2740
744 12843 669 2785
788 14113 623 2755
778 14025 621 2766
738 12801 622 2793
748 13072 632 2779
759 13199 625 2792
739 12937 635 2787
742 13265 667 2777
792 13013 645 2771
736 12630 646 2857
810 13490 613 2764
769 13181 624 2781
758 13069 643 2759
734 12937 641 2810
762 13112 668 2737
786 13484 641 2768
784 13550 630 2763
796 12966 621 2787
758 13412 624 2771
763 13158 620 2788
754 13037 660 2768
746 13372 647 2780
753 13151 662 2764
765 13813 613 2858
784 14062 617 2788
762 13387 631 2786
865 14925 602 2800
864 15386 686 2739
809 14116 601 2827
773 13215 638 2874
769 13303 693 2776
757 12813 644 2793
740 13186 648 2787
750 13252 644 2870
862 15356 602 2802
840 13602 615 2765
745 13057 663 2797
811 14319 669 2741
821 14178 610 2786
820 14716 614 2770
822 13695 634 2748
808 14662 615 2794
798 14111 655 2751
753 13029 676 2794
750 12923 645 2796
805 13472 628 2812
771 13895 626 2805
769 13717 672 2760
761 13607 682 2774
767 13835 669 2762
756 13439 654 2782
802 13976 623 2745
816 14277 617 2767
783 13388 622 2820
790 14240 635 2757
778 13382 650 2774
761 13245 642 2816
816 13997 618 2789
812 13592 620 2803
793 13887 616 2826
785 14025 630 2780
779 13129 648 2762
762 13534 632 2778
781 13366 635 2813
805 14020 643 2744
788 13676 639 2765
748 13388 642 2799
798 14106 623 2760
771 13570 650 2773
742 13177 648 2798
753 13404 637 2791
787 14111 640 2761
795 13755 630 2795
762 13602 625 2824
768 13417 633 2781
764 13775 634 2773
791 13809 623 2804
796 13592 637 2763
782 13546 631 2782
780 13795 669 2757
763 13454 636 2794
795 13997 625 2795
805 13635 614 2803
987 16701 632 2748
959 16604 609 2806
856 14731 690 2746
799 13754 711 2771
771 12823 653 2819
751 12958 659 2870
749 13062 686 2805
911 15822 614 2818
898 15705 616 2810
848 14956 623 2768
753 13286 699 2799
781 13227 644 2852
862 14296 620 2793
795 14118 627 2846
772 13502 675 2787
815 14405 625 2765
819 14074 625 2829
814 14561 670 2757
831 14225 619 2826
823 14287 661 2754
810 13680 630 2820
776 13806 636 2800
810 13530 622 2838
798 14544 641 2773
806 13925 674 2775
839 13573 632 2778
760 13076 648 2824
759 12873 665 2793
775 12972 647 2804
791 13139 653 2785
821 14285 623 2811
822 14057 626 2837
812 14613 640 2780
757 13347 662 2791
793 13368 646 2816
750 12946 666 2800
766 13407 655 2808
787 13205 651 2799
826 14069 634 2782
813 14085 662 2761
805 13572 638 2798
838 14721 621 2810
784 13923 653 2783
784 13433 643 2789
834 14056 632 2757
800 13962 632 2796
807 14289 655 2760
827 14140 632 2772
773 13670 657 2780
783 13426 649 2795
768 13221 658 2809
794 13776 639 2784
779 13651 643 2800
833 14169 626 2796
813 14203 637 2787
788 13381 646 2824
809 13414 645 2795
827 14082 659 2778
887 14513 645 2769
864 14146 658 2758
843 14276 623 2835
835 15214 627 2777
820 14178 630 2868
759 13802 704 2800
751 13045 673 2827
828 15161 685 2784
774 13604 683 2812
801 13974 699 2784
785 14043 658 2789
814 13770 650 2866
830 14622 623 2848
776 13292 674 2800
786 13128 655 2855
767 13861 666 2801
855 14421 669 2773
828 14942 631 2799
857 15190 647 2767
775 13365 672 2817
830 14847 632 2830
788 13982 637 2835
833 14659 630 2771
830 14823 637 2769
791 13189 653 2791
793 13935 639 2809
843 13493 650 2815
841 14269 637 2832
789 14282 646 2793
842 14565 627 2803
834 14450 656 2779
805 14150 644 2808
790 13424 668 2797
772 13771 670 2791
798 14163 638 2805
818 13949 646 2785
809 13965 644 2796
807 13955 648 2807
791 14467 639 2816
788 13934 655 2805
788 13842 667 2791
909 15938 635 2786
835 14960 666 2777
834 15093 625 2850
796 13539 718 2807
787 13947 672 2906
773 13057 686 2830
770 13256 688 2833
803 14447 651 2865
890 15866 647 2789
834 14295 704 2786
873 15161 665 2778
859 15323 646 2791
854 15043 659 2784
861 15181 629 2820
825 14616 644 2804
777 13405 679 2812
864 14383 638 2816
845 13993 652 2785
834 13649 653 2792
816 13537 681 2810
816 14174 640 2807
859 14828 634 2804
809 13677 654 2828
810 14058 650 2800
804 14774 652 2823
779 13993 676 2829
790 13794 669 2810
825 14086 653 2789
796 13742 668 2799
865 14811 644 2791
809 14227 643 2812
804 13925 662 2791
793 14058 675 2805
789 13931 677 2825
801 13716 661 2809
791 13494 653 2833
800 13755 667 2805
796 13737 665 2831
893 15349 651 2799
875 15078 638 2809
874 14721 708 2788
864 15036 657 2787
781 14125 677 2868
774 13210 693 2858
848 14889 648 2805
880 14481 642 2811
832 14152 681 2798
790 13784 701 2832
861 14051 669 2790
791 13475 699 2817
811 14132 651 2841
825 13581 668 2859
791 13999 661 2833
805 13846 695 2810
823 13841 655 2829
831 14358 661 2819
840 14616 653 2804
817 13870 690 2803
819 14263 658 2838
814 14725 673 2819
863 15126 665 2798
865 15021 659 2798
828 14184 665 2801
816 14528 690 2808
824 14629 674 2806
916 15735 638 2878
900 15311 664 2802
863 15753 649 2873
818 14065 700 2828
780 13713 696 2871
875 15583 649 2815
835 14273 658 2843
845 14847 666 2808
803 14149 671 2838
828 14250 694 2802
838 14413 669 2825
861 15067 660 2826
800 14398 661 2834
840 14155 665 2835
934 16025 714 2804
882 15444 658 2843
873 14077 710 2839
869 15085 660 2862
837 14848 696 2830
907 15892 676 2805
860 15803 668 2855
899 14317 698 2841
863 15467 661 2829
886 14910 694 2836
924 15677 668 2861
892 16015 716 2834
865 15831 681 2882
845 14178 588 2719
754 13766 544 2780
715 12606 623 2700
703 11672 632 2768
695 11941 669 2757
680 11850 610 2858
665 11944 638 2749
768 13160 569 2765
798 12793 597 2720
691 11730 649 2824
729 12820 570 2729
712 12617 595 2800
733 11775 610 2747
685 12286 606 2720
728 12559 594 2731
713 11739 650 2722
701 12215 591 2807
707 12283 615 2779
720 12246 586 2767
720 11974 630 2736
716 12055 608 2758
705 12170 628 2752
696 12029 628 2804
836 14445 565 2826
740 12951 627 2713
704 11914 649 2783
688 12269 658 2785
792 13775 574 2750
754 13419 604 2741
773 12937 589 2811
704 12493 606 2730
766 13005 580 2781
728 12740 594 2761
729 12091 635 2758
728 12190 642 2812
742 12606 599 2800
755 12193 625 2798
713 12311 618 2750
719 12345 615 2802
745 13121 593 2773
770 13245 579 2795
702 12368 630 2771
722 12405 641 2743
721 12428 611 2786
697 12314 634 2793
769 13173 593 2757
712 12265 629 2801
744 12326 592 2792
846 14930 590 2753
827 14430 627 2714
809 13783 574 2764
722 11928 667 2865
704 12032 673 2799
800 14679 655 2715
756 12893 593 2838
828 14056 636 2723
824 14150 652 2719
784 14264 587 2787
786 13300 627 2724
745 13004 662 2727
802 13682 593 2758
710 12067 658 2812
764 13866 608 2747
752 12360 620 2832
733 12396 639 2804
722 12305 646 2801
736 12165 644 2774
762 12770 602 2815
755 12661 613 2823
768 13192 595 2766
707 12830 652 2756
723 12618 618 2768
777 13497 597 2759
740 12357 623 2774
731 12697 613 2744
775 13276 588 2796
734 12540 630 2751
782 13484 593 2786
772 13082 597 2792
714 12512 625 2831
767 12685 616 2762
761 12977 600 2784
727 12472 635 2827
733 12594 634 2826
719 12481 643 2832
737 13132 625 2733
707 12612 640 2781
744 12722 606 2788
744 12928 641 2732
772 12791 645 2739
742 13089 608 2795
711 12692 610 2752
779 13002 606 2764
727 13002 609 2736
713 12338 645 2751
767 12739 656 2735
762 12792 599 2782
733 12966 599 2800
866 15107 615 2741
842 14595 629 2730
840 14341 586 2844
833 14663 585 2812
725 12355 664 2807
716 12421 670 2804
714 12761 646 2809
797 13479 600 2770
766 13313 608 2784
781 13826 597 2832
834 14138 588 2839
810 14053 624 2740
816 14833 594 2767
777 12958 640 2744
732 12557 658 2765
816 14024 590 2821
849 13769 630 2733
786 13929 602 2784
858 14650 591 2788
738 12410 648 2793
749 12866 617 2747
738 13115 625 2752
799 13804 605 2764
745 12667 630 2803
744 12615 637 2810
740 12464 652 2773
730 13159 612 2816
816 14043 613 2746
722 12776 642 2786
719 12667 669 2769
752 13355 646 2733
755 12692 616 2811
728 12640 646 2761
725 12705 610 2834
741 12935 644 2754
753 13784 643 2737
746 12735 611 2781
748 13330 612 2777
728 12742 613 2756
747 12692 653 2753
868 14793 635 2744
811 14619 661 2733
801 13794 602 2816
749 12469 672 2897
740 12742 709 2815
725 13090 648 2837
798 13494 605 2851
805 13659 673 2735
850 14334 608 2776
833 14151 614 2754
744 12945 625 2797
758 13711 627 2747
742 12671 664 2762
766 13376 611 2817
786 13757 654 2737
826 14224 609 2771
736 13171 648 2765
781 13393 657 2740
734 12852 618 2825
818 12747 613 2781
752 12872 620 2752
800 14550 610 2786
816 14781 616 2766
775 14176 618 2761
733 13063 634 2792
743 12570 652 2782
814 13500 652 2739
733 13055 612 2836
735 13317 617 2776
784 13096 644 2749
814 14458 609 2773
776 13659 614 2773
785 13384 642 2749
734 12952 619 2795
730 12855 634 2817
736 12920 634 2770
749 13084 627 2771
749 12867 659 2771
898 15297 617 2774
843 14481 604 2853
842 14968 662 2739
743 12574 670 2843
738 12953 672 2783
733 13008 642 2828
811 14071 607 2841
805 13837 614 2815
832 14732 627 2748
840 14305 609 2780
836 14755 605 2834
815 13655 643 2751
768 13640 620 2766
751 12925 648 2825
796 13851 628 2750
743 12680 655 2797
776 13740 621 2756
766 12864 653 2832
755 12925 630 2801
793 13789 671 2742
746 13355 664 2782
787 13397 611 2832
779 13242 623 2821
758 13575 631 2769
733 12897 660 2829
755 12825 662 2792
779 13662 616 2794
748 12893 638 2831
767 13541 625 2774
753 13250 623 2787
750 13171 633 2779
735 13042 637 2801
790 13150 627 2755
779 13523 664 2752
745 13073 631 2797
833 13612 617 2789
768 13419 622 2794
753 12943 636 2756
757 13012 633 2789
751 13365 632 2796
788 13581 621 2790
919 15669 618 2775
910 15880 614 2781
887 14503 610 2849
817 14432 641 2751
806 13448 624 2851
775 13049 688 2820
758 12968 653 2849
741 13084 640 2807
872 14869 612 2839
743 13118 659 2801
846 14980 616 2805
860 14540 632 2754
881 14401 618 2792
772 13520 623 2829
834 13623 618 2821
825 14176 634 2763
758 13192 648 2774
799 13737 623 2781
807 14053 627 2778
795 13376 652 2766
812 13744 632 2780
788 13717 639 2772
756 13408 634 2802
797 14050 656 2752
792 13981 626 2795
796 13320 643 2760
788 14123 620 2793
779 13898 618 2797
748 13359 632 2814
744 13475 639 2815
772 13845 653 2762
784 13061 642 2798
752 13391 646 2781
807 13861 617 2810
765 13055 644 2780
790 13880 639 2758
846 14528 623 2775
788 14156 624 2765
765 13453 633 2795
807 13689 633 2774
787 13891 632 2796
877 14998 671 2751
876 14878 614 2871
772 13078 649 2837
768 13547 695 2786
750 13127 641 2808
836 14941 641 2757
809 13813 690 2774
799 14565 632 2795
836 13722 634 2828
757 13085 640 2810
785 14040 632 2855
830 14300 634 2780
803 13985 618 2802
775 14108 634 2842
805 14420 625 2768
780 13193 664 2795
814 13449 648 2779
774 13105 656 2800
821 13750 637 2798
807 14126 629 2793
786 13250 662 2786
827 14048 651 2762
784 13933 634 2830
807 13936 670 2767
788 13763 640 2792
775 13418 644 2791
775 13273 653 2780
780 13547 648 2775
819 14342 640 2768
780 14059 628 2799
801 13757 626 2804
877 13780 643 2763
818 13987 653 2763
807 14304 626 2788
820 14417 641 2762
784 13935 645 2787
917 15887 658 2760
905 16020 620 2803
844 14745 711 2769
816 14434 626 2866
775 13159 702 2825
751 13272 688 2848
901 15284 637 2787
770 13673 687 2828
870 14869 632 2793
853 15208 643 2764
791 13562 667 2784
877 15914 634 2791
862 14360 620 2841
788 13554 696 2778
804 13921 637 2861
844 14668 623 2802
758 13191 665 2832
801 14336 627 2852
762 13366 655 2838
825 14545 620 2807
808 14382 633 2798
782 13930 663 2805
794 13424 653 2814
791 13467 654 2821
852 14562 639 2785
840 14631 641 2786
785 13866 650 2782
830 13588 647 2792
836 14083 631 2813
784 14258 652 2778
830 14745 650 2771
803 14151 636 2822
760 13441 658 2835
788 13745 644 2811
812 14002 627 2836
808 14182 634 2809
781 13285 647 2850
805 13955 630 2841
810 13532 656 2785
828 14273 648 2775
777 14018 641 2813
786 13824 640 2831
796 13735 655 2791
800 13693 655 2775
773 13570 658 2824
781 13412 640 2834
770 13702 648 2841
786 14059 640 2827
830 13781 629 2841
790 14050 648 2808
790 13796 640 2825
952 16778 675 2767
834 14814 623 2819
818 14352 715 2784
776 13493 660 2871
772 13231 679 2845
765 13742 661 2838
870 15474 659 2771
876 14665 630 2826
793 13922 689 2806
855 14975 625 2805
847 14389 637 2812
768 13384 688 2841
773 13703 671 2855
785 14182 657 2799
806 13832 648 2853
841 14944 652 2781
806 13893 668 2818
831 13687 681 2790
827 14283 642 2821
824 14664 641 2805
787 14115 655 2833
800 13663 654 2822
851 13922 636 2844
840 14048 672 2787
803 13915 656 2793
814 13761 649 2827
816 13706 661 2819
875 14762 625 2823
810 13715 655 2803
813 13943 669 2788
842 14963 651 2788
788 13820 658 2840
790 14370 655 2786
814 13750 652 2824
913 14806 656 2800
912 15786 637 2812
852 15032 624 2858
837 14262 651 2915
833 14158 669 2791
793 14202 695 2841
775 13340 685 2847
871 14938 634 2863
895 15464 638 2811
826 14788 649 2843
804 13670 675 2859
811 13872 659 2825
884 15001 628 2824
842 15120 632 2822
833 14401 665 2804
862 15367 641 2806
812 13983 682 2806
819 14951 651 2851
856 15277 667 2802
855 14088 643 2861
839 13968 655 2816
828 14846 664 2808
807 14188 677 2800
802 14257 677 2813
820 13879 666 2824
851 15089 656 2812
830 14816 657 2809
827 14097 676 2814
914 15202 667 2806
879 16221 640 2865
879 15224 654 2902
856 15069 677 2791
787 13531 686 2856
897 15950 654 2818
880 15134 646 2833
819 13965 665 2870
871 15431 654 2822
820 13996 685 2814
812 14536 662 2848
838 14879 658 2849
834 14571 671 2817
850 14366 666 2839
824 14241 669 2850
840 14703 656 2854
842 14620 669 2795
845 14385 662 2862
857 14454 670 2817
814 14304 663 2867
881 15090 669 2830
879 14892 667 2846
841 14498 710 2853
826 14565 677 2872
826 14521 689 2825
853 14892 682 2832
834 14678 672 2833
842 14603 676 2858
894 15049 701 2834
845 14298 551 2806
708 12500 581 2849
701 12051 617 2675
669 11079 630 2801
666 11708 638 2731
654 11500 584 2746
747 13073 570 2805
766 12214 571 2718
729 12389 573 2722
720 12398 580 2741
820 13729 618 2714
812 12974 576 2820
742 12743 637 2702
705 12232 665 2743
690 11544 634 2799
679 12383 650 2736
809 13603 611 2727
764 12536 587 2729
725 12705 630 2737
762 13640 627 2714
741 13035 583 2770
719 12427 645 2720
742 12498 601 2759
752 12964 578 2732
689 11934 628 2748
718 12177 634 2733
741 13145 605 2732
685 11818 609 2764
679 11596 604 2802
701 12200 606 2784
744 13013 582 2781
684 11696 604 2795
681 11687 638 2797
703 12522 585 2753
833 14232 613 2730
769 13325 647 2713
760 13401 579 2799
746 13139 669 2751
709 12408 621 2855
693 11956 626 2829
692 12228 652 2802
799 13816 606 2734
777 13282 667 2721
785 14135 602 2742
694 12439 652 2787
737 12888 585 2791
702 12409 633 2809
791 13085 617 2732
786 13191 593 2779
752 12444 648 2730
715 12012 652 2759
728 12318 614 2774
761 13097 610 2739
718 12656 638 2759
782 12941 599 2771
725 12495 631 2770
739 12762 600 2755
761 12576 605 2762
767 13234 580 2760
718 12527 597 2798
755 12774 595 2809
736 13354 629 2750
705 12259 644 2808
704 12257 646 2780
775 12939 594 2772
767 12563 620 2732
719 12359 639 2759
735 12395 631 2752
723 12610 629 2754
754 12305 644 2759
789 13111 598 2770
721 12769 600 2756
931 15961 657 2719
781 13810 584 2813
747 12273 627 2851
729 12247 657 2802
716 12283 693 2786
711 12626 647 2839
852 14793 658 2732
818 13674 673 2725
726 12593 597 2831
803 14304 620 2746
817 13922 675 2736
833 13716 597 2772
757 12504 632 2795
772 13677 606 2759
788 14166 601 2776
752 13557 642 2750
740 12560 661 2786
811 13956 618 2735
746 12900 585 2791
774 13440 638 2746
752 13137 660 2737
785 14282 593 2775
733 13378 618 2808
767 12650 611 2768
749 12812 616 2771
785 13714 595 2784
735 13078 604 2773
739 13039 622 2778
787 13784 631 2744
725 12770 623 2778
741 12682 612 2803
733 12375 629 2810
732 12504 624 2804
794 13858 594 2765
761 12353 622 2776
780 13114 625 2767
795 13426 626 2764
747 12775 642 2769
742 12975 620 2802
769 13125 629 2764
788 13386 657 2741
773 13841 593 2790
730 12932 628 2769
732 12808 641 2771
911 15428 612 2768
804 13213 588 2803
782 13228 671 2739
759 12343 669 2807
737 12406 630 2836
728 12743 708 2828
726 12832 690 2802
865 15065 620 2739
837 13989 642 2749
813 14577 617 2765
814 14377 629 2759
730 12994 655 2821
812 14040 632 2748
799 13318 600 2809
826 13864 614 2770
743 13197 635 2812
750 13599 602 2791
785 13399 667 2757
778 13972 669 2745
768 12686 660 2798
742 12915 684 2785
748 13277 677 2774
785 13924 644 2762
794 13760 643 2746
761 13148 604 2788
746 12560 642 2826
767 13457 591 2810
819 14019 639 2747
782 13700 604 2774
758 13359 607 2778
752 12782 653 2796
742 12858 613 2830
751 12685 648 2807
788 13293 632 2766
757 12888 618 2780
819 13070 591 2829
766 13814 621 2771
773 13750 616 2767
728 12861 626 2825
767 12938 681 2769
784 13458 664 2768
745 13002 618 2823
747 12817 623 2794
779 13472 647 2748
758 12387 647 2836
750 13102 615 2800
751 12862 641 2776
752 12951 629 2785
768 13334 634 2778
760 12607 644 2810
757 12806 672 2785
771 12990 611 2796
751 12736 623 2822
750 12986 621 2811
741 12876 636 2790
747 13398 611 2785
754 13469 588 2791
767 12837 637 2773
739 12812 647 2789
785 13203 620 2773
756 13206 667 2771
785 13398 647 2768
761 13204 655 2771
780 13327 614 2785
754 13074 604 2807
758 12956 612 2807
750 12950 636 2773
897 14673 606 2777
799 13968 685 2746
794 14184 595 2833
767 12867 647 2814
747 12977 643 2876
744 13549 628 2845
853 14108 681 2752
873 14670 599 2810
821 14524 645 2747
745 13107 673 2837
802 13859 667 2758
867 14200 634 2751
811 14276 659 2761
845 14439 654 2765
835 14505 648 2763
807 13895 662 2754
751 13782 620 2816
831 14274 608 2794
787 14262 611 2778
796 13677 600 2821
799 13752 629 2767
774 13293 605 2808
759 13338 632 2830
800 14194 677 2755
761 13260 623 2815
779 13247 616 2809
816 13403 636 2775
759 13180 653 2797
806 14375 608 2781
756 13481 634 2791
767 13687 636 2790
756 13417 630 2800
750 12876 635 2823
747 13015 635 2803
791 13225 654 2781
841 13559 632 2781
761 12937 666 2783
781 13234 651 2786
784 13122 623 2816
746 12928 658 2814
751 13382 646 2773
782 13646 613 2778
796 13092 641 2778
771 13152 655 2785
776 13640 641 2783
750 12919 634 2804
769 13177 620 2790
772 13371 608 2809
775 13152 630 2789
801 13575 623 2782
776 13633 636 2784
749 13314 636 2791
749 12875 646 2801
807 13373 630 2787
918 15826 660 2761
833 14130 686 2773
777 13839 607 2832
749 12877 664 2818
748 13682 666 2803
822 14951 615 2792
863 14811 631 2781
766 13257 658 2827
843 14544 679 2763
791 14225 676 2773
751 13066 634 2828
782 14009 614 2829
863 14600 608 2790
837 14655 651 2762
854 14939 629 2778
818 14135 646 2772
826 13681 616 2793
774 13200 662 2787
755 13522 660 2814
851 13936 649 2768
783 13571 626 2821
800 13957 641 2779
843 14168 664 2765
799 13839 621 2790
761 13621 671 2808
761 13851 624 2831
771 13535 632 2796
768 13677 628 2825
810 14456 664 2775
768 13358 639 2810
784 13931 666 2783
834 14756 635 2775
778 13520 633 2800
832 14818 630 2788
819 14771 643 2778
779 13435 633 2812
814 14679 673 2761
761 13333 678 2809
811 13309 622 2811
772 13651 674 2792
769 13210 635 2819
783 14384 650 2779
782 13732 623 2806
825 14477 608 2804
825 13780 632 2782
785 13500 607 2810
818 14339 633 2781
770 13696 649 2806
770 13479 678 2807
814 14512 630 2789
833 14668 662 2762
770 13789 631 2803
782 13501 649 2789
949 15615 664 2772
856 14986 735 2781
847 15331 684 2767
837 13883 608 2811
802 14269 612 2860
778 12887 670 2840
750 13403 672 2827
888 15364 611 2802
795 13719 702 2787
871 14723 619 2809
783 13948 646 2814
875 15404 616 2806
759 13185 675 2828
821 14436 628 2800
774 13508 688 2813
869 14938 653 2790
869 15008 620 2793
856 15197 653 2787
792 13754 642 2798
805 14082 619 2830
849 14364 674 2782
796 13234 702 2791
778 13092 670 2830
786 13549 637 2823
823 13532 629 2826
786 13196 640 2834
850 15320 632 2799
864 14171 667 2790
791 14239 625 2812
753 13243 667 2825
777 13744 681 2810
769 13499 660 2827
778 13562 655 2804
785 13694 659 2791
813 13895 641 2799
770 13268 637 2833
880 15003 659 2789
780 13428 672 2806
781 13608 667 2803
799 14010 653 2791
775 13915 630 2833
791 13913 636 2810
821 14244 637 2792
817 14172 670 2788
778 14178 632 2809
787 13259 666 2793
803 14172 660 2789
775 13426 665 2811
913 15741 662 2788
911 16371 632 2794
876 14798 702 2789
875 15153 614 2863
865 13291 637 2888
765 13830 680 2837
891 15239 637 2804
792 13948 642 2865
817 14277 692 2793
796 13501 658 2849
867 14544 625 2811
778 13610 655 2814
824 14655 629 2838
790 14084 645 2859
793 13801 670 2802
848 14163 647 2805
808 13594 667 2830
815 14364 676 2791
845 14574 700 2790
796 13411 671 2804
838 14640 634 2809
809 14432 644 2817
833 14175 636 2821
801 13911 649 2824
811 13871 654 2802
799 14599 645 2836
836 13885 630 2826
806 14036 649 2820
772 13608 648 2837
865 14699 628 2816
793 13490 638 2863
845 14150 645 2809
815 13500 663 2838
838 14250 643 2803
802 14154 646 2816
808 14180 636 2825
807 14084 668 2805
885 15687 641 2810
862 15555 630 2827
843 14206 661 2802
830 13633 649 2865
825 13764 707 2804
800 14307 640 2899
780 13653 673 2826
802 13717 686 2815
816 14949 660 2820
861 14318 631 2842
877 14637 630 2812
818 14229 660 2852
834 14128 651 2830
786 13820 668 2871
819 14270 642 2875
823 14467 637 2833
844 14268 644 2823
810 14761 643 2837
785 13943 663 2819
821 14356 661 2827
805 14136 667 2816
805 13848 665 2830
810 14223 673 2803
823 13924 660 2826
919 16260 646 2812
900 15308 633 2822
862 14744 663 2803
819 13752 684 2841
813 14484 696 2819
786 13768 681 2871
799 14198 688 2837
788 14001 676 2846
845 14495 664 2808
834 14154 656 2852
830 14480 642 2839
816 14060 663 2826
881 15148 644 2824
867 15091 651 2824
835 14898 684 2816
905 15119 655 2812
878 14878 649 2819
907 16582 640 2825
900 16055 637 2831
872 14847 643 2883
858 15363 681 2819
852 14202 669 2847
840 15220 686 2826
823 14462 669 2850
839 14549 658 2857
841 14311 671 2845
861 15633 666 2821
859 14871 686 2832
903 15526 661 2821
951 17056 644 2842
881 15655 684 2824
876 14750 663 2884
866 15059 695 2836
843 14627 694 2858
923 16110 676 2832
911 15778 681 2838
844 14805 679 2855
825 13769 578 2754
807 13957 548 2830
752 12944 629 2689
686 11492 651 2838
673 12096 660 2743
731 12672 560 2772
693 12097 605 2702
729 13104 583 2744
822 13616 579 2741
707 12479 580 2812
715 12000 573 2783
701 11847 592 2728
685 11575 636 2749
710 12298 575 2790
680 11691 601 2801
693 12306 586 2799
699 12440 594 2783
691 11841 600 2730
683 11674 634 2778
714 12094 585 2735
824 14587 582 2750
784 13594 645 2695
762 12992 575 2799
715 12445 593 2831
698 11847 653 2778
684 11848 640 2830
725 12726 613 2709
696 11998 634 2810
765 12468 606 2731
745 12384 620 2754
731 12806 585 2781
746 12090 640 2739
733 13210 606 2724
736 12478 652 2745
720 12402 584 2792
707 12100 606 2816
779 13185 585 2779
704 12325 630 2773
707 12022 615 2765
716 12495 591 2735
712 12706 608 2724
714 12305 630 2754
711 12517 616 2749
707 12602 606 2772
710 12430 645 2754
702 12010 652 2780
904 15867 648 2710
780 13857 687 2709
762 13175 581 2811
714 11943 683 2820
710 12481 635 2852
703 12336 643 2830
845 14689 582 2777
806 14123 660 2720
835 14563 590 2786
744 13070 669 2713
823 14042 583 2799
793 13672 594 2755
764 13435 621 2725
815 13610 601 2741
788 13821 597 2747
713 12219 656 2825
777 12993 596 2767
825 13920 592 2751
757 13271 631 2733
722 12416 644 2763
728 12527 599 2803
716 12268 616 2828
766 13216 625 2740
707 12607 626 2823
747 12096 658 2751
737 12648 609 2742
749 12500 609 2819
718 12806 630 2781
723 12699 633 2807
769 12871 591 2778
730 13076 602 2774
767 12857 606 2734
744 13094 590 2789
730 12291 632 2790
754 13065 632 2724
723 12296 620 2819
730 12904 626 2755
733 12852 635 2730
731 12747 619 2786
755 12468 645 2750
718 12157 634 2776
736 12824 597 2765
719 12571 635 2769
726 12653 626 2799
732 12883 617 2752
763 12847 626 2735
731 12893 616 2770
716 12447 630 2825
735 12668 634 2753
735 12831 645 2748
909 16136 597 2794
807 14403 583 2830
785 13822 653 2727
752 12870 618 2846
735 13075 695 2752
729 12490 647 2801
729 12310 672 2842
871 14085 607 2753
816 12591 652 2795
814 14078 596 2799
787 12695 611 2815
744 12574 657 2798
789 13848 604 2766
733 12850 639 2785
734 12903 601 2826
810 13888 639 2733
777 13468 625 2737
737 12879 655 2762
773 13478 604 2772
738 12811 620 2776
739 12992 644 2748
730 12874 652 2791
797 13181 622 2745
734 12753 634 2803
761 12538 646 2806
752 13306 609 2808
754 13197 636 2742
740 12893 613 2751
744 12679 627 2797
770 13116 599 2809
775 13125 611 2772
797 13112 636 2745
806 13065 608 2805
780 13188 611 2739
733 12634 645 2774
743 12908 644 2733
769 12859 609 2806
734 12833 628 2805
755 13195 598 2775
741 12735 628 2794
883 15058 618 2749
865 15135 674 2730
828 14165 597 2803
749 12961 690 2781
746 12644 645 2847
733 13053 668 2775
825 14756 607 2777
835 14179 619 2756
778 13832 633 2738
755 12964 634 2831
799 14254 609 2777
816 14096 658 2734
806 13672 609 2777
800 14074 599 2797
817 14190 602 2781
790 13707 622 2747
769 13233 605 2790
745 13002 658 2777
752 12726 649 2819
776 12916 641 2761
749 13102 627 2757
752 12702 637 2822
787 13477 652 2744
825 13794 621 2744
743 13295 617 2810
785 13441 614 2772
746 12808 649 2795
765 12871 623 2799
769 13097 674 2743
740 13030 643 2778
767 13050 669 2759
767 13415 636 2745
799 13528 620 2761
764 13093 617 2814
798 13828 618 2771
751 12920 638 2805
777 13176 624 2762
769 13297 613 2786
763 13452 598 2805
756 13119 624 2785
765 12947 643 2765
741 12698 652 2787
752 12808 647 2787
801 14105 609 2784
745 13203 648 2769
755 13319 618 2786
753 12973 674 2767
803 13196 618 2775
751 13102 624 2813
740 13433 613 2773
944 15850 662 2736
798 14311 599 2846
788 12773 641 2824
756 12975 688 2770
747 13390 647 2867
741 12849 661 2833
904 15620 615 2786
814 14694 623 2769
830 13714 620 2769
744 13321 657 2859
816 14235 604 2799
753 12821 681 2791
778 13803 609 2792
811 14059 634 2750
798 14400 615 2790
813 13937 603 2841
783 13351 646 2760
781 12983 670 2787
769 12904 642 2847
788 13963 637 2742
753 13009 670 2815
803 14323 603 2820
757 13061 662 2788
761 13097 685 2771
758 13177 650 2781
747 13847 617 2782
827 13486 618 2803
773 13208 632 2805
788 13491 643 2764
794 13583 615 2839
787 13668 625 2776
756 13778 621 2837
777 14083 639 2772
792 13093 632 2825
773 13170 623 2830
752 13144 634 2820
769 13377 627 2798
790 13052 658 2768
775 13748 641 2748
766 13411 641 2810
815 13634 630 2775
794 13613 620 2784
823 13695 623 2770
780 13969 634 2772
783 13443 640 2779
763 13023 650 2816
781 13278 618 2832
760 13349 648 2779
765 12910 660 2815
768 13381 646 2817
778 13206 623 2812
774 13184 628 2791
764 13477 644 2768
785 12936 643 2776
756 13054 636 2831
767 13397 630 2787
774 13739 620 2846
760 13438 627 2788
760 12922 639 2832
760 12931 644 2824
878 14823 637 2776
865 14679 666 2742
838 14335 704 2743
802 14362 609 2801
789 12800 655 2856
745 13083 683 2874
743 13402 663 2833
837 14370 634 2777
769 13151 690 2801
745 13335 679 2870
845 14065 625 2793
822 14053 657 2751
816 13910 613 2831
793 14137 638 2744
866 14687 622 2795
756 13228 677 2830
774 13377 655 2840
813 13127 649 2845
806 14010 665 2751
794 13525 627 2810
785 13834 660 2755
784 13533 646 2766
783 13472 640 2818
811 13878 630 2783
808 13975 609 2799
807 13698 624 2829
784 13828 620 2823
800 14267 637 2788
763 13185 658 2804
797 13170 649 2833
780 13785 641 2790
790 13275 646 2795
788 13475 672 2761
795 13270 673 2769
778 13262 681 2787
798 13881 643 2767
756 13764 649 2837
841 13877 632 2795
761 13504 648 2779
813 13872 612 2832
786 13516 669 2760
776 13115 666 2807
779 13729 625 2825
760 13240 667 2821
759 13436 637 2823
779 13531 669 2772
773 13112 667 2825
807 14273 623 2788
762 13699 639 2804
779 13498 633 2800
862 14871 641 2747
847 15172 636 2778
812 14086 609 2801
779 13471 648 2878
769 13223 663 2804
765 14034 686 2798
763 14006 660 2808
798 14290 626 2846
774 13266 659 2824
830 13929 635 2809
819 13917 637 2841
830 14111 673 2755
774 13599 642 2866
800 13714 664 2784
766 13956 676 2779
804 14196 656 2768
795 13531 649 2850
773 13613 652 2789
808 14125 643 2776
795 13764 671 2765
785 13721 646 2801
790 14028 672 2773
818 13887 652 2788
830 13981 627 2800
818 14195 674 2758
796 13820 645 2847
793 13512 658 2787
776 13785 650 2844
813 14281 652 2765
779 13603 649 2842
927 16027 621 2802
857 14933 682 2756
845 15262 612 2815
788 13421 664 2869
770 13283 698 2826
769 13534 676 2845
876 14481 673 2766
859 15414 669 2773
801 13310 669 2860
833 14995 615 2838
861 14061 660 2787
846 14323 662 2779
823 14731 684 2792
859 15060 643 2798
815 14159 623 2828
781 13743 693 2797
778 13997 656 2823
830 14797 633 2814
835 14106 627 2833
806 14042 648 2807
813 14259 637 2801
840 14521 653 2775
771 13377 686 2826
827 14427 646 2776
836 14376 633 2818
804 13674 666 2801
837 14063 640 2830
776 14244 653 2812
794 13822 660 2797
771 13603 681 2821
779 13758 679 2821
774 14124 684 2804
796 13785 650 2833
784 13709 663 2794
796 13815 654 2801
791 14098 655 2803
841 14397 647 2794
839 14069 663 2790
829 13737 649 2826
931 15379 619 2838
885 15437 618 2816
882 15117 617 2871
860 13867 715 2796
836 14738 680 2778
794 13447 702 2840
781 13855 686 2839
888 15187 646 2787
842 14375 637 2817
793 14168 661 2866
789 13734 700 2799
785 14128 663 2845
835 14876 629 2833
847 14929 655 2781
836 14533 646 2824
806 14012 660 2810
817 13871 691 2807
833 14055 655 2804
887 15236 630 2828
858 15056 647 2791
818 14593 656 2814
838 15241 653 2791
842 15096 675 2779
808 13905 670 2841
813 13938 663 2796
810 14142 670 2802
814 14564 649 2825
839 15063 657 2793
821 13869 661 2825
889 16024 626 2842
857 15155 655 2784
826 14296 702 2798
824 14051 669 2884
821 13881 678 2861
795 14364 665 2857
888 15623 643 2816
814 13961 685 2821
836 15427 638 2854
837 14961 630 2837
810 14389 674 2851
844 14500 648 2833
842 14808 653 2832
830 14864 660 2826
821 14276 666 2805
820 14699 672 2811
819 14520 675 2844
819 14556 679 2822
830 14028 663 2806
823 14695 664 2834
834 14381 655 2824
825 14036 678 2799
926 14582 658 2837
909 15881 669 2788
908 15068 704 2805
894 15732 653 2829
820 14015 686 2834
812 14377 683 2859
837 14065 702 2824
910 15300 662 2794
863 15483 664 2818
850 14282 674 2831
878 14777 658 2830
875 15203 658 2810
841 14378 674 2819
841 15468 670 2811
938 16319 676 2813
853 15266 674 2873
826 14631 686 2872
817 14677 695 2887
902 16081 680 2824
859 14746 691 2837
