17 7.61706
755 12548 565 2542
590 10023 523 2616
574 9519 523 2640
643 10947 533 2546
669 11401 523 2580
611 9838 524 2562
672 10779 523 2558
626 10345 554 2550
604 10303 551 2592
604 10141 542 2599
586 9858 542 2613
582 10074 556 2615
602 10542 542 2584
587 10138 524 2629
672 10779 523 2558
616 10219 523 2591
596 10000 542 2606
597 9959 523 2610
601 10317 556 2601
587 9691 523 2638
600 10165 551 2603
589 10070 523 2632
579 9698 523 2638
600 10165 551 2603
580 10007 523 2636
616 10219 523 2591
587 9918 523 2636
706 11884 542 2555
687 11897 551 2548
679 10919 523 2558
616 10309 568 2566
575 9569 523 2651
602 10318 551 2603
596 10064 542 2608
655 11189 542 2557
618 10939 536 2570
664 11128 547 2553
686 11597 551 2551
599 10021 524 2611
641 10759 563 2554
668 11174 533 2557
586 10162 556 2615
662 11616 565 2550
616 10978 542 2597
670 11173 560 2548
644 10659 568 2557
652 11101 533 2559
589 10088 523 2632
614 10569 556 2577
584 9672 523 2642
597 10042 523 2617
627 10892 533 2577
613 10495 556 2590
622 10855 551 2572
631 9865 524 2562
604 10312 551 2592
628 10209 524 2562
598 9964 565 2634
622 10528 542 2588
672 10955 523 2560
634 10549 523 2591
620 10631 565 2570
604 10194 542 2599
665 11016 551 2554
579 9756 523 2649
587 9783 523 2638
619 10759 565 2570
579 9756 523 2649
598 10092 523 2610
581 9676 523 2649
579 9776 523 2640
669 11115 551 2552
622 10528 542 2588
598 9964 565 2634
599 10021 524 2611
617 10508 542 2590
589 10088 523 2632
581 9676 523 2649
587 10045 523 2636
599 10021 524 2611
587 10045 523 2636
598 9964 565 2634
628 10209 524 2562
628 10209 524 2562
598 9964 565 2634
598 9964 565 2634
579 9756 523 2649
579 9756 523 2649
760 13112 551 2553
680 11177 560 2548
663 11039 568 2557
590 10048 523 2636
584 9672 523 2651
584 9672 523 2651
579 9795 523 2649
728 12561 551 2554
688 11434 523 2581
652 11148 533 2559
636 11078 533 2563
602 10141 524 2611
655 11219 542 2557
592 10276 556 2615
626 11031 551 2572
604 10189 542 2608
677 11913 565 2550
677 11913 565 2550
600 10323 523 2629
614 10515 556 2590
601 10100 523 2617
598 9980 565 2634
620 10716 565 2570
632 11326 542 2575
656 10860 523 2603
672 11191 523 2588
645 10212 524 2562
584 9730 523 2649
604 10321 551 2592
620 10716 565 2570
587 9805 523 2638
622 10924 542 2597
639 10910 524 2583
641 10642 533 2566
616 10314 568 2566
602 10368 551 2603
627 11084 533 2593
606 10175 523 2610
587 9805 523 2638
590 10090 523 2632
612 10238 542 2607
604 10302 542 2599
639 11116 523 2607
633 11008 524 2580
625 10629 542 2588
614 10515 556 2590
637 11236 565 2562
624 10972 551 2578
582 9736 523 2649
620 10716 565 2570
626 11031 551 2572
624 10972 551 2578
604 10321 551 2592
587 10142 523 2636
616 10314 568 2566
604 10189 542 2608
584 9672 523 2651
587 9805 523 2638
620 10716 565 2570
584 9672 523 2651
600 10358 542 2608
584 9672 523 2651
616 10314 568 2566
616 10314 568 2566
677 11913 565 2550
616 10314 568 2566
616 10314 568 2566
616 10314 568 2566
616 10314 568 2566
587 9805 523 2638
587 9805 523 2638
587 9805 523 2638
587 9805 523 2638
587 9805 523 2638
587 9805 523 2638
587 9805 523 2638
587 9805 523 2638
584 9672 523 2651
584 9672 523 2651
584 9672 523 2651
584 9672 523 2651
584 9672 523 2651
584 9672 523 2651
584 9672 523 2651
584 9672 523 2651
743 12720 551 2554
680 11194 560 2548
620 10393 568 2566
584 9686 523 2651
584 9672 523 2660
579 9805 523 2649
677 11918 565 2550
743 12720 551 2554
598 10036 565 2634
661 11260 542 2557
701 11523 523 2598
602 10191 524 2611
587 9823 523 2638
616 10541 556 2590
601 10150 523 2617
643 11149 533 2573
694 11543 523 2581
604 10333 551 2594
602 10398 542 2608
620 10763 565 2570
652 11152 533 2559
632 11355 542 2575
609 10607 556 2592
689 11531 523 2587
636 10400 542 2599
649 10275 524 2562
639 10917 524 2583
643 11394 524 2580
622 10952 542 2597
625 10632 523 2610
644 11051 551 2572
621 10742 542 2603
647 11128 524 2582
646 10634 542 2564
657 11149 533 2559
609 10607 556 2592
608 10742 542 2604
638 11238 551 2585
599 10154 523 2636
602 10398 542 2608
652 11152 533 2559
743 12720 551 2554
620 10763 565 2570
643 11241 551 2572
652 11152 533 2559
652 11152 533 2559
743 12720 551 2554
652 11152 533 2559
652 11152 533 2559
652 11152 533 2559
652 11152 533 2559
752 12411 523 2596
746 12944 551 2554
680 11213 560 2548
620 10394 568 2566
584 9698 523 2651
579 9845 523 2649
579 9845 523 2649
697 11687 523 2607
661 11314 542 2557
652 11176 533 2559
653 10679 524 2562
642 10927 556 2590
603 10285 547 2612
633 10763 565 2570
587 9899 523 2638
650 10504 545 2569
625 10365 551 2601
604 10171 565 2627
646 10837 542 2587
644 10620 566 2590
648 10948 523 2618
614 10320 523 2626
606 10324 523 2636
680 11213 560 2548
591 9885 523 2638
610 10241 524 2611
680 11213 560 2548
646 11288 551 2578
604 10408 551 2594
626 10791 565 2570
648 11186 542 2574
650 11043 524 2583
620 10969 542 2604
648 11103 524 2583
651 11275 523 2610
623 10353 551 2603
643 10833 542 2607
644 11203 551 2583
680 11213 560 2548
774 13115 523 2611
680 11232 560 2548
622 10452 568 2566
604 10087 523 2638
579 9848 523 2649
680 11544 523 2625
667 11380 542 2557
634 10461 524 2636
594 10236 523 2639
613 10569 551 2594
628 10804 565 2570
644 11110 556 2592
656 11119 533 2586
616 10341 565 2614
611 10422 533 2613
608 10675 556 2606
609 10719 551 2599
646 11284 551 2583
637 10834 524 2622
661 10851 524 2566
624 10485 523 2626
665 10712 524 2562
659 11520 524 2585
655 11273 524 2613
623 10389 551 2603
622 10544 551 2601
656 11352 533 2559
663 11303 533 2559
659 11317 533 2559
722 11877 560 2548
682 11911 565 2550
624 10483 568 2566
594 9872 523 2651
590 9862 523 2660
642 10813 542 2613
605 10283 523 2639
648 11486 524 2624
697 11604 524 2562
639 11254 565 2570
633 10643 533 2617
594 9926 523 2649
656 11383 556 2592
657 11421 533 2575
622 10861 551 2599
684 10951 524 2564
616 10342 523 2638
666 11271 533 2579
654 10696 551 2600
680 11403 542 2557
679 11793 565 2557
624 10515 523 2626
626 10677 551 2603
662 11699 524 2578
619 10929 565 2594
662 11296 533 2566
626 10640 551 2625
682 11911 565 2550
662 11352 533 2559
732 12231 563 2550
730 12386 563 2554
686 12096 565 2550
624 10944 574 2591
610 10315 523 2647
598 10007 523 2651
638 10979 551 2603
709 11941 542 2557
673 11284 556 2579
700 11459 529 2574
687 11599 524 2619
623 10568 523 2642
643 10576 568 2566
662 11616 551 2572
670 11377 542 2566
659 10971 533 2624
655 10717 542 2621
680 11376 533 2579
630 10584 523 2628
664 11413 533 2559
629 10672 568 2566
692 11448 554 2557
692 11448 554 2557
624 10638 523 2626
756 13186 563 2550
697 12203 565 2550
643 10641 568 2575
640 10454 547 2655
623 10592 523 2645
657 11078 551 2603
733 12238 563 2554
681 11503 533 2559
697 12060 524 2623
712 12018 554 2557
674 11659 533 2567
635 10705 568 2566
670 11959 547 2562
669 11720 533 2564
639 10602 523 2640
699 12023 565 2557
633 10648 523 2626
628 10649 523 2626
807 13648 524 2624
747 12438 563 2554
721 12352 572 2556
630 10594 523 2653
628 10680 533 2631
723 12549 556 2558
677 11261 568 2566
684 11638 533 2559
700 11489 565 2607
691 11526 557 2563
645 10967 523 2626
638 11083 523 2629
633 10737 523 2645
708 12411 565 2557
633 10862 524 2631
631 10639 523 2647
694 11652 533 2559
690 11924 533 2561
661 11099 523 2651
643 11289 565 2638
659 11201 523 2626
693 11691 551 2580
646 11331 556 2639
685 11698 533 2571
692 11899 533 2559
703 11802 565 2559
695 11951 533 2559
666 11457 523 2650
666 11288 524 2631
663 11739 565 2632
697 11820 542 2573
680 11569 523 2626
740 11960 584 2560
734 12987 533 2582
733 12068 554 2559
693 11726 523 2638
671 11955 547 2648
714 12384 542 2588
713 12122 554 2559
700 12173 542 2615
677 11745 538 2637
739 12044 533 2628
714 11987 545 2562
734 12223 542 2590
697 12243 533 2590
736 12197 533 2560
785 13309 563 2559
722 12791 565 2559
720 12067 523 2640
717 12277 545 2593
724 12599 542 2605
746 12758 533 2561
729 12431 551 2565
765 13068 551 2560
729 12174 563 2561
765 13068 551 2560
769 12903 551 2571
765 12990 533 2561
744 12892 556 2567
729 12382 556 2606
731 12778 551 2600
749 11721 524 2584
738 12941 545 2564
682 11575 523 2600
629 10579 551 2558
609 10174 566 2610
589 9673 527 2741
579 9663 556 2634
579 9663 556 2634
588 9670 553 2687
721 12395 523 2590
683 11363 523 2596
668 11743 542 2566
723 12388 523 2592
646 10813 533 2567
597 10256 523 2642
673 11855 524 2580
613 9937 533 2587
628 10950 560 2577
597 10201 539 2601
625 11067 548 2584
648 10423 523 2625
643 11173 548 2580
597 10114 557 2620
597 10300 551 2578
621 10690 524 2586
594 9871 539 2634
602 10013 539 2623
682 11575 523 2600
641 10872 523 2607
620 10423 523 2627
612 10610 524 2630
605 10049 533 2625
582 9813 556 2625
628 10950 560 2577
628 10950 560 2577
582 9813 556 2625
618 10888 523 2605
634 11154 548 2582
671 11788 523 2598
682 11575 523 2600
634 11154 548 2582
602 10013 539 2623
610 10254 533 2621
597 10114 557 2620
597 10256 523 2642
671 11788 523 2598
643 11173 548 2580
597 10114 557 2620
618 10888 523 2605
579 9663 556 2634
579 9663 556 2634
628 10950 560 2577
628 10950 560 2577
618 10888 523 2605
579 9663 556 2634
579 9663 556 2634
738 11370 529 2590
673 11865 524 2580
636 11176 523 2605
629 10593 551 2558
614 10523 575 2594
589 9757 527 2741
580 9672 556 2634
595 9743 553 2687
589 9757 527 2741
601 10446 523 2644
622 10572 560 2583
715 11727 523 2598
618 10609 566 2601
608 10109 533 2685
648 11440 547 2567
594 9881 539 2634
688 11025 527 2592
613 10990 545 2614
649 11089 536 2572
672 11245 529 2602
614 10495 575 2598
673 11865 524 2580
630 10279 557 2601
702 11212 524 2591
582 9824 556 2625
724 11497 523 2597
629 10593 551 2558
631 10874 542 2600
642 10877 523 2607
660 11309 529 2604
729 11416 523 2596
642 10729 523 2627
632 10515 566 2599
608 10109 533 2685
635 11002 532 2628
607 10475 523 2642
611 10178 566 2610
619 10256 533 2621
658 11328 533 2580
631 11015 533 2593
724 11497 523 2597
694 11047 524 2603
633 10436 523 2636
595 9743 553 2687
620 10183 539 2614
655 10861 527 2622
610 10451 536 2624
694 11047 524 2603
621 10787 554 2588
633 10460 551 2597
654 11349 533 2571
627 10864 523 2635
634 10208 533 2594
672 11808 523 2598
621 10787 554 2588
628 10807 523 2629
653 10510 524 2634
628 10807 523 2629
614 10495 575 2598
633 10436 523 2636
621 10787 554 2588
620 10183 539 2614
635 11362 527 2622
672 11808 523 2598
610 10451 536 2624
655 10861 527 2622
632 10515 566 2599
595 9743 553 2687
632 10515 566 2599
633 10436 523 2636
633 10436 523 2636
673 11865 524 2580
614 10495 575 2598
595 9743 553 2687
595 9743 553 2687
730 11474 523 2596
704 12388 523 2598
652 10718 577 2589
635 10731 551 2558
612 10046 527 2757
592 9753 556 2634
585 9784 556 2641
673 11888 524 2580
608 10142 533 2694
609 10267 527 2743
616 10636 523 2642
597 10077 557 2633
618 10282 533 2685
630 10475 566 2606
618 10605 575 2594
613 10254 566 2610
684 10907 523 2625
599 10132 536 2750
713 11378 524 2591
712 11488 524 2603
628 10967 554 2588
673 11130 545 2579
602 10137 539 2636
660 11311 529 2604
595 9760 553 2687
655 11451 547 2567
622 10308 533 2623
640 11055 542 2598
635 10448 551 2597
620 10257 539 2614
650 11203 536 2597
642 10738 523 2627
652 11699 545 2592
659 11439 533 2571
631 10858 523 2631
710 11479 527 2592
647 11443 532 2612
626 10213 539 2614
681 10714 533 2601
618 10545 575 2596
658 11133 527 2609
632 10892 542 2600
652 11699 545 2592
648 11030 548 2596
632 11324 536 2619
657 11254 545 2595
652 11699 545 2592
660 11311 529 2604
633 11071 551 2594
652 10718 577 2589
635 10901 533 2603
659 11439 533 2571
650 11290 523 2605
632 10283 557 2601
655 11152 523 2607
608 10142 533 2694
645 11061 523 2624
648 11030 548 2596
648 10680 533 2612
658 11347 533 2580
613 10254 566 2610
635 10684 533 2614
646 10267 533 2685
647 10938 523 2614
655 11152 523 2607
652 11699 545 2592
647 11311 539 2599
652 11699 545 2592
647 11311 539 2599
648 10680 533 2612
660 11311 529 2604
660 11311 529 2604
730 11506 523 2596
687 12145 524 2580
648 10774 523 2642
644 10893 551 2558
628 10805 575 2594
605 10146 536 2772
598 9783 553 2687
703 12014 524 2585
672 11529 529 2604
610 10254 536 2741
624 10303 533 2694
612 10065 527 2757
685 11922 524 2587
730 11474 524 2591
618 10545 575 2598
655 11517 547 2567
647 10804 560 2579
644 10343 536 2662
634 10287 557 2601
625 10367 566 2610
603 10246 536 2763
645 10686 539 2614
624 10406 533 2685
625 10367 566 2610
701 11349 533 2598
659 11460 533 2571
640 11069 542 2602
635 11220 527 2633
644 10893 551 2558
643 10865 536 2620
677 11295 545 2579
628 10486 533 2625
639 10671 533 2623
663 11214 523 2621
677 11295 545 2579
667 10981 533 2612
647 11177 542 2598
639 10671 533 2623
671 10995 523 2636
637 10733 551 2588
671 11037 523 2627
626 10836 523 2642
618 10545 575 2598
657 11285 524 2624
604 10197 536 2750
645 10608 551 2597
604 10197 536 2750
650 11331 523 2605
658 11357 533 2580
666 11247 523 2610
642 11150 523 2635
650 11331 523 2605
666 11146 542 2598
658 11357 533 2580
780 12933 538 2572
672 11287 523 2616
645 11017 551 2558
626 10585 575 2608
605 10147 536 2772
666 10238 553 2687
636 10363 557 2601
622 10655 575 2598
643 11091 539 2654
716 12541 533 2580
740 11678 523 2596
678 12006 529 2604
724 12140 533 2575
703 12013 524 2587
627 10521 533 2685
660 10827 554 2606
657 11286 542 2598
664 11222 524 2679
685 11720 533 2584
672 11763 536 2597
738 12848 524 2580
672 11205 533 2612
631 10683 556 2634
646 11235 523 2635
634 10685 557 2627
659 11586 547 2567
650 11416 545 2600
738 12848 524 2580
683 11475 545 2579
659 10980 551 2597
730 11506 524 2591
675 11533 547 2567
644 10641 533 2625
680 11446 523 2609
734 11557 523 2597
662 11599 523 2609
659 11382 523 2611
670 11553 533 2602
676 11442 533 2591
673 11553 533 2587
738 12848 524 2580
751 13001 545 2578
692 12061 523 2614
665 11338 551 2558
644 10496 557 2601
633 10904 536 2732
623 10967 578 2600
733 12647 533 2586
655 10695 536 2644
655 11038 563 2572
646 10775 536 2671
635 10981 536 2718
677 11215 533 2638
716 12131 545 2586
703 12014 524 2587
682 11575 542 2608
710 12334 545 2585
676 11292 524 2705
647 11401 560 2577
679 11725 548 2580
670 11494 539 2634
686 11257 524 2685
690 12459 545 2592
650 11059 556 2625
680 11617 547 2567
670 11464 524 2691
730 11510 524 2591
712 11893 523 2610
667 11306 554 2601
687 10974 548 2629
673 12004 547 2567
697 11942 533 2612
654 11505 551 2573
672 11320 523 2616
651 11425 545 2600
705 11581 536 2611
700 11902 545 2595
646 11145 556 2616
654 10980 545 2630
700 11950 536 2594
646 11122 556 2630
730 11510 524 2591
730 11510 524 2591
730 11510 524 2591
730 11510 524 2591
730 11510 524 2591
730 11510 524 2591
777 13255 545 2578
714 12131 523 2612
684 11669 547 2567
678 10826 536 2660
669 11058 577 2589
656 10921 536 2739
638 11083 545 2723
694 12539 545 2596
684 11392 524 2703
730 11974 523 2623
645 10843 557 2620
660 11121 544 2664
662 11146 542 2658
669 11058 568 2594
687 11359 527 2643
675 11582 551 2600
654 11524 575 2585
704 12125 533 2603
682 11999 563 2587
672 11350 533 2625
708 11678 523 2634
711 12174 524 2587
730 11515 524 2591
686 11825 545 2623
711 12080 542 2615
690 11481 524 2617
683 12013 545 2616
753 12189 527 2590
743 12686 548 2580
733 12413 523 2614
706 12286 554 2577
688 10847 536 2660
675 11247 575 2598
669 11519 536 2772
695 11309 557 2620
679 11599 545 2710
677 11132 553 2681
694 11617 524 2703
717 12168 545 2603
706 11917 533 2637
698 12219 548 2601
698 11997 556 2589
719 12675 524 2666
681 11556 556 2625
710 12378 530 2643
723 12305 536 2613
711 12575 545 2597
724 12620 524 2681
678 11806 554 2601
710 11937 524 2696
730 11534 524 2591
674 11873 536 2640
711 11569 530 2639
746 11739 524 2591
730 12677 542 2599
677 11683 575 2618
669 11526 536 2772
734 12425 524 2694
693 11825 566 2612
695 11808 554 2607
742 11743 536 2598
743 11782 524 2591
749 11890 524 2591
730 13043 545 2601
723 12483 556 2630
710 12057 566 2621
698 12107 557 2626
743 12204 524 2594
746 12029 524 2615
705 12054 566 2625
759 12920 545 2591
757 12118 524 2602
703 12218 568 2645
755 12313 524 2600
775 13237 547 2600
772 13111 524 2615
763 13803 545 2594
760 12802 527 2656
758 12508 568 2634
783 13206 545 2639
765 12928 524 2564
688 11245 551 2544
680 11780 565 2562
597 9805 523 2643
596 10224 523 2681
575 9722 547 2658
691 12084 533 2571
606 10357 533 2625
592 9738 527 2663
629 10206 551 2610
618 10719 565 2581
589 10091 536 2615
659 10601 523 2609
649 11340 524 2572
597 10280 542 2603
635 11124 524 2579
646 11160 542 2573
620 10691 523 2584
585 10099 536 2615
686 11971 542 2562
596 10224 523 2681
644 10820 551 2582
632 10979 551 2568
657 11247 542 2569
612 10885 542 2593
612 10885 542 2593
589 10091 536 2615
647 10921 542 2573
635 11124 524 2579
597 10280 542 2603
646 11335 542 2566
616 10126 523 2613
615 10180 523 2613
648 10612 551 2600
648 10612 551 2600
596 10224 523 2681
706 12252 542 2564
688 11248 551 2544
645 11118 569 2580
597 9806 523 2643
596 10224 523 2688
582 9766 547 2658
679 11767 556 2566
677 11794 542 2566
594 10212 536 2615
608 10443 533 2625
629 10216 551 2610
641 11139 524 2579
621 10770 542 2594
691 11753 523 2587
608 10443 533 2625
608 10394 542 2603
657 11256 542 2569
595 10166 548 2635
638 11474 542 2582
688 11248 551 2544
638 10870 524 2595
641 10745 523 2590
654 11025 542 2581
689 11443 524 2572
586 10410 548 2653
642 11243 551 2568
589 10194 548 2635
616 10213 523 2613
586 10410 548 2653
641 11088 542 2585
657 11256 542 2569
688 11248 551 2544
688 11248 551 2544
608 10443 533 2625
586 10410 548 2653
749 12663 551 2553
693 11448 523 2596
650 11301 579 2574
597 9890 523 2643
595 10218 538 2698
590 10200 548 2635
593 9951 547 2658
726 11536 524 2586
695 12053 524 2573
599 10424 548 2633
619 11031 527 2625
714 11730 523 2591
645 11145 569 2589
619 11031 527 2625
602 10346 536 2615
689 11206 560 2582
602 10346 536 2615
624 11099 554 2605
690 11953 565 2562
673 11312 542 2569
593 9951 547 2658
696 11950 542 2566
654 10813 533 2598
712 11276 551 2569
665 11593 524 2579
690 11953 565 2562
621 11042 545 2612
679 11860 556 2566
590 10200 548 2635
632 11022 542 2594
642 10381 551 2610
661 10752 551 2600
665 11577 533 2583
620 10964 523 2641
643 11202 560 2589
625 10805 542 2595
626 10622 542 2606
647 11433 556 2577
678 12030 551 2566
643 10876 551 2591
626 10622 542 2606
674 11244 523 2600
645 11145 569 2589
621 10226 523 2613
683 11161 533 2592
651 11057 524 2593
649 11386 533 2594
682 12027 542 2566
657 11519 542 2573
647 11433 556 2577
664 11322 542 2576
663 11464 533 2590
695 12053 524 2573
657 10869 542 2591
650 11153 523 2602
663 10809 523 2609
662 11356 542 2569
645 11145 569 2589
654 11053 523 2606
647 11433 556 2577
695 12053 524 2573
644 10982 533 2596
642 11129 542 2592
642 11005 524 2601
654 10813 533 2598
644 10982 533 2596
642 11005 524 2601
643 10876 551 2591
644 10982 533 2596
695 12053 524 2573
695 12053 524 2573
690 11953 565 2562
643 10876 551 2591
727 11881 523 2591
720 12275 533 2576
692 12188 565 2562
645 11152 569 2589
599 9892 527 2663
597 9909 523 2643
595 10386 538 2698
590 10231 548 2648
616 10544 548 2624
632 11419 545 2603
717 11480 533 2592
630 10893 560 2596
696 12026 542 2566
701 11851 524 2580
625 11220 523 2623
667 11599 568 2573
597 9909 523 2643
660 11734 551 2573
626 10807 524 2637
627 10717 524 2635
648 11571 527 2605
628 10366 523 2613
631 10833 554 2604
653 11295 524 2593
626 10425 523 2641
596 10318 548 2635
708 11859 524 2579
640 11042 551 2605
683 10911 542 2601
641 11264 542 2596
676 11620 542 2569
690 12086 556 2566
677 11373 542 2580
690 12086 556 2566
644 10992 533 2596
689 12013 523 2600
700 11670 523 2600
638 10868 542 2606
630 10314 523 2613
641 11110 554 2601
652 11171 524 2595
711 11738 523 2596
687 11397 551 2573
692 11920 523 2600
666 11478 542 2575
661 11084 523 2606
727 11881 523 2591
673 10881 523 2609
673 10881 523 2609
648 11571 527 2605
653 11100 524 2609
693 12100 542 2566
711 11738 523 2596
661 11158 524 2601
692 12125 542 2566
665 11038 542 2591
643 10898 551 2591
665 11038 542 2591
727 11881 523 2591
653 11170 523 2602
653 11170 523 2602
727 11881 523 2591
711 11738 523 2596
673 10881 523 2609
653 11170 523 2602
743 12245 523 2591
720 12416 524 2581
692 12209 542 2566
661 11112 523 2606
631 10586 572 2621
599 9902 527 2663
599 9902 527 2663
590 10422 548 2653
678 11863 542 2571
597 9921 523 2643
654 11228 569 2589
672 12105 556 2573
633 10549 563 2626
628 10579 523 2641
598 10366 548 2635
635 10953 560 2596
629 10816 548 2631
674 11486 542 2581
646 11635 536 2611
631 10863 554 2604
673 11181 533 2598
644 11170 542 2596
672 11617 542 2586
637 10700 524 2627
700 11726 523 2600
716 12124 523 2596
645 11685 536 2611
668 11089 542 2591
652 11253 551 2594
650 10480 536 2637
717 12038 524 2591
662 11403 524 2601
720 12263 533 2587
696 11837 523 2602
673 11168 533 2605
657 11186 524 2608
642 10742 523 2632
693 12129 542 2566
635 10862 524 2620
649 10542 551 2614
642 10787 524 2624
668 11348 524 2597
649 10542 551 2614
651 10943 523 2613
655 11303 524 2608
695 11653 524 2594
700 11726 523 2600
630 10628 524 2631
632 10543 523 2641
597 10392 548 2635
700 11726 523 2600
757 12751 523 2594
755 12924 524 2585
743 12378 523 2596
692 12222 542 2566
640 11096 578 2604
603 10303 523 2690
599 9916 527 2663
595 10471 548 2653
621 10620 548 2635
606 10131 529 2648
630 10991 566 2634
687 12176 570 2587
599 9943 536 2658
645 11201 560 2596
754 12627 524 2589
699 11996 523 2602
635 11246 548 2632
649 11524 554 2610
738 12845 524 2589
612 10162 523 2648
690 11675 542 2585
599 9916 527 2663
716 12115 523 2600
664 11497 569 2589
722 12130 524 2591
669 11465 538 2604
652 11307 551 2600
607 10444 523 2681
681 11160 533 2608
645 10844 524 2624
657 10883 523 2632
607 10444 523 2681
643 10766 523 2634
689 12099 542 2579
677 11376 551 2592
684 11638 524 2597
672 11854 542 2591
670 11009 524 2619
637 11195 527 2621
640 11453 533 2620
691 12097 542 2573
698 11691 523 2606
690 12187 556 2571
658 11837 542 2611
655 11042 523 2617
666 11903 523 2614
690 12187 556 2571
672 11785 523 2616
674 11355 524 2603
667 11421 524 2610
690 11102 542 2614
679 11407 523 2607
678 11265 542 2591
607 10444 523 2681
672 11450 524 2601
775 12931 523 2594
692 12227 542 2566
645 11426 575 2614
618 10251 524 2789
601 9937 527 2663
600 9943 527 2663
617 10644 523 2681
628 10301 524 2780
719 11989 542 2593
662 11829 554 2605
675 11737 569 2589
664 10920 533 2638
616 10221 527 2656
695 12403 533 2605
702 12217 542 2586
677 12285 545 2606
706 11729 533 2598
664 11695 569 2600
619 10306 529 2648
620 10389 523 2658
656 11284 523 2646
668 11547 551 2617
641 11280 548 2633
639 11417 548 2635
664 11203 523 2622
707 12104 551 2580
679 12135 523 2614
697 11909 551 2598
715 11823 533 2597
692 12000 551 2590
697 12124 551 2588
645 11364 527 2621
698 11918 533 2620
692 12227 542 2566
618 10251 524 2789
716 12124 523 2600
692 12000 551 2590
707 12104 551 2580
702 12217 542 2586
692 12227 542 2566
692 12227 542 2566
702 12217 542 2586
692 12227 542 2566
692 12227 542 2566
692 12227 542 2566
757 12706 533 2598
755 13166 533 2598
700 12254 542 2566
682 12102 563 2610
628 10655 523 2681
621 10312 524 2789
618 10156 527 2663
613 10192 527 2663
658 11388 533 2645
659 11883 548 2628
695 11928 554 2605
707 12114 551 2589
651 11227 523 2659
668 11262 524 2628
627 10822 523 2666
620 10357 529 2648
721 12339 523 2602
728 12174 523 2651
617 10282 527 2656
726 12241 523 2600
742 12566 523 2600
723 12457 542 2566
711 12186 551 2589
623 10300 536 2658
617 10758 538 2698
706 11980 529 2645
667 11188 527 2675
684 11407 536 2629
709 12459 547 2585
642 10930 523 2681
707 11804 524 2631
712 12477 542 2589
689 12002 523 2663
646 11222 523 2679
721 12548 523 2604
722 11753 523 2666
739 12539 523 2602
770 12947 523 2617
758 12565 542 2591
740 13312 523 2619
710 12065 554 2645
662 10975 524 2753
646 11047 523 2681
662 11454 545 2659
732 12779 527 2633
678 12214 533 2675
695 11893 536 2651
684 12130 550 2646
689 12329 524 2673
745 12634 524 2601
654 11751 523 2680
700 11765 554 2652
733 13037 551 2595
738 13039 524 2613
765 12684 524 2617
760 13003 551 2598
749 13438 554 2621
744 13392 566 2628
684 12260 548 2659
746 12711 524 2627
759 12981 551 2600
774 13220 527 2641
765 13335 566 2643
756 13615 566 2628
702 11996 524 2561
700 11925 577 2557
595 9917 523 2629
588 9819 533 2619
574 9947 574 2710
581 10253 550 2703
680 11459 559 2565
698 11710 568 2562
653 11231 523 2574
682 11478 554 2573
607 10253 533 2607
637 10465 523 2627
608 10494 542 2601
600 10058 524 2624
642 11146 545 2578
585 10023 568 2622
580 9988 574 2706
647 10743 545 2578
611 10772 556 2598
608 10086 560 2609
628 11076 523 2584
616 10956 533 2580
629 10845 533 2596
601 10500 542 2601
581 10253 550 2703
649 10863 554 2576
648 10597 523 2588
632 10565 524 2580
612 10727 554 2578
618 10652 524 2613
612 10727 554 2578
594 10232 524 2615
620 10560 524 2610
627 10651 523 2604
593 10082 556 2611
595 10153 560 2605
614 10578 523 2620
624 10528 524 2604
619 10631 523 2616
605 10094 560 2609
613 10488 533 2606
597 10177 524 2617
585 10023 568 2622
624 10599 523 2618
591 9960 523 2629
600 10058 524 2624
608 10086 560 2609
605 10094 560 2609
600 10160 524 2619
588 9926 533 2617
597 10177 524 2617
585 10023 568 2622
593 10082 556 2611
592 9941 523 2629
624 10599 523 2618
597 10177 524 2617
591 9960 523 2629
591 9960 523 2629
600 10160 524 2619
612 10727 554 2578
588 9926 533 2617
600 10160 524 2619
600 10160 524 2619
600 10160 524 2619
600 10058 524 2624
597 10177 524 2617
597 10177 524 2617
597 10177 524 2617
591 9960 523 2629
585 10023 568 2622
711 12744 524 2568
707 12410 551 2561
595 9923 523 2629
588 9900 533 2619
574 9951 574 2710
581 10263 550 2703
703 12197 533 2564
684 11659 559 2565
585 10030 568 2622
683 11516 554 2573
707 11867 568 2562
615 10250 560 2607
611 10554 542 2601
665 11324 523 2585
588 9900 533 2619
588 9900 533 2619
666 11959 523 2575
574 9951 574 2710
670 11564 523 2574
653 11567 523 2584
644 10595 524 2580
609 10105 560 2609
683 11751 560 2570
656 11003 554 2576
641 11171 523 2597
654 11174 545 2578
627 11067 533 2586
630 10934 533 2604
613 10407 551 2610
593 10102 556 2611
611 10554 542 2601
593 10102 556 2611
635 11059 524 2599
600 10077 524 2624
624 10340 524 2617
603 10287 560 2609
600 10187 524 2619
613 10554 524 2615
654 11174 545 2578
619 10874 533 2612
629 10582 524 2613
654 11174 545 2578
612 10753 554 2578
632 11059 533 2590
656 11003 554 2576
595 9923 523 2629
642 10820 524 2608
618 11039 533 2597
656 10682 523 2592
624 10606 523 2620
665 10828 523 2588
574 9951 574 2710
597 10306 533 2615
656 10682 523 2592
634 10872 524 2608
588 9900 533 2619
614 10381 560 2605
617 10608 523 2620
611 10388 560 2607
599 10298 560 2609
574 9951 574 2710
616 10376 542 2613
619 10634 523 2616
619 10634 523 2616
588 9900 533 2619
613 10367 560 2607
654 11174 545 2578
618 11039 533 2597
588 9900 533 2619
574 9951 574 2710
654 11174 545 2578
613 10367 560 2607
619 10634 523 2616
619 10634 523 2616
588 9900 533 2619
588 9900 533 2619
588 9900 533 2619
588 9900 533 2619
588 9900 533 2619
588 9900 533 2619
588 9900 533 2619
588 9900 533 2619
588 9900 533 2619
588 9900 533 2619
588 9900 533 2619
574 9951 574 2710
777 13301 577 2561
618 10626 523 2620
588 9903 533 2619
574 9960 574 2710
584 10282 562 2710
595 10019 523 2629
748 12920 545 2572
732 12312 559 2567
632 11252 533 2586
629 11062 542 2599
691 11753 563 2566
612 10759 554 2578
626 10592 533 2617
665 11121 524 2580
593 10152 556 2611
600 10103 524 2624
666 11386 545 2578
712 12217 554 2571
710 11742 568 2569
707 11882 568 2562
647 10745 560 2607
574 9960 574 2710
614 10445 524 2619
695 11971 560 2570
697 10798 523 2601
650 11351 523 2597
707 11882 568 2562
664 12111 524 2589
676 11638 523 2574
662 11508 524 2591
641 11058 524 2613
669 11203 545 2578
657 10999 524 2593
636 11092 533 2587
656 11149 554 2576
653 10738 524 2595
676 11638 523 2574
644 10864 533 2595
692 11678 554 2573
663 10908 523 2592
673 11004 523 2588
624 10762 524 2615
618 10626 523 2620
643 10710 524 2615
618 10626 523 2620
666 11386 545 2578
665 11511 523 2588
574 9960 574 2710
628 10800 523 2616
656 11149 554 2576
627 10776 523 2618
574 9960 574 2710
618 10626 523 2620
707 11882 568 2562
618 10626 523 2620
618 10626 523 2620
574 9960 574 2710
574 9960 574 2710
776 12978 559 2567
707 11961 568 2562
676 11657 523 2574
588 9918 533 2619
574 9973 574 2710
738 12588 554 2571
584 10307 562 2710
654 10531 523 2629
709 11890 568 2562
597 10247 568 2618
670 11041 542 2592
669 11213 545 2578
667 11274 554 2576
641 11347 533 2588
622 10511 524 2623
642 10989 524 2619
616 10377 560 2614
652 11474 523 2597
619 10969 556 2596
692 11688 554 2573
679 11241 533 2582
585 10301 562 2710
648 11204 533 2604
667 10926 524 2612
618 10661 523 2620
636 10921 533 2615
642 10775 560 2607
644 10351 560 2616
678 11053 523 2588
676 11657 523 2574
655 10975 533 2606
692 11688 554 2573
641 11382 554 2578
649 10792 524 2615
643 10903 523 2618
648 11379 533 2587
676 11657 523 2574
585 10301 562 2710
655 10975 533 2606
692 11688 554 2573
655 10975 533 2606
676 11657 523 2574
676 11657 523 2574
655 10975 533 2606
725 12314 568 2562
725 12314 568 2562
718 12412 568 2568
695 12171 523 2575
662 11361 582 2599
588 9932 533 2619
584 10343 562 2710
575 10047 574 2710
584 10343 562 2710
651 11118 523 2625
625 10562 524 2623
638 10909 524 2622
653 11106 556 2602
656 11630 551 2592
670 10985 542 2612
710 11942 580 2567
708 12020 568 2571
712 11808 536 2586
652 10848 524 2615
680 11144 523 2588
664 11522 533 2592
647 11479 554 2578
697 11791 545 2574
678 11455 538 2587
650 11427 542 2594
586 10324 562 2710
676 11708 545 2578
687 12004 523 2580
716 12058 568 2569
584 10343 562 2710
671 11383 554 2576
691 12249 523 2575
673 11661 524 2613
699 12052 523 2575
584 10343 562 2710
725 12314 568 2562
693 11910 523 2582
693 11910 523 2582
692 11697 554 2573
695 11797 545 2574
584 10343 562 2710
584 10343 562 2710
584 10343 562 2710
727 12320 568 2562
722 12532 568 2568
695 12255 523 2575
597 9966 533 2619
582 10084 574 2710
581 10097 574 2710
593 10536 562 2710
653 10981 524 2630
650 11331 524 2624
674 10918 547 2616
653 11114 524 2615
669 11899 554 2578
702 12124 545 2574
594 10081 533 2621
681 11312 523 2589
681 11964 533 2588
689 11663 554 2576
698 11589 559 2576
708 12058 554 2573
695 11797 545 2587
698 11734 559 2574
687 12085 523 2588
595 10084 533 2619
766 12802 568 2569
745 12941 523 2583
743 12551 577 2567
607 10057 533 2619
595 10174 583 2686
593 10542 562 2710
664 11223 524 2622
694 11768 554 2576
681 11426 545 2594
710 12216 545 2574
597 10062 533 2619
709 12291 524 2589
740 12651 554 2573
730 12334 568 2571
671 11508 533 2615
691 11577 533 2605
688 11889 523 2622
716 12156 545 2584
714 11351 523 2601
759 12533 523 2590
752 12684 523 2588
690 12027 524 2591
699 11527 523 2615
740 12383 533 2581
728 12552 533 2576
708 12359 523 2604
678 11422 533 2615
734 12720 523 2584
736 12569 523 2590
784 12856 523 2610
774 12770 566 2573
764 13382 545 2576
755 12952 523 2583
727 12433 577 2575
725 11873 523 2629
602 10143 533 2619
598 10160 533 2619
691 11857 524 2626
727 11844 542 2611
702 11890 557 2587
714 12207 554 2578
700 12429 536 2594
695 12143 524 2595
714 11991 547 2617
600 10148 533 2619
724 12037 523 2618
900 15851 547 2580
741 12290 575 2594
726 12128 523 2626
601 10325 562 2710
598 10648 562 2685
776 13527 523 2583
602 10691 550 2703
698 12293 524 2614
625 10351 568 2622
733 12457 533 2603
726 12257 536 2610
622 10475 533 2619
617 10490 533 2619
787 12874 523 2628
756 13655 542 2612
728 12811 523 2633
617 10518 533 2619
616 10812 562 2710
703 12340 524 2614
780 13648 523 2662
732 12628 524 2614
621 10608 568 2626
616 10884 571 2714
724 12889 529 2654
657 11049 533 2619
778 12429 527 2632
647 11559 562 2684
631 10763 560 2694
651 10986 545 2628
623 10744 565 2619
769 12963 524 2617
631 10841 574 2710
626 11006 574 2701
664 11144 542 2652
657 11208 533 2619
635 10850 568 2622
632 10864 568 2620
885 13784 527 2655
700 12022 565 2622
669 11267 559 2636
708 12441 563 2624
669 11442 545 2632
678 11575 533 2645
682 11641 533 2626
680 11288 559 2625
680 11615 533 2629
834 13792 550 2629
700 12306 566 2678
690 11964 541 2686
669 11623 562 2693
743 13541 562 2658
736 12585 559 2665
784 13736 562 2682
675 11648 574 2719
706 12292 551 2556
697 12376 551 2556
634 10730 581 2543
624 10625 523 2607
616 9702 542 2715
574 9782 541 2718
645 11322 569 2563
585 10059 560 2607
668 10864 542 2567
646 11025 574 2561
581 10248 547 2675
622 10603 554 2571
575 10281 538 2671
590 9986 560 2605
605 10336 524 2635
604 10832 529 2685
659 11071 533 2563
600 9786 551 2575
594 10220 541 2706
639 10813 523 2591
663 11267 551 2559
596 9906 533 2662
643 10631 569 2567
586 9929 529 2711
600 10482 532 2694
618 10613 523 2618
605 10398 524 2622
587 10498 532 2694
603 10642 532 2685
624 10472 523 2647
627 10279 542 2657
610 10485 533 2585
594 10220 541 2706
652 10691 542 2578
605 10398 524 2622
607 10385 524 2593
607 10364 533 2605
609 9756 542 2715
597 9993 533 2660
626 10963 524 2565
660 11268 551 2559
652 10682 542 2580
615 10345 523 2649
596 9906 533 2662
626 10963 524 2565
652 10682 542 2580
607 10364 533 2605
615 10345 523 2649
610 10247 533 2658
624 10472 523 2647
615 10345 523 2649
596 9906 533 2662
627 10279 542 2657
596 9906 533 2662
615 10345 523 2649
627 10279 542 2657
624 10472 523 2647
615 10345 523 2649
615 10345 523 2649
615 10345 523 2649
605 10398 524 2622
605 10398 524 2622
605 10398 524 2622
596 9906 533 2662
697 12391 551 2556
636 10733 581 2543
627 10763 523 2618
619 9718 542 2715
586 9989 541 2718
580 10377 538 2680
661 11325 574 2561
673 11481 551 2559
591 10592 532 2694
592 10050 560 2607
623 10648 554 2571
603 9870 551 2575
630 10778 524 2613
641 10602 542 2593
660 11071 533 2563
628 10529 523 2647
605 10417 524 2622
639 10844 523 2591
673 11481 551 2559
615 10373 523 2649
609 10160 533 2660
591 10079 560 2605
652 10691 542 2580
582 10426 538 2671
627 11019 524 2565
594 10236 541 2706
581 10397 547 2675
652 10691 542 2580
607 10076 533 2680
607 10446 536 2600
584 10307 550 2675
607 10446 536 2600
608 10121 533 2662
592 10305 541 2706
581 10397 547 2675
629 10693 523 2618
586 9989 541 2718
592 10305 541 2706
591 10143 541 2712
581 10346 538 2680
594 10236 541 2706
586 9989 541 2718
584 10337 550 2671
586 9989 541 2718
591 10143 541 2712
586 10275 541 2712
584 10337 550 2671
591 10143 541 2712
608 10121 533 2662
592 10050 560 2607
608 10412 536 2600
592 10050 560 2607
592 10305 541 2706
586 10275 541 2712
581 10346 538 2680
592 10305 541 2706
592 10305 541 2706
592 10305 541 2706
592 10305 541 2706
592 10050 560 2607
591 10143 541 2712
586 9989 541 2718
586 9989 541 2718
586 9989 541 2718
586 9989 541 2718
586 9989 541 2718
586 9989 541 2718
586 9989 541 2718
586 9989 541 2718
586 9989 541 2718
584 10337 550 2671
584 10337 550 2671
581 10397 547 2675
581 10346 538 2680
709 12616 551 2556
639 10564 523 2651
636 10738 581 2543
625 9720 542 2715
586 10007 541 2718
581 10387 538 2680
673 11484 551 2559
709 12616 551 2556
593 10111 560 2607
636 10738 581 2543
654 10806 523 2636
608 10540 529 2705
626 9925 556 2713
589 10440 547 2675
668 11424 523 2591
615 10618 524 2622
666 11017 523 2598
646 11149 533 2590
584 10371 550 2671
607 9949 551 2575
581 10387 538 2680
591 10620 532 2694
610 10175 533 2662
640 10476 524 2677
595 10682 538 2671
607 9949 551 2575
608 10466 536 2600
642 11159 524 2565
586 10314 541 2712
641 10381 542 2657
623 10673 554 2571
645 10432 533 2645
613 10238 533 2660
630 10836 523 2618
591 10112 560 2605
620 10531 523 2658
623 10673 554 2571
634 10695 523 2649
640 10871 523 2600
591 10620 532 2694
660 11086 533 2563
660 11086 533 2563
709 12616 551 2556
581 10387 538 2680
660 11086 533 2563
586 10007 541 2718
634 10425 542 2657
625 10453 533 2653
642 11159 524 2565
591 10112 560 2605
630 10836 523 2618
630 10836 523 2618
591 10620 532 2694
709 12616 551 2556
660 11086 533 2563
591 10112 560 2605
716 12756 551 2556
704 11844 523 2591
636 10868 581 2543
625 9756 542 2715
593 10266 541 2718
581 10397 538 2680
615 10076 565 2644
694 11880 551 2559
680 11405 523 2598
659 11142 554 2571
629 10932 542 2622
593 10664 532 2694
603 10848 547 2675
619 11087 532 2672
653 11104 524 2615
625 9756 542 2715
608 10360 560 2612
619 10489 547 2608
591 10112 560 2614
648 11165 533 2590
587 10401 550 2671
634 11011 536 2600
670 11354 533 2563
645 10785 523 2658
617 10165 551 2575
648 11224 524 2604
625 9756 542 2715
699 11843 551 2559
581 10397 538 2680
645 10602 542 2601
660 11564 523 2600
614 10284 533 2669
655 11353 523 2617
661 11694 551 2563
593 10664 532 2694
664 11624 551 2563
662 11651 524 2567
617 10364 533 2662
630 10854 523 2618
630 10546 533 2660
627 10300 542 2661
626 10652 523 2672
662 11107 523 2612
625 9756 542 2715
625 9756 542 2715
625 9756 542 2715
593 10664 532 2694
724 12874 551 2556
691 11392 523 2614
636 10958 581 2543
625 9757 542 2715
625 9757 542 2715
581 10419 538 2689
618 10134 565 2644
698 12476 551 2561
595 10700 532 2694
591 10536 550 2671
618 10703 556 2578
681 11917 523 2600
591 10546 538 2680
670 11229 524 2612
619 10443 560 2596
631 11072 523 2708
643 10901 523 2649
653 11316 523 2618
634 10873 524 2622
639 11177 536 2600
621 10276 560 2600
669 11451 533 2605
632 11091 533 2661
669 11502 542 2597
658 11140 524 2615
679 11745 523 2607
698 11659 524 2573
673 11885 524 2571
635 10858 523 2658
624 10291 551 2575
675 11386 533 2563
674 11675 551 2563
709 12308 524 2571
702 12337 523 2600
678 11613 569 2563
676 11758 523 2620
638 11305 592 2587
625 9760 542 2715
593 10662 538 2680
597 10706 532 2694
647 11209 578 2589
630 10350 556 2649
654 10378 565 2644
644 10896 533 2660
667 11525 523 2638
624 10555 551 2612
690 12152 524 2581
664 10959 551 2575
659 11388 529 2649
607 10633 541 2705
679 11865 551 2563
605 10499 541 2706
653 10904 542 2657
648 11120 574 2586
690 11520 569 2563
619 10444 560 2596
634 10681 574 2592
700 11616 533 2563
640 10873 551 2590
639 10440 560 2596
701 12256 524 2580
666 11160 529 2658
648 11324 560 2587
630 10350 556 2649
646 11181 529 2651
678 11622 551 2574
678 11801 533 2577
651 10647 560 2594
624 10577 551 2599
630 10697 574 2592
664 11318 523 2649
630 10697 574 2592
746 12733 524 2583
712 12537 523 2600
695 12181 551 2563
643 11361 592 2587
636 9780 542 2715
605 10507 541 2719
596 10758 541 2710
683 11700 569 2563
643 11315 592 2591
627 10457 565 2646
701 12375 547 2615
633 9952 542 2715
719 11910 538 2646
608 10975 538 2687
648 11643 532 2676
654 11577 538 2664
636 10795 565 2644
637 10694 541 2701
656 11330 529 2667
641 10740 559 2599
636 10920 556 2617
609 10537 541 2712
674 10925 551 2601
663 11374 542 2652
650 11097 551 2599
690 11935 551 2570
682 11659 524 2679
708 12290 542 2568
681 11258 538 2667
636 10943 551 2626
700 12108 542 2625
664 11031 551 2575
694 12073 524 2678
718 12179 523 2650
706 12167 524 2589
664 11031 551 2575
643 11361 592 2587
763 12803 542 2572
740 12811 538 2622
714 11892 529 2698
698 12288 551 2563
654 11589 592 2587
617 10614 541 2712
613 10644 541 2714
722 12436 533 2624
657 11345 533 2668
684 11491 574 2583
643 10784 565 2606
676 11254 556 2589
713 12744 547 2605
687 12155 569 2563
708 12229 547 2608
632 10977 541 2687
656 11648 550 2684
653 11157 551 2599
658 11448 532 2689
664 11506 560 2577
674 11782 551 2579
643 11036 560 2607
688 11916 569 2563
618 10982 541 2706
693 11562 551 2586
822 13720 542 2603
773 14104 542 2586
730 12815 533 2687
697 11976 569 2563
692 12279 592 2585
626 10823 541 2718
619 10839 541 2713
659 10977 570 2667
666 11320 556 2651
698 12357 551 2563
712 11921 560 2579
653 11186 556 2691
642 11630 541 2710
679 11467 565 2599
671 11807 565 2615
662 11567 550 2686
671 11961 551 2626
685 11618 536 2671
683 11561 560 2586
685 11893 551 2604
754 12553 550 2678
731 12608 536 2683
700 12413 551 2563
686 11756 574 2587
633 10911 541 2718
714 11906 560 2603
641 11175 541 2714
702 12080 569 2563
685 12076 538 2701
710 12566 551 2563
709 12666 563 2563
652 11326 541 2718
696 12082 550 2705
698 12341 541 2716
774 13087 551 2573
765 13366 551 2563
748 13164 569 2576
664 11595 541 2731
734 12638 565 2670
686 11846 541 2720
713 12687 551 2596
718 12805 551 2589
715 12867 551 2589
756 13011 556 2608
749 13033 560 2598
740 13400 568 2610
665 11689 541 2734
747 12817 551 2613
751 13598 568 2644
