2 0.159262
682 11710 571 2709
650 11056 597 2750
731 12086 554 2727
661 11736 613 2701
702 12019 568 2711
716 12413 583 2696
716 12233 620 2676
744 12662 544 2757
650 11056 597 2750
650 11056 597 2750
846 13952 638 2710
864 13888 615 2750
778 12921 655 2725
761 12871 574 2735
763 12910 634 2721
723 12933 638 2748
772 13871 580 2740
782 13276 601 2710
758 12775 592 2712
722 12790 545 2697
712 12794 592 2732
790 13450 618 2759
740 12498 615 2727
789 13094 620 2754
760 12656 589 2714
689 11664 571 2722
806 13874 586 2747
726 12680 588 2743
723 12360 597 2732
722 12496 613 2700
772 13002 580 2763
820 14124 632 2753
777 12589 617 2709
766 13020 566 2730
816 14441 632 2763
763 13331 579 2768
775 13826 554 2744
763 12656 577 2700
849 14663 618 2760
831 14358 640 2748
712 12641 627 2731
705 12416 606 2715
744 12827 609 2744
750 12326 571 2742
768 13018 616 2711
807 13668 664 2669
830 14408 568 2709
809 14463 604 2697
875 15591 625 2747
753 13291 594 2716
709 11948 623 2739
789 13528 585 2699
783 13671 639 2731
834 14584 646 2788
674 11388 589 2699
746 13200 563 2700
716 12467 606 2726
744 12857 627 2739
779 14094 607 2745
729 12576 562 2756
751 13199 625 2713
694 11722 583 2740
773 13216 618 2744
727 12235 641 2685
695 11557 603 2741
667 11131 623 2746
777 12443 641 2787
741 12467 601 2715
774 13835 594 2726
766 13444 643 2750
761 12782 602 2784
776 13417 571 2751
752 12791 571 2749
742 12764 545 2720
833 13277 664 2764
843 14574 626 2752
723 12514 634 2769
662 11268 583 2706
689 11759 592 2731
740 12782 567 2748
787 12792 588 2740
711 11971 565 2720
814 13776 569 2725
790 13719 601 2677
702 12005 557 2770
792 13520 627 2677
737 12295 580 2724
695 11996 597 2761
724 12757 596 2745
741 12627 580 2723
759 12856 560 2747
792 13894 653 2752
797 14005 613 2704
724 11933 627 2731
760 12741 632 2767
814 13903 571 2716
811 13150 583 2740
776 12934 646 2735
940 15617 578 2759
679 11643 583 2722
833 14508 592 2747
704 11886 568 2714
676 11155 585 2712
738 11917 583 2750
849 14555 631 2725
751 13104 615 2755
781 13076 556 2726
700 11850 615 2711
695 11707 580 2739
799 13647 583 2755
776 13589 609 2765
783 13507 618 2738
809 13663 591 2722
802 13617 618 2717
798 13525 588 2737
758 12932 620 2756
719 12460 599 2734
806 14327 563 2699
786 13427 568 2729
735 12123 601 2756
694 11892 571 2697
736 12229 597 2708
702 12130 629 2738
711 12818 611 2734
749 13006 574 2752
719 12229 583 2740
813 13178 580 2722
740 12542 646 2779
697 11764 624 2709
760 13642 550 2751
722 12531 571 2722
868 15457 667 2748
710 12200 568 2736
784 13199 653 2755
866 14740 648 2723
721 12407 571 2717
812 13517 592 2718
675 11705 571 2760
792 13293 632 2740
771 12625 620 2743
789 13175 553 2764
739 12676 550 2777
796 13766 545 2724
759 13078 652 2740
725 12039 611 2742
753 12407 615 2748
800 13906 576 2760
768 13334 603 2735
707 12411 601 2741
712 12713 608 2719
771 13181 641 2731
812 13411 562 2765
775 13160 643 2737
736 13034 627 2702
782 12796 586 2726
819 13882 641 2737
784 12804 585 2715
729 12421 562 2725
688 11723 632 2728
718 12569 625 2717
879 15467 611 2747
734 12711 600 2766
836 13465 653 2731
832 13823 632 2737
785 13858 632 2716
707 11982 588 2732
685 12087 566 2763
720 12455 615 2716
741 12327 609 2750
747 12091 632 2712
738 11862 557 2746
746 12666 582 2738
797 13936 629 2729
829 13706 571 2669
788 13685 618 2706
783 13557 563 2740
713 11685 580 2736
743 13153 615 2744
701 12000 568 2718
779 13518 589 2679
758 12477 597 2734
790 13048 623 2750
795 13616 609 2778
744 13221 627 2719
672 11681 571 2720
767 12893 644 2771
770 13067 554 2751
767 12545 569 2718
695 11962 639 2718
715 12576 626 2723
681 11478 562 2738
792 13986 606 2709
712 12057 606 2738
776 13274 632 2767
749 12673 585 2722
731 12645 568 2771
735 12416 576 2747
717 12116 571 2720
768 13180 577 2735
724 12339 613 2709
786 13751 632 2700
722 12055 615 2742
802 13484 626 2767
753 12829 585 2726
794 13514 600 2759
745 12805 574 2748
797 13099 604 2737
809 13852 585 2754
691 11859 616 2715
736 12983 641 2751
674 11748 609 2749
830 14170 589 2691
789 13624 608 2680
739 12846 620 2729
739 12679 609 2768
757 12759 634 2735
718 12115 627 2712
751 13185 618 2745
832 14201 635 2724
770 13356 615 2746
738 12482 621 2722
749 12702 583 2746
708 12284 563 2719
809 14204 580 2697
670 11535 574 2747
709 12117 640 2718
701 12523 548 2721
679 11544 601 2715
695 12098 585 2739
757 12687 597 2738
761 13317 625 2726
682 11288 580 2700
774 13012 566 2748
757 12369 556 2755
705 12406 622 2738
782 13137 580 2709
748 12338 586 2750
813 13872 637 2746
719 12422 577 2744
708 11702 571 2720
680 11480 618 2766
805 14219 580 2744
749 12855 585 2729
754 12702 601 2706
769 13222 559 2754
801 13712 611 2768
735 12526 554 2698
727 12603 609 2744
796 13444 616 2751
785 12610 544 2751
744 12595 616 2729
711 12366 571 2740
704 12017 606 2748
853 14897 583 2734
766 13418 615 2726
712 12288 562 2717
770 13174 613 2724
802 14212 618 2747
865 14598 583 2745
740 12856 594 2716
804 13896 608 2747
784 13472 568 2776
902 15157 613 2742
748 12443 574 2748
709 12495 636 2692
749 13149 659 2743
752 12640 627 2746
728 12468 599 2741
784 13119 588 2759
813 14061 633 2746
766 13128 597 2747
805 13428 596 2746
781 13584 594 2749
759 12598 629 2741
770 13093 627 2738
753 13080 568 2725
740 12794 557 2739
724 11881 613 2690
747 12500 636 2708
702 11793 580 2731
735 12448 577 2743
727 13086 609 2741
737 12489 620 2761
781 13467 601 2716
764 13042 618 2702
863 14831 638 2733
767 13644 602 2751
750 13102 574 2743
887 14891 611 2728
731 12319 597 2750
781 12777 644 2713
712 12369 595 2751
715 12379 620 2737
769 12923 618 2754
798 13074 629 2705
815 13099 607 2757
788 13594 600 2732
781 13185 632 2782
720 12396 554 2728
786 13024 643 2720
723 13143 595 2709
758 12387 627 2761
756 12808 615 2735
781 13355 611 2769
799 13548 580 2690
783 13095 620 2761
725 12360 592 2698
777 13790 591 2712
706 12352 563 2709
724 12584 580 2709
738 12826 545 2767
675 11765 583 2727
788 13694 634 2758
794 13103 563 2700
786 13994 588 2752
803 13211 606 2713
748 13124 634 2719
780 13779 545 2715
811 14328 571 2713
782 12947 625 2746
746 13130 611 2745
728 12767 590 2738
739 12354 580 2666
757 12858 550 2752
732 12611 554 2739
777 12858 589 2712
796 12907 629 2751
695 12345 620 2738
785 13135 587 2741
752 13312 559 2700
783 13422 606 2746
681 11695 587 2753
704 12649 622 2703
702 12376 631 2698
766 13782 554 2737
801 13817 578 2760
763 13653 627 2782
815 12535 637 2715
793 13006 597 2744
818 13996 655 2733
781 13776 655 2714
725 12627 578 2708
786 12950 630 2771
922 14755 658 2748
717 12187 576 2754
775 12813 595 2725
788 13353 615 2746
798 13856 620 2747
766 12807 603 2732
744 12906 597 2763
667 11496 622 2728
735 12379 577 2767
750 12839 632 2698
718 11613 611 2771
836 14199 592 2727
789 14058 622 2692
816 13891 582 2738
679 12154 646 2706
815 14271 622 2764
759 12774 580 2732
741 12790 592 2745
797 14125 599 2710
707 11665 606 2731
736 12796 583 2731
844 14116 545 2752
715 11882 606 2742
681 11895 604 2738
736 12364 606 2728
770 12829 644 2761
726 11958 588 2752
754 12982 612 2727
775 13587 568 2768
714 12466 563 2705
727 12588 574 2741
706 11648 566 2730
855 14513 608 2758
789 13737 620 2725
689 11647 601 2715
710 12247 585 2718
757 12560 620 2718
753 12914 634 2714
730 12529 550 2740
735 11615 641 2696
810 13296 602 2746
700 12174 601 2712
721 12379 606 2736
804 14113 604 2752
733 12767 554 2772
745 12848 588 2752
732 12878 571 2762
708 12129 576 2695
832 13769 545 2779
702 11585 576 2682
722 12374 620 2725
684 11543 622 2703
701 12326 615 2726
690 12067 611 2772
742 12744 589 2688
776 13523 591 2735
738 12161 580 2723
791 13581 629 2687
826 14093 590 2715
831 13662 609 2736
679 11800 618 2750
814 13460 614 2770
854 14412 563 2703
806 14073 623 2737
758 12409 562 2728
757 12208 595 2727
820 13481 554 2708
784 13057 623 2724
678 12109 594 2711
821 13645 573 2732
676 11790 589 2691
768 13102 620 2761
783 13393 613 2729
807 14372 597 2738
755 12734 627 2706
769 12660 600 2719
737 13237 620 2727
790 13295 623 2699
838 14083 650 2754
694 11642 581 2731
809 13341 595 2723
700 12110 589 2734
791 13237 618 2740
716 12628 575 2737
776 13106 632 2769
737 12764 623 2790
798 13479 601 2657
794 13851 594 2714
801 13025 603 2703
757 12687 618 2720
864 14622 646 2743
841 14116 580 2722
690 11417 594 2713
813 13461 609 2774
803 13765 580 2755
732 12735 594 2722
787 13070 606 2739
756 12977 632 2778
721 12886 595 2735
709 12590 613 2691
765 13218 580 2741
771 13094 594 2746
732 12179 562 2697
771 12735 580 2766
784 14024 588 2768
722 12552 583 2753
698 12182 568 2714
882 15068 609 2740
805 13181 637 2744
672 11895 568 2724
760 12989 646 2743
781 12473 592 2747
721 12090 574 2707
776 12849 574 2743
694 12126 574 2734
797 12780 593 2752
872 15348 605 2714
798 13377 623 2710
789 13237 583 2771
766 13263 583 2744
701 11722 620 2779
779 13378 620 2774
823 14076 635 2764
770 12789 597 2732
746 12924 580 2701
746 12746 592 2715
725 13103 571 2792
729 12614 597 2727
750 13157 632 2761
769 13045 583 2767
743 12502 545 2765
791 13942 606 2720
767 13615 545 2755
690 11969 580 2708
861 14535 571 2717
759 12964 545 2749
725 12323 597 2716
