404 20.2722
547 9118 523 2562
548 9203 545 2547
542 9001 527 2557
543 9062 536 2552
545 8994 527 2557
542 9115 536 2552
528 8889 527 2581
527 8941 527 2581
740 12435 560 2534
551 9124 523 2562
578 9504 527 2557
578 9495 523 2562
565 9520 523 2562
589 9880 523 2575
573 9689 523 2562
556 9319 527 2557
577 9749 523 2562
568 9457 523 2562
578 9792 523 2562
582 9845 527 2570
562 9449 527 2557
566 9441 523 2562
570 9511 523 2575
585 9842 523 2562
584 9771 523 2562
607 10215 523 2575
563 9382 523 2562
557 9256 527 2557
566 9560 523 2562
606 10219 523 2575
568 9437 523 2562
568 9510 523 2575
566 9473 523 2575
572 9579 527 2557
564 9516 523 2562
576 9712 527 2557
549 9157 527 2557
603 10205 523 2575
599 9997 523 2562
585 9813 527 2570
577 9719 523 2562
559 9364 527 2557
570 9545 527 2557
550 9255 523 2562
562 9469 523 2562
583 9789 523 2562
591 9768 523 2562
553 9226 527 2557
589 9691 523 2562
554 9237 523 2562
585 9769 523 2575
560 9433 527 2557
573 9694 527 2557
586 9746 523 2562
562 9403 523 2562
563 9477 527 2557
568 9501 527 2570
584 9531 523 2562
564 9474 523 2562
588 9629 523 2562
577 9781 523 2562
573 9640 523 2562
577 9656 523 2562
572 9518 527 2557
572 9561 527 2570
587 9832 523 2575
570 9475 527 2557
586 9844 523 2575
567 9504 523 2562
576 9699 523 2562
577 9545 527 2557
577 9679 523 2575
565 9559 523 2562
591 9743 527 2557
576 9449 527 2557
583 9835 527 2557
564 9465 523 2562
572 9594 527 2557
592 10066 523 2575
577 9650 523 2562
564 9400 523 2562
568 9611 523 2562
594 9940 523 2575
570 9496 527 2557
578 9755 523 2562
558 9383 527 2570
564 9410 523 2562
585 9879 523 2562
582 9765 523 2562
589 9828 523 2562
574 9533 523 2562
580 9662 527 2557
578 9735 527 2557
570 9561 527 2570
589 9910 523 2562
571 9566 527 2557
601 10149 523 2562
566 9526 523 2562
567 9472 527 2557
580 9821 527 2557
599 10156 527 2557
581 9704 523 2562
558 9305 523 2562
583 9836 527 2570
564 9463 527 2557
562 9334 527 2557
582 9763 527 2557
581 9610 523 2562
569 9529 523 2562
595 10083 523 2575
577 9855 523 2562
616 10115 523 2575
591 9725 523 2562
577 9629 523 2562
585 9781 527 2557
564 9448 523 2562
588 9954 523 2575
571 9526 523 2562
561 9368 523 2562
572 9599 523 2562
569 9557 523 2562
577 9686 523 2562
572 9603 527 2557
581 9745 527 2557
586 9807 523 2562
564 9539 527 2557
566 9462 523 2562
575 9597 523 2562
571 9629 523 2562
568 9597 523 2562
587 9860 523 2575
635 10450 523 2562
573 9629 523 2562
598 10026 523 2562
571 9580 523 2562
589 9915 523 2562
579 9670 527 2557
565 9482 523 2562
571 9659 523 2562
576 9697 523 2562
566 9530 523 2562
572 9662 523 2575
576 9733 523 2562
552 9321 523 2562
575 9694 523 2575
582 9708 527 2557
601 10068 523 2562
584 9564 527 2557
582 9660 523 2562
558 9475 523 2575
606 10319 523 2575
598 9892 523 2575
579 9693 527 2557
565 9540 527 2570
568 9497 523 2562
554 9375 527 2557
584 9910 523 2575
575 9568 523 2562
565 9477 523 2562
574 9607 523 2562
581 9790 527 2570
568 9509 523 2562
577 9728 523 2562
575 9674 527 2570
582 9703 523 2575
563 9497 527 2557
558 9314 523 2562
572 9294 523 2562
581 9741 523 2575
587 9607 527 2557
553 9378 527 2557
574 9626 523 2575
579 9684 523 2562
563 9597 527 2557
587 9894 523 2575
573 9601 523 2575
575 9609 527 2570
574 9676 523 2575
589 9961 523 2562
568 9539 523 2562
582 9734 523 2562
586 9836 527 2557
559 9445 523 2562
587 9939 523 2562
577 9655 527 2557
582 9733 523 2562
569 9504 523 2562
573 9642 527 2557
564 9503 523 2562
589 9909 527 2570
574 9624 523 2575
594 9901 523 2562
577 9717 523 2575
586 9769 523 2575
564 9595 527 2557
580 9812 523 2562
585 9896 523 2562
577 9666 523 2562
615 10060 523 2575
600 10106 523 2575
583 9574 523 2562
612 10402 523 2562
552 9309 523 2562
566 9432 523 2562
588 9830 523 2562
582 9764 527 2570
586 9858 523 2562
572 9590 527 2557
592 10092 527 2570
553 9271 527 2557
582 9838 523 2562
567 9532 527 2570
592 9813 523 2562
602 9940 523 2562
584 9918 527 2557
604 9857 523 2562
568 9582 527 2557
574 9630 523 2562
567 9586 527 2570
572 9493 523 2562
601 10151 523 2575
584 9736 527 2557
568 9519 527 2557
606 9980 523 2562
585 9788 523 2562
584 9718 523 2562
598 10155 523 2562
583 9816 527 2570
571 9569 527 2557
565 9496 523 2562
585 9803 527 2570
586 9751 523 2575
591 10006 523 2562
570 9543 527 2557
566 9527 523 2562
575 9616 523 2562
586 9822 523 2562
583 9810 523 2562
635 10451 523 2562
561 9399 523 2562
571 9669 527 2557
564 9404 523 2562
574 9610 523 2562
590 9969 523 2575
591 9848 527 2570
561 9456 527 2557
562 9425 527 2557
560 9452 527 2557
571 9589 527 2557
561 9454 527 2557
588 9658 523 2575
620 10402 523 2575
571 9647 527 2557
587 9923 523 2562
587 9878 523 2562
563 9371 523 2562
572 9606 523 2562
572 9573 523 2562
563 9682 523 2562
586 9822 523 2562
587 9952 523 2562
579 9681 527 2557
565 9645 527 2557
555 9366 523 2562
563 9425 527 2557
605 10174 523 2562
562 9330 527 2557
564 9487 527 2557
578 9735 523 2562
596 10079 523 2562
570 9524 523 2562
589 9795 523 2562
574 9555 523 2562
585 9669 527 2570
577 9631 527 2557
580 9695 523 2562
578 9714 527 2557
585 9678 523 2562
586 9595 527 2570
566 9366 523 2562
565 9486 527 2557
571 9485 523 2562
590 9863 523 2562
596 10168 523 2575
565 9442 523 2562
576 9584 523 2562
588 9732 523 2575
559 9479 523 2562
557 9426 527 2570
564 9363 523 2562
595 9736 523 2562
567 9494 523 2562
557 9295 527 2570
544 9098 527 2557
590 9887 523 2562
575 9526 523 2562
566 9524 523 2562
599 10114 523 2562
580 9705 527 2557
562 9269 523 2562
568 9620 523 2562
570 9605 523 2562
575 9677 523 2562
606 9948 523 2575
571 9577 527 2570
569 9583 527 2557
576 9644 523 2562
589 9705 523 2562
571 9604 523 2562
568 9553 523 2562
634 10474 523 2562
549 9250 523 2562
570 9537 527 2557
574 9643 527 2557
573 9640 523 2562
567 9478 523 2575
576 9610 523 2562
564 9530 527 2570
609 10253 523 2575
604 10118 523 2562
574 9655 523 2562
581 9731 523 2562
589 9863 523 2562
605 10242 523 2562
567 9517 523 2562
580 9618 527 2557
587 9606 527 2557
567 9481 527 2557
593 10020 523 2562
588 9885 523 2562
567 9505 527 2557
602 10120 523 2562
558 9373 527 2557
557 9342 527 2570
576 9683 523 2562
584 9829 523 2562
567 9477 523 2562
555 9327 523 2562
623 10640 523 2562
555 9367 527 2557
569 9425 523 2562
575 9786 527 2557
597 10057 523 2562
578 9729 523 2562
615 10377 523 2575
612 10088 523 2562
549 9293 523 2562
592 9833 527 2570
569 9618 527 2557
581 9768 527 2557
598 10142 523 2575
583 9774 523 2562
568 9613 523 2562
588 9901 523 2562
595 9841 523 2575
565 9434 523 2562
578 9791 523 2575
558 9393 523 2562
587 9902 527 2557
571 9517 523 2562
578 9709 523 2575
584 9811 523 2562
552 9299 527 2557
571 9567 523 2562
571 9350 527 2557
589 9916 523 2562
595 9806 523 2562
582 9664 523 2562
579 9653 523 2562
569 9571 527 2570
579 9628 527 2557
588 9887 527 2557
580 9632 523 2562
581 9724 527 2570
571 9594 523 2562
575 9652 523 2575
579 9670 523 2575
583 9829 523 2562
575 9588 523 2562
587 9903 527 2557
594 9938 523 2562
563 9387 523 2562
556 9334 523 2562
566 9649 527 2557
586 9959 523 2562
576 9652 523 2562
577 9643 527 2557
615 10569 523 2562
595 9836 523 2575
576 9689 523 2562
589 9960 527 2557
573 9664 523 2575
584 9893 527 2557
565 9519 523 2575
589 9969 527 2570
575 9663 523 2562
573 9716 527 2557
569 9560 527 2557
631 10780 523 2562
582 9775 527 2557
574 9465 527 2557
567 9506 527 2557
552 9237 527 2570
582 9522 523 2562
556 9264 527 2570
604 10074 523 2575
580 9749 527 2557
596 9981 523 2562
617 10528 523 2575
564 9486 523 2562
587 9877 527 2557
586 9812 527 2557
591 9873 523 2562
588 9867 527 2557
586 9637 523 2562
600 9873 523 2575
566 9524 527 2557
578 9724 523 2562
578 9729 527 2570
579 9553 523 2562
584 9707 523 2562
569 9545 523 2562
561 9418 523 2562
581 10008 523 2562
573 9672 527 2570
560 9444 527 2557
569 9569 527 2557
559 9314 527 2557
586 10038 523 2575
575 9699 527 2570
569 9630 523 2575
549 9167 527 2557
590 10012 523 2575
563 9475 523 2562
587 9940 523 2562
584 9714 527 2570
557 9320 527 2557
588 9897 523 2562
571 9524 527 2570
609 10023 523 2562
582 9718 527 2570
595 10107 523 2562
586 9662 527 2557
601 9940 527 2557
594 9621 523 2562
585 9722 523 2562
611 9902 527 2570
617 10598 523 2575
567 9504 527 2570
572 9610 523 2562
564 9439 523 2562
601 10161 523 2562
586 9823 523 2575
561 9339 523 2562
560 9473 527 2570
587 9942 523 2562
592 10012 523 2562
561 9417 523 2562
616 10132 527 2570
575 9706 523 2562
567 9437 527 2570
580 9777 523 2562
598 10014 523 2562
571 9598 527 2557
577 9525 527 2557
580 9614 523 2562
558 9321 523 2562
578 9748 527 2557
570 9450 523 2562
587 9946 523 2575
568 9563 527 2570
559 9392 527 2557
567 9444 523 2562
575 9721 523 2575
583 9841 523 2562
560 9522 527 2557
584 9844 523 2575
604 10161 523 2575
574 9578 523 2575
600 10113 523 2562
