195 20.2011
589 8856 587 2484
589 8856 587 2484
589 8856 587 2484
587 8859 587 2484
535 8090 523 2562
535 8090 523 2562
526 8694 523 2524
523 8103 523 2562
560 8365 560 2499
578 8679 578 2489
569 8488 569 2494
536 8227 533 2532
533 8242 533 2532
563 8356 551 2504
569 8488 569 2494
578 8679 578 2489
542 8330 542 2509
526 8539 523 2528
551 8374 551 2504
542 8330 542 2509
542 8330 542 2509
525 8176 524 2557
589 8856 587 2484
569 8488 569 2494
552 8357 551 2504
578 8679 578 2489
542 8330 542 2509
525 8251 524 2548
526 8539 523 2528
527 8399 523 2528
552 8357 551 2504
528 8762 524 2519
536 8679 523 2524
523 8296 523 2542
524 8295 524 2539
533 8235 523 2553
589 8856 587 2484
523 8793 523 2524
528 8762 524 2519
525 8446 524 2535
525 8206 524 2550
525 8446 524 2535
528 8304 523 2536
536 8328 533 2514
589 8856 587 2484
569 8488 569 2494
552 8357 551 2504
552 8357 551 2504
536 8328 533 2514
533 8349 524 2519
528 8149 523 2555
569 8488 569 2494
528 8149 523 2555
523 8159 523 2560
536 8679 523 2524
523 8188 523 2555
523 8159 523 2560
533 8235 523 2553
563 8356 551 2504
523 8181 523 2557
533 8329 524 2521
533 8329 524 2521
523 8783 523 2533
527 8399 523 2528
536 8251 523 2540
525 8176 524 2557
524 8381 523 2540
523 8181 523 2557
587 8859 587 2484
523 8783 523 2533
525 8354 524 2537
536 8328 533 2514
589 8856 587 2484
535 8090 523 2562
524 8295 524 2539
525 8206 524 2550
523 8296 523 2542
525 8251 524 2548
525 8206 524 2550
533 8348 533 2514
524 8381 523 2540
524 8767 524 2519
526 8694 523 2524
523 8103 523 2562
525 8354 524 2537
552 8357 551 2504
523 8296 523 2542
523 8793 523 2524
552 8357 551 2504
533 8242 533 2532
523 8188 523 2555
533 8349 524 2519
525 8766 523 2524
589 8856 587 2484
552 8357 551 2504
542 8330 542 2509
533 8349 524 2519
533 8348 533 2514
524 8767 524 2519
589 8856 587 2484
589 8856 587 2484
589 8856 587 2484
589 8856 587 2484
589 8856 587 2484
589 8856 587 2484
589 8856 587 2484
589 8856 587 2484
589 8856 587 2484
589 8856 587 2484
589 8856 587 2484
589 8856 587 2484
589 8856 587 2484
589 8856 587 2484
589 8856 587 2484
589 8856 587 2484
589 8856 587 2484
589 8856 587 2484
589 8856 587 2484
589 8856 587 2484
587 8859 587 2484
587 8859 587 2484
587 8859 587 2484
587 8859 587 2484
569 8488 569 2494
569 8488 569 2494
569 8488 569 2494
569 8488 569 2494
569 8488 569 2494
569 8488 569 2494
563 8356 551 2504
552 8357 551 2504
552 8357 551 2504
552 8357 551 2504
552 8357 551 2504
542 8330 542 2509
542 8330 542 2509
542 8330 542 2509
542 8330 542 2509
542 8330 542 2509
542 8330 542 2509
542 8330 542 2509
542 8330 542 2509
542 8330 542 2509
542 8330 542 2509
542 8330 542 2509
542 8330 542 2509
542 8330 542 2509
542 8330 542 2509
542 8330 542 2509
536 8679 523 2524
535 8090 523 2562
535 8090 523 2562
525 8354 524 2537
597 9206 523 2524
587 8860 587 2484
543 8290 523 2569
536 8231 533 2532
531 8331 523 2536
578 8695 578 2489
569 8497 569 2494
559 8882 524 2519
546 8513 542 2509
537 8536 533 2514
560 8371 560 2499
536 8231 533 2532
560 8371 560 2499
551 8377 551 2504
531 8331 523 2536
551 8377 551 2504
536 8231 533 2532
551 8377 551 2504
551 8377 551 2504
536 8231 533 2532
560 8371 560 2499
551 8377 551 2504
551 8377 551 2504
560 8371 560 2499
551 8377 551 2504
560 8371 560 2499
560 8371 560 2499
560 8371 560 2499
560 8371 560 2499
560 8371 560 2499
560 8371 560 2499
551 8377 551 2504
551 8377 551 2504
551 8377 551 2504
551 8377 551 2504
551 8377 551 2504
551 8377 551 2504
551 8377 551 2504
551 8377 551 2504
551 8377 551 2504
551 8377 551 2504
551 8377 551 2504
551 8377 551 2504
551 8377 551 2504
551 8377 551 2504
551 8377 551 2504
551 8377 551 2504
551 8377 551 2504
551 8377 551 2504
551 8377 551 2504
551 8377 551 2504
551 8377 551 2504
536 8231 533 2532
601 8898 524 2541
595 9458 542 2509
587 8892 587 2484
546 8358 523 2562
538 8375 533 2534
586 9141 524 2519
578 8702 578 2489
560 8375 560 2499
549 8735 533 2514
569 8556 569 2494
541 8608 523 2542
557 8427 551 2511
557 8499 533 2532
544 8488 523 2555
559 8456 551 2504
569 8545 569 2496
568 8453 551 2504
569 8463 533 2532
658 10188 524 2519
589 8916 587 2484
587 8976 587 2484
551 8398 523 2562
542 8650 523 2542
611 9616 542 2509
621 9486 524 2521
578 8798 578 2489
569 8615 569 2494
560 8411 560 2499
589 9587 524 2529
559 8479 551 2504
586 8868 533 2514
557 8549 551 2515
554 8611 523 2542
557 8886 533 2514
638 10167 524 2521
587 9047 587 2484
560 8412 560 2499
554 8449 523 2562
612 9678 542 2509
578 8824 578 2489
574 9478 533 2526
569 8616 569 2494
569 9048 551 2504
607 9608 523 2543
592 9658 524 2535
570 8535 551 2504
557 8690 523 2555
575 8928 533 2514
568 8945 524 2544
562 8914 523 2549
589 8936 587 2484
585 9489 523 2545
610 9626 524 2536
679 10362 542 2509
658 10632 524 2521
641 9940 523 2553
596 8984 587 2484
589 9064 523 2562
569 8535 569 2503
568 8883 524 2555
603 9434 524 2550
574 8669 560 2499
624 9936 524 2539
571 8610 551 2504
575 9278 533 2526
641 10226 524 2525
578 9004 533 2514
626 9793 523 2560
631 9425 524 2553
627 9926 542 2511
590 9118 578 2493
587 9156 587 2484
569 8668 569 2494
587 9204 578 2489
589 9170 578 2489
589 9002 587 2484
732 12156 524 2521
676 10509 523 2553
613 9210 524 2566
590 9094 587 2484
569 8743 569 2494
569 8672 569 2503
708 11456 524 2525
645 10572 524 2539
596 9273 578 2489
666 10385 524 2527
615 9498 524 2553
599 9859 542 2523
629 10053 542 2513
650 10034 524 2544
632 9672 524 2551
584 9290 533 2526
576 9020 560 2499
605 9450 533 2514
578 8766 560 2499
572 9058 551 2504
579 9469 533 2526
589 8786 551 2504
647 10179 523 2558
572 8940 560 2508
630 10193 523 2562
575 8805 551 2504
753 11822 542 2513
633 10315 523 2562
615 9144 587 2484
604 8767 560 2499
570 8828 569 2494
578 8839 551 2504
672 10574 524 2546
616 9800 524 2557
605 9458 578 2489
664 10013 524 2553
675 11153 524 2539
735 11291 524 2531
585 9420 545 2541
708 11431 524 2532
649 9585 533 2520
611 9705 533 2514
581 9251 560 2499
596 9161 587 2484
693 11201 524 2535
700 11594 524 2529
605 9452 533 2524
609 9480 542 2517
590 8999 560 2501
596 9519 533 2526
695 11560 524 2531
588 9012 560 2499
736 11434 524 2542
678 10857 524 2546
598 9303 587 2484
585 8837 569 2494
578 8849 551 2517
658 10763 533 2514
607 9484 533 2532
631 9900 542 2521
579 9147 551 2504
656 10806 542 2515
630 10035 533 2516
627 9706 578 2489
612 9556 578 2491
595 9200 560 2499
583 8853 583 2501
614 9521 533 2530
584 8995 569 2494
583 9172 569 2496
628 9169 560 2499
602 9624 533 2526
616 9967 542 2519
606 9832 533 2524
587 9333 560 2499
585 8963 551 2504
685 11062 533 2514
621 9521 533 2543
601 9314 587 2484
591 8902 569 2496
582 9348 551 2504
637 10015 542 2523
606 9677 533 2526
646 10340 533 2516
645 10220 578 2489
633 10360 533 2523
633 10270 578 2489
620 9024 551 2504
611 9236 560 2499
592 9017 569 2494
600 9608 587 2484
597 9415 560 2499
586 9094 569 2494
603 9414 560 2499
618 9302 551 2504
666 10085 560 2501
662 10487 560 2503
631 9356 587 2484
611 9020 569 2494
610 9778 533 2526
604 9496 587 2484
587 9242 569 2494
648 10446 533 2516
622 9410 551 2504
613 9490 560 2505
611 9755 551 2504
600 9196 569 2494
598 9239 569 2494
612 9394 587 2484
652 10735 533 2516
618 9870 533 2539
612 9523 587 2484
598 9249 569 2494
593 9312 569 2494
650 10674 542 2517
610 10276 547 2533
613 9768 551 2513
628 10153 533 2532
616 9973 542 2527
622 9428 551 2504
622 9427 551 2513
627 10217 533 2527
622 10226 533 2535
674 10761 533 2525
672 9944 542 2545
664 10770 533 2516
641 10328 533 2541
636 9557 587 2484
617 9620 587 2484
596 9349 569 2494
638 9954 551 2508
661 10523 533 2537
641 9472 551 2504
623 9904 551 2517
632 10234 542 2527
641 10083 542 2531
639 10583 533 2530
632 9590 551 2517
738 11445 533 2520
704 11360 533 2526
665 10717 542 2527
643 10044 587 2484
639 10142 587 2484
602 9477 569 2494
669 9947 551 2504
687 10958 542 2523
644 10333 551 2520
695 10523 542 2527
666 10129 551 2512
645 10298 551 2504
753 12482 533 2526
727 10726 542 2533
718 12058 533 2532
711 11125 587 2486
614 9508 578 2498
611 9573 569 2494
704 11241 542 2525
669 10248 551 2510
673 10601 551 2504
651 10472 551 2511
698 11005 542 2527
666 10351 551 2518
675 10499 551 2504
653 10372 551 2508
706 10491 551 2506
776 12793 533 2533
700 11316 542 2538
621 9586 569 2494
612 10058 569 2498
718 11088 560 2505
699 11397 542 2527
655 10734 551 2517
658 10510 551 2508
713 11798 542 2543
708 12126 542 2530
627 9712 569 2494
688 11065 551 2508
675 10784 563 2513
659 10846 551 2523
663 10817 551 2516
670 10883 551 2511
708 11226 551 2508
673 10950 551 2529
638 9806 569 2494
635 10046 578 2502
671 10959 551 2514
637 10167 569 2494
637 9989 569 2498
635 10090 569 2496
762 12331 551 2508
706 11125 556 2526
675 11194 551 2516
659 9823 569 2496
651 10229 601 2500
640 9864 583 2501
762 12331 551 2508
676 11210 551 2515
675 10993 560 2516
648 10550 569 2504
685 11246 551 2515
659 10648 569 2496
652 10279 601 2504
665 10314 578 2502
691 11325 551 2515
682 10553 578 2502
661 10971 569 2496
740 11574 569 2500
700 11406 551 2515
683 11254 569 2526
683 10635 578 2502
736 11235 569 2506
731 12015 551 2515
731 11752 551 2520
761 12255 551 2515
587 8862 587 2484
527 8399 523 2528
523 8103 523 2562
523 8103 523 2562
523 8103 523 2562
578 8672 578 2489
569 8518 569 2494
587 8862 587 2484
573 8477 569 2494
534 8435 533 2514
525 8550 523 2528
550 8313 542 2509
538 8324 524 2521
546 8324 542 2509
559 8281 542 2509
525 8206 524 2550
528 8762 524 2519
546 8295 533 2514
526 8687 523 2524
564 8370 560 2499
564 8370 560 2499
551 8315 551 2504
551 8315 551 2504
551 8315 551 2504
523 8305 523 2542
523 8803 523 2524
523 8188 523 2555
560 8372 560 2499
534 8346 524 2519
564 8370 560 2499
528 8149 523 2555
533 8453 533 2514
544 8379 533 2514
560 8372 560 2499
551 8315 551 2504
523 8783 523 2533
551 8315 551 2504
546 8324 542 2509
542 8325 542 2509
534 8435 533 2514
525 8206 524 2550
546 8324 542 2509
564 8370 560 2499
560 8372 560 2499
542 8325 542 2509
523 8181 523 2557
536 8251 523 2540
526 8539 523 2528
534 8435 533 2514
524 8276 524 2539
523 8159 523 2560
533 8312 533 2532
527 8399 523 2528
534 8256 533 2536
523 8159 523 2560
524 8276 524 2539
537 8403 533 2514
538 8324 524 2521
525 8335 524 2537
526 8687 523 2524
528 8149 523 2555
531 8331 523 2536
525 8176 524 2557
530 8469 524 2523
524 8381 523 2540
531 8331 523 2536
530 8469 524 2523
523 8783 523 2533
525 8335 524 2537
536 8251 523 2540
525 8176 524 2557
564 8370 560 2499
534 8346 524 2519
542 8325 542 2509
536 8679 523 2524
530 8469 524 2523
536 8679 523 2524
538 8324 524 2521
523 8305 523 2542
523 8103 523 2562
533 8312 533 2532
527 8399 523 2528
525 8206 524 2550
531 8331 523 2536
524 8767 524 2519
537 8403 533 2514
546 8295 533 2514
550 8313 542 2509
524 8381 523 2540
551 8315 551 2504
537 8403 533 2514
527 8399 523 2528
523 8103 523 2562
525 8550 523 2528
533 8312 533 2532
531 8331 523 2536
530 8469 524 2523
536 8679 523 2524
523 8305 523 2542
523 8181 523 2557
542 8325 542 2509
525 8766 523 2524
528 8762 524 2519
564 8370 560 2499
560 8372 560 2499
542 8325 542 2509
533 8312 533 2532
524 8767 524 2519
587 8862 587 2484
587 8862 587 2484
587 8862 587 2484
587 8862 587 2484
587 8862 587 2484
560 8372 560 2499
560 8372 560 2499
560 8372 560 2499
560 8372 560 2499
560 8372 560 2499
560 8372 560 2499
551 8315 551 2504
551 8315 551 2504
550 8313 542 2509
546 8324 542 2509
546 8324 542 2509
546 8324 542 2509
546 8324 542 2509
546 8324 542 2509
546 8324 542 2509
546 8324 542 2509
546 8324 542 2509
546 8324 542 2509
546 8324 542 2509
546 8295 533 2514
542 8325 542 2509
542 8325 542 2509
542 8325 542 2509
538 8324 524 2521
538 8324 524 2521
538 8324 524 2521
537 8403 533 2514
537 8403 533 2514
536 8679 523 2524
536 8251 523 2540
536 8251 523 2540
534 8435 533 2514
534 8346 524 2519
534 8346 524 2519
534 8346 524 2519
533 8312 533 2532
533 8312 533 2532
533 8312 533 2532
533 8312 533 2532
531 8331 523 2536
530 8469 524 2523
527 8399 523 2528
527 8399 523 2528
527 8399 523 2528
526 8687 523 2524
525 8335 524 2537
524 8276 524 2539
524 8276 524 2539
523 8103 523 2562
641 9825 524 2519
587 8900 587 2484
523 8107 523 2562
589 9264 524 2521
578 8722 578 2489
569 8519 569 2494
553 8355 551 2504
578 9664 523 2524
540 8430 533 2545
542 8547 523 2533
559 8284 542 2509
548 8523 523 2555
546 8328 542 2509
564 8393 560 2499
560 8446 560 2499
565 9201 524 2530
587 9092 524 2523
533 8469 533 2514
544 8394 533 2514
533 8469 533 2514
559 8284 542 2509
533 8469 533 2514
533 8469 533 2514
533 8469 533 2514
544 8394 533 2514
544 8394 533 2514
544 8394 533 2514
533 8469 533 2514
533 8469 533 2514
533 8469 533 2514
533 8469 533 2514
533 8469 533 2514
533 8469 533 2514
533 8469 533 2514
533 8469 533 2514
533 8469 533 2514
533 8469 533 2514
646 9957 524 2519
589 9978 523 2524
587 8906 587 2484
523 8117 523 2562
633 9402 524 2534
547 8379 542 2509
533 8490 533 2514
578 8989 578 2489
564 8415 560 2499
552 8816 523 2542
611 9552 524 2521
594 9708 524 2523
560 8432 551 2504
563 8794 523 2535
553 8454 551 2504
610 9754 524 2521
588 8977 578 2489
588 9428 524 2525
569 8534 569 2494
569 8534 569 2494
569 8534 569 2494
569 8534 569 2494
569 8534 569 2494
569 8534 569 2494
569 8534 569 2494
569 8534 569 2494
569 8534 569 2494
569 8534 569 2494
569 8534 569 2494
569 8534 569 2494
569 8534 569 2494
569 8534 569 2494
569 8534 569 2494
569 8534 569 2494
569 8534 569 2494
569 8534 569 2494
673 11007 524 2519
587 9123 587 2484
587 8949 587 2493
523 8202 523 2562
634 10157 523 2528
591 9257 578 2489
564 8433 560 2499
569 8543 569 2494
550 8770 533 2514
616 9378 523 2556
605 9781 523 2540
581 9180 524 2537
569 8822 524 2550
555 8394 542 2509
559 8496 533 2514
621 9576 524 2532
564 8449 551 2504
561 8640 551 2504
601 9740 524 2523
552 8734 545 2521
553 8408 542 2509
628 9588 524 2521
630 9779 523 2538
719 10480 524 2529
676 10838 523 2532
592 9394 587 2484
550 8377 523 2562
539 8397 523 2562
605 9610 578 2489
641 10297 524 2531
677 10605 523 2553
564 8519 560 2499
622 9446 578 2489
569 8565 569 2494
602 9210 587 2484
569 8578 533 2514
566 8853 533 2514
701 10462 523 2536
656 10585 524 2521
597 9329 524 2538
554 8747 547 2530
556 8774 542 2509
558 8563 542 2522
566 8563 551 2506
633 10686 524 2521
564 8835 551 2504
563 8424 542 2509
567 8555 551 2504
595 9260 587 2484
830 13102 523 2540
609 9305 587 2484
566 8827 523 2562
566 8531 565 2511
564 8578 542 2509
740 12443 524 2521
639 10228 524 2540
735 11706 524 2523
568 8578 551 2504
635 9693 578 2489
602 9367 587 2484
693 11334 524 2525
660 10903 524 2533
569 8621 569 2494
583 8693 533 2514
617 10121 578 2489
690 10689 524 2527
570 9034 538 2526
645 10933 524 2528
573 8560 560 2499
569 8841 560 2499
571 8952 533 2514
633 10105 578 2489
576 8714 533 2514
780 12472 524 2523
605 9376 587 2484
573 8620 542 2509
570 8971 523 2562
566 8708 542 2509
703 10740 524 2527
652 10211 578 2489
675 10251 524 2541
617 9326 587 2484
658 10725 524 2542
569 8635 569 2494
572 8667 551 2504
583 8838 533 2514
588 8722 560 2499
572 8986 533 2514
575 8847 560 2499
572 8924 560 2499
776 11420 524 2527
703 11678 524 2530
622 9819 587 2484
605 9662 523 2562
577 8636 569 2494
566 8760 542 2509
653 10232 578 2489
679 11107 524 2554
741 11193 524 2540
583 8910 560 2499
585 9156 533 2514
574 8946 551 2504
569 8637 569 2494
575 8807 551 2504
593 8932 533 2514
590 9113 533 2514
574 9438 533 2514
584 9280 533 2514
576 9115 533 2530
816 12588 524 2545
732 11136 523 2562
717 11580 523 2562
628 10077 587 2484
570 8690 569 2494
569 8787 569 2494
724 11850 578 2493
645 9702 533 2514
616 9325 533 2532
629 9972 587 2484
575 9278 551 2504
643 9804 560 2499
585 9370 533 2539
582 8950 551 2504
588 9328 533 2521
574 8832 542 2513
574 8793 563 2511
582 9012 542 2509
618 9911 560 2499
602 10026 533 2516
609 9717 533 2520
586 8937 542 2509
582 9340 533 2543
580 9065 551 2504
638 9934 533 2514
604 9732 533 2516
762 12020 578 2493
638 10703 533 2514
590 9388 533 2532
571 8740 569 2494
569 8835 569 2503
659 10116 560 2499
655 10772 560 2499
622 10002 533 2520
614 9627 533 2526
612 9145 542 2509
599 9247 551 2508
584 9318 542 2509
591 9486 533 2530
644 10157 533 2514
601 9477 551 2504
608 9962 533 2528
594 8945 560 2512
658 10298 560 2503
625 9437 551 2504
592 9494 551 2506
587 9168 542 2509
762 12060 578 2493
653 10312 533 2514
612 9485 533 2544
578 8773 569 2494
575 8962 569 2503
664 10420 560 2499
642 9949 551 2504
584 9320 542 2509
646 10164 533 2518
597 9191 551 2511
618 10041 533 2530
625 9593 533 2537
591 9193 542 2516
611 9666 533 2543
630 10132 533 2524
659 10267 533 2514
597 9254 542 2509
630 10132 533 2524
648 10189 533 2516
630 10132 533 2524
703 10910 560 2499
628 9980 533 2541
594 8855 583 2501
584 8879 569 2494
580 9343 569 2494
630 10187 533 2524
674 10616 551 2504
613 9271 551 2513
601 9387 542 2509
653 10697 533 2522
656 10899 533 2516
592 9443 551 2517
596 9396 542 2509
663 10450 533 2518
667 10427 533 2514
665 10678 533 2514
689 11325 533 2516
667 10311 533 2530
606 9425 542 2545
588 8935 569 2494
587 9364 569 2494
678 11244 551 2504
630 9412 542 2509
644 10404 533 2543
683 10971 551 2504
605 9389 551 2511
599 9622 542 2516
664 10465 533 2518
596 9631 542 2516
652 10545 533 2539
642 10551 533 2530
659 10405 533 2533
615 9461 542 2509
611 9606 542 2509
693 11199 533 2518
673 10563 533 2532
664 10655 533 2544
611 9104 569 2494
593 9429 569 2494
610 9859 542 2516
630 9554 542 2536
686 11077 551 2508
693 11053 551 2504
657 10750 533 2530
622 9643 542 2509
680 11035 533 2520
665 10814 533 2528
618 9719 542 2525
611 9854 542 2523
670 10596 533 2524
746 12105 551 2504
681 10825 533 2524
605 9466 569 2494
704 11389 533 2520
622 9868 542 2509
712 11178 551 2506
631 9679 542 2509
705 10951 533 2526
691 10839 533 2532
606 9470 569 2494
633 9796 542 2509
723 10851 533 2539
714 11627 533 2529
667 10421 569 2494
622 9592 592 2496
646 10049 551 2523
663 10805 542 2511
639 10213 569 2496
634 10066 542 2513
633 10349 542 2530
730 11112 533 2544
658 10251 542 2513
739 11293 533 2544
693 11099 542 2513
685 10612 551 2516
663 10640 560 2522
665 11007 542 2527
667 10690 542 2525
677 10806 542 2515
756 12008 542 2523
673 11158 542 2526
791 12900 542 2532
680 11169 551 2528
755 11559 551 2543
723 11808 556 2531
589 8873 587 2484
587 8890 587 2484
523 8103 523 2562
523 8103 523 2562
523 8103 523 2562
560 8345 560 2499
569 8522 569 2494
526 8539 523 2528
525 8206 524 2550
569 8522 569 2494
542 8310 542 2509
553 8340 551 2504
542 8310 542 2509
526 8694 523 2524
553 8340 551 2504
536 8489 523 2524
523 8803 523 2524
546 8274 542 2509
569 8522 569 2494
537 8354 524 2521
534 8256 533 2536
533 8358 533 2514
578 8699 578 2489
578 8699 578 2489
534 8256 533 2536
578 8699 578 2489
578 8699 578 2489
523 8296 523 2542
553 8340 551 2504
523 8403 523 2540
551 8346 551 2504
525 8206 524 2550
542 8310 542 2509
530 8366 524 2519
578 8699 578 2489
528 8762 524 2519
528 8147 523 2555
551 8346 551 2504
578 8699 578 2489
578 8699 578 2489
523 8783 523 2533
527 8399 523 2528
524 8767 524 2519
541 8246 524 2539
533 8293 533 2530
533 8293 533 2530
528 8147 523 2555
523 8103 523 2562
541 8246 524 2539
525 8206 524 2550
530 8352 523 2534
525 8176 524 2557
523 8159 523 2560
530 8352 523 2534
523 8178 523 2558
531 8331 523 2536
523 8180 523 2555
523 8159 523 2560
525 8766 523 2524
531 8331 523 2536
536 8251 523 2540
524 8381 523 2540
528 8278 524 2539
524 8381 523 2540
523 8783 523 2533
523 8180 523 2555
536 8251 523 2540
525 8176 524 2557
534 8256 533 2536
526 8337 524 2537
523 8296 523 2542
541 8246 524 2539
528 8340 523 2536
534 8256 533 2536
541 8246 524 2539
527 8399 523 2528
525 8766 523 2524
528 8278 524 2539
523 8178 523 2558
534 8256 533 2536
528 8340 523 2536
526 8337 524 2537
528 8278 524 2539
525 8354 524 2537
530 8366 524 2519
526 8337 524 2537
578 8699 578 2489
553 8340 551 2504
526 8694 523 2524
528 8762 524 2519
523 8403 523 2540
525 8354 524 2537
523 8180 523 2555
578 8699 578 2489
578 8699 578 2489
578 8699 578 2489
578 8699 578 2489
578 8699 578 2489
578 8699 578 2489
578 8699 578 2489
578 8699 578 2489
578 8699 578 2489
578 8699 578 2489
578 8699 578 2489
578 8699 578 2489
578 8699 578 2489
578 8699 578 2489
578 8699 578 2489
578 8699 578 2489
578 8699 578 2489
578 8699 578 2489
578 8699 578 2489
578 8699 578 2489
578 8699 578 2489
578 8699 578 2489
578 8699 578 2489
578 8699 578 2489
578 8699 578 2489
578 8699 578 2489
578 8699 578 2489
578 8699 578 2489
578 8699 578 2489
578 8699 578 2489
578 8699 578 2489
578 8699 578 2489
578 8699 578 2489
578 8699 578 2489
578 8699 578 2489
578 8699 578 2489
578 8699 578 2489
578 8699 578 2489
578 8699 578 2489
578 8699 578 2489
578 8699 578 2489
578 8699 578 2489
578 8699 578 2489
578 8699 578 2489
578 8699 578 2489
578 8699 578 2489
578 8699 578 2489
578 8699 578 2489
578 8699 578 2489
569 8522 569 2494
541 8246 524 2539
534 8256 533 2536
534 8256 533 2536
534 8256 533 2536
530 8352 523 2534
528 8340 523 2536
528 8340 523 2536
528 8340 523 2536
528 8278 524 2539
528 8278 524 2539
528 8278 524 2539
528 8147 523 2555
528 8147 523 2555
528 8147 523 2555
528 8147 523 2555
528 8147 523 2555
525 8354 524 2537
525 8354 524 2537
523 8296 523 2542
523 8180 523 2555
523 8103 523 2562
523 8103 523 2562
523 8103 523 2562
523 8103 523 2562
523 8103 523 2562
523 8103 523 2562
601 9461 524 2521
589 8882 587 2484
582 9473 524 2523
523 8149 523 2562
578 8720 578 2489
557 8528 551 2504
569 8535 569 2494
541 8307 524 2539
587 8900 587 2484
533 8373 533 2514
533 8304 533 2536
536 8545 523 2524
546 8290 542 2509
545 8434 524 2525
546 8290 542 2509
589 8882 587 2484
560 8347 560 2499
546 8290 542 2509
526 8368 524 2537
533 8328 533 2530
560 8347 560 2499
560 8347 560 2499
560 8347 560 2499
542 8320 542 2509
589 8882 587 2484
560 8347 560 2499
587 8900 587 2484
560 8347 560 2499
587 8900 587 2484
546 8290 542 2509
546 8290 542 2509
589 8882 587 2484
587 8900 587 2484
587 8900 587 2484
587 8900 587 2484
587 8900 587 2484
560 8347 560 2499
560 8347 560 2499
560 8347 560 2499
560 8347 560 2499
560 8347 560 2499
560 8347 560 2499
560 8347 560 2499
546 8290 542 2509
546 8290 542 2509
546 8290 542 2509
546 8290 542 2509
546 8290 542 2509
546 8290 542 2509
546 8290 542 2509
606 9260 523 2524
601 9670 524 2521
589 8892 587 2484
549 8224 523 2562
530 8254 523 2564
596 9554 523 2529
578 8731 578 2489
569 8539 569 2494
560 8385 560 2499
536 8378 533 2514
542 8500 542 2509
583 8970 523 2537
571 8667 551 2504
568 8963 551 2504
546 8294 542 2509
577 9305 523 2536
587 8938 587 2484
560 8618 523 2555
533 8433 533 2514
548 8793 524 2537
540 8671 523 2542
546 8435 524 2552
550 8745 524 2535
557 8946 523 2539
533 8259 523 2562
697 11236 523 2530
587 8971 587 2484
586 8872 523 2555
536 8283 523 2562
533 8298 523 2562
676 10770 524 2523
613 9782 524 2535
578 8750 578 2489
571 8767 551 2504
536 8385 533 2514
569 8560 569 2494
612 10222 523 2532
606 9898 524 2529
592 9458 523 2538
549 8873 523 2542
560 8573 560 2499
559 8377 542 2518
565 8427 560 2499
555 8859 542 2509
589 8924 587 2484
587 9566 523 2540
558 8472 542 2509
555 8941 524 2537
739 12022 523 2532
589 8956 587 2484
540 8425 523 2562
536 8429 533 2514
661 10905 524 2529
613 10162 523 2538
676 10442 524 2531
584 9230 524 2537
578 8763 578 2489
569 8603 569 2494
574 8850 551 2504
558 9132 523 2542
570 9130 523 2555
559 8524 542 2509
580 8482 542 2509
569 8723 560 2499
570 8589 560 2503
572 8629 560 2499
708 11114 524 2529
700 11881 524 2531
589 9081 587 2484
563 8511 533 2514
548 8575 523 2575
543 8544 533 2514
622 10210 523 2538
682 11301 524 2535
578 8783 578 2489
558 8669 523 2562
576 8823 560 2499
576 8780 542 2509
608 8968 587 2484
571 9150 523 2542
617 9305 551 2504
617 9570 524 2537
569 8705 569 2494
587 9637 524 2537
574 8645 569 2494
574 8661 551 2513
594 9626 551 2504
641 9637 523 2549
638 10427 523 2538
613 9196 587 2484
559 8828 523 2562
557 8668 533 2536
555 8833 533 2549
567 8807 533 2514
581 8873 569 2494
594 9256 587 2484
582 9380 542 2513
627 9932 551 2508
611 9797 523 2551
578 8742 578 2498
597 9089 551 2513
629 9606 524 2537
639 9741 551 2504
565 8912 533 2514
595 9460 542 2509
578 8824 578 2489
626 9671 524 2537
581 8902 560 2499
601 9622 524 2550
595 8884 560 2499
627 9656 523 2544
692 10522 551 2506
644 10428 523 2560
641 10537 523 2550
601 9362 587 2484
578 8843 578 2489
568 8944 533 2536
622 9975 524 2550
647 10412 551 2508
664 10473 523 2542
618 9650 542 2509
581 8911 560 2499
604 9732 542 2509
570 9082 533 2514
588 9313 569 2494
626 9672 524 2537
570 9079 533 2518
583 9006 569 2496
595 9028 569 2494
583 9006 569 2496
724 11086 551 2506
626 9673 524 2537
621 9367 587 2484
602 9583 587 2484
583 8876 578 2489
576 9138 547 2541
665 10682 551 2508
598 9536 533 2514
644 10042 542 2509
596 9308 569 2494
581 8918 560 2499
633 9743 542 2511
578 9035 578 2489
756 11803 542 2509
634 9842 524 2537
616 9649 587 2484
585 8946 578 2489
582 9064 578 2489
679 11034 533 2514
673 10817 551 2508
613 9434 569 2494
605 9827 533 2522
639 10272 542 2511
586 9054 560 2499
610 9885 533 2516
635 10431 542 2515
593 9037 560 2499
583 8967 560 2508
691 10972 551 2508
682 11130 551 2508
645 10172 524 2542
618 9667 587 2484
585 9041 578 2489
584 9273 578 2496
613 9437 569 2494
660 10728 542 2511
630 10014 542 2516
589 9073 560 2499
593 9047 560 2499
645 9880 533 2525
646 10031 524 2537
620 9923 551 2521
650 10160 533 2524
657 10565 551 2512
646 10324 533 2518
613 9937 533 2532
658 10703 533 2516
758 11476 542 2511
757 11978 542 2516
679 10089 524 2555
631 9901 587 2484
589 9104 587 2493
731 11859 533 2518
684 11166 551 2510
641 10313 533 2532
602 9223 560 2499
660 10164 569 2494
592 9310 578 2493
591 9143 583 2501
661 10951 533 2522
652 10374 542 2528
650 10487 533 2526
658 10288 542 2517
637 10444 551 2520
663 10061 533 2526
675 11150 533 2520
601 9173 578 2489
596 9270 578 2489
593 9272 578 2498
653 10432 533 2526
600 9233 578 2489
754 11554 551 2516
726 11831 551 2510
672 10312 533 2526
652 10504 587 2484
641 10356 533 2539
607 9269 578 2489
601 9378 601 2491
596 9423 578 2489
733 11252 533 2522
678 10326 569 2494
604 9464 560 2499
661 10520 538 2532
663 10398 542 2517
652 10548 533 2527
646 10500 551 2527
606 9289 560 2499
701 11271 542 2518
696 11240 542 2526
693 11269 533 2526
687 11378 542 2517
636 9358 574 2506
605 9486 578 2489
605 9459 578 2491
629 9997 560 2499
620 9881 560 2501
609 9642 574 2508
736 12058 542 2523
704 11415 533 2526
616 9551 578 2489
608 9880 578 2489
630 10317 569 2504
724 11984 551 2525
641 9886 560 2501
636 10046 560 2499
609 9561 578 2489
716 11417 533 2531
617 9602 587 2493
611 9852 578 2489
641 10171 560 2499
753 12262 533 2535
734 11887 533 2544
629 10099 578 2489
629 10055 578 2502
628 10091 592 2496
620 10142 578 2489
665 10610 560 2499
645 10330 569 2509
660 10379 560 2508
652 10489 560 2503
714 11032 560 2501
679 10684 560 2507
660 10467 569 2517
655 10132 587 2497
635 10185 578 2489
629 10122 578 2498
664 10964 572 2508
666 10810 560 2503
714 11041 560 2501
699 11205 560 2507
679 10193 578 2499
673 10856 569 2517
654 10289 578 2489
636 10382 592 2496
690 10808 565 2517
677 10876 569 2503
781 11516 569 2505
750 11848 560 2501
675 10422 578 2497
673 10919 587 2490
654 10593 578 2499
666 10721 578 2493
673 10550 578 2491
751 12374 560 2511
722 11752 578 2493
690 10845 601 2497
676 10468 583 2505
