1342 17.9738
523 7570 523 2534
587 8327 587 2484
523 7570 523 2534
524 7595 523 2529
523 7570 523 2534
560 7999 560 2499
569 8095 569 2496
578 8222 578 2489
569 8106 569 2494
533 7690 533 2514
542 7756 542 2509
587 8308 587 2488
524 7634 524 2519
587 8327 587 2484
578 8222 578 2489
523 7614 523 2524
542 7749 542 2511
533 7690 533 2514
542 7749 542 2511
569 8095 569 2496
542 7756 542 2509
533 7690 533 2514
578 8222 578 2489
578 8222 578 2489
526 7630 524 2519
587 8308 587 2488
526 7630 524 2519
524 7595 523 2529
524 7595 523 2529
524 7634 524 2519
533 7690 533 2514
542 7749 542 2511
542 7756 542 2509
524 7595 523 2529
523 7601 523 2529
526 7630 524 2519
524 7634 524 2519
526 7630 524 2519
524 7595 523 2529
524 7595 523 2529
523 7601 523 2529
524 7595 523 2529
526 7630 524 2519
523 7570 523 2534
524 7595 523 2529
523 7601 523 2529
526 7630 524 2519
524 7595 523 2529
524 7595 523 2529
524 7595 523 2529
524 7595 523 2529
523 7601 523 2529
524 7595 523 2529
523 7570 523 2534
523 7601 523 2529
524 7595 523 2529
523 7570 523 2534
523 7601 523 2529
524 7595 523 2529
542 7756 542 2509
524 7634 524 2519
542 7749 542 2511
523 7601 523 2529
524 7595 523 2529
523 7601 523 2529
524 7634 524 2519
578 8222 578 2489
523 7601 523 2529
524 7595 523 2529
523 7570 523 2534
524 7595 523 2529
524 7595 523 2529
524 7595 523 2529
524 7595 523 2529
524 7595 523 2529
526 7630 524 2519
524 7595 523 2529
524 7595 523 2529
524 7595 523 2529
524 7634 524 2519
523 7601 523 2529
524 7595 523 2529
524 7595 523 2529
523 7601 523 2529
524 7595 523 2529
524 7595 523 2529
524 7595 523 2529
523 7601 523 2529
523 7601 523 2529
523 7601 523 2529
524 7595 523 2529
524 7595 523 2529
524 7595 523 2529
524 7595 523 2529
524 7595 523 2529
524 7595 523 2529
587 8327 587 2484
523 7601 523 2529
542 7756 542 2509
523 7570 523 2534
524 7595 523 2529
524 7595 523 2529
523 7601 523 2529
524 7595 523 2529
523 7601 523 2529
524 7634 524 2519
524 7595 523 2529
524 7595 523 2529
578 8222 578 2489
523 7601 523 2529
542 7756 542 2509
587 8327 587 2484
526 7630 524 2519
542 7756 542 2509
523 7601 523 2529
524 7595 523 2529
587 8327 587 2484
542 7749 542 2511
533 7690 533 2514
578 8222 578 2489
533 7690 533 2514
587 8308 587 2488
524 7595 523 2529
533 7690 533 2514
524 7634 524 2519
524 7595 523 2529
524 7634 524 2519
526 7630 524 2519
587 8308 587 2488
523 7601 523 2529
524 7595 523 2529
523 7570 523 2534
524 7595 523 2529
524 7595 523 2529
524 7595 523 2529
523 7601 523 2529
523 7601 523 2529
523 7601 523 2529
524 7595 523 2529
524 7595 523 2529
524 7595 523 2529
524 7595 523 2529
523 7570 523 2534
523 7601 523 2529
524 7595 523 2529
523 7601 523 2529
524 7595 523 2529
524 7595 523 2529
524 7634 524 2519
524 7595 523 2529
524 7595 523 2529
587 8327 587 2484
524 7595 523 2529
524 7634 524 2519
526 7630 524 2519
542 7756 542 2509
523 7601 523 2529
523 7601 523 2529
523 7601 523 2529
578 8222 578 2489
524 7595 523 2529
542 7756 542 2509
524 7595 523 2529
542 7749 542 2511
533 7690 533 2514
551 7871 551 2504
524 7595 523 2529
528 7721 523 2524
732 10797 587 2486
524 7598 523 2529
625 9543 560 2499
587 8495 587 2488
