6 0.104915
636 11279 557 2706
659 10859 557 2704
670 11302 539 2675
738 11958 560 2653
642 10820 553 2730
656 10686 548 2664
638 11069 557 2665
626 10904 548 2711
621 10580 557 2695
656 10686 548 2664
634 10654 569 2693
697 10928 560 2702
678 11057 572 2678
643 11010 588 2824
629 10909 557 2710
638 10994 557 2706
636 10679 560 2687
641 11357 574 2707
642 10820 553 2730
628 10923 557 2688
641 10740 548 2688
674 11025 569 2681
655 10622 655 2798
608 10308 557 2695
638 10994 557 2706
672 11015 548 2664
641 11045 583 2702
619 10529 583 2709
619 10529 583 2700
609 10366 557 2695
646 10822 637 2724
628 10722 548 2679
619 10529 583 2700
653 10727 560 2711
640 10619 566 2699
666 10550 569 2688
618 10848 574 2698
668 11043 626 2792
629 10733 566 2715
624 10608 583 2700
690 10895 560 2693
640 10619 566 2699
640 10340 560 2689
608 10308 557 2695
624 10608 583 2700
624 10608 583 2700
659 10859 557 2704
646 10908 575 2709
623 10665 539 2666
636 11279 557 2706
625 10695 588 2824
628 10722 548 2679
643 10500 566 2706
655 10622 655 2798
619 10529 583 2709
647 10784 562 2716
624 10598 583 2700
658 10711 560 2698
637 10634 566 2712
609 10366 557 2695
640 10888 557 2704
637 10839 539 2666
634 11225 557 2703
690 10895 560 2693
647 10784 562 2716
622 10504 548 2677
669 10452 581 2673
646 11070 583 2693
666 10550 569 2688
624 10836 557 2706
655 10746 581 2682
624 10608 583 2700
629 10749 548 2677
648 10814 560 2700
629 10733 566 2715
665 11003 548 2675
678 11057 572 2678
656 10946 574 2694
648 10430 560 2693
655 10622 655 2798
672 11015 548 2664
622 10504 548 2677
627 10867 548 2711
624 10798 557 2706
669 10869 574 2688
669 11049 581 2682
669 11049 581 2682
656 10715 554 2699
633 10764 557 2697
653 10669 581 2682
627 10867 548 2711
638 11069 557 2665
648 10430 560 2693
628 10722 548 2679
636 11279 557 2706
666 10550 569 2688
637 10659 575 2709
618 10848 574 2698
634 10816 566 2715
623 10665 539 2666
657 10994 562 2725
623 10665 539 2666
669 10452 581 2673
674 11025 569 2681
687 10741 560 2693
648 10814 560 2700
689 11085 560 2682
661 10885 626 2792
632 10777 575 2709
637 10881 553 2730
676 10992 560 2684
656 10946 574 2694
677 11038 548 2664
608 10308 557 2695
613 10415 557 2706
661 10885 626 2792
653 10727 560 2711
621 10580 557 2695
636 10679 560 2687
615 10463 557 2695
627 11092 557 2686
636 10913 566 2690
640 10619 566 2699
640 10888 557 2704
668 10955 655 2774
625 10695 588 2824
656 10946 574 2694
633 10764 557 2697
621 10580 557 2695
640 10340 560 2689
632 10777 575 2709
665 11003 548 2675
655 10746 581 2682
644 11122 557 2706
629 10749 548 2677
662 11171 576 2832
667 10914 646 2710
658 10711 560 2698
637 10881 553 2730
690 10895 560 2693
641 10740 548 2688
676 10992 560 2693
657 10994 562 2725
615 10463 557 2695
669 11074 548 2675
655 10746 581 2682
625 10695 588 2824
689 10980 560 2693
648 10814 560 2700
674 11025 569 2681
677 11017 557 2694
653 10669 581 2682
619 10529 583 2700
629 10909 557 2710
632 10777 575 2709
624 10608 583 2700
671 11167 539 2666
646 10822 637 2724
643 11010 588 2824
643 10500 566 2706
626 10904 548 2711
640 10340 560 2689
624 10608 583 2700
637 10839 539 2666
613 10415 557 2706
669 11074 548 2675
676 11115 551 2723
675 11093 548 2666
624 10598 583 2700
638 11204 574 2714
655 10555 560 2680
648 10814 562 2716
655 10746 581 2682
615 10463 557 2695
643 10500 566 2706
659 10859 557 2704
655 10555 560 2680
656 10715 554 2699
634 10654 569 2693
631 10838 557 2695
677 11050 560 2671
665 11003 548 2675
633 10764 557 2697
636 10679 560 2687
642 10820 553 2730
619 10529 583 2709
664 11192 560 2680
622 10504 548 2677
653 10727 560 2711
624 10608 583 2700
669 10452 581 2673
634 10816 566 2715
678 11057 572 2678
613 10415 557 2706
669 11049 581 2682
624 10598 583 2700
658 10711 560 2698
677 11030 655 2798
642 10820 553 2730
634 10654 569 2693
