28 11.185
598 10627 328 2461
545 9877 337 2443
503 8996 320 2483
467 8216 326 2580
437 7820 365 2542
430 7919 329 2525
536 9737 342 2451
435 8062 350 2516
437 7862 365 2540
457 8304 326 2574
464 8257 348 2461
434 7890 350 2546
486 8894 321 2472
508 8810 320 2477
470 8176 336 2506
462 8412 325 2499
478 8624 331 2454
430 7919 329 2525
438 8004 328 2510
507 8725 324 2485
501 8627 321 2488
446 8206 330 2497
458 8339 342 2467
453 7891 338 2468
440 7891 365 2536
475 8350 336 2463
430 7919 329 2525
477 8507 328 2476
478 8624 331 2454
483 8297 320 2493
465 8459 336 2478
494 8831 320 2486
453 7891 338 2468
435 8062 350 2516
441 8198 330 2507
439 8032 365 2505
444 7884 350 2545
507 8745 321 2485
473 8613 320 2492
495 8863 324 2485
458 8339 342 2467
495 8863 324 2485
473 8613 320 2492
437 7820 365 2542
440 7861 365 2541
434 7890 350 2546
508 8810 320 2477
440 7861 365 2541
434 7890 350 2546
437 7862 365 2540
495 8863 324 2485
538 9639 328 2473
536 9750 342 2451
506 9050 320 2483
469 8304 326 2580
441 8033 365 2516
437 7831 365 2542
430 7920 329 2525
434 7906 350 2546
483 8934 360 2459
517 8974 320 2477
469 8304 326 2580
458 8337 344 2496
481 8813 323 2536
439 8025 352 2519
511 8827 326 2480
467 8320 348 2464
473 8231 338 2468
473 8613 324 2498
437 7831 365 2542
495 8697 328 2484
465 8496 339 2487
496 8887 331 2454
479 8540 328 2501
459 8464 333 2511
502 8644 321 2488
503 8560 331 2488
475 8452 348 2462
466 8448 333 2512
437 7880 365 2540
460 8103 336 2523
445 8363 328 2517
470 8581 335 2505
453 8293 330 2514
450 8268 350 2505
510 8872 320 2487
463 8092 336 2520
486 8769 352 2455
493 8790 328 2476
492 8665 336 2454
471 8458 328 2504
506 9050 320 2483
469 8304 326 2580
444 8085 365 2513
439 8025 352 2519
492 8904 331 2456
449 8298 329 2517
487 8695 348 2459
441 8170 328 2528
483 8322 320 2505
485 8820 336 2478
447 8264 328 2524
470 8171 336 2512
502 8644 321 2488
441 8019 365 2519
464 8242 336 2500
452 8226 328 2522
442 8191 328 2526
435 8086 350 2516
483 8325 320 2493
441 8170 328 2528
453 8238 336 2507
453 8293 330 2514
450 8261 336 2507
466 8496 336 2489
472 8338 328 2521
475 8477 348 2461
441 8033 365 2516
466 8496 336 2489
441 8178 330 2518
437 7831 365 2542
487 8695 348 2459
483 8325 320 2493
473 8592 348 2461
506 9050 320 2483
466 8496 336 2489
475 8477 348 2461
439 8025 352 2519
452 8226 328 2522
442 8191 328 2526
441 8019 365 2519
472 8338 328 2521
441 8170 328 2528
437 7831 365 2542
442 8191 328 2526
453 8238 336 2507
453 8252 330 2515
470 8171 336 2512
441 8019 365 2519
453 8252 330 2515
441 8019 365 2519
441 8019 365 2519
453 8252 330 2515
441 8033 365 2516
441 8019 365 2519
470 8171 336 2512
469 8304 326 2580
469 8304 326 2580
469 8304 326 2580
469 8304 326 2580
441 8033 365 2516
441 8019 365 2519
441 8019 365 2519
441 8019 365 2519
441 8019 365 2519
441 8019 365 2519
441 8019 365 2519
441 8019 365 2519
441 8019 365 2519
441 8019 365 2519
441 8019 365 2519
441 8019 365 2519
441 8019 365 2519
439 8025 352 2519
576 9858 336 2467
541 9832 342 2451
506 9087 320 2483
474 8310 326 2582
437 7835 365 2542
433 7976 329 2525
533 9511 333 2475
435 7944 350 2546
470 8674 360 2468
449 8153 352 2519
474 8314 326 2580
491 8942 344 2470
506 9050 324 2485
503 8739 345 2468
472 8287 336 2507
539 9843 342 2451
484 8345 320 2493
536 9737 342 2454
437 7924 365 2536
440 8090 365 2519
533 9672 344 2462
483 8641 327 2500
504 8685 321 2488
453 8321 330 2514
435 7972 329 2528
497 8846 328 2476
475 8498 348 2465
477 8692 334 2501
470 8595 335 2505
457 8398 329 2517
497 8846 328 2476
473 8618 348 2463
493 8692 348 2459
469 8555 336 2489
470 8267 336 2512
442 8250 328 2526
444 8120 365 2514
441 8027 365 2519
474 8439 328 2524
440 8186 350 2522
475 8516 348 2461
463 8166 336 2520
495 8704 328 2484
466 8451 336 2506
455 8296 336 2507
460 8181 336 2521
441 8198 330 2518
466 8451 336 2506
464 8108 336 2523
479 8339 336 2506
460 8142 336 2523
441 8202 350 2516
495 8704 328 2484
469 8319 326 2580
473 8618 348 2463
457 8316 330 2516
480 8313 336 2506
441 8129 350 2522
473 8618 348 2463
546 9829 342 2459
541 9834 342 2451
487 8420 320 2493
469 8321 326 2584
442 7837 365 2542
433 8031 329 2525
527 9505 348 2459
513 9157 324 2485
536 9827 346 2463
503 9316 360 2459
474 8686 360 2466
473 8390 326 2580
508 9031 328 2476
449 8210 352 2519
470 8606 335 2505
499 8904 336 2483
441 8050 365 2519
470 8590 344 2491
488 8876 336 2489
492 8898 348 2465
454 8438 330 2518
460 8221 340 2521
463 8416 340 2514
437 7857 365 2542
440 7991 365 2538
466 8508 330 2515
446 8003 365 2537
439 8007 365 2527
500 8877 328 2482
457 8263 350 2518
478 8369 336 2523
442 8267 350 2524
480 8403 336 2507
445 8222 350 2520
481 8343 336 2506
435 8014 329 2525
466 8479 336 2506
452 8381 336 2524
475 8380 336 2517
454 8272 365 2514
457 8408 329 2517
481 8343 336 2506
457 8408 329 2517
480 8324 336 2518
433 8031 329 2525
481 8343 336 2506
481 8343 336 2506
481 8343 336 2506
481 8343 336 2506
541 9837 342 2451
492 8528 320 2493
475 8418 326 2584
437 7858 365 2542
535 9429 348 2468
504 9170 339 2490
513 9171 360 2481
516 9191 328 2476
439 8014 352 2530
541 9837 342 2451
477 8495 326 2580
442 8052 350 2546
509 9341 335 2480
470 8631 335 2514
455 8276 329 2525
491 8978 336 2499
441 8218 336 2527
474 8647 330 2515
463 8500 365 2514
479 8810 336 2507
444 8086 365 2519
487 8663 336 2500
489 8873 328 2510
484 8438 336 2506
457 8411 329 2517
488 8559 341 2503
456 8347 352 2519
465 8565 351 2516
466 8556 336 2510
443 8052 351 2527
457 8329 352 2519
541 9837 342 2451
559 9517 345 2481
541 9891 342 2451
501 8653 320 2493
483 8541 326 2580
438 7893 365 2543
437 7898 365 2542
451 8216 350 2546
521 9289 330 2491
469 8304 337 2576
535 9236 328 2484
480 8615 339 2510
460 8438 329 2519
445 8066 365 2534
496 9018 335 2503
500 8943 337 2493
454 8041 365 2541
495 8721 350 2504
482 8804 330 2515
490 9173 336 2506
468 8636 344 2510
492 9096 336 2494
446 8137 365 2519
501 8627 335 2498
458 8474 336 2519
459 8448 329 2517
495 8741 336 2506
595 10695 322 2581
571 9978 374 2472
552 10101 342 2451
445 7916 365 2542
454 8127 365 2541
509 8864 326 2577
548 9982 343 2456
491 8854 352 2511
542 10010 352 2484
466 8513 365 2518
547 9584 328 2490
500 9027 351 2502
516 9008 325 2495
561 9985 328 2484
478 8770 330 2518
467 8439 342 2535
469 8559 334 2528
459 8448 340 2519
512 9306 324 2521
462 8611 329 2522
505 9168 335 2505
446 8144 365 2519
514 8887 333 2496
482 8508 336 2521
483 8928 329 2520
501 9513 365 2500
479 8860 351 2512
495 8562 326 2580
515 8838 336 2499
495 8986 351 2509
502 9243 328 2521
514 9199 330 2511
500 9170 343 2509
516 8885 329 2500
586 10126 335 2489
553 10077 343 2461
520 9065 325 2502
509 8843 326 2581
501 8988 365 2512
446 8005 365 2542
541 9537 352 2496
548 9945 332 2492
505 9017 329 2561
476 8680 336 2522
495 8999 351 2509
469 8457 341 2519
508 9307 336 2510
452 8191 365 2519
484 8820 330 2520
466 8524 365 2518
583 10418 333 2549
570 10260 351 2480
513 8951 326 2596
453 8227 365 2519
450 8158 365 2542
525 9375 365 2502
545 9575 326 2577
529 9622 336 2509
534 9316 352 2517
501 8904 330 2592
487 8633 343 2528
521 9148 348 2522
524 9328 332 2570
471 8466 342 2535
494 9069 341 2526
471 8466 342 2535
504 9058 335 2527
523 9599 343 2503
489 9162 365 2518
591 10508 333 2565
543 9890 349 2513
523 9454 365 2519
519 9068 337 2568
457 8227 365 2541
550 9846 350 2531
489 8836 342 2535
471 8502 365 2521
487 8809 350 2538
475 8427 365 2521
553 10034 345 2556
553 9906 358 2519
526 9692 346 2565
515 9362 365 2522
461 8314 365 2544
472 8544 365 2524
618 10585 365 2520
477 8582 365 2549
476 8436 378 2548
475 8653 365 2525
513 9211 365 2524
486 8732 365 2525
483 8717 365 2529
488 9031 365 2541
535 10118 365 2549
627 11429 352 2463
595 11232 366 2451
542 9464 372 2457
467 8118 315 2656
441 7651 323 2577
429 7881 341 2641
601 10610 352 2464
595 11186 366 2454
565 9935 348 2474
448 8388 316 2614
556 10204 338 2486
507 8769 361 2464
468 8161 317 2560
440 7884 324 2548
525 8649 333 2536
521 9295 330 2498
490 8327 346 2519
430 7841 341 2641
512 9205 315 2526
434 7911 369 2634
438 8003 341 2632
521 9230 339 2497
551 9844 339 2489
544 9830 332 2490
509 9114 355 2470
565 9902 348 2476
503 9007 320 2525
496 8830 328 2508
473 8477 354 2483
470 8511 328 2547
487 8403 350 2501
474 8511 323 2541
456 8266 337 2547
554 9784 332 2490
531 9513 349 2478
432 7979 334 2651
458 8231 321 2566
434 7911 369 2634
438 8053 358 2617
507 8862 343 2507
459 8226 315 2564
535 9670 340 2480
466 7989 323 2573
503 8982 357 2476
482 8198 340 2523
498 8700 348 2486
466 8241 335 2520
526 9664 349 2469
447 8159 355 2526
432 7979 334 2651
540 9643 320 2518
535 9579 338 2491
531 9495 337 2492
472 8497 336 2511
536 9288 337 2491
473 8304 351 2511
471 8144 321 2573
438 8053 358 2617
461 8377 351 2509
480 8914 350 2503
464 8493 343 2517
461 8249 340 2547
458 8331 351 2514
471 8078 315 2654
473 8645 343 2510
527 9147 338 2505
478 8999 350 2504
501 8802 322 2547
496 8830 328 2508
502 8988 350 2474
500 9166 350 2482
507 8862 343 2507
528 9062 322 2506
480 8914 350 2503
438 8053 358 2617
553 9645 343 2481
489 9023 340 2484
527 9086 322 2506
507 8862 343 2507
438 8053 358 2617
522 9269 320 2523
437 7908 369 2634
522 9269 320 2523
461 8249 340 2547
503 8982 357 2476
540 9643 320 2518
489 9023 340 2484
527 9086 322 2506
437 7908 369 2634
527 9086 322 2506
503 8982 357 2476
461 8249 340 2547
434 7911 369 2634
434 7911 369 2634
611 11328 381 2453
605 11392 366 2451
514 9268 315 2526
475 8168 315 2656
451 7756 323 2582
430 7856 341 2641
547 9572 372 2457
558 10192 349 2475
595 11192 366 2454
587 10162 365 2465
449 8403 316 2614
442 7910 324 2548
460 8535 315 2607
571 10098 332 2490
555 9980 332 2499
565 9923 348 2476
515 9207 357 2470
431 7854 341 2641
445 7897 334 2651
515 9053 322 2553
501 8523 346 2519
519 9802 346 2490
485 8903 355 2495
540 9641 349 2478
451 7772 323 2577
476 8829 355 2505
458 8248 321 2566
531 9152 339 2510
532 9655 330 2522
489 9023 351 2489
595 11192 366 2454
475 8168 315 2656
479 8600 323 2561
497 9036 328 2537
514 9268 315 2526
508 8894 361 2466
509 9127 320 2525
507 8923 343 2507
473 8694 342 2535
497 8935 323 2542
525 9511 340 2492
471 8315 351 2526
431 7854 341 2641
430 7856 341 2641
485 8695 325 2546
456 8399 316 2614
535 9656 338 2491
570 10146 338 2490
460 8419 362 2531
492 8515 350 2501
467 8496 336 2547
540 9646 320 2521
488 8922 326 2543
462 8401 351 2509
478 8303 335 2520
456 8266 345 2547
531 9514 337 2492
480 8927 350 2503
513 9433 350 2477
451 7756 323 2582
475 8379 339 2539
469 8345 340 2538
460 8419 362 2531
508 9465 346 2506
475 8235 315 2653
473 8647 343 2510
461 8266 315 2564
526 9664 350 2473
508 8891 361 2476
458 8352 366 2537
453 8308 366 2542
513 9433 350 2477
509 9127 320 2525
526 9664 350 2473
488 8918 351 2506
467 8496 336 2547
526 9664 350 2473
460 8419 362 2531
468 8503 343 2546
471 8315 351 2526
473 8524 336 2545
485 8695 325 2546
489 8256 351 2520
513 9433 350 2477
526 9664 350 2473
473 8524 336 2545
509 9127 320 2525
449 8403 316 2614
458 8352 366 2537
430 7856 341 2641
458 8352 366 2537
449 8403 316 2614
467 8496 336 2547
430 7856 341 2641
595 11192 366 2454
595 11192 366 2454
514 9268 315 2526
514 9268 315 2526
514 9268 315 2526
513 9433 350 2477
475 8168 315 2656
475 8168 315 2656
473 8524 336 2545
458 8352 366 2537
458 8352 366 2537
449 8403 316 2614
595 11192 366 2457
556 9752 372 2457
556 9741 383 2459
467 8410 318 2673
466 8596 315 2668
451 7792 323 2577
431 7869 341 2641
571 10118 332 2490
521 9100 372 2468
565 9924 348 2476
515 9216 357 2470
488 8739 325 2546
451 7792 323 2577
443 7981 324 2548
503 8450 323 2564
539 9065 354 2496
472 8292 319 2609
510 9386 323 2536
476 8276 319 2610
531 9377 316 2553
544 9382 342 2518
489 9066 351 2489
475 8242 317 2655
514 9104 368 2477
537 9782 350 2473
431 7869 341 2641
519 9090 343 2507
519 9326 320 2525
556 9752 372 2457
515 9262 325 2528
531 9530 337 2492
473 8729 343 2510
538 9701 340 2491
540 9642 349 2478
479 8331 346 2520
445 7921 324 2548
481 8348 335 2520
479 8845 355 2508
468 8439 351 2509
571 10118 332 2490
474 8468 315 2564
474 8562 336 2547
431 7869 341 2641
476 8308 315 2656
531 9530 337 2492
431 7869 341 2641
483 8292 315 2656
479 8845 355 2508
478 8303 335 2523
540 9642 349 2478
467 8410 318 2673
571 10118 332 2490
431 7869 341 2641
475 8242 317 2655
571 10118 332 2490
540 9642 349 2478
571 10118 332 2490
540 9642 349 2478
540 9642 349 2478
575 10297 349 2476
568 10510 352 2474
559 9783 372 2457
498 8864 315 2621
483 8335 315 2656
451 7869 323 2577
436 7965 341 2641
508 9354 368 2493
542 9617 346 2503
515 9222 357 2470
568 10057 320 2562
531 9674 338 2492
446 7962 329 2556
535 9531 321 2542
444 8085 358 2617
497 9040 315 2592
457 8483 362 2549
511 9091 316 2566
492 8964 336 2547
494 9145 361 2507
501 9242 353 2499
538 9912 350 2476
449 8104 328 2578
478 8514 316 2612
465 8354 340 2550
472 8475 352 2533
540 9645 349 2478
469 8623 355 2513
457 8208 324 2551
503 8738 339 2538
539 9679 326 2527
477 8524 351 2526
474 8733 343 2510
489 8957 315 2637
486 8574 315 2649
445 8158 355 2562
474 8775 351 2509
539 9755 315 2573
492 8993 315 2632
444 8217 341 2638
473 8548 351 2514
451 7869 323 2577
445 8339 329 2622
478 8680 340 2537
509 9028 325 2546
499 8608 315 2647
497 8866 315 2639
480 8715 325 2550
445 8109 352 2633
479 8566 340 2547
604 10989 352 2477
583 10182 372 2457
569 10550 377 2463
542 9630 315 2645
489 8867 315 2656
446 8013 369 2618
438 8175 341 2643
447 8014 358 2629
531 9377 319 2594
473 8625 366 2541
572 10554 337 2539
477 8749 373 2527
504 9164 336 2548
551 9532 323 2591
517 8949 354 2512
573 10354 343 2495
449 8301 358 2606
557 10241 349 2481
567 10468 376 2465
540 9852 352 2478
461 8250 331 2565
533 9698 340 2517
544 9711 347 2497
496 9089 350 2514
526 9351 357 2470
466 8386 327 2562
515 9243 357 2474
496 8702 323 2652
533 9639 316 2571
545 9792 346 2497
485 8804 343 2516
467 8195 341 2641
488 8616 329 2561
458 8523 325 2617
492 8886 330 2555
521 9327 357 2473
444 8212 358 2619
550 9666 325 2569
458 8226 327 2567
572 10302 349 2478
506 8618 327 2555
496 8640 351 2515
545 9846 316 2567
446 8216 358 2616
581 10811 351 2488
570 10773 377 2463
570 10720 384 2464
555 9898 316 2567
525 9253 321 2657
446 8056 369 2634
550 9699 319 2594
518 9548 360 2494
466 8585 358 2620
546 10230 350 2501
547 9878 336 2549
507 8862 343 2516
487 8889 345 2525
570 10720 384 2464
474 8443 330 2648
531 9471 357 2470
531 10077 350 2515
503 9047 329 2561
561 9725 350 2505
526 9224 330 2557
487 8551 333 2621
483 8624 329 2564
475 8538 345 2562
570 10773 377 2463
483 8624 329 2564
639 12010 360 2482
588 10961 398 2472
566 9886 322 2649
477 8662 369 2622
475 8800 358 2617
511 8990 370 2544
591 10569 368 2473
499 8915 340 2585
600 10231 349 2538
541 9733 333 2570
484 8971 334 2645
507 9130 330 2609
547 9608 333 2593
477 8699 354 2625
546 9980 362 2516
506 8897 347 2550
578 10278 330 2599
574 10276 357 2492
554 9816 325 2616
536 9947 349 2540
559 10234 350 2508
571 10221 344 2547
489 8945 365 2606
559 9890 351 2532
558 10105 332 2600
550 9936 365 2482
629 11105 349 2540
619 11468 355 2514
576 10335 370 2491
565 10009 325 2616
560 9493 332 2655
549 9955 372 2561
524 9398 354 2567
510 9565 347 2614
599 10528 358 2507
558 10304 340 2599
524 9687 347 2598
581 10320 364 2504
570 9933 331 2630
513 9589 348 2577
539 9772 347 2562
564 9959 328 2650
564 10334 367 2552
615 11213 344 2607
561 9479 357 2616
557 9910 352 2563
591 9890 328 2493
586 10565 355 2437
560 10164 386 2420
559 10087 426 2426
554 9721 320 2506
440 7946 352 2603
506 8848 400 2451
565 10261 385 2426
458 8218 352 2602
553 10221 386 2429
509 9112 340 2485
544 9763 376 2433
457 8282 352 2602
512 9261 333 2487
514 8896 343 2466
550 9751 347 2443
521 9011 322 2515
517 9437 352 2438
537 9470 339 2462
541 9817 322 2512
462 8219 352 2586
467 8322 358 2574
490 8964 328 2502
498 9232 343 2491
474 8651 343 2500
492 8669 338 2556
498 8852 382 2443
529 9398 362 2435
468 8561 369 2493
493 8686 335 2525
467 8322 358 2574
514 9246 365 2451
495 8235 362 2548
461 8367 363 2522
491 8734 324 2494
482 8793 343 2495
491 8945 354 2452
536 9614 386 2431
514 8873 360 2454
530 9299 375 2447
525 9635 340 2445
462 8219 352 2586
471 8415 344 2455
485 8670 340 2561
468 8430 348 2512
492 8489 340 2546
525 9297 359 2449
487 8320 362 2542
486 8555 340 2561
527 9552 349 2448
485 9007 335 2533
533 9290 375 2447
526 9153 336 2492
478 8400 343 2507
528 9515 349 2448
471 8354 342 2517
471 8354 342 2517
488 9006 335 2534
482 8896 339 2534
468 8561 369 2493
509 9112 340 2485
535 9547 339 2446
478 8400 343 2507
485 8753 343 2498
491 8711 343 2496
471 8415 344 2455
488 9006 335 2534
526 9153 336 2492
467 8499 348 2495
498 8667 342 2494
533 9290 375 2447
487 8320 362 2542
495 8235 362 2548
485 8670 340 2561
461 8367 363 2522
533 9290 375 2447
495 8235 362 2548
468 8430 348 2512
485 9007 335 2533
467 8499 348 2495
461 8367 363 2522
527 9552 349 2448
488 9006 335 2534
495 8235 362 2548
495 8235 362 2548
495 8235 362 2548
488 9006 335 2534
488 9006 335 2534
478 8400 343 2507
478 8400 343 2507
621 10482 328 2493
603 10621 399 2426
602 10780 380 2436
554 9810 320 2506
443 8180 394 2671
442 7995 402 2662
455 8133 352 2603
621 10482 328 2493
541 9819 322 2512
467 8336 358 2574
560 9806 320 2506
584 10593 385 2428
464 8259 352 2586
473 8784 345 2559
471 8510 363 2522
492 8432 370 2535
487 8772 367 2473
500 8743 332 2507
593 10540 389 2427
460 8288 352 2602
514 9151 340 2485
512 9179 324 2501
533 9299 375 2447
536 9622 386 2431
447 8250 378 2664
545 9766 341 2458
507 8931 389 2450
481 8369 363 2542
553 9505 336 2488
530 9592 344 2456
506 8820 368 2466
522 9382 382 2443
491 8919 359 2459
527 9370 389 2447
485 9007 335 2534
550 9758 347 2443
528 9447 352 2439
482 8931 339 2534
542 9809 354 2438
447 8250 378 2664
506 8900 400 2451
528 9666 382 2438
516 8914 343 2466
584 10593 385 2428
507 8550 362 2548
479 8622 343 2508
521 9437 328 2499
525 9296 336 2490
477 8691 348 2508
491 8973 354 2452
524 9060 322 2519
531 9609 349 2448
495 8834 336 2497
541 9301 322 2518
621 10482 328 2493
468 8569 369 2493
496 8705 338 2548
539 9627 335 2494
496 8995 325 2506
538 9647 362 2438
533 9499 322 2518
550 9758 347 2443
498 8804 340 2546
477 8750 369 2490
533 9600 349 2448
524 9060 322 2519
488 8658 343 2505
483 8811 343 2497
481 8714 343 2500
538 9647 362 2438
489 8657 343 2503
498 8804 340 2546
496 8995 325 2506
482 8931 339 2534
481 8714 343 2500
489 8657 343 2503
525 9296 336 2490
584 10593 385 2428
490 8977 328 2502
490 8977 328 2502
483 8811 343 2497
490 8977 328 2502
481 8714 343 2500
490 8977 328 2502
584 10593 385 2428
538 9647 362 2438
525 9296 336 2490
684 12338 341 2465
605 10666 399 2426
561 9825 320 2506
447 8219 402 2662
673 12061 341 2469
632 11533 385 2430
591 10438 339 2492
460 8296 352 2602
543 9911 322 2518
500 8899 371 2476
469 8451 367 2575
606 11078 385 2431
612 10980 380 2436
475 8414 358 2577
469 8540 358 2598
485 9007 339 2538
481 8610 352 2586
533 9383 336 2497
596 10894 385 2433
546 9781 328 2501
495 8961 390 2479
621 10483 328 2493
541 9752 394 2438
496 8709 338 2548
553 9541 322 2518
460 8296 352 2602
490 8977 328 2504
511 8948 382 2460
515 9084 389 2450
550 9772 347 2443
516 8936 343 2466
509 8716 349 2502
468 8571 369 2493
491 9032 354 2452
483 8817 343 2497
496 8709 338 2548
536 9680 383 2439
507 9309 328 2502
534 9397 389 2447
544 9731 386 2431
530 9524 365 2443
612 10980 380 2436
534 9596 363 2445
561 9825 320 2506
527 9533 389 2447
506 8903 400 2451
534 9596 363 2445
561 9825 320 2506
538 9583 400 2442
491 9032 354 2452
528 9530 365 2443
553 9541 322 2518
539 9554 365 2440
516 8936 343 2466
538 9583 400 2442
561 9825 320 2506
612 10980 380 2436
561 9825 320 2506
561 9825 320 2506
673 12103 341 2469
606 10678 399 2426
561 9828 320 2506
459 8339 413 2662
457 8355 413 2662
635 11479 350 2461
478 8429 352 2602
561 10134 356 2444
582 10534 380 2441
494 9071 339 2536
589 10768 391 2431
557 10104 386 2432
612 10988 380 2436
473 8605 378 2518
487 8793 358 2579
506 8911 400 2451
629 10642 328 2493
538 9423 332 2515
539 9741 328 2505
503 9196 382 2490
483 8965 345 2529
492 8766 352 2592
525 9105 360 2454
633 11211 385 2431
539 9574 365 2443
604 10819 339 2492
599 10647 385 2440
561 9828 320 2506
606 10678 399 2426
466 8526 352 2602
514 9259 361 2452
478 8647 358 2600
508 9302 334 2519
486 8827 343 2497
516 8942 343 2466
498 8822 352 2580
539 9614 359 2459
502 9240 335 2534
508 9367 357 2464
501 9363 335 2532
538 9543 357 2460
539 9574 365 2443
673 12149 341 2469
577 10160 320 2506
560 10169 386 2432
521 9322 338 2545
509 8840 343 2507
506 8937 400 2451
486 8886 361 2519
619 11009 380 2436
570 10301 357 2460
541 9177 343 2466
493 8854 343 2498
523 9285 343 2478
562 9868 328 2514
518 9261 387 2455
575 9949 322 2512
547 9734 365 2443
536 9525 367 2455
553 9555 332 2523
542 9633 333 2529
505 9436 339 2538
525 9662 370 2471
527 8995 343 2473
514 9410 339 2538
510 9418 334 2524
561 10152 322 2512
487 8941 343 2499
543 9799 383 2447
550 9708 375 2449
525 9426 376 2453
531 9318 375 2452
544 9794 365 2449
541 9700 383 2450
620 11176 380 2436
586 10737 396 2432
520 9520 335 2525
507 8964 400 2451
501 8979 343 2500
609 10338 345 2477
579 10374 339 2524
563 10151 362 2466
544 9979 356 2489
548 9743 376 2453
620 11176 380 2436
535 9436 390 2458
528 9131 360 2473
573 10082 349 2469
590 10525 387 2433
523 9352 359 2491
551 10029 367 2444
549 9930 380 2445
591 10646 380 2443
551 9999 383 2443
551 9690 350 2491
536 9600 343 2497
529 9597 384 2456
514 9483 344 2499
629 11352 380 2437
569 10558 335 2534
511 8987 400 2451
509 9000 350 2596
508 9046 400 2451
504 9346 362 2573
597 10777 352 2478
542 9760 348 2501
582 10091 381 2465
523 9551 336 2527
514 9013 373 2536
590 10626 376 2444
565 10473 359 2499
505 9328 358 2572
576 10113 353 2485
559 10231 367 2446
505 9072 368 2590
531 9147 360 2473
508 9205 343 2511
574 10077 400 2446
529 9223 365 2507
506 9334 343 2506
561 10151 367 2450
528 9325 343 2502
586 10559 380 2445
510 9194 358 2530
627 11280 380 2445
584 9762 337 2561
515 9091 400 2451
511 9025 358 2600
569 10295 367 2446
531 9295 360 2473
550 9885 339 2528
524 9330 353 2568
517 9252 375 2518
533 9485 346 2502
556 9627 340 2553
530 9473 352 2535
537 9373 356 2511
541 9460 343 2547
518 9518 345 2532
544 9518 343 2506
540 9586 343 2516
633 11303 380 2446
573 10403 340 2562
539 9339 358 2593
520 9150 400 2451
604 10898 374 2462
536 9364 369 2587
612 10758 358 2504
544 10032 345 2574
558 10046 353 2524
551 9651 364 2502
545 9790 363 2480
565 10297 350 2532
557 9605 358 2590
591 10405 343 2549
583 10524 367 2465
572 9759 374 2482
568 10510 379 2473
550 9748 351 2534
578 10463 346 2510
583 10421 348 2547
543 9749 355 2519
586 10396 375 2447
572 10320 346 2557
627 11252 349 2561
575 10502 353 2570
520 9157 400 2451
556 10027 391 2487
587 10588 376 2453
546 9797 394 2509
600 10778 350 2540
590 10794 360 2517
551 9878 363 2522
552 9950 356 2534
608 10861 367 2523
605 10943 380 2453
587 10662 359 2563
534 9347 400 2451
530 9489 403 2636
554 9961 363 2538
629 10983 390 2454
614 11204 381 2458
564 10041 427 2462
563 10163 364 2584
558 10057 388 2613
546 9778 421 2464
583 10341 370 2546
598 10697 379 2598
617 10898 315 2535
545 9388 346 2406
529 8833 314 2560
425 7395 363 2583
422 7764 387 2576
418 7610 374 2595
417 7633 363 2583
610 10710 318 2507
422 7785 381 2579
487 8525 357 2408
422 7764 387 2576
521 9163 314 2541
483 8462 330 2452
422 7699 352 2588
436 8073 364 2516
531 9323 335 2426
463 8157 360 2432
500 8984 336 2421
526 9350 332 2427
453 7946 348 2495
476 8270 323 2510
466 8169 355 2435
463 8270 328 2462
435 7694 329 2534
523 9147 355 2415
493 8364 320 2513
459 8166 335 2485
470 8234 344 2436
498 8772 316 2535
463 8453 350 2420
474 8407 339 2445
516 9063 314 2550
513 8872 346 2417
516 9063 314 2550
453 7975 337 2494
457 8086 341 2473
445 7929 335 2506
457 8086 341 2473
454 7712 329 2523
438 7770 345 2515
449 7965 344 2444
495 8827 339 2430
463 8270 328 2462
492 8640 323 2507
499 8643 323 2448
456 7989 344 2440
498 8897 336 2424
524 8933 320 2507
473 8023 341 2483
476 8270 323 2510
441 7705 329 2529
500 8523 346 2419
499 8729 335 2431
447 8034 328 2533
443 7897 342 2509
443 7726 335 2528
443 7897 342 2509
444 7827 356 2513
436 8073 364 2516
473 8023 341 2483
513 8872 346 2417
447 7813 356 2513
524 9095 315 2538
456 7989 344 2440
497 8447 338 2459
455 7963 329 2513
473 8023 341 2483
443 7726 335 2528
497 8452 336 2456
443 7726 335 2528
497 8447 338 2459
436 8073 364 2516
453 7975 337 2494
524 9095 315 2538
447 7813 356 2513
444 7827 356 2513
497 8452 336 2456
524 9095 315 2538
497 8447 338 2459
445 7929 335 2506
463 8270 328 2462
497 8447 338 2459
436 8073 364 2516
524 9095 315 2538
445 7929 335 2506
492 8640 323 2507
444 7827 356 2513
436 8073 364 2516
566 9936 319 2538
558 9338 314 2541
509 8938 364 2411
435 8027 387 2576
434 7529 363 2583
418 7626 374 2595
417 7652 374 2592
483 8670 379 2429
472 8438 330 2466
473 8228 355 2435
461 8079 337 2494
531 9729 324 2502
492 8805 368 2412
552 9337 314 2558
423 7705 374 2583
450 8025 350 2466
456 7989 344 2450
459 8192 335 2485
506 8583 341 2453
428 7827 352 2588
549 9696 323 2470
539 9647 332 2441
439 7737 345 2557
463 8208 360 2437
526 9308 322 2521
551 9531 325 2478
515 9389 326 2457
545 9623 357 2415
488 8645 358 2415
523 9198 316 2540
512 8901 342 2449
444 7890 345 2515
505 8644 352 2420
505 9177 333 2462
448 7901 335 2528
496 8716 351 2429
508 8740 326 2518
505 8773 346 2424
488 8821 340 2464
438 7833 374 2582
492 8802 328 2465
516 8776 323 2507
500 8707 320 2530
502 8958 339 2444
519 9047 335 2431
518 9456 334 2452
521 8867 325 2479
495 8935 356 2433
459 8059 329 2513
555 9579 326 2452
539 9521 334 2443
463 8208 360 2437
517 9147 334 2455
422 7770 352 2593
526 9402 336 2422
504 8830 357 2418
521 9257 336 2429
518 9109 338 2426
511 8679 328 2504
502 8971 339 2435
500 8707 320 2530
548 9584 346 2416
536 9423 335 2426
461 8049 344 2440
513 8890 346 2417
522 9426 324 2505
418 7644 363 2594
510 9022 335 2436
520 8921 319 2577
523 9198 316 2540
441 7785 329 2529
458 7883 338 2525
458 7883 338 2525
494 8771 320 2527
513 8764 336 2456
526 9021 336 2454
418 7626 374 2595
531 9410 334 2454
439 7737 345 2557
536 9423 335 2426
441 7785 329 2529
418 7637 374 2592
516 8770 325 2505
509 8938 364 2411
526 8811 319 2583
417 7662 374 2588
526 8910 319 2578
531 9729 324 2502
417 7662 374 2588
494 8910 357 2418
459 8051 344 2440
536 9423 335 2426
417 7652 374 2592
531 9410 334 2454
418 7644 363 2594
509 8938 364 2411
418 7626 374 2595
417 7652 374 2592
526 8910 319 2578
441 7785 329 2529
418 7626 374 2595
417 7652 374 2592
526 8910 319 2578
526 8910 319 2578
509 8938 364 2411
500 8707 320 2530
500 8707 320 2530
463 8208 360 2437
458 7883 338 2525
418 7626 374 2595
417 7652 374 2592
417 7652 374 2592
608 10454 325 2474
566 9821 317 2558
509 8941 364 2411
444 8039 387 2578
434 7539 363 2593
429 7850 356 2610
426 7757 374 2592
566 10104 334 2449
492 8636 331 2510
468 8227 337 2494
485 8718 379 2430
546 9003 333 2504
500 8671 379 2418
505 9058 328 2470
464 8157 329 2529
515 8820 338 2459
523 9169 346 2420
490 8665 368 2424
515 9396 326 2457
458 8117 335 2528
512 8742 341 2453
472 8206 335 2491
434 7540 363 2586
495 8869 358 2415
523 9275 334 2455
506 8979 322 2529
529 9475 324 2505
448 7970 345 2515
566 9648 325 2478
449 7873 363 2579
436 8038 358 2590
463 8086 344 2443
536 9480 335 2426
560 9650 325 2478
534 9764 324 2502
559 9818 346 2416
434 7544 363 2583
466 8155 344 2440
505 8719 352 2420
492 8854 368 2412
475 8193 337 2494
466 8174 343 2523
503 8885 351 2429
446 7978 351 2523
531 9231 337 2457
494 8910 357 2423
511 9189 326 2526
465 8219 329 2513
523 9556 334 2452
532 9794 324 2502
511 8972 357 2418
503 8885 351 2429
523 9556 334 2452
466 8177 329 2513
466 8204 335 2504
506 8835 368 2417
506 8835 368 2417
506 8835 368 2417
506 8835 368 2417
589 9767 338 2441
585 10338 346 2416
555 10037 322 2556
512 8998 364 2411
438 7620 363 2593
427 7840 385 2593
445 8194 374 2589
550 9583 323 2530
449 8146 374 2591
505 8729 352 2420
534 9263 336 2474
515 9396 333 2459
542 9949 324 2502
466 8196 329 2513
479 8472 335 2503
521 9188 328 2484
545 9644 350 2420
570 10311 346 2417
456 7974 352 2593
520 9308 342 2455
454 8148 345 2515
469 8265 362 2483
499 8965 357 2433
475 8371 344 2440
488 8416 335 2506
546 9824 339 2431
547 9530 361 2415
495 8865 368 2412
501 8908 358 2418
523 9558 334 2452
515 9406 326 2457
566 10113 334 2449
566 10113 334 2449
510 9077 351 2432
495 8865 368 2412
535 9607 324 2505
509 9222 351 2438
558 9784 324 2502
568 10029 335 2435
569 9860 325 2478
569 9860 325 2478
495 8865 368 2412
569 9860 325 2478
495 8865 368 2412
569 9860 325 2478
580 9927 324 2564
573 10168 334 2449
497 8902 368 2413
459 8385 380 2589
455 8123 374 2605
553 10138 326 2533
478 8549 351 2475
471 8296 363 2602
570 9872 325 2478
515 9048 355 2441
471 8367 335 2516
475 8224 341 2528
494 8782 344 2457
559 9881 352 2422
527 9523 358 2419
508 9101 357 2424
523 9145 352 2435
490 9136 344 2498
475 8244 345 2522
482 8264 338 2530
552 9338 336 2488
544 9295 339 2511
495 8477 366 2449
488 8821 351 2470
539 9734 328 2524
572 9626 328 2463
476 8450 361 2450
526 9257 357 2421
522 9322 329 2503
531 9316 330 2510
556 9795 334 2452
505 8988 344 2451
530 9412 334 2475
531 9704 334 2455
550 9528 329 2469
553 9544 327 2489
540 9565 334 2459
514 8942 344 2454
514 9024 344 2446
476 8377 329 2513
592 9932 325 2478
580 10174 334 2449
561 9785 362 2424
479 8381 356 2552
467 8645 385 2593
501 9038 379 2427
533 9416 371 2449
508 8576 345 2553
500 8815 337 2548
529 9517 357 2432
522 8638 357 2500
552 9689 336 2462
498 8752 345 2519
508 8822 384 2502
489 8841 351 2470
567 9611 336 2480
566 10017 328 2489
535 9973 368 2431
574 9914 335 2500
508 8948 346 2512
493 8757 349 2514
495 8829 329 2518
543 9996 334 2455
500 9037 344 2460
505 8989 344 2452
490 8883 361 2460
508 8850 353 2458
559 9920 328 2495
537 9961 334 2460
507 8901 361 2450
565 10017 328 2494
594 9927 336 2504
546 10171 368 2431
524 9035 331 2522
490 8491 374 2597
487 8861 371 2596
587 10163 341 2494
556 9718 361 2444
533 9564 344 2462
515 9141 346 2463
514 8925 355 2460
522 9392 338 2525
489 8732 357 2563
509 9148 344 2531
520 9088 366 2455
506 9027 334 2538
504 9115 367 2481
496 9062 362 2519
555 9897 373 2438
498 8784 356 2586
553 9905 338 2511
505 8620 359 2558
506 8797 359 2554
502 8705 356 2590
516 8965 335 2532
592 10375 342 2520
557 10444 368 2439
545 9476 381 2465
512 8846 366 2573
506 8900 381 2574
560 9736 363 2445
546 9978 345 2470
515 9122 356 2509
509 9172 358 2545
558 9850 349 2464
526 9485 361 2468
559 9542 346 2510
628 10753 346 2515
576 10186 371 2449
530 9254 369 2522
519 9342 356 2587
575 10573 354 2491
602 10097 371 2467
525 9634 370 2557
544 9550 357 2553
528 9547 361 2477
550 9541 356 2523
529 9522 368 2554
549 9498 371 2470
561 9761 369 2547
580 10623 334 2442
530 9714 387 2422
528 9430 314 2568
429 7632 333 2543
420 7843 378 2635
429 7672 341 2540
561 10214 341 2446
426 7934 378 2629
531 9655 387 2423
498 8434 315 2573
559 10105 333 2450
542 9697 349 2428
505 8979 364 2441
489 8770 335 2468
486 8661 356 2461
520 9387 347 2448
468 8399 325 2505
473 8485 321 2552
498 9054 333 2452
501 8873 346 2457
443 7938 328 2491
517 8716 375 2449
503 8927 372 2449
489 8560 341 2459
492 8572 327 2498
495 8855 322 2545
475 8082 351 2485
518 8970 354 2436
444 8060 321 2570
511 9032 334 2461
493 8897 333 2486
464 8299 321 2560
489 8991 348 2435
426 7934 378 2629
479 8676 315 2563
450 7965 326 2545
517 9441 334 2451
450 7965 326 2545
457 8305 325 2567
466 8098 317 2562
489 8560 341 2459
507 8899 333 2464
470 8458 317 2561
462 8329 325 2558
443 7938 328 2491
466 8098 325 2561
500 8302 325 2559
468 8399 325 2505
503 8927 372 2449
473 8603 315 2571
466 8712 315 2571
489 8985 350 2438
474 8074 351 2487
459 8347 321 2564
459 8347 321 2564
475 8082 351 2485
475 8082 351 2485
443 7938 328 2491
503 8927 372 2449
503 8927 372 2449
503 8927 372 2449
475 8082 351 2485
459 8347 321 2564
450 7965 326 2545
443 7938 328 2491
426 7934 378 2629
426 7934 378 2629
584 10645 344 2450
531 9656 387 2423
512 8661 403 2472
481 8837 315 2569
429 7775 341 2540
423 7902 378 2635
559 9819 355 2433
584 10645 344 2450
426 7937 378 2629
509 8959 372 2449
518 8693 397 2476
468 8399 325 2511
443 7938 328 2500
506 9088 358 2435
440 8115 335 2598
426 7885 378 2635
491 9048 350 2438
440 8115 335 2598
543 9237 337 2456
482 8742 315 2571
541 9678 355 2436
450 7993 326 2545
536 9372 321 2554
515 9176 348 2460
457 8313 325 2567
517 9442 334 2451
548 9438 355 2435
501 9140 333 2462
516 9434 322 2545
509 8954 317 2563
453 8096 328 2491
508 9299 334 2454
505 9004 358 2439
440 8115 335 2598
470 8153 325 2561
474 8519 325 2505
466 8487 321 2564
457 8001 328 2491
470 8439 325 2510
475 8369 325 2560
499 9071 333 2475
492 8906 335 2482
507 9006 333 2464
510 8774 340 2488
455 8087 328 2491
487 8565 321 2559
493 8694 321 2557
533 9199 334 2457
538 9126 333 2459
514 9389 333 2456
485 8815 321 2557
492 8588 327 2503
502 8922 335 2478
481 8837 315 2569
510 8774 340 2488
466 8487 321 2564
533 9151 333 2459
482 8742 315 2571
506 9088 358 2435
485 8815 321 2557
482 8530 321 2562
492 8588 327 2503
502 8922 335 2478
516 9434 322 2545
423 7902 378 2635
510 8774 340 2488
481 8837 315 2569
492 8588 327 2503
485 8815 321 2557
485 8815 321 2557
506 9088 358 2435
485 8815 321 2557
482 8742 315 2571
423 7902 378 2635
584 10645 344 2450
502 8922 335 2478
502 8922 335 2478
492 8588 327 2503
492 8588 327 2503
485 8815 321 2557
485 8815 321 2557
485 8815 321 2557
485 8815 321 2557
485 8815 321 2557
485 8815 321 2557
482 8742 315 2571
482 8742 315 2571
423 7902 378 2635
584 10647 344 2450
531 9756 387 2423
487 9057 315 2569
429 7789 341 2540
426 7934 378 2635
550 10003 322 2545
442 8144 335 2616
558 9470 355 2435
475 8044 351 2491
518 9042 364 2441
531 9756 387 2423
452 8347 338 2537
482 8757 315 2571
450 8226 341 2525
545 9870 328 2501
429 7789 341 2540
443 8119 335 2588
532 9025 375 2449
555 9578 355 2435
485 8837 321 2557
457 8213 328 2563
469 8473 325 2566
443 8110 335 2598
461 8097 326 2545
539 9209 333 2459
502 8957 335 2478
518 9260 337 2471
512 9211 358 2435
492 8622 327 2503
507 9075 325 2516
533 9014 375 2449
479 8563 326 2508
502 9223 350 2438
516 9434 322 2554
500 9103 325 2551
525 9479 342 2451
490 8532 338 2510
470 8517 325 2562
506 9097 358 2441
513 9392 334 2454
520 9096 333 2464
493 8694 321 2560
481 8682 321 2567
502 9124 333 2475
516 9091 350 2445
528 9516 334 2453
532 9334 334 2461
541 9154 333 2459
519 9524 334 2451
472 8541 325 2552
485 8815 321 2562
526 9350 334 2461
502 9223 350 2438
541 9154 333 2459
502 9223 350 2438
493 8694 321 2560
525 9252 335 2462
525 9252 335 2462
493 8694 321 2560
493 8694 321 2560
584 10655 344 2450
540 9809 387 2423
515 9203 315 2569
441 7821 390 2652
441 7821 390 2652
429 7906 378 2622
558 9478 355 2435
448 8200 342 2569
443 8113 335 2598
533 9038 375 2449
472 8433 329 2554
491 9033 337 2533
467 8507 328 2558
492 8842 320 2576
540 9706 325 2516
502 9251 350 2438
518 9049 364 2441
541 9165 333 2459
493 8754 321 2560
524 9097 333 2467
488 8074 360 2520
501 8684 327 2503
498 8063 360 2520
513 9258 358 2435
498 8549 364 2496
513 9067 346 2478
526 9154 354 2447
478 8585 327 2550
520 9236 356 2445
487 8855 321 2557
512 9122 335 2483
492 8588 326 2509
523 9599 334 2451
505 9377 333 2482
530 9554 334 2451
492 8854 315 2571
509 9227 325 2546
486 8849 326 2543
513 9399 334 2454
512 9318 333 2475
518 9049 364 2441
483 8556 326 2553
511 9340 336 2478
485 8760 325 2558
527 9352 334 2461
527 9352 334 2461
490 8722 326 2549
518 9049 364 2441
490 8722 326 2549
490 8722 326 2549
492 8854 315 2571
490 8722 326 2549
598 10897 344 2450
556 10283 387 2423
495 8962 315 2571
429 7917 378 2635
444 8213 383 2617
559 9537 355 2435
450 8076 378 2622
525 9732 333 2477
469 8689 344 2590
526 9467 326 2509
522 9248 367 2449
448 8166 335 2598
502 9327 349 2536
520 9278 339 2484
434 8019 378 2625
492 8531 328 2563
509 9087 344 2532
500 9071 328 2548
481 8639 341 2556
518 9551 315 2569
553 9529 356 2441
475 8673 336 2558
508 9026 321 2562
535 9612 333 2481
531 9402 342 2466
538 9159 363 2456
515 9404 358 2435
488 8877 325 2558
541 9200 340 2466
506 9246 327 2542
538 9159 363 2456
532 9353 334 2461
513 9405 334 2454
527 9216 322 2557
549 9186 333 2459
527 9541 325 2551
527 9701 334 2451
503 8761 325 2559
496 8816 325 2560
541 9249 333 2459
520 9453 356 2447
519 8933 341 2538
516 9295 358 2435
493 8690 328 2561
492 8730 326 2561
515 9444 333 2540
509 8950 321 2560
541 9249 333 2459
541 9249 333 2459
541 9249 333 2459
602 10585 334 2451
567 9597 355 2435
546 9649 321 2560
433 8102 378 2638
482 9094 376 2595
448 8221 335 2601
440 8242 378 2635
586 10263 333 2469
507 8904 325 2567
518 9327 358 2435
492 8697 328 2566
568 9972 348 2452
575 10434 344 2453
535 9737 333 2528
540 9559 327 2512
521 9443 347 2495
515 9436 337 2551
491 9001 331 2562
517 9205 329 2548
533 9880 341 2478
567 9597 355 2435
552 9469 342 2461
557 9609 356 2441
525 9318 356 2486
504 9236 328 2562
528 9574 343 2475
522 9166 357 2550
542 9425 356 2481
542 9811 334 2454
556 9245 333 2477
517 9457 348 2462
535 9548 327 2561
534 9839 334 2481
543 9557 334 2461
594 10867 334 2472
572 9697 355 2435
492 8848 328 2572
476 8680 380 2602
465 8546 350 2607
527 9456 375 2494
518 9588 379 2459
561 9682 358 2459
545 9727 335 2478
575 10130 329 2517
572 10138 353 2462
553 9805 328 2538
561 10044 349 2466
469 8696 335 2601
541 9331 356 2486
524 9339 329 2553
565 10008 333 2486
527 9472 353 2509
539 9790 356 2506
561 10063 356 2446
549 9922 355 2461
641 11154 330 2521
572 9703 355 2435
492 8854 328 2572
467 8663 368 2626
581 10715 340 2551
547 10042 347 2515
531 9467 367 2563
555 9579 356 2489
524 9517 332 2558
535 9611 358 2522
556 10018 333 2555
545 9826 346 2547
540 9974 357 2525
581 9828 347 2498
543 9891 356 2552
555 9814 329 2559
546 10020 330 2561
545 9849 346 2523
602 10533 348 2511
592 10816 350 2504
578 9704 355 2435
494 8886 328 2575
492 9112 376 2595
576 9924 375 2467
547 9724 340 2559
510 8949 342 2573
505 9096 328 2572
622 11011 356 2471
580 9751 363 2439
524 9450 328 2572
510 8894 340 2579
494 9035 383 2636
587 9802 358 2450
505 9404 356 2620
507 9412 376 2595
615 10415 363 2454
537 9975 334 2598
516 9333 390 2638
515 9500 352 2616
582 10083 371 2475
591 10282 368 2577
536 10036 334 2595
604 10767 379 2568
594 11059 377 2592
546 10233 334 2595
533 9704 390 2653
542 10050 376 2600
545 10335 378 2599
549 10311 334 2595
590 10724 376 2637
562 10419 384 2619
581 10569 395 2619
