3 0.249937
542 9873 395 2683
538 9597 448 2684
622 11232 441 2647
638 11627 455 2622
592 10948 446 2666
634 11038 382 2690
638 11627 455 2622
634 11038 382 2690
538 9597 448 2684
536 9770 463 2685
637 11467 451 2674
634 11222 451 2674
674 12032 473 2802
681 12620 537 2710
739 13417 556 2681
711 13085 558 2788
692 12472 452 2649
650 11887 470 2642
693 12292 533 2769
607 10803 391 2689
645 11354 466 2701
660 11546 440 2688
665 12003 516 2724
576 10247 427 2691
723 13242 525 2722
620 10582 446 2665
677 12063 448 2692
689 12655 460 2726
655 11670 490 2713
750 13592 526 2707
609 10883 419 2636
651 11815 472 2701
710 11926 492 2724
710 13072 479 2714
708 12838 476 2699
655 11573 513 2773
672 12223 440 2681
575 10046 452 2698
654 11530 465 2745
646 11468 503 2717
619 11101 429 2762
707 13040 493 2774
724 12388 487 2730
686 11922 543 2812
629 11508 498 2705
722 12646 505 2726
672 12038 483 2747
670 12154 463 2732
590 10653 495 2741
674 12486 533 2703
614 10863 456 2675
613 10843 434 2692
681 12267 479 2696
689 12315 503 2792
698 12076 469 2728
631 11573 454 2677
732 12944 480 2750
600 10611 448 2699
604 10649 411 2674
690 12427 511 2764
683 12452 514 2738
648 11619 474 2756
628 10713 451 2687
636 11617 469 2697
623 11007 443 2691
684 12716 494 2764
769 13219 463 2632
631 11467 485 2663
604 11101 448 2677
723 13296 603 2770
602 10878 462 2672
706 12413 442 2736
734 13621 508 2776
696 12629 491 2728
785 14149 526 2688
704 12680 478 2704
691 12636 500 2686
636 11408 540 2756
537 9728 498 2757
682 12409 463 2772
711 13041 432 2650
628 11299 430 2669
658 11835 453 2670
634 11580 529 2748
688 12032 494 2713
654 11508 472 2753
686 12449 518 2770
641 11598 469 2715
573 10074 477 2734
665 12150 486 2677
642 11471 421 2696
688 12732 473 2665
655 11083 448 2681
719 12874 488 2706
706 12351 496 2723
599 11113 458 2739
636 11265 416 2729
606 11194 483 2721
657 11925 505 2725
571 9915 445 2716
568 9816 441 2750
686 12501 460 2676
669 11638 509 2736
748 13709 472 2694
602 11022 442 2686
616 10958 528 2705
619 10829 453 2721
648 11698 500 2699
693 12735 451 2685
735 13044 480 2761
628 11168 462 2788
665 12056 531 2731
651 11670 429 2687
653 11050 477 2659
684 12151 465 2723
726 12639 482 2746
636 11611 488 2698
715 12721 454 2702
590 10886 483 2732
665 11887 444 2791
720 13201 491 2699
618 10694 410 2699
657 11482 485 2708
718 13094 559 2751
783 14300 432 2692
628 11022 459 2712
745 13291 505 2732
752 13304 555 2799
700 12559 468 2742
708 12410 451 2627
665 12180 533 2756
736 12834 495 2745
676 12273 501 2729
672 12129 550 2773
680 11801 493 2764
679 12428 533 2696
648 11294 482 2727
619 11281 531 2671
628 11574 476 2723
660 11878 530 2776
716 13329 483 2725
643 11850 466 2774
577 10385 492 2736
627 11215 441 2668
661 11895 457 2755
665 11892 505 2798
626 11385 446 2637
684 12325 483 2679
672 12114 481 2717
622 11510 489 2719
658 11916 501 2710
654 11511 425 2706
720 12322 503 2696
665 11470 472 2793
723 12661 476 2762
765 13655 542 2799
682 12523 547 2715
598 10911 504 2678
625 11238 433 2776
668 12197 489 2730
675 11896 428 2630
679 12247 419 2700
693 12114 514 2764
643 11315 416 2702
680 11806 468 2773
677 12183 465 2720
663 11840 420 2679
709 12357 488 2804
692 12313 500 2648
702 12782 467 2723
663 11700 451 2703
680 12439 482 2698
685 12080 503 2698
672 12098 468 2712
581 10207 405 2697
695 12526 488 2709
674 11491 478 2746
629 11504 456 2706
704 12318 532 2725
746 13102 437 2751
672 12170 496 2728
705 12334 509 2773
700 12374 485 2725
768 14036 598 2742
722 12834 466 2749
683 12157 510 2644
728 13452 534 2762
644 11766 490 2725
633 11246 415 2677
622 10882 477 2718
614 11171 533 2685
651 11485 458 2733
697 12446 496 2732
617 10696 451 2711
649 11541 478 2759
720 12924 584 2777
652 11744 491 2728
667 11848 480 2692
594 10636 463 2741
718 12917 527 2681
642 11301 441 2681
637 11377 449 2763
688 12390 507 2671
774 12999 553 2770
625 11726 455 2692
671 12062 404 2658
636 11721 434 2621
663 12054 542 2672
673 11628 421 2623
719 12654 481 2726
642 11731 471 2712
678 11790 463 2726
654 11887 496 2639
644 11911 475 2747
593 10812 486 2752
596 10517 459 2742
630 10641 411 2684
686 11884 549 2770
727 13117 430 2699
660 11840 431 2738
665 11937 481 2679
604 10929 485 2747
728 13575 478 2796
692 12583 467 2776
651 11551 472 2663
659 12004 440 2707
653 11628 528 2703
722 12788 449 2715
710 12833 432 2696
640 11371 494 2670
581 10535 478 2742
684 12075 462 2723
683 12298 455 2709
622 11318 557 2745
618 10820 480 2696
615 11337 459 2704
609 10904 429 2695
617 11137 435 2697
671 11893 530 2749
634 11370 463 2688
602 10974 452 2699
669 12184 463 2705
623 10862 454 2722
691 12372 507 2765
579 10675 464 2689
691 12201 414 2752
688 12156 500 2694
676 11993 460 2714
716 12749 523 2753
661 11561 529 2788
664 11837 497 2770
711 13513 544 2707
713 13260 426 2643
705 12446 426 2645
576 9897 395 2774
637 11648 433 2707
617 11200 463 2728
646 10968 460 2712
657 11863 442 2802
693 11840 452 2673
676 12052 460 2774
628 11207 465 2711
715 12986 562 2756
596 10649 434 2702
692 12819 553 2755
615 10799 487 2740
642 11487 520 2721
698 12674 473 2708
608 10972 404 2688
641 11185 411 2653
627 11234 435 2760
619 11158 479 2741
678 12463 502 2721
656 11609 490 2722
722 13118 565 2731
693 12490 496 2742
641 11375 466 2674
712 11820 484 2706
687 12296 468 2669
625 11320 531 2712
637 11652 486 2710
609 11132 468 2770
649 10995 478 2694
673 11729 486 2693
658 11686 497 2791
723 13588 475 2668
683 12264 474 2773
702 12657 478 2752
652 11921 505 2691
629 11618 445 2665
599 10543 451 2709
728 13057 509 2672
744 13393 469 2690
631 11299 481 2765
670 12070 466 2740
611 10324 465 2743
698 12792 486 2637
665 11934 458 2694
732 13321 463 2680
719 12805 529 2685
606 10622 433 2669
717 12965 477 2797
756 13303 416 2793
776 14135 487 2725
652 11638 441 2679
625 11118 430 2718
643 11632 492 2733
735 12924 488 2745
681 11845 540 2711
717 12666 495 2746
609 10494 472 2782
625 11266 486 2751
635 11724 473 2699
642 11581 464 2730
646 11273 478 2759
642 11724 478 2657
700 12379 463 2672
702 12878 522 2769
635 11813 422 2701
690 12242 456 2746
678 12266 482 2682
718 12974 497 2818
678 12437 490 2676
688 11984 545 2780
713 13121 484 2713
610 10954 516 2744
549 10034 434 2749
616 11097 485 2752
723 12507 514 2729
755 13909 452 2725
692 12715 534 2740
687 12300 427 2685
722 12709 499 2654
703 12506 479 2714
653 12180 436 2689
697 12542 529 2764
681 12402 492 2772
648 11320 526 2763
637 11352 531 2742
672 12145 459 2698
579 10573 524 2702
703 12723 477 2755
656 11781 480 2783
568 10779 492 2722
679 12514 447 2720
660 11692 411 2666
637 11605 502 2774
729 12802 499 2759
659 11893 399 2676
653 11859 486 2715
656 11469 488 2681
647 11878 538 2760
782 14345 455 2642
675 11901 417 2730
833 14776 568 2743
680 11748 489 2736
656 11044 431 2694
685 12291 451 2650
737 13020 443 2707
700 12118 456 2665
730 12760 434 2683
647 11521 438 2734
796 13974 515 2773
700 12644 593 2788
568 10423 439 2734
731 13216 497 2695
725 13171 577 2812
594 11031 421 2712
668 11644 485 2695
748 13602 531 2746
615 11453 451 2677
723 13088 488 2726
720 13190 435 2764
726 13532 537 2713
627 11474 538 2671
690 12146 472 2655
662 12117 534 2703
617 11049 454 2739
662 11858 542 2686
692 12569 453 2690
672 11691 477 2683
638 11666 504 2678
757 13487 483 2717
650 11730 465 2784
711 12551 458 2676
600 10895 555 2771
745 13128 534 2740
714 12998 490 2733
690 12597 452 2689
685 12007 494 2729
627 11406 510 2702
724 12769 463 2732
691 12223 487 2765
606 11020 474 2753
674 11922 468 2754
656 11647 490 2701
593 11042 436 2667
730 13214 536 2742
647 12055 483 2678
636 10900 427 2720
636 11206 528 2724
712 12889 466 2674
717 13227 485 2700
621 11524 454 2720
651 12056 526 2737
656 11638 437 2695
709 13094 498 2700
653 11753 456 2683
594 10935 505 2707
720 13116 471 2747
689 12103 461 2738
621 11234 478 2717
649 11784 473 2672
681 12338 457 2723
641 11923 415 2630
711 12859 552 2736
591 10385 457 2715
578 10290 429 2709
570 10121 474 2741
711 12867 451 2674
716 12851 507 2762
650 11988 465 2699
604 11101 471 2706
616 11437 488 2758
667 12378 454 2678
698 12186 440 2737
702 12534 562 2731
732 12904 470 2740
679 11332 449 2719
709 12917 534 2690
640 11777 488 2717
646 11506 438 2764
694 11897 455 2722
611 10858 514 2765
693 12597 481 2748
628 11802 502 2698
623 11178 457 2719
689 12695 525 2741
679 12556 569 2745
686 11880 504 2683
659 12039 450 2681
697 12231 481 2752
705 12748 500 2741
650 11889 458 2694
626 10939 488 2720
678 12297 462 2681
719 12662 408 2637
662 12167 481 2721
679 12288 414 2684
681 12767 507 2757
730 12988 471 2660
682 11846 426 2683
683 12110 515 2730
690 12769 469 2720
716 12629 466 2714
675 11950 427 2680
685 12279 486 2680
643 11917 498 2709
714 12840 456 2655
728 13300 507 2749
676 11598 491 2663
670 11986 498 2700
635 11527 479 2725
703 12460 529 2673
689 12448 486 2740
688 12491 535 2685
636 11606 413 2762
602 10938 518 2672
734 13396 561 2773
656 11738 461 2739
533 9839 449 2702
566 10489 428 2775
655 12018 484 2692
656 11736 459 2620
731 12841 476 2703
747 13424 444 2715
769 13622 523 2742
666 11809 453 2726
647 11826 459 2643
647 11707 458 2660
