55 27.3277
510 9045 315 2343
504 8637 329 2336
437 7356 299 2395
433 7430 337 2349
425 7402 300 2417
390 6871 307 2399
382 6892 310 2378
450 7699 331 2349
491 8667 310 2344
436 7838 324 2347
493 8350 329 2340
426 7375 300 2414
475 8578 311 2355
482 8659 308 2353
471 7927 329 2342
431 7529 300 2405
405 7209 316 2350
448 7625 305 2366
441 7533 299 2391
467 8027 320 2347
410 7065 313 2373
463 8036 305 2363
435 7671 310 2357
459 8013 321 2348
419 7538 306 2388
471 8172 317 2348
439 7812 321 2349
471 7927 329 2342
411 7097 315 2367
488 8492 321 2341
399 7086 307 2369
422 7202 315 2361
460 8089 324 2345
437 7253 313 2361
471 8293 307 2357
484 8447 321 2344
434 7672 300 2402
395 7049 307 2397
431 7359 306 2383
431 7470 304 2381
467 8143 311 2356
434 7630 312 2356
420 7238 304 2385
415 7237 306 2398
471 8172 317 2348
487 8645 302 2374
388 6921 307 2399
390 6871 307 2399
393 7078 322 2355
487 8645 302 2374
399 6940 307 2396
413 7154 315 2365
400 6938 307 2390
469 8102 300 2381
432 7458 306 2362
493 8314 323 2346
487 8645 302 2374
430 7522 306 2379
493 8314 323 2346
393 7078 322 2355
401 6935 307 2390
430 7522 306 2379
469 8102 300 2381
484 8447 321 2344
413 7154 315 2365
434 7672 300 2402
395 7049 307 2397
419 7538 306 2388
431 7690 315 2352
420 7238 304 2385
400 6938 307 2390
431 7690 315 2352
437 7253 313 2361
399 6940 307 2396
493 8314 323 2346
413 7154 315 2365
487 8645 302 2374
434 7672 300 2402
434 7672 300 2402
430 7522 306 2379
399 6940 307 2396
434 7672 300 2402
434 7672 300 2402
434 7672 300 2402
430 7522 306 2379
399 6940 307 2396
516 8770 323 2345
497 8430 329 2340
493 8932 311 2355
441 7607 299 2391
426 7435 300 2414
419 7333 334 2364
390 6911 307 2399
390 6911 307 2399
488 8650 302 2374
501 8848 307 2365
467 8049 320 2348
480 8105 329 2342
459 8142 316 2352
437 7697 300 2402
421 7473 327 2361
476 8269 317 2348
419 7333 334 2364
494 8511 315 2355
396 7065 317 2392
465 8288 324 2346
474 8395 324 2345
398 6957 315 2393
442 7851 310 2357
497 8383 323 2346
433 7433 331 2352
411 7220 315 2367
450 7737 305 2366
413 7123 313 2375
398 6957 315 2393
447 7491 306 2382
440 7727 304 2384
396 7135 329 2389
437 7697 300 2402
431 7698 316 2354
472 8120 329 2342
437 7264 313 2361
404 7146 310 2385
496 8804 310 2344
441 7588 299 2400
449 7833 312 2356
439 8005 310 2363
442 7575 306 2378
441 7812 321 2350
401 7139 307 2396
412 7310 307 2369
415 7179 307 2378
474 8186 311 2356
451 8038 321 2349
424 7447 327 2364
429 7517 315 2363
433 7433 331 2352
404 7146 310 2385
437 7911 306 2384
491 8681 315 2353
420 7264 304 2385
427 7529 321 2365
399 7171 307 2397
396 7065 317 2392
414 7056 315 2386
407 7363 307 2388
441 7928 324 2347
426 7351 331 2360
412 7310 307 2369
419 7413 315 2366
408 7058 315 2386
441 7812 321 2350
441 7928 324 2347
390 6911 307 2399
447 7491 306 2382
437 7911 306 2384
497 8383 323 2346
448 7660 321 2359
451 8038 321 2349
474 8186 311 2356
424 7447 327 2364
448 7660 321 2359
403 7104 315 2382
399 7180 315 2385
401 7139 307 2396
441 7775 321 2351
441 7775 321 2351
495 8411 315 2353
491 8681 315 2353
407 7363 307 2388
447 7491 306 2382
441 7659 324 2355
406 7127 307 2391
437 7264 313 2361
406 7127 307 2391
403 7104 315 2382
399 7180 315 2385
491 8681 315 2353
495 8411 315 2353
474 8186 311 2356
433 7433 331 2352
440 7727 304 2384
433 7433 331 2352
414 7056 315 2386
408 7058 315 2386
414 7056 315 2386
440 7727 304 2384
408 7058 315 2386
390 6911 307 2399
507 8396 317 2348
501 8510 329 2340
493 8933 311 2355
441 7668 299 2391
428 7445 300 2417
423 7235 334 2374
390 6914 307 2399
401 7064 315 2398
480 8756 305 2377
452 7619 313 2363
484 8280 316 2353
499 8827 310 2344
473 8140 329 2342
431 7449 300 2414
440 7777 304 2384
428 7445 300 2417
433 7453 331 2352
427 7253 307 2393
424 7490 306 2407
423 7235 334 2374
416 7209 325 2380
416 7337 307 2369
433 7871 320 2360
445 7793 317 2355
461 8209 310 2357
424 7490 306 2407
493 8933 311 2355
413 7303 323 2381
404 7234 317 2392
487 8208 323 2348
469 8101 321 2351
478 8576 321 2349
458 8027 306 2370
448 7963 324 2347
433 7871 320 2360
417 7237 315 2383
437 7550 315 2365
437 7773 321 2354
501 8859 307 2365
432 7725 321 2363
435 7504 304 2387
429 7780 315 2365
411 7448 307 2388
414 7384 310 2379
478 8222 311 2356
443 7870 321 2353
455 7757 324 2356
454 8052 312 2366
471 8465 307 2368
423 7159 315 2378
483 8413 317 2348
434 7344 304 2388
478 8576 321 2349
487 8812 307 2366
451 8038 321 2352
445 7793 317 2355
462 7747 306 2372
480 8109 329 2342
416 7209 325 2380
454 8052 312 2366
471 8465 307 2368
447 7731 323 2359
460 8227 310 2357
445 7974 324 2347
430 7464 304 2391
423 7273 325 2372
434 7397 306 2385
460 8128 321 2350
425 7314 315 2375
434 7344 304 2388
441 7462 304 2385
425 7314 315 2375
487 8208 323 2348
423 7159 315 2378
465 8133 310 2357
432 7725 321 2363
423 7273 325 2372
458 8027 306 2370
428 7226 307 2381
455 7757 324 2356
463 8103 323 2350
444 7986 324 2350
444 7986 324 2350
501 8859 307 2365
447 7731 323 2359
445 7974 324 2347
433 7526 304 2385
455 7685 306 2382
428 7685 306 2388
428 7685 306 2388
465 8133 310 2357
501 8859 307 2365
478 8222 311 2356
461 8209 310 2357
501 8859 307 2365
455 7685 306 2382
423 7235 334 2374
465 8133 310 2357
428 7445 300 2417
416 7209 325 2380
504 8570 329 2340
499 9083 311 2355
441 7676 299 2391
435 7504 331 2352
431 7481 300 2417
401 6989 307 2399
432 7508 300 2414
447 7841 327 2360
474 8403 324 2347
445 7827 304 2387
429 7257 307 2390
417 7443 317 2370
470 8418 311 2368
428 7346 323 2369
421 7385 310 2374
415 7431 315 2379
500 8848 310 2344
458 8023 315 2365
465 8219 315 2357
478 8140 329 2342
460 8061 306 2380
501 8895 307 2365
438 7663 315 2368
494 8687 320 2351
482 8755 306 2370
457 8077 320 2356
441 7676 299 2391
488 8709 321 2348
428 7542 307 2390
441 7720 315 2366
489 8047 330 2349
457 8161 307 2370
487 8817 307 2366
430 7361 321 2371
430 7497 307 2383
493 8481 321 2349
497 8578 311 2363
445 7956 321 2353
444 7666 307 2377
440 7846 307 2375
469 8188 307 2369
497 8590 307 2368
464 7940 320 2356
434 7487 300 2414
490 8759 320 2349
470 7923 306 2375
488 8532 321 2349
510 9150 321 2345
492 8585 330 2344
450 7659 336 2361
441 7697 299 2391
438 7542 300 2414
401 7063 317 2404
441 7426 334 2389
428 7734 310 2377
498 8741 320 2359
439 7959 324 2374
488 8461 327 2354
483 8503 322 2355
504 8854 316 2348
451 7748 331 2352
480 8471 306 2375
507 8982 310 2350
442 7561 315 2393
472 8038 306 2377
442 7713 313 2383
435 7767 321 2376
444 7726 312 2383
476 8157 318 2375
461 8028 321 2358
473 8166 315 2371
467 8426 307 2372
480 8303 315 2362
445 7595 319 2375
464 8217 307 2373
487 8822 307 2366
441 7625 309 2393
456 7971 321 2366
434 7715 307 2389
510 8908 307 2365
440 7736 307 2388
507 8979 307 2365
470 8293 307 2369
470 8293 307 2369
530 9269 316 2348
466 7770 300 2394
453 8079 332 2353
447 7844 300 2405
442 7716 306 2400
440 7885 315 2386
458 8064 300 2403
520 8983 331 2351
483 8584 329 2360
490 8397 306 2378
514 9140 307 2368
466 8342 310 2375
503 8763 323 2368
478 8095 306 2389
492 8556 319 2370
508 8667 321 2362
509 9236 311 2355
486 8605 312 2373
456 7981 311 2383
452 8210 314 2392
468 8165 307 2391
481 8348 324 2362
517 9179 307 2365
501 8859 313 2366
443 7780 315 2381
442 7823 317 2378
499 8496 324 2361
450 7884 311 2395
493 8406 331 2352
496 8841 313 2369
484 8453 321 2369
479 8027 331 2368
547 9401 331 2363
546 9515 324 2366
485 8287 335 2354
472 8449 306 2400
461 8066 307 2400
455 8027 324 2397
529 9318 317 2371
543 9117 313 2383
516 9159 307 2374
495 8736 307 2390
470 8359 321 2375
475 8167 307 2398
481 8604 324 2370
496 8551 321 2374
462 8088 312 2388
491 8565 314 2379
458 8124 315 2390
462 8128 315 2382
486 8311 315 2381
536 9156 317 2382
520 8971 307 2398
510 9013 334 2371
479 8303 316 2384
468 8336 310 2404
495 8629 315 2386
489 8761 324 2373
501 8859 321 2376
473 8365 316 2383
517 9285 324 2383
482 8385 316 2386
497 8681 323 2399
501 8747 305 2352
487 8351 308 2335
434 7488 299 2387
401 6724 322 2408
389 6844 335 2442
386 6958 317 2471
379 6794 329 2467
389 6844 335 2442
468 8441 305 2355
501 8747 305 2352
382 6787 329 2452
453 8057 313 2350
459 8366 311 2348
421 7067 322 2393
422 7740 319 2344
416 7667 300 2370
476 8131 308 2338
408 7154 324 2388
403 6884 306 2412
468 7932 307 2353
407 7308 299 2426
476 8322 307 2350
415 7126 308 2402
393 6909 307 2430
442 7850 319 2342
432 7982 300 2368
394 6858 299 2430
443 7820 319 2342
481 8218 307 2350
427 7794 299 2375
417 7367 316 2359
468 8079 309 2349
440 7577 308 2354
413 7261 310 2385
449 8155 299 2368
441 8099 300 2367
425 7347 304 2379
401 6724 322 2408
458 7952 299 2356
401 6763 320 2398
401 6763 320 2398
382 6787 329 2452
481 8218 307 2350
443 7664 299 2380
425 7959 304 2369
402 6811 307 2421
417 7278 302 2421
425 7533 318 2350
413 7447 302 2422
443 8148 305 2358
388 6918 317 2471
427 7794 299 2375
422 6990 307 2399
408 7154 324 2388
408 7193 316 2360
409 7399 305 2362
416 7414 306 2359
403 6878 312 2400
381 6792 329 2470
401 6724 322 2408
411 7146 305 2423
413 7261 310 2385
426 7447 299 2396
413 7447 302 2422
411 7146 305 2423
426 7447 299 2396
409 7399 305 2362
403 6983 318 2399
393 6909 307 2430
401 6789 312 2404
449 8155 299 2368
421 7612 316 2354
382 6787 329 2452
418 7241 299 2398
408 7193 316 2360
417 7367 316 2359
418 7241 299 2398
401 6789 312 2404
403 6983 324 2389
424 7341 308 2355
402 6811 307 2421
401 6789 312 2404
401 6763 320 2398
432 7982 300 2368
425 7959 304 2369
410 7146 322 2391
408 7154 324 2388
421 7612 316 2354
402 6811 307 2421
387 6941 322 2468
417 7278 302 2421
410 7146 322 2391
387 6941 322 2468
426 7560 317 2354
393 6909 307 2430
424 7341 308 2355
403 6878 312 2400
402 7252 317 2359
402 6811 307 2421
424 7341 308 2355
424 7341 308 2355
408 7193 316 2360
403 6983 324 2389
401 6789 312 2404
408 7154 324 2388
387 6925 317 2471
443 7664 299 2380
426 7560 317 2354
402 6770 312 2404
382 6787 329 2452
382 6787 329 2452
387 6925 317 2471
416 7414 306 2359
501 8747 305 2352
408 7154 324 2388
402 6811 307 2421
401 6763 320 2398
402 6770 312 2404
401 6789 312 2404
382 6787 329 2452
501 8747 305 2352
426 7447 299 2396
425 7959 304 2369
424 7341 308 2355
421 7612 316 2354
413 7261 310 2385
413 7261 310 2385
413 7261 310 2385
408 7193 316 2360
408 7193 316 2360
408 7154 324 2388
403 6983 324 2389
402 6811 307 2421
402 6811 307 2421
401 6789 312 2404
401 6789 312 2404
401 6789 312 2404
401 6763 320 2398
393 6909 307 2430
393 6909 307 2430
393 6909 307 2430
387 6925 317 2471
382 6787 329 2452
382 6787 329 2452
382 6787 329 2452
382 6787 329 2452
382 6787 329 2452
382 6787 329 2452
516 9204 299 2360
487 8351 308 2338
436 7512 299 2387
428 7555 339 2365
401 6772 320 2398
387 6931 317 2471
380 6801 329 2467
400 7032 335 2446
383 6799 329 2452
510 9087 304 2363
411 7143 324 2389
380 6801 329 2467
494 8608 299 2367
387 6943 322 2468
393 7044 307 2436
460 8115 313 2359
483 8403 307 2350
440 7523 304 2379
410 6922 312 2400
402 6821 307 2421
504 8807 305 2352
470 8099 309 2349
422 7308 300 2431
409 7399 305 2369
463 8032 299 2373
423 7647 302 2422
458 8047 316 2360
490 8795 304 2364
449 8334 305 2362
471 8080 308 2354
424 7270 299 2415
434 7916 319 2344
439 7794 319 2344
428 7833 306 2361
432 7683 299 2398
504 8807 305 2352
416 7390 308 2406
424 7688 300 2370
436 7512 299 2387
489 8314 313 2347
412 7185 307 2413
459 8284 301 2366
516 9204 299 2360
425 7600 324 2354
466 8517 300 2365
487 8351 308 2338
422 7059 312 2399
412 7185 307 2413
425 7631 319 2351
454 8267 316 2352
468 8507 305 2355
463 8256 316 2352
440 7523 304 2379
426 7084 304 2448
454 8263 299 2368
468 8507 305 2355
430 7396 305 2414
425 7631 319 2351
423 7647 302 2422
416 7390 308 2406
419 7111 307 2415
419 7111 307 2415
380 6801 329 2467
401 7085 299 2432
416 7390 308 2406
436 7512 299 2387
416 7390 308 2406
426 7084 304 2448
463 8256 316 2352
428 7804 316 2361
435 7570 299 2387
401 7085 299 2432
436 7512 299 2387
426 7084 304 2448
380 6801 329 2467
426 7084 304 2448
401 7085 299 2432
436 7512 299 2387
435 7570 299 2387
435 7570 299 2387
416 7390 308 2406
454 8267 316 2352
436 7512 299 2387
436 7512 299 2387
436 7512 299 2387
436 7512 299 2387
436 7512 299 2387
436 7512 299 2387
436 7512 299 2387
436 7512 299 2387
436 7512 299 2387
436 7512 299 2387
436 7512 299 2387
436 7512 299 2387
435 7570 299 2387
435 7570 299 2387
426 7084 304 2448
426 7084 304 2448
416 7390 308 2406
416 7390 308 2406
509 8890 305 2352
503 8825 299 2367
496 8531 308 2338
413 7108 335 2442
383 6806 329 2452
380 6817 329 2467
380 6812 329 2474
403 7178 317 2469
438 7991 319 2344
427 7560 323 2378
433 7443 331 2382
404 7119 299 2432
419 7079 313 2400
446 7430 307 2417
428 7666 328 2371
419 7107 304 2448
461 8058 318 2362
440 8099 300 2370
456 7857 299 2387
474 8561 305 2355
492 8506 312 2340
423 7476 305 2410
493 8655 309 2349
483 8423 307 2350
424 7298 312 2399
448 7771 307 2379
451 7852 304 2390
445 8305 309 2368
426 7564 315 2392
428 7656 306 2397
463 8259 316 2352
449 8026 310 2370
420 7468 309 2405
467 8476 299 2380
472 8213 316 2349
457 8038 315 2365
484 8629 300 2365
417 7594 309 2377
485 8478 304 2369
429 7584 312 2397
472 8645 299 2372
474 8123 309 2351
424 7578 307 2406
450 8002 304 2376
513 8848 308 2338
508 9189 302 2374
460 7946 299 2395
451 7802 331 2385
407 7273 320 2472
382 6836 329 2467
382 6836 329 2467
391 6917 329 2452
432 7494 312 2430
419 7138 325 2417
456 8170 316 2370
497 8664 305 2358
463 7941 304 2408
412 7160 314 2440
436 7656 299 2437
408 7171 327 2469
509 8898 305 2352
443 7747 323 2398
442 7770 305 2423
445 8054 309 2401
493 8798 319 2341
462 8517 307 2380
476 8352 312 2388
446 8071 319 2344
479 8373 318 2351
485 8807 302 2388
436 7662 324 2429
476 8477 313 2357
451 8031 319 2347
459 7786 307 2400
456 8009 309 2396
481 8323 318 2354
486 8322 312 2374
513 8848 308 2338
486 8881 302 2377
437 7974 329 2377
436 7763 329 2414
461 7907 329 2395
486 8458 307 2350
483 8467 307 2350
513 8912 308 2338
486 8941 307 2366
476 8081 348 2391
442 7766 299 2438
416 7319 317 2471
387 6876 329 2467
395 6953 329 2456
418 7462 335 2442
488 8523 307 2350
414 7397 318 2465
425 7512 317 2466
476 8093 304 2437
423 7318 331 2421
485 8415 323 2372
474 8629 319 2344
454 7888 307 2423
417 7493 328 2450
474 8341 302 2413
487 8793 313 2371
485 8696 307 2384
460 8170 316 2382
467 8406 326 2375
459 7993 331 2404
466 7927 313 2400
470 8328 329 2357
470 8571 309 2387
449 8147 334 2378
457 8110 332 2406
473 8192 308 2407
470 8783 318 2379
464 8128 307 2419
465 7865 307 2412
448 8149 329 2368
465 8247 307 2401
485 8555 324 2353
468 7913 324 2400
466 8609 309 2390
550 9843 303 2421
532 9609 316 2349
489 8428 344 2382
442 7771 299 2438
428 7454 317 2477
388 6934 329 2469
421 7512 322 2468
437 7632 336 2445
507 8577 320 2362
487 9045 321 2378
469 7916 307 2414
478 8255 340 2398
478 8274 309 2405
486 8358 305 2429
493 8987 307 2354
495 8676 307 2350
490 8592 321 2384
504 8594 317 2398
493 8428 307 2412
472 8342 342 2399
470 8551 316 2399
527 9193 308 2366
510 9343 307 2351
468 8104 304 2439
463 8090 333 2457
450 8078 330 2467
480 8478 328 2425
501 8977 313 2403
478 8577 328 2413
490 8585 316 2409
497 8730 322 2388
509 8802 313 2360
485 8486 324 2408
483 8533 319 2406
503 9160 310 2374
502 9082 312 2373
498 8695 316 2379
497 8761 330 2361
508 8746 311 2385
503 8743 316 2351
509 9190 307 2438
481 8517 312 2413
541 9676 315 2361
528 9354 307 2401
504 8770 316 2354
495 8558 322 2432
493 8562 322 2427
475 8667 316 2450
515 9379 313 2366
483 8865 320 2406
508 9041 314 2433
502 8840 315 2415
513 8898 314 2403
563 9820 308 2418
529 9482 313 2368
502 8709 322 2438
495 8884 338 2424
517 9483 313 2392
510 8823 318 2374
506 8866 320 2430
559 9903 320 2392
539 9595 322 2377
522 9299 318 2421
519 9137 322 2430
512 8842 331 2389
527 9397 321 2411
582 10181 324 2387
538 9400 316 2355
455 8200 338 2342
440 7872 354 2346
418 7572 307 2412
395 6969 315 2418
395 6969 315 2418
448 7642 341 2379
523 9130 316 2356
402 7233 324 2398
518 9195 315 2367
478 8615 317 2346
475 8449 321 2361
496 8920 316 2371
416 7550 335 2384
400 7193 307 2414
452 7795 338 2364
454 8034 327 2351
491 8893 308 2380
507 8718 314 2383
427 7611 332 2391
418 7592 329 2393
497 8646 307 2407
475 8305 327 2344
423 7722 308 2404
462 8350 319 2367
467 8325 313 2388
497 8768 314 2386
417 7337 314 2398
492 8751 313 2387
429 7493 308 2404
443 8034 308 2393
411 7205 321 2394
429 7493 308 2404
460 8236 323 2373
480 8201 321 2368
452 8020 311 2392
507 8718 314 2383
435 7896 326 2389
481 8437 326 2356
435 7748 320 2394
481 8437 326 2356
453 8030 327 2352
497 8838 315 2377
448 7991 307 2411
465 8201 315 2381
438 7920 331 2355
414 7319 316 2412
448 8175 311 2392
438 7920 331 2355
437 7562 315 2395
460 8155 319 2383
497 8838 315 2377
439 7810 320 2391
441 7731 320 2394
455 8200 338 2342
437 7804 322 2391
447 7784 323 2392
400 7193 307 2414
440 7942 313 2389
459 8181 338 2343
448 7908 321 2374
448 7908 321 2374
446 7946 323 2384
465 8012 315 2385
446 7951 323 2383
414 7319 316 2412
438 7898 332 2356
447 8165 316 2375
459 8181 338 2343
460 8155 319 2383
446 7951 323 2383
439 7810 320 2391
465 8012 315 2385
497 8768 314 2386
448 7991 307 2411
437 7562 315 2395
400 7193 307 2414
447 8165 316 2375
414 7319 316 2412
418 7572 307 2412
448 7991 307 2411
447 8165 316 2375
448 7908 321 2374
437 7562 315 2395
455 8200 338 2342
448 7991 307 2411
437 7562 315 2395
418 7572 307 2412
414 7319 316 2412
400 7193 307 2414
529 9200 316 2356
456 8211 338 2342
419 7435 307 2414
406 7011 315 2421
398 7207 356 2479
397 7167 338 2495
399 7198 356 2484
455 7836 338 2364
400 7107 315 2425
398 7207 356 2479
511 8968 314 2386
433 7788 329 2393
505 8748 324 2361
509 8949 320 2365
476 8626 316 2379
418 7586 335 2384
438 7911 337 2356
505 8880 323 2367
495 8961 319 2374
488 8481 323 2373
481 8756 308 2396
454 8090 331 2355
414 7490 312 2419
404 7245 324 2398
487 8655 321 2371
450 7984 332 2357
497 8556 323 2368
399 7198 356 2484
419 7435 307 2414
440 7812 328 2397
511 8858 319 2369
421 7643 316 2403
460 8458 316 2386
463 8370 332 2352
441 8019 336 2381
457 8203 338 2348
397 7167 338 2495
421 7643 316 2403
448 8071 321 2399
463 8339 326 2385
400 7107 315 2425
438 7556 308 2406
414 7490 312 2419
473 8322 327 2351
482 8536 327 2345
486 8589 324 2370
417 7382 314 2408
417 7382 314 2408
450 7832 322 2395
450 7961 323 2388
462 7902 338 2358
469 8283 327 2354
428 7552 318 2405
409 7298 315 2418
471 7852 326 2394
428 7552 318 2405
465 8045 338 2353
447 8244 309 2399
442 7544 315 2405
417 7324 307 2415
471 8365 327 2351
452 8025 311 2392
421 7643 316 2403
409 7298 315 2418
486 8589 324 2370
485 8637 323 2368
408 7074 315 2419
430 7584 309 2404
430 7584 309 2404
464 8181 319 2375
452 8011 327 2377
453 8300 320 2387
442 7544 315 2405
472 8609 321 2372
461 8126 319 2389
472 8278 318 2386
408 7074 315 2419
418 7586 335 2384
482 8536 327 2345
417 7324 307 2415
464 8207 338 2343
463 8028 315 2391
446 7983 324 2394
456 8275 308 2397
452 8025 311 2392
463 8033 327 2363
447 8142 315 2402
452 8011 327 2377
409 7298 315 2418
462 8185 327 2357
446 7983 324 2394
456 8237 320 2387
470 8280 315 2381
456 8275 308 2397
472 8562 326 2368
461 8126 319 2389
454 8023 323 2387
447 8059 327 2386
463 8153 338 2353
456 8237 320 2387
447 8244 309 2399
482 8536 327 2345
511 8858 319 2369
397 7167 338 2495
447 8142 315 2402
454 8023 323 2387
470 8280 315 2381
471 7852 326 2394
428 7552 318 2405
408 7074 315 2419
463 8153 338 2353
428 7552 318 2405
428 7552 318 2405
421 7643 316 2403
417 7382 314 2408
409 7298 315 2418
408 7074 315 2419
398 7207 356 2479
538 9362 316 2356
515 9521 307 2432
466 8303 338 2342
447 7911 338 2357
412 7417 324 2398
413 7488 321 2422
464 8454 309 2399
444 8066 329 2393
522 9309 308 2398
426 7446 314 2408
420 7626 335 2392
423 7448 318 2409
425 7695 335 2384
512 9054 313 2396
466 8076 338 2353
492 8801 327 2345
533 9171 317 2379
533 9171 317 2379
498 8265 328 2378
452 8020 331 2396
504 8880 324 2370
483 8447 327 2358
487 8710 330 2350
455 7944 333 2395
474 8275 332 2362
471 8588 321 2377
514 8912 319 2369
538 9362 316 2356
420 7626 335 2392
506 9003 315 2383
466 8348 325 2380
449 8069 320 2403
509 9043 323 2367
501 8557 324 2372
487 8710 330 2350
457 8071 332 2374
450 8152 334 2363
465 8246 338 2343
473 8380 315 2389
421 7462 314 2408
461 8390 338 2343
480 8272 331 2355
518 9082 321 2365
455 7944 333 2395
489 8667 319 2375
495 8950 322 2371
489 8667 319 2375
471 8324 323 2384
452 8126 327 2384
472 8345 313 2398
520 8940 326 2365
488 8376 330 2367
473 8380 315 2389
467 8417 323 2381
505 9046 315 2382
478 8444 327 2365
520 8940 326 2365
468 8161 332 2371
482 8787 308 2407
481 8402 324 2376
478 8560 308 2409
449 8069 320 2403
468 8440 320 2384
457 8301 315 2393
467 8534 322 2375
423 7448 318 2409
473 8334 322 2380
495 8950 322 2371
470 8318 332 2354
483 8336 323 2375
450 8152 334 2363
519 8774 315 2381
469 8543 319 2382
513 9080 323 2366
479 8276 331 2366
464 8284 330 2379
476 8365 315 2384
476 8070 330 2370
465 8411 333 2363
482 8787 308 2407
519 8774 315 2381
481 8402 324 2376
423 7448 318 2409
472 8546 321 2379
420 7471 314 2408
466 8303 338 2342
513 9080 323 2366
487 8710 330 2350
468 8161 332 2371
476 8070 330 2370
538 9362 316 2356
482 8787 308 2407
466 8303 338 2342
564 9816 316 2371
559 10149 316 2366
472 8744 309 2399
466 8307 338 2342
462 8192 357 2366
429 7544 315 2413
425 7670 314 2408
533 9292 323 2366
459 8212 343 2359
442 7894 335 2393
543 9662 321 2375
509 8988 315 2385
429 7671 324 2398
524 9517 315 2381
552 9517 323 2362
455 8210 329 2388
515 8845 327 2349
555 9702 326 2357
479 8510 311 2402
458 8404 318 2397
475 8355 337 2354
447 7958 338 2379
476 8711 332 2358
439 7991 335 2384
489 8891 319 2380
497 8849 327 2367
475 8182 338 2356
466 8157 343 2364
483 8562 311 2400
514 8918 327 2349
469 8331 315 2393
464 8078 342 2371
463 8234 337 2368
493 8631 327 2372
510 8572 330 2370
481 8724 322 2376
485 8603 331 2373
473 8491 328 2384
467 8330 318 2402
477 8583 322 2378
490 8570 331 2355
485 8476 315 2386
476 8516 330 2374
482 8569 335 2372
478 8510 323 2383
459 8212 343 2359
495 8572 323 2382
464 8078 342 2371
514 8918 327 2349
467 8515 326 2384
464 8078 342 2371
477 8620 315 2386
556 9597 323 2362
506 8959 315 2403
489 8823 315 2411
481 8595 338 2342
467 8414 349 2374
438 7843 320 2410
473 8284 340 2375
551 9482 323 2370
518 9172 327 2371
454 8016 324 2398
523 8960 331 2354
522 9397 332 2355
441 7934 324 2408
469 8511 338 2352
486 8546 326 2396
503 8946 332 2357
467 8419 335 2388
482 8467 317 2399
508 8636 330 2375
494 8997 320 2391
477 8449 338 2355
497 8604 319 2392
492 8621 328 2384
490 8813 322 2381
490 8922 315 2405
459 7947 328 2398
508 8519 316 2388
483 8582 328 2397
484 8650 322 2392
496 8666 323 2388
482 8694 323 2379
479 8730 322 2398
505 8691 320 2391
487 8667 327 2382
575 9616 322 2385
537 9732 315 2404
481 8577 338 2353
463 8268 348 2406
443 8050 320 2415
531 9402 332 2359
479 8650 343 2371
538 9282 326 2381
470 8448 346 2391
456 8124 322 2411
518 9120 336 2381
511 8751 331 2400
500 9016 319 2407
501 8942 330 2388
492 8803 326 2391
501 8608 337 2394
506 8940 324 2383
506 9062 323 2383
492 8589 324 2404
534 9641 326 2412
500 8658 338 2353
484 8674 341 2374
458 8256 338 2417
450 8063 339 2416
531 9474 334 2366
515 8958 328 2399
530 9138 336 2382
515 9126 331 2388
496 8984 330 2410
489 8821 338 2353
491 8724 338 2379
556 9609 331 2399
531 9805 335 2381
511 9165 338 2354
504 8698 368 2407
478 8302 365 2433
494 8701 354 2382
490 8949 339 2403
510 8883 338 2355
495 8903 339 2376
555 9714 338 2375
534 9213 338 2394
526 9035 340 2364
501 8996 340 2393
500 9008 339 2399
535 9648 340 2374
532 9265 343 2390
611 11214 343 2411
557 10014 347 2379
499 9030 303 2366
451 7912 366 2328
421 7513 299 2437
404 6689 323 2486
392 6747 333 2489
386 6807 307 2401
488 8843 304 2373
473 8598 304 2375
421 7513 299 2437
451 7912 366 2328
424 7322 350 2334
448 8275 299 2381
401 6970 309 2388
461 7740 299 2387
442 7351 326 2333
424 7300 342 2337
387 6773 307 2401
424 7322 350 2334
467 7935 309 2348
429 7248 337 2345
447 7960 322 2338
449 7980 299 2424
442 7923 302 2416
394 6869 307 2394
443 7613 313 2351
444 7836 302 2409
460 8139 340 2328
436 7493 340 2331
437 7598 325 2338
471 8226 299 2381
428 7524 299 2436
435 7831 299 2429
449 7744 325 2335
471 8095 316 2343
414 7056 319 2352
421 7289 326 2348
445 7704 317 2341
424 7300 342 2337
419 7345 315 2367
391 6923 307 2397
421 7129 305 2365
435 7831 299 2429
438 7382 315 2351
454 7854 304 2377
460 8057 299 2388
444 7836 302 2409
430 7432 334 2336
444 7396 319 2344
407 7229 309 2376
407 7229 309 2376
394 6724 333 2489
441 7908 307 2355
391 6923 307 2397
441 7439 311 2363
457 7625 304 2389
413 7140 318 2359
428 7663 302 2427
445 7432 307 2364
456 8073 303 2397
433 7310 334 2338
414 7359 311 2373
414 7056 319 2352
409 7251 307 2379
394 6869 307 2394
428 7663 302 2427
414 7359 311 2373
421 7129 305 2365
417 7252 307 2378
436 7579 319 2344
459 8269 299 2378
429 7417 315 2346
413 7140 318 2359
439 7694 307 2356
441 7439 311 2363
450 7842 334 2329
438 7542 315 2344
437 7192 319 2349
412 7239 319 2350
408 7329 307 2375
409 7176 307 2385
418 7457 305 2361
409 7176 307 2385
439 7694 307 2356
394 6724 333 2489
418 7457 305 2361
426 7685 309 2350
424 7322 350 2334
417 7405 304 2399
427 7313 315 2353
442 7435 319 2344
444 7323 326 2333
458 8125 316 2343
449 8124 304 2396
453 8118 304 2377
431 7471 325 2343
403 7143 307 2386
445 7704 317 2341
452 7521 311 2352
413 7256 307 2375
437 7487 340 2331
429 7417 315 2346
413 7344 317 2364
450 7973 304 2397
424 7471 316 2352
457 7625 304 2389
444 7844 325 2334
426 7685 309 2350
412 7239 319 2350
392 6747 333 2489
453 8069 304 2392
430 7374 334 2338
402 7183 307 2386
427 7313 315 2353
403 7143 307 2386
417 7405 304 2399
431 7471 325 2343
449 8124 304 2396
419 7345 315 2367
430 7374 334 2338
408 7329 307 2375
445 7432 307 2364
459 8234 299 2388
421 7129 305 2365
450 7973 304 2397
453 8069 304 2392
402 7183 307 2386
453 8069 304 2392
431 7471 325 2343
459 8234 299 2388
456 8073 303 2397
430 7432 334 2336
437 7192 319 2349
471 8095 316 2343
453 8118 304 2377
413 7344 317 2364
453 8069 304 2392
408 7329 307 2375
441 7908 307 2355
438 7542 315 2344
409 7251 307 2379
453 8118 304 2377
442 7435 319 2344
430 7432 334 2336
424 7322 350 2334
424 7300 342 2337
414 7056 319 2352
421 7129 305 2365
437 7290 334 2336
444 7396 319 2344
450 7973 304 2397
408 7329 307 2375
453 8069 304 2392
442 7435 319 2344
417 7252 307 2378
437 7290 334 2336
471 8095 316 2343
459 8234 299 2388
453 8118 304 2377
453 8069 304 2392
453 8069 304 2392
453 8069 304 2392
453 8069 304 2392
453 8069 304 2392
453 8069 304 2392
453 8069 304 2392
453 8069 304 2392
453 8069 304 2392
453 8069 304 2392
453 8069 304 2392
449 8124 304 2396
449 8124 304 2396
445 7432 307 2364
444 7836 302 2409
444 7396 319 2344
441 7439 311 2363
441 7439 311 2363
437 7192 319 2349
437 7192 319 2349
430 7432 334 2336
430 7432 334 2336
430 7432 334 2336
430 7432 334 2336
430 7432 334 2336
430 7432 334 2336
430 7432 334 2336
430 7432 334 2336
424 7471 316 2352
421 7513 299 2437
421 7513 299 2437
421 7129 305 2365
419 7345 315 2367
414 7359 311 2373
409 7251 307 2379
407 7229 309 2376
402 7183 307 2386
392 6747 333 2489
391 6923 307 2397
391 6923 307 2397
504 8935 304 2373
481 8441 299 2381
457 7913 366 2328
404 6700 323 2486
394 6735 333 2489
387 6844 307 2401
494 8548 309 2350
396 6784 323 2481
392 6786 333 2486
425 7558 299 2437
435 7235 305 2365
504 8935 304 2373
452 7931 350 2330
415 7261 316 2384
461 7985 299 2424
421 7560 315 2373
456 7958 366 2328
473 8189 358 2329
434 7771 302 2427
473 8189 358 2329
446 7496 326 2333
430 7455 307 2386
474 8317 317 2341
448 7663 325 2338
424 7309 319 2355
452 7931 350 2330
463 7540 316 2355
429 7639 307 2392
472 8336 310 2353
407 7002 309 2388
430 7074 319 2352
407 7002 309 2388
467 8255 319 2344
446 8068 299 2429
442 7895 317 2346
456 8147 302 2425
450 7548 310 2363
451 8010 322 2338
428 7355 350 2334
466 7857 299 2387
481 8441 299 2381
443 7764 315 2348
477 8521 312 2348
447 8014 299 2429
459 8240 299 2391
396 6784 323 2481
446 7496 326 2333
452 7603 311 2352
469 8473 299 2381
443 7616 313 2351
452 7880 325 2334
454 7989 304 2385
443 7616 313 2351
460 8040 299 2424
478 8476 312 2348
454 7989 304 2385
478 8476 312 2348
455 7906 350 2330
452 7931 350 2330
452 7931 350 2330
452 7906 317 2345
452 7931 350 2330
452 7931 350 2330
452 7931 350 2330
504 8935 304 2373
452 7931 350 2330
452 7931 350 2330
452 7931 350 2330
452 7931 350 2330
452 7931 350 2330
452 7931 350 2330
452 7931 350 2330
452 7931 350 2330
508 9015 304 2373
473 8598 299 2381
462 7973 366 2328
404 6704 323 2486
394 6774 333 2493
388 6854 307 2401
427 7592 299 2437
411 7126 309 2388
446 7496 344 2342
436 7302 321 2366
477 8389 302 2403
488 8288 303 2396
447 7538 336 2333
473 8000 301 2412
489 8509 358 2329
494 8542 299 2384
455 7866 326 2347
471 8187 350 2330
436 7639 358 2336
473 8598 299 2381
457 8180 299 2429
467 8236 350 2330
446 8028 305 2423
480 8574 307 2367
457 7984 366 2328
439 7627 314 2378
451 7573 316 2375
467 8099 311 2352
447 7600 319 2363
452 7707 315 2360
449 7752 313 2351
478 8487 312 2348
455 7861 334 2339
460 8254 306 2386
437 7812 307 2382
448 7970 307 2378
465 8247 322 2338
459 7854 320 2349
451 8049 311 2370
478 8502 310 2361
464 8065 325 2334
460 7887 311 2359
469 7985 305 2384
453 7896 311 2377
473 8598 299 2381
447 7522 307 2397
457 7899 325 2335
464 7855 325 2342
451 7744 320 2352
457 7899 325 2335
473 8598 299 2381
473 8598 299 2381
506 8637 310 2367
490 8938 299 2381
468 8261 366 2328
459 8026 366 2333
404 6721 323 2486
391 7019 307 2401
474 8209 358 2331
435 7822 299 2437
394 6965 307 2401
443 7656 299 2437
417 7301 309 2394
476 8022 334 2338
505 8860 326 2334
423 7286 322 2396
442 7658 330 2371
487 8427 317 2351
484 8623 304 2382
454 8132 322 2376
458 7866 317 2358
461 8059 334 2344
454 8171 314 2379
454 8268 314 2364
477 8415 312 2356
445 8003 311 2385
486 8598 299 2384
482 8674 299 2382
470 8251 322 2348
463 7977 312 2368
464 8061 325 2335
466 8160 307 2386
462 7856 323 2351
480 8141 315 2355
458 8118 326 2337
459 8230 311 2379
480 8656 311 2355
478 8632 299 2385
514 9026 318 2358
511 9110 313 2381
493 8692 366 2328
491 8662 299 2390
436 7210 323 2489
413 6820 349 2487
406 6980 333 2489
415 7318 307 2401
414 7500 313 2440
409 7036 333 2479
498 8602 362 2334
490 8797 299 2424
454 7786 324 2397
476 8401 366 2333
511 8595 320 2354
465 7746 330 2378
504 8839 320 2355
460 7901 327 2370
484 8744 299 2426
474 8261 314 2378
472 8113 326 2336
458 8080 317 2365
468 8175 315 2387
482 8022 315 2379
466 7977 317 2393
467 7942 326 2358
469 8133 325 2335
491 8119 325 2335
513 9070 315 2390
496 8957 299 2421
477 8269 358 2336
444 7500 323 2486
412 7038 333 2483
505 8710 354 2344
423 7566 311 2447
440 7848 307 2412
473 8091 344 2378
433 7730 312 2428
471 7972 328 2400
497 8645 325 2346
488 8300 318 2366
428 7677 311 2443
460 8106 326 2374
461 8120 317 2409
460 8175 319 2365
476 8225 326 2350
481 8269 316 2380
472 8027 328 2394
485 8085 318 2394
502 8600 321 2412
491 8643 307 2447
488 8810 322 2379
476 8333 342 2350
442 7717 365 2443
412 7061 333 2494
415 7187 333 2489
459 7964 326 2433
467 8237 338 2394
494 8789 318 2376
475 8190 328 2380
479 8493 322 2456
479 8404 336 2356
482 8293 326 2370
490 8644 320 2380
476 8548 327 2374
514 8943 338 2373
509 9136 319 2387
419 7231 333 2489
480 8330 337 2426
500 9047 321 2407
490 8490 326 2396
507 8548 330 2395
508 8695 324 2385
539 9507 324 2392
443 7517 333 2489
490 8674 331 2413
552 9495 349 2474
483 8122 312 2372
470 8284 312 2372
470 8284 312 2372
453 8005 299 2418
422 7741 356 2470
392 7057 314 2539
481 8267 299 2409
445 7647 303 2398
436 7913 299 2457
418 7419 313 2493
434 7924 341 2476
404 7235 311 2522
434 7785 330 2481
392 7057 314 2539
437 7862 300 2394
404 7310 305 2533
418 7478 325 2487
466 8070 315 2378
472 8029 327 2379
473 8006 327 2384
413 7327 311 2511
462 8231 300 2384
433 7573 317 2482
449 8187 303 2393
458 8061 311 2384
422 7741 356 2470
404 7084 311 2526
424 7485 317 2488
418 7600 307 2525
460 8125 312 2376
419 7340 317 2493
434 7924 341 2476
426 7858 356 2469
436 7605 322 2478
436 7913 299 2457
433 7573 317 2482
404 7310 305 2533
422 7771 351 2470
422 7771 351 2470
425 7813 346 2471
425 7813 346 2471
457 8160 303 2391
434 7785 330 2481
450 8009 299 2418
457 8160 303 2391
453 8005 299 2418
408 7397 311 2516
408 7397 311 2516
447 7950 315 2392
449 7874 305 2388
449 7874 305 2388
413 7327 311 2511
431 7700 309 2493
431 7700 309 2493
436 7621 305 2394
470 8284 312 2372
436 7605 322 2478
419 7340 317 2493
427 7770 309 2523
409 7433 311 2514
453 8005 299 2418
409 7327 315 2511
428 7773 309 2519
447 7950 315 2392
427 7770 309 2523
425 7813 346 2471
434 7785 330 2481
409 7327 315 2511
404 7310 305 2533
434 7924 341 2476
428 7773 309 2519
436 7605 322 2478
392 7066 311 2527
436 7621 305 2394
422 7741 356 2470
422 7741 356 2470
427 7765 356 2457
425 7813 346 2471
409 7433 311 2514
425 7813 346 2471
426 7858 356 2469
409 7433 311 2514
424 7485 317 2488
404 7084 311 2526
392 7066 311 2527
433 7573 317 2482
426 7858 356 2469
425 7813 346 2471
409 7433 311 2514
409 7327 315 2511
392 7066 311 2527
425 7813 346 2471
424 7485 317 2488
422 7741 356 2470
404 7084 311 2526
392 7066 311 2527
427 7765 356 2457
470 8284 312 2372
436 7605 322 2478
436 7605 322 2478
434 7924 341 2476
434 7924 341 2476
434 7924 341 2476
434 7924 341 2476
434 7785 330 2481
431 7700 309 2493
425 7813 346 2471
425 7813 346 2471
425 7813 346 2471
425 7813 346 2471
425 7813 346 2471
425 7813 346 2471
425 7813 346 2471
425 7813 346 2471
425 7813 346 2471
425 7813 346 2471
422 7771 351 2470
422 7771 351 2470
422 7741 356 2470
422 7741 356 2470
422 7741 356 2470
422 7741 356 2470
422 7741 356 2470
422 7741 356 2470
422 7741 356 2470
422 7741 356 2470
422 7741 356 2470
422 7741 356 2470
413 7327 311 2511
413 7327 311 2511
409 7433 311 2514
404 7310 305 2533
404 7310 305 2533
404 7310 305 2533
404 7310 305 2533
404 7084 311 2526
392 7066 311 2527
392 7066 311 2527
392 7066 311 2527
392 7066 311 2527
483 8124 312 2372
481 8343 299 2409
470 8286 312 2372
426 7896 356 2469
408 7314 305 2539
392 7068 311 2527
392 7068 311 2527
404 7138 311 2526
432 7969 346 2476
473 8271 324 2381
450 8033 306 2421
476 8015 327 2386
445 7869 332 2413
438 7825 325 2441
455 7993 307 2403
392 7068 311 2527
421 7462 314 2497
418 7344 311 2511
412 7392 321 2518
446 7892 340 2402
462 8312 300 2384
458 8180 303 2391
435 7607 309 2525
428 7862 356 2469
438 7825 325 2441
481 8343 299 2409
436 7756 320 2482
446 7892 340 2402
443 7807 309 2493
429 7678 309 2525
422 7793 351 2472
443 7773 317 2472
469 8290 319 2381
439 7794 330 2481
436 7984 299 2457
448 7934 316 2395
453 8136 306 2389
425 7491 317 2488
422 7793 351 2472
418 7344 311 2511
444 7887 305 2532
450 8093 299 2418
421 7462 314 2497
447 7958 315 2392
435 7607 309 2525
458 8180 303 2391
411 7427 311 2524
432 7883 356 2465
470 8284 322 2382
467 8166 316 2386
445 7869 332 2413
465 8118 316 2387
439 7794 330 2481
413 7327 311 2519
463 7863 321 2458
459 8115 348 2388
411 7427 311 2524
470 8111 303 2398
460 8139 316 2388
448 7852 324 2401
446 7697 320 2467
425 7491 317 2488
446 7697 320 2467
405 7339 305 2536
413 7327 311 2519
459 8115 348 2388
405 7339 305 2536
450 8093 299 2418
437 7900 303 2459
449 7896 311 2393
437 7900 303 2459
446 7840 317 2465
462 7960 303 2401
425 7491 317 2488
425 7491 317 2488
436 7984 299 2457
446 7840 317 2465
437 7845 330 2481
459 8115 348 2388
446 7892 340 2402
437 7900 303 2459
437 7900 303 2459
437 7900 303 2459
437 7900 303 2459
421 7462 314 2497
490 8171 312 2372
485 8401 299 2409
470 8287 312 2372
429 7897 356 2469
392 7071 314 2539
428 7581 320 2515
442 8056 346 2475
487 8278 327 2379
395 7154 311 2527
404 7098 311 2527
447 8018 356 2449
474 8146 303 2398
452 8068 315 2439
466 8265 299 2418
470 8097 301 2453
437 7908 307 2520
469 8064 322 2408
433 7600 317 2491
430 7873 356 2469
483 8124 322 2382
454 8073 312 2395
471 8297 307 2390
463 8141 305 2409
439 7746 316 2497
452 7624 315 2508
458 7939 314 2488
451 7829 317 2481
443 7774 317 2482
466 8375 303 2410
457 8049 316 2471
466 8204 319 2387
467 8359 300 2384
464 8228 319 2388
442 7931 314 2504
466 8334 319 2384
439 7746 316 2497
439 7924 311 2516
443 7942 314 2480
443 7942 314 2480
452 7624 315 2508
485 8401 299 2409
483 8130 312 2382
483 8130 312 2382
493 8584 299 2409
471 8148 322 2426
470 8292 312 2372
394 7093 314 2539
471 8320 302 2440
448 7869 317 2482
410 7269 311 2530
444 7975 317 2499
406 7343 311 2527
471 8370 300 2384
463 8468 309 2528
453 8122 316 2480
491 8223 314 2401
456 8180 314 2414
470 8116 309 2493
465 8242 309 2519
446 7907 317 2482
519 8902 299 2412
470 8294 312 2372
457 8330 338 2465
402 7251 314 2545
409 7436 311 2527
451 8124 328 2488
454 8096 317 2482
496 8408 304 2399
486 8511 300 2384
483 8422 306 2509
460 8378 314 2425
476 8220 327 2445
456 8317 322 2477
466 8351 315 2438
488 8268 316 2497
480 8489 307 2388
473 8228 324 2480
458 8328 315 2449
489 8293 312 2385
480 8489 307 2388
488 8279 323 2481
480 8489 307 2388
556 9414 311 2389
544 9809 303 2385
496 8583 300 2399
474 8161 330 2502
473 8343 312 2372
420 7572 314 2536
460 8273 326 2490
486 8579 309 2428
439 8004 313 2532
494 8785 307 2403
426 7734 321 2534
433 7774 315 2535
494 8652 308 2415
471 8357 312 2372
494 8321 312 2382
473 8343 312 2372
515 8789 303 2406
505 8798 300 2399
499 8999 304 2442
499 8354 312 2372
485 8390 327 2378
473 8396 312 2372
495 8360 312 2382
527 9228 302 2426
520 9590 302 2426
492 8400 334 2451
483 8543 312 2372
478 8619 348 2435
475 8415 316 2491
473 8465 346 2465
512 9031 307 2399
503 9004 308 2442
477 8887 324 2423
498 8489 322 2424
480 8408 324 2411
483 8543 312 2372
489 8519 315 2410
491 8504 314 2481
477 8517 324 2478
481 8556 323 2479
482 8538 315 2431
483 8543 312 2372
563 9955 308 2402
544 9690 307 2483
518 9198 321 2391
495 8476 326 2484
482 8601 326 2517
480 8699 327 2484
476 8789 321 2509
503 9232 312 2492
495 8564 325 2440
484 8933 316 2415
517 9013 309 2480
497 8843 321 2400
492 8661 315 2468
485 8671 313 2423
516 8921 314 2401
501 8534 325 2472
495 8897 315 2392
493 8594 326 2471
585 10242 312 2459
574 10297 313 2424
564 9910 307 2508
540 9002 315 2400
492 8697 340 2436
487 8861 313 2541
486 8841 342 2471
534 9436 331 2416
493 8763 319 2472
491 8875 340 2453
521 9158 321 2442
505 9082 324 2432
533 9359 314 2435
507 9109 313 2447
519 9429 340 2422
503 8702 315 2449
492 8825 322 2465
546 9114 315 2400
534 9588 321 2462
525 9131 356 2447
505 8789 333 2524
503 8816 315 2483
493 8968 326 2472
515 8937 340 2465
516 9422 317 2482
499 8826 322 2483
516 9280 326 2435
527 9310 322 2452
504 8911 335 2473
508 9176 321 2463
506 9073 321 2466
506 9262 333 2458
571 9781 343 2419
549 9539 361 2408
547 10065 323 2413
524 8905 317 2533
509 8821 321 2516
505 9010 315 2532
566 10049 322 2459
547 9858 329 2420
534 9494 338 2464
533 9676 326 2438
527 9438 318 2483
512 9278 331 2467
539 9733 321 2472
531 9345 325 2468
532 9748 342 2445
518 9037 316 2512
526 9038 317 2496
518 9282 340 2461
511 9178 321 2473
506 9253 326 2478
518 9202 319 2498
548 9963 330 2419
508 9200 323 2516
598 10424 326 2451
589 10501 331 2413
534 9535 354 2471
531 9088 321 2520
523 9436 351 2484
577 10059 324 2479
559 9908 322 2503
528 9470 334 2478
547 9793 330 2458
524 9252 329 2508
549 9631 328 2478
529 9562 330 2485
596 10905 351 2467
574 10286 359 2472
