5007 123.938
480 8657 355 2222
442 7572 434 2212
437 7546 434 2215
375 6668 299 2286
349 5860 307 2332
345 6177 300 2354
342 5863 307 2324
470 8425 339 2234
480 8657 355 2222
464 8339 398 2216
442 8029 339 2237
345 6223 300 2347
445 7647 424 2213
409 7002 307 2272
394 6801 328 2254
464 8350 388 2217
413 7314 392 2222
459 8010 326 2251
423 7260 392 2218
349 5882 307 2322
443 7352 418 2216
401 7109 370 2225
432 7722 375 2219
408 7243 360 2226
428 7516 408 2216
444 7962 354 2223
427 7660 333 2244
345 6225 299 2339
400 7051 359 2234
404 7080 354 2232
454 7885 404 2215
435 7467 398 2217
445 7647 414 2214
428 7557 424 2214
457 7948 327 2249
344 5907 307 2315
378 6576 348 2246
416 7331 376 2224
405 7165 380 2224
437 7808 364 2222
398 7092 370 2228
429 7744 408 2215
448 7594 414 2214
408 7158 380 2224
421 7385 366 2220
357 6063 311 2296
436 7576 337 2243
345 6223 306 2337
439 7565 388 2218
417 7401 402 2221
451 7855 320 2258
383 6704 320 2264
414 7177 318 2263
401 7076 345 2233
447 7433 418 2215
415 7219 396 2223
419 7264 316 2261
362 6174 302 2290
351 6112 303 2301
347 5902 307 2314
345 6225 300 2330
342 5863 307 2324
444 7618 418 2215
456 8026 331 2244
415 7196 346 2229
421 7385 366 2220
399 7097 345 2237
373 6431 317 2273
453 7663 320 2260
440 7675 382 2218
430 7701 342 2240
386 6686 318 2265
441 7861 332 2242
362 6049 307 2299
418 7495 382 2223
384 6579 334 2248
398 6784 318 2264
360 6255 314 2290
380 6595 329 2253
451 7630 328 2250
349 5860 307 2332
418 7475 386 2223
417 7401 402 2221
364 6461 304 2283
390 6762 338 2243
431 7640 340 2235
418 7278 331 2247
377 6564 304 2280
438 7792 364 2222
438 7688 348 2228
350 6077 307 2303
432 7884 338 2238
408 7214 315 2264
376 6584 343 2251
394 6801 328 2254
382 6600 315 2269
369 6391 325 2268
345 6224 306 2328
381 6619 338 2247
363 6202 301 2291
383 6749 300 2277
389 6799 307 2273
386 6679 327 2255
416 7266 360 2225
358 6209 300 2293
373 6513 323 2256
417 7372 332 2247
364 6351 318 2273
388 6698 316 2266
442 7556 326 2253
364 6042 311 2289
363 6038 303 2305
441 7533 334 2243
418 7475 386 2223
357 6302 308 2280
409 7002 307 2272
354 5916 299 2311
369 6391 325 2268
372 6383 310 2275
451 7765 346 2227
354 5916 299 2311
431 7640 340 2235
437 7772 334 2241
368 6180 309 2282
415 7219 396 2223
430 7723 342 2229
375 6103 299 2288
351 5970 299 2308
352 5930 307 2302
344 5907 307 2315
366 6002 299 2304
371 6515 322 2260
378 6582 343 2254
454 7885 404 2215
358 6183 302 2296
379 6584 310 2272
381 6619 338 2247
376 6661 299 2286
432 7722 375 2219
369 6331 328 2266
442 7594 321 2259
364 6245 307 2289
437 7610 338 2239
440 7728 347 2226
437 7797 359 2227
373 6476 323 2257
448 7955 334 2240
368 5984 299 2295
355 6054 299 2306
345 6223 306 2337
439 7675 321 2260
390 6762 338 2243
370 6500 323 2259
372 6383 310 2275
355 6268 317 2292
354 6004 306 2301
382 6531 299 2285
357 6265 314 2277
344 5945 307 2314
368 5984 299 2295
384 6776 310 2270
356 6277 317 2287
350 6013 299 2310
368 6331 325 2269
373 6476 323 2257
370 6484 323 2267
354 6073 299 2306
377 6549 311 2270
376 6661 299 2286
348 6031 299 2308
347 5937 307 2305
345 5932 310 2304
360 6230 317 2284
364 6232 310 2276
388 6698 316 2266
386 6587 300 2279
378 6568 348 2248
351 5939 299 2309
440 7728 347 2226
363 6202 301 2291
359 6237 317 2284
356 6000 307 2300
400 6774 328 2254
360 6231 325 2272
383 6513 303 2276
356 6000 307 2300
358 6209 300 2293
358 6014 299 2307
345 6224 306 2328
429 7491 408 2216
359 6097 303 2302
381 6542 304 2280
418 7196 338 2241
364 6295 325 2271
356 6277 317 2287
368 6447 322 2270
348 6031 299 2308
370 6484 323 2267
382 6531 299 2285
367 6459 318 2269
385 6562 338 2249
369 6109 299 2290
373 6593 304 2275
382 6553 299 2282
357 6254 317 2281
431 7612 307 2270
384 6685 329 2251
357 6302 308 2280
359 6237 317 2284
366 6069 300 2284
364 6295 325 2271
359 6097 303 2302
375 6103 299 2288
368 6574 323 2256
356 6066 299 2303
373 6597 300 2278
368 5995 299 2292
362 6049 307 2299
359 6207 314 2292
378 6568 348 2248
381 6552 339 2249
359 6207 314 2292
386 6587 300 2279
378 6582 343 2254
357 6266 322 2275
385 6562 338 2249
380 6595 329 2253
368 6574 323 2256
367 6459 318 2269
352 5930 307 2302
378 6576 348 2246
351 5939 299 2309
371 6553 317 2274
372 6577 316 2274
381 6552 339 2249
372 6577 316 2274
358 6014 299 2307
357 6254 317 2281
350 6013 299 2310
364 6351 318 2273
381 6587 331 2250
372 6577 316 2274
356 6225 322 2278
350 6015 299 2308
378 6516 317 2270
370 6500 323 2259
351 5970 299 2308
347 5925 299 2311
400 6774 328 2254
368 6447 322 2270
368 5995 299 2292
360 6255 314 2290
384 6579 334 2248
377 6549 311 2270
372 6577 316 2274
378 6576 348 2246
412 6984 310 2277
389 6632 348 2246
384 6527 299 2300
381 6443 303 2303
359 6252 317 2284
389 6747 311 2274
383 6695 331 2258
379 6610 343 2251
366 6401 322 2279
362 6351 338 2277
363 6368 322 2283
382 6613 315 2269
382 6613 315 2269
382 6613 315 2269
382 6613 315 2269
382 6613 315 2269
382 6613 315 2269
382 6613 315 2269
382 6613 315 2269
418 7060 331 2262
390 6653 299 2300
381 6639 308 2314
362 6375 338 2286
395 6711 315 2278
390 6780 311 2274
383 6608 322 2294
378 6669 317 2287
385 6694 328 2274
385 6672 302 2305
390 6643 302 2305
412 7046 306 2309
406 7075 302 2305
398 6922 299 2315
395 6873 328 2277
395 6867 338 2294
387 6702 313 2307
386 6732 302 2311
398 6929 317 2287
399 6791 322 2279
397 6808 322 2284
389 6707 302 2311
445 7693 301 2384
409 7312 322 2279
396 7029 338 2282
388 6755 314 2325
393 6832 308 2322
420 7133 302 2305
400 7100 321 2288
403 7150 330 2281
407 7102 313 2307
404 7181 322 2280
407 7158 302 2305
424 7163 338 2303
413 7257 338 2282
413 7144 314 2310
412 7321 322 2279
409 7201 302 2305
408 7209 325 2284
410 7270 323 2296
429 7476 302 2305
426 7231 312 2397
415 7347 302 2313
415 7258 338 2283
412 7349 322 2279
421 7381 302 2306
414 7250 308 2316
413 7301 334 2303
474 7998 331 2281
440 7633 306 2308
420 7288 345 2297
419 7354 311 2316
447 7524 314 2310
434 7677 338 2282
420 7399 329 2291
422 7378 334 2306
434 7445 310 2311
500 9007 310 2311
474 8197 306 2317
470 7979 339 2283
455 8014 339 2294
432 7605 312 2395
431 7431 315 2325
422 7585 330 2298
429 7449 315 2335
427 7494 327 2325
459 7900 312 2391
460 7943 339 2284
445 7827 313 2321
451 7685 314 2311
444 7641 312 2393
447 7933 314 2311
449 7638 312 2393
516 9200 368 2292
436 7622 312 2395
509 9143 368 2294
481 8258 312 2356
444 7733 327 2344
457 7857 312 2393
457 7855 314 2315
446 7847 313 2329
532 9625 386 2299
444 7661 312 2395
506 8716 312 2384
458 7874 312 2393
550 9954 386 2310
458 7874 312 2396
452 7896 312 2403
457 8066 312 2397
483 8010 312 2393
464 8036 312 2393
459 7916 312 2394
514 8380 312 2393
483 8010 312 2396
469 8008 325 2421
461 7916 328 2403
476 8084 322 2408
491 8254 325 2393
466 8040 312 2413
475 8210 325 2406
512 8702 312 2403
510 8818 312 2399
505 8383 325 2398
483 8170 312 2405
480 8411 323 2410
531 9167 318 2399
529 9217 320 2401
491 8544 312 2405
486 8357 325 2424
511 8873 312 2402
500 8527 323 2410
545 9455 318 2399
513 8919 312 2402
499 8681 330 2419
526 8794 323 2409
506 8765 323 2410
509 8778 327 2409
518 9130 312 2402
518 8998 312 2403
517 9098 312 2403
525 9154 312 2402
520 9251 312 2402
518 9022 327 2412
523 9074 314 2411
536 9284 327 2412
532 9317 312 2402
531 9085 316 2419
534 9230 317 2417
554 9500 312 2415
553 9828 312 2402
552 9454 312 2429
549 9465 317 2412
545 9209 316 2425
547 9283 317 2422
562 9641 316 2425
554 9541 317 2412
563 9606 320 2421
