79 2.2664
400 7297 352 2654
400 7297 352 2654
417 7451 336 2610
523 9558 392 2452
419 7369 355 2611
412 7343 350 2616
466 8204 363 2484
419 7442 350 2600
410 7329 354 2618
411 7332 350 2616
438 7628 375 2566
413 7365 350 2616
454 8060 363 2505
418 7400 372 2592
411 7332 350 2616
412 7343 350 2616
410 7461 372 2593
417 7510 340 2594
412 7468 372 2589
416 7322 354 2630
470 8318 354 2505
425 7555 356 2587
437 7715 382 2545
419 7437 372 2602
410 7336 347 2653
415 7390 365 2606
410 7336 347 2653
413 7359 372 2594
438 7636 375 2564
435 7692 375 2566
451 7843 366 2517
403 7306 347 2653
413 7359 372 2594
413 7464 339 2593
412 7370 356 2615
415 7307 360 2629
451 7851 366 2517
438 7636 375 2563
418 7400 372 2592
410 7325 370 2645
451 7852 366 2517
420 7396 355 2611
451 7843 366 2517
418 7400 372 2592
409 7332 363 2663
438 7636 375 2563
451 7851 366 2517
411 7332 350 2616
410 7468 372 2593
406 7468 342 2636
423 7368 349 2614
422 7546 340 2585
413 7464 339 2593
408 7358 352 2650
412 7370 356 2615
415 7329 354 2631
417 7524 340 2581
413 7464 339 2593
438 7624 375 2563
417 7546 340 2581
438 7744 382 2545
419 7437 372 2602
422 7550 356 2591
416 7322 354 2630
411 7332 350 2616
416 7366 365 2606
451 7851 366 2517
438 7762 382 2542
410 7340 365 2625
409 7314 365 2627
422 7546 340 2585
416 7322 354 2630
454 8060 363 2505
410 7468 372 2593
403 7303 347 2653
419 7437 372 2602
454 8060 363 2505
412 7370 356 2615
438 7636 375 2563
409 7347 350 2616
417 7451 336 2610
422 7546 340 2585
463 7909 366 2511
436 7710 375 2560
422 7550 356 2591
418 7400 372 2592
422 7546 340 2585
412 7343 350 2616
416 7366 365 2606
412 7343 350 2616
438 7762 382 2542
440 7790 368 2572
419 7437 372 2602
416 7366 365 2606
417 7510 340 2594
403 7303 347 2653
438 7626 375 2566
451 7851 366 2517
416 7322 360 2621
403 7303 347 2653
437 7715 382 2545
416 7366 365 2606
438 7628 375 2566
417 7417 372 2602
416 7329 354 2645
422 7546 340 2585
438 7744 382 2545
403 7303 347 2653
410 7468 372 2593
411 7332 350 2616
417 7417 372 2602
410 7336 347 2653
410 7468 372 2593
418 7400 372 2592
430 7455 352 2602
416 7340 365 2606
416 7383 361 2614
415 7390 365 2606
438 7762 382 2542
410 7340 365 2625
454 8060 363 2505
438 7636 375 2564
415 7394 365 2611
419 7322 360 2621
400 7297 352 2654
415 7307 360 2629
437 7715 382 2545
409 7443 342 2642
412 7343 350 2616
415 7394 365 2611
422 7546 340 2585
419 7322 360 2621
438 7626 375 2566
440 7823 382 2545
403 7303 347 2653
422 7550 356 2591
437 7596 375 2563
438 7624 375 2563
417 7546 340 2581
412 7343 350 2616
438 7628 375 2566
434 7676 382 2545
437 7715 382 2545
410 7340 354 2618
417 7510 340 2594
417 7546 340 2581
438 7650 375 2566
416 7340 365 2606
416 7340 365 2606
410 7329 354 2618
425 7555 340 2581
410 7329 354 2618
402 7337 351 2663
415 7390 365 2606
422 7546 340 2585
416 7329 354 2645
471 8601 379 2483
437 7596 375 2563
420 7396 355 2611
403 7306 347 2653
437 7715 382 2545
410 7336 347 2653
422 7546 340 2585
420 7396 355 2611
416 7322 360 2621
486 8416 360 2494
451 7843 366 2517
409 7347 350 2616
417 7524 340 2581
413 7464 339 2593
416 7383 361 2614
423 7368 349 2614
438 7628 375 2566
436 7710 375 2560
400 7322 347 2653
415 7307 349 2620
430 7455 352 2602
438 7636 375 2564
410 7461 372 2593
410 7461 372 2593
467 8195 363 2484
425 7555 340 2581
438 7762 382 2542
409 7314 365 2627
409 7347 350 2616
410 7340 354 2618
459 8274 363 2489
418 7400 372 2592
400 7297 352 2654
416 7322 354 2630
437 7596 375 2563
403 7303 347 2653
437 7715 382 2545
438 7762 382 2542
400 7297 352 2654
438 7641 375 2566
410 7461 372 2593
410 7461 372 2593
416 7373 349 2607
415 7307 360 2629
