286 0.460702
577 10064 345 2634
477 8638 354 2635
570 10486 341 2593
551 10128 345 2648
577 10064 345 2634
570 10486 341 2593
570 10486 341 2593
509 9063 348 2627
502 9413 350 2640
509 9063 348 2627
551 10128 345 2648
509 9063 348 2627
502 9413 350 2640
477 8638 354 2635
551 10128 345 2648
476 8731 363 2614
532 9598 350 2606
532 9598 350 2606
509 9063 348 2627
476 8731 363 2614
570 10486 341 2593
476 8731 363 2614
551 10128 345 2648
532 9598 350 2606
476 8731 363 2614
532 9598 350 2606
509 9063 348 2627
532 9598 350 2606
502 9413 350 2640
476 8731 363 2614
532 9598 350 2606
502 9413 350 2640
551 10128 345 2648
551 10128 345 2648
476 8731 363 2614
532 9598 350 2606
476 8731 363 2614
476 8731 363 2614
477 8638 354 2635
476 8731 363 2614
532 9598 350 2606
509 9063 348 2627
476 8731 363 2614
551 10128 345 2648
532 9598 350 2606
477 8638 354 2635
476 8731 363 2614
476 8731 363 2614
551 10128 345 2648
509 9063 348 2627
570 10486 341 2593
551 10128 345 2648
502 9413 350 2640
532 9598 350 2606
532 9598 350 2606
502 9413 350 2640
477 8638 354 2635
532 9598 350 2606
551 10128 345 2648
476 8731 363 2614
532 9598 350 2606
502 9413 350 2640
476 8731 363 2614
476 8731 363 2614
476 8731 363 2614
483 9133 352 2600
551 10128 345 2648
509 9063 348 2627
570 10486 341 2593
551 10128 345 2648
532 9598 350 2606
502 9413 350 2640
476 8731 363 2614
502 9413 350 2640
532 9598 350 2606
532 9598 350 2606
509 9063 348 2627
476 8731 363 2614
532 9598 350 2606
476 8731 363 2614
551 10128 345 2648
532 9598 350 2606
476 8731 363 2614
532 9598 350 2606
502 9413 350 2640
551 10128 345 2648
551 10128 345 2648
532 9598 350 2606
476 8731 363 2614
476 8731 363 2614
509 9063 348 2627
477 8638 354 2635
551 10128 345 2648
551 10128 345 2648
532 9598 350 2606
532 9598 350 2606
551 10128 345 2648
476 8731 363 2614
532 9598 350 2606
502 9413 350 2640
476 8731 363 2614
483 9133 352 2600
551 10128 345 2648
509 9063 348 2627
570 10486 341 2593
476 8731 363 2614
509 9063 348 2627
532 9598 350 2606
551 10128 345 2648
532 9598 350 2606
476 8731 363 2614
532 9598 350 2606
476 8731 363 2614
476 8731 363 2614
477 8638 354 2635
551 10128 345 2648
551 10128 345 2648
532 9598 350 2606
532 9598 350 2606
551 10128 345 2648
476 8731 363 2614
532 9598 350 2606
502 9413 350 2640
476 8731 363 2614
483 9133 352 2600
551 10128 345 2648
509 9063 348 2627
506 9234 350 2629
