2 0.36145
718 12846 387 2722
600 10632 377 2731
549 9709 401 2639
529 9700 424 2771
508 9260 424 2779
671 11652 397 2718
538 9529 414 2708
680 10972 395 2728
530 9923 423 2769
532 9351 414 2711
530 9923 423 2769
528 9590 424 2776
531 9405 414 2711
529 9689 424 2774
528 9590 424 2776
531 9405 414 2711
718 12907 387 2722
658 11852 458 2649
637 11188 401 2789
611 11363 499 2673
541 9508 430 2714
529 9699 424 2776
585 10046 439 2698
715 12765 391 2749
668 11878 410 2710
693 11457 395 2739
675 11613 405 2660
564 10155 416 2676
621 10775 445 2675
555 10310 424 2749
535 9722 432 2761
638 11645 404 2715
535 9969 423 2770
605 10949 407 2727
656 11249 414 2653
552 9803 418 2762
547 9769 426 2745
575 10098 414 2711
559 9545 414 2735
628 10827 415 2701
710 12838 403 2720
620 10569 409 2746
660 11195 413 2708
541 9702 416 2786
699 12774 403 2723
594 10601 410 2738
615 10971 415 2656
537 9849 424 2774
633 11090 404 2725
657 11361 412 2714
627 11098 404 2736
599 10649 408 2718
599 10649 408 2718
616 11163 404 2721
599 10649 408 2718
599 10649 408 2718
616 11163 404 2721
616 11163 404 2721
769 13382 402 2738
706 12744 443 2656
584 10275 417 2789
554 9874 491 2739
539 9847 424 2777
539 9847 424 2777
722 12456 407 2706
664 11903 408 2718
680 11636 429 2664
600 11048 456 2676
728 12935 403 2723
597 10897 471 2679
554 9874 491 2739
651 11503 416 2690
627 11316 461 2662
555 9998 426 2754
593 11191 470 2680
622 10755 419 2731
555 10162 443 2716
635 11423 417 2693
720 13038 403 2720
627 11057 409 2742
615 11311 435 2679
713 12631 414 2715
539 9847 424 2777
579 10034 431 2751
592 10453 423 2727
644 11205 429 2670
596 10599 421 2754
613 10845 414 2738
591 11122 432 2691
641 11228 404 2722
614 10833 423 2714
561 10301 426 2751
566 10289 428 2692
574 10322 422 2739
602 10102 424 2738
571 10119 422 2740
585 10248 422 2736
629 11277 421 2715
582 10293 422 2736
628 11430 417 2717
554 9874 491 2739
728 12959 403 2723
720 13051 403 2720
720 13024 443 2656
714 13346 424 2698
588 10840 501 2703
553 9860 424 2777
544 9947 424 2777
618 11651 470 2680
625 11375 481 2688
691 12548 418 2707
554 9884 491 2739
576 10079 457 2773
595 10878 432 2692
603 10764 438 2712
568 10580 440 2752
706 12744 443 2661
697 12027 407 2727
574 10326 454 2744
636 11480 461 2674
590 10622 447 2696
717 13200 443 2656
586 10251 443 2761
602 11128 486 2682
649 11136 411 2757
644 11215 429 2670
670 11285 423 2733
663 11930 404 2736
633 11550 413 2747
679 11493 419 2724
725 12732 407 2711
658 12347 427 2712
636 11522 461 2665
716 12300 407 2722
576 10181 486 2731
635 10958 419 2736
585 10414 422 2736
630 11169 426 2720
665 11941 416 2717
603 10568 487 2702
591 10364 497 2715
641 11481 450 2679
646 11476 415 2774
616 10500 428 2735
655 12025 422 2717
701 12739 407 2726
653 11975 423 2730
641 11481 450 2679
656 11375 419 2730
587 10513 439 2714
632 11193 415 2775
591 10364 497 2715
616 10500 428 2735
577 10565 440 2754
577 10565 440 2754
720 13024 443 2656
701 12739 407 2726
587 10334 422 2736
616 10500 428 2735
591 10364 497 2715
577 10565 440 2754
587 10334 422 2736
656 11375 419 2730
577 10565 440 2754
720 13024 443 2656
720 13024 443 2656
701 12739 407 2726
656 11375 419 2730
740 12379 407 2729
733 13437 424 2703
732 13227 445 2666
721 13242 403 2720
634 11762 418 2817
622 11318 499 2692
559 10095 447 2777
555 10167 424 2777
683 12566 419 2733
706 12271 422 2732
632 11658 486 2688
706 12900 412 2739
647 11046 432 2700
640 11531 466 2679
577 10993 498 2762
597 10405 422 2782
578 10573 440 2756
611 10696 497 2714
564 10125 437 2798
600 10937 458 2708
623 11292 474 2699
601 11130 486 2693
578 10337 454 2744
689 12465 422 2723
603 10796 438 2715
730 13059 403 2720
564 10125 437 2798
726 12503 409 2736
638 11262 468 2692
625 11221 450 2695
591 10786 473 2708
643 11623 420 2778
627 10988 442 2702
684 12471 416 2717
644 11222 429 2670
616 10587 428 2735
590 10695 457 2739
737 12918 415 2723
616 10709 457 2714
602 11325 432 2692
635 11163 435 2701
578 10337 454 2744
592 10572 457 2735
591 10756 465 2714
737 12437 409 2730
592 10438 422 2736
564 10125 437 2798
729 13083 403 2723
644 11222 429 2670
591 10574 448 2734
641 11293 433 2696
619 10643 439 2722
619 10643 439 2722
641 11293 433 2696
622 11169 437 2702
621 11169 437 2703
591 10756 465 2714
729 13083 403 2723
737 12437 409 2730
619 10643 439 2722
602 11325 432 2692
737 12437 409 2730
729 13083 403 2723
644 11222 429 2670
641 11293 433 2696
591 10756 465 2714
578 10337 454 2744
740 13252 426 2721
730 13103 403 2723
670 12371 418 2818
644 11256 429 2670
587 10677 527 2752
565 10307 424 2781
622 11515 499 2692
586 10937 502 2776
732 12995 419 2724
733 12599 414 2774
601 10427 462 2755
629 11310 479 2705
606 10455 422 2740
589 10569 454 2744
644 11222 429 2675
604 11214 486 2693
603 10807 438 2715
638 11128 451 2703
613 11358 445 2701
599 11103 424 2767
600 10968 458 2708
618 11346 450 2709
600 10541 423 2758
733 12599 414 2774
606 11405 432 2693
595 10675 437 2769
641 11389 434 2707
625 11327 481 2694
595 10779 444 2753
599 10552 443 2771
619 11372 443 2698
629 11351 437 2722
624 11366 453 2694
599 10552 443 2771
733 12599 414 2774
739 13165 403 2726
737 13243 403 2723
732 13727 418 2781
644 11267 429 2670
630 10802 434 2809
597 11048 490 2759
591 10613 438 2786
591 10613 438 2786
684 12189 427 2743
732 13727 418 2781
656 11458 423 2746
642 11608 453 2695
600 10995 458 2714
611 10894 456 2739
619 11150 445 2719
636 10699 471 2770
609 10816 486 2767
624 11530 486 2693
621 10683 475 2784
632 10701 452 2748
615 11275 438 2727
627 11348 466 2711
631 11412 479 2701
627 11348 466 2711
632 10812 428 2749
639 11421 440 2703
620 11259 427 2776
617 10927 442 2745
633 11229 444 2742
625 11329 481 2694
624 11530 486 2693
620 11268 434 2742
630 11211 441 2745
615 11466 445 2700
610 11335 452 2768
639 11421 440 2703
627 11348 466 2711
625 11329 481 2694
615 11466 445 2700
624 11530 486 2693
615 11466 445 2700
624 11530 486 2693
744 13080 424 2801
740 13215 407 2729
738 13253 417 2761
737 12870 426 2836
668 11701 429 2670
611 11015 488 2779
596 10636 445 2815
683 11623 452 2670
637 11859 465 2700
624 11536 486 2693
635 10874 468 2768
654 11290 429 2671
602 11030 458 2717
638 10783 443 2820
637 11477 481 2703
597 10837 486 2791
641 11207 456 2747
633 11230 432 2807
620 10929 442 2781
651 11829 436 2697
612 11049 457 2811
643 11523 440 2703
615 11383 439 2727
649 11439 448 2701
632 11022 483 2772
629 11534 435 2743
638 11519 448 2724
620 11323 429 2776
641 11004 452 2765
635 11325 436 2752
636 11379 466 2711
639 11289 439 2743
640 11676 442 2718
638 11279 457 2763
633 11471 487 2703
653 11356 443 2712
653 11356 443 2712
740 13442 410 2739
671 11819 429 2670
639 11515 439 2808
635 11067 473 2729
628 11156 517 2735
606 11098 485 2796
643 11943 437 2762
655 11343 429 2671
619 11220 506 2794
652 11628 473 2704
622 11086 494 2750
644 11599 446 2712
609 11263 464 2783
611 11259 498 2777
627 11367 497 2725
647 11762 436 2770
632 11498 473 2718
646 11565 451 2763
614 11365 489 2734
638 11131 460 2743
643 11091 470 2772
644 11661 452 2706
654 11769 441 2719
630 11365 455 2797
639 11619 455 2783
637 11252 466 2763
654 11753 453 2704
631 11220 488 2728
643 11615 440 2743
708 12032 430 2787
701 12875 450 2676
678 11282 467 2766
677 12259 430 2720
636 11413 506 2740
633 11639 457 2813
617 11416 477 2784
701 12875 450 2676
621 11454 494 2774
663 12060 431 2794
683 11564 458 2687
659 12029 436 2683
645 11604 467 2739
640 11427 497 2770
648 11807 445 2782
645 11710 481 2709
670 12143 432 2702
635 11526 506 2770
670 11904 433 2695
651 11563 480 2752
654 11785 443 2763
645 11908 461 2774
656 11439 439 2704
646 12206 460 2725
680 11905 431 2728
651 11753 479 2709
650 11793 454 2788
652 11668 456 2721
653 11770 452 2723
656 11593 433 2696
701 12875 450 2676
724 13029 485 2681
661 11482 509 2746
660 11823 435 2717
658 11779 452 2867
653 11654 541 2762
642 11865 490 2805
705 12808 438 2690
672 12117 437 2697
688 11832 458 2689
701 11748 449 2779
648 12019 467 2765
670 11738 479 2702
657 11513 458 2712
670 11772 447 2787
653 11968 480 2765
659 11925 445 2714
651 12051 479 2763
658 11957 437 2699
744 13487 456 2694
709 12486 435 2759
689 12406 494 2689
661 11903 523 2722
657 11889 464 2807
657 11518 491 2747
677 12154 441 2770
681 12493 446 2705
659 11996 474 2728
686 11837 503 2724
694 11717 494 2713
669 11917 443 2732
665 11776 470 2748
705 12336 436 2738
702 12019 498 2691
660 12023 448 2711
698 11884 503 2707
667 12229 460 2702
663 12224 453 2704
677 12352 438 2754
660 12364 458 2701
685 11899 446 2737
680 12196 439 2706
681 11822 496 2727
695 12020 441 2726
768 14148 528 2691
717 12882 554 2693
715 12525 435 2798
661 11793 494 2767
673 12030 482 2790
681 12187 517 2713
673 11989 532 2740
678 11947 494 2737
705 12763 466 2701
670 12331 501 2710
665 12141 474 2727
707 12586 440 2726
666 12366 545 2726
703 12099 441 2756
673 12574 459 2721
694 12405 441 2762
717 12882 554 2693
689 11952 452 2757
687 12324 458 2705
669 11882 495 2756
673 12050 464 2753
689 12331 469 2703
681 12179 480 2726
695 12046 462 2753
670 12291 454 2739
681 12234 462 2740
717 12882 554 2693
786 14328 440 2756
739 13826 466 2708
725 12358 451 2813
675 12452 534 2750
674 12087 474 2754
669 12294 483 2795
727 12973 512 2720
758 13268 456 2732
696 12682 465 2726
736 13555 445 2753
747 12892 472 2723
686 12708 460 2728
690 12405 474 2727
789 13644 454 2770
698 12968 555 2729
695 12447 481 2737
697 12697 508 2766
683 12684 421 2651
681 12515 429 2630
583 9539 446 2728
564 9858 375 2670
549 9559 505 2784
539 9972 473 2693
595 10597 459 2664
556 10204 418 2751
555 9675 474 2777
650 11084 439 2645
631 11716 426 2648
651 11998 439 2631
632 11639 434 2637
555 9799 424 2709
675 11655 432 2664
646 11975 423 2639
544 9681 450 2682
552 10076 442 2675
560 10010 450 2669
552 10109 442 2673
560 9999 450 2679
668 11552 432 2670
656 12121 391 2684
646 11858 434 2637
600 11005 386 2695
574 10043 418 2796
556 9861 489 2787
551 9975 493 2753
543 10060 473 2702
645 11873 429 2657
608 11111 401 2682
601 10720 459 2664
636 10927 397 2747
583 10210 412 2677
622 10361 404 2712
543 10060 473 2702
577 10638 408 2772
559 10320 449 2765
595 10933 407 2730
613 10536 404 2712
561 10287 442 2673
555 9882 489 2785
566 10052 431 2731
613 10872 421 2672
555 9915 450 2682
603 10720 404 2724
579 10222 447 2726
597 10234 409 2714
600 10741 399 2753
565 10406 409 2742
576 10807 438 2714
613 10786 400 2683
583 10374 408 2742
551 9975 493 2753
551 9975 493 2753
758 12802 404 2704
751 13085 404 2705
656 11865 391 2719
646 11897 434 2637
556 9864 489 2787
556 9864 489 2787
624 10806 467 2664
719 13080 424 2679
730 12644 404 2710
646 11897 434 2637
639 11480 459 2664
682 11825 432 2670
662 12240 403 2715
556 10002 450 2682
624 10954 413 2688
655 11144 392 2744
587 10448 416 2752
567 9949 489 2777
663 11438 432 2673
575 10301 450 2677
563 10370 442 2673
634 11660 401 2717
607 10260 431 2717
616 10814 429 2701
677 11760 395 2712
674 11679 422 2684
598 10667 439 2699
603 11005 397 2748
591 10863 420 2685
621 10913 467 2664
600 11126 397 2741
567 9949 489 2777
602 10316 409 2717
751 13085 404 2705
605 10733 406 2740
586 10786 423 2723
593 10696 424 2730
662 11867 400 2718
595 10566 441 2704
620 10350 431 2706
592 10530 427 2720
587 10448 416 2752
583 10343 424 2740
622 10607 404 2712
585 10454 424 2736
590 10556 439 2733
599 10478 427 2720
584 10785 438 2734
584 10785 438 2734
599 10291 432 2733
593 10560 424 2733
751 13085 404 2705
584 10785 438 2734
567 9949 489 2777
760 13158 404 2705
715 12927 394 2765
646 11917 434 2637
561 9963 489 2792
560 10336 495 2705
625 10965 467 2664
649 11279 453 2678
679 11699 399 2763
686 12200 406 2735
742 12865 404 2710
568 10256 458 2689
646 11917 434 2637
563 10436 473 2702
709 12199 404 2713
633 11434 403 2770
642 11634 407 2727
613 10978 441 2701
742 12865 404 2710
569 10091 452 2742
590 10932 427 2779
632 10579 444 2715
614 11105 416 2753
564 10024 489 2787
602 10343 424 2731
604 10547 427 2723
630 11042 406 2745
587 10452 432 2758
605 11039 420 2685
622 11032 411 2736
572 10398 448 2780
629 10747 408 2715
573 10085 450 2682
616 10695 414 2721
588 10401 447 2712
619 11061 406 2740
565 10031 489 2785
598 10765 419 2756
597 11093 438 2725
615 11400 414 2720
625 10466 431 2717
605 10846 417 2755
623 10846 425 2715
633 11153 413 2688
595 11161 438 2724
592 10997 438 2728
615 11025 412 2769
593 10381 433 2758
605 10936 440 2714
573 10085 450 2682
599 10563 427 2720
596 10699 432 2757
606 10956 434 2715
625 10466 431 2717
592 11013 432 2732
573 10085 450 2682
593 10381 433 2758
564 10024 489 2787
742 12865 404 2710
646 11917 434 2637
593 10381 433 2758
564 10024 489 2787
564 10024 489 2787
771 13447 404 2705
695 12657 403 2773
650 12033 434 2637
627 11291 416 2808
575 10186 489 2787
571 10597 473 2702
659 11975 483 2665
574 10394 463 2729
579 10186 450 2682
716 12363 404 2716
664 12111 407 2727
747 12965 404 2710
730 12422 412 2713
588 10643 448 2751
753 12896 404 2710
607 10901 427 2806
634 11201 437 2696
598 10506 446 2765
651 11590 409 2760
651 11365 409 2763
651 11662 411 2731
603 10972 430 2735
643 11273 444 2689
622 11145 441 2710
637 11360 419 2746
575 10287 450 2682
637 11929 413 2713
612 10823 427 2723
602 10424 434 2732
616 11236 432 2719
637 10997 424 2721
640 11290 413 2688
620 11311 423 2703
664 12111 407 2727
630 11350 422 2769
604 10625 443 2721
627 11148 434 2717
629 11084 427 2718
637 11250 420 2709
639 11236 409 2769
633 10953 412 2765
611 10634 428 2749
612 10823 427 2723
630 11252 427 2714
611 10634 428 2749
612 10823 427 2723
664 12111 407 2727
611 10634 428 2749
724 12597 405 2745
657 12157 436 2645
583 10191 450 2682
579 10209 489 2787
574 10439 474 2774
681 12050 442 2654
581 10390 452 2720
677 12213 407 2727
664 11906 413 2688
602 10717 439 2756
640 11476 424 2704
581 10510 451 2781
650 11551 416 2734
667 11685 420 2723
607 11449 440 2737
647 11692 421 2721
615 11054 430 2780
633 11344 433 2727
643 11475 427 2719
649 11613 424 2693
625 11273 447 2724
639 11503 422 2750
615 10992 444 2736
621 10890 449 2731
631 10764 440 2732
625 10445 439 2760
638 11188 412 2765
638 11188 412 2765
625 11168 442 2730
639 11304 435 2729
613 10912 438 2766
639 11216 437 2753
617 11225 427 2759
649 11526 429 2701
621 11466 438 2728
614 11609 436 2732
613 10743 449 2754
649 11526 429 2701
631 11217 443 2723
617 10959 438 2732
617 11225 427 2759
613 10743 449 2754
628 11517 432 2737
628 11517 432 2737
649 11526 429 2701
617 11225 427 2759
613 10912 438 2766
628 11517 432 2737
617 10959 438 2732
613 10743 449 2754
617 10959 438 2732
649 11526 429 2701
638 11188 412 2765
613 10912 438 2766
704 12446 457 2656
699 12591 407 2727
687 12704 439 2678
587 10340 490 2779
581 10247 489 2792
688 12359 481 2676
638 11214 412 2765
684 12444 445 2669
584 10521 452 2791
592 10774 470 2700
605 11170 452 2743
656 11838 483 2682
640 10705 464 2742
611 10892 463 2690
634 10291 462 2783
647 12045 436 2713
667 11801 426 2746
593 10776 460 2730
674 11986 418 2741
659 11935 422 2745
678 12349 459 2677
630 10977 455 2699
593 10411 468 2759
644 12040 437 2719
650 11769 418 2753
617 11447 458 2695
651 11645 433 2748
675 11991 413 2714
624 11152 439 2754
650 12189 450 2685
626 11311 431 2761
621 10892 457 2698
643 11940 424 2737
653 11670 428 2705
627 10863 450 2759
632 11540 447 2734
626 11466 450 2732
655 11544 427 2714
631 11058 444 2742
582 10436 460 2760
618 11362 428 2781
633 11725 438 2728
631 11095 441 2763
640 11405 438 2732
656 11327 431 2759
638 11634 460 2684
620 11103 443 2737
677 11668 443 2702
662 12133 424 2693
653 12180 424 2693
646 11657 441 2704
660 11746 437 2700
629 11110 446 2735
618 11362 428 2781
651 11620 445 2698
632 11579 441 2734
662 12133 424 2693
662 12133 424 2693
652 11626 437 2704
652 11662 427 2733
629 11110 446 2735
618 11362 428 2781
729 12657 419 2715
710 13057 431 2697
686 12509 445 2669
650 11428 412 2765
629 11418 501 2696
609 10474 489 2780
601 10527 472 2884
591 10504 478 2778
617 11262 462 2795
672 12065 479 2686
607 10672 497 2771
702 12527 417 2741
675 12284 424 2701
664 12571 438 2729
718 12330 455 2700
655 11530 469 2706
693 12368 421 2739
637 11647 434 2763
598 10763 491 2767
594 10750 464 2774
634 11747 450 2748
683 11966 426 2738
626 11005 462 2720
625 11125 445 2760
666 11829 427 2717
640 11358 475 2691
614 10868 468 2762
636 11429 456 2751
658 11580 428 2734
638 11214 412 2769
641 11313 449 2747
684 12435 466 2686
609 10815 499 2755
624 11153 451 2768
673 12074 422 2745
617 10991 474 2698
628 11553 460 2753
620 11167 466 2729
659 11938 421 2753
611 10832 472 2751
646 11860 445 2733
647 11332 461 2731
616 11253 490 2737
650 11303 443 2745
650 11303 443 2745
673 12074 422 2745
673 12074 422 2745
701 12835 436 2708
686 12801 492 2690
659 11293 454 2815
642 11483 416 2808
608 11001 520 2788
603 10620 482 2795
626 10813 493 2776
682 12378 446 2702
688 12628 427 2713
621 11029 477 2736
623 11248 480 2730
677 12289 426 2730
649 12168 462 2745
618 10848 471 2774
665 12071 433 2760
616 10975 480 2758
631 11630 448 2781
656 11689 486 2705
639 11702 422 2781
676 12009 417 2802
692 12113 426 2753
682 11857 433 2719
650 11979 486 2716
627 11427 462 2756
641 11801 467 2740
661 11837 442 2774
639 11351 431 2793
635 11681 460 2757
645 11891 420 2769
672 12141 478 2715
661 11815 457 2740
642 11483 416 2808
644 11991 430 2770
691 11653 448 2749
622 11270 468 2736
701 12835 436 2708
669 12017 449 2757
669 12022 432 2750
701 12835 436 2708
670 11880 427 2718
641 11903 447 2769
676 11851 443 2757
645 11891 420 2769
645 11891 420 2769
642 11483 416 2808
754 13128 464 2723
744 13604 457 2723
740 13030 468 2703
693 12552 421 2782
676 12302 528 2710
629 11295 474 2807
627 11125 487 2740
621 11310 504 2741
704 11893 454 2762
725 12968 500 2705
639 11707 422 2781
659 12076 421 2790
675 11722 518 2718
646 11957 506 2733
637 11221 481 2750
695 12660 429 2725
682 12468 454 2726
671 12004 497 2720
673 12248 438 2743
630 11331 477 2788
681 12175 429 2737
673 11990 445 2731
622 11473 474 2741
702 12499 471 2709
672 12108 464 2748
776 13874 454 2725
766 13968 472 2710
760 13813 481 2703
703 12375 519 2719
658 11780 425 2781
657 11838 454 2833
635 11212 495 2741
633 11437 494 2756
756 13477 439 2729
705 12808 456 2732
639 11947 457 2830
660 11602 474 2790
665 11518 489 2748
693 12042 461 2768
656 11641 481 2778
695 12275 437 2747
680 12456 463 2741
662 11707 477 2770
696 12342 467 2735
693 12595 455 2745
674 11862 475 2747
694 12368 460 2740
694 12426 467 2731
774 13740 502 2737
700 12842 430 2807
673 11939 442 2783
671 12642 436 2787
705 13197 464 2747
739 13114 442 2755
709 12185 463 2779
694 12234 441 2793
700 12378 453 2754
708 12816 438 2772
701 13157 439 2762
770 13429 439 2782
767 13312 439 2787
730 12090 442 2790
717 12993 447 2886
704 12562 467 2763
685 12497 514 2797
692 12205 448 2786
735 13347 442 2771
744 13714 482 2794
706 12423 496 2787
681 12458 404 2669
671 11963 427 2662
619 10955 376 2774
599 11308 540 2683
545 9701 401 2769
533 9841 514 2769
569 9910 467 2717
635 11459 459 2676
545 10103 397 2765
553 9812 405 2737
669 11548 411 2691
580 10653 400 2704
652 11822 428 2689
615 11080 467 2688
579 10823 384 2694
577 10517 407 2697
593 10355 442 2722
548 10238 392 2773
591 10112 462 2716
648 11119 437 2689
557 10178 403 2726
545 9993 416 2733
643 11351 455 2689
599 10472 450 2721
650 11838 411 2683
554 10458 463 2693
581 9900 467 2716
557 10029 403 2736
758 13778 474 2671
738 13571 391 2705
609 10658 514 2703
563 10132 450 2737
554 10340 392 2773
728 13506 391 2711
673 12263 418 2692
589 10958 402 2750
667 11961 441 2684
692 11966 437 2673
647 11593 392 2762
598 10516 479 2709
688 12137 427 2700
602 10720 504 2695
581 10517 495 2732
630 11105 411 2729
653 11685 394 2744
644 11649 459 2677
621 11336 467 2693
618 10828 450 2718
641 11517 395 2742
575 10585 463 2711
589 10538 416 2723
671 12195 425 2689
634 11580 425 2701
586 10181 464 2730
612 11026 438 2722
627 11153 446 2694
670 11121 434 2697
640 11174 434 2698
638 11064 450 2713
609 10433 457 2733
640 11692 436 2695
579 10638 465 2704
588 10991 455 2709
625 11431 458 2700
628 11400 439 2702
603 11056 436 2715
603 11118 400 2709
583 10399 450 2735
609 10519 457 2732
603 11118 400 2709
583 10399 450 2735
603 11112 400 2712
603 11118 400 2709
603 11118 400 2709
583 10399 450 2735
774 14098 474 2671
733 13528 391 2711
624 10750 514 2703
581 10350 414 2829
563 10520 392 2773
703 12890 400 2735
717 12603 441 2687
749 12452 410 2728
671 12066 392 2762
733 13528 391 2711
600 10805 491 2729
679 12226 400 2761
693 11746 407 2749
723 12416 422 2711
659 11373 499 2702
595 10914 433 2771
702 12759 427 2690
568 10392 460 2738
589 10982 402 2756
618 11036 504 2719
624 10750 514 2703
663 11955 461 2694
620 11015 479 2726
683 12352 404 2732
711 12421 460 2674
600 10709 450 2739
632 11450 413 2739
697 12492 418 2698
651 11695 470 2678
689 12551 427 2694
700 12377 452 2675
612 11296 477 2714
645 11827 437 2713
598 11196 456 2733
661 11257 464 2709
648 11394 462 2705
589 11004 402 2750
607 11116 470 2725
700 12553 447 2693
593 10781 470 2731
637 11178 465 2726
683 12249 431 2698
670 12169 459 2677
690 12492 430 2705
618 11065 504 2718
636 11214 450 2713
658 11479 457 2709
647 11549 411 2714
645 11680 446 2699
601 11084 437 2727
653 11581 432 2712
655 11685 467 2696
644 11678 458 2700
670 11153 434 2697
644 11590 478 2711
643 11129 450 2716
602 10997 416 2737
617 10585 457 2728
603 10650 450 2729
610 11141 414 2730
645 11784 467 2696
670 12169 459 2677
605 10676 416 2728
618 11319 414 2716
647 11461 458 2699
607 11116 470 2725
605 10676 416 2728
620 11015 479 2726
617 10585 457 2728
618 11319 414 2716
618 11319 414 2716
645 11784 467 2696
670 12169 459 2677
645 11784 467 2696
624 10750 514 2703
620 11015 479 2726
617 10585 457 2728
607 11116 470 2725
733 13589 391 2711
704 12770 466 2676
612 10503 469 2798
591 10473 504 2773
571 10728 528 2768
570 10660 392 2773
689 12621 427 2694
683 12202 502 2695
588 10654 454 2780
686 12489 459 2677
672 12092 392 2762
596 11123 402 2756
724 12492 426 2705
584 10794 508 2750
639 11483 444 2721
697 12454 408 2754
624 10800 514 2703
628 11314 417 2752
619 10615 481 2729
624 10750 527 2710
652 11858 458 2700
655 11555 492 2708
573 10768 528 2767
661 11357 454 2713
716 12346 432 2710
634 11332 466 2719
646 11135 424 2732
702 12718 413 2728
606 10934 438 2772
601 11209 456 2733
606 11000 448 2735
670 11153 434 2698
639 11068 453 2728
634 11611 414 2719
716 12346 432 2710
658 11813 457 2711
643 11563 445 2720
650 11602 410 2753
638 11550 433 2741
593 10711 509 2760
644 11706 488 2715
596 10491 505 2760
648 11845 467 2696
625 10917 448 2742
644 11706 488 2715
609 11084 434 2761
671 11242 434 2697
617 11059 435 2730
625 10917 448 2742
656 11533 508 2713
602 10994 475 2768
651 11561 476 2707
624 10790 514 2714
595 11161 437 2754
615 10957 432 2772
594 11180 478 2738
644 11706 488 2715
603 10684 450 2730
626 10634 457 2728
594 11180 478 2738
603 10684 450 2730
602 10994 475 2768
603 10684 450 2730
594 11180 478 2738
716 12346 432 2710
625 10917 448 2742
603 10684 450 2730
760 13930 391 2711
724 12957 484 2693
615 10559 486 2814
590 10751 532 2834
704 12983 430 2709
729 12606 432 2710
635 10862 514 2703
609 10757 525 2783
629 11124 407 2757
672 11799 399 2787
599 10730 500 2817
623 11269 442 2743
595 10948 508 2750
595 11010 412 2776
618 11189 400 2799
612 11182 430 2770
634 11427 447 2736
694 12391 415 2729
658 11871 471 2716
601 10703 419 2832
714 12202 426 2722
646 11616 453 2726
653 12080 444 2728
616 10937 459 2731
686 12372 392 2762
686 12236 467 2700
609 10997 417 2824
607 10811 504 2786
705 12535 467 2699
675 11695 477 2697
656 11700 421 2745
609 11321 402 2756
677 12196 437 2711
693 12760 430 2711
679 11976 457 2716
642 11714 415 2734
618 11189 400 2799
644 11488 470 2719
614 10794 500 2773
687 11674 437 2702
718 12737 427 2694
709 12600 421 2721
682 11967 445 2705
651 11357 476 2730
634 11576 433 2752
620 10751 450 2735
702 12593 435 2714
673 12363 443 2718
683 11322 473 2705
669 11561 474 2717
716 12562 432 2713
649 11814 447 2732
669 11561 474 2717
606 11044 473 2762
718 12737 427 2694
615 10781 455 2828
645 11679 448 2734
606 11044 473 2762
598 10785 419 2832
644 11863 443 2732
702 12593 435 2714
615 10781 455 2828
615 10781 455 2828
686 12372 392 2762
618 11189 400 2799
669 11561 474 2717
598 10785 419 2832
702 12593 435 2714
718 12737 427 2694
686 12372 392 2762
598 10785 419 2832
782 13553 454 2696
766 14049 487 2697
686 12389 392 2765
608 11220 514 2770
603 10825 500 2817
600 10854 489 2838
617 10977 465 2731
639 11697 408 2764
748 13493 430 2708
684 12532 504 2711
733 13271 448 2707
625 11320 419 2829
613 11227 478 2766
640 11688 422 2804
730 12900 435 2721
718 12753 437 2718
714 12690 440 2715
665 12041 415 2760
704 12983 430 2711
658 11575 484 2729
651 11961 431 2757
609 11116 463 2784
640 11818 424 2758
607 11004 419 2835
697 12477 413 2759
680 12167 419 2744
649 11546 442 2748
633 10869 458 2737
674 12044 441 2746
612 11171 448 2779
671 12143 421 2738
739 12972 457 2700
654 12002 488 2726
693 12824 442 2724
644 11471 448 2758
703 12273 445 2713
604 11016 458 2793
738 12772 422 2728
629 11213 433 2791
743 12801 432 2715
626 11278 456 2772
647 11580 420 2758
639 11913 442 2763
604 11016 458 2793
696 12291 450 2703
629 11097 452 2774
706 12234 463 2706
689 12697 443 2719
698 12004 448 2715
627 11287 450 2735
693 12122 453 2708
645 11500 422 2775
645 11514 485 2730
628 11215 450 2741
706 12247 450 2707
702 12353 453 2702
602 11031 453 2786
688 12368 487 2720
700 12239 433 2735
690 11770 464 2712
602 11031 453 2786
690 11770 464 2712
627 11233 454 2774
706 12247 450 2707
627 11233 454 2774
704 12983 430 2711
702 12353 453 2702
690 11770 464 2712
704 12983 430 2711
706 12247 450 2707
702 12353 453 2702
602 11031 453 2786
783 14273 487 2697
709 13070 396 2769
655 11914 419 2836
643 10959 461 2757
616 11545 556 2806
720 13414 433 2712
723 12309 461 2714
619 11434 479 2801
635 11738 530 2744
719 12394 453 2702
617 11462 489 2820
669 12032 418 2805
697 12613 404 2769
630 11068 506 2829
656 11561 439 2782
627 11184 460 2811
694 12704 488 2724
721 12891 441 2732
709 12208 474 2715
660 11702 423 2770
677 12292 426 2746
707 11909 498 2721
634 11051 517 2807
660 12372 525 2727
659 11069 466 2748
692 12582 497 2732
706 12350 450 2707
702 12279 511 2731
650 11812 422 2762
688 12223 449 2744
642 10977 515 2741
651 11244 477 2753
620 11284 449 2780
692 12264 427 2740
646 11715 526 2733
689 11707 447 2769
649 11874 437 2760
672 12005 448 2750
621 11224 478 2752
671 11857 515 2735
642 11358 457 2736
656 11773 445 2751
701 12325 456 2714
627 11371 471 2749
632 11801 489 2738
665 12332 443 2750
620 11188 471 2782
664 11273 450 2760
630 11287 450 2745
727 12799 463 2714
724 13271 424 2762
724 12682 471 2703
722 13339 436 2783
640 11769 452 2835
622 11241 519 2802
680 11783 444 2811
659 11843 427 2803
716 12884 458 2710
724 13146 452 2725
625 11598 499 2769
654 11400 483 2745
697 12106 442 2794
691 12387 494 2736
704 12802 457 2728
667 11665 458 2750
647 11647 482 2748
712 12507 438 2754
652 11540 511 2741
681 12306 507 2736
685 12401 466 2742
648 12108 451 2765
681 12568 444 2767
630 11379 460 2792
696 12758 438 2778
651 11311 466 2796
706 12708 495 2735
635 11745 474 2756
633 11363 475 2753
639 11514 455 2760
631 11377 469 2785
709 12779 437 2758
667 12205 455 2756
638 11335 496 2795
662 12136 458 2752
662 12221 467 2739
695 11539 468 2737
627 11638 495 2753
681 12248 483 2738
749 12992 487 2712
748 13623 476 2725
736 13013 534 2715
697 12215 436 2844
638 11392 492 2755
635 11884 499 2777
660 11882 517 2750
686 12510 447 2803
679 11936 500 2751
697 12788 445 2788
726 13332 485 2736
640 11736 489 2811
647 11558 487 2765
704 12175 453 2784
719 13543 480 2720
669 12439 454 2786
662 12212 464 2760
719 12841 493 2740
723 13110 463 2745
642 11766 462 2762
644 11715 476 2784
669 12488 485 2742
724 12921 496 2717
732 12607 454 2831
699 12545 488 2747
697 13109 525 2765
666 11434 535 2768
660 11629 540 2755
642 11989 466 2775
646 11496 529 2780
698 12410 513 2765
689 12791 529 2762
656 11824 480 2770
692 12697 485 2768
736 12677 505 2768
723 12921 498 2781
700 12611 513 2755
667 12450 495 2798
651 11620 530 2787
686 11973 496 2795
669 11866 500 2770
714 13135 529 2763
691 12191 512 2789
695 12267 525 2800
701 12437 528 2826
