411 20.2541
362 6390 307 2280
352 6461 301 2277
414 7407 312 2257
393 7209 358 2233
381 7053 331 2245
393 7144 342 2235
357 6440 318 2284
392 6972 310 2262
390 6963 304 2268
348 6347 299 2300
434 7663 307 2265
489 8703 358 2223
362 6352 300 2285
366 6605 323 2267
349 6248 314 2331
362 6803 299 2277
373 6624 310 2264
398 6769 322 2256
413 7597 334 2235
369 6818 320 2250
427 7348 308 2264
367 6403 318 2276
409 7670 342 2229
364 6572 309 2269
375 6933 309 2267
409 7219 328 2240
398 7509 302 2272
428 7489 346 2231
364 6527 299 2278
447 8111 321 2246
390 7310 334 2241
355 6420 299 2288
412 7452 334 2236
357 6582 310 2268
385 7050 307 2267
383 6933 313 2260
348 6347 301 2297
362 6352 300 2285
414 7525 374 2226
362 6408 307 2274
479 8433 315 2253
366 6605 323 2267
381 6928 342 2240
418 7538 316 2253
370 6707 312 2263
379 6629 315 2259
388 7282 326 2244
371 6741 299 2277
374 6906 322 2247
445 8070 346 2227
357 6626 299 2278
421 7565 308 2264
347 6320 307 2332
479 8433 315 2253
384 6591 315 2260
370 6707 326 2261
374 6906 322 2247
414 7525 374 2226
380 6932 309 2264
421 7565 308 2264
383 6914 303 2272
422 7696 358 2227
371 6710 308 2269
351 6262 307 2325
468 8336 370 2224
362 6651 301 2273
436 8004 333 2236
350 6380 301 2292
388 7282 326 2244
361 6389 299 2282
362 6408 307 2274
379 6629 315 2259
366 6605 323 2267
357 6626 299 2278
374 6906 322 2247
349 6246 319 2323
394 6992 328 2241
455 8267 346 2226
507 8953 331 2238
374 6903 304 2269
395 7011 307 2267
416 7612 346 2230
357 6582 310 2268
418 7538 316 2253
362 6408 307 2274
383 6882 299 2275
436 8004 333 2236
352 6326 299 2300
361 6389 299 2282
362 6803 299 2277
358 6411 307 2277
364 6618 304 2274
414 7525 374 2226
375 6939 299 2276
376 6928 309 2267
418 7538 316 2253
367 6479 299 2281
479 8433 315 2253
380 6759 309 2267
455 8267 346 2226
361 6379 299 2287
374 6906 322 2247
351 6246 307 2333
394 6992 328 2241
383 6970 315 2258
357 6626 299 2278
374 6906 322 2247
361 6379 299 2287
377 6807 309 2266
359 6574 315 2271
349 6246 319 2323
388 7282 326 2244
362 6408 307 2274
371 6741 299 2277
464 8611 332 2237
412 7452 334 2236
366 6780 299 2277
362 6435 313 2271
455 8267 346 2226
367 6440 301 2278
464 8611 332 2237
474 8612 386 2221
361 6379 299 2287
408 7494 332 2238
377 6807 309 2266
388 7282 326 2244
392 7244 312 2261
351 6246 307 2333
358 6383 310 2291
377 6908 316 2259
374 6906 322 2247
359 6574 315 2271
358 6383 310 2291
451 8309 326 2242
361 6389 299 2282
410 7540 358 2228
380 6932 309 2264
455 8267 346 2226
388 7282 326 2244
357 6626 299 2278
351 6246 307 2333
371 6741 299 2277
424 7740 358 2225
423 7815 331 2239
392 6972 310 2262
351 6246 307 2333
361 6389 299 2282
357 6575 307 2270
371 6741 299 2277
358 6411 307 2277
442 8049 348 2225
377 6807 309 2266
412 7452 334 2236
460 8375 333 2235
435 7942 374 2224
388 7282 326 2244
428 7628 380 2225
402 7332 358 2230
367 6440 301 2278
374 6906 322 2247
414 7525 374 2226
380 7036 307 2268
367 6479 299 2281
394 6992 328 2241
440 7913 339 2233
351 6246 307 2333
362 6408 307 2274
392 6972 310 2262
402 7332 358 2230
451 8309 326 2242
363 6683 304 2271
374 6906 322 2247
360 6398 300 2285
436 8004 333 2236
486 8970 332 2236
357 6626 299 2278
361 6379 299 2287
351 6246 307 2333
393 7130 327 2242
358 6383 310 2291
423 7815 331 2239
374 6906 322 2247
376 6928 309 2267
455 8267 346 2226
359 6574 315 2271
359 6574 315 2271
358 6383 310 2291
361 6389 299 2282
464 8611 332 2237
374 6906 322 2247
436 8004 333 2236
398 6977 308 2265
348 6334 307 2329
398 7054 326 2245
367 6440 301 2278
380 7036 307 2268
438 7860 346 2228
467 8551 327 2240
362 6352 300 2285
387 6986 312 2262
394 6992 328 2241
362 6651 301 2273
390 7310 334 2241
371 6710 308 2269
374 6906 322 2247
358 6411 307 2277
366 6618 312 2266
374 6906 322 2247
364 6527 299 2278
456 8361 374 2223
409 7530 342 2234
377 6882 322 2247
428 7998 340 2230
395 7011 307 2267
362 6408 307 2274
358 6415 307 2274
373 6741 326 2257
461 8661 364 2224
392 7244 312 2261
367 6479 299 2281
371 6710 308 2269
380 7046 323 2246
358 6383 310 2291
411 7524 346 2231
388 7282 326 2244
363 6683 304 2271
377 6908 316 2259
367 6479 299 2281
398 6977 308 2265
392 7244 312 2261
391 7230 326 2244
426 7944 346 2228
357 6626 299 2278
374 6906 322 2247
358 6415 307 2274
364 6618 304 2274
396 7038 342 2236
415 7284 340 2234
357 6626 299 2278
374 6906 322 2247
398 7249 312 2260
369 6617 304 2274
391 7230 326 2244
476 8749 396 2220
435 7942 374 2224
367 6440 301 2278
374 6906 322 2247
392 6972 310 2262
371 6693 310 2267
388 7282 326 2244
474 8612 386 2221
367 6479 299 2281
374 6906 322 2247
384 6977 327 2244
392 6972 310 2262
388 7282 326 2244
435 7942 374 2224
394 6992 328 2241
398 6977 308 2265
456 8361 374 2223
388 7282 326 2244
391 6943 328 2242
394 7265 308 2265
408 7552 348 2230
476 8749 396 2220
398 6977 308 2265
398 7054 326 2245
387 6986 312 2262
391 7230 326 2244
388 7282 326 2244
405 7395 307 2266
394 6992 328 2241
387 6986 312 2262
390 7091 320 2248
415 7284 340 2234
384 7069 314 2255
392 6972 310 2262
391 7230 326 2244
394 6992 328 2241
389 7063 315 2254
388 7282 326 2244
392 6972 310 2262
394 6992 328 2241
392 7244 312 2261
388 7282 326 2244
394 6992 328 2241
383 6933 313 2260
408 7548 358 2228
388 7282 326 2244
395 7161 333 2238
388 7282 326 2244
392 6983 308 2266
392 6983 308 2266
401 7132 331 2240
394 6992 328 2241
409 7530 342 2234
392 6972 310 2262
394 6992 328 2241
392 6983 308 2266
396 7184 321 2247
388 7232 323 2245
398 6977 308 2265
400 7218 326 2243
398 6977 308 2265
403 7163 322 2246
395 7161 333 2238
398 6977 308 2265
391 7230 326 2244
398 6977 308 2265
409 7373 340 2236
388 7282 326 2244
392 7244 312 2261
396 7038 342 2236
388 7282 326 2244
410 7540 358 2228
378 6850 316 2256
400 7277 328 2240
392 6972 310 2262
421 7300 346 2232
392 7244 312 2261
388 7282 326 2244
406 7245 327 2241
398 6977 308 2265
398 7054 326 2245
446 7851 339 2233
394 7060 326 2244
362 6435 313 2271
372 6765 304 2270
410 7582 348 2229
391 7230 326 2244
415 7526 340 2232
392 7244 312 2261
357 6626 299 2278
417 7490 346 2230
409 7253 334 2237
382 7013 323 2246
375 6933 309 2267
394 6992 328 2241
414 7525 374 2226
423 7578 364 2227
358 6411 307 2277
355 6420 299 2288
408 7552 348 2230
422 7665 390 2224
388 7282 326 2244
489 8703 358 2223
435 7942 374 2224
474 8612 386 2221
387 7112 326 2245
374 6906 322 2247
391 6900 334 2238
395 7011 307 2267
497 9005 374 2222
359 6574 315 2271
396 6993 314 2258
426 7944 346 2228
436 8004 333 2236
435 8011 390 2222
377 6807 309 2266
362 6803 299 2277
399 7286 312 2259
531 9548 406 2219
393 7319 312 2258
403 7163 322 2246
392 6972 310 2262
374 6906 322 2247
363 6683 304 2271
398 6977 308 2265
392 6972 310 2262
351 6262 307 2325
419 7791 348 2228
479 8433 315 2253
427 7841 333 2237
411 7197 334 2237
440 7913 339 2233
398 7054 326 2245
507 8953 331 2238
402 7256 310 2261
395 7008 358 2238
379 6565 299 2281
389 6664 315 2260
426 7300 308 2265
390 6925 299 2277
443 7918 307 2267
429 7708 316 2253
411 7199 334 2237
380 6938 320 2262
348 6353 299 2300
482 8452 309 2264
379 6862 322 2253
382 6947 299 2277
411 7199 334 2237
405 7433 312 2258
405 7433 312 2258
378 6806 326 2257
411 7199 334 2237
420 7452 328 2241
411 7199 334 2237
449 8204 390 2223
411 7199 334 2237
