26 0.0620874
699 12400 411 2710
625 10645 495 2715
711 12267 391 2778
557 10400 426 2716
557 10400 426 2716
711 12267 391 2778
663 11714 436 2628
663 11714 436 2628
708 12259 402 2722
665 11870 411 2758
557 10400 426 2716
699 12400 411 2710
672 11087 477 2708
672 11087 477 2708
625 10645 495 2715
672 11087 477 2708
672 11087 477 2708
699 12400 411 2710
672 11087 477 2708
557 10400 426 2716
625 10645 495 2715
711 12267 391 2778
557 10400 426 2716
663 11714 436 2628
711 12267 391 2778
665 11870 411 2758
708 12259 402 2722
665 11870 411 2758
672 11087 477 2708
625 10645 495 2715
557 10400 426 2716
672 11087 477 2708
672 11087 477 2708
557 10400 426 2716
711 12267 391 2778
665 11870 411 2758
672 11087 477 2708
672 11087 477 2708
625 10645 495 2715
672 11087 477 2708
557 10400 426 2716
672 11087 477 2708
625 10645 495 2715
557 10400 426 2716
557 10400 426 2716
557 10400 426 2716
557 10400 426 2716
672 11087 477 2708
672 11087 477 2708
711 12267 391 2778
625 10645 495 2715
672 11087 477 2708
557 10400 426 2716
557 10400 426 2716
711 12267 391 2778
557 10400 426 2716
557 10400 426 2716
557 10400 426 2716
557 10400 426 2716
665 11870 411 2758
625 10645 495 2715
672 11087 477 2708
672 11087 477 2708
557 10400 426 2716
625 10645 495 2715
672 11087 477 2708
711 12267 391 2778
711 12267 391 2778
557 10400 426 2716
557 10400 426 2716
557 10400 426 2716
625 10645 495 2715
711 12267 391 2778
672 11087 477 2708
625 10645 495 2715
665 11870 411 2758
708 12259 402 2722
665 11870 411 2758
711 12267 391 2778
663 11714 436 2628
557 10400 426 2716
557 10400 426 2716
672 11087 477 2708
672 11087 477 2708
665 11870 411 2758
672 11087 477 2708
672 11087 477 2708
557 10400 426 2716
665 11870 411 2758
663 11714 436 2628
711 12267 391 2778
557 10400 426 2716
557 10400 426 2716
711 12267 391 2778
625 10645 495 2715
557 10400 426 2716
711 12267 391 2778
711 12267 391 2778
672 11087 477 2708
625 10645 495 2715
557 10400 426 2716
672 11087 477 2708
665 11870 411 2758
557 10400 426 2716
557 10400 426 2716
557 10400 426 2716
711 12267 391 2778
557 10400 426 2716
672 11087 477 2708
625 10645 495 2715
711 12267 391 2778
672 11087 477 2708
557 10400 426 2716
557 10400 426 2716
625 10645 495 2715
672 11087 477 2708
557 10400 426 2716
672 11087 477 2708
625 10645 495 2715
629 11312 421 2702
663 11714 436 2628
557 10400 426 2716
557 10400 426 2716
557 10400 426 2716
625 10645 495 2715
708 12259 402 2722
672 11087 477 2708
672 11087 477 2708
