61 1.658
406 7017 345 2624
406 6975 341 2617
410 7035 336 2601
484 8633 375 2554
406 6985 349 2617
406 6969 341 2617
425 7401 347 2562
407 7000 341 2600
406 6964 341 2622
405 6947 341 2623
412 7059 336 2591
407 6980 351 2615
414 7140 343 2573
410 7035 336 2601
405 6950 351 2636
405 6954 341 2617
410 7022 336 2598
407 7013 341 2597
410 7019 336 2598
405 6952 341 2622
438 7455 344 2575
410 7022 336 2598
413 7062 343 2582
406 7008 341 2614
406 6985 341 2622
406 6969 341 2617
406 6975 341 2617
406 6985 351 2623
413 7050 343 2579
411 7077 341 2591
413 7113 343 2576
406 6985 341 2622
405 6952 341 2622
407 7000 341 2600
406 6975 341 2617
406 6969 341 2617
413 7123 343 2573
412 7059 336 2591
407 7000 341 2600
406 6969 341 2617
413 7154 344 2575
406 6985 349 2617
413 7113 343 2576
407 7013 341 2600
405 6954 341 2617
412 7059 336 2591
413 7113 343 2576
406 6985 341 2628
410 7019 336 2598
407 7026 341 2613
406 6969 341 2617
410 7037 336 2598
407 7013 341 2600
406 6985 341 2622
406 6969 341 2617
406 6985 349 2617
410 7037 336 2598
407 7017 341 2610
412 7059 336 2591
412 7059 336 2591
413 7113 343 2576
407 6999 351 2615
411 7077 341 2591
406 6964 341 2622
405 6950 351 2636
406 6985 349 2617
413 7113 343 2576
413 7113 343 2576
406 6969 341 2617
406 6985 341 2622
407 7013 341 2597
406 6969 341 2617
414 7140 343 2573
410 7022 336 2598
406 6985 351 2623
408 7001 341 2610
420 7212 342 2577
406 6969 341 2617
412 7059 336 2591
406 6985 341 2622
410 7022 336 2598
407 7013 341 2600
414 7140 343 2573
412 7059 336 2591
412 7059 336 2591
407 6995 341 2610
410 7037 336 2598
405 6952 341 2622
406 6969 341 2617
406 6985 341 2622
413 7050 343 2579
413 7113 343 2576
407 6995 341 2610
406 6969 341 2617
407 7013 341 2597
406 6964 341 2622
407 7013 341 2597
415 7141 342 2583
406 6975 341 2617
405 6952 341 2622
413 7113 343 2576
406 6985 349 2617
413 7050 343 2579
407 6999 351 2615
406 6969 341 2617
410 7035 336 2601
413 7062 343 2579
405 6950 351 2636
410 7022 336 2598
406 6985 349 2617
407 7000 341 2600
406 6985 341 2622
407 7017 341 2610
407 7000 341 2600
407 7013 341 2597
405 6952 341 2622
406 6978 341 2620
407 6980 351 2615
413 7111 343 2579
406 6985 351 2627
413 7113 343 2576
413 7062 343 2579
407 6995 341 2610
406 6969 341 2617
405 6954 341 2622
406 6969 341 2617
418 7086 336 2591
410 7037 336 2598
406 6969 341 2617
406 6985 349 2617
410 7037 336 2598
406 6969 341 2617
412 7059 336 2591
413 7111 343 2576
405 6950 351 2636
407 7013 341 2597
412 7059 336 2591
413 7062 343 2582
410 7019 336 2598
406 6969 341 2617
412 7059 336 2591
412 7059 336 2591
413 7062 343 2582
406 6969 341 2617
412 7059 336 2591
410 7037 336 2598
413 7050 343 2579
406 6975 341 2617
406 6987 341 2617
405 6950 351 2636
407 7013 341 2597
405 6952 341 2622
406 6969 341 2617
407 6995 341 2610
410 7037 336 2598
406 6969 341 2617
425 7401 347 2562
412 7059 336 2591
406 6985 349 2617
405 6947 341 2623
422 7116 336 2591
406 6978 341 2620
410 7037 336 2598
406 6969 341 2617
406 6964 341 2622
425 7401 347 2562
413 7113 343 2576
405 6947 341 2623
410 7019 336 2598
407 7013 341 2597
406 6969 341 2617
406 6985 349 2617
412 7059 336 2591
413 7113 343 2576
406 6985 341 2622
406 6985 341 2622
407 7013 341 2597
412 7059 336 2591
407 7013 341 2600
407 7013 341 2600
425 7401 347 2562
410 7037 336 2598
413 7111 343 2576
405 6954 341 2622
405 6954 341 2622
405 6952 341 2622
425 7401 347 2562
407 7000 341 2600
407 6980 351 2615
406 6969 341 2617
407 7013 341 2597
406 6969 341 2617
411 7063 341 2590
413 7050 343 2579
406 6969 341 2617
413 7079 342 2589
407 7013 341 2597
407 7013 341 2597
406 6985 349 2617
406 6969 341 2617
