2 0.0459375
576 10523 410 2725
571 10486 442 2729
622 11319 409 2716
594 10621 419 2691
672 11864 400 2727
525 9659 449 2772
633 10972 403 2748
719 13357 394 2727
693 13063 414 2668
580 10543 476 2687
606 10813 417 2666
588 10664 410 2698
685 12306 458 2656
556 10016 473 2763
606 10759 460 2670
633 10972 403 2748
559 10509 481 2657
585 10482 471 2628
631 11216 408 2669
583 10444 471 2637
697 11975 413 2649
693 12282 390 2758
620 11118 404 2783
577 10643 434 2751
574 10523 470 2730
586 10786 442 2732
604 10623 466 2713
597 11271 450 2692
677 11971 400 2727
525 9659 449 2778
563 10538 449 2777
723 13437 394 2727
639 11056 445 2680
614 11112 441 2691
655 10980 432 2682
632 10916 455 2688
605 11216 417 2715
591 10821 431 2761
588 10962 419 2801
597 11026 418 2799
604 10729 436 2719
595 10938 463 2698
613 11209 443 2709
602 10697 436 2721
617 10944 414 2698
597 10247 515 2768
613 11307 463 2676
681 11867 403 2760
641 11729 403 2783
565 10568 503 2751
658 11627 449 2674
681 12410 467 2671
658 11627 449 2674
637 11454 437 2675
694 12418 409 2726
652 11519 423 2691
657 12201 420 2695
662 11610 449 2674
672 11737 431 2676
655 11650 411 2773
632 11422 431 2685
650 11270 449 2675
677 12408 425 2683
585 10482 471 2637
709 12188 413 2653
581 10718 434 2753
615 11054 434 2751
713 13094 401 2727
603 10246 475 2800
655 11375 445 2680
616 11152 441 2691
612 11442 419 2796
605 11130 418 2802
611 11181 460 2749
608 11228 460 2732
611 11181 460 2749
621 11475 415 2770
643 11115 428 2825
619 10987 436 2719
620 11156 419 2698
660 11426 414 2731
569 10666 503 2756
565 10623 503 2764
648 12020 442 2679
745 12871 411 2752
667 11610 449 2674
664 11927 463 2679
707 12689 441 2690
629 10694 488 2711
639 11518 515 2640
601 10908 472 2752
601 10908 472 2752
599 10535 497 2735
641 11086 499 2703
596 10948 474 2712
656 12061 473 2670
626 11258 502 2645
597 10579 512 2739
598 10624 476 2755
722 13639 431 2696
594 10774 455 2780
605 10849 434 2753
607 10720 447 2754
621 11502 415 2772
684 12416 427 2716
654 11453 428 2825
620 11454 455 2751
637 11377 436 2719
638 11321 442 2739
625 11263 446 2732
628 11588 440 2737
658 11514 440 2711
642 11571 426 2718
646 11268 448 2710
632 11665 434 2737
647 11158 480 2709
641 11610 422 2737
620 11281 482 2710
681 11988 433 2714
634 11310 494 2707
666 12036 414 2740
673 12504 450 2678
672 11794 465 2699
672 11794 465 2699
670 12166 466 2693
692 12040 496 2691
617 10922 472 2752
606 10739 509 2749
623 11011 509 2713
623 11019 474 2712
611 11155 487 2746
677 12440 473 2670
598 10624 476 2762
602 10998 492 2759
596 10975 483 2807
601 10660 520 2842
736 13519 474 2676
621 11560 415 2772
695 12980 488 2694
716 12695 428 2729
598 10873 501 2830
641 11652 422 2737
659 11907 438 2736
702 12575 458 2707
611 11280 470 2787
661 11162 436 2753
688 12160 474 2702
627 11421 504 2732
681 11994 433 2724
626 11362 493 2749
676 12344 478 2721
634 11080 446 2793
623 10744 453 2838
697 12683 458 2681
617 11089 434 2814
678 12285 454 2717
602 10862 462 2792
697 12480 458 2710
673 11655 480 2709
638 11325 442 2739
700 12221 429 2722
605 11092 475 2769
635 11013 468 2764
623 11757 484 2745
633 11496 473 2745
612 10989 434 2820
612 10817 447 2768
659 11803 448 2725
625 11660 468 2750
681 12168 472 2701
626 11274 434 2755
624 11124 455 2755
