7 0.153471
692 12213 415 2663
598 10642 367 2680
589 10499 484 2643
567 10094 500 2663
494 9121 447 2776
497 9234 425 2758
682 12013 423 2667
498 9228 438 2775
585 10572 474 2657
525 9646 380 2714
651 11371 408 2669
538 9945 378 2715
640 11528 410 2675
559 9879 399 2698
608 11004 424 2676
638 11458 419 2679
594 11126 427 2651
598 10642 367 2680
615 10593 383 2681
580 10499 483 2654
569 10362 375 2709
532 9963 443 2683
558 10214 425 2689
568 10121 486 2652
545 9905 391 2709
639 11371 424 2671
565 9931 383 2685
572 10194 484 2653
548 10145 380 2702
550 10128 393 2705
541 10121 429 2685
554 9981 427 2670
543 10045 378 2712
568 10475 442 2665
598 10509 424 2679
568 10475 442 2665
541 10121 429 2685
556 10115 393 2705
554 10265 378 2706
561 10119 378 2708
543 10045 378 2712
548 10117 380 2707
538 9945 378 2715
554 10265 378 2706
538 9945 378 2715
547 9922 378 2715
547 9922 378 2715
547 9922 378 2715
547 9922 378 2715
568 10475 442 2665
541 10121 429 2685
682 11971 423 2670
616 10980 374 2685
595 10534 498 2660
568 10114 500 2663
503 9234 433 2768
502 9258 438 2775
520 9634 462 2764
531 9701 391 2720
527 9699 433 2757
572 10342 490 2662
524 9605 446 2763
563 9883 418 2712
639 11371 424 2674
601 10680 376 2701
666 11717 423 2671
531 9727 391 2714
626 11384 424 2676
565 10005 383 2694
652 11525 424 2673
661 11466 410 2673
682 11971 423 2670
591 10473 406 2685
608 10842 379 2680
619 10804 424 2679
613 10670 383 2689
663 11773 424 2670
541 10126 429 2690
560 10092 415 2712
584 10538 424 2690
554 10372 457 2683
577 10366 425 2691
574 10215 399 2693
548 10140 457 2686
569 10225 498 2661
653 11476 435 2673
557 10325 380 2702
552 10118 391 2712
581 10153 498 2666
557 10294 378 2708
568 10479 442 2665
639 11371 424 2674
548 10145 380 2707
551 10117 399 2713
527 9699 433 2757
567 10414 444 2685
544 10065 378 2715
523 9622 433 2764
543 10159 429 2689
575 10386 442 2675
568 10264 498 2661
547 10115 443 2689
556 10423 429 2685
544 10065 378 2715
565 10005 383 2694
568 10114 500 2663
609 10827 383 2686
653 11476 435 2673
550 10185 378 2712
609 10827 383 2686
572 10195 498 2661
531 9727 391 2714
569 10471 442 2674
569 10471 442 2674
548 10145 380 2707
551 10117 399 2713
682 11971 423 2670
568 10114 500 2663
682 11971 423 2670
682 11971 423 2670
653 11476 435 2673
544 10065 378 2715
682 11988 423 2670
576 10121 500 2666
572 10255 498 2661
550 10239 378 2717
506 9268 433 2768
503 9270 447 2780
527 9741 459 2762
544 10127 378 2721
527 9613 446 2763
581 10167 498 2666
645 11501 424 2674
614 10962 379 2680
619 10817 424 2679
531 9736 391 2714
603 10602 380 2706
673 11857 423 2671
661 11517 415 2676
644 11734 424 2676
506 9268 433 2768
594 10695 414 2693
614 10768 406 2685
657 11868 424 2673
568 10114 500 2669
663 11745 424 2673
606 10571 424 2686
608 10861 406 2693
575 10537 442 2665
587 10434 383 2694
554 10375 457 2683
586 10188 395 2696
609 10862 383 2684
578 10309 399 2696
561 10209 391 2709
574 10130 399 2697
644 11734 424 2676
506 9268 433 2768
588 10619 424 2690
568 10480 442 2668
614 10962 379 2680
557 10325 380 2707
572 10255 498 2661
594 10695 414 2693
586 10535 414 2694
559 10148 396 2710
562 10341 457 2686
555 10285 378 2712
574 10130 399 2697
581 10167 498 2666
559 10148 396 2710
552 10267 378 2715
548 10322 444 2690
562 10341 457 2686
548 10322 444 2690
568 10114 500 2669
568 10480 442 2668
552 10127 391 2712
554 10375 457 2683
579 10468 442 2675
661 11517 415 2676
548 10322 444 2690
575 10230 500 2665
554 10375 457 2683
579 10468 442 2675
553 10361 457 2686
548 10322 444 2690
562 10165 378 2715
572 10255 498 2661
609 10862 383 2684
645 11501 424 2674
548 10322 444 2690
575 10230 500 2665
645 11501 424 2674
644 11734 424 2676
581 10167 498 2666
575 10230 500 2665
644 11734 424 2676
575 10537 442 2665
552 10127 391 2712
575 10537 442 2665
644 11734 424 2676
644 11734 424 2676
644 11734 424 2676
644 11734 424 2676
581 10167 498 2666
575 10230 500 2665
575 10230 500 2665
575 10230 500 2665
572 10255 498 2661
568 10480 442 2668
552 10127 391 2712
548 10322 444 2690
682 12013 423 2670
668 12058 419 2679
580 10573 378 2712
579 10192 513 2668
572 10261 498 2661
508 9369 447 2776
506 9414 438 2770
527 9657 446 2763
552 10186 378 2722
531 9737 391 2714
556 10385 473 2687
632 11387 410 2687
576 10146 406 2700
611 11130 424 2685
661 11909 410 2680
596 10571 391 2707
639 11276 401 2688
663 11729 424 2676
506 9414 438 2770
671 11841 424 2673
575 10537 458 2666
644 11746 424 2676
576 10196 500 2666
586 10535 418 2695
679 11911 423 2677
560 10457 457 2686
603 10590 424 2694
603 10742 383 2694
580 10312 399 2696
628 11333 410 2688
612 10954 410 2691
617 10839 406 2689
569 10601 380 2711
579 10192 513 2668
582 10677 442 2665
615 10908 406 2693
567 10411 399 2713
552 10377 444 2690
562 10330 457 2691
619 10901 424 2679
682 12013 423 2670
603 10642 390 2696
592 10627 424 2691
568 10484 442 2668
601 10859 383 2694
581 10185 498 2668
603 10742 383 2694
594 10733 424 2690
619 10901 424 2679
601 10859 383 2694
568 10484 442 2668
579 10468 442 2676
581 10185 498 2668
603 10642 390 2696
594 10733 424 2690
594 10733 424 2690
619 10901 424 2679
581 10185 498 2668
685 12022 423 2670
663 12114 424 2676
614 10962 383 2694
582 10316 498 2661
572 10262 513 2671
512 9534 438 2770
535 9807 391 2724
548 10069 391 2714
527 9665 446 2763
572 10273 498 2662
627 11327 424 2686
527 9665 446 2763
675 11992 424 2673
640 11125 439 2683
583 10291 406 2700
628 11240 414 2693
534 9926 391 2720
606 10996 387 2721
580 10401 399 2696
568 10484 442 2677
527 9665 446 2763
580 10608 442 2668
600 10850 424 2690
533 9823 438 2764
589 10256 513 2676
612 11050 383 2694
614 10762 406 2695
617 10721 424 2691
581 10332 399 2696
635 11161 424 2679
589 10256 513 2676
568 10495 442 2670
675 11992 424 2673
586 10757 442 2665
598 10748 424 2691
628 11195 424 2679
589 10256 513 2676
586 10757 442 2665
617 10721 424 2691
582 10316 498 2661
628 11195 424 2679
572 10273 498 2662
598 10748 424 2691
589 10256 513 2676
598 10748 424 2691
598 10748 424 2691
527 9665 446 2763
527 9665 446 2763
527 9665 446 2763
750 13331 423 2675
660 11703 383 2694
583 10570 498 2661
575 10265 513 2681
519 9597 438 2779
540 9907 406 2734
698 12381 423 2676
597 10640 460 2698
535 9981 438 2766
698 12381 423 2676
529 9858 446 2769
628 11352 424 2679
546 10007 391 2720
525 9706 438 2776
636 11141 391 2713
572 10279 498 2662
556 10229 391 2714
641 11252 424 2681
551 10117 399 2718
599 10523 432 2703
586 10831 442 2667
630 11196 383 2701
591 10548 399 2707
605 10879 424 2690
572 10279 498 2662
596 10602 399 2701
637 11244 424 2686
581 10851 442 2677
599 10523 432 2703
584 10730 442 2677
613 10800 424 2693
602 10763 399 2696
613 10800 424 2693
549 10115 391 2719
605 10879 424 2690
656 11391 424 2681
634 11559 424 2679
608 10740 498 2664
587 10294 528 2684
564 10271 391 2718
523 9617 438 2782
520 9625 459 2791
547 10075 392 2722
542 9965 446 2764
617 11037 424 2691
596 10619 399 2701
589 10429 415 2714
644 11282 424 2684
571 10521 406 2716
536 9950 446 2769
533 9823 438 2776
552 10048 433 2768
610 10925 424 2693
552 10127 391 2719
602 10789 399 2696
582 10316 500 2666
590 10786 457 2683
584 10373 513 2665
576 10317 513 2671
609 10949 424 2693
584 10779 444 2685
587 10306 528 2675
533 9823 438 2776
588 10536 399 2717
638 11459 424 2679
640 11435 424 2679
579 10361 513 2670
576 10317 513 2671
588 10331 498 2666
587 10306 528 2675
579 10361 513 2670
533 9823 438 2776
661 11525 423 2696
608 10851 399 2697
607 10567 513 2667
533 9844 438 2779
562 10409 459 2761
576 10334 513 2671
586 11024 444 2690
536 10009 446 2769
544 9968 446 2770
597 10371 513 2668
596 10392 513 2668
596 10392 513 2668
616 10866 399 2717
615 11233 410 2697
599 10349 513 2685
596 10410 513 2668
593 11204 444 2695
612 10888 399 2707
642 11065 399 2711
597 10729 513 2671
