8 3.9861
655 11311 375 2601
643 11530 382 2579
616 11173 359 2687
529 8983 420 2722
522 9296 471 2781
519 9748 494 2751
512 9626 480 2755
515 9473 465 2769
598 10325 374 2624
622 10847 385 2608
638 10990 384 2603
536 9402 403 2727
541 9514 453 2696
548 9409 419 2709
526 9470 443 2720
588 10648 366 2733
597 10687 363 2698
581 10732 381 2645
512 9626 480 2755
544 9149 425 2720
545 9874 366 2743
519 9708 486 2752
581 10397 390 2618
542 9319 433 2713
619 11077 370 2672
570 10268 435 2589
555 9336 425 2718
585 10230 385 2636
565 9906 372 2709
519 9748 494 2751
534 9726 401 2595
560 10501 381 2654
584 10251 393 2583
563 10048 379 2717
544 9243 420 2720
551 9696 383 2701
522 9675 480 2749
557 10402 381 2663
550 9301 438 2719
572 9738 395 2600
529 9575 394 2602
578 10599 375 2679
574 10001 376 2697
558 10482 383 2610
617 11065 385 2605
569 10161 379 2686
522 9670 465 2752
576 10573 378 2678
541 9979 388 2622
576 10228 371 2698
585 10556 369 2678
523 9726 398 2695
557 9928 379 2719
534 9608 387 2719
587 9631 387 2685
571 10459 375 2689
523 9726 398 2695
581 10475 375 2683
571 10499 366 2741
578 10425 375 2688
569 10161 379 2686
586 10566 375 2673
559 10471 381 2657
529 9525 394 2603
571 10499 366 2741
583 10439 375 2687
536 9746 387 2718
551 9631 388 2716
559 10471 381 2657
519 9748 494 2751
536 9742 374 2720
586 9681 387 2697
551 9631 388 2716
559 10471 381 2657
571 10499 366 2741
571 10499 366 2741
693 12462 380 2635
640 11555 401 2584
578 10640 366 2741
545 9200 425 2720
522 9296 471 2784
519 9749 494 2751
514 9640 494 2763
661 11288 384 2603
523 9791 480 2755
544 9591 453 2700
517 9564 465 2769
617 11224 423 2588
615 11006 381 2632
554 9471 433 2713
536 9402 403 2731
551 9675 410 2725
534 9834 407 2645
655 11257 384 2607
550 10065 401 2595
557 10416 381 2663
599 10840 375 2672
554 9868 383 2701
522 9296 471 2784
558 9636 394 2691
544 9293 435 2725
591 10940 379 2678
528 9513 443 2720
560 10538 381 2657
576 10648 387 2656
621 11167 371 2693
584 10264 383 2693
573 10234 379 2717
528 9513 443 2720
522 9670 465 2760
598 10563 384 2613
599 10425 385 2634
538 9736 394 2602
596 10713 375 2679
592 10818 381 2645
537 9990 409 2629
542 10091 388 2622
618 11071 385 2610
535 10019 396 2633
545 10002 388 2628
568 10253 379 2718
542 9795 374 2720
546 9333 433 2719
597 10801 371 2699
629 11192 385 2609
581 10475 375 2698
623 10636 384 2610
578 10442 375 2716
545 10051 388 2622
586 9685 387 2697
596 10710 378 2678
586 9685 387 2697
626 11251 385 2608
536 9741 387 2724
545 9200 425 2720
522 9670 465 2760
596 10710 378 2678
558 9455 425 2718
625 11230 385 2609
629 11192 385 2609
629 11192 385 2609
545 9200 425 2720
558 9455 425 2718
545 10051 388 2622
545 9668 443 2718
545 9200 425 2720
545 10051 388 2622
629 11192 385 2609
586 9685 387 2697
545 10051 388 2622
522 9296 471 2784
680 12158 391 2606
621 11264 423 2588
581 10699 366 2741
545 9210 425 2720
533 9296 471 2784
514 9648 494 2763
514 9648 494 2763
636 11615 407 2596
641 10977 384 2611
514 9648 494 2763
617 11298 423 2589
528 9520 443 2720
605 10853 375 2672
549 10151 407 2645
522 9317 471 2784
559 10456 381 2663
589 11028 381 2657
554 9775 453 2688
600 10529 385 2634
625 11239 385 2609
639 11543 371 2696
517 9565 465 2769
574 10061 392 2645
558 9464 425 2718
517 9565 465 2769
596 10762 375 2679
565 9733 433 2707
583 9824 400 2704
556 9481 433 2713
623 11439 371 2705
552 9723 453 2700
550 9964 394 2602
556 9927 398 2622
597 10878 381 2645
598 10614 385 2620
591 10668 381 2660
619 10759 384 2613
547 9668 403 2733
547 9668 403 2733
557 9960 379 2722
570 9901 383 2701
536 9746 387 2724
553 10137 388 2622
558 10021 383 2701
536 9746 387 2724
557 10095 374 2720
565 9910 383 2701
536 9746 387 2724
514 9648 494 2763
621 11264 423 2588
621 11264 423 2588
621 11264 423 2588
651 11726 371 2700
637 11382 423 2588
548 9221 425 2720
543 9612 465 2799
514 9668 494 2763
532 10011 480 2755
641 11580 371 2711
518 9625 494 2769
576 10475 374 2720
536 9746 387 2728
597 10913 382 2646
554 10215 407 2645
521 9641 465 2769
605 10893 375 2672
528 9790 465 2758
613 11297 404 2604
532 9356 471 2784
638 11655 407 2596
620 10756 400 2621
609 10264 395 2692
532 9356 471 2784
559 9917 453 2700
558 9505 425 2718
626 11082 396 2614
565 10475 381 2663
627 11177 442 2613
530 9756 452 2761
556 9552 433 2719
599 10926 381 2645
627 10315 390 2684
565 10360 390 2633
574 10481 388 2622
535 9653 443 2720
630 11018 384 2618
602 9987 401 2687
604 10609 385 2634
569 10143 398 2629
603 10903 384 2651
617 10880 385 2626
559 9636 433 2713
566 9928 399 2698
542 9785 387 2724
631 11341 385 2609
650 11237 384 2611
604 10609 385 2634
565 9953 383 2701
546 9279 425 2720
572 10116 374 2725
631 10825 384 2613
564 10197 403 2624
630 11382 385 2609
648 11196 384 2612
570 9935 387 2718
560 9595 433 2715
563 10038 383 2701
561 10186 407 2632
546 9279 425 2720
563 10180 374 2725
648 11196 384 2612
562 10260 374 2725
563 10038 383 2701
563 10180 374 2725
648 11196 384 2612
563 10038 383 2701
546 9279 425 2720
655 11257 384 2611
651 11729 371 2700
639 11461 423 2588
631 11304 537 2615
550 9340 425 2720
539 9589 471 2784
524 9701 465 2769
568 9839 433 2714
536 9660 458 2727
615 11089 375 2672
542 9819 387 2730
611 11183 381 2645
575 10676 387 2695
567 10157 396 2701
582 10515 381 2663
651 11729 371 2700
593 10759 389 2630
606 10404 391 2663
558 10104 387 2724
558 9515 425 2718
625 10860 400 2623
590 10328 392 2722
655 11257 384 2611
604 10623 385 2634
577 10546 389 2642
568 10237 407 2645
628 10821 405 2622
562 10281 374 2725
557 9805 403 2727
571 10215 405 2697
582 10546 406 2633
636 10925 384 2613
617 10880 385 2629
554 10256 407 2645
617 10880 385 2629
614 10924 406 2629
604 10623 385 2634
636 10925 384 2613
636 10925 384 2613
651 11729 371 2700
651 11729 371 2700
651 11729 371 2700
651 11729 371 2700
651 11729 371 2700
651 11729 371 2700
636 10925 384 2613
665 12009 371 2700
655 11268 384 2611
558 9361 425 2720
549 9688 471 2784
536 9981 494 2751
525 9717 465 2769
652 11749 371 2712
581 10622 391 2670
574 10279 443 2719
554 9638 425 2733
597 10489 453 2700
596 10558 408 2689
636 10944 384 2613
615 11188 378 2674
559 10116 403 2726
628 11100 385 2629
620 10767 399 2634
615 11326 390 2631
626 11192 396 2639
537 9708 465 2760
574 10411 396 2701
591 10995 374 2732
592 10135 425 2718
625 11195 374 2731
525 9717 465 2769
525 9717 465 2769
525 9717 465 2769
655 11291 384 2611
630 11362 378 2678
583 9886 446 2721
582 10270 471 2793
558 10528 494 2751
555 10321 465 2769
636 10957 384 2613
624 11076 437 2650
575 10379 433 2742
565 10310 481 2750
593 10709 401 2674
601 10443 445 2725
618 11100 391 2681
588 10466 447 2709
615 10463 425 2720
628 11192 411 2673
585 10677 399 2698
635 11179 385 2634
655 11291 384 2611
586 10611 417 2711
598 10596 399 2717
630 10557 415 2713
628 11257 399 2634
630 11248 378 2722
632 11180 388 2634
658 11009 400 2704
655 11305 384 2611
634 11701 386 2693
630 11430 379 2696
568 10358 494 2792
592 10440 471 2783
590 10637 440 2722
618 11124 391 2683
601 10595 436 2755
637 11532 432 2660
598 10813 415 2677
604 10691 427 2731
644 11257 399 2634
623 10806 403 2733
649 11240 384 2622
632 11432 409 2680
639 10752 429 2721
635 11419 385 2713
672 11583 384 2617
662 11767 379 2699
653 11984 396 2652
629 10863 461 2732
595 10923 441 2744
595 10681 458 2735
603 10932 415 2703
630 11351 391 2683
621 11185 405 2743
644 11263 399 2634
663 11289 390 2706
604 10806 458 2734
671 11663 403 2622
660 11682 385 2634
629 11196 407 2688
629 11263 394 2695
690 12636 384 2632
672 11957 382 2713
600 10689 458 2735
623 11099 441 2722
672 12388 390 2701
634 11679 446 2683
647 11419 420 2672
651 11626 399 2637
682 11436 403 2702
662 11617 399 2634
632 11656 428 2717
679 11398 412 2701
644 11910 399 2702
633 11267 425 2713
634 11416 417 2725
674 11753 403 2646
659 11875 404 2721
611 10898 458 2739
662 11500 435 2694
662 11667 437 2660
706 11913 465 2759
668 11502 473 2779
637 11636 460 2787
634 11368 473 2791
669 11734 373 2554
666 12399 438 2540
585 10827 347 2653
583 9852 356 2697
514 8909 390 2610
496 9171 386 2613
644 11766 384 2541
606 10134 350 2696
530 9755 358 2671
569 10479 422 2550
585 10773 355 2647
571 10463 414 2542
604 10534 361 2559
532 9679 377 2599
586 10276 362 2573
512 8932 390 2627
505 9373 366 2603
552 9289 374 2636
497 9096 386 2613
557 9901 410 2563
522 9333 382 2595
529 9440 415 2567
565 9958 404 2560
579 10110 376 2580
557 10317 367 2577
570 10589 374 2571
547 9968 395 2582
513 9134 398 2590
567 10222 379 2587
541 9688 358 2624
542 10198 411 2576
547 10335 388 2579
560 10288 385 2551
569 10267 357 2632
550 9178 382 2628
546 9921 363 2597
546 9877 384 2591
527 9511 415 2567
532 9222 390 2606
542 10152 403 2585
508 9353 375 2616
569 10405 361 2595
513 9325 359 2615
569 10222 358 2623
527 9511 415 2567
552 10052 384 2558
555 9855 397 2572
555 10224 358 2602
565 9978 404 2557
551 10111 403 2557
527 9511 415 2567
542 10152 403 2585
508 9353 375 2616
565 9978 404 2557
555 9855 397 2572
508 9353 375 2616
565 9978 404 2557
555 9855 397 2572
698 12140 348 2713
691 12254 348 2728
666 12532 406 2550
660 12303 446 2541
603 11056 458 2546
516 8952 390 2610
497 9114 386 2613
527 9517 415 2567
654 11878 430 2552
613 11355 438 2551
588 10167 356 2703
643 11932 430 2549
534 9841 358 2671
608 11392 387 2572
593 10822 355 2649
514 9413 359 2618
636 11891 389 2561
608 10621 355 2722
555 9313 374 2636
578 10394 361 2611
666 12399 438 2548
551 9218 382 2628
543 9990 358 2668
565 10264 367 2605
546 9620 378 2609
583 10867 371 2594
574 10651 395 2580
588 11019 395 2568
520 9813 383 2606
606 11144 438 2552
679 11990 389 2555
596 10658 358 2623
638 11926 400 2559
571 10504 379 2587
538 9553 383 2597
523 9254 398 2590
549 10215 380 2598
591 10564 403 2557
537 9460 397 2607
556 10069 375 2605
554 10156 385 2595
553 9922 378 2600
573 10091 403 2561
533 9933 378 2610
587 10722 371 2604
556 10331 377 2601
597 10719 397 2565
680 12009 373 2563
523 9254 398 2590
592 10770 371 2573
599 10399 379 2597
555 9857 397 2572
599 10589 368 2585
681 11974 389 2559
583 10241 390 2587
594 10479 371 2587
686 12074 373 2554
556 10331 377 2601
686 12074 373 2554
555 9855 397 2574
591 10680 369 2580
559 10263 377 2601
541 9222 390 2606
515 9326 359 2615
544 9997 378 2605
607 10593 390 2582
515 9326 359 2615
588 10841 386 2582
666 12399 438 2548
554 10099 369 2610
563 10188 403 2559
587 10221 390 2587
563 10188 403 2559
583 10241 390 2587
583 10241 390 2587
686 12074 373 2554
543 10212 403 2585
554 10099 369 2610
686 12074 373 2554
591 10564 403 2557
543 10212 403 2585
563 10188 403 2559
583 10241 390 2587
686 12074 373 2554
583 10241 390 2587
556 10331 377 2601
556 10331 377 2601
689 12144 373 2554
683 12633 438 2548
682 12719 438 2548
611 10699 355 2722
572 10565 438 2563
520 9028 390 2610
497 9184 386 2613
534 9846 358 2671
616 11142 411 2558
567 10531 425 2571
540 9458 398 2590
620 11604 438 2551
515 9404 359 2615
567 10625 416 2574
552 9332 374 2636
575 10428 403 2559
589 10187 356 2703
632 11789 399 2567
659 12267 389 2567
583 10299 390 2587
638 11779 399 2567
616 11570 387 2572
606 10852 369 2581
601 10615 368 2588
497 9184 386 2613
659 12267 389 2567
593 10822 355 2652
589 10187 356 2703
595 10779 371 2573
686 12066 389 2555
593 10822 355 2652
686 12074 384 2559
519 9079 390 2623
523 9396 359 2615
588 10555 402 2586
550 9869 380 2611
558 10245 403 2585
571 10535 380 2592
556 9938 380 2600
588 10850 379 2599
521 9351 377 2623
594 10680 369 2584
558 10087 378 2605
554 10100 369 2610
601 10213 379 2602
607 10597 390 2582
570 10555 377 2601
557 10168 378 2605
519 9079 390 2623
497 9184 386 2613
551 9978 378 2613
519 9079 390 2623
556 9938 380 2600
551 9978 378 2613
557 10287 403 2585
554 10099 369 2611
601 10213 379 2602
659 12267 389 2567
520 9028 390 2610
551 9978 378 2613
520 9028 390 2610
558 10087 378 2605
520 9028 390 2610
558 10087 378 2605
659 12267 389 2567
558 10087 378 2605
519 9079 390 2623
519 9079 390 2623
707 12473 373 2554
652 12161 438 2551
611 10702 355 2722
524 9114 390 2623
505 9288 386 2613
633 11809 438 2555
583 10895 414 2562
536 9881 358 2671
707 12473 373 2554
555 9359 374 2644
594 10237 356 2703
583 11009 395 2591
515 9530 382 2656
638 11834 399 2567
635 11390 369 2581
532 9635 359 2615
558 10112 378 2608
523 9545 363 2686
648 12127 438 2552
516 9424 383 2683
583 10875 411 2578
621 11652 387 2572
524 9114 390 2623
601 10620 368 2588
578 10478 400 2597
594 10359 405 2585
609 10632 390 2582
519 9437 375 2616
520 9553 363 2619
584 10772 403 2574
556 9941 380 2600
567 10359 369 2610
505 9288 386 2613
603 10239 379 2602
621 11652 387 2572
595 10784 371 2573
589 10697 403 2559
569 10296 378 2605
529 9203 390 2610
573 10531 403 2593
596 10720 369 2584
521 9144 390 2619
580 10679 380 2592
594 10848 379 2587
571 10535 380 2598
571 10541 380 2595
525 9128 390 2611
590 10313 390 2587
594 10298 404 2596
652 12161 438 2551
579 10640 403 2585
621 11652 387 2572
621 11652 387 2572
652 12161 438 2551
621 11652 387 2572
621 11652 387 2572
661 12299 438 2551
614 10714 355 2722
584 10412 362 2753
523 9165 390 2623
505 9293 386 2613
638 11845 399 2567
599 11126 416 2562
639 11919 438 2555
621 11653 387 2572
597 10707 361 2665
661 12299 438 2551
585 10836 428 2574
596 10327 356 2703
586 10470 362 2747
557 9959 410 2605
532 9740 380 2639
575 10620 424 2593
608 10844 411 2571
554 10115 372 2625
595 10923 371 2573
561 9512 382 2635
538 9878 363 2695
580 10065 363 2679
612 10715 355 2722
525 9766 375 2616
533 9168 390 2611
544 10008 363 2694
601 10656 368 2588
568 9716 374 2631
545 9909 363 2687
563 9867 370 2632
586 9911 366 2627
596 10748 369 2584
572 10436 378 2613
571 10625 380 2598
582 10265 375 2615
572 9626 382 2629
556 9974 380 2600
574 10600 411 2594
560 10069 371 2619
598 10562 390 2587
575 9816 390 2610
568 10106 368 2621
596 10720 369 2590
580 10567 362 2637
581 10279 375 2615
545 9909 363 2687
556 10077 369 2623
572 9578 382 2634
572 9578 382 2634
574 10429 369 2610
572 9578 382 2634
545 9909 363 2687
666 12399 438 2551
613 10742 355 2722
588 10595 362 2747
538 9201 390 2631
506 9427 386 2613
578 9812 376 2690
562 9992 380 2600
591 10678 362 2637
635 11835 438 2564
596 10896 417 2584
604 11396 415 2573
639 11929 438 2555
528 9852 376 2695
607 10367 356 2703
576 10290 374 2623
638 11857 399 2567
589 10527 362 2747
621 11724 387 2572
628 10636 377 2613
509 9357 386 2613
636 11300 368 2588
585 9843 382 2630
595 11153 399 2574
506 9315 395 2615
610 10760 379 2593
605 11006 371 2574
599 10917 393 2589
580 10715 380 2598
590 10489 379 2617
507 9392 391 2621
621 11724 387 2572
597 11091 416 2574
603 10672 368 2633
606 10966 371 2573
603 10898 374 2587
639 11929 438 2555
639 11929 438 2555
696 12180 404 2569
646 12041 438 2560
617 10822 355 2722
613 10771 361 2738
515 9471 386 2613
593 10809 368 2659
578 10661 388 2610
579 10260 390 2601
597 11120 416 2574
666 11927 384 2578
602 10377 377 2627
597 10915 369 2642
625 11409 376 2595
629 11141 380 2583
648 11892 369 2591
613 11432 399 2575
608 10331 374 2635
645 11783 387 2572
639 11970 387 2572
621 11619 387 2574
614 11093 400 2586
600 11035 380 2632
604 10747 390 2600
598 10884 383 2639
600 11039 380 2605
611 11509 387 2581
606 11416 382 2589
618 11069 374 2596
613 11126 404 2581
682 12740 438 2560
654 11500 355 2734
627 11131 448 2596
559 9493 398 2633
526 9895 388 2615
608 11075 370 2662
598 10688 420 2608
675 11965 387 2576
565 9878 390 2623
679 12678 438 2566
612 10475 379 2631
619 11583 409 2580
627 10539 374 2635
657 11436 390 2583
603 11192 402 2604
609 10891 396 2612
622 11620 395 2576
613 10568 390 2602
601 11078 393 2607
608 11448 395 2600
681 12712 399 2580
643 11107 379 2691
628 11653 403 2577
575 9524 398 2638
554 9954 410 2615
602 10593 393 2618
571 9892 390 2624
633 11910 395 2591
628 10871 397 2616
640 11866 410 2617
608 10694 390 2628
583 10289 408 2657
603 10636 401 2625
650 11426 396 2652
616 11512 402 2635
638 11564 402 2692
625 11525 347 2667
577 10441 368 2534
501 9325 429 2609
497 8988 380 2693
484 8537 396 2677
474 8612 403 2664
542 9846 365 2602
594 10491 367 2584
586 10287 384 2573
508 9178 416 2600
532 9300 376 2582
509 8986 388 2655
613 10275 352 2579
500 9297 429 2612
514 9088 360 2621
613 10275 352 2579
490 9091 398 2635
484 8537 396 2677
518 9008 391 2626
526 9071 367 2585
497 8988 380 2693
496 8684 403 2632
489 9163 383 2618
490 9153 406 2631
523 9166 390 2592
504 8991 349 2628
511 8960 394 2630
513 9141 401 2594
491 9117 398 2628
516 9232 390 2593
613 10275 352 2579
512 9123 390 2595
511 8960 394 2630
490 9153 406 2631
496 8684 403 2632
496 8684 403 2632
511 8960 394 2630
613 10275 352 2579
613 10275 352 2579
700 13174 347 2684
638 11387 384 2560
510 9051 371 2717
484 8572 396 2677
482 8972 447 2691
478 9035 447 2683
643 11856 347 2713
613 10287 352 2579
625 11902 347 2713
595 10789 371 2601
501 8859 418 2653
603 10828 368 2585
579 9929 353 2676
505 9397 429 2609
509 9112 378 2707
505 9397 429 2609
561 9951 360 2621
516 9231 416 2605
497 9096 406 2647
560 9833 364 2640
522 9664 369 2630
556 9875 355 2632
573 10205 355 2631
562 9659 376 2584
549 9507 374 2585
545 9662 390 2590
558 10203 365 2629
517 9175 388 2642
560 10033 368 2611
494 9173 406 2647
509 8912 404 2662
555 9956 356 2647
529 9478 401 2595
599 10810 368 2587
517 9272 390 2597
528 9461 358 2650
539 9583 401 2594
508 9009 380 2666
512 9366 377 2630
534 9394 358 2650
502 9240 398 2628
501 9190 395 2666
505 9152 380 2661
532 9137 376 2614
511 9062 380 2656
533 9459 364 2658
517 9019 418 2647
518 9008 391 2631
532 9137 376 2614
517 9177 388 2624
507 9026 388 2656
502 9240 398 2628
519 9225 416 2605
498 8902 404 2676
510 9097 367 2647
510 9051 371 2717
539 9583 401 2594
519 9225 416 2605
508 9009 380 2666
509 8973 418 2648
478 9035 447 2683
509 9305 368 2631
550 9296 376 2611
511 9035 388 2655
539 9583 401 2594
516 9231 416 2605
516 9237 380 2640
533 9459 364 2658
533 9459 364 2658
539 9583 401 2594
498 8902 404 2676
518 9008 391 2631
550 9296 376 2611
562 9659 376 2584
550 9296 376 2611
511 9062 380 2656
533 9459 364 2658
519 9225 416 2605
511 9062 380 2656
511 9062 380 2656
511 9062 380 2656
511 9062 380 2656
511 9062 380 2656
511 9062 380 2656
511 9062 380 2656
511 9062 380 2656
511 9062 380 2656
705 13258 347 2684
613 10336 352 2579
510 9113 371 2715
484 8573 396 2677
482 9016 447 2691
478 9051 447 2683
646 11991 347 2713
705 13258 347 2684
578 10368 360 2621
505 9402 429 2609
484 8573 396 2677
509 8988 404 2662
520 9157 418 2648
603 10255 367 2628
552 9612 390 2590
513 9168 378 2699
535 9305 425 2617
531 9227 391 2638
508 9057 380 2672
563 9893 364 2640
560 9993 387 2606
542 9169 376 2614
534 9399 358 2650
581 9749 374 2629
512 9348 368 2631
519 9313 390 2598
517 9221 403 2629
565 9719 376 2584
523 9375 388 2627
554 10213 388 2589
531 9486 388 2624
506 9157 380 2693
514 9153 380 2655
570 9767 374 2629
509 9072 380 2666
565 10237 373 2617
567 10054 374 2589
509 9012 418 2658
556 9779 388 2606
579 9945 353 2676
482 9016 447 2691
579 9945 353 2676
558 9896 388 2602
509 9433 379 2649
541 9162 376 2621
578 10368 360 2621
509 8988 404 2662
514 9079 380 2659
558 9896 388 2602
531 9486 364 2658
531 9486 364 2658
578 9752 374 2629
531 9486 364 2658
531 9486 364 2658
578 10368 360 2621
705 13258 347 2684
578 10368 360 2621
578 10368 360 2621
715 13383 347 2684
615 10928 368 2585
510 9131 371 2717
487 8663 396 2677
484 9055 447 2690
484 9022 447 2694
646 12004 347 2713
527 9370 416 2607
589 10100 353 2676
536 9364 433 2622
484 9095 447 2686
545 9396 403 2606
506 9416 429 2617
551 9484 394 2637
617 10322 374 2623
518 9539 429 2609
531 9505 364 2658
565 9821 376 2611
604 10699 390 2590
517 9225 403 2629
541 9666 382 2642
519 9291 378 2701
514 9195 380 2669
530 9095 396 2665
569 10029 370 2646
521 9248 380 2655
584 10270 388 2597
589 10588 360 2624
609 10407 367 2628
608 10552 374 2617
581 9901 403 2593
575 10486 388 2603
529 9703 398 2629
552 9348 376 2621
588 10630 397 2590
538 9668 382 2640
545 9545 376 2614
519 9291 378 2701
601 10484 376 2599
594 10471 370 2638
510 9169 371 2715
555 9659 390 2595
529 9600 379 2649
596 10359 382 2595
553 9758 374 2646
591 9962 374 2629
535 9414 358 2650
585 10412 379 2596
603 10269 374 2626
534 9548 358 2655
537 9536 403 2603
593 10400 403 2592
555 9659 390 2595
535 9414 358 2650
531 9500 388 2624
518 9202 380 2656
535 9570 390 2598
591 9962 374 2629
603 10269 374 2626
519 9187 388 2655
603 10269 374 2626
535 9414 358 2650
603 10269 374 2626
603 10269 374 2626
535 9414 358 2650
535 9414 358 2650
519 9291 378 2701
646 12007 347 2713
616 10982 368 2585
517 9144 371 2717
500 8838 396 2677
490 9085 447 2691
646 12007 347 2713
542 9450 433 2611
622 10798 376 2608
562 9797 403 2596
519 9297 378 2701
576 9921 376 2611
589 10107 353 2676
594 10474 370 2638
605 10590 399 2597
515 9151 371 2717
584 10270 388 2600
533 9305 418 2653
547 9432 412 2645
607 10373 374 2626
524 9526 391 2680
525 9434 380 2667
580 9668 382 2619
535 9419 358 2650
529 9731 398 2632
596 9985 374 2629
561 10562 382 2624
553 10213 379 2649
525 9337 404 2650
533 9529 364 2661
535 9712 390 2603
534 9534 364 2658
517 9300 396 2676
556 9510 389 2622
546 10018 382 2644
551 9495 416 2606
522 9306 418 2653
543 9659 403 2622
546 9572 388 2623
533 9485 416 2607
531 9500 403 2629
545 9507 403 2606
535 9524 388 2624
646 12007 347 2713
646 12007 347 2713
632 11471 373 2640
630 11512 361 2662
605 10533 399 2601
595 10318 353 2682
523 9311 371 2717
503 9216 447 2709
502 9417 447 2683
597 10763 389 2612
522 9344 378 2701
544 9540 441 2621
546 9595 426 2627
533 9356 410 2674
545 9648 416 2606
557 9881 358 2663
609 10389 374 2626
584 10032 376 2613
566 9832 404 2648
630 11512 361 2662
553 10075 393 2639
564 10094 411 2605
558 10262 390 2629
579 10420 389 2621
546 9634 388 2654
535 9461 395 2661
570 9854 390 2613
577 9981 376 2625
564 9985 369 2657
561 9865 403 2647
565 10024 382 2647
542 9614 374 2679
605 10275 374 2655
534 9712 378 2676
542 9706 364 2658
536 9423 379 2659
558 9952 380 2654
552 9704 377 2656
548 9872 403 2629
561 9865 403 2647
561 9865 403 2647
685 12593 356 2745
674 12632 356 2739
665 12144 406 2603
524 9770 447 2685
523 9368 378 2701
621 10989 402 2609
655 11515 374 2644
554 9713 386 2672
656 12012 357 2727
583 10822 411 2628
543 9718 370 2715
629 10964 409 2604
545 10014 429 2611
590 10458 414 2612
585 10484 376 2623
546 9904 442 2651
590 10376 363 2667
567 9912 417 2645
570 9980 416 2617
549 10094 404 2652
569 10057 403 2643
561 9875 403 2647
543 9719 364 2660
589 10090 358 2668
555 9790 364 2658
697 13115 358 2695
690 12691 356 2739
689 12036 418 2625
623 11395 362 2768
533 9981 455 2696
531 9588 391 2715
543 9778 371 2664
565 10204 433 2636
609 11024 363 2756
673 12698 360 2717
641 11864 363 2706
655 11741 363 2730
620 10708 376 2628
624 11613 362 2754
679 12477 361 2737
612 10544 384 2655
587 10021 364 2692
572 10274 425 2626
590 10289 403 2646
586 10679 381 2659
593 10531 364 2662
611 10497 395 2633
577 10209 419 2633
561 9904 403 2647
691 12601 362 2724
565 9897 403 2647
643 11487 362 2736
564 10033 364 2664
729 13500 360 2718
632 10786 389 2634
628 11507 362 2768
592 10450 419 2657
544 9801 378 2689
666 12142 363 2709
670 11845 364 2691
622 10798 411 2642
607 10466 403 2648
630 11498 362 2768
646 11258 378 2639
601 10563 395 2662
585 10206 372 2696
572 10535 370 2673
556 9834 375 2673
548 9817 382 2665
585 10450 367 2700
623 10648 377 2670
684 12348 398 2644
665 12235 362 2768
564 9887 390 2668
563 10027 406 2714
656 11627 376 2686
585 10495 380 2676
612 11244 367 2729
624 11133 370 2722
666 11205 403 2652
572 10166 380 2681
563 10049 394 2682
702 12194 370 2744
637 11938 377 2781
599 10459 462 2672
584 10509 429 2672
604 10998 401 2687
661 11278 415 2752
649 11484 402 2724
647 12193 419 2705
679 12068 424 2546
569 9857 445 2580
533 9832 360 2689
491 8596 389 2734
473 8632 405 2740
492 9040 365 2698
645 11388 431 2554
632 11211 431 2561
578 10757 404 2581
532 9788 365 2697
611 10682 371 2621
585 10289 412 2584
556 9465 432 2667
540 9466 400 2646
545 9425 445 2583
564 10154 385 2585
539 9659 423 2644
568 9943 429 2595
576 9596 367 2631
560 9520 406 2598
548 10197 418 2600
566 10492 384 2611
558 9945 375 2663
645 11388 431 2554
569 9915 371 2685
590 10550 363 2677
633 11228 431 2555
595 10287 445 2576
592 10709 365 2571
590 10407 405 2566
576 10273 418 2578
553 10001 372 2675
564 9957 397 2607
587 9880 375 2629
541 9584 373 2670
540 9323 432 2680
567 9786 379 2643
567 9786 379 2643
562 9885 372 2636
560 10229 384 2621
564 9957 397 2607
562 10434 364 2674
566 9790 389 2644
542 9819 418 2605
566 10430 384 2617
540 9323 432 2680
546 9363 432 2675
558 9945 375 2663
545 9425 445 2583
546 9363 432 2675
633 11228 431 2555
546 9363 432 2675
633 11228 431 2555
633 11228 431 2555
546 9363 432 2675
545 9425 445 2583
671 11819 369 2635
646 12013 395 2582
645 11398 431 2554
590 10536 364 2674
577 10016 445 2580
510 8938 393 2759
498 8625 405 2740
481 8669 405 2740
529 9136 402 2714
504 8825 405 2734
627 11691 410 2580
638 11313 431 2555
665 11765 369 2652
556 9423 432 2675
633 11122 383 2616
590 10511 420 2567
556 9795 443 2645
517 9187 403 2740
508 8718 398 2756
508 9360 365 2698
583 10474 418 2581
648 11774 393 2594
596 10613 412 2593
562 10195 365 2690
554 9609 445 2583
508 8896 398 2749
574 10442 384 2618
596 10932 373 2665
618 10814 405 2593
562 10103 372 2678
539 9985 365 2693
563 9887 389 2647
578 10717 390 2609
553 9691 432 2658
598 11032 411 2587
607 10758 371 2629
591 10807 380 2637
541 9887 373 2685
570 10077 426 2602
614 10738 370 2631
591 10901 377 2649
611 10691 372 2636
549 9951 365 2696
589 10401 426 2583
556 9926 429 2668
567 9830 379 2643
566 10450 384 2617
568 10265 423 2591
509 8794 405 2739
542 9833 376 2675
567 9821 422 2634
580 10393 375 2675
565 9973 397 2607
607 10596 405 2596
567 9940 429 2601
555 10050 404 2652
577 10299 405 2604
567 9949 376 2660
568 9759 429 2614
592 9949 375 2629
567 9786 395 2648
553 10023 418 2605
524 9177 393 2757
604 10916 405 2586
556 9926 429 2668
581 10218 426 2585
580 10575 423 2585
524 9177 393 2757
568 10245 397 2606
542 9745 373 2676
524 9177 393 2757
599 10282 426 2583
577 10051 371 2677
508 9360 365 2698
602 10282 431 2581
568 10278 426 2589
602 10282 431 2581
566 10450 384 2617
524 9177 393 2757
508 9360 365 2698
681 11833 369 2657
653 11874 393 2594
645 11399 431 2555
590 10542 364 2674
527 9402 449 2732
512 8965 393 2782
491 8697 405 2740
491 8697 405 2740
539 9300 409 2716
638 11547 433 2564
530 9137 402 2726
504 8874 405 2737
527 9473 365 2698
624 10936 371 2630
630 11659 415 2588
510 8968 393 2770
542 9397 399 2741
611 10811 372 2636
572 9796 438 2671
631 11767 410 2580
601 10636 382 2641
593 10433 389 2637
637 11736 421 2571
560 9769 421 2687
524 8936 398 2755
608 10470 387 2637
633 11122 383 2619
557 9946 443 2672
590 9926 379 2661
584 9994 426 2619
562 10211 365 2690
528 9010 398 2753
572 9862 396 2676
581 10338 426 2585
585 10177 445 2580
511 9023 393 2760
568 9952 429 2601
622 10879 405 2593
555 10057 404 2652
556 10155 373 2683
569 9825 432 2668
633 11122 383 2619
631 10598 380 2641
578 10120 384 2659
574 10087 376 2660
564 10029 429 2650
627 10855 370 2639
586 10877 392 2611
600 10592 376 2657
577 10499 418 2605
527 9060 398 2754
580 10850 384 2617
561 10012 365 2693
491 8697 405 2740
585 10096 379 2649
610 10512 423 2604
569 10251 397 2607
583 10526 418 2581
600 10309 423 2606
653 11874 393 2594
568 9850 422 2636
546 9970 373 2685
559 9785 420 2679
582 10621 423 2585
586 10877 392 2611
581 10240 388 2652
580 10231 372 2678
553 9858 420 2679
546 9970 373 2685
610 10896 398 2606
653 11874 393 2594
553 9858 420 2679
583 10280 426 2590
585 10255 426 2589
583 10280 426 2590
553 9858 420 2679
546 9970 373 2685
553 9858 420 2679
633 11122 383 2619
633 11122 383 2619
586 10877 392 2611
553 9858 420 2679
681 12080 369 2657
667 12154 393 2594
644 11964 421 2578
590 10550 364 2674
569 10189 505 2649
517 9052 393 2771
491 8697 405 2746
568 9995 435 2693
628 11414 380 2659
506 8851 405 2740
671 11836 411 2581
544 9720 420 2719
564 9662 386 2734
510 9007 405 2738
555 10225 373 2685
536 9723 394 2733
655 11505 371 2630
548 9694 376 2699
540 9354 398 2754
611 10524 423 2604
601 10448 417 2617
630 11019 371 2639
530 9156 402 2726
596 10348 416 2640
580 10418 384 2671
589 10722 413 2609
555 10072 404 2652
610 10613 399 2621
648 11947 389 2620
658 11488 382 2632
549 9938 365 2699
597 10346 383 2664
663 11994 393 2604
524 9160 393 2762
542 9312 398 2753
577 9982 429 2614
633 11858 410 2585
586 10169 429 2601
636 10780 392 2662
539 9944 380 2726
561 10012 365 2698
579 10199 429 2601
585 10347 426 2589
584 10637 398 2654
586 10940 392 2611
562 10211 365 2696
573 9945 422 2636
651 11439 371 2637
571 9993 380 2691
591 10791 404 2608
586 10396 426 2585
525 9078 398 2755
527 9125 393 2760
610 10526 423 2604
639 11459 375 2638
524 9177 393 2760
586 10877 392 2616
571 10287 404 2650
630 11019 371 2639
639 11931 410 2580
537 9682 398 2750
639 11931 410 2580
572 10481 405 2612
630 10793 394 2656
547 9705 393 2751
527 9060 398 2761
655 11505 371 2630
630 11019 371 2639
681 12085 369 2657
669 12452 396 2630
654 12219 410 2580
597 10676 364 2674
576 10141 490 2641
517 9057 393 2771
491 8699 405 2746
561 9807 435 2717
642 11568 433 2587
565 10158 384 2706
626 11081 410 2608
530 9200 402 2726
559 10313 373 2685
507 8895 405 2740
557 10096 427 2678
651 11447 371 2637
542 9334 398 2753
527 9124 398 2756
619 11543 392 2632
654 12219 410 2580
613 10618 423 2607
564 9814 386 2753
517 9057 393 2771
561 10192 404 2652
590 10367 426 2590
542 9334 398 2753
584 10284 434 2619
560 10154 416 2665
593 10928 414 2627
604 10566 422 2631
607 10808 423 2623
610 10554 417 2616
646 12160 411 2582
646 10859 407 2621
569 10109 431 2677
512 9051 405 2739
611 10924 412 2613
587 10506 426 2590
593 10565 367 2685
590 10470 426 2589
528 9119 405 2738
593 10146 429 2624
654 12203 403 2620
528 9080 398 2755
590 10560 371 2677
528 9119 405 2738
517 9057 393 2771
517 9057 393 2771
685 12165 369 2657
672 12480 415 2592
600 10463 442 2590
535 9484 449 2732
528 9244 393 2771
507 9000 405 2745
569 10026 389 2756
652 11557 370 2700
648 11882 389 2676
611 11051 432 2647
536 9253 402 2726
580 10331 376 2718
663 11628 375 2652
622 10871 426 2592
683 12086 416 2631
603 10904 436 2615
510 9030 405 2740
676 11853 371 2637
615 10617 419 2617
587 10396 425 2683
612 10582 429 2596
582 10470 442 2664
579 10206 396 2753
618 10945 412 2670
578 10293 444 2670
606 10566 371 2678
589 10368 404 2680
587 10259 398 2728
601 10632 371 2677
582 10298 400 2741
589 10290 412 2682
616 10601 426 2594
682 11936 438 2615
629 11312 372 2684
601 10672 451 2609
540 9336 393 2771
528 9329 405 2744
667 11795 376 2659
626 10973 434 2630
590 10363 402 2720
545 9575 427 2740
644 11369 405 2677
592 10420 417 2710
548 9516 402 2726
582 10444 393 2760
654 11535 444 2618
621 11641 427 2684
535 9410 393 2771
604 10878 440 2689
599 10389 385 2740
587 10551 445 2687
623 10699 389 2710
607 10723 376 2685
622 10923 376 2683
606 10455 442 2688
753 13506 422 2686
615 11151 457 2626
609 10982 475 2691
608 10863 380 2707
564 10050 393 2772
555 9686 449 2732
676 11835 433 2694
654 12109 422 2697
565 9877 405 2735
655 11702 442 2631
611 10813 456 2655
642 11508 439 2700
621 10623 397 2760
582 10288 428 2728
594 10807 423 2719
614 10808 462 2717
618 10451 430 2712
609 10825 397 2753
666 11828 400 2720
650 11520 393 2749
628 10785 473 2727
618 11096 404 2709
595 10081 407 2768
575 10237 419 2765
597 10512 436 2729
641 11057 431 2728
625 10453 410 2740
607 10657 406 2757
589 10286 407 2762
611 10581 418 2735
689 12140 406 2714
628 11143 404 2768
603 10589 449 2732
636 11236 409 2739
646 11171 462 2733
666 12105 347 2650
599 10397 375 2579
512 8918 402 2699
504 9121 423 2790
495 9025 454 2689
623 11296 349 2643
587 10737 382 2590
529 9461 431 2661
504 9179 408 2778
506 9214 394 2703
611 11132 354 2633
505 9425 389 2747
502 9088 446 2690
503 9132 423 2765
604 10961 354 2634
561 9510 387 2616
556 10236 352 2651
593 10312 363 2599
564 9999 389 2588
585 9776 390 2585
570 9889 405 2589
526 9198 371 2675
621 11051 348 2691
506 9226 431 2680
587 9724 358 2605
552 9597 363 2600
505 9336 389 2750
520 9531 417 2666
513 9389 417 2674
623 11296 349 2643
539 9639 388 2625
542 9347 379 2626
553 9235 379 2621
551 9599 380 2593
524 9356 446 2671
534 9385 358 2670
591 9873 377 2582
536 9139 394 2695
532 9421 374 2638
497 9118 446 2686
548 9832 377 2635
574 10183 356 2677
521 8982 398 2691
519 9045 395 2688
573 9736 390 2591
574 10183 356 2677
521 8982 398 2691
574 10183 356 2677
536 9368 374 2638
520 9037 395 2694
524 9480 431 2673
548 9832 377 2635
509 9393 417 2674
509 9393 417 2674
520 9037 395 2694
505 9425 389 2747
505 9425 389 2747
574 10183 356 2677
524 9356 446 2671
520 9037 395 2694
513 9389 417 2674
521 8982 398 2691
623 11296 349 2643
623 11296 349 2643
623 11296 349 2643
520 9037 395 2694
505 9425 389 2747
676 12363 370 2605
623 11337 349 2649
622 10652 390 2585
515 8941 402 2699
504 9133 423 2790
502 9224 454 2689
497 9118 446 2691
652 11841 359 2633
611 11091 354 2634
503 9185 423 2770
505 9466 389 2747
534 9677 365 2726
538 9998 433 2655
601 10712 373 2606
645 11733 370 2609
626 11317 349 2643
624 11394 352 2647
643 11334 385 2589
513 9394 417 2674
507 9250 431 2680
520 9541 417 2666
552 9898 373 2612
544 9150 394 2696
507 9231 446 2685
522 9017 398 2691
592 10129 390 2588
585 10308 371 2661
562 10357 356 2678
573 10245 380 2596
567 9753 380 2597
533 9954 401 2667
554 9744 358 2713
566 10023 369 2676
571 10098 367 2673
578 10392 363 2626
506 9234 394 2703
580 10292 367 2662
502 9157 446 2690
578 10392 363 2626
502 9224 454 2689
559 9819 377 2621
526 9294 371 2675
554 9744 358 2713
605 9957 380 2591
566 10113 375 2603
559 9819 377 2621
553 9812 388 2616
539 9438 374 2638
577 10306 364 2696
535 9237 395 2689
592 10129 390 2588
553 9340 379 2626
527 9157 395 2691
534 9501 446 2671
539 9376 374 2640
519 9051 395 2694
510 9397 417 2674
580 10115 390 2591
497 9118 446 2691
554 9777 388 2616
502 9224 454 2689
553 9340 379 2626
625 11322 349 2643
520 9045 395 2694
507 9231 446 2685
539 9438 374 2638
507 9231 446 2685
519 9051 395 2694
592 10129 390 2588
592 10129 390 2588
592 10129 390 2588
553 9340 379 2626
507 9231 446 2685
645 11745 370 2609
640 11949 404 2587
629 11414 349 2643
515 8997 402 2699
506 9216 423 2776
497 9118 446 2699
588 10471 375 2603
611 11101 354 2634
611 11101 354 2634
598 10249 390 2588
555 10016 365 2732
520 9568 417 2666
507 9267 431 2680
580 10083 358 2713
507 9235 446 2685
532 9461 407 2680
567 9835 380 2597
524 9730 394 2711
545 9992 366 2752
559 10005 388 2616
533 9559 431 2672
581 10446 371 2661
513 9400 417 2674
569 10180 365 2723
545 9992 366 2752
564 9707 379 2627
574 9954 374 2630
527 9117 398 2691
583 10363 367 2673
581 10464 363 2626
559 9831 377 2621
540 9487 374 2638
560 10103 370 2723
529 9158 395 2694
536 10036 401 2672
566 10113 373 2612
539 9376 374 2641
582 10145 390 2591
544 9248 394 2696
526 9170 395 2698
535 9389 371 2675
566 10145 375 2606
558 9924 377 2635
558 9924 377 2635
501 9136 446 2691
502 9207 446 2690
582 10365 371 2664
507 9267 431 2680
502 9207 446 2690
582 10365 371 2664
582 10365 371 2664
502 9207 446 2690
582 10365 371 2664
611 11101 354 2634
611 11101 354 2634
611 11101 354 2634
582 10365 371 2664
582 10365 371 2664
582 10365 371 2664
650 11837 370 2609
648 11789 349 2644
608 10450 390 2589
515 9019 402 2699
509 9240 446 2690
507 9225 423 2791
507 9225 423 2791
596 10663 358 2713
545 10007 366 2752
623 11147 356 2681
626 11378 354 2634
557 9486 446 2664
600 10443 360 2740
637 11654 349 2649
511 9251 423 2782
589 10596 363 2626
635 11614 352 2647
576 10459 377 2611
517 9326 432 2682
611 11151 354 2636
525 9636 417 2666
522 9568 417 2674
569 10215 365 2732
547 10116 401 2673
538 9405 387 2685
595 10474 375 2606
567 9855 380 2597
570 9815 379 2627
610 10311 392 2590
554 9350 394 2696
541 9664 372 2687
535 9340 430 2691
565 9964 377 2621
556 9603 374 2639
551 9697 371 2675
536 9358 398 2691
523 9556 430 2681
515 9019 402 2699
563 9835 379 2626
519 9378 431 2680
515 9019 402 2699
518 9431 432 2677
597 10222 390 2591
558 9960 377 2635
569 9884 377 2635
593 10186 390 2595
511 9251 423 2782
596 10241 390 2594
552 9541 432 2675
596 10170 390 2595
568 9846 380 2597
507 9246 446 2685
650 11887 370 2609
648 11841 349 2644
614 11227 417 2592
515 9019 402 2705
510 9294 446 2685
508 9317 446 2685
508 9237 423 2791
520 9529 432 2688
551 9898 388 2759
552 10308 374 2731
525 9624 417 2678
568 10045 413 2668
520 9510 445 2681
609 10365 390 2596
601 11125 367 2639
543 9422 398 2691
630 11560 364 2647
635 11614 358 2652
598 10896 371 2644
618 11338 390 2592
556 10198 402 2662
596 10616 364 2656
515 9037 402 2700
570 9805 405 2674
571 9701 395 2695
623 11296 360 2649
565 10243 379 2635
642 11792 364 2629
548 9786 389 2747
575 10035 380 2597
536 9696 417 2674
582 9928 390 2616
582 9954 387 2635
570 10139 382 2625
625 10797 371 2650
548 9706 400 2689
585 10659 377 2611
642 11652 354 2639
593 10674 371 2654
591 10814 367 2659
588 10220 377 2621
539 9981 389 2735
568 10130 380 2630
550 9665 403 2687
590 10811 369 2682
552 10014 380 2739
641 11689 354 2639
588 9945 382 2733
569 10227 365 2732
550 10013 387 2737
641 11689 354 2639
641 11689 354 2639
684 12530 355 2653
627 11436 398 2592
583 10402 449 2622
516 9278 423 2782
515 9285 423 2791
556 9930 400 2742
521 9583 402 2757
681 12225 364 2634
627 11102 364 2709
658 11334 362 2698
518 9326 446 2685
641 11698 360 2645
533 9499 423 2775
569 10316 366 2752
613 10875 371 2664
533 9850 417 2684
655 11940 370 2609
534 9768 431 2693
602 10639 368 2706
652 11868 360 2644
643 11457 365 2689
544 9758 431 2680
576 10047 394 2681
536 9774 417 2674
573 10330 424 2670
612 11212 371 2639
607 11057 382 2597
575 10485 392 2623
593 10636 377 2621
590 10424 402 2620
597 10552 380 2626
578 10377 385 2628
541 9705 431 2696
610 10608 394 2598
611 10901 367 2658
599 10462 385 2610
609 10972 371 2667
576 10400 385 2629
578 10612 380 2688
652 11919 367 2639
544 9732 431 2683
775 13555 389 2599
649 11715 360 2645
551 10100 423 2801
535 9553 446 2695
529 9712 446 2690
529 9472 431 2786
691 12290 364 2635
533 9657 436 2783
597 10546 386 2730
547 10184 417 2674
558 9992 431 2689
578 10378 446 2661
661 12053 370 2609
585 10209 406 2693
585 10546 389 2712
621 11185 387 2618
578 10449 402 2633
590 10677 394 2698
643 11413 374 2652
661 12053 370 2609
601 10293 395 2689
588 10706 390 2683
584 10713 394 2624
603 10846 387 2633
634 11589 382 2600
630 11083 369 2689
651 11532 377 2635
599 10404 385 2647
637 11143 382 2602
581 10970 386 2655
656 11157 375 2668
638 11161 379 2625
641 11463 372 2671
612 10939 379 2665
606 10686 388 2640
611 11049 373 2688
607 10696 379 2666
641 11047 369 2672
624 11157 370 2693
661 12053 370 2609
669 11292 383 2610
666 11758 392 2611
663 11663 403 2601
617 11054 379 2675
567 10255 439 2780
551 9754 446 2696
532 9727 446 2712
569 10343 423 2770
562 10246 446 2695
574 10337 431 2697
633 11016 405 2649
600 11147 408 2661
602 11131 394 2643
592 10938 401 2679
585 10569 446 2685
658 11293 390 2617
604 10495 438 2655
612 10796 387 2685
649 11597 381 2625
647 11689 392 2625
596 10839 417 2670
602 10644 421 2676
611 11401 380 2685
610 11007 417 2665
594 10556 433 2669
593 10519 403 2678
667 11956 391 2641
588 10960 436 2754
558 10353 446 2698
606 10824 407 2684
622 11156 394 2656
616 11365 431 2668
616 11285 417 2675
668 11730 414 2681
653 11253 401 2706
606 11000 446 2690
580 10545 446 2704
614 10881 407 2693
644 11549 404 2703
676 12399 420 2770
