10 1.80288
649 11935 377 2554
603 10796 386 2533
601 10319 336 2779
597 10170 336 2789
517 9214 423 2653
490 8615 367 2751
482 8744 378 2677
623 11254 348 2577
502 9404 398 2618
513 9085 423 2654
519 9173 341 2642
542 9775 359 2585
514 8736 353 2717
551 10235 388 2547
573 10716 373 2567
562 10075 354 2608
529 9153 337 2620
574 10510 376 2560
486 8638 361 2744
515 8864 370 2701
605 10946 364 2555
618 11148 354 2582
610 11182 378 2539
524 9214 369 2598
510 8933 379 2663
581 10561 354 2587
499 8944 378 2658
484 8636 361 2753
595 10802 386 2548
583 10513 354 2587
488 8723 378 2682
559 10220 357 2578
513 9474 363 2665
533 9695 363 2574
532 9138 362 2702
513 9406 384 2610
596 10929 386 2545
512 9626 360 2662
566 10199 370 2569
521 9666 362 2617
487 8627 367 2751
554 10293 386 2570
482 8744 378 2677
554 10293 386 2570
513 9406 384 2610
512 9207 423 2654
651 12197 382 2564
597 10171 336 2789
558 10366 401 2548
521 9230 436 2656
487 8635 367 2751
482 8744 389 2678
634 11679 385 2565
612 11064 354 2587
518 9248 423 2654
585 10782 354 2589
520 9237 410 2647
553 9679 346 2703
501 8889 378 2729
565 10214 342 2767
577 10398 399 2548
576 9994 352 2624
593 10955 386 2560
597 10549 354 2611
547 9786 343 2631
539 9411 348 2689
525 9357 379 2637
536 9755 363 2579
571 10308 358 2615
512 8943 367 2748
534 9483 359 2660
517 9222 374 2741
532 9609 384 2607
487 8657 361 2754
566 9772 337 2651
612 11064 354 2587
510 9139 378 2677
603 10962 386 2548
541 9270 358 2643
532 9049 376 2737
557 9252 361 2726
542 10063 358 2626
548 10129 356 2622
603 10962 386 2548
522 9603 368 2685
564 9725 343 2670
531 9193 368 2622
531 9490 360 2655
487 8657 361 2754
556 9683 348 2652
525 9416 355 2678
527 9748 384 2622
564 9713 343 2673
487 8635 367 2751
517 9111 361 2751
522 9630 356 2764
522 9263 361 2733
557 10138 378 2576
570 9651 354 2673
565 10473 386 2570
565 10473 386 2570
550 9254 367 2737
511 9084 378 2681
538 9656 354 2628
520 9604 370 2678
520 9604 370 2678
511 9084 378 2681
522 9630 356 2764
557 9252 361 2726
557 9252 361 2726
603 10962 386 2548
657 12359 382 2564
603 10965 386 2548
597 10187 336 2789
520 9257 423 2654
497 8806 367 2751
642 11699 349 2634
616 11127 354 2587
570 10477 401 2560
597 10727 342 2761
588 10555 354 2629
579 10778 388 2572
544 9985 392 2611
607 10956 354 2596
550 9885 384 2607
527 9539 365 2770
565 10515 401 2559
612 11064 359 2588
504 9127 362 2775
503 9222 394 2696
502 8980 378 2732
577 10582 378 2576
554 9811 345 2685
505 8915 378 2732
552 9110 368 2749
610 10719 343 2722
508 9194 389 2694
573 10647 351 2651
536 9615 391 2661
539 9421 368 2725
607 10141 350 2644
566 9746 348 2683
547 9631 361 2714
539 9669 381 2630
568 10039 345 2662
519 9169 386 2679
522 9332 378 2677
562 10363 386 2576
550 9674 357 2664
549 9363 361 2719
531 9659 391 2675
542 9732 374 2644
547 9994 363 2579
552 9924 394 2582
566 9845 360 2647
552 9206 370 2702
532 9703 365 2742
546 10032 354 2642
523 9693 370 2690
567 10382 351 2668
580 9689 351 2705
557 9975 359 2633
535 9243 370 2696
560 9954 352 2645
603 10962 386 2554
553 9338 358 2681
542 9732 374 2644
560 10505 351 2655
543 9451 365 2671
580 9689 351 2705
532 9703 365 2742
549 9963 354 2671
520 9485 389 2678
562 10524 378 2578
559 10494 351 2670
519 9169 386 2679
508 9194 389 2694
519 9500 378 2677
535 9243 370 2696
603 10962 386 2554
664 12469 382 2564
606 10247 336 2789
603 10991 399 2556
572 9851 347 2790
522 9309 423 2654
502 9101 407 2754
623 11287 354 2587
631 11472 392 2574
635 11902 398 2564
638 11687 398 2565
648 11819 349 2634
610 11006 354 2599
537 9718 390 2704
599 10491 336 2789
599 11068 380 2578
660 11799 349 2637
563 10147 369 2625
540 9822 377 2710
513 9183 367 2752
591 10710 346 2675
584 10840 351 2651
563 10168 365 2610
518 9128 367 2758
577 10506 393 2579
545 9433 370 2697
551 10414 386 2588
563 10391 374 2582
566 10205 348 2768
572 10586 401 2562
574 10106 364 2666
544 9642 367 2679
591 9877 350 2732
576 9571 361 2723
597 10531 346 2779
641 11842 392 2569
556 9871 354 2762
583 10458 350 2730
522 9290 367 2751
633 10759 350 2659
548 9467 370 2696
570 10168 363 2598
607 10612 353 2658
562 9753 390 2648
561 10214 356 2747
553 9364 400 2728
541 9983 383 2642
566 10044 354 2688
591 10014 357 2692
576 10284 359 2646
555 9680 359 2706
606 10574 346 2776
636 11849 392 2569
576 9558 362 2705
575 10646 401 2559
551 9940 385 2668
553 9425 367 2740
576 9772 355 2724
567 9959 375 2660
553 9425 367 2740
559 9913 384 2652
605 10321 336 2789
569 10550 351 2676
570 10694 350 2672
595 10511 350 2727
547 9709 375 2678
555 10024 375 2657
592 10230 390 2585
572 9841 383 2650
559 10569 386 2583
601 10522 361 2639
551 10130 370 2670
540 9686 392 2639
599 10221 361 2652
552 9974 365 2753
561 9923 390 2647
591 10440 357 2658
562 10023 354 2754
566 10044 354 2688
575 9980 365 2669
552 10034 370 2588
570 10486 401 2565
599 10221 361 2652
668 12601 382 2564
651 12164 401 2556
605 10337 336 2795
536 9281 368 2762
523 9314 423 2654
574 10616 401 2562
661 12334 392 2569
646 12029 398 2564
636 11095 346 2721
660 11863 349 2634
639 11613 354 2587
627 11239 357 2620
550 9545 370 2697
568 10545 393 2582
607 10387 336 2789
622 11370 359 2645
548 10168 374 2691
585 10109 356 2740
616 11064 347 2709
552 10090 385 2668
612 10767 346 2763
557 9733 376 2681
565 10420 377 2598
554 10040 379 2640
574 9979 361 2708
574 10309 363 2613
562 9691 360 2710
612 10825 368 2609
661 11447 350 2678
600 11160 351 2651
596 10164 354 2727
556 9881 354 2762
551 10066 367 2693
576 10780 351 2672
589 9997 352 2794
581 10689 370 2591
557 9830 368 2723
575 10249 388 2619
572 10689 351 2678
638 10620 355 2715
575 10674 401 2559
564 10198 377 2627
554 10206 374 2634
582 10570 391 2583
600 10635 361 2648
559 10305 391 2626
575 10123 356 2751
605 10822 349 2782
606 10574 346 2779
608 10858 377 2583
584 10323 388 2590
594 10804 373 2589
592 10132 372 2653
591 10581 357 2658
595 10335 354 2753
587 10474 361 2680
591 10979 356 2653
560 10054 359 2712
587 11005 351 2664
609 10112 357 2721
563 10153 369 2634
556 10045 374 2644
587 11005 351 2664
606 10574 346 2779
723 12212 357 2630
672 12688 382 2564
627 11664 351 2704
575 10646 401 2562
573 9886 354 2762
532 9323 436 2656
524 9343 436 2662
698 12625 386 2585
535 9542 423 2664
575 10643 415 2567
656 12241 386 2592
670 11911 352 2639
581 10550 400 2625
561 10310 401 2627
526 9485 436 2656
638 11407 359 2636
551 9765 370 2756
590 10518 383 2607
655 11682 362 2616
663 10987 356 2700
599 10380 358 2749
553 9714 378 2730
578 10094 361 2733
624 11445 362 2649
608 11152 374 2612
614 10871 354 2760
572 10374 367 2711
566 9928 354 2762
631 11272 359 2656
583 10751 357 2725
608 11314 356 2651
571 10138 377 2677
557 10153 370 2694
560 9828 382 2698
563 10285 370 2634
580 10586 367 2640
584 10743 358 2684
551 10061 375 2701
603 10777 362 2672
613 10791 363 2617
587 10722 369 2629
620 10844 357 2674
577 10096 374 2648
611 10638 363 2665
586 10548 380 2609
587 10636 364 2692
583 10418 368 2632
602 10029 377 2681
593 10646 373 2615
591 9872 362 2711
616 10606 361 2695
585 10819 356 2751
574 10028 364 2728
556 10340 374 2637
615 11281 357 2657
585 10648 365 2663
577 10299 385 2632
602 10409 355 2727
591 10599 372 2626
526 9485 436 2656
592 11188 377 2609
586 9898 366 2711
524 9343 436 2662
601 10781 362 2650
592 10599 374 2614
573 9886 354 2762
678 12757 382 2564
674 12783 398 2572
670 11967 353 2713
596 11078 401 2562
566 10412 371 2775
532 9476 436 2662
584 10107 405 2667
644 11604 378 2610
667 11548 364 2656
670 12026 363 2642
560 10115 380 2709
579 10135 372 2753
605 10315 391 2641
631 10231 371 2723
678 11955 362 2631
585 10112 360 2766
578 10329 381 2636
591 10706 375 2667
626 11421 356 2660
595 10588 368 2650
623 11155 358 2689
601 11015 379 2621
618 11324 369 2634
598 11037 359 2702
636 10751 359 2710
611 11209 382 2613
579 10312 370 2675
583 10806 401 2565
595 10812 367 2670
624 10804 398 2628
605 11277 366 2687
643 11592 359 2645
564 10293 378 2720
629 11316 378 2618
608 11157 367 2646
631 11400 372 2622
594 10112 382 2684
564 10319 376 2642
592 11095 382 2618
714 12129 355 2742
679 12768 382 2564
579 10322 419 2657
569 10358 432 2654
568 10348 378 2686
686 12310 358 2690
609 10978 432 2591
615 11330 401 2565
652 11502 367 2651
644 11792 383 2628
636 11044 396 2623
576 10589 416 2659
584 10744 389 2672
577 10387 423 2660
630 11053 363 2723
606 11105 367 2710
604 10583 391 2659
605 11078 361 2733
635 10947 386 2643
639 11161 370 2698
624 11440 372 2640
589 10343 375 2700
626 11141 373 2667
593 10839 422 2633
623 10693 377 2659
635 11175 401 2630
599 10848 383 2651
633 11284 367 2653
595 10700 374 2654
623 10836 382 2651
725 12703 369 2678
685 12865 382 2564
674 11287 419 2636
620 11197 365 2754
597 10371 383 2686
690 12117 392 2639
608 10939 388 2669
616 11357 401 2573
658 11735 371 2675
643 11879 369 2704
629 10517 379 2690
635 11378 369 2747
616 11444 401 2565
645 11506 377 2690
636 11418 381 2654
680 12785 382 2567
689 12936 382 2564
653 12008 410 2628
633 11764 381 2739
597 10497 390 2688
668 11707 408 2648
622 11182 387 2733
629 11115 386 2689
648 11838 384 2671
647 11794 387 2656
698 12969 390 2572
637 11643 386 2730
620 11122 394 2701
615 11256 392 2737
662 12317 388 2701
652 11675 393 2727
671 11668 398 2702
632 11562 397 2704
632 11417 402 2757
702 12772 403 2738
663 11438 331 2702
658 11700 333 2725
554 10083 411 2530
548 10002 411 2545
476 8453 339 2671
491 8993 368 2614
633 11100 353 2562
603 11178 336 2653
515 9127 344 2599
563 9932 395 2544
570 9892 341 2614
621 10754 334 2664
598 10572 375 2548
594 10731 360 2542
585 9621 364 2590
609 10330 334 2665
520 9255 367 2566
605 10630 392 2538
572 9858 385 2554
515 9332 379 2580
521 9761 364 2560
579 10491 356 2581
537 9085 355 2656
542 9721 346 2585
578 10042 388 2553
521 9483 378 2564
555 9918 347 2584
550 10126 411 2533
581 10050 369 2553
535 9908 368 2556
555 9348 334 2668
516 9635 368 2561
736 12543 331 2707
554 10083 411 2533
542 9276 431 2611
500 8804 371 2783
477 8597 375 2758
663 11850 387 2558
676 11580 331 2708
559 9704 334 2668
549 9328 418 2606
625 10687 341 2624
524 9225 350 2682
587 10443 400 2544
509 9103 375 2719
638 11217 394 2546
522 9281 356 2688
666 11444 381 2543
648 11360 374 2560
554 10083 411 2533
522 9299 369 2641
619 10876 360 2565
608 10635 388 2552
499 9267 388 2741
569 10323 346 2592
631 10972 394 2549
517 9334 344 2613
581 10339 400 2552
534 9584 380 2596
540 9868 377 2586
671 11597 331 2708
500 8804 371 2783
485 8757 375 2748
530 9287 368 2636
539 9529 366 2611
593 10016 374 2571
581 9963 359 2602
604 10788 367 2574
631 10972 394 2549
589 10265 342 2618
609 10863 363 2572
530 9683 385 2605
556 9660 342 2708
544 9723 367 2579
505 8848 362 2757
509 9219 372 2616
509 9174 370 2746
580 10133 378 2559
631 10972 394 2549
585 9913 364 2590
530 9746 367 2588
485 8966 369 2753
600 10659 363 2586
575 10224 357 2587
515 9555 369 2610
502 9026 362 2757
586 10199 388 2553
498 9096 365 2747
606 10667 367 2570
564 10338 357 2606
534 9679 378 2565
536 9543 378 2575
575 10166 368 2561
553 9932 368 2575
490 8882 369 2753
490 8882 369 2753
569 10273 357 2606
562 10189 344 2608
485 8966 369 2753
556 9932 378 2561
559 10193 356 2607
503 9072 365 2747
555 10058 363 2588
562 10189 344 2608
500 8804 371 2783
503 9072 365 2747
500 8804 371 2783
498 9096 365 2747
503 9072 365 2747
503 9072 365 2747
500 8804 371 2783
500 8804 371 2783
695 12325 397 2543
676 11745 331 2708
554 10122 411 2533
549 9333 431 2611
499 8698 384 2791
485 8759 375 2758
491 9086 369 2753
665 11529 400 2547
516 9276 395 2651
691 11790 398 2546
669 12106 343 2661
542 9353 431 2611
641 11279 363 2571
562 9860 338 2736
505 8873 362 2757
563 9926 342 2727
582 10824 409 2560
632 11409 357 2587
617 11108 374 2571
524 9277 350 2689
602 10562 408 2548
670 11537 385 2547
589 9999 334 2668
485 8759 375 2758
560 9816 388 2565
602 10845 381 2567
531 9368 355 2681
570 10032 334 2668
588 10232 388 2553
599 10647 400 2551
574 10495 361 2608
608 10589 375 2577
544 9777 371 2593
522 9376 361 2657
596 10383 381 2569
539 9422 350 2643
547 9693 347 2636
579 10260 346 2626
537 9967 372 2603
527 9626 345 2648
620 11060 363 2577
530 9488 356 2653
548 10206 367 2580
553 9422 360 2629
637 10983 388 2552
597 10981 356 2593
487 8742 375 2758
579 10409 378 2573
558 9837 367 2586
538 9801 377 2603
594 10645 363 2588
565 9970 352 2618
537 9855 379 2609
540 9620 344 2685
540 9515 367 2635
543 9333 384 2619
553 10163 361 2623
544 9418 357 2667
532 9929 352 2624
538 9534 353 2629
548 9585 363 2616
533 9854 344 2635
539 9722 378 2591
620 11060 363 2577
525 9586 365 2614
547 9734 378 2574
542 9646 378 2577
544 9712 358 2626
525 9586 365 2614
525 9540 365 2628
548 9585 363 2616
544 9712 358 2626
547 9349 431 2611
525 9540 365 2628
485 8759 375 2758
549 9333 431 2611
485 8759 375 2758
722 12356 391 2549
695 11914 331 2708
577 10543 411 2533
549 9345 431 2620
505 8874 371 2782
491 8850 375 2758
658 12034 360 2606
681 11826 333 2725
508 9034 364 2759
544 10086 422 2591
497 9171 384 2755
704 12004 398 2546
644 11285 363 2577
614 11382 367 2582
687 11802 331 2714
561 10188 411 2534
540 9624 344 2685
636 11893 348 2635
589 10032 334 2668
622 10996 357 2612
614 10896 400 2551
581 10280 389 2565
598 10432 396 2562
609 10773 368 2583
591 11023 349 2637
548 9387 431 2611
619 10395 388 2555
535 9513 372 2665
567 10579 372 2601
527 9474 365 2747
552 9572 351 2651
539 9505 351 2743
603 10892 369 2605
525 9619 375 2756
547 9697 380 2582
582 10438 372 2599
542 9866 345 2644
687 11802 331 2714
565 10172 378 2574
546 9534 350 2696
612 10675 388 2553
557 9789 374 2634
541 9393 355 2681
546 10036 377 2627
563 9619 388 2639
544 9600 361 2671
550 9535 354 2647
538 9603 399 2627
529 9491 362 2667
595 10972 368 2582
614 10628 369 2599
540 9921 353 2641
547 10017 378 2619
526 9589 363 2694
554 9855 374 2641
549 9796 378 2580
562 10192 352 2627
558 9950 378 2576
556 10114 378 2579
542 9735 361 2668
558 10074 375 2612
540 9598 355 2681
541 9589 350 2682
526 9479 388 2667
549 9349 431 2611
541 9589 350 2682
541 9589 350 2682
549 9349 431 2611
541 9589 350 2682
733 12557 391 2556
719 12287 398 2546
695 12002 331 2708
560 9502 459 2616
511 8865 398 2796
511 8865 398 2796
503 8954 375 2765
692 11877 331 2714
524 9243 365 2773
642 11407 367 2586
612 11190 339 2724
560 9371 431 2623
572 9804 431 2608
561 9899 413 2622
598 10627 411 2552
700 11955 331 2712
564 10051 354 2690
620 11038 374 2591
642 11407 367 2586
537 9972 371 2714
617 10819 379 2581
610 10367 345 2675
622 11016 403 2565
580 10503 378 2618
540 9611 355 2681
622 10321 334 2676
631 10972 388 2564
626 10510 355 2636
602 11078 347 2718
572 10127 356 2647
635 10920 398 2573
610 11111 342 2722
566 10602 358 2655
695 12002 331 2708
584 10525 356 2629
549 9940 361 2666
599 10861 401 2571
542 9915 377 2659
587 10519 381 2585
554 9785 355 2678
565 10193 385 2576
561 10164 351 2665
565 10226 360 2627
551 9848 384 2650
618 11030 400 2558
631 10972 394 2555
552 10009 353 2720
557 9526 379 2674
570 10348 348 2649
601 10834 383 2584
564 9955 359 2643
594 10931 355 2643
570 9982 403 2611
594 10620 378 2617
549 9589 431 2611
559 9531 431 2611
556 9919 358 2660
553 9610 359 2663
631 10972 394 2555
722 12323 398 2546
695 12061 331 2708
553 9751 445 2615
535 9525 365 2773
618 11347 424 2577
583 10273 398 2592
622 10676 336 2677
676 11767 429 2556
607 10829 393 2584
613 11142 348 2664
595 10255 353 2749
543 9665 374 2739
712 12146 398 2556
662 11497 376 2606
648 11981 359 2640
603 11061 384 2588
572 10476 397 2624
695 12030 331 2710
541 9759 382 2705
636 11478 379 2587
561 9552 431 2611
599 11110 428 2571
644 11630 369 2632
692 11488 368 2630
550 9694 355 2683
542 9829 355 2681
569 10022 359 2674
572 10188 361 2652
646 11425 371 2609
596 10394 364 2634
562 10116 383 2661
560 10058 431 2623
596 10364 366 2650
570 10344 369 2668
564 10141 376 2677
568 10295 376 2632
557 9685 355 2682
557 9711 355 2681
722 12457 398 2546
700 12105 331 2708
696 12603 360 2668
588 10288 444 2610
557 9761 355 2681
547 10106 379 2773
627 11441 342 2722
599 10203 425 2656
654 11415 386 2589
583 10303 402 2602
622 11159 428 2571
570 9814 431 2612
674 11656 339 2707
706 12586 348 2664
617 11059 371 2652
681 11581 341 2686
676 11898 339 2695
643 11193 385 2625
694 11850 374 2610
595 10457 382 2648
631 10993 337 2708
645 11405 373 2638
631 11018 377 2634
566 10176 431 2615
580 10413 361 2680
622 11223 357 2670
589 10775 366 2660
578 10332 373 2671
591 10667 431 2593
626 10686 367 2659
595 10598 378 2637
556 9810 372 2683
590 10899 378 2657
698 12558 361 2663
733 12484 398 2546
703 12268 331 2715
696 12803 397 2619
586 10012 446 2616
582 9821 374 2750
556 9835 402 2735
713 12516 398 2605
667 11791 386 2650
671 11989 406 2624
649 11016 416 2626
687 11880 346 2713
688 12550 446 2610
590 10322 431 2659
630 10879 422 2633
627 11313 378 2666
707 12242 331 2708
694 12081 414 2609
599 10540 431 2611
654 11108 404 2625
616 11116 410 2646
638 11310 412 2628
621 11174 406 2642
631 11518 395 2634
571 10291 365 2728
563 10225 366 2728
632 11276 354 2717
710 12209 341 2699
576 10689 366 2702
682 12615 339 2713
597 10337 389 2674
578 10595 356 2718
682 12615 339 2713
558 10399 384 2695
607 10941 384 2661
582 10752 358 2713
629 11501 397 2647
650 11810 377 2655
606 10575 395 2652
579 10008 372 2682
604 10831 366 2669
569 10082 381 2700
600 10804 381 2680
608 10136 355 2681
600 10273 357 2690
588 10356 371 2694
567 10152 396 2696
633 11188 372 2656
710 12541 388 2632
598 10376 358 2683
589 10751 367 2698
596 10747 358 2715
633 10771 389 2659
682 12615 339 2713
763 13453 335 2737
733 12554 398 2546
636 10844 432 2622
595 10165 386 2727
577 10271 373 2745
574 10503 383 2717
674 11817 420 2636
650 12020 365 2684
631 10902 399 2658
636 11284 422 2641
610 11128 355 2690
658 11535 428 2629
607 10473 381 2705
590 10590 374 2696
628 10980 389 2671
612 10770 372 2693
657 11618 428 2634
610 10375 357 2698
627 10658 432 2676
630 11563 395 2662
622 10759 355 2688
592 10462 391 2699
643 11601 373 2673
612 10297 382 2683
733 12558 398 2546
722 12812 428 2630
671 11191 358 2688
668 11591 436 2625
595 10602 375 2702
583 10607 381 2781
679 11951 428 2634
612 10746 421 2694
650 11451 391 2679
619 10956 365 2736
594 10835 393 2711
612 11086 374 2752
641 11043 364 2694
628 11122 390 2690
624 11372 390 2683
733 12563 398 2546
733 12563 398 2546
692 12170 368 2691
692 12147 444 2632
626 10960 387 2752
598 10970 382 2726
658 11485 414 2680
688 12234 428 2639
690 12172 428 2635
733 12563 398 2546
733 12594 398 2546
622 11268 385 2728
743 12684 398 2546
735 12598 398 2548
733 12595 398 2551
661 11889 425 2529
641 11477 428 2526
515 9435 346 2651
508 8557 378 2743
470 8238 382 2723
454 8297 402 2687
582 10552 368 2541
464 8511 419 2668
612 10229 365 2616
585 10516 368 2575
474 8772 406 2674
557 10080 396 2557
553 9930 374 2559
593 10156 357 2647
585 10460 347 2621
519 9359 397 2588
522 9063 362 2662
481 8280 382 2717
476 8630 402 2682
487 8575 378 2699
504 9159 394 2606
567 9564 355 2649
511 9195 405 2590
528 9419 382 2603
545 9687 378 2605
528 9445 381 2559
488 8913 380 2647
454 8297 402 2687
538 9640 371 2617
543 9787 372 2611
505 8794 387 2681
505 8794 387 2681
529 9253 377 2613
571 10366 361 2641
562 10120 406 2534
575 10185 360 2617
499 8890 376 2617
533 9103 369 2642
543 9646 365 2619
513 9505 369 2657
511 9115 372 2640
562 10276 362 2615
585 10388 355 2632
565 10434 356 2616
521 9118 365 2631
480 8744 395 2698
492 8850 395 2657
474 8772 406 2674
519 9176 362 2645
480 8744 395 2698
528 9419 382 2603
520 9206 359 2644
520 9140 359 2654
567 9564 355 2649
499 8789 395 2644
529 9153 397 2608
492 8850 395 2657
657 11809 428 2526
555 9642 346 2669
497 8353 382 2729
454 8315 402 2687
591 9318 408 2603
586 10603 364 2619
533 9515 381 2559
568 10148 406 2535
542 9716 371 2617
582 10559 368 2541
478 8841 406 2682
566 10499 356 2653
523 9370 397 2588
577 9837 346 2666
534 9473 348 2697
539 9197 418 2607
553 9972 378 2611
523 9370 397 2588
481 8855 419 2672
535 9877 353 2658
582 10439 363 2652
499 8542 382 2720
532 9351 359 2656
527 9681 377 2629
499 8570 382 2717
487 8675 391 2700
526 9305 362 2661
516 9121 379 2643
520 9234 394 2606
585 9314 418 2602
501 9036 397 2617
567 10211 369 2630
494 8861 395 2678
504 9251 385 2671
529 9352 366 2634
540 9218 387 2632
492 8675 378 2709
511 9471 379 2681
490 8628 389 2713
507 8843 396 2687
513 9570 403 2608
538 9874 377 2628
480 8756 419 2681
530 9076 391 2686
525 9526 365 2660
537 9423 365 2640
527 9258 365 2646
504 9077 386 2705
585 10462 347 2621
522 9706 370 2650
494 8918 395 2657
554 9942 378 2611
517 9411 377 2637
567 9580 369 2631
522 9108 370 2667
586 10603 364 2619
514 9266 382 2650
481 8855 419 2672
490 8628 389 2713
585 10462 347 2621
507 8843 396 2687
479 8689 402 2686
494 8918 395 2657
513 9570 403 2608
490 8628 389 2713
536 9210 418 2607
504 9077 386 2705
519 9252 378 2621
506 8801 378 2699
506 8801 378 2699
530 9076 391 2686
517 9411 377 2637
567 10211 369 2630
479 8689 402 2686
554 9942 378 2611
539 9197 418 2607
507 8843 396 2687
504 9077 386 2705
504 9077 386 2705
490 8628 389 2713
686 11582 365 2620
644 11882 354 2631
575 10296 406 2535
569 9923 346 2669
541 9560 358 2764
539 9788 470 2576
499 8414 382 2729
464 8479 402 2687
482 8888 419 2681
602 10785 347 2632
598 11313 359 2635
686 11582 365 2620
583 10590 368 2541
494 8945 395 2657
585 10506 364 2644
535 9904 387 2600
549 9418 418 2604
627 10575 368 2619
577 10255 352 2668
550 9790 358 2746
467 8443 402 2687
523 9297 372 2668
509 8806 378 2703
545 9738 381 2561
542 9769 381 2559
559 9819 346 2670
627 10575 368 2619
502 9088 397 2618
545 9635 358 2754
530 9294 378 2701
575 10064 354 2663
524 9234 379 2643
585 9961 380 2612
567 10063 359 2657
520 9437 395 2648
498 8641 389 2719
505 8695 382 2725
534 9552 379 2626
571 10088 378 2611
575 10296 406 2535
542 9726 371 2617
531 9449 370 2661
547 9991 364 2669
498 8641 389 2719
517 8876 399 2683
551 9540 365 2650
527 9210 387 2665
539 9809 391 2620
530 9738 369 2652
527 9385 399 2609
513 8680 382 2714
549 9538 396 2631
538 9127 391 2681
537 9668 369 2672
556 10144 353 2667
504 8759 389 2713
545 9635 358 2754
513 9620 403 2608
507 8730 382 2717
547 9733 359 2693
551 9483 369 2634
533 9222 381 2674
556 9585 402 2602
514 8926 378 2702
553 9648 403 2600
547 9733 359 2693
568 9787 359 2668
509 8806 378 2703
527 9385 399 2609
501 8848 378 2709
543 9911 369 2638
541 9661 385 2601
541 9647 362 2709
555 9651 346 2672
556 10144 353 2667
501 8720 382 2718
541 9647 362 2709
556 9778 362 2659
501 8930 419 2671
541 9661 385 2601
517 8876 399 2683
556 9778 362 2659
509 9196 397 2617
542 9769 381 2559
534 9790 362 2712
504 8743 382 2717
509 9196 397 2617
556 9585 402 2602
533 9222 381 2674
538 9127 391 2681
553 9626 402 2601
543 9911 369 2638
549 9538 396 2631
553 9626 402 2601
543 9911 369 2638
534 9790 362 2712
538 9127 391 2681
534 9790 362 2712
534 9790 362 2712
533 9222 381 2674
626 10884 358 2665
623 11462 347 2655
592 10681 368 2541
556 9786 346 2676
547 9675 358 2754
539 9804 470 2576
472 8555 402 2687
466 8559 402 2697
581 10561 429 2564
540 9800 470 2576
620 10938 363 2635
623 11389 350 2632
497 8947 406 2674
589 10530 425 2547
507 9127 412 2642
504 8749 389 2719
482 8895 419 2681
499 8805 398 2735
607 10809 359 2644
597 10487 362 2662
509 8806 378 2705
613 10609 373 2600
585 9210 418 2619
571 9829 390 2595
521 9536 395 2656
509 8611 382 2729
514 9386 395 2691
590 10712 368 2541
556 10160 353 2667
577 9961 372 2623
513 9318 397 2627
482 8895 419 2681
588 10352 381 2610
532 9474 397 2617
568 10457 382 2581
558 10065 375 2624
555 9771 358 2753
543 9935 369 2638
539 9602 375 2689
551 9580 369 2653
542 9201 404 2650
570 10426 383 2587
547 10003 364 2669
542 9937 392 2614
547 10118 377 2623
552 9766 365 2651
584 9786 387 2598
541 9447 380 2645
536 9343 409 2623
562 9363 405 2619
535 9669 403 2608
560 9717 369 2645
555 10247 362 2692
526 9371 381 2678
555 9771 358 2753
559 9899 385 2572
535 9843 362 2712
552 9759 377 2630
549 9773 359 2693
569 10162 384 2611
523 9538 387 2677
565 9691 397 2613
536 9830 362 2713
570 10426 383 2587
533 9463 383 2672
591 10605 381 2606
559 9899 385 2572
626 10884 358 2665
505 8597 382 2731
524 9342 384 2666
579 9871 383 2602
555 9867 398 2605
556 9871 397 2612
505 8597 382 2731
555 10247 362 2692
580 9682 369 2634
526 9371 381 2678
539 9804 470 2576
482 8895 419 2681
655 11821 354 2638
618 10818 381 2546
555 10105 481 2591
555 9852 358 2754
472 8603 402 2687
466 8708 447 2702
551 10138 470 2584
509 8655 382 2729
486 9021 434 2686
525 9323 403 2653
624 11326 369 2612
487 8988 419 2684
602 10689 441 2551
533 9494 420 2622
568 10091 423 2581
590 10990 408 2571
565 10029 360 2732
576 9904 417 2607
545 9603 394 2666
604 10830 381 2559
609 10638 354 2693
636 11000 367 2635
562 9630 375 2662
572 9994 410 2592
606 10813 354 2679
623 10468 358 2668
620 11240 370 2633
582 9966 391 2597
568 9941 356 2711
555 9795 379 2670
528 9531 391 2694
591 10112 356 2706
628 10651 381 2611
572 9907 398 2621
620 11085 371 2626
578 10978 388 2626
553 9856 385 2671
554 10171 364 2700
548 10009 390 2643
559 9823 366 2665
530 9803 407 2648
569 10385 355 2702
617 10860 373 2600
564 10064 400 2625
553 9915 362 2706
571 10125 405 2598
602 10425 384 2633
546 9936 392 2639
567 9619 382 2648
636 11000 367 2635
557 9990 377 2657
617 10860 373 2600
554 10328 403 2609
556 10214 377 2635
606 10150 388 2621
578 10640 373 2630
545 9954 371 2659
549 10331 403 2626
548 10050 372 2639
556 10214 377 2635
568 9941 356 2711
563 10102 376 2637
578 10640 373 2630
563 10102 376 2637
692 12114 359 2639
643 11672 440 2555
611 11222 356 2685
604 10973 474 2578
560 10109 367 2754
498 9081 402 2688
533 9602 419 2663
657 11184 378 2627
602 9983 364 2721
553 9599 419 2680
563 9943 411 2672
556 10056 392 2699
550 10038 393 2650
605 10733 416 2622
572 10086 384 2733
584 10325 418 2599
629 11107 427 2581
648 11649 374 2612
587 10413 384 2646
648 11779 418 2560
624 11326 369 2622
640 11541 422 2571
600 11070 429 2572
632 11268 390 2602
623 11508 370 2645
570 10208 366 2751
630 11033 425 2571
582 10269 409 2623
559 9948 432 2648
620 10900 392 2609
616 11136 381 2606
613 10736 374 2632
569 10250 380 2670
652 11101 366 2665
589 10811 374 2641
564 10150 369 2680
571 10080 387 2661
571 10071 401 2647
563 10123 386 2652
610 11308 402 2638
648 11779 418 2560
579 10065 428 2608
559 10384 373 2651
574 10185 381 2649
603 10811 379 2639
570 9984 410 2639
589 10811 374 2641
706 12660 432 2567
669 11676 459 2589
668 12108 440 2555
662 12061 368 2713
512 9259 406 2689
533 9819 419 2669
672 11777 440 2561
539 9554 402 2705
578 10600 393 2649
573 10434 375 2680
610 10986 433 2614
636 11090 413 2625
618 10914 396 2639
519 9482 409 2688
596 10528 426 2629
564 10236 390 2673
658 11546 394 2608
557 10135 404 2670
651 11579 385 2612
541 9505 403 2690
664 11427 377 2652
599 10590 428 2628
559 10314 393 2662
627 11651 370 2629
560 10171 397 2666
623 11036 382 2663
626 11460 378 2636
641 11214 410 2631
664 11240 381 2632
639 11213 407 2633
663 12008 440 2557
668 12108 440 2555
659 12030 440 2556
659 12030 440 2556
663 12008 440 2557
689 12320 440 2556
649 11687 376 2634
560 10216 456 2667
559 9479 422 2691
552 9693 403 2721
524 9667 447 2697
660 11244 418 2631
671 12146 448 2560
634 11361 389 2664
595 10806 388 2683
554 9930 434 2683
617 10418 408 2684
642 11250 419 2637
581 10200 397 2696
606 10560 390 2710
590 10635 380 2699
618 10576 396 2704
670 12228 440 2557
611 10735 376 2702
593 10748 399 2686
669 12018 406 2653
665 12095 377 2648
663 12473 383 2660
619 10958 388 2769
560 10242 423 2691
632 11493 397 2714
663 11992 400 2679
640 11622 393 2694
640 11154 379 2704
627 10771 412 2699
627 10771 412 2699
619 11031 402 2687
705 12592 386 2677
629 11833 414 2732
