201 44.3276
471 8174 346 2254
466 8199 346 2254
395 7003 299 2303
361 6286 313 2341
357 6539 307 2443
355 6529 319 2435
427 7375 334 2255
460 8077 327 2261
362 6343 305 2377
439 7932 318 2266
359 6503 300 2410
445 7621 301 2299
424 7636 322 2263
365 6369 305 2368
361 6286 313 2341
376 6675 326 2300
381 6635 314 2273
438 7554 327 2262
397 7132 315 2271
360 6408 299 2422
389 6769 300 2306
366 6417 306 2326
378 6616 304 2316
389 7023 330 2269
394 6994 308 2296
355 6529 319 2435
360 6425 303 2415
400 6868 309 2291
371 6339 305 2322
416 7298 328 2260
427 7299 321 2264
374 6640 309 2309
361 6324 329 2339
407 7217 322 2267
425 7570 307 2283
421 7490 320 2265
395 6905 325 2269
395 6855 300 2303
397 6803 313 2289
407 6929 310 2281
370 6287 308 2419
405 7156 302 2287
440 7632 322 2263
413 7352 330 2258
357 6539 307 2443
391 7031 330 2265
385 6532 311 2312
420 7318 318 2267
422 7347 307 2284
402 7002 328 2265
466 8199 346 2254
374 6605 309 2314
406 7253 316 2270
401 7157 310 2278
440 7406 320 2266
415 7196 308 2284
386 6615 299 2320
368 6357 299 2333
377 6561 307 2314
406 7253 316 2270
368 6357 299 2333
377 6605 312 2303
421 7550 308 2282
370 6415 312 2312
420 7421 309 2282
427 7299 321 2264
425 7143 310 2277
395 6813 313 2298
423 7310 330 2258
369 6374 311 2319
361 6471 299 2412
420 7421 302 2286
395 6905 325 2269
389 7023 330 2269
391 7031 330 2265
370 6309 307 2415
361 6471 299 2412
419 7208 322 2270
439 7523 309 2281
366 6323 321 2340
427 7299 321 2264
439 7523 309 2281
395 7003 299 2303
385 6532 311 2312
425 7143 310 2277
419 7208 322 2270
413 7352 330 2258
369 6374 311 2319
406 7253 316 2270
420 7421 302 2286
385 6532 311 2312
395 7003 299 2303
361 6286 313 2341
395 7003 299 2303
395 7003 299 2303
395 6905 325 2269
501 8720 327 2262
467 8219 346 2254
395 7014 299 2303
366 6373 329 2339
363 6399 329 2339
472 8192 346 2254
377 6554 305 2322
445 7785 302 2286
439 7934 318 2266
427 7385 334 2255
381 6739 320 2308
416 7408 330 2258
420 7331 318 2267
388 6889 307 2314
396 6697 313 2311
388 6957 315 2293
394 6930 333 2280
392 6768 314 2301
408 7009 309 2299
396 6930 323 2290
406 7186 310 2278
424 7658 322 2263
409 7371 302 2290
428 7213 310 2277
370 6431 312 2312
413 7206 315 2271
422 7352 307 2284
409 7182 328 2265
426 7540 310 2277
399 6874 314 2273
370 6431 312 2312
437 7729 302 2287
399 6874 314 2273
433 7703 321 2264
435 7700 308 2282
423 7365 328 2260
436 7562 309 2282
432 7683 309 2282
427 7385 334 2255
413 7206 315 2271
427 7385 334 2255
427 7385 334 2255
427 7385 334 2255
427 7385 334 2255
472 8289 346 2254
447 7899 302 2290
376 6447 329 2342
377 6651 329 2330
427 7403 334 2255
462 8080 321 2264
391 6916 329 2329
417 7065 312 2303
399 6892 314 2273
395 6940 307 2314
435 7598 302 2292
411 7241 306 2306
437 7845 322 2263
447 7427 315 2271
446 7991 308 2282
417 7152 311 2311
409 7319 330 2265
433 7410 328 2261
421 7214 310 2279
427 7562 307 2286
440 7678 330 2258
431 7303 310 2277
398 6927 319 2314
437 7954 309 2284
406 6926 311 2314
439 7755 328 2260
420 7425 318 2267
414 7411 310 2278
439 7938 318 2266
420 7309 310 2289
429 7582 328 2263
441 7738 328 2260
441 7738 328 2260
439 7938 318 2266
439 7755 328 2260
516 9236 321 2264
472 8319 346 2254
423 7443 306 2306
382 6687 329 2339
482 8637 322 2263
395 6942 307 2314
516 9236 321 2264
435 7365 310 2285
409 6983 314 2274
452 7902 309 2301
464 8097 309 2282
434 7412 334 2255
447 7556 310 2277
445 7837 330 2259
472 7908 315 2271
426 7456 330 2269
439 7948 318 2266
436 7458 328 2261
432 7535 334 2255
433 7523 313 2278
402 6959 314 2275
449 7871 318 2267
462 7866 330 2258
439 7416 328 2270
448 7480 310 2277
448 7905 328 2260
436 7458 328 2261
516 9254 321 2264
481 8379 346 2254
427 7657 306 2306
394 6821 329 2339
510 8710 322 2263
482 8372 346 2254
413 7183 307 2314
434 7413 334 2255
462 8147 330 2258
400 7104 329 2331
420 7293 314 2287
439 7719 310 2292
403 6969 315 2290
437 7478 328 2261
449 7525 310 2277
445 8016 318 2266
431 7772 330 2269
425 7143 315 2274
447 7866 310 2289
455 7879 318 2267
427 7453 314 2284
481 8379 346 2254
417 7544 330 2274
452 8010 328 2260
450 7942 321 2267
449 7947 321 2267
449 7947 321 2267
530 9577 321 2264
482 8484 310 2278
481 8389 346 2254
403 7117 329 2325
496 8699 330 2258
434 7423 334 2255
521 9187 315 2274
418 7295 311 2319
514 9044 314 2277
411 7203 319 2310
442 7821 313 2297
425 7417 318 2309
453 8013 322 2270
467 8021 328 2260
439 7665 330 2270
447 7929 310 2292
442 7492 328 2261
442 7757 314 2289
444 7734 314 2284
458 7880 318 2267
426 7448 315 2282
462 8204 330 2259
455 7909 310 2280
436 7391 315 2278
449 8034 318 2266
438 7917 321 2274
461 8116 328 2260
464 8145 315 2276
463 7801 321 2276
443 7479 318 2277
538 9752 321 2264
487 8506 346 2254
473 8229 310 2281
422 7239 319 2310
415 7283 329 2330
519 9144 330 2258
489 8445 318 2267
434 7423 334 2264
431 7581 322 2303
425 7416 311 2319
433 7591 315 2284
450 8237 326 2273
481 8142 312 2312
442 7650 328 2261
436 7558 334 2255
466 7898 320 2277
465 8312 313 2308
471 8180 314 2303
451 7947 313 2310
462 8193 328 2260
467 8071 328 2260
436 7398 315 2280
464 8235 321 2272
431 7619 318 2284
468 8236 330 2259
464 8094 320 2273
466 7964 322 2273
436 7404 315 2278
535 9084 318 2268
493 8598 346 2254
479 8348 310 2287
433 7419 313 2327
423 7247 319 2310
517 8687 318 2271
442 7559 334 2255
436 7408 315 2278
453 8019 330 2262
467 7660 328 2263
495 8830 318 2274
494 8835 322 2268
476 8318 330 2259
485 8434 325 2276
440 7655 334 2255
485 8468 320 2273
470 8132 328 2260
449 8077 330 2263
484 8528 322 2277
460 8029 330 2261
493 8276 330 2259
469 8198 328 2260
556 9717 318 2270
554 9793 310 2288
527 9208 313 2299
495 8638 346 2254
436 7438 315 2278
514 9048 320 2273
446 7636 338 2258
447 7696 334 2255
467 8077 328 2265
484 8560 322 2277
458 8203 330 2276
489 8445 330 2259
476 8342 328 2260
471 8408 330 2264
477 8134 328 2260
521 9139 320 2273
496 8640 346 2254
449 7551 315 2278
439 7609 330 2279
467 8447 330 2265
481 8214 328 2260
447 7942 338 2270
476 8386 328 2260
456 7999 334 2256
440 7775 316 2278
464 7941 334 2255
495 8446 330 2259
450 7981 337 2271
502 8506 330 2259
498 8731 328 2260
497 8688 346 2254
466 7770 346 2285
452 7760 315 2286
452 7677 321 2290
476 8264 334 2256
472 8466 345 2261
457 8025 315 2279
458 7982 346 2270
489 8346 328 2263
460 7842 322 2278
465 7928 315 2278
484 8282 329 2261
468 8132 334 2262
493 8316 328 2262
462 8057 346 2257
461 8133 346 2263
502 8506 330 2259
528 9051 330 2259
514 9280 334 2256
503 8792 346 2254
457 7845 320 2292
454 7969 315 2286
500 8656 328 2268
469 8385 339 2265
481 8400 346 2257
466 8092 329 2279
468 7982 315 2278
484 8338 329 2261
484 8338 329 2261
529 9464 315 2278
506 8793 346 2254
505 8798 346 2254
472 8042 315 2292
470 8447 321 2293
470 8447 321 2293
484 8418 329 2261
483 8073 346 2285
485 8271 329 2281
472 8384 321 2286
474 8258 315 2283
552 9485 315 2281
495 8545 329 2261
487 8468 330 2275
481 8276 315 2283
474 8323 322 2295
470 8459 321 2293
475 8581 321 2283
485 8485 329 2263
477 8310 315 2283
516 8718 330 2263
510 8913 346 2263
507 8962 329 2261
483 8354 315 2283
471 8486 321 2293
490 8511 341 2274
498 8791 334 2264
481 8455 321 2293
495 8656 346 2266
481 8511 318 2283
486 8697 330 2270
497 8864 330 2267
513 8885 346 2262
475 8475 321 2293
496 8659 330 2273
490 8709 330 2268
535 9582 330 2263
532 9255 338 2262
500 8920 346 2267
494 8519 329 2283
489 8739 321 2293
486 8757 321 2302
519 8981 329 2272
526 9440 332 2266
526 9304 338 2265
487 8858 322 2283
494 8787 330 2276
490 8798 325 2283
539 9547 338 2265
501 8842 321 2293
494 8540 330 2289
523 9507 330 2280
502 8672 329 2283
537 9544 338 2269
565 10119 338 2272
513 8804 332 2287
552 10083 391 2244
450 7909 417 2244
359 6251 299 2426
359 6192 307 2402
515 9231 315 2264
479 8631 401 2244
495 8985 309 2279
432 7657 375 2249
487 8550 327 2258
363 6505 300 2420
494 8932 315 2266
430 7578 353 2252
361 6299 302 2402
388 7049 318 2300
418 7504 343 2254
468 8287 343 2253
425 7701 385 2250
374 6704 323 2336
452 7763 417 2245
426 7709 369 2250
453 8087 359 2251
450 8104 359 2251
411 7331 321 2263
437 7596 337 2254
456 8029 299 2318
362 6356 305 2377
431 7836 391 2247
383 6823 305 2339
416 7386 309 2306
421 7469 369 2251
472 8285 407 2245
394 6794 302 2354
483 8527 322 2260
373 6486 299 2391
408 7149 329 2269
368 6378 300 2385
462 8237 307 2281
479 8485 299 2315
407 7317 353 2253
406 7116 332 2260
460 8310 343 2253
376 6586 304 2369
414 7257 309 2309
387 6895 306 2333
431 7836 391 2247
382 6631 316 2345
402 7222 316 2275
380 6748 312 2334
406 6993 299 2363
371 6430 307 2370
428 7794 401 2247
390 6960 313 2327
369 6415 300 2381
425 7701 385 2250
380 6670 316 2346
364 6392 300 2397
377 6558 309 2350
440 7936 308 2286
378 6640 302 2362
443 7882 302 2293
442 7695 310 2277
472 8285 407 2245
412 7242 306 2328
434 7863 300 2296
456 8209 328 2255
427 7450 335 2259
432 7670 301 2325
370 6440 299 2394
366 6325 307 2396
374 6552 313 2358
401 7103 299 2360
390 6954 335 2280
457 8145 315 2267
414 7171 322 2265
457 8198 311 2271
418 7421 313 2273
471 8471 401 2245
417 6841 299 2352
421 7505 337 2259
363 6393 299 2422
428 7631 301 2331
397 6916 307 2317
452 7953 304 2287
452 7820 305 2296
442 7936 315 2268
417 7304 307 2292
439 7928 308 2287
472 8285 407 2245
404 7029 311 2289
398 7050 315 2314
445 7639 417 2246
495 8985 309 2279
404 7029 311 2289
396 7070 311 2292
416 7404 316 2270
428 7624 385 2250
402 7085 311 2288
433 7741 337 2254
462 8237 307 2281
445 7639 417 2246
432 7670 301 2325
398 7055 337 2266
471 8471 401 2245
452 7953 304 2287
472 8285 407 2245
398 7055 337 2266
451 7634 417 2247
398 7055 337 2266
450 8104 359 2251
402 7085 311 2288
431 7836 391 2247
426 7709 369 2250
428 7794 401 2247
452 7759 401 2247
472 8285 407 2245
495 8985 309 2279
472 8285 407 2245
471 8471 401 2245
560 10210 401 2244
492 8749 299 2318
462 7933 417 2244
456 7772 417 2248
359 6194 307 2402
359 6194 307 2402
359 6194 307 2402
504 9108 401 2245
507 8600 369 2250
399 6890 307 2375
429 7594 307 2339
397 6898 307 2364
392 6995 335 2280
480 8440 407 2245
443 7888 302 2293
460 8392 391 2247
412 7368 324 2279
400 6891 306 2371
432 7686 375 2249
429 7649 385 2250
493 8665 316 2267
472 8316 328 2257
451 8027 308 2286
431 7830 401 2247
398 7055 345 2269
463 8370 343 2253
421 7240 311 2289
450 8107 359 2251
485 8219 332 2261
426 7564 337 2262
441 7818 353 2252
440 7689 337 2254
444 7812 353 2252
448 8198 308 2290
418 7534 313 2273
435 7625 412 2250
424 7324 322 2265
414 7354 311 2292
419 7481 321 2263
485 8558 315 2270
392 6995 335 2280
455 7950 417 2244
443 7888 302 2293
398 7067 337 2266
435 7625 412 2250
486 8587 322 2260
490 8598 327 2258
450 8107 359 2251
462 8275 307 2281
419 7474 316 2270
418 7534 313 2273
422 7332 337 2263
432 7500 307 2292
450 8107 359 2251
467 8266 311 2271
490 8598 327 2258
467 8266 311 2271
467 8266 311 2271
455 7950 417 2244
509 9191 401 2245
498 8869 299 2318
458 8015 417 2244
458 7986 417 2245
359 6209 307 2402
421 7320 314 2355
403 6979 307 2386
409 6961 307 2373
484 8573 391 2247
451 8122 359 2251
432 7704 375 2249
408 7063 307 2375
468 8471 401 2247
463 8391 343 2253
428 7431 322 2271
435 7629 412 2250
472 8285 415 2248
445 7780 311 2289
493 8664 311 2277
461 8245 337 2256
452 7857 309 2299
419 7562 316 2270
496 8718 327 2258
444 7933 302 2293
454 8332 353 2252
434 7683 348 2269
444 7856 337 2262
432 7827 313 2273
492 8695 321 2266
429 7680 385 2250
447 7905 309 2299
439 7660 322 2267
496 8718 327 2258
443 7897 353 2254
450 7848 310 2292
443 7704 322 2265
490 8667 322 2260
419 7562 316 2270
429 7680 385 2250
451 7978 327 2264
490 8667 322 2260
429 7680 385 2250
451 7864 309 2299
496 8718 327 2258
528 9543 401 2246
526 9630 401 2248
458 8181 302 2293
458 8027 417 2244
359 6210 307 2402
416 7337 307 2373
466 8054 303 2315
499 8811 412 2248
433 7718 375 2249
432 7788 338 2300
451 8150 359 2251
485 8546 313 2273
435 7652 412 2250
456 8235 353 2260
479 8607 335 2264
439 7791 319 2290
442 8016 335 2280
496 8725 327 2258
495 8684 353 2253
465 8246 337 2256
499 8792 321 2266
463 8048 305 2296
447 7872 311 2293
452 7895 309 2299
463 8175 315 2274
443 7705 322 2265
443 7947 321 2276
447 7903 313 2277
527 9561 401 2245
529 9583 353 2256
481 8644 303 2316
470 8027 417 2244
452 7745 322 2280
445 7853 321 2383
433 7842 377 2254
527 9579 401 2245
483 8385 309 2307
507 9176 308 2306
511 8989 321 2266
498 8778 303 2313
453 8165 359 2251
474 8580 316 2283
510 9081 337 2257
462 8190 327 2265
433 7754 380 2258
450 8074 316 2291
459 8031 417 2244
436 7825 375 2249
447 7918 329 2271
499 8789 353 2262
501 8807 327 2258
506 8714 321 2273
438 7794 375 2249
459 8171 314 2288
453 8000 319 2277
446 7949 324 2274
448 8120 315 2285
500 8792 337 2260
434 7787 375 2251
527 9591 401 2245
506 8935 303 2313
466 8140 417 2244
460 8014 417 2253
459 8075 319 2330
446 8033 391 2251
489 8525 329 2266
509 8747 337 2265
527 9591 401 2245
477 8498 316 2295
503 9102 353 2264
520 9169 321 2266
452 8305 339 2280
472 8442 375 2249
452 8212 321 2296
461 8176 369 2258
466 8412 324 2287
508 8972 345 2264
507 9026 327 2258
460 8290 359 2251
458 8085 353 2289
452 8140 385 2266
464 8269 353 2276
462 8302 329 2270
467 8251 321 2291
520 9169 321 2266
447 8088 386 2265
473 8064 417 2248
527 9591 401 2245
541 9584 326 2283
495 8578 322 2346
479 8342 351 2370
469 8184 417 2245
460 8045 407 2253
459 8309 391 2257
467 8494 341 2330
512 9126 327 2258
483 8816 375 2249
478 8508 324 2288
518 8826 329 2276
460 8324 359 2251
490 8458 407 2249
502 8619 329 2280
460 8177 396 2252
500 8681 345 2277
495 8966 329 2271
498 8916 348 2272
510 8882 329 2274
491 8842 324 2287
510 8912 329 2266
501 8655 329 2280
530 9254 425 2247
527 9091 322 2346
518 9400 375 2250
468 8151 412 2257
460 8360 391 2257
493 8911 348 2340
494 8818 324 2299
508 8703 329 2280
478 8339 359 2253
504 8795 340 2286
460 8393 375 2253
499 8967 401 2250
513 9229 343 2267
469 8359 359 2251
464 8354 385 2256
495 8966 332 2271
461 8330 391 2257
527 9209 337 2260
504 8877 412 2250
520 9253 327 2258
527 9163 329 2269
519 9239 396 2250
460 8360 391 2257
460 8360 391 2257
552 9460 327 2266
540 9865 327 2258
512 9420 325 2315
509 9117 415 2250
505 9123 343 2370
461 8367 393 2263
460 8428 375 2262
488 8402 362 2308
470 8430 359 2251
496 8868 351 2365
528 9587 337 2266
513 8823 338 2344
523 9258 345 2278
514 9133 346 2343
461 8380 391 2257
518 9217 348 2274
525 9371 353 2258
551 9742 351 2362
543 9815 351 2364
543 9815 341 2365
493 8741 359 2251
477 8581 391 2251
463 8422 391 2257
534 9473 353 2258
488 8567 361 2267
477 8834 359 2251
470 8548 375 2253
471 8586 365 2254
475 8615 359 2260
471 8452 375 2253
543 9815 351 2364
548 9915 351 2364
507 8894 359 2251
488 8545 391 2257
470 8621 409 2263
483 8716 380 2268
535 9525 353 2258
484 8640 359 2352
505 9124 369 2254
497 8956 359 2263
474 8677 385 2256
484 8714 396 2252
513 8879 369 2253
496 8647 369 2257
489 8878 369 2262
540 9637 353 2258
520 9494 359 2251
508 8962 359 2367
484 8731 401 2253
521 8933 380 2313
531 9284 364 2269
511 9127 396 2252
515 8972 364 2276
513 8989 375 2254
516 8983 369 2259
566 10416 369 2251
556 9748 353 2259
543 9805 359 2367
510 9205 407 2253
486 8795 401 2257
519 9192 370 2270
528 9303 380 2267
560 10135 359 2252
521 9529 367 2255
587 10371 353 2262
567 10103 407 2255
535 9322 380 2267
539 9849 387 2256
535 9395 380 2267
471 8205 322 2269
432 7746 299 2293
423 7558 388 2256
370 6308 307 2425
363 6425 299 2439
359 6556 319 2438
440 7639 336 2261
431 7779 372 2257
410 7371 372 2258
422 7601 388 2256
367 6565 299 2416
376 6709 323 2332
431 7469 362 2258
427 7693 336 2261
364 6392 300 2397
372 6478 299 2394
431 7748 352 2259
407 7351 372 2259
374 6552 313 2358
362 6356 305 2377
365 6402 310 2372
418 7529 346 2260
396 7124 356 2260
382 6663 299 2385
377 6615 306 2351
360 6599 319 2428
368 6378 300 2382
420 7599 362 2258
383 6823 305 2339
395 7105 330 2263
392 7060 346 2261
379 6673 313 2348
403 7390 340 2262
379 6719 317 2295
378 6789 307 2343
370 6316 307 2421
434 7444 308 2281
401 7405 328 2264
364 6494 299 2430
435 7672 336 2261
419 7568 340 2261
363 6505 300 2420
404 7015 314 2283
378 6640 302 2362
384 6646 299 2320
394 6984 321 2272
388 6776 302 2304
401 6920 299 2312
415 7313 328 2265
373 6541 304 2364
383 6751 299 2365
392 7090 330 2265
407 7359 299 2299
412 7164 301 2291
419 7494 356 2259
387 6912 310 2285
425 7459 323 2268
387 6852 303 2295
395 7006 315 2277
415 7343 324 2267
383 6822 317 2292
386 6735 309 2311
384 6870 309 2286
408 7127 314 2276
398 7236 321 2270
408 7216 299 2302
400 7174 303 2289
406 7272 324 2268
410 7184 336 2262
406 7255 314 2277
377 6748 321 2273
402 6758 302 2309
415 7343 324 2267
395 7047 302 2290
417 7151 301 2291
389 6745 303 2315
389 6745 303 2315
386 6656 299 2316
384 6646 299 2320
386 7090 321 2271
426 7680 302 2289
399 7225 299 2302
385 6865 309 2286
418 7289 304 2285
406 6909 299 2312
420 7606 309 2279
413 7355 372 2258
419 7494 356 2259
415 7322 304 2285
395 7047 299 2303
417 7151 301 2291
420 7606 309 2279
415 7322 304 2285
433 7345 323 2268
392 7182 315 2274
392 7060 346 2261
405 7235 336 2262
395 7092 309 2280
402 6758 302 2309
422 7601 388 2256
419 7450 315 2273
394 6984 321 2272
419 7568 340 2261
414 7474 388 2257
419 7450 315 2273
394 7012 346 2261
423 7558 388 2256
423 7604 309 2279
401 7405 328 2264
402 6758 302 2309
422 7601 388 2256
414 7474 388 2257
414 7474 388 2257
422 7601 388 2256
406 6909 299 2312
408 7234 362 2259
394 7012 346 2261
414 7474 388 2257
422 7601 388 2256
422 7601 388 2256
422 7601 388 2256
422 7601 388 2256
414 7474 388 2257
394 6984 321 2272
491 8723 346 2260
423 7560 388 2256
414 7478 388 2257
413 7350 299 2302
397 6840 318 2324
387 6922 310 2285
472 8380 378 2257
447 8148 328 2264
457 8303 316 2273
487 8528 307 2287
394 6845 303 2315
442 7917 314 2278
413 7359 372 2258
420 7341 362 2259
407 7063 314 2283
425 7002 299 2320
428 7754 340 2261
401 6947 309 2293
411 7390 324 2268
425 7513 323 2268
395 7154 302 2298
392 7108 346 2261
405 7245 336 2262
434 7667 301 2291
431 7483 362 2258
424 7751 301 2299
400 7200 356 2260
416 7633 309 2281
438 7917 303 2289
412 7296 302 2290
395 7021 346 2262
436 7586 301 2291
440 7641 336 2261
427 7402 308 2287
403 7238 309 2284
395 7108 330 2263
405 7369 321 2270
421 7553 356 2259
431 7772 352 2259
396 7222 315 2274
400 7120 315 2279
421 7642 308 2288
392 7210 321 2271
431 7772 352 2259
432 7824 299 2293
400 7100 321 2275
432 7824 299 2293
392 7210 321 2271
435 7466 308 2281
400 7100 321 2275
435 7466 308 2281
413 7144 309 2289
395 7108 330 2263
394 7033 346 2261
432 7824 299 2293
431 7772 352 2259
431 7483 362 2258
395 7108 330 2263
431 7772 352 2259
431 7483 362 2258
431 7483 362 2258
489 8439 328 2267
471 8452 328 2267
436 7933 299 2293
424 7624 388 2256
420 6940 303 2315
415 7536 388 2257
388 6973 310 2285
462 8091 314 2278
395 7118 330 2263
445 7658 336 2261
421 7179 303 2308
426 7791 299 2302
414 7601 315 2275
410 7487 321 2270
433 7842 300 2296
413 7361 372 2258
408 7256 336 2262
404 7266 356 2260
436 7866 352 2259
432 7561 308 2289
421 7485 304 2298
410 7134 303 2315
426 7425 362 2259
413 7361 372 2258
404 7174 307 2302
419 7589 346 2261
406 7290 323 2278
426 7425 362 2259
407 7210 315 2279
423 7329 314 2283
411 7398 309 2284
421 7518 346 2261
438 7504 308 2281
418 7539 328 2268
425 7514 323 2268
422 7568 356 2259
418 7595 307 2291
420 7648 309 2281
437 7613 362 2258
420 7648 309 2281
413 7361 372 2258
413 7361 372 2258
413 7361 372 2258
474 8317 308 2284
439 7973 299 2293
432 7625 388 2256
412 7040 314 2317
397 7132 341 2269
450 8035 346 2261
466 7846 308 2307
413 7384 372 2258
443 7796 321 2274
437 7579 306 2311
431 7547 323 2268
420 7651 309 2281
468 8216 321 2271
472 8107 308 2290
402 7100 311 2299
427 7445 362 2259
426 7685 388 2257
438 7958 304 2299
404 7272 320 2285
400 7185 320 2289
406 7146 330 2264
440 7953 299 2293
410 7197 330 2263
437 7891 352 2259
426 7582 346 2262
410 7323 315 2279
431 7866 321 2272
431 7725 356 2259
432 7630 336 2262
411 7439 309 2284
440 7918 315 2278
426 7731 336 2262
407 7356 330 2263
440 7636 362 2258
480 8445 346 2261
469 8457 330 2263
444 8151 299 2302
433 7747 388 2256
414 7474 388 2266
412 7071 323 2337
401 7230 351 2272
411 7139 318 2327
471 8251 321 2274
466 8071 308 2294
431 7350 336 2316
467 8092 302 2300
416 7423 380 2261
409 7333 338 2273
461 8077 362 2258
449 7857 362 2259
419 7447 310 2284
454 7903 323 2270
425 7594 372 2260
415 7215 346 2271
410 7353 330 2274
431 7816 388 2257
417 7552 336 2263
437 7748 324 2277
434 7727 336 2262
432 7752 356 2260
427 7463 372 2258
416 7483 309 2284
414 7514 340 2266
430 7440 372 2258
458 7884 323 2268
416 7510 315 2279
440 7961 352 2259
423 7466 336 2269
445 7927 316 2278
446 8016 323 2268
431 7772 352 2262
429 7745 309 2281
448 7975 324 2273
438 7741 388 2257
491 8595 330 2263
483 8824 330 2263
467 8093 302 2300
435 7861 388 2256
429 7594 388 2267
428 7212 318 2327
423 7429 328 2332
410 7315 351 2272
465 8205 362 2258
467 8093 302 2300
433 7489 318 2324
437 7757 336 2262
414 7410 330 2276
450 8022 356 2261
456 8160 316 2279
424 7640 309 2290
448 8019 324 2271
430 7457 372 2268
428 7651 346 2266
427 7609 372 2258
431 7553 336 2274
420 7587 316 2287
426 7550 309 2284
423 7526 315 2281
424 7295 318 2327
432 7689 324 2280
449 8168 323 2269
433 7463 320 2286
435 7563 346 2271
489 8656 304 2300
444 7576 318 2327
438 7865 388 2256
426 7633 316 2287
484 8194 315 2281
471 8375 323 2272
468 8455 323 2269
464 8242 356 2261
449 8092 328 2272
448 8017 346 2262
458 8326 340 2264
440 7610 314 2292
431 7647 330 2276
437 7652 362 2269
456 7838 342 2267
429 7710 310 2285
437 7908 372 2258
432 7701 372 2264
456 8232 338 2266
432 7802 315 2283
435 7679 346 2266
430 7698 309 2284
444 7606 315 2283
435 7905 372 2259
440 7640 372 2258
438 7846 372 2261
437 7908 372 2258
437 7908 372 2258
505 9028 323 2272
445 7976 388 2256
433 7744 310 2285
431 7706 315 2297
486 8552 324 2269
470 8490 332 2271
452 8203 348 2268
439 7785 332 2276
466 8055 342 2267
451 8050 362 2262
467 8348 340 2264
466 8240 340 2274
439 7922 372 2258
441 7871 372 2258
441 7892 364 2268
451 7935 346 2272
436 7974 346 2269
505 9056 323 2272
465 8154 312 2289
450 7811 313 2312
448 8003 388 2256
444 7929 372 2258
491 8833 336 2271
482 8100 315 2292
471 8403 343 2278
505 9056 323 2272
484 8498 351 2274
470 8559 336 2273
463 8067 362 2274
454 7934 325 2288
468 8523 348 2268
458 8139 315 2285
467 8380 364 2269
453 7916 364 2278
470 8126 316 2292
449 7899 348 2286
505 9107 323 2272
497 9192 348 2269
464 8204 318 2285
457 8270 388 2257
444 7941 372 2261
470 8577 346 2273
503 8988 338 2276
448 7950 372 2258
505 9058 337 2280
522 9396 323 2272
514 9093 388 2257
470 8210 319 2298
452 7974 372 2258
446 8011 380 2267
480 8508 333 2286
503 8937 320 2290
509 9297 330 2283
495 8955 372 2258
472 8328 320 2301
461 8309 388 2260
454 7990 372 2262
472 8468 372 2260
465 8108 388 2260
457 8135 372 2261
471 8266 388 2260
458 8041 372 2263
471 8284 388 2260
468 8210 378 2266
494 8677 388 2260
475 8258 307 2281
470 8470 334 2249
417 7360 410 2237
370 6205 307 2425
367 6565 299 2416
357 6499 307 2446
355 6531 319 2438
471 8306 306 2295
441 7775 384 2239
364 6392 300 2397
426 7542 346 2244
459 7934 307 2289
404 7325 317 2301
423 7480 362 2242
378 6640 302 2362
361 6329 305 2388
406 7272 388 2239
457 7937 374 2240
428 7649 315 2278
409 7216 378 2240
438 7721 404 2237
435 7331 310 2310
409 7170 394 2238
379 6673 313 2348
405 7053 356 2243
392 6971 350 2249
379 6747 323 2336
372 6589 323 2343
451 8117 333 2250
395 7137 318 2321
422 7369 368 2241
444 7889 315 2269
386 6838 323 2331
474 8271 328 2254
368 6376 300 2373
371 6460 299 2380
387 6895 306 2333
394 6794 302 2354
383 6810 318 2338
359 6559 319 2435
422 7501 337 2248
370 6293 307 2392
432 7479 314 2285
439 7792 321 2261
438 7721 404 2237
454 8034 333 2250
402 7013 368 2243
357 6530 312 2444
414 7404 410 2237
402 7273 315 2324
455 7799 352 2243
408 7244 394 2238
452 7836 313 2285
417 7405 333 2251
405 6952 299 2365
423 7455 309 2318
408 7234 304 2339
369 6430 306 2367
459 7818 299 2312
390 7066 340 2256
370 6237 307 2408
391 6825 302 2357
361 6391 299 2430
446 7937 315 2264
409 7366 340 2247
369 6526 299 2419
374 6863 324 2258
428 7301 318 2275
371 6469 305 2370
370 6237 307 2408
454 7929 309 2271
436 7679 330 2252
437 7491 330 2252
367 6389 300 2393
414 7159 346 2246
455 8113 324 2257
453 8176 322 2258
414 7255 372 2241
374 6552 313 2358
425 7449 340 2245
412 7294 346 2245
446 7937 315 2264
414 7148 372 2242
453 8176 322 2258
399 7082 340 2250
374 6863 324 2258
456 7905 309 2271
405 7232 334 2250
399 7082 340 2250
416 7378 410 2237
409 7498 328 2255
401 7291 330 2257
433 7795 330 2254
390 7066 340 2256
401 7291 330 2257
390 7066 340 2256
417 7405 333 2251
453 8176 322 2258
438 7721 404 2237
374 6863 324 2258
497 8755 328 2254
462 7927 309 2271
435 7940 315 2278
417 7419 410 2237
384 6989 324 2258
477 8592 334 2249
454 8205 322 2258
462 8127 316 2267
466 8144 315 2264
439 7822 321 2261
402 7023 368 2243
477 8592 334 2249
405 7076 356 2243
430 7494 340 2245
459 8009 352 2243
413 7225 394 2238
425 7471 368 2241
423 7534 337 2248
462 7927 309 2271
441 7781 384 2239
449 7707 352 2244
412 7226 402 2241
441 7778 404 2237
437 7573 330 2252
406 7293 388 2239
413 7394 346 2245
456 7968 309 2271
437 7786 346 2244
417 7419 410 2237
410 7233 378 2240
408 7267 337 2250
410 7233 378 2240
449 7707 352 2244
439 7736 334 2250
421 7388 410 2237
437 7573 330 2252
426 7523 334 2251
431 7516 362 2242
410 7232 394 2238
431 7516 362 2242
455 8200 322 2258
406 7293 388 2239
417 7419 410 2237
431 7516 362 2242
406 7293 388 2239
410 7232 394 2238
477 8592 334 2249
417 7419 410 2237
410 7233 378 2240
410 7233 378 2240
519 8948 309 2272
439 7957 315 2278
417 7429 410 2237
389 7096 340 2258
501 8795 328 2254
477 8444 315 2264
489 8656 368 2241
435 7557 362 2242
432 7689 337 2256
412 7250 394 2238
459 8025 352 2243
439 7830 321 2261
418 7384 378 2240
410 7233 378 2250
485 8292 324 2259
473 8595 330 2252
433 7723 337 2248
446 7936 348 2244
446 8095 334 2251
471 8436 322 2258
440 7693 340 2245
461 8336 333 2260
411 7306 388 2239
464 8247 330 2254
413 7131 356 2243
442 8118 334 2251
488 8944 334 2249
441 7783 384 2239
468 7971 334 2252
414 7352 384 2240
411 7282 378 2241
477 8444 315 2264
412 7363 344 2253
412 7328 356 2254
417 7434 340 2250
412 7384 340 2253
465 8347 346 2244
433 7692 346 2249
417 7327 334 2259
465 8347 346 2244
465 8347 346 2244
521 8944 334 2249
505 9025 330 2253
477 8448 315 2264
439 7968 315 2278
426 7479 410 2237
393 7116 340 2266
492 8768 322 2258
437 7740 378 2240
481 8900 330 2256
415 7431 394 2239
412 7280 394 2248
419 7529 410 2237
456 7908 372 2242
422 7621 336 2261
418 7413 384 2240
458 8175 362 2242
445 7926 321 2261
469 8237 334 2251
421 7491 394 2238
444 7981 374 2242
478 8213 346 2246
417 7290 356 2243
447 7915 346 2248
416 7573 340 2256
459 8247 337 2255
464 8175 352 2243
451 8074 348 2244
462 8043 348 2244
447 7924 368 2242
464 8305 334 2252
465 8374 340 2245
466 7981 337 2248
422 7309 394 2238
421 7411 340 2253
421 7444 340 2250
465 8427 346 2244
417 7520 340 2250
451 8074 348 2244
543 9639 334 2249
500 8939 315 2264
445 8077 315 2278
430 7306 356 2245
427 7658 410 2237
422 7501 410 2247
419 7376 362 2251
509 8867 324 2259
458 8003 326 2268
449 7947 388 2241
484 8423 334 2252
444 8017 374 2242
428 7455 394 2238
424 7541 394 2238
473 8353 368 2242
442 7641 372 2244
483 8578 334 2251
465 8120 321 2261
460 8166 346 2249
478 8321 352 2243
467 8491 338 2256
470 8161 337 2255
428 7853 362 2243
449 7610 362 2243
453 8081 324 2262
478 8534 337 2252
421 7445 340 2250
465 8388 340 2249
451 7920 338 2262
462 8051 350 2247
469 8479 340 2248
449 8038 348 2248
458 8107 348 2244
462 8104 348 2244
541 9338 337 2251
533 9895 337 2251
507 8917 315 2325
459 8338 323 2354
433 7636 394 2238
421 7446 340 2250
421 7446 340 2250
467 8273 330 2269
442 7870 380 2249
501 8770 352 2243
462 8116 352 2244
481 8223 321 2261
470 8269 330 2269
483 8591 334 2253
455 7906 366 2245
496 8434 334 2252
453 8212 370 2247
446 8075 362 2248
447 8017 374 2242
451 7994 373 2249
489 8467 334 2252
482 8756 338 2254
456 8070 338 2262
468 8533 338 2256
459 8040 362 2243
482 8524 337 2260
444 8022 374 2242
556 9699 324 2270
539 10047 337 2251
477 8573 410 2240
467 8366 323 2373
421 7451 340 2250
444 8027 374 2242
479 8673 337 2295
504 9024 330 2265
463 8140 352 2244
504 8834 368 2243
500 9007 323 2344
500 9007 323 2344
491 8485 334 2252
460 8286 338 2262
468 8534 338 2256
461 8119 338 2262
500 9007 323 2344
512 9247 323 2347
453 8077 374 2242
444 8119 374 2242
421 7452 340 2260
471 8311 338 2262
426 7509 340 2250
478 8669 358 2244
473 8368 352 2246
504 8731 334 2252
497 9143 334 2253
488 8936 338 2256
495 8897 337 2255
489 8775 338 2256
450 8104 374 2242
509 8853 334 2252
504 9075 338 2256
491 8802 338 2271
488 8495 382 2244
473 8449 383 2247
436 7603 340 2250
432 7651 346 2251
502 8793 362 2247
495 8670 356 2249
484 8838 356 2247
570 10001 372 2249
547 9938 334 2343
534 9396 379 2247
432 7657 373 2251
497 8859 338 2279
464 8091 340 2250
453 7921 352 2250
449 8080 369 2250
511 9013 337 2262
435 7732 346 2252
454 7849 346 2251
507 9187 338 2256
511 9075 337 2255
447 7996 340 2251
449 7942 341 2252
510 9109 337 2260
509 9160 338 2256
509 9160 338 2256
601 10345 372 2249
511 9196 338 2256
455 7890 347 2259
449 8008 341 2252
472 8364 348 2250
509 9208 338 2256
470 8372 340 2250
459 8129 347 2251
453 8059 340 2257
460 8046 340 2257
454 7935 348 2251
510 9383 338 2273
492 8853 344 2250
491 8887 386 2251
482 8731 340 2294
455 8100 386 2256
497 8806 362 2250
461 8259 348 2253
490 8558 340 2253
464 8184 370 2254
475 8179 347 2252
465 8207 368 2252
463 8224 342 2253
551 9770 342 2262
504 8863 347 2251
463 8239 386 2256
462 8315 377 2253
463 8340 366 2257
500 8902 347 2251
475 8471 349 2255
480 8675 368 2253
483 8496 347 2252
473 8473 345 2257
478 8576 348 2256
482 8402 348 2252
501 8869 347 2251
560 10074 342 2262
509 8883 347 2251
494 8551 346 2267
463 8266 386 2256
516 9047 346 2266
482 8604 368 2253
488 8669 359 2254
489 8571 347 2252
592 10473 342 2262
509 8898 347 2251
494 8551 346 2269
490 8639 386 2257
485 8812 368 2254
504 8683 362 2260
494 8561 346 2267
490 8817 348 2253
489 8801 359 2254
501 8853 347 2255
522 9337 346 2314
509 8902 347 2251
509 8875 352 2255
499 8878 359 2254
495 8921 348 2253
526 9223 347 2251
523 9180 347 2259
507 9316 354 2262
498 8949 362 2256
515 9289 351 2260
522 9283 347 2251
563 9654 347 2251
537 9672 347 2251
526 9153 362 2263
512 9105 372 2257
535 9438 348 2252
593 10523 358 2263
530 9378 372 2257
536 9485 372 2257
546 9675 372 2257
551 9713 372 2260
459 8028 321 2289
454 8084 321 2289
418 6915 299 2351
401 6998 355 2286
370 6260 299 2413
361 6316 299 2434
357 6370 313 2380
436 7598 321 2290
410 7088 345 2287
416 7406 329 2289
424 7302 307 2314
364 6370 331 2312
405 7048 339 2288
400 6903 304 2335
378 6640 302 2362
372 6545 301 2369
399 6998 323 2291
360 6341 305 2377
413 7117 309 2309
378 6565 310 2303
401 7139 339 2288
361 6326 299 2422
394 6794 302 2354
362 6331 306 2372
417 7340 318 2292
370 6270 299 2403
363 6478 300 2406
366 6472 299 2393
361 6312 303 2399
413 7312 301 2329
422 7259 310 2300
387 6938 323 2293
400 7357 304 2322
361 6316 299 2434
357 6287 313 2382
395 6881 318 2294
407 7170 304 2319
375 6669 319 2313
419 7234 301 2329
377 6722 315 2301
364 6392 300 2397
404 7202 299 2332
379 6728 307 2317
405 7083 302 2328
382 6964 323 2293
412 7007 310 2301
381 6794 318 2299
376 6524 299 2386
367 6311 299 2419
409 7137 304 2322
365 6485 299 2416
363 6525 302 2397
375 6692 331 2311
389 7036 323 2290
369 6460 304 2382
393 7055 299 2378
368 6506 310 2324
404 7160 314 2301
389 6748 318 2297
389 6748 318 2297
378 6509 312 2310
369 6350 300 2416
404 7092 315 2296
363 6449 299 2417
402 7006 339 2289
396 6925 307 2316
375 6692 331 2311
367 6628 302 2388
379 6603 315 2300
399 6904 307 2316
362 6357 319 2314
376 6577 330 2312
362 6438 331 2312
367 6628 302 2388
381 6591 315 2300
398 7235 339 2288
394 6906 308 2310
391 6941 318 2296
376 6577 330 2312
377 6722 315 2301
382 6957 318 2295
392 6912 304 2323
395 6995 329 2290
395 6995 329 2290
393 7010 308 2310
378 6509 312 2310
409 7146 304 2319
392 6947 321 2292
400 7210 315 2299
391 7020 339 2292
377 6630 308 2313
382 6957 318 2295
368 6506 310 2324
396 6925 307 2316
393 7010 308 2310
401 7139 339 2288
382 6964 323 2293
398 7235 339 2288
381 6794 318 2299
378 6509 312 2310
404 7150 304 2322
381 6591 315 2300
395 6995 329 2290
389 6748 318 2297
362 6438 331 2312
409 7146 304 2319
367 6628 302 2388
461 8017 310 2300
454 8086 321 2289
401 7031 355 2286
383 6732 300 2414
383 6732 300 2414
362 6383 319 2314
362 6383 319 2314
443 7768 302 2380
373 6619 302 2388
402 6976 304 2326
434 7713 318 2293
410 7149 345 2287
422 7237 307 2316
389 6748 326 2298
411 6923 300 2411
417 7583 315 2296
454 7991 321 2290
401 7021 355 2289
398 7255 339 2288
363 6469 331 2312
413 7371 304 2319
364 6398 331 2312
386 6889 319 2313
397 7032 329 2290
446 8004 321 2290
364 6398 331 2312
404 7012 304 2325
417 7211 339 2289
382 6966 323 2293
414 7299 310 2303
405 6972 312 2309
395 6963 308 2319
403 7327 315 2301
409 7187 304 2322
415 7142 314 2301
416 7144 304 2322
402 6947 318 2294
418 7319 315 2296
399 7098 323 2291
394 7276 323 2291
399 7098 323 2291
411 7336 315 2297
401 7057 318 2299
405 7052 323 2291
404 6937 321 2294
413 7168 309 2309
404 7092 315 2307
410 7152 315 2306
417 7126 310 2301
454 8086 321 2289
401 7208 315 2304
404 7186 315 2306
362 6383 319 2314
403 7216 339 2288
413 7168 309 2309
404 6937 321 2294
401 7164 321 2292
410 7030 355 2286
394 7276 323 2291
387 6945 323 2293
387 6945 323 2293
399 7098 323 2291
400 7211 323 2290
401 7031 355 2286
400 7211 323 2290
387 6945 323 2293
454 7991 321 2290
454 7991 321 2290
413 7168 309 2309
401 7031 355 2286
401 7031 355 2286
387 6945 323 2293
462 8252 321 2289
407 7050 355 2287
402 7095 355 2286
390 6772 300 2414
389 6849 300 2414
367 6398 319 2314
393 7034 302 2388
402 7040 304 2326
375 6556 331 2312
385 6923 307 2393
417 7214 345 2287
455 7740 307 2316
404 7236 339 2288
437 7645 307 2317
433 7872 304 2319
382 7004 323 2293
455 8107 321 2290
397 7035 329 2290
372 6695 331 2312
461 8036 310 2300
417 7295 304 2322
426 7545 310 2312
409 7272 312 2314
424 7331 323 2290
404 7137 315 2308
411 7414 315 2299
428 7339 310 2304
389 6904 331 2309
406 6960 318 2297
434 7579 304 2319
402 7125 318 2295
415 7385 315 2302
425 7621 309 2312
437 7610 308 2316
411 7235 321 2292
413 7356 310 2314
399 7053 308 2319
405 7097 314 2312
404 7202 315 2306
399 7100 323 2291
461 8036 310 2300
407 6983 318 2294
416 7411 315 2299
402 7040 304 2326
402 7040 304 2326
464 8134 321 2293
463 8266 321 2289
412 7270 355 2286
390 6862 300 2414
368 6457 319 2314
397 7106 302 2388
440 7724 309 2315
402 7098 304 2326
461 8083 310 2300
409 7295 339 2288
429 7505 310 2307
399 7054 334 2302
417 7358 329 2292
434 7585 304 2319
398 6996 331 2310
416 7414 315 2299
405 7064 323 2301
434 7585 304 2319
411 7294 315 2306
424 7341 323 2292
429 7671 329 2290
404 7345 339 2288
414 7065 318 2294
400 7374 323 2291
403 7157 318 2296
393 7014 331 2312
430 7554 310 2306
392 7169 323 2293
393 7079 323 2293
481 8267 321 2289
425 7372 355 2290
418 7389 355 2286
398 6967 300 2414
369 6495 331 2325
409 7122 302 2397
397 6911 319 2334
436 7599 304 2319
388 6879 327 2320
471 8105 310 2300
457 8148 310 2317
421 7549 339 2288
409 7295 347 2291
399 7104 323 2294
405 7259 318 2302
416 7418 315 2299
431 7588 312 2312
407 7127 304 2326
392 7187 323 2293
406 7530 323 2291
414 7317 315 2310
430 7346 318 2295
407 7200 319 2313
415 7325 315 2307
413 7341 315 2316
507 9130 318 2295
455 7650 300 2414
449 8062 355 2286
429 7438 363 2289
375 6615 331 2328
434 7623 305 2381
459 8174 321 2297
460 8115 318 2296
438 7676 355 2287
413 7316 302 2397
449 7966 339 2288
406 7121 355 2305
401 7244 323 2302
425 7390 307 2326
421 7527 339 2293
423 7435 315 2300
405 7184 328 2327
439 7672 304 2319
430 7398 361 2290
405 7411 331 2294
417 7372 355 2291
408 7198 323 2301
410 7292 319 2321
416 7396 319 2314
449 7890 339 2289
413 7419 319 2319
418 7346 318 2305
450 7976 355 2286
449 7890 339 2289
416 7244 323 2294
433 7582 339 2291
406 7122 331 2297
430 7659 339 2291
409 7403 339 2296
471 8259 339 2288
440 7692 304 2319
406 7126 355 2305
399 6942 350 2336
449 7905 339 2289
453 7520 355 2291
420 7316 323 2300
437 7777 339 2291
423 7478 315 2310
412 7242 331 2297
433 7713 308 2334
421 7447 339 2294
420 7407 321 2328
412 7242 331 2297
429 7675 314 2332
427 7653 315 2302
440 7387 319 2330
434 7633 323 2297
422 7455 318 2306
435 7717 339 2293
420 7560 318 2306
440 7672 314 2329
420 7560 318 2306
468 7942 339 2289
443 7711 314 2332
442 7825 304 2319
424 7267 355 2299
421 7469 355 2295
460 7754 355 2292
443 7909 326 2299
433 7487 339 2305
422 7422 323 2314
425 7303 337 2316
422 7636 319 2310
426 7580 323 2304
441 7812 339 2292
429 7580 331 2299
438 7840 339 2291
423 7490 315 2310
435 7764 315 2306
430 7580 318 2306
433 7656 315 2307
421 7319 326 2307
438 7711 315 2302
423 7430 330 2306
421 7535 326 2301
433 7535 339 2296
424 7267 355 2299
470 8310 315 2307
449 7969 304 2319
447 7727 355 2298
443 7855 308 2323
441 7940 339 2291
421 7352 326 2307
466 7950 304 2319
434 7682 318 2318
427 7755 331 2303
433 7603 322 2320
433 7738 351 2297
448 7935 334 2302
437 7633 326 2306
449 7959 321 2302
436 7844 339 2296
440 7857 315 2318
438 7741 339 2296
432 7753 318 2306
441 7745 323 2304
435 7847 339 2297
436 7844 339 2296
475 8458 321 2311
456 8081 339 2296
454 8173 304 2329
450 7974 316 2379
436 7683 355 2308
426 7402 331 2311
430 7578 326 2358
461 7981 314 2329
445 7964 325 2337
443 8061 319 2314
434 7546 326 2309
447 7868 339 2299
455 7860 339 2297
450 7963 323 2304
453 7920 325 2328
453 8129 315 2318
437 7634 326 2306
456 7935 315 2323
437 7634 326 2306
474 8300 323 2304
470 8422 307 2376
452 7905 347 2300
432 7480 337 2312
454 8129 315 2321
437 7630 330 2353
440 7685 326 2306
439 7714 330 2312
453 8169 315 2318
469 8131 325 2337
457 8200 315 2318
455 8233 315 2318
440 7805 326 2306
438 7749 343 2313
432 7798 339 2323
467 8383 323 2321
464 8288 330 2306
462 8025 326 2315
453 8098 331 2308
488 8400 337 2306
478 8426 325 2329
457 8185 331 2316
481 8434 325 2330
472 8479 333 2326
