1 0.0467453
663 12397 446 2759
625 10871 461 2787
689 12721 428 2737
561 10374 454 2701
609 10944 470 2733
655 11279 477 2805
645 11642 499 2734
584 10331 477 2796
621 11069 475 2845
610 10902 480 2764
579 10348 524 2778
638 11035 484 2779
578 10774 477 2726
634 11273 506 2806
602 10526 443 2824
651 11601 489 2778
646 11218 465 2787
594 10293 465 2780
579 10348 524 2778
591 10180 441 2715
662 12036 428 2742
572 10551 500 2756
615 11152 435 2722
588 10535 457 2793
664 11621 461 2713
670 11675 499 2776
690 11869 403 2801
597 10949 441 2782
608 10682 461 2796
649 11700 451 2776
655 11279 477 2805
664 11621 461 2713
603 11025 476 2781
655 11832 434 2730
643 11390 506 2806
654 11948 509 2725
637 11360 457 2783
572 10551 500 2756
632 11783 455 2776
647 11636 504 2795
578 10774 477 2726
659 11670 524 2820
646 11041 506 2782
649 11700 451 2776
660 11798 473 2774
676 11826 535 2723
658 11630 464 2810
676 11990 486 2739
651 11601 489 2778
633 11352 471 2787
615 11076 434 2772
625 10871 461 2787
660 11983 485 2725
625 11442 474 2794
578 10555 491 2811
591 10180 441 2715
603 11025 476 2781
645 11374 521 2719
681 11406 455 2719
572 10551 500 2756
611 10978 509 2787
603 11133 476 2769
631 10409 449 2771
650 11730 461 2835
597 10949 441 2782
625 10871 461 2787
631 10409 449 2771
579 10358 439 2825
660 11983 485 2725
659 11670 524 2820
575 10607 488 2799
654 12063 452 2740
603 10381 452 2791
584 10331 477 2796
603 10381 452 2791
655 11592 472 2727
645 11957 524 2754
561 10374 454 2701
678 12199 448 2766
588 10535 457 2793
689 12721 428 2737
584 10845 427 2780
615 11152 435 2722
646 11467 507 2777
636 11284 426 2744
601 10518 462 2802
619 10873 463 2727
646 11467 507 2777
608 10682 461 2796
626 11147 439 2777
657 11684 470 2738
688 11602 413 2807
619 10873 463 2727
645 11374 521 2719
603 10381 452 2791
654 11755 454 2788
611 10978 509 2787
676 11826 535 2723
626 11147 439 2777
619 10873 463 2727
631 10409 449 2771
653 11000 475 2807
672 11742 476 2779
601 10518 462 2802
621 11069 475 2845
575 10607 488 2799
601 10518 462 2802
656 11763 541 2777
618 11018 443 2837
609 10944 470 2733
646 11041 506 2782
626 11147 439 2777
633 11352 471 2787
602 10970 546 2766
618 11018 443 2837
578 10555 491 2811
654 11948 509 2725
653 11000 475 2807
584 10331 477 2796
694 12148 491 2804
619 11116 469 2738
681 11406 455 2719
584 10845 427 2780
648 11526 439 2762
639 11203 520 2770
621 11069 475 2845
608 11200 503 2736
655 11832 434 2730
623 11260 427 2800
645 11957 524 2754
611 10819 474 2801
676 11573 471 2727
600 10457 468 2751
650 11992 488 2772
665 11272 437 2763
653 11000 475 2807
609 10963 496 2788
637 11360 457 2783
646 11467 507 2777
650 11115 465 2791
637 11360 457 2783
688 11602 413 2807
663 11599 465 2801
610 10833 419 2726
618 11018 443 2837
603 11025 476 2781
616 10949 422 2801
639 11662 458 2829
627 11460 472 2746
660 11983 485 2725
609 10963 496 2788
659 11670 524 2820
650 11115 465 2791
591 10180 441 2715
688 11473 443 2773
640 11635 437 2750
649 11907 437 2717
681 11406 455 2719
672 11742 476 2779
638 11580 487 2745
575 10607 488 2799
693 12095 516 2821
601 10769 485 2765
602 10526 443 2824
650 11730 461 2835
731 13572 454 2744
638 11035 484 2779
602 10526 443 2824
615 11076 434 2772
594 10293 465 2780
664 11621 461 2713
584 10845 427 2780
623 11260 427 2800
649 11700 451 2776
655 11922 488 2781
612 11461 437 2722
619 11116 469 2738
627 10822 386 2769
615 11152 435 2722
578 10555 491 2811
612 11461 437 2722
642 11528 546 2836
664 11576 492 2782
561 10374 454 2701
608 10682 461 2796
650 11730 461 2835
672 12058 501 2715
579 10358 439 2825
619 11116 469 2738
612 11461 437 2722
609 10963 496 2788
636 11284 426 2744
578 10774 477 2726
579 10358 439 2825
644 11420 520 2784
636 11284 426 2744
644 11819 440 2820
672 11742 476 2779
634 11273 506 2806
643 11390 506 2806
