3021 3.64488
396 7242 312 2458
524 9228 307 2443
435 7779 307 2459
433 7551 330 2408
400 7174 308 2449
524 9228 307 2443
502 9196 315 2415
472 8307 307 2448
433 7551 330 2408
422 7419 324 2426
411 7312 319 2440
428 7710 308 2438
422 7419 324 2426
444 8039 315 2416
466 8138 308 2427
411 7312 319 2440
400 7174 308 2449
411 7312 319 2440
418 7502 314 2429
413 7469 325 2424
400 7174 308 2449
414 7366 326 2425
444 8039 315 2416
428 7710 308 2438
472 8307 307 2448
436 7354 311 2441
396 7242 312 2458
416 7635 325 2420
411 7312 319 2440
436 7354 311 2441
413 7469 325 2424
440 7914 314 2425
440 7914 314 2425
422 7419 324 2426
418 7396 325 2417
411 7312 319 2440
502 9196 315 2415
418 7396 325 2417
414 7366 326 2425
418 7502 314 2429
444 8039 315 2416
466 7901 315 2427
435 7779 307 2459
411 7312 319 2440
471 8214 319 2415
423 7528 314 2428
433 7551 330 2408
431 7766 325 2414
420 7588 319 2420
471 8214 319 2415
411 7312 319 2440
414 7366 326 2425
414 7366 326 2425
396 7242 312 2458
440 7914 314 2425
422 7419 324 2426
420 7472 319 2425
418 7502 314 2429
414 7366 326 2425
414 7366 326 2425
466 7901 315 2427
435 7779 307 2459
418 7502 314 2429
400 7174 308 2449
423 7528 314 2428
400 7174 308 2449
472 8307 307 2448
414 7366 326 2425
423 7528 314 2428
396 7242 312 2458
466 8138 308 2427
418 7396 325 2417
440 7914 314 2425
420 7472 319 2425
436 7354 311 2441
433 7551 330 2408
433 7551 330 2408
435 7779 307 2459
400 7174 308 2449
423 7528 314 2428
420 7472 319 2425
396 7242 312 2458
400 7174 308 2449
411 7312 319 2440
524 9228 307 2443
435 7779 307 2459
414 7366 326 2425
466 7901 315 2427
418 7502 314 2429
444 8039 315 2416
418 7502 314 2429
428 7710 308 2438
444 8039 315 2416
440 7914 314 2425
400 7174 308 2449
444 8039 315 2416
440 7914 314 2425
411 7312 319 2440
411 7312 319 2440
420 7472 319 2425
411 7312 319 2440
411 7312 319 2440
433 7551 330 2408
411 7312 319 2440
472 8307 307 2448
440 7914 314 2425
423 7528 314 2428
411 7312 319 2440
418 7396 325 2417
524 9228 307 2443
435 7779 307 2459
433 7551 330 2408
436 7354 311 2441
422 7419 324 2426
440 7914 314 2425
413 7469 325 2424
436 7354 311 2441
423 7528 314 2428
416 7635 325 2420
444 8039 315 2416
418 7396 325 2417
396 7242 312 2458
411 7312 319 2440
502 9196 315 2415
411 7312 319 2440
411 7312 319 2440
428 7710 308 2438
411 7312 319 2440
