319 3.54094
530 9270 363 2502
587 10553 352 2509
475 8572 350 2502
543 9840 372 2539
514 9098 374 2489
591 10333 383 2511
594 10210 368 2621
527 9538 364 2523
604 10727 365 2561
583 10621 403 2596
530 9397 356 2577
591 10476 399 2643
515 8916 340 2550
535 9363 348 2562
501 8979 343 2514
517 9430 344 2526
565 10004 361 2505
556 9890 365 2533
595 10903 376 2575
570 9914 353 2540
591 10621 355 2546
555 9801 352 2503
560 10054 354 2528
491 8588 343 2501
588 10840 364 2474
512 9124 369 2584
499 9017 352 2504
487 8802 375 2528
539 9600 353 2491
538 9584 353 2490
514 9538 357 2504
578 10373 353 2554
565 9755 332 2555
599 10306 380 2527
540 9516 361 2516
593 10584 383 2526
575 9679 357 2559
509 9396 349 2523
533 9660 352 2539
563 9482 342 2521
612 10937 360 2506
582 10335 363 2485
526 9297 342 2516
537 9946 354 2504
500 8674 341 2551
625 11072 401 2549
510 9391 345 2565
682 11404 365 2529
574 9988 352 2538
484 8959 343 2522
533 9535 367 2510
608 10638 364 2548
507 8937 344 2521
641 11266 356 2533
592 9811 364 2549
539 9560 344 2538
578 10402 371 2579
560 9865 356 2531
527 9363 373 2525
565 9831 353 2536
563 9667 341 2596
553 10047 343 2527
535 9208 352 2509
655 11755 364 2541
583 10022 352 2542
595 10291 354 2509
560 10030 364 2498
578 10334 352 2523
509 8893 341 2527
571 10037 352 2543
526 9159 341 2535
529 9636 351 2542
554 9950 343 2534
530 9605 359 2537
536 9834 353 2496
620 11088 362 2539
532 9602 356 2535
549 9912 350 2487
554 9344 336 2593
585 9968 354 2513
537 9633 353 2498
540 9639 373 2544
593 10601 376 2547
574 10007 356 2572
506 8919 348 2567
568 10372 348 2501
554 9655 356 2506
596 10469 355 2507
551 9937 374 2596
522 9480 367 2503
546 9997 336 2546
568 9991 352 2506
522 9451 352 2523
499 8972 343 2512
575 9953 354 2540
523 9560 342 2519
525 9318 368 2560
604 10665 370 2566
499 9006 343 2510
529 9292 361 2486
