38 0.661889
384 7091 257 2153
405 6946 286 2112
392 7395 246 2160
387 7027 252 2119
416 6968 286 2110
387 7027 252 2119
440 7762 232 2169
384 7091 257 2153
396 7085 258 2118
484 8453 231 2165
364 6561 265 2113
433 7571 286 2108
351 6322 270 2171
371 6313 238 2203
482 8636 245 2129
474 8639 244 2131
403 6927 232 2212
439 7449 283 2104
452 7786 244 2156
456 8573 238 2134
355 6407 235 2174
428 7681 233 2208
440 7762 232 2169
426 7783 250 2149
428 7697 249 2128
439 7481 250 2147
441 7639 252 2101
384 7091 257 2153
416 6968 286 2110
358 6473 247 2156
452 7786 244 2156
453 8330 244 2140
427 7580 236 2161
404 7448 246 2165
412 7704 246 2160
420 7727 257 2141
421 7689 252 2119
392 7231 257 2146
400 7387 253 2144
424 7521 252 2133
364 6645 265 2113
430 7614 234 2240
435 7583 234 2240
485 8957 248 2136
502 8906 248 2136
433 7473 242 2178
386 7089 242 2196
373 6805 242 2197
398 7039 242 2196
384 6897 235 2202
409 7035 242 2192
427 7335 242 2180
381 6529 242 2211
384 7102 239 2184
398 7327 245 2181
386 7089 242 2196
383 7095 238 2239
384 6897 235 2202
409 7035 242 2192
378 7027 246 2182
456 8232 232 2196
484 8449 235 2172
469 8368 257 2118
488 8494 276 2105
468 8426 266 2111
451 7795 274 2109
384 7097 257 2153
416 6968 286 2112
408 6994 251 2189
361 6518 270 2164
365 6598 270 2162
380 7052 250 2167
391 7148 247 2164
386 6617 252 2175
360 6576 253 2200
364 6760 252 2156
371 6800 247 2193
454 8560 247 2140
436 7848 238 2193
437 7799 242 2169
455 8064 236 2161
415 7668 246 2165
466 8193 257 2124
432 8060 262 2125
466 8193 257 2124
465 7967 254 2137
456 7784 262 2145
453 7948 254 2144
425 7827 257 2141
453 8503 254 2139
459 8098 259 2135
454 8364 258 2134
447 8058 260 2135
370 6756 280 2157
372 6652 265 2115
430 7625 234 2240
379 6897 242 2197
394 6700 249 2231
427 7114 244 2191
433 7473 242 2185
427 7114 244 2191
398 7362 245 2181
422 7342 245 2188
422 7342 245 2188
398 7102 242 2196
387 7138 242 2196
401 7191 237 2205
387 6914 236 2236
389 7215 238 2234
401 7191 237 2205
388 7160 246 2182
403 7288 259 2155
361 6540 270 2164
395 7100 250 2189
413 7064 251 2189
393 7168 247 2164
360 6753 278 2293
378 6759 256 2281
414 6590 259 2272
397 6677 259 2229
388 6735 259 2221
401 6749 258 2214
389 6812 264 2184
407 6870 253 2192
374 6897 257 2167
402 7087 254 2190
381 6771 256 2270
373 6807 255 2189
374 6897 257 2167
389 6812 264 2184
396 6835 252 2220
371 6946 253 2200
471 8590 251 2156
441 7879 242 2169
474 8404 236 2173
474 8381 238 2196
473 8488 241 2201
462 8486 251 2161
478 8473 236 2166
484 8539 236 2166
362 6559 270 2164
361 6765 278 2293
410 7016 286 2115
405 6948 286 2118
512 9590 271 2127
501 9016 264 2139
392 7070 250 2240
453 8152 258 2142
419 7761 238 2231
376 6701 274 2119
471 8598 251 2158
493 8270 243 2195
444 7943 262 2154
410 7568 239 2223
422 7818 254 2164
428 7513 272 2125
471 8402 249 2169
442 7904 267 2146
374 6932 257 2171
468 8526 242 2172
459 7918 257 2157
387 7167 243 2206
440 8097 257 2144
435 7994 257 2152
479 8542 241 2177
396 7091 247 2208
401 7172 252 2170
408 7418 266 2156
377 6853 256 2189
396 7091 247 2208
434 7393 270 2148
426 7462 245 2181
