790 17.9689
424 7031 216 1996
355 6133 283 1917
336 5842 291 1927
321 5819 208 2114
288 5053 237 2169
283 5024 245 2089
283 5022 245 2091
406 6935 229 1973
424 7031 216 1996
389 6631 220 1985
378 6749 247 1950
399 6913 248 1944
300 5259 239 2135
397 6546 216 2001
346 6085 212 2095
314 5634 230 2054
375 6143 213 2032
370 6549 258 1931
304 5403 239 2125
361 6306 210 2105
351 6030 274 1924
405 6653 213 2016
336 5842 291 1927
332 5720 286 1930
404 6846 216 2000
368 6440 228 1979
288 5108 242 2164
341 6029 255 1946
363 6151 218 2021
325 5699 214 2051
309 5463 227 2064
309 5421 236 2131
338 6011 272 1940
292 5154 234 2150
315 5452 225 2056
302 5296 259 2078
405 6889 217 1995
292 5133 234 2155
296 5341 261 2080
351 5840 215 2038
284 5038 245 2082
383 6423 223 1991
333 5928 210 2107
374 6363 240 1955
337 6015 272 1940
303 5447 232 2145
302 5442 238 2130
323 5846 211 2103
337 5971 212 2101
326 5792 220 2042
356 5972 232 1957
295 5227 241 2145
324 5524 222 2061
332 5749 223 2004
303 5234 240 2092
332 5720 286 1930
328 5732 279 1970
389 6436 214 2015
328 5612 222 2053
377 6259 224 1984
316 5733 217 2110
384 6595 226 1982
388 6805 229 1975
378 6405 217 2000
341 5939 269 1931
339 5659 253 1968
348 6102 208 2111
328 5586 255 1979
307 5394 264 2072
329 5557 219 2045
360 6130 264 1923
360 6130 264 1923
318 5897 276 1958
330 5751 259 1957
333 5893 266 1947
286 5245 236 2152
383 6306 226 1983
371 6237 243 1955
287 5119 237 2159
347 6181 213 2059
368 6342 228 1981
298 5382 244 2078
336 5725 244 1972
365 6262 260 1929
309 5491 238 2055
338 5633 242 2009
360 6041 211 2040
297 5315 239 2127
348 5768 220 2006
388 6805 229 1975
321 5637 219 2045
336 5783 250 1970
336 5871 254 1969
322 5815 260 1967
339 5685 232 1959
380 6537 248 1949
293 5333 241 2140
357 6400 250 1944
366 6219 229 1977
366 6500 213 2017
326 5891 260 1964
369 6191 220 1999
334 5628 239 2020
329 5533 214 2062
296 5117 229 2151
329 5655 268 1965
304 5307 229 2148
380 6537 248 1949
305 5391 236 2145
349 6202 209 2108
319 5951 281 1951
340 6021 252 1954
338 5955 266 1942
293 5333 241 2140
370 6111 216 2026
403 6635 224 1982
318 5897 276 1958
290 5209 242 2156
319 5951 281 1951
355 6093 223 1992
385 6515 248 1949
349 6202 209 2108
337 5811 213 2068
359 5838 226 1998
345 5942 269 1929
283 5024 245 2089
287 5119 237 2159
365 5985 228 1995
355 6093 223 1992
328 5732 279 1970
285 5091 244 2087
308 5490 230 2061
357 6400 250 1944
296 5341 261 2080
324 5713 216 2066
357 6308 212 2070
290 5066 229 2166
299 5400 241 2125
291 5304 239 2143
344 6092 218 2044
388 6357 213 2022
344 6092 218 2044
288 5182 244 2085
370 6111 216 2026
384 6595 226 1982
383 6374 220 1997
322 5828 211 2109
328 5895 260 1960
294 5326 266 2076
340 6045 255 1953
367 6365 228 1981
309 5463 227 2064
359 6169 215 2002
331 5991 213 2068
309 5470 230 2061
288 5145 243 2156
335 5874 260 1948
315 5607 220 2063
351 6030 274 1924
371 6366 243 1952
376 6328 243 1952
371 6237 243 1955
370 6652 247 1955
306 5535 255 2074
329 5655 268 1965
336 5842 291 1927
351 5840 215 2038
328 5893 275 1934
357 5798 228 2001
298 5363 255 2079
306 5479 255 2076
375 6165 229 1982
336 5621 240 2019
340 5965 260 1935
329 5867 266 1954
403 6635 224 1982
290 5211 242 2154
345 6147 215 2041
294 5298 255 2081
340 6021 252 1954
338 5632 253 1973
329 5599 220 2043
288 5053 237 2169
385 6515 248 1949
319 5545 222 2061
284 5038 245 2082
307 5394 264 2072
356 6206 228 1984
332 6001 280 1929
323 5656 213 2074
328 5893 275 1934
318 5897 276 1958
285 5091 244 2087
306 5489 236 2143
316 5481 218 2079
290 5170 244 2085
334 5886 214 2047
346 6105 252 1952
366 6500 213 2017
347 6011 252 1932
288 5094 229 2166
324 5933 266 1961
376 6328 243 1952
337 5769 291 1929
297 5417 255 2079
341 5939 269 1931
324 5933 266 1961
332 5720 286 1930
288 5094 229 2166
334 5886 214 2047
331 5955 260 1949
338 5645 242 2002
338 5955 266 1942
335 5874 260 1948
340 5965 260 1935
403 6635 224 1982
332 6001 280 1929
341 6029 255 1946
355 6093 223 1992
388 6357 213 2022
324 5713 216 2066
340 5965 260 1935
298 5363 255 2079
334 5886 214 2047
370 6111 216 2026
338 6011 272 1940
335 6041 280 1927
290 5211 242 2154
388 6805 229 1975
357 6400 250 1944
366 6500 213 2017
338 5955 266 1942
318 5897 276 1958
319 5699 219 2078
357 6215 260 1931
290 5066 229 2166
290 5170 244 2085
288 5182 244 2085
340 6045 255 1953
332 6001 280 1929
332 5949 260 1949
371 6366 243 1952
383 6306 226 1983
347 6011 252 1932
341 6029 255 1946
340 5965 260 1935
297 5417 255 2079
365 6262 260 1929
360 6130 264 1923
290 5209 242 2156
371 6366 243 1952
337 5769 291 1929
385 6515 248 1949
380 6537 248 1949
376 6328 243 1952
365 6262 260 1929
360 6130 264 1923
360 6130 264 1923
355 6093 223 1992
338 6011 272 1940
337 5769 291 1929
337 5769 291 1929
297 5417 255 2079
285 5091 244 2087
284 5038 245 2082
284 5038 245 2082
411 6990 216 2000
377 6312 215 2007
355 6171 283 1917
332 5810 291 1930
312 5498 237 2169
290 5167 245 2091
307 5451 244 2085
340 6077 232 2127
373 6212 219 2016
387 6880 275 1939
326 5851 241 2096
393 6648 220 1996
350 6335 255 1953
305 5532 242 2159
310 5625 242 2157
319 5906 276 1961
381 6320 224 1984
372 6546 219 2010
378 6675 238 1966
332 5720 286 1944
338 6011 266 1953
338 5991 272 1948
355 6394 266 1942
367 6329 229 1978
313 5646 240 2161
329 6016 281 1958
405 6984 248 1944
406 6980 229 1973
347 6203 280 1936
347 5910 250 1959
338 6011 272 1945
359 6183 234 1992
375 6443 219 2005
340 5708 246 1977
370 6373 223 1992
360 6377 266 1942
355 6171 283 1917
389 6664 240 1955
345 5820 239 1986
346 5881 240 1972
343 5771 240 1989
370 6317 229 1977
376 6201 216 2005
344 5762 245 1968
350 5933 244 1966
350 5919 235 1988
349 6219 244 1967
351 6251 244 1962
375 6443 219 2005
340 5765 235 1990
369 6321 240 1964
405 6984 248 1944
351 6251 244 1962
377 6329 215 2002
351 6251 244 1962
370 6317 229 1977
377 6329 215 2002
431 7513 243 1960
382 6442 215 2016
355 6171 283 1919
336 6217 296 1962
326 5693 240 2193
305 5320 246 2190
386 6421 216 2026
408 7074 229 1973
414 7153 248 1944
352 6439 258 2104
337 5937 245 2106
334 5883 256 2105
413 6854 223 1997
338 5998 291 1936
401 7120 275 1945
345 6273 270 1956
376 6529 274 1946
362 6707 281 1949
358 6159 265 2004
366 6518 265 1963
385 6724 219 2005
351 6249 280 1956
374 6363 240 1969
353 6182 291 1934
371 6395 247 1990
383 6441 224 1984
438 7694 248 1944
433 7980 269 1959
390 6421 216 2026
363 6209 286 1933
347 6437 296 1962
340 5952 241 2197
305 5326 246 2190
339 6029 267 2116
422 7193 223 2003
341 6055 250 2172
433 7622 268 1966
403 6635 224 1987
398 7043 232 2008
367 6418 250 2165
362 6426 245 2187
367 6383 265 2011
382 6534 248 1980
410 6875 220 2011
388 6788 234 2019
369 6598 280 1962
383 6915 280 1947
372 6373 265 2009
409 6967 222 2007
389 6608 234 2012
370 6489 280 1956
477 7702 233 1993
468 7749 233 2002
441 7731 248 1944
425 7320 222 2012
389 7275 281 1949
313 5498 246 2195
378 6565 250 2170
343 6015 248 2191
383 6553 265 2009
396 7155 235 2084
415 7038 280 1962
436 7096 226 2057
455 7674 223 2003
405 6998 229 2020
384 6803 248 1988
412 6883 238 2003
405 6740 238 2005
399 6891 234 2014
443 7772 248 1944
408 7377 235 2087
396 6938 268 2176
321 5518 246 2204
412 6898 238 2005
401 7098 250 2089
427 7519 235 2044
427 7519 235 2044
404 7437 235 2084
443 7872 248 1954
418 7599 235 2091
415 7101 238 2008
467 8185 248 1972
460 8001 255 1970
439 7698 238 2040
426 7135 242 2028
465 7830 242 2025
431 7209 242 2026
450 7580 254 2026
430 7575 251 2053
