3729 29.0378
370 6554 252 2121
394 7155 274 2064
366 6699 288 2141
443 8075 267 2093
335 6226 283 2082
368 6792 260 2087
379 7006 266 2093
361 6408 264 2100
404 7344 274 2098
372 6825 260 2108
432 8036 292 2064
397 7114 269 2092
475 8703 287 2264
392 7145 283 2105
393 7166 275 2137
406 7125 312 2094
390 7059 253 2136
416 7768 287 2132
366 6723 260 2097
400 7427 311 2080
410 7446 294 2137
391 7119 291 2126
359 6449 255 2095
362 6754 280 2093
411 7505 278 2087
394 7007 294 2067
390 7101 274 2080
439 7650 301 2179
353 6535 271 2128
397 6928 278 2086
331 6205 269 2087
423 7585 295 2078
380 6864 268 2098
472 8381 256 2129
385 7127 259 2118
397 7473 285 2085
367 6764 262 2169
414 7542 325 2077
462 8650 285 2118
424 7361 275 2083
384 6849 266 2097
370 6793 288 2098
373 6904 266 2084
378 6906 271 2170
421 7654 292 2063
407 7450 269 2123
426 7547 289 2080
382 6908 299 2123
408 7153 304 2098
374 6629 278 2099
394 7167 323 2163
352 6491 274 2070
356 6669 260 2094
408 7397 295 2173
388 6952 256 2129
390 7169 262 2148
493 8886 297 2183
419 7372 274 2070
402 7511 278 2084
384 7042 268 2084
410 7383 290 2127
342 6099 260 2097
452 8072 330 2108
438 8042 271 2114
416 7613 287 2101
342 6376 271 2106
343 6171 259 2082
447 8228 283 2198
413 7344 251 2161
479 8498 269 2116
392 7223 262 2085
346 6256 269 2092
411 7415 281 2106
378 6991 299 2127
403 7297 269 2102
445 8277 284 2087
432 8034 294 2089
397 7194 253 2108
368 6531 289 2076
385 6944 293 2062
386 6969 251 2105
413 7494 272 2136
404 7045 294 2065
395 7357 272 2106
368 6606 265 2097
378 6782 314 2057
362 6550 257 2108
446 7901 301 2077
404 7666 277 2119
387 7216 296 2083
363 6472 286 2148
395 7103 260 2084
380 7004 287 2092
392 7321 286 2125
459 7888 290 2117
399 7140 266 2073
373 6920 277 2088
405 7313 302 2079
397 7341 257 2105
438 8071 293 2129
