5 0.15865
477 8839 318 2524
443 7881 361 2458
546 9512 302 2490
657 11730 357 2357
463 8108 321 2510
445 8297 361 2428
496 9034 379 2411
464 8138 349 2462
445 8297 361 2428
496 8365 380 2604
487 8119 326 2503
478 8055 392 2598
483 8763 318 2428
497 8609 363 2474
477 8352 352 2455
482 8596 348 2404
493 8434 364 2522
474 8683 360 2485
483 8488 311 2474
450 8118 323 2522
484 8651 321 2439
435 7929 325 2473
485 8635 339 2496
472 8443 398 2560
474 8479 355 2448
481 8314 347 2525
452 8106 364 2562
473 8433 360 2529
446 8025 356 2459
482 8572 332 2518
483 8496 374 2494
488 8675 315 2483
495 8391 327 2449
446 8025 356 2459
461 8473 330 2536
451 8173 344 2461
469 8507 318 2435
463 8071 332 2494
463 8071 332 2494
497 8609 363 2474
479 8451 352 2438
492 8270 375 2620
494 8640 386 2406
478 8055 392 2598
462 8209 332 2496
453 8472 376 2491
483 8763 318 2428
467 8382 335 2505
467 8354 318 2426
468 8497 339 2479
486 8551 352 2446
453 8472 376 2491
493 8434 364 2522
447 8222 366 2491
488 8675 315 2483
452 7933 322 2545
439 8097 374 2501
478 8419 339 2475
439 8022 332 2447
450 8118 323 2522
467 8354 318 2426
466 8214 396 2581
458 8127 339 2489
484 8277 372 2577
424 7523 336 2454
464 8304 317 2517
469 8507 318 2435
488 8675 315 2483
473 8505 391 2436
452 7933 322 2545
494 8587 421 2605
487 8645 393 2513
501 8850 372 2455
439 8022 332 2447
474 8479 355 2448
452 7933 322 2545
489 8832 404 2419
471 8461 344 2495
439 8022 332 2447
451 8173 344 2461
514 8770 311 2494
452 8371 323 2476
489 8832 404 2419
469 8423 310 2462
447 8222 366 2491
475 8011 344 2467
470 8063 329 2453
492 8270 375 2620
462 8209 332 2496
500 8642 372 2573
470 8741 333 2477
458 8127 339 2489
485 8635 339 2496
490 8491 359 2501
458 8127 339 2489
474 8424 353 2587
478 8055 392 2598
478 8419 339 2475
450 7903 332 2589
441 7835 320 2458
452 8371 323 2476
450 8025 320 2477
468 8294 334 2521
503 8492 381 2584
464 8138 349 2462
493 8434 364 2522
486 8442 357 2503
487 8645 393 2513
447 8222 366 2491
477 8352 352 2455
481 8314 347 2525
497 8609 363 2474
470 8426 370 2492
482 8572 332 2518
475 8011 344 2467
471 8277 332 2524
446 8025 356 2459
472 8548 347 2536
476 8519 338 2510
496 8365 380 2604
469 8507 318 2435
481 8584 331 2470
480 8517 357 2505
471 8461 344 2495
454 7962 317 2516
489 8313 390 2458
450 8025 320 2477
484 8800 352 2488
475 8439 347 2537
450 7903 332 2589
451 8173 344 2461
488 8664 387 2601
468 8294 334 2521
496 9158 356 2461
484 8277 372 2577
450 8025 320 2477
487 8119 326 2503
463 8108 321 2510
492 8318 333 2486
474 8683 360 2485
441 7835 320 2458
435 7929 325 2473
492 8318 333 2486
468 8497 339 2479
468 8334 334 2524
474 8295 347 2511
435 7929 325 2473
471 8277 332 2524
500 8642 372 2573
503 8492 381 2584
487 8119 326 2503
454 7962 317 2516
424 7523 336 2454
474 8295 347 2511
470 8063 329 2453
485 8635 339 2496
542 9710 380 2396
461 7828 315 2524
491 8404 372 2577
469 8423 310 2462
481 8529 338 2532
480 8318 352 2454
452 8371 323 2476
477 8352 352 2455
439 8024 332 2445
567 9767 332 2426
483 8488 311 2474
472 8532 368 2591
453 8472 376 2491
472 8548 347 2536
450 7903 332 2589
468 8334 334 2524
491 8404 372 2577
477 8839 318 2524
490 8491 359 2501
424 7523 336 2454
483 8488 311 2474
447 8087 318 2531
467 8354 318 2426
477 8839 318 2524
567 9767 332 2426
486 8442 357 2503
469 8423 310 2462
445 8297 361 2428
454 7962 317 2516
443 7881 361 2458
494 8640 386 2406
452 8106 364 2562
443 7881 361 2458
482 8445 330 2489
489 8614 422 2594
447 8087 318 2531
475 8011 344 2467
461 7828 315 2524
467 8382 335 2505
439 8097 374 2501
496 8365 380 2604
502 8498 373 2584
492 8318 333 2486
491 8404 372 2577
