1 0.358798
593 10623 422 2420
589 10779 417 2428
518 8939 328 2550
507 8611 434 2473
489 8785 331 2582
485 8461 373 2491
462 8544 387 2573
526 9749 332 2519
558 9245 356 2466
506 9250 411 2441
580 9499 343 2468
462 8544 387 2573
538 9575 352 2481
474 8676 371 2579
534 9232 333 2505
514 8970 379 2432
529 9694 329 2452
509 8989 365 2446
492 9085 351 2571
502 8973 348 2535
498 9055 342 2576
516 9122 345 2530
494 8809 354 2485
499 8612 434 2481
508 9404 352 2524
532 9314 333 2502
477 8478 360 2495
505 8985 354 2480
489 8785 331 2582
477 8478 360 2495
477 8468 360 2503
477 8478 360 2495
613 10781 329 2631
604 11084 329 2631
587 10475 417 2432
507 8641 434 2481
482 8501 360 2495
462 8559 387 2573
499 8985 331 2582
600 10814 382 2439
578 10535 417 2434
543 9798 339 2491
523 9150 365 2446
564 10186 332 2526
479 8645 364 2554
507 9028 413 2489
513 9193 354 2536
552 9724 337 2469
569 10102 333 2495
586 9613 356 2466
494 8996 359 2499
534 9240 333 2505
519 9204 338 2561
586 9613 356 2466
534 9240 333 2505
511 9296 354 2490
522 9032 332 2556
513 9010 362 2491
510 9100 355 2492
510 9100 355 2492
511 9296 354 2490
627 11061 329 2631
627 11061 329 2631
589 10755 417 2434
529 9389 460 2477
490 8554 379 2524
466 8649 387 2573
507 8658 434 2481
577 10352 332 2526
563 9933 373 2451
572 10446 414 2449
497 9072 369 2609
589 10755 417 2434
523 9240 355 2588
509 8933 364 2564
511 9206 334 2594
531 9368 343 2572
533 9691 400 2453
552 9522 377 2469
518 9569 358 2548
552 9725 337 2469
504 9020 367 2546
521 9311 359 2580
530 9224 389 2489
528 9631 387 2476
528 9852 388 2462
492 9038 378 2555
541 9649 366 2458
501 9175 362 2557
504 8975 411 2512
509 9037 406 2501
519 9389 381 2490
498 9004 411 2512
529 9012 406 2518
532 9654 363 2492
526 9032 362 2498
521 9393 363 2498
538 9352 332 2556
534 9272 333 2507
535 9821 375 2490
536 9260 333 2513
501 9172 364 2506
541 9649 366 2458
552 9725 337 2469
501 9172 364 2506
529 9012 406 2518
535 9821 375 2490
530 9224 389 2489
521 9393 363 2498
627 11065 329 2631
544 9873 405 2453
521 8898 434 2492
490 8717 390 2582
608 10717 349 2494
583 10237 374 2465
538 9434 406 2507
560 10338 333 2542
570 9775 356 2494
560 9461 359 2593
562 10116 362 2470
556 9999 350 2477
506 8905 390 2557
537 9054 364 2562
517 9502 403 2533
544 9676 343 2568
524 8762 394 2577
508 9273 376 2583
560 10078 337 2500
520 9360 393 2538
517 9503 369 2611
543 10038 377 2499
524 8762 394 2577
529 9163 384 2548
549 9394 345 2624
544 9873 405 2453
545 9218 372 2546
548 9826 370 2470
536 9740 346 2581
545 9747 405 2461
526 9561 383 2524
558 9653 367 2476
506 8905 390 2557
532 9253 388 2541
535 9615 358 2564
526 9561 383 2524
522 9361 367 2535
537 9504 350 2507
555 10108 349 2534
552 9454 345 2621
534 9634 376 2510
537 9605 335 2571
546 9446 386 2503
529 9163 384 2548
517 9503 369 2611
531 9854 369 2503
532 9519 368 2517
543 10038 377 2499
552 9454 345 2621
547 9308 368 2529
537 9699 335 2560
547 9308 368 2529
529 9848 373 2513
508 9273 376 2583
537 9699 335 2560
532 9519 368 2517
538 9397 404 2525
529 9848 373 2513
538 9397 404 2525
517 9502 403 2533
653 11292 346 2506
634 11530 398 2466
550 9311 385 2664
549 9968 405 2453
537 9699 335 2563
529 8946 484 2521
490 8834 390 2588
490 8834 390 2588
507 9019 396 2585
623 10838 393 2469
526 9293 403 2580
541 9542 356 2608
578 10457 352 2498
608 10880 349 2494
636 11369 367 2486
595 9547 394 2533
547 9708 480 2508
632 11484 372 2477
569 9675 416 2522
541 9542 356 2608
607 10198 347 2539
584 10336 338 2547
564 10357 375 2485
566 9881 459 2490
538 9561 430 2513
535 9484 464 2509
544 9714 443 2495
544 9714 443 2495
588 10074 365 2497
554 9417 396 2538
544 9999 428 2513
571 10267 358 2488
530 8971 484 2520
558 9630 350 2574
563 9580 381 2526
634 11530 398 2466
551 9812 367 2558
546 9925 419 2485
558 10175 370 2491
535 9616 378 2524
586 10325 348 2504
561 9542 367 2573
571 10080 354 2505
556 9943 381 2471
546 9869 356 2544
632 11484 372 2477
535 9484 464 2509
568 9744 350 2553
539 9498 371 2586
566 9881 459 2490
538 9481 388 2549
537 9763 389 2515
543 9888 350 2551
544 10034 370 2503
573 10177 369 2500
560 10222 349 2526
569 9573 366 2559
556 10184 363 2511
548 9943 360 2526
573 10338 338 2507
550 9845 428 2498
548 9611 396 2525
562 9940 354 2525
546 9925 419 2485
608 10880 349 2494
546 9456 368 2582
531 9463 381 2582
549 9693 363 2581
552 9742 371 2513
550 9755 374 2521
546 9456 368 2582
573 10338 338 2507
529 8946 484 2521
537 9763 389 2515
555 9840 371 2498
552 9742 371 2513
556 10184 363 2511
556 9943 381 2471
531 9463 381 2582
555 9840 371 2498
549 9693 363 2581
640 10972 342 2529
635 11915 377 2492
611 10754 337 2624
592 10637 425 2458
592 10625 498 2486
556 9820 342 2632
550 9404 428 2596
525 9478 422 2591
624 11208 349 2497
577 9553 450 2556
543 9610 482 2533
584 10758 408 2485
537 9853 365 2611
527 9412 405 2594
599 11033 350 2521
576 9919 342 2603
594 10085 344 2579
621 10977 364 2502
596 10387 363 2517
543 9610 482 2533
546 9696 389 2548
630 10847 367 2499
556 10216 412 2491
608 10515 341 2553
579 10209 399 2502
640 10972 342 2529
536 9933 382 2559
564 10233 383 2506
562 9710 440 2524
550 9404 428 2596
540 9803 431 2544
587 10795 365 2507
559 9943 371 2522
596 10063 354 2550
602 10664 358 2524
583 10192 369 2507
554 10049 374 2543
555 10093 359 2550
573 9981 357 2530
630 10847 367 2499
574 10290 367 2520
552 10362 397 2525
566 10146 375 2508
561 10203 357 2561
539 9658 426 2574
560 9976 443 2487
590 9989 349 2565
605 10544 394 2491
551 10132 410 2537
552 9761 391 2543
560 9976 443 2487
551 10132 410 2537
544 9594 397 2568
596 10505 365 2505
568 10274 376 2505
624 11017 363 2501
538 9788 352 2566
541 9735 408 2550
527 9412 405 2594
555 9837 377 2546
539 9658 426 2574
605 10544 394 2491
588 10090 345 2577
602 10664 358 2524
543 9625 390 2557
553 10252 377 2512
605 10997 352 2503
568 10274 376 2505
583 10517 347 2526
558 9938 379 2509
540 9803 431 2544
553 10252 377 2512
566 10380 381 2500
558 9938 379 2509
552 9831 369 2565
544 9594 397 2568
536 9933 382 2559
574 10290 367 2520
552 9761 391 2543
573 9981 357 2530
588 10090 345 2577
605 10997 352 2503
562 10236 349 2526
552 9831 369 2565
545 9728 349 2567
583 10056 350 2555
566 10380 381 2500
583 10517 347 2526
583 10056 350 2555
545 9728 349 2567
596 10505 365 2505
562 10236 349 2526
677 12015 372 2499
631 11426 344 2572
621 11101 425 2461
590 10758 510 2498
539 9433 414 2602
532 9655 407 2637
525 9554 422 2594
561 10146 466 2502
616 11273 429 2488
636 11224 390 2498
594 11028 445 2491
602 10594 451 2496
544 9980 382 2603
554 9961 355 2583
572 10349 359 2579
569 10101 366 2551
611 10375 350 2555
526 9608 427 2593
529 9845 413 2618
532 9655 407 2637
583 10492 350 2528
548 9828 360 2618
615 11163 389 2500
550 9759 383 2588
578 10743 390 2525
567 10289 408 2535
599 10264 378 2510
576 10659 349 2533
539 9433 414 2602
525 9554 422 2594
562 10196 455 2503
569 10392 400 2516
556 10237 352 2623
587 10885 381 2516
602 10798 348 2560
571 9994 401 2522
592 10716 379 2523
587 10885 381 2516
580 9847 362 2599
568 10254 386 2539
573 10368 368 2533
550 9759 383 2588
590 10479 351 2539
579 10428 387 2504
556 10237 352 2623
557 10249 373 2565
557 9865 366 2599
578 10278 364 2554
562 10196 455 2503
565 10080 369 2582
635 10785 369 2521
590 10221 350 2569
571 10545 425 2512
593 10266 411 2509
571 10545 425 2512
565 10080 369 2582
588 10819 370 2511
560 10422 371 2559
560 10422 371 2559
602 10793 365 2509
588 10819 370 2511
557 10249 373 2565
557 9865 366 2599
635 10785 369 2521
568 10254 386 2539
529 9845 413 2618
579 10428 387 2504
602 10793 365 2509
689 12238 354 2543
651 11381 393 2498
643 11187 349 2544
589 10526 491 2537
581 10309 356 2629
549 9435 435 2603
545 9910 424 2621
650 11874 401 2498
689 12238 354 2543
654 11135 378 2512
639 11022 395 2516
590 10707 449 2539
558 10273 377 2589
554 10224 381 2611
573 10969 476 2570
596 10467 431 2527
574 10333 415 2558
578 10696 479 2506
617 10901 373 2524
549 9435 435 2603
608 11142 353 2553
620 10651 361 2582
573 10454 370 2603
595 10828 350 2574
592 10923 425 2532
574 10402 361 2612
608 10983 364 2534
580 10381 359 2601
580 10228 368 2567
576 10598 375 2544
620 10651 361 2582
594 10669 367 2539
592 10834 353 2559
578 10591 376 2567
595 10619 352 2609
580 10381 359 2601
593 10762 364 2543
595 10619 352 2609
593 10762 364 2543
592 10834 353 2559
576 10598 375 2544
608 10983 364 2534
673 12215 454 2527
662 12314 352 2593
596 10457 459 2566
596 10330 368 2633
580 10477 429 2572
653 11772 416 2536
641 11266 360 2558
658 11406 377 2535
639 11141 355 2609
585 10502 401 2595
595 10424 375 2611
588 10686 387 2546
626 10744 364 2592
632 10915 365 2549
637 11012 363 2576
587 10585 412 2582
601 10628 377 2596
608 10905 370 2555
581 10586 383 2577
592 10453 378 2569
603 10776 373 2544
607 10475 376 2583
608 10905 370 2555
662 12314 352 2593
626 10744 364 2592
603 10776 373 2544
684 11919 366 2622
645 10872 376 2665
613 10963 383 2545
612 10614 388 2569
594 10958 390 2593
586 10899 385 2597
662 11171 371 2558
645 11783 371 2566
608 11309 384 2596
610 10763 380 2589
670 11642 381 2605
622 11330 394 2547
620 11154 404 2582
613 10750 392 2602
662 11609 396 2594
640 11883 397 2565
640 11780 426 2572
677 12333 451 2664
617 11245 325 2455
597 10466 307 2504
530 9605 310 2589
487 8533 433 2389
464 8400 376 2552
475 8558 382 2402
522 9190 374 2411
574 10357 317 2470
559 10021 354 2456
542 9875 310 2584
558 10270 344 2449
509 9486 340 2524
518 8943 327 2457
493 8787 376 2550
498 8595 350 2536
515 9385 345 2479
537 9684 326 2522
506 8912 377 2466
552 9917 322 2512
499 8669 346 2494
501 9317 342 2521
556 9650 325 2500
517 9194 345 2462
499 8669 346 2494
552 9917 322 2512
508 8935 345 2518
554 9290 325 2530
554 9290 325 2530
691 12028 322 2515
606 10979 430 2405
604 10710 449 2409
539 9695 310 2589
502 8928 365 2621
481 8584 376 2552
481 8584 376 2552
651 11341 318 2516
669 11823 327 2504
636 11061 325 2523
579 10410 354 2454
506 8717 346 2494
534 10113 393 2417
521 9365 439 2429
502 8928 365 2621
532 9850 331 2563
559 9629 331 2539
529 9076 367 2468
616 10890 380 2447
625 11062 318 2556
494 8712 396 2490
542 9807 338 2476
524 9466 414 2433
610 10800 321 2544
560 9517 399 2420
517 9240 359 2483
583 10516 329 2498
495 9005 404 2488
563 10444 383 2427
583 10427 345 2453
572 9703 345 2497
522 9425 344 2556
521 9225 360 2481
522 8996 410 2440
536 9149 410 2425
621 10727 327 2511
618 10747 318 2558
497 8879 407 2471
504 9205 414 2436
581 10489 333 2465
548 9743 357 2464
481 8584 376 2552
540 10050 383 2433
614 10842 318 2562
548 9913 397 2432
527 9310 332 2507
500 9199 406 2472
556 9698 390 2452
524 9227 388 2465
543 9455 392 2460
545 9710 390 2462
526 9307 359 2474
481 8584 376 2552
557 10003 397 2425
559 10022 397 2421
497 8879 407 2471
551 10023 331 2466
550 9310 392 2460
557 10003 397 2425
583 10427 345 2453
551 10023 331 2466
481 8584 376 2552
677 11843 327 2511
673 11879 327 2508
612 11292 449 2408
542 9875 310 2589
515 9378 348 2672
495 8682 376 2552
491 8797 383 2611
660 11496 327 2517
538 10182 393 2428
625 11062 318 2558
625 11062 318 2558
611 11186 355 2458
501 9036 420 2496
511 8955 360 2620
622 11065 449 2409
573 9874 344 2505
524 9236 373 2584
565 9630 339 2523
542 9875 310 2589
527 9104 367 2599
502 8915 407 2474
563 10148 331 2466
553 10052 399 2459
622 11065 449 2409
524 9447 414 2438
506 9119 403 2492
556 10157 337 2547
538 9185 410 2425
534 9699 387 2471
522 9422 402 2487
542 9149 356 2608
534 9840 410 2467
521 9349 419 2449
555 9995 397 2465
512 9484 381 2535
514 9111 374 2592
572 9920 335 2512
566 10010 350 2504
526 9351 359 2477
530 9522 344 2516
536 9682 352 2510
519 9231 414 2452
527 9140 366 2523
512 9484 381 2535
539 9341 352 2543
532 9293 388 2470
529 9349 359 2550
541 9332 362 2514
499 9199 417 2551
572 10066 392 2460
517 9256 360 2551
555 10135 387 2468
540 9951 343 2523
555 9855 350 2508
531 9407 359 2474
522 9453 377 2521
520 9228 379 2503
522 9446 399 2491
530 9453 412 2458
572 10066 392 2460
499 9199 417 2551
520 9228 379 2503
532 9293 388 2470
572 9920 335 2512
541 9332 362 2514
522 9453 377 2521
539 9341 352 2543
540 9951 343 2523
520 9344 352 2553
520 9344 352 2553
572 10066 392 2460
679 11903 327 2509
628 11185 449 2420
552 9896 310 2596
533 9424 361 2630
504 8861 389 2601
664 10940 398 2443
624 11321 376 2462
679 11903 327 2509
625 11072 318 2558
505 9136 429 2484
513 8999 407 2476
550 9366 362 2628
538 9192 410 2425
608 11095 399 2451
524 9466 414 2438
553 10095 310 2589
505 9136 429 2484
572 10668 345 2527
605 10564 336 2528
515 9522 403 2508
585 10575 333 2473
562 10279 387 2471
525 9257 398 2542
550 10036 369 2501
547 9138 367 2607
593 10064 347 2548
558 9786 357 2519
546 9912 344 2564
540 9394 374 2550
555 10006 361 2493
570 10498 337 2548
528 9665 401 2513
583 10427 355 2471
537 9368 388 2470
531 9504 389 2491
552 10241 343 2534
569 10414 359 2516
533 9702 377 2526
542 9736 379 2482
577 10085 340 2529
608 11095 399 2451
533 10074 391 2484
541 9529 360 2569
540 9849 351 2529
522 9448 386 2529
525 9373 385 2575
524 9466 414 2438
569 10072 387 2479
593 10064 347 2548
547 9138 367 2607
571 10224 334 2561
572 10215 383 2479
581 10632 366 2492
528 9665 401 2513
558 9445 372 2535
525 9480 379 2562
551 9812 350 2539
554 9719 367 2522
577 10085 340 2529
532 9539 379 2522
532 9161 390 2577
528 9742 378 2545
572 10215 383 2479
583 10629 337 2541
584 10657 345 2474
544 9748 360 2515
537 9748 367 2582
551 9812 350 2539
537 9748 367 2582
581 10632 366 2492
556 9454 359 2550
558 9445 372 2535
532 9161 390 2577
533 9424 361 2630
532 9539 379 2522
556 9454 359 2550
679 11903 327 2509
685 11949 327 2509
546 9371 410 2425
544 9779 368 2656
522 9133 417 2545
517 9219 454 2502
513 9366 409 2585
616 11278 400 2463
658 11574 333 2513
560 9745 367 2621
683 11345 398 2445
598 10582 342 2474
542 9481 434 2482
591 10878 337 2556
674 11803 338 2509
574 10790 397 2470
565 9864 353 2534
526 9527 414 2438
638 11644 387 2469
532 9417 414 2501
542 9679 375 2594
636 10580 355 2493
568 10356 345 2543
541 9574 388 2476
553 9932 363 2566
649 11711 339 2504
525 9694 424 2493
548 9969 355 2586
579 10029 360 2533
582 10331 336 2577
558 10068 359 2576
575 10388 369 2493
585 10542 385 2483
543 9502 389 2482
649 11711 339 2504
590 10310 362 2498
555 10149 372 2526
576 10424 344 2548
513 9366 409 2585
572 10304 378 2493
547 10241 385 2519
592 9952 381 2502
569 10192 365 2498
559 9821 365 2551
563 10032 383 2484
525 9694 424 2493
560 10038 379 2509
522 9133 417 2545
558 9402 402 2514
547 10241 385 2519
583 10166 372 2504
522 9645 408 2498
556 9630 381 2593
558 9402 402 2514
555 9809 366 2569
548 9478 387 2573
556 9630 381 2593
576 10424 344 2548
555 10149 372 2526
542 9679 375 2594
555 9792 364 2571
523 9492 397 2555
563 10032 383 2484
523 9492 397 2555
555 9792 364 2571
562 9966 368 2544
522 9645 408 2498
562 9966 368 2544
548 9478 387 2573
583 10166 372 2504
676 11646 338 2513
657 12061 374 2481
580 10180 423 2431
571 10087 439 2440
571 9488 405 2648
528 9399 428 2610
527 9400 430 2565
640 11371 340 2589
640 11371 340 2589
606 10412 368 2517
605 11006 386 2492
599 10735 346 2533
541 9795 416 2454
554 9795 380 2631
593 9870 433 2447
582 10900 366 2528
571 9488 405 2648
591 10725 362 2519
533 9673 402 2608
597 10611 394 2477
588 9964 377 2592
602 10603 349 2503
572 10469 428 2433
558 9847 376 2629
543 9502 425 2557
579 10646 410 2444
565 9821 390 2574
534 9579 418 2453
595 10711 352 2555
554 9974 369 2577
561 10056 355 2604
563 10068 379 2539
557 10246 392 2548
571 10087 439 2440
534 9579 418 2453
565 9685 399 2494
549 10049 372 2613
574 10172 378 2545
589 10581 347 2558
592 10662 365 2522
549 10049 372 2613
577 10279 371 2511
588 10951 415 2442
561 10056 355 2604
558 10064 388 2479
542 9904 413 2521
567 10050 370 2546
547 9698 411 2516
571 10247 367 2561
557 9935 393 2495
562 9705 394 2493
562 10181 385 2526
528 9399 428 2610
588 10357 374 2508
593 10375 367 2525
575 10306 378 2506
546 9828 414 2481
527 9400 430 2565
532 9677 414 2560
595 10718 395 2477
584 10514 353 2560
583 10396 375 2500
584 10514 353 2560
562 10181 385 2526
605 11006 386 2492
541 9795 416 2454
554 9795 380 2631
583 10396 375 2500
584 10509 369 2509
606 10412 368 2517
597 10611 394 2477
575 10306 378 2506
595 10718 395 2477
557 9935 393 2495
584 10509 369 2509
681 11867 364 2513
659 11825 486 2453
590 10868 348 2564
587 10120 362 2632
553 9760 444 2481
530 9805 441 2617
666 11495 354 2536
627 10564 366 2585
553 9760 444 2481
546 9961 431 2462
559 10405 395 2496
577 10021 393 2563
568 10091 379 2608
624 10698 365 2523
567 10070 407 2625
616 10815 372 2503
569 10052 409 2592
585 10322 382 2519
616 10793 355 2536
586 10432 428 2471
604 10816 358 2515
681 11867 364 2513
555 9979 430 2463
599 10713 393 2485
566 9787 420 2564
576 10722 387 2518
592 10203 419 2473
592 10760 357 2617
569 10457 392 2502
607 10774 381 2522
574 10130 389 2509
574 10130 389 2509
577 10123 412 2481
562 10238 412 2490
546 9961 431 2462
592 10203 419 2473
595 10062 429 2456
562 10287 394 2491
569 10457 392 2502
595 10062 429 2456
562 10287 394 2491
562 10238 412 2490
607 10774 381 2522
660 10939 361 2532
653 11674 377 2514
625 11057 348 2575
605 11088 461 2456
600 10859 367 2631
558 9977 439 2491
610 11317 360 2568
574 10154 391 2525
612 10912 381 2613
644 11516 366 2515
585 10484 385 2549
586 10585 415 2506
587 10403 403 2496
598 10725 403 2491
584 10499 448 2478
630 11601 395 2486
625 11054 374 2517
580 10880 435 2518
660 10939 361 2532
591 10626 393 2512
595 10101 429 2573
602 10856 447 2460
653 11674 377 2514
590 10565 427 2484
630 11601 395 2486
616 10843 429 2475
587 10550 431 2465
594 10866 391 2517
616 10843 429 2475
599 10859 427 2474
587 10550 431 2465
587 10403 403 2496
590 10565 427 2484
683 11526 395 2516
653 11782 359 2597
641 11891 390 2517
624 10867 489 2461
618 11183 467 2458
571 9992 454 2492
561 10305 462 2551
596 10737 443 2472
664 11504 409 2521
587 10543 410 2569
635 11400 380 2549
646 11836 377 2544
598 10159 430 2568
588 11020 421 2507
595 10808 400 2564
609 10652 422 2512
613 10386 444 2546
603 10492 392 2535
629 11074 391 2548
594 10424 420 2551
607 10593 413 2516
588 10532 405 2531
618 11183 467 2458
649 11866 380 2520
598 10248 407 2550
599 10564 395 2532
597 10304 397 2547
641 11891 390 2517
667 11566 395 2543
648 11610 416 2520
641 11724 444 2532
598 10674 446 2538
591 10565 436 2634
613 11446 400 2558
598 10698 427 2551
666 12101 443 2531
627 11635 473 2559
627 11406 513 2538
607 10353 325 2517
602 10765 316 2512
592 10766 324 2410
485 9108 415 2454
477 8391 356 2548
473 8736 367 2463
579 10141 343 2461
514 9454 337 2475
521 9057 398 2446
531 9186 344 2477
477 8569 379 2498
488 8474 367 2490
516 9203 366 2440
487 8835 316 2538
482 8874 356 2498
528 9171 327 2510
474 8576 367 2467
529 9285 347 2417
529 9285 347 2417
473 8736 367 2463
473 8736 367 2463
473 8736 367 2463
604 11180 342 2502
572 9666 329 2599
539 9303 347 2417
526 9721 449 2454
510 8851 345 2646
500 8520 398 2536
486 8627 379 2540
500 8520 398 2536
539 9989 344 2522
562 9913 330 2513
572 9716 334 2529
528 9499 394 2441
531 9725 331 2542
511 9187 356 2498
497 8941 346 2620
487 8878 367 2464
536 9712 365 2482
546 9564 339 2533
522 9620 354 2539
536 9763 348 2525
524 8971 361 2523
532 9424 339 2536
540 9628 339 2506
536 9724 384 2459
492 8959 345 2542
541 9542 345 2501
499 9076 340 2540
499 9076 340 2540
536 9724 384 2459
608 11049 378 2429
597 10388 329 2599
509 9018 346 2612
500 8800 401 2566
493 9062 431 2569
528 9935 431 2443
507 9184 407 2467
581 10739 342 2509
604 10446 330 2549
494 8908 378 2582
606 10892 356 2437
568 10101 335 2522
536 9377 385 2489
596 10237 340 2509
542 9839 373 2446
539 9496 352 2490
570 10349 362 2440
568 10235 366 2456
552 9822 337 2583
517 9218 345 2555
534 9139 375 2505
516 9364 346 2570
575 10055 337 2539
506 9200 354 2609
523 9606 340 2544
511 9317 367 2551
559 10022 394 2441
545 10174 348 2526
558 10178 364 2463
583 9675 342 2531
546 9374 349 2497
559 10259 369 2461
587 10129 334 2545
573 9886 337 2549
554 9816 339 2546
521 9406 388 2465
502 8985 376 2569
587 10129 334 2545
559 10259 369 2461
551 10020 358 2467
541 9428 350 2478
520 9639 374 2492
512 9202 360 2546
541 9428 350 2478
502 9020 390 2553
507 9184 407 2467
525 9038 390 2467
583 9675 342 2531
519 9201 393 2523
551 9444 345 2545
505 9121 346 2612
556 9750 345 2501
556 9750 345 2501
537 9246 369 2524
555 9865 342 2538
509 9018 346 2612
522 9395 356 2498
534 9371 374 2525
522 9395 356 2498
537 9246 369 2524
555 9865 342 2538
509 9018 346 2612
587 10129 334 2545
650 11480 330 2549
588 10566 369 2440
532 9167 413 2548
522 9730 381 2644
520 9507 472 2504
509 9314 414 2523
604 10378 355 2482
593 10965 342 2509
584 10724 368 2477
528 9935 447 2458
520 9308 438 2576
556 9746 342 2606
522 9730 381 2644
520 9507 472 2504
543 9884 385 2451
536 9381 351 2590
569 10406 369 2461
512 9204 401 2588
525 9290 416 2554
595 10304 362 2491
572 10058 338 2604
591 10209 347 2503
515 9175 385 2578
532 9292 397 2532
546 9778 352 2574
573 9886 337 2550
566 9779 349 2497
587 10129 334 2555
596 10833 361 2478
534 9417 387 2504
573 9805 346 2515
596 10439 340 2509
524 9579 407 2487
526 9480 396 2551
559 9742 345 2563
533 9564 357 2507
555 10118 375 2506
524 9579 407 2487
596 10833 361 2478
551 10014 345 2563
556 9770 356 2493
567 9658 443 2478
509 9314 414 2523
551 10014 345 2563
553 9490 349 2508
573 10003 377 2478
529 9796 399 2504
523 9242 354 2559
523 9242 354 2559
529 9439 378 2521
568 10127 335 2522
525 9290 416 2554
529 9439 378 2521
567 9658 443 2478
534 9678 346 2589
555 10118 375 2506
526 9480 396 2551
534 9678 346 2589
573 10003 377 2478
646 11220 337 2567
625 11278 358 2488
615 10889 383 2440
531 9800 483 2534
520 9209 385 2584
518 9436 398 2641
518 9436 398 2641
539 9803 453 2505
531 9800 483 2534
597 11023 342 2509
524 9547 437 2566
536 9472 408 2524
584 9868 343 2613
544 9718 426 2518
538 9751 449 2515
580 10491 338 2543
544 9718 426 2518
559 9870 349 2597
572 10468 375 2485
598 10590 380 2451
541 9750 346 2602
540 9451 373 2579
546 9968 403 2467
609 10809 383 2446
591 9949 342 2562
539 9558 351 2592
609 10809 383 2446
573 10129 346 2541
528 9672 359 2559
564 10362 395 2492
570 10013 357 2502
541 9841 371 2547
565 10207 385 2473
575 9905 386 2483
599 10224 351 2530
615 10544 340 2509
546 10126 407 2460
537 10017 452 2465
584 9868 343 2613
572 10648 343 2532
534 9311 389 2559
556 9673 394 2524
543 9538 383 2553
582 10373 370 2494
561 10541 352 2553
587 10756 366 2494
533 9296 400 2549
605 9648 378 2537
566 9915 361 2512
568 9950 390 2482
557 9776 373 2504
583 10273 343 2538
534 9807 392 2514
553 9613 365 2561
561 9893 367 2504
574 10089 354 2553
565 10207 385 2473
530 9622 381 2551
587 10756 366 2494
524 9523 380 2583
582 10272 361 2495
605 9648 378 2537
547 10021 381 2527
553 9927 360 2548
546 10097 396 2499
544 9900 406 2482
533 9296 400 2549
554 9519 388 2536
535 9469 365 2564
615 10544 340 2509
548 9801 380 2513
587 10254 378 2501
547 9917 396 2456
574 10089 354 2553
547 9917 396 2456
543 9596 385 2530
572 10648 343 2532
547 10021 381 2527
540 9869 377 2538
587 10369 351 2503
564 10362 395 2492
555 9493 361 2566
544 9900 406 2482
534 9311 389 2559
530 9924 404 2536
543 9596 385 2530
582 10373 370 2494
554 9935 358 2511
548 9801 380 2513
539 9731 385 2531
555 9493 361 2566
554 9935 358 2511
587 10254 378 2501
553 9667 379 2531
530 9924 404 2536
540 9869 377 2538
553 9667 379 2531
553 9927 360 2548
524 9523 380 2583
687 11965 372 2501
652 11588 396 2440
643 10792 340 2509
556 10026 497 2518
555 9227 389 2586
541 9568 370 2682
536 9600 413 2533
654 11892 394 2453
572 10235 455 2490
630 11563 341 2526
543 9977 364 2662
561 9438 388 2621
613 11245 380 2481
545 9813 478 2530
613 11079 383 2464
565 10160 441 2501
545 9813 478 2530
605 10559 354 2557
604 11160 342 2515
552 9734 365 2601
605 11051 348 2516
560 9401 408 2557
610 11283 342 2509
591 10870 427 2458
555 9227 389 2586
597 10229 417 2482
574 9922 432 2482
548 9519 435 2576
561 9438 388 2621
580 10399 347 2560
637 10838 404 2460
568 10324 400 2478
549 10048 384 2552
563 9848 403 2521
608 9760 380 2547
586 10279 359 2549
588 10677 390 2489
553 10204 398 2534
541 9621 367 2576
543 9893 390 2570
637 10838 404 2460
593 10300 362 2512
591 10870 427 2458
565 10160 441 2501
564 9889 387 2539
541 9569 377 2576
558 9781 400 2525
560 10449 421 2502
576 9565 411 2544
548 9813 358 2594
554 9571 399 2542
580 10367 379 2507
569 10480 360 2566
588 10677 390 2489
540 9695 411 2593
540 9695 411 2593
569 10480 360 2566
610 11283 342 2509
589 10142 374 2508
595 10099 357 2506
595 10099 357 2506
568 10234 361 2563
590 10402 363 2544
554 10016 423 2526
558 9806 377 2549
560 10449 421 2502
574 10043 396 2489
542 9988 410 2545
569 9912 368 2517
589 10142 374 2508
544 9667 410 2557
575 10323 365 2511
555 9729 371 2568
564 10085 365 2514
558 10227 364 2514
557 10159 411 2506
557 10020 386 2507
560 10359 400 2505
544 9667 410 2557
554 10016 423 2526
547 9567 389 2568
587 9788 386 2559
545 9850 387 2549
568 10234 361 2563
587 9788 386 2559
575 10323 365 2511
564 9780 398 2508
547 9567 389 2568
542 9988 410 2545
569 9912 368 2517
590 10402 363 2544
580 10367 379 2507
564 10085 365 2514
554 10087 359 2586
560 10359 400 2505
557 10020 386 2507
554 10087 359 2586
541 9569 377 2576
610 11283 342 2509
659 11650 401 2465
635 11329 442 2465
629 11472 342 2510
620 11395 506 2483
576 10672 366 2635
565 9518 457 2585
542 9795 425 2533
659 11650 401 2465
610 11022 372 2521
587 10256 420 2494
626 11419 473 2467
605 10716 352 2562
632 10779 403 2479
638 11449 389 2488
638 11221 407 2478
597 10430 358 2532
590 10475 351 2576
565 9518 457 2585
579 9824 371 2619
584 10544 395 2525
571 9918 377 2598
549 10220 372 2608
611 11110 357 2528
626 11419 473 2467
547 9603 404 2617
599 10378 401 2508
579 10327 463 2486
637 10643 460 2489
560 9922 404 2558
635 11329 442 2465
545 9672 416 2548
582 10165 397 2530
617 10126 383 2541
544 9623 403 2633
562 10290 424 2511
566 10218 381 2527
573 10038 413 2555
574 10729 375 2580
562 9816 385 2599
599 11099 366 2518
627 10062 378 2538
616 11271 348 2522
619 11324 342 2511
599 11099 366 2518
561 10315 382 2574
624 11514 462 2466
549 10220 372 2608
602 10295 378 2548
571 10173 388 2540
561 10038 383 2579
560 9922 404 2558
544 9861 414 2547
616 11271 348 2522
624 11514 462 2466
584 10356 411 2492
638 11449 389 2488
545 9672 416 2548
544 9623 403 2633
584 10356 411 2492
575 9866 403 2535
575 9866 403 2535
561 10315 382 2574
561 10038 383 2579
680 11685 423 2466
637 11712 433 2499
626 11648 344 2529
582 10771 473 2489
581 9934 379 2653
549 9726 408 2638
542 10001 455 2548
640 11354 407 2479
629 11055 360 2560
612 10878 383 2544
561 10297 403 2626
575 10663 466 2523
570 9851 393 2600
548 9755 417 2593
571 10317 397 2575
578 10228 392 2528
570 10427 400 2556
608 10707 361 2547
551 9963 406 2648
611 10637 351 2595
608 10707 361 2547
542 10001 455 2548
611 10637 351 2595
581 9934 379 2653
703 11829 373 2530
670 12069 420 2505
661 11447 351 2607
588 10695 494 2527
560 10347 408 2653
657 11515 443 2518
624 11374 364 2584
611 10754 388 2573
616 11002 374 2561
569 10394 424 2637
602 10849 411 2537
607 10906 401 2624
593 10449 427 2550
628 10856 392 2543
590 10605 429 2529
637 11158 364 2548
637 11158 364 2548
651 11843 361 2623
651 11843 361 2623
663 11812 355 2544
661 11447 351 2607
574 10606 408 2556
614 10615 405 2555
571 10433 402 2559
663 11812 355 2544
678 12365 410 2548
663 11945 462 2525
652 11727 403 2569
631 10994 530 2603
601 10551 405 2611
637 10921 509 2580
616 11051 419 2555
603 10688 438 2606
667 11972 532 2527
659 12169 417 2595
626 10801 471 2662
652 11482 419 2555
640 10860 485 2611
