135 0.247957
461 8455 319 2332
404 7594 309 2398
404 7594 309 2398
404 7594 309 2398
467 8609 302 2358
467 8377 285 2365
443 8245 289 2391
443 8245 289 2391
467 8609 302 2358
404 7594 309 2398
467 8377 285 2365
446 8062 298 2362
404 7594 309 2398
404 7594 309 2398
427 7947 294 2395
461 8455 319 2332
431 8119 294 2394
443 8245 289 2391
404 7594 309 2398
446 8062 298 2362
467 8377 285 2365
461 8455 319 2332
446 8062 298 2362
404 7594 309 2398
446 8062 298 2362
404 7594 309 2398
404 7594 309 2398
404 7594 309 2398
467 8377 285 2365
404 7594 309 2398
404 7594 309 2398
404 7594 309 2398
404 7594 309 2398
446 8062 298 2362
404 7594 309 2398
404 7594 309 2398
404 7594 309 2398
404 7594 309 2398
404 7594 309 2398
404 7594 309 2398
404 7594 309 2398
404 7594 309 2398
404 7594 309 2398
404 7594 309 2398
404 7594 309 2398
404 7594 309 2398
404 7594 309 2398
404 7594 309 2398
404 7594 309 2398
404 7594 309 2398
404 7594 309 2398
404 7594 309 2398
404 7594 309 2398
404 7594 309 2398
404 7594 309 2398
404 7594 309 2398
404 7594 309 2398
404 7594 309 2398
404 7594 309 2398
404 7594 309 2398
404 7594 309 2398
404 7594 309 2398
404 7594 309 2398
404 7594 309 2398
404 7594 309 2398
404 7594 309 2398
404 7594 309 2398
404 7594 309 2398
404 7594 309 2398
404 7594 309 2398
404 7594 309 2398
404 7594 309 2398
404 7594 309 2398
404 7594 309 2398
404 7594 309 2398
446 8062 298 2362
404 7594 309 2398
404 7594 309 2398
404 7594 309 2398
404 7594 309 2398
467 8377 285 2365
404 7594 309 2398
404 7594 309 2398
404 7594 309 2398
446 8062 298 2362
404 7594 309 2398
461 8455 319 2332
467 8377 285 2365
446 8062 298 2362
404 7594 309 2398
443 8245 289 2391
431 8119 294 2394
461 8455 319 2332
427 7947 294 2395
404 7594 309 2398
446 8062 298 2362
467 8377 285 2365
404 7594 309 2398
404 7594 309 2398
404 7594 309 2398
404 7594 309 2398
404 7594 309 2398
404 7594 309 2398
404 7594 309 2398
404 7594 309 2398
404 7594 309 2398
404 7594 309 2398
404 7594 309 2398
404 7594 309 2398
404 7594 309 2398
404 7594 309 2398
404 7594 309 2398
404 7594 309 2398
404 7594 309 2398
404 7594 309 2398
404 7594 309 2398
404 7594 309 2398
404 7594 309 2398
404 7594 309 2398
404 7594 309 2398
404 7594 309 2398
404 7594 309 2398
404 7594 309 2398
404 7594 309 2398
404 7594 309 2398
404 7594 309 2398
404 7594 309 2398
404 7594 309 2398
