8731 169.044
228 4015 219 1959
234 3936 215 1949
247 4045 206 1990
319 5100 306 1878
233 3964 225 1927
233 3954 225 1929
261 4347 240 1889
239 3983 220 1923
233 3946 220 1935
236 3950 220 1933
243 4021 235 1909
233 3956 225 1927
263 4177 240 1897
239 3991 225 1916
233 3953 225 1929
237 3957 210 1934
239 3991 225 1916
233 4053 215 1925
238 3989 225 1918
233 3947 220 1933
274 4632 218 1906
243 4005 235 1913
243 4048 235 1909
234 3984 220 1924
234 3944 208 1942
233 3964 225 1927
237 3951 209 1940
235 3956 215 1930
243 4028 235 1909
238 4011 235 1913
252 4109 240 1900
234 3944 208 1942
233 3956 225 1927
238 3988 225 1920
233 3960 225 1927
233 3943 220 1935
252 4109 240 1900
244 4038 235 1909
243 3978 225 1924
233 3943 220 1935
255 4149 231 1898
238 3967 225 1927
252 4109 240 1898
239 3991 225 1917
236 3940 225 1945
245 4052 225 1912
254 4145 240 1898
232 3951 220 1935
238 3999 220 1920
231 4028 210 1933
237 3960 215 1928
242 4010 215 1915
239 3991 225 1916
231 3966 210 1952
233 3956 225 1927
237 3951 210 1934
243 4008 225 1914
238 3988 225 1920
243 4028 235 1909
235 4032 225 1917
251 4082 235 1906
243 3978 225 1924
233 4053 215 1920
236 3938 210 1959
237 3951 210 1934
238 3967 225 1927
252 4109 240 1900
240 4130 230 1904
236 3950 220 1933
234 3944 210 1936
239 4001 225 1914
236 3940 225 1945
251 4210 226 1898
239 3991 225 1916
231 3938 210 1954
243 3978 220 1925
260 4209 231 1898
233 3956 225 1927
243 4021 235 1909
232 3951 220 1933
238 4006 208 1977
239 4001 225 1914
254 4145 240 1898
237 4177 230 1909
249 4040 210 1923
243 3978 225 1924
239 4003 225 1914
237 3951 210 1934
238 3967 225 1927
233 3953 225 1929
243 4099 230 1904
242 4100 216 1911
243 3978 225 1924
233 3956 225 1927
233 4066 210 1933
236 3938 215 1946
243 4013 235 1910
248 4102 240 1903
233 3943 220 1935
234 3936 212 1962
251 4071 235 1906
233 3964 225 1927
243 4021 235 1909
236 3974 220 1925
233 3947 220 1933
239 4001 225 1914
251 4090 235 1904
231 3942 219 1947
239 3996 225 1916
233 3954 225 1929
243 3978 225 1924
236 3949 208 1942
238 3988 225 1920
238 3989 225 1918
237 3987 210 1931
233 3956 225 1927
237 3964 215 1928
238 3967 225 1927
242 4102 220 1907
231 3948 220 1935
256 4223 236 1895
244 4038 235 1909
237 3972 220 1926
236 3950 220 1933
234 3938 210 1969
236 3940 225 1945
251 4067 235 1906
231 3966 208 1954
233 3956 225 1927
238 3967 225 1927
243 4012 235 1913
236 3950 220 1933
243 4021 235 1909
241 4156 230 1903
231 3938 215 1948
242 4024 210 1923
243 4021 235 1909
244 4038 235 1909
239 4001 225 1914
233 3953 225 1929
250 4018 215 1915
245 4065 225 1909
251 4071 235 1906
232 3951 220 1933
249 4040 210 1923
243 4005 235 1913
243 4037 225 1910
233 3962 225 1927
238 3967 225 1927
231 3948 220 1935
243 4005 235 1913
233 3947 220 1933
234 3944 210 1936
237 3972 220 1926
242 4010 215 1915
233 3947 220 1933
263 4515 254 1886
243 4021 235 1909
238 3967 225 1927
231 3938 215 1948
247 4085 225 1909
234 3944 208 1942
243 4005 235 1913
238 3967 225 1927
233 3947 220 1933
275 4656 220 1900
252 4109 240 1898
233 3956 225 1927
239 4001 225 1914
233 4053 215 1920
237 3964 215 1928
237 3960 215 1928
243 4013 235 1910
238 4169 230 1909
236 3942 210 1952
236 3942 210 1952
243 3986 220 1925
243 4021 235 1909
238 3989 225 1919
231 4061 225 1926
261 4347 240 1889
243 4005 235 1913
243 4117 230 1904
233 3943 220 1935
233 3953 225 1929
236 3950 220 1933
257 4400 249 1891
238 3980 220 1924
236 3940 210 1954
233 3943 220 1935
243 4013 235 1910
231 3938 210 1954
244 4038 235 1909
243 4091 230 1906
233 3943 220 1935
250 4044 220 1913
239 4001 225 1914
234 3992 220 1924
238 3967 225 1927
231 3938 215 1948
