3520 89.1044
257 4343 221 2091
242 4400 225 2090
244 4437 221 2104
292 4955 270 1849
287 4958 276 1860
388 7150 210 1895
300 5262 196 1967
344 6110 220 1869
347 6104 215 1882
339 5891 208 1903
270 4635 248 1927
334 5617 212 1886
344 5867 209 1896
251 4571 211 2028
263 4417 233 2067
275 4805 243 1901
269 4749 259 1898
255 4437 215 1992
254 4447 233 2043
295 5111 197 1963
287 4958 276 1860
249 4419 231 2071
278 5034 217 1956
272 4801 272 1892
290 4933 265 1855
273 4878 266 1888
251 4524 221 2003
329 5429 198 1949
283 4815 232 1925
268 4771 263 1894
268 4666 247 1920
259 4511 238 1945
327 5776 226 1863
247 4470 215 2014
297 5137 235 1881
262 4564 209 1989
266 4648 237 1942
254 4446 233 2048
286 5168 214 1909
251 4505 221 2007
292 5011 199 1954
313 5512 222 1874
323 5686 209 1900
284 4870 205 1936
301 5296 260 1850
265 4542 208 1984
252 4451 234 2055
247 4470 213 2020
321 5841 208 1908
255 4550 211 2025
248 4364 219 2098
328 5437 198 1947
252 4451 228 2057
256 4584 213 1986
261 4754 206 1970
280 4844 256 1897
272 4683 202 1974
304 5286 213 1918
290 5030 246 1870
298 5008 246 1876
320 5822 211 1911
318 5398 240 1852
276 4859 268 1888
264 4592 253 1924
308 5476 224 1879
267 4696 267 1902
306 5315 229 1868
300 5262 196 1967
315 5330 229 1864
259 4705 211 2018
330 5586 236 1860
288 5188 215 1907
271 4693 202 1976
268 4670 252 1914
259 4378 225 2086
248 4364 219 2098
299 5129 240 1872
284 4767 237 1922
245 4426 226 2080
308 5344 214 1904
326 5726 227 1861
266 4658 262 1907
260 4659 206 1972
277 4899 266 1886
309 5251 212 1892
262 4574 202 2006
279 4916 232 1932
253 4615 217 2011
303 5320 239 1856
304 5076 239 1856
317 5763 227 1861
279 4867 235 1884
277 4741 201 1981
271 4655 253 1913
303 5244 243 1862
320 5626 216 1878
290 5035 241 1876
267 4776 222 1952
281 4927 216 1939
277 4741 201 1981
315 5348 210 1933
331 5541 228 1858
242 4400 225 2090
296 5103 197 1963
254 4455 231 2050
271 4722 203 1972
332 5672 209 1900
271 4788 261 1894
290 5035 241 1876
253 4439 234 2061
246 4458 220 2090
285 5053 251 1869
299 5111 250 1851
264 4628 257 1910
247 4391 226 2084
244 4437 221 2104
326 5662 237 1857
331 5541 228 1858
252 4441 234 2061
287 4857 204 1964
255 4371 223 2095
296 5178 218 1902
312 5511 227 1867
292 4955 270 1849
307 5406 214 1891
281 4927 216 1939
303 5219 200 1934
272 4801 272 1892
284 5058 251 1883
305 5304 227 1893
328 5600 230 1855
282 4975 207 1951
272 4791 254 1903
264 4628 257 1910
326 5463 210 1916
303 5219 200 1934
278 4919 256 1897
282 4975 207 1951
249 4417 231 2074
255 4371 223 2095
251 4571 211 2028
245 4426 226 2080
261 4574 206 2008
325 5762 227 1861
319 5436 224 1866
251 4451 226 2076
330 5586 236 1860
322 5512 203 1930
314 5387 219 1879
294 4964 260 1856
277 4977 223 1906
299 5111 250 1851
316 5512 218 1875
285 4852 216 1937
310 5362 214 1891
290 4905 260 1862
276 4859 268 1888
307 5104 239 1853
256 4589 213 1983
293 5132 255 1863
272 4780 254 1908
293 5132 255 1863
254 4447 233 2043
253 4615 217 2011
278 4762 242 1915
322 5381 204 1917
328 5600 230 1855
310 5474 224 1879
278 4762 242 1915
259 4378 225 2086
251 4524 221 2003
322 5381 204 1917
