38 0.650209
375 6681 239 2222
388 7085 241 2181
400 7266 242 2120
393 6867 243 2178
399 7187 241 2151
380 6844 259 2131
428 7799 262 2087
392 6824 256 2151
402 7377 245 2113
406 6872 257 2142
403 7122 237 2147
394 6845 235 2221
392 7157 251 2130
395 6930 275 2079
395 7036 247 2150
393 6867 243 2178
386 7074 248 2134
427 7545 223 2135
405 7105 226 2138
393 7197 231 2138
367 6394 319 2502
367 6595 244 2163
387 7076 242 2168
387 6851 266 2086
444 7777 240 2086
439 7877 251 2091
399 7187 241 2151
425 7743 242 2100
403 7122 237 2147
392 6830 235 2224
412 7375 245 2115
397 7041 251 2101
409 7241 234 2131
365 6650 244 2171
375 6681 239 2222
434 7862 259 2076
432 7772 233 2104
444 7816 248 2085
392 6824 256 2151
397 7210 242 2126
380 6890 246 2154
424 7731 243 2105
403 7122 237 2147
400 6916 235 2150
392 6918 254 2096
363 6543 264 2202
425 7427 265 2086
469 8579 261 2072
393 6867 243 2178
415 6862 254 2112
408 7297 250 2095
370 6483 260 2100
416 7436 242 2117
406 6872 257 2143
427 7539 226 2138
427 7539 226 2138
428 7519 229 2145
428 7519 229 2145
399 7265 231 2138
405 7254 233 2146
367 6620 248 2172
393 7115 244 2163
373 6622 245 2212
393 7115 244 2163
393 7088 244 2168
396 7093 242 2177
423 7754 277 2090
411 7275 268 2094
415 7273 285 2092
399 7053 251 2149
399 7067 251 2147
390 7014 245 2210
389 6830 247 2207
388 7237 245 2187
386 6876 239 2227
445 8090 260 2084
435 7987 239 2122
509 9179 239 2111
465 8388 237 2135
459 8268 241 2112
444 8253 260 2092
451 8091 251 2091
401 7247 246 2145
435 7385 249 2134
386 6893 250 2170
389 6929 250 2168
387 7000 246 2203
473 8390 245 2105
402 7102 236 2162
400 7031 240 2187
402 7210 248 2160
407 7097 247 2163
406 7172 241 2151
400 7509 256 2116
393 7001 255 2161
406 7147 256 2133
393 7362 256 2126
401 7148 259 2131
396 7126 259 2136
404 7284 254 2112
406 6939 257 2142
398 7345 258 2121
363 6563 264 2202
434 7852 267 2094
434 7852 267 2094
433 7895 274 2088
394 6951 243 2193
398 7031 246 2190
399 6927 243 2178
415 7463 251 2109
409 7374 251 2119
411 7556 250 2118
428 7568 250 2115
427 7838 259 2099
433 7671 258 2098
438 7752 253 2095
413 7310 261 2111
431 7418 262 2110
431 7418 262 2110
413 7310 261 2111
391 6999 264 2157
384 6864 266 2143
394 7227 260 2138
387 6942 274 2141
382 6497 319 2493
395 7318 261 2111
411 7168 268 2129
415 7273 275 2113
372 6679 267 2147
376 6555 319 2497
436 7701 242 2132
426 7857 247 2123
449 8109 245 2121
436 7701 242 2132
419 7645 249 2133
379 6630 324 2492
373 6576 319 2502
482 8868 278 2086
363 6658 264 2202
382 6499 319 2497
427 7545 226 2138
494 8580 267 2087
395 6625 312 2484
403 7137 239 2230
471 8617 278 2089
445 8122 266 2097
372 6680 267 2147
462 8313 241 2129
401 6967 245 2227
436 7792 270 2103
416 7548 273 2104
415 7670 233 2179
397 7092 245 2212
454 8177 251 2091
459 8268 250 2126
438 7991 239 2135
476 8571 248 2107
451 8251 239 2132
429 8021 249 2129
367 6658 248 2183
395 7103 255 2161
421 6612 312 2502
473 8413 245 2110
435 7613 262 2110
418 7714 263 2109
434 7852 267 2100
386 6568 319 2495
439 7379 244 2152
476 8473 245 2108
475 8432 243 2121
400 7418 261 2111
437 7203 239 2188
