418 12.2239
249 4219 241 2100
249 4219 241 2100
262 4420 216 2120
291 4816 252 2038
251 4237 241 2100
251 4237 241 2100
276 4608 257 2048
253 4273 230 2095
249 4219 241 2100
251 4235 241 2100
262 4320 239 2073
251 4241 241 2098
268 4476 248 2055
251 4283 239 2088
251 4237 241 2100
253 4266 225 2100
251 4283 239 2088
255 4363 224 2092
251 4278 239 2088
249 4219 241 2100
275 4451 230 2067
260 4296 239 2080
266 4338 239 2067
251 4267 239 2088
253 4266 225 2100
251 4254 230 2095
253 4266 225 2100
251 4235 241 2100
262 4308 239 2073
260 4373 239 2073
269 4393 244 2061
253 4266 225 2100
251 4241 241 2098
251 4278 239 2088
251 4241 241 2098
249 4219 241 2100
269 4393 244 2061
269 4330 239 2072
251 4267 250 2091
249 4224 241 2100
275 4451 244 2060
263 4260 241 2095
269 4393 244 2061
251 4278 239 2088
249 4219 241 2100
266 4345 230 2074
268 4451 248 2058
251 4235 241 2100
260 4298 234 2086
254 4299 222 2105
252 4244 236 2111
260 4298 234 2086
251 4283 239 2088
253 4266 225 2100
251 4241 241 2098
252 4244 236 2111
260 4304 239 2080
251 4278 239 2088
262 4305 239 2073
256 4301 241 2086
266 4360 239 2067
251 4267 239 2088
258 4418 224 2089
249 4219 241 2100
252 4244 236 2111
263 4260 241 2095
269 4393 244 2061
264 4398 239 2067
251 4234 241 2100
251 4237 241 2100
260 4296 239 2080
249 4219 241 2100
274 4590 239 2061
260 4298 234 2086
249 4219 241 2100
251 4269 230 2095
275 4455 244 2058
251 4241 241 2098
262 4305 239 2073
251 4237 241 2100
254 4318 220 2113
260 4300 239 2083
268 4452 248 2058
258 4514 243 2064
264 4365 226 2080
251 4267 239 2088
260 4303 239 2080
252 4244 236 2111
251 4241 241 2098
251 4235 241 2100
269 4393 244 2061
266 4358 229 2079
251 4267 239 2088
251 4241 241 2098
255 4363 224 2092
249 4219 241 2100
262 4320 239 2073
269 4393 244 2061
249 4219 241 2100
249 4219 241 2100
266 4360 239 2067
251 4241 241 2098
262 4320 239 2073
253 4273 230 2095
249 4219 241 2100
260 4300 239 2083
269 4355 239 2067
249 4219 241 2100
260 4296 239 2080
251 4237 241 2100
251 4267 239 2088
253 4266 225 2100
251 4278 239 2088
251 4278 239 2088
253 4266 225 2100
251 4241 241 2098
253 4266 225 2100
251 4254 230 2095
266 4368 239 2067
249 4219 241 2100
269 4489 248 2055
266 4338 239 2067
263 4260 241 2095
251 4234 241 2100
251 4237 241 2100
249 4219 241 2100
266 4350 239 2067
254 4318 220 2113
251 4237 241 2100
251 4241 241 2098
260 4304 239 2080
249 4219 241 2100
262 4308 239 2073
258 4509 243 2064
249 4219 241 2100
262 4343 225 2096
262 4308 239 2073
266 4338 239 2067
260 4300 239 2083
251 4237 241 2100
261 4335 229 2079
266 4338 239 2067
266 4360 239 2067
251 4237 241 2100
262 4379 221 2105
260 4303 239 2080
269 4330 239 2072
251 4241 241 2098
251 4241 241 2098
251 4235 241 2100
260 4303 239 2080
251 4233 241 2100
252 4244 236 2111
263 4260 241 2095
260 4304 239 2080
249 4219 241 2100
277 4617 257 2042
262 4320 239 2073
251 4241 241 2098
249 4219 241 2100
266 4355 234 2073
253 4258 236 2106
262 4303 239 2073
251 4252 241 2098
249 4224 241 2100
288 4801 234 2063
269 4393 244 2061
251 4242 241 2100
260 4300 239 2083
255 4363 224 2092
253 4266 225 2100
251 4240 241 2100
262 4308 239 2073
258 4514 243 2064
252 4244 236 2111
251 4237 241 2100
251 4269 230 2095
262 4308 239 2073
251 4278 239 2088
251 4283 239 2088
276 4608 257 2048
262 4303 239 2073
264 4426 239 2061
249 4219 241 2100
251 4237 241 2100
249 4224 241 2100
276 4622 257 2048
251 4267 239 2088
249 4219 241 2100
249 4219 241 2100
261 4314 239 2080
251 4237 241 2100
266 4338 239 2067
266 4379 239 2067
249 4219 241 2100
266 4355 234 2073
260 4300 239 2083
251 4288 234 2094
251 4241 241 2098
249 4219 241 2100
