847 107.049
364 6319 224 1876
349 6450 215 1891
304 5328 240 1870
297 5308 205 1942
273 4834 258 1932
265 4788 225 2070
262 4564 240 2041
257 4571 241 2048
265 4772 243 2008
269 4786 226 1983
280 4948 253 1903
272 4854 258 1924
364 6319 224 1876
298 5237 249 1870
262 4724 238 2016
353 6164 213 1897
280 4948 253 1903
345 6201 215 1892
335 5949 212 1910
265 4655 229 2033
289 5018 247 1892
323 5498 216 1913
276 4891 244 1918
268 4869 249 1929
295 5054 227 1896
267 4768 231 2024
291 5031 236 1895
341 5966 206 1924
306 5197 206 1941
282 4999 210 1939
321 5912 210 1924
352 6091 212 1899
332 6013 213 1903
357 6409 224 1878
259 4623 242 2040
361 6354 224 1878
270 4713 213 1976
333 5776 224 1886
265 4796 234 2011
286 5035 233 1931
304 5380 220 1903
350 6051 215 1889
260 4619 235 2058
321 5912 210 1924
296 5187 230 1890
324 5809 220 1881
361 6354 224 1878
318 5627 205 1929
277 4982 214 1936
311 5480 215 1921
288 5098 211 1931
357 6409 224 1878
339 6033 216 1889
329 5731 215 1901
285 4895 217 1945
326 5846 207 1919
329 5731 215 1901
267 4768 231 2024
272 4781 216 1968
303 5359 223 1898
303 5260 225 1882
285 4818 218 1964
275 4872 209 1949
313 5565 222 1902
337 5974 226 1879
301 5322 217 1907
318 5780 214 1921
261 4665 235 2055
333 5805 229 1878
313 5565 222 1902
257 4571 241 2048
293 5247 234 1874
286 5144 233 1903
336 6132 213 1899
326 5846 207 1919
263 4831 225 2068
261 4665 235 2055
289 5018 247 1892
308 5427 205 1938
257 4595 236 2042
350 5923 212 1907
262 4676 229 2035
260 4722 249 2017
284 5024 242 1897
302 5201 234 1871
302 5429 205 1937
269 4786 226 1983
260 4690 239 2029
263 4606 241 2040
301 5205 230 1873
271 4864 219 1957
280 5077 244 1904
317 5663 205 1929
285 4847 217 1951
274 4882 213 1954
325 5684 219 1905
325 5684 219 1905
274 4863 218 1960
346 5956 208 1915
347 6192 225 1876
313 5565 222 1902
257 4595 236 2042
337 5974 226 1879
317 5601 216 1910
270 4717 213 1970
272 4909 211 1947
282 5068 239 1913
259 4665 244 2023
265 4867 225 2064
311 5480 215 1921
352 5966 207 1917
265 4772 243 2008
268 4648 235 2050
305 5295 223 1898
275 4949 244 1912
297 5166 225 1888
346 5956 208 1915
344 6020 209 1913
283 4988 211 1933
278 4916 205 1943
260 4690 239 2029
349 6450 215 1891
344 6020 209 1913
292 5021 227 1898
308 5427 205 1938
305 5484 215 1922
315 5584 212 1930
289 5140 236 1903
347 6192 225 1876
326 5846 207 1919
315 5584 212 1930
285 4818 218 1964
270 4713 213 1976
265 4867 225 2064
301 5168 224 1914
266 4711 249 2014
276 4891 244 1918
283 4988 211 1933
295 5237 220 1911
277 4862 209 1952
338 5819 214 1910
340 6115 215 1894
278 4916 205 1943
340 6115 215 1894
277 4982 214 1936
263 4831 225 2068
298 5237 249 1870
288 5098 211 1931
266 4711 249 2014
271 4864 219 1957
290 5239 224 1918
268 4648 235 2050
259 4623 242 2040
274 4863 218 1960
297 5255 223 1900
324 5809 220 1881
305 5295 223 1898
273 4834 258 1932
338 5819 214 1910
270 4717 213 1970
292 5021 227 1898
301 5205 230 1873
305 5295 223 1898
276 4891 244 1918
273 4834 258 1932
349 6450 215 1891
321 5912 210 1924
440 7768 224 1938
411 7334 219 1979
340 5975 225 1889
272 4859 258 1924
272 4859 258 1924
329 5880 229 1937
284 5061 249 1924
279 4984 249 1935
368 6505 223 1960
414 7249 220 1965
399 6933 224 1950
374 6559 224 1955
387 6972 224 1952
272 4859 258 1924
272 4859 258 1924
408 6979 224 1953
365 6539 225 1889
355 6345 228 2000
288 4982 258 1924
285 5154 258 1930
336 6040 230 1963
299 5372 250 1931
352 6426 236 1908
352 6422 241 1946
350 6297 245 1950
359 6396 247 1917
355 6466 244 1907
287 5146 258 1928
356 6345 227 1931
383 6525 238 1953
372 6736 225 1891
343 6175 233 1989
290 5101 271 1928
288 5113 258 1925
294 5122 258 1924
341 6166 257 1952
356 6237 230 1977
364 6646 244 1907
370 6348 249 1932
361 6380 243 1947
381 6475 238 1963
342 6223 251 1951
371 6577 228 1941
346 6432 238 1966
361 6462 234 1966
370 6631 244 1902
365 6666 236 1942
368 6534 231 1944
369 6603 237 1925
429 7612 226 1941
404 7122 225 1981
401 7251 227 1899
367 6579 264 1933
360 6595 231 1992
336 5861 262 1953
343 6200 233 1989
377 6841 242 1915
359 6487 260 1943
389 6671 240 1943
375 6528 235 1970
381 6774 242 1927
388 6833 228 1909
374 6454 250 1956
375 6504 247 1965
360 6357 255 1952
366 6398 252 1949
380 6654 229 1945
373 6752 245 1952
372 6815 255 1948
360 6475 232 1982
375 6582 243 1969
376 6465 253 1943
375 6798 231 1990
424 7087 228 1926
422 7775 233 1915
403 7263 242 1914
383 6839 229 2000
358 6068 273 1954
344 6261 283 1959
348 6284 233 1989
404 7404 232 1917
386 6830 265 1928
360 6401 258 1982
412 7022 228 1956
400 6945 248 1932
362 6588 245 1984
370 6690 234 1987
382 6542 252 1975
361 6211 262 1955
390 7054 235 1924
378 6799 248 1981
371 6645 257 1953
397 7115 251 1914
380 6559 242 1972
407 6765 231 1961
390 7035 256 1929
406 7062 249 1919
381 6834 249 1938
393 6809 260 1944
380 6770 240 1983
379 6732 243 1977
361 6598 260 1948
403 7294 231 1942
387 6746 229 1974
408 7277 230 1926
395 6947 242 1925
384 7102 229 1950
393 6956 229 1959
384 6775 230 1957
385 6709 232 1983
404 7325 232 1926
384 6800 244 1953
439 7818 229 1946
433 7787 245 1914
352 6267 290 2015
410 7266 249 1919
363 6524 278 1971
404 7415 232 1917
394 6967 268 1929
353 6414 259 2003
359 6411 276 1988
361 6567 242 2013
365 6637 234 1992
380 6671 270 1958
400 7343 229 1965
398 7147 251 1935
363 6310 233 2001
400 7268 237 1940
389 6681 248 1980
399 7055 252 1936
396 7271 235 1949
377 6944 262 1953
406 6968 253 1953
401 6737 248 1974
384 6791 233 1981
372 6654 234 1990
383 6844 263 1947
380 6882 243 1987
383 6796 256 1989
402 7126 243 1954
391 6814 249 1957
376 6912 258 1980
375 6592 248 1990
384 6830 230 1957
390 6905 253 1954
374 6863 242 1989
470 8375 230 1950
408 7477 232 1917
399 7215 269 1948
365 6378 233 2001
365 6339 233 2004
427 7083 230 2003
415 7468 245 1933
423 7456 242 1933
370 6696 234 1994
388 6859 267 1961
421 7397 235 1953
409 7268 240 1947
410 7237 260 1949
403 6674 244 1991
401 7296 250 1951
386 7055 253 1987
383 6994 244 1990
388 6844 256 1982
410 6914 248 1976
369 6687 255 2000
389 6994 259 1972
395 7088 237 1986
387 6882 257 1978
393 6910 236 1991
399 6957 254 1978
405 6971 245 1963
394 6921 256 1958
400 7133 238 1958
400 6991 240 1973
401 7093 233 1969
399 7168 230 1965
387 6998 238 1960
422 7474 234 1962
410 7462 238 1948
440 7373 257 1950
415 7630 232 1917
390 6930 275 1985
369 6435 233 2012
365 6355 239 2006
383 6806 246 1996
368 6468 233 2001
438 7566 259 1928
419 7605 262 1946
399 6952 266 1972
423 7520 242 1952
432 7361 232 1987
404 7151 234 1990
395 7226 251 1965
420 7429 245 1955
388 7112 262 1991
395 7059 252 1966
429 7584 232 1955
393 7170 250 1969
391 7193 263 1981
433 7563 234 1978
401 7155 237 1975
403 7004 248 1990
397 7080 244 1991
399 6983 259 1981
400 7098 238 1960
392 6956 234 1994
417 7501 233 1990
394 7141 242 1985
391 7152 266 1974
390 7183 247 1985
402 7186 245 1958
398 7148 238 1963
396 7029 262 1966
445 7789 244 1956
431 7951 232 1917
387 6825 293 1998
366 6528 253 2027
399 7149 270 1977
422 7640 247 1953
376 6731 253 2006
432 7820 250 1939
384 6957 244 2015
432 7513 237 1986
391 7141 262 1991
428 7526 249 1957
435 7807 233 1960
410 7183 244 1960
404 7213 238 1960
403 7180 242 1972
401 7280 253 1991
389 6997 258 1998
388 7107 242 2008
405 7208 236 1992
391 6900 242 2003
386 6900 251 1999
385 6966 256 2001
395 7122 250 1997
401 6970 246 1994
397 7130 246 1996
453 8168 264 1948
417 7322 237 2004
404 7248 268 1989
389 7071 260 2008
388 7083 258 2015
435 7727 248 1958
405 7230 238 1960
417 7388 237 1994
404 7348 262 1984
394 7147 255 2005
405 7217 246 1998
411 7227 252 1995
398 7273 262 1998
403 7232 252 2002
402 7320 262 1991
448 8219 237 2009
420 7278 239 2034
414 7378 238 1960
409 7410 281 1968
405 7238 246 1996
411 7519 240 2009
408 7306 252 1977
406 7336 262 1991
406 7336 262 1991
409 7273 248 1971
489 7853 239 1984
467 8330 241 1967
443 7966 246 1960
435 7419 238 1998
411 7484 281 1977
410 7336 246 1996
406 7336 262 1994
450 8096 239 1973
427 7562 265 1981
473 7760 244 1963
414 7414 278 1981
426 7710 250 1965
409 7420 260 1987
423 7622 254 1974
431 7921 242 1983
414 7400 262 1991
419 7580 254 1984
428 7435 243 1970
435 7633 243 1964
414 7456 246 1992
465 8408 247 1960
437 7772 242 2015
426 7477 281 1982
415 7371 246 1996
410 7560 262 1992
442 7811 243 1967
439 8108 246 1964
430 7658 249 1988
411 7436 262 1991
435 7721 244 1970
434 7636 246 1977
442 7985 245 1981
431 7386 249 2001
422 7643 253 2002
417 7438 262 1991
431 7977 258 1989
424 7510 246 1996
506 8957 256 1986
473 8210 245 2009
435 7590 254 2023
427 7502 266 2020
419 7564 262 1991
460 7818 248 2000
453 8339 262 1988
447 8286 251 1989
430 7744 255 2002
424 7791 253 1999
460 8212 252 2023
419 7596 262 1991
447 7846 253 2001
440 8199 253 2008
440 8083 253 2015
442 8136 253 2002
475 8427 252 2024
436 8066 262 1992
431 7630 276 2005
448 8250 253 2002
431 7979 272 2012
459 8132 273 1997
454 8103 285 2023
441 8166 262 1992
456 8459 278 2010
451 8361 272 2019
451 8373 272 2012
364 6319 224 1876
349 6450 215 1891
308 5427 205 1938
304 5328 240 1870
273 4834 258 1932
265 4788 225 2070
262 4564 240 2041
257 4571 241 2048
265 4772 243 2008
269 4786 226 1983
280 4948 253 1903
259 4665 244 2023
272 4859 258 1924
275 4904 249 1924
345 6201 215 1892
295 5054 227 1896
357 6409 224 1878
289 5018 247 1892
265 4655 229 2033
267 4768 231 2024
300 5375 206 1941
280 4948 253 1903
282 4999 210 1939
347 6192 225 1876
263 4831 225 2068
297 5308 205 1942
321 5912 210 1924
313 5565 222 1902
326 5846 207 1919
280 5060 247 1897
266 4711 249 2014
326 5846 207 1919
289 5140 236 1903
323 5498 216 1913
357 6409 224 1878
269 4786 226 1983
270 4713 213 1976
311 5480 215 1921
257 4595 236 2042
272 4909 211 1947
352 6091 212 1899
260 4619 235 2058
318 5627 205 1929
259 4623 242 2040
329 5731 215 1901
332 6013 213 1903
285 4818 218 1964
339 6033 216 1889
325 5684 219 1905
277 4982 214 1936
329 5731 215 1901
353 6164 213 1897
361 6354 224 1878
338 5819 214 1910
268 4648 235 2050
302 5429 205 1937
361 6354 224 1878
292 5021 227 1898
278 4916 205 1943
260 4690 239 2029
349 6450 215 1891
270 4717 213 1970
301 5205 230 1873
296 5187 230 1890
350 5923 212 1907
280 5077 244 1904
333 5776 224 1886
324 5408 220 1905
283 4988 211 1933
317 5601 216 1910
341 5966 206 1924
352 6091 212 1899
284 5024 242 1897
335 5949 212 1910
270 4713 213 1976
313 5565 222 1902
301 5168 224 1914
262 4724 238 2016
287 5157 234 1906
260 4722 249 2017
340 6115 215 1894
262 4724 238 2016
267 4585 241 2038
364 6319 224 1876
260 4690 239 2029
263 4606 241 2040
265 4796 234 2011
285 4818 218 1964
324 5408 220 1905
274 4863 218 1960
277 4862 209 1952
336 6132 213 1899
278 4848 223 1951
301 5322 217 1907
271 4864 219 1957
303 5260 225 1882
318 5780 214 1921
306 5197 206 1941
337 5974 226 1879
268 4648 235 2050
295 5088 236 1891
293 5247 234 1874
285 4847 217 1951
262 4676 229 2035
274 4882 213 1954
325 5684 219 1905
346 5956 208 1915
279 4969 233 1916
346 5956 208 1915
262 4564 240 2041
344 6020 209 1913
265 4772 243 2008
267 4768 231 2024
344 6020 209 1913
279 4969 233 1916
337 5974 226 1879
303 5225 222 1910
261 4665 235 2055
308 5427 205 1938
305 5484 215 1922
321 5912 210 1924
315 5584 212 1930
317 5601 216 1910
315 5584 212 1930
257 4571 241 2048
340 6115 215 1894
324 5809 220 1881
265 4867 225 2064
275 4949 244 1912
297 5166 225 1888
279 4969 233 1916
333 5805 229 1878
288 5098 211 1931
296 5092 210 1933
261 4665 235 2055
312 5426 220 1905
322 5252 214 1927
293 5247 234 1874
290 5239 224 1918
304 5328 240 1870
300 5375 206 1941
353 6164 213 1897
276 4891 244 1918
275 4872 209 1949
271 4864 219 1957
266 4711 249 2014
286 5127 239 1903
272 4781 216 1968
350 6051 215 1889
305 5287 223 1898
284 5155 235 1906
272 4781 216 1968
333 5776 224 1886
322 5252 214 1927
273 4834 258 1932
350 6051 215 1889
265 4867 225 2064
305 5287 223 1898
303 5225 222 1910
288 5098 211 1931
295 5237 220 1911
262 4676 229 2035
268 4869 249 1929
311 5480 215 1921
286 5127 239 1903
278 4882 205 1949
341 5966 206 1924
305 5287 223 1898
276 4891 244 1918
290 5239 224 1918
279 4969 233 1916
324 5408 220 1905
286 5127 239 1903
367 6607 215 1957
367 6525 228 1902
366 6410 215 1977
288 5174 258 1924
361 6156 217 1971
294 5175 244 1920
329 5693 220 1905
316 5449 223 1954
327 5805 231 1912
302 5256 223 1960
315 5410 233 1912
310 5495 224 1918
320 5789 220 1918
300 5221 233 1913
391 6936 224 1927
374 6695 234 1906
361 6285 217 1982
298 5255 244 1920
380 6856 222 1972
317 5818 232 1923
331 5606 238 1920
370 6482 223 1947
336 6062 225 1935
341 5955 242 1906
365 6179 228 1918
349 6251 234 1912
354 6516 224 1929
406 7381 241 1912
387 6965 258 1914
372 6583 217 1987
365 6369 217 1988
304 5368 244 1926
322 6047 235 1924
338 6199 230 1945
393 6785 258 1913
364 6518 225 1971
359 6568 224 1929
400 7330 228 1927
356 6500 229 1943
366 6314 238 1922
350 6247 244 1917
350 6278 228 1974
351 6410 234 1919
352 6314 225 1988
419 7514 259 1917
407 7234 224 1954
367 6301 233 1991
310 5596 258 1933
323 5933 249 1969
324 5703 244 1928
342 6088 242 1946
345 6429 249 1926
385 6364 236 1986
352 6127 237 1927
367 6510 241 1921
404 7222 231 1929
398 6667 224 1978
371 6680 229 1939
380 6908 231 1935
363 6555 235 1971
375 6632 225 1956
383 6715 228 1934
407 7036 235 1928
388 6838 224 1960
391 6673 234 1944
379 6607 228 1961
352 6434 235 1977
373 6540 235 1976
368 6588 234 1956
421 7060 225 1967
412 7471 234 1936
382 6765 241 1921
365 6316 239 1980
326 5719 260 1940
350 6020 250 1969
338 6245 244 1928
374 6720 252 1924
345 6108 242 1971
354 6226 255 1959
395 6686 234 1949
388 6845 231 1954
406 7310 233 1940
378 6461 238 1938
394 7137 225 1979
375 6883 237 1932
402 7391 225 1971
406 6936 240 1929
399 7136 226 1959
355 6455 235 1977
401 6835 234 1944
353 6377 239 1941
385 6878 232 1957
380 6756 235 1976
384 7115 230 1948
377 6771 238 1948
387 6753 228 1962
386 6767 228 1963
365 6369 239 1931
359 6343 240 1940
424 7525 232 1952
398 7001 229 1967
376 6656 245 1933
363 6585 239 1999
334 5962 260 1940
330 5990 260 1945
353 6317 254 1942
386 6924 236 1988
418 7464 230 1961
361 6355 242 1976
405 7218 238 1961
363 6320 250 1955
353 6526 241 1969
370 6685 256 1934
411 6943 234 1947
367 6563 235 1992
390 6768 235 1963
379 6774 244 1933
353 6369 244 1947
367 6615 239 1937
378 6643 238 1963
440 7655 237 1960
437 7997 233 1969
427 7588 229 1995
378 6824 247 1933
371 6649 275 1944
363 6621 242 1997
350 6002 264 1962
340 6132 272 1946
361 6756 258 1976
432 7838 239 1958
360 6405 249 1994
374 6725 256 1941
369 6697 250 1953
371 6821 242 1991
400 7188 230 1975
405 7279 236 1969
419 7512 238 1960
408 7548 234 1970
389 7100 238 1966
416 7612 233 1973
386 6965 240 1953
367 6525 244 1992
392 6929 240 1937
379 6803 237 1993
394 6873 236 1974
391 6966 235 1994
363 6590 245 1969
402 6857 240 1960
377 6724 244 1961
393 6946 238 1967
372 6759 241 1969
378 6616 243 1995
421 7070 253 1940
412 7540 241 1950
410 7258 230 1975
402 7161 255 1934
389 6962 237 2004
357 6310 280 1976
364 6478 249 2000
368 6669 271 1969
393 6614 262 1990
402 7414 236 1975
367 6551 244 1992
385 6760 253 1959
392 7083 235 1995
397 6717 252 1980
376 6834 257 1946
375 6872 258 1974
369 6650 260 1985
406 6847 249 1941
380 6805 241 1970
401 6857 251 1963
371 6745 260 1982
393 7030 242 1944
389 6956 238 1998
394 6937 246 1961
387 7012 245 1967
409 6906 237 1981
382 6857 247 1969
388 7089 245 1962
387 6786 251 1983
454 8282 241 1974
431 7828 233 1998
421 7522 238 2004
408 7415 253 1943
388 6696 280 1970
369 6669 244 1992
369 6582 251 1999
436 8074 240 1984
398 7081 272 1951
440 7813 233 1989
380 7003 280 1953
390 6859 261 1965
381 6874 262 1981
403 7180 243 1954
424 7672 242 1972
415 7211 257 1951
384 6945 248 1976
393 7331 246 1946
424 7495 235 1996
394 7099 259 1945
416 7299 243 1949
428 7455 240 1988
418 7466 240 1988
381 6809 243 1993
398 7069 241 1981
401 6941 259 1954
384 6831 241 1983
390 7041 243 1976
398 7094 244 1953
400 7099 243 1970
484 8528 241 1984
425 7747 235 2012
408 7482 268 1949
371 6619 255 2000
369 6735 244 1992
449 7823 242 1980
436 7657 239 2000
398 7246 253 1966
384 6974 251 1991
403 7270 246 1957
386 7054 263 1984
413 7354 243 1961
426 7504 240 1988
420 7676 243 1949
387 6967 242 2001
399 7157 258 1980
407 7068 260 1958
396 7173 260 1981
403 7166 252 1954
395 6959 241 1993
399 7241 242 1987
395 6940 245 1988
393 7172 262 1988
416 7424 243 1954
389 6976 242 1989
409 7366 243 1956
408 7160 245 1956
446 7224 257 1964
429 7628 240 1988
426 7690 267 1953
422 7591 284 1953
377 6750 244 1998
373 6967 251 2027
417 7549 256 1963
387 7087 262 1991
410 7178 246 1976
408 7198 280 1964
377 6755 244 1992
426 7656 272 1955
430 7662 243 1954
419 7380 245 1956
403 7389 246 1964
408 7285 266 1967
409 7241 270 1979
403 7201 266 1985
399 7072 242 1998
376 6751 269 1995
408 7292 251 1983
398 7325 270 1984
393 7312 244 1989
390 7086 242 1992
399 7310 242 1990
437 7825 243 1957
434 7533 245 1956
429 7632 240 1988
428 7933 248 1977
408 7536 275 1983
387 6821 246 1996
382 6836 249 2017
408 7294 274 1987
417 7480 262 1976
385 6881 255 1994
389 7100 262 1991
392 7132 245 1993
416 7500 252 1973
411 7348 242 1993
429 7493 247 1969
408 7408 253 1985
459 7962 243 1971
443 7868 245 1956
439 8073 242 1997
429 7677 294 1987
408 6846 246 2000
388 7083 262 2024
435 7987 267 1962
400 7377 253 2002
403 7090 249 2013
451 7890 244 1974
441 7672 246 1966
408 7300 246 1996
436 7686 259 1973
396 7255 262 1991
403 7253 262 1991
388 7086 262 1997
476 8427 248 1986
471 8633 247 1992
463 8215 249 1956
449 8329 247 1993
446 8273 248 2016
423 7289 301 1997
391 7095 262 1998
390 7273 266 2007
454 8139 288 1964
464 8033 267 1962
455 8268 252 1973
410 7443 251 1998
406 7368 275 1992
408 7354 275 1994
420 7441 252 1998
408 7383 262 1992
482 8549 262 1961
416 7516 251 2013
395 7240 267 2004
463 8293 254 1987
436 7862 262 1993
439 8018 253 2002
432 8031 253 2009
459 8188 253 2014
450 7963 275 2002
431 7972 258 2015
414 7388 281 2012
435 7808 313 2029
364 6319 224 1876
349 6450 215 1891
318 5627 205 1929
298 5237 249 1870
273 4834 258 1932
265 4788 225 2070
262 4564 240 2041
257 4571 241 2048
265 4772 243 2008
269 4786 226 1983
260 4722 249 2017
280 4948 253 1903
272 4865 258 1922
364 6319 224 1876
280 4948 253 1903
276 4891 244 1918
329 5731 215 1901
345 6201 215 1892
323 5498 216 1913
333 5776 224 1886
313 5565 222 1902
357 6409 224 1878
267 4768 231 2024
332 6013 213 1903
263 4831 225 2068
260 4690 239 2029
303 5260 225 1882
291 5031 236 1895
313 5565 222 1902
353 6164 213 1897
280 5060 247 1897
337 5974 226 1879
357 6409 224 1878
315 5584 212 1930
326 5846 207 1919
300 5375 206 1941
311 5480 215 1921
322 5252 214 1927
279 4823 229 1943
286 5035 233 1931
274 4863 218 1960
269 4786 226 1983
350 6051 215 1889
289 5018 247 1892
321 5912 210 1924
333 5805 229 1878
324 5809 220 1881
341 5966 206 1924
287 5157 234 1906
361 6354 224 1878
335 5949 212 1910
352 6091 212 1899
336 6132 213 1899
262 4724 238 2016
325 5684 219 1905
301 5205 230 1873
259 4623 242 2040
347 6192 225 1876
361 6354 224 1878
329 5731 215 1901
352 5966 207 1917
317 5601 216 1910
285 4847 217 1951
283 5115 228 1911
288 5098 211 1931
326 5846 207 1919
296 5187 230 1890
308 5427 205 1938
257 4571 241 2048
270 4717 213 1970
265 4867 225 2064
308 5427 205 1938
285 4818 218 1964
289 5140 236 1903
260 4619 235 2058
277 4982 214 1936
282 4999 210 1939
296 5092 210 1933
318 5780 214 1921
272 4909 211 1947
268 4648 235 2050
261 4665 235 2055
302 5429 205 1937
282 5068 239 1913
262 4724 238 2016
266 4711 249 2014
270 4713 213 1976
275 4872 209 1949
265 4796 234 2011
295 5054 227 1896
317 5663 205 1929
259 4665 244 2023
300 5375 206 1941
301 5322 217 1907
346 5956 208 1915
280 5077 244 1904
283 4988 211 1933
346 5956 208 1915
276 4929 239 1925
286 5087 228 1911
292 5021 227 1898
339 6033 216 1889
344 6020 209 1913
265 4655 229 2033
274 4882 213 1954
261 4657 236 2036
325 5684 219 1905
321 5912 210 1924
265 4772 243 2008
338 5819 214 1910
305 5295 223 1898
261 4665 235 2055
293 5247 234 1874
286 5271 233 1903
275 4949 244 1912
266 4718 235 2027
304 5328 240 1870
345 6156 216 1887
267 4585 241 2038
349 6450 215 1891
324 5809 220 1881
267 4768 231 2024
257 4595 236 2042
335 5994 210 1904
304 5328 240 1870
284 5024 242 1897
260 4619 235 2058
263 4606 241 2040
344 6020 209 1913
285 4818 218 1964
272 4781 216 1968
293 5247 234 1874
270 4713 213 1976
302 5201 234 1871
278 4916 205 1943
257 4595 236 2042
350 5923 212 1907
297 5166 225 1888
306 5166 223 1907
340 6115 215 1894
299 5229 224 1893
305 5484 215 1922
277 4862 209 1952
271 4864 219 1957
271 4864 219 1957
272 4781 216 1968
267 4585 241 2038
350 5923 212 1907
278 4882 205 1949
306 5166 223 1907
340 6115 215 1894
268 4648 235 2050
265 4867 225 2064
311 5480 215 1921
299 5229 224 1893
318 5780 214 1921
352 6091 212 1899
273 4834 258 1932
306 5166 223 1907
295 5298 223 1898
272 4859 258 1924
290 5239 224 1918
295 5054 227 1896
290 5239 224 1918
284 4909 244 1913
295 5298 223 1898
286 5194 233 1905
272 4859 258 1924
305 5484 215 1922
273 4834 258 1932
272 4865 258 1922
299 5229 224 1893
295 5298 223 1898
273 4834 258 1932
371 6743 218 1919
362 6365 217 1993
329 5680 224 1899
295 5172 258 1922
273 4870 258 1948
304 5469 224 1949
327 5728 233 1936
319 5823 254 1931
302 5499 249 1934
354 6192 218 1946
334 5625 232 1905
273 4871 258 1932
302 5374 229 1946
328 5926 230 1936
410 7260 234 1906
394 7267 232 1915
378 6808 218 1919
356 6551 218 1977
308 5499 265 1928
318 5612 249 1939
352 6100 235 1923
348 5793 250 1931
382 6759 223 1962
325 5656 258 1931
353 6260 225 1945
366 6383 223 1968
333 5953 226 1933
389 6728 228 1927
353 6018 234 1910
328 5939 233 1937
375 6795 231 1927
366 6520 225 1937
360 5951 228 1943
372 6549 226 1928
359 6526 224 1942
419 7409 239 1917
384 6635 251 1913
381 6900 218 1981
343 6142 257 1934
322 5819 252 1943
399 7175 222 1939
340 6009 250 1939
352 6394 241 1930
389 7086 222 1970
395 7305 224 1921
393 7041 248 1916
377 6471 228 1950
360 6187 236 1925
380 6779 225 1937
347 6279 249 1964
361 6520 226 1953
364 6490 226 1959
349 6330 234 1970
368 6426 231 1953
352 6331 229 1963
358 6433 233 1934
395 6940 249 1916
368 6367 233 1936
359 6500 232 1952
484 8128 235 1929
438 7745 222 1954
408 7123 249 1919
357 6373 237 1994
329 5856 258 1944
340 6166 251 1943
445 8002 239 1929
412 7339 233 1931
366 6645 230 1976
386 6922 225 1937
394 6912 228 1944
404 7185 223 1968
399 7200 244 1925
369 6666 226 1963
400 6484 233 1949
379 6246 248 1958
380 6670 226 1957
355 6486 243 1930
363 6258 247 1935
361 6343 238 1933
361 6611 241 1930
359 6485 244 1976
364 6370 242 1927
366 6435 234 1956
380 6520 236 1935
363 6520 234 1944
434 7624 239 1933
423 7265 254 1919
396 7022 225 1972
372 6647 233 1994
363 6416 243 1971
361 6479 264 1969
360 6505 248 1971
377 6624 254 1929
382 6702 226 1958
414 7205 249 1922
406 7552 234 1937
417 7445 228 1937
361 6432 253 1979
390 6983 239 1939
397 7004 248 1933
371 6789 233 1972
390 6674 231 1991
368 6615 234 1946
414 7393 235 1940
362 6466 238 1953
378 6721 230 1965
410 7290 232 1944
367 6750 241 1934
394 7098 244 1930
394 7109 225 1965
393 6696 231 1976
394 7317 232 1951
416 7379 232 1939
363 6486 240 1944
362 6432 242 1993
395 7014 249 1930
374 6658 248 1939
438 8027 231 1942
420 7345 249 1923
410 7168 259 1932
384 6735 226 1958
382 6927 233 2006
366 6496 246 1986
362 6568 252 1958
421 7690 232 1938
424 7501 236 1947
390 6893 254 1936
393 6887 242 1934
418 7592 230 1949
401 7301 237 1954
369 6634 239 1974
370 6739 234 1956
367 6557 244 1998
365 6649 239 1962
368 6606 244 1995
413 7268 238 1953
369 6654 236 1991
378 6575 242 1945
383 6917 233 1967
370 6527 242 1965
415 7180 246 1932
363 6543 246 1986
363 6646 248 1947
412 7556 232 1956
411 7308 235 1954
379 6566 238 1954
370 6729 246 1947
431 7525 249 1936
427 7750 234 1956
389 6590 240 1963
384 6747 226 1958
379 6713 237 2000
375 6630 278 1970
368 6714 262 1993
410 7283 258 1937
403 7334 247 1947
371 6644 246 1986
413 7312 243 1948
395 7113 239 1956
391 6990 249 1945
395 7106 248 1938
378 6617 270 1957
378 6776 244 1976
390 6698 268 1947
374 6888 254 1970
376 6640 253 1973
382 6824 234 1971
381 6966 242 1953
384 6743 238 1966
393 6794 243 1953
379 6604 246 1950
381 6876 244 1970
378 6805 245 1970
438 7701 243 1954
415 7394 260 1940
395 6614 245 1975
384 6781 226 1982
379 6774 244 2009
375 6679 278 1973
371 6650 246 1986
423 7574 244 1951
377 6644 246 2000
404 7287 253 1945
390 7063 234 1977
400 7179 271 1946
411 7405 245 1953
393 7082 254 1968
384 6830 265 1960
387 7077 239 1972
407 7138 254 1950
402 7169 250 1946
393 6924 270 1959
392 6881 232 1972
385 6960 261 1951
394 7033 238 1962
393 7204 229 1960
394 6995 238 1964
409 6949 250 1952
414 7209 248 1951
398 7073 243 1961
384 6887 245 1969
413 7401 243 1957
408 6835 248 1958
405 6999 250 1951
394 6884 248 1959
448 7851 231 1977
447 7918 230 1968
403 7489 256 1952
391 6659 249 2000
371 6734 286 1989
380 6836 278 1984
404 7089 266 1956
423 7024 248 1977
371 6713 262 1994
409 7284 233 1960
422 7602 243 1957
408 7204 259 1958
422 7069 252 1966
406 7362 232 1970
398 7335 241 1976
377 6734 246 1986
386 7059 250 1973
390 7120 244 1979
387 7005 238 1996
399 6946 253 1963
371 6779 254 1996
400 7068 238 1967
402 7139 238 1964
390 6975 242 1987
407 6882 244 1987
399 7278 248 1960
399 7064 240 1973
440 7653 234 1973
422 7748 233 2005
409 7165 267 1957
408 7450 285 1973
381 6755 251 2001
379 6772 246 1993
426 7612 255 1957
396 7165 274 1978
382 6914 261 1991
400 7429 243 1986
413 7475 248 1960
418 7195 256 1965
385 6838 246 1990
415 7675 241 1968
393 7154 261 1987
405 7372 278 1977
405 7056 244 1987
420 7290 238 1996
414 7260 247 1973
406 7336 252 1976
422 7315 238 1963
400 7099 242 1990
395 7133 244 1995
397 7453 249 1989
417 7347 244 1972
409 7324 237 1994
416 7355 235 1992
411 7161 249 1973
414 7357 234 1976
464 8141 253 1963
430 7570 235 1984
422 7646 271 1958
403 7357 304 1984
401 7229 242 2019
387 6818 246 2009
379 6843 262 1999
394 7092 274 1990
447 7680 251 1972
382 6877 256 1995
430 7502 239 1978
411 7426 242 2005
392 7032 248 1998
439 7961 239 1969
393 6929 248 2004
441 7968 247 1968
432 7713 241 1976
410 7162 248 1988
419 7618 243 1990
411 7382 274 1979
405 7267 246 1998
441 8108 243 1968
398 7089 251 1994
422 7849 235 2002
422 7761 247 1973
431 7725 254 1963
443 7853 252 1970
424 7191 244 1987
422 7196 244 1987
396 7239 262 1991
419 7872 248 1978
404 7416 243 1991
380 6822 251 2001
432 7664 259 1971
431 7696 259 1971
421 7254 253 1987
469 8368 241 1974
433 8052 277 1964
426 7533 244 2020
422 7724 309 1969
382 6956 262 2013
404 7018 251 2007
424 7472 289 1985
442 7933 259 1971
419 7431 249 2003
414 7498 262 1991
426 7877 255 1979
387 6980 262 1999
410 7581 243 1995
407 7469 253 1994
446 7972 259 1974
442 8047 255 1987
431 7864 248 2015
409 7433 273 2002
395 7051 262 2013
437 7717 269 1997
397 7187 263 2006
480 8574 258 1992
448 8097 260 1985
481 8403 261 1986
457 8227 270 1991
