5500 169.388
232 3983 220 2015
234 3822 207 1964
240 3936 201 1979
303 4919 260 1876
239 3859 220 1938
238 3843 220 1944
271 4347 235 1893
240 3882 220 1936
238 3835 220 1946
238 3843 220 1944
256 3958 232 1926
234 3849 220 1943
265 4157 243 1901
244 3903 225 1932
238 3843 220 1944
234 3835 208 1961
244 3902 225 1932
241 3976 210 1945
244 3900 225 1934
238 3836 220 1946
293 4612 215 1915
244 3920 225 1930
247 3985 225 1918
239 3878 220 1938
234 3834 205 1966
239 3860 220 1938
234 3834 205 1966
238 3843 220 1944
256 3961 232 1924
244 4030 225 1920
261 4052 234 1908
234 3834 205 1966
239 3853 220 1940
240 3876 220 1936
239 3853 220 1940
234 3833 215 1949
261 4055 234 1908
247 3971 225 1921
240 3876 220 1936
234 3833 215 1949
261 4103 239 1905
239 3859 220 1938
261 4089 239 1907
244 3902 225 1932
234 3828 210 1955
247 3985 225 1918
266 4121 243 1903
234 3839 215 1947
243 3905 220 1935
237 3916 207 1964
236 3853 215 1947
248 3936 220 1931
244 3902 225 1932
234 3828 208 1961
239 3853 220 1940
234 3834 210 1955
244 3913 225 1930
240 3882 220 1936
247 3971 225 1921
239 3909 225 1933
257 4019 234 1915
240 3876 220 1936
241 3976 214 1943
234 3823 207 1964
234 3839 215 1947
239 3860 220 1938
261 4055 234 1908
248 4041 234 1914
238 3837 220 1946
234 3834 215 1949
244 3913 225 1930
238 3830 220 1952
275 4282 229 1903
244 3903 225 1932
234 3822 207 1964
240 3876 220 1936
268 4190 234 1901
234 3849 220 1943
256 3961 232 1924
234 3844 218 1947
237 3900 204 1977
244 3913 225 1930
265 4122 243 1903
245 4193 234 1919
247 4008 213 1943
240 3879 220 1936
244 3920 225 1930
234 3839 215 1947
239 3859 220 1938
238 3843 220 1944
253 4038 234 1911
254 4047 215 1924
240 3876 220 1936
234 3849 220 1943
240 3980 210 1945
234 3823 212 1961
244 3939 225 1927
253 4040 234 1911
234 3832 215 1949
234 3823 207 1964
257 4019 234 1915
239 3859 220 1938
256 3958 232 1926
240 3876 220 1936
238 3835 220 1946
244 3913 225 1930
253 4038 234 1911
234 3828 210 1955
244 3913 225 1930
238 3843 220 1944
240 3876 220 1936
234 3834 205 1966
240 3882 220 1936
244 3899 225 1934
238 3879 210 1952
239 3853 220 1940
235 3858 213 1953
239 3860 220 1938
249 4047 230 1915
234 3833 215 1949
268 4189 239 1898
247 3971 225 1921
239 3860 220 1938
238 3837 220 1946
234 3825 204 1972
234 3828 210 1955
256 4010 234 1915
234 3829 204 1972
234 3849 220 1943
239 3860 220 1938
244 3939 225 1927
238 3837 220 1946
256 3961 232 1924
250 4267 239 1911
234 3825 212 1961
241 3976 210 1945
256 3961 232 1924
247 3974 225 1921
244 3913 225 1930
238 3843 220 1944
243 3920 220 1936
247 3985 225 1918
257 4019 234 1915
234 3839 215 1947
241 3987 208 1951
244 3920 225 1930
247 3971 225 1921
239 3857 220 1940
239 3859 220 1938
234 3833 215 1949
244 3936 225 1929
238 3837 220 1946
234 3830 208 1961
239 3870 220 1938
244 3936 225 1929
238 3835 220 1946
278 4551 244 1889
256 3961 232 1924
239 3859 220 1938
234 3823 212 1961
247 4011 225 1918
234 3825 204 1972
244 3920 225 1930
239 3859 220 1938
238 3836 220 1946
296 4701 220 1907
261 4089 239 1907
234 3849 220 1943
244 3913 225 1930
240 3980 214 1943
234 3833 215 1949
239 3853 220 1940
244 3944 225 1927
245 4193 234 1919
234 3829 205 1966
234 3828 208 1961
240 3876 220 1936
256 3961 232 1924
239 3898 225 1935
237 3910 220 1939
271 4343 235 1893
244 3920 225 1930
254 4122 234 1911
234 3833 215 1949
238 3843 220 1944
238 3837 220 1946
270 4335 235 1893
240 3879 220 1936
234 3822 207 1964
234 3833 215 1949
244 3939 225 1927
234 3825 204 1972
247 3985 225 1918
248 4036 234 1914
238 3831 220 1952
247 3983 220 1924
244 3913 225 1930
240 3882 220 1936
239 3859 220 1938
234 3823 212 1961
