19 8.91127
521 9505 280 2142
512 9127 353 2144
494 8971 263 2179
397 6911 292 2372
391 6933 314 2435
382 7063 276 2246
418 7288 271 2251
477 8743 264 2182
397 6911 292 2372
446 8246 273 2159
384 6963 331 2226
403 7300 337 2224
467 8177 281 2188
429 7442 304 2195
441 7934 303 2187
457 8042 270 2196
454 8038 270 2202
438 7339 297 2207
403 7432 321 2193
429 7737 265 2244
404 7291 289 2219
426 7788 285 2190
431 7828 267 2224
411 7211 317 2231
423 7368 281 2208
432 7421 295 2188
404 7129 276 2233
445 7882 263 2237
425 7773 319 2206
394 6953 287 2242
435 7739 304 2179
410 7427 271 2215
411 7211 317 2231
402 7159 287 2238
402 7159 287 2238
410 7427 271 2215
429 7737 265 2244
534 9436 358 2157
524 9464 271 2181
477 8747 263 2239
462 8348 359 2185
391 6933 315 2435
386 7078 331 2226
391 7260 326 2318
406 6938 292 2372
498 9051 264 2182
386 7078 331 2226
394 7074 326 2415
484 8929 297 2169
420 7365 305 2231
395 6966 287 2242
420 7591 272 2276
404 7263 276 2247
474 8549 272 2226
478 8746 324 2164
465 8746 270 2204
455 8433 274 2214
412 7233 316 2236
440 7936 265 2244
498 9051 264 2182
407 7440 321 2203
423 7553 285 2234
490 8936 273 2182
432 7855 281 2219
428 7771 288 2218
416 7424 299 2229
443 7818 288 2202
450 7849 269 2237
468 8386 300 2174
434 7864 271 2268
451 7999 304 2192
471 8334 302 2188
463 8478 277 2209
394 7074 326 2415
445 8294 291 2201
409 7363 276 2245
438 8094 285 2210
469 8343 279 2176
420 7591 272 2276
462 8348 359 2185
490 8936 273 2182
422 7608 285 2221
424 7681 276 2236
434 7895 273 2259
463 8128 278 2216
475 8304 298 2189
434 7895 273 2259
407 7440 321 2203
405 7196 287 2237
434 8032 279 2221
444 8014 303 2187
462 8309 281 2206
457 8206 300 2191
411 7416 294 2230
445 8237 296 2201
438 8094 285 2210
409 7393 276 2237
457 8206 300 2191
412 7248 292 2233
447 8137 296 2198
437 7938 296 2203
466 8222 279 2199
427 7781 277 2222
424 7681 276 2236
411 7416 294 2230
435 7424 304 2195
466 8190 285 2201
448 8015 271 2237
437 7938 296 2203
409 7389 287 2235
448 7784 276 2235
427 7781 277 2222
435 7424 304 2195
446 7858 271 2238
405 7196 287 2237
404 7263 276 2247
447 8137 296 2198
447 8137 296 2198
445 8237 296 2201
405 7196 287 2237
490 8936 273 2182
490 8936 273 2182
424 7681 276 2236
404 7263 276 2247
404 7263 276 2247
537 9621 305 2170
499 9071 264 2182
495 9109 355 2168
462 8349 359 2185
392 6943 320 2435
392 6943 320 2435
392 6943 320 2435
400 6966 292 2372
516 9294 343 2171
533 9529 338 2170
419 7740 278 2322
424 7632 272 2276
394 7295 326 2322
468 8647 344 2189
483 8958 312 2175
503 8467 300 2180
486 8806 355 2172
452 8078 307 2199
449 8114 266 2269
473 8350 296 2191
456 8142 336 2195
506 9070 282 2177
395 6992 287 2245
430 7800 310 2225
474 8689 355 2176
411 7450 294 2230
425 7882 279 2242
462 8448 291 2206
396 7246 331 2226
486 8788 322 2184
393 7175 331 2233
480 8635 355 2176
393 7175 331 2233
459 8186 272 2256
461 8282 287 2216
537 9621 305 2170
471 8131 327 2191
438 7993 330 2201
493 8843 342 2172
480 8848 286 2209
419 7340 287 2240
412 7452 279 2254
486 8900 281 2207
433 7859 303 2218
445 7636 293 2231
394 7295 326 2322
438 7993 330 2201
470 8238 303 2187
431 7620 285 2239
487 8662 283 2210
491 8741 270 2237
491 8741 270 2237
463 8025 304 2195
503 9056 282 2181
459 8120 283 2221
427 7755 288 2229
456 7993 293 2211
452 8159 294 2206
433 7793 288 2220
495 8896 282 2186
449 8114 266 2269
423 7442 287 2238
423 7702 276 2247
427 7755 288 2229
442 8253 277 2222
442 8253 277 2222
485 8719 275 2231
485 8719 275 2231
491 8996 273 2182
419 7534 285 2244
491 8996 273 2182
424 7632 277 2269
416 7503 285 2252
423 7495 282 2248
474 8646 342 2179
416 7503 285 2252
470 8137 304 2192
411 7496 321 2211
493 8466 311 2176
435 7500 304 2202
423 7659 276 2256
463 8025 304 2195
423 7659 276 2256
416 7500 285 2253
449 8171 283 2237
419 7740 278 2322
435 7500 304 2202
419 7340 287 2240
459 8464 287 2210
470 8137 304 2192
492 8652 294 2191
424 7660 276 2247
416 7503 285 2252
480 8848 286 2209
411 7496 321 2211
419 7534 285 2244
470 8238 303 2187
423 7659 276 2256
392 6943 320 2435
416 7500 285 2253
424 7632 277 2269
424 7660 276 2247
537 9621 305 2170
424 7632 277 2269
423 7659 276 2256
423 7659 276 2256
423 7659 276 2256
423 7659 276 2256
419 7740 278 2322
537 9650 305 2170
502 9101 266 2234
464 8376 359 2185
412 6992 292 2372
395 7003 320 2435
393 7175 331 2236
401 6995 292 2372
411 7148 292 2362
398 7031 320 2432
498 9377 335 2175
453 8212 329 2201
519 9084 278 2202
459 8110 305 2205
399 7065 298 2332
423 7749 284 2292
515 9006 309 2186
498 9190 336 2181
439 7972 304 2217
485 8838 326 2188
419 7588 345 2212
491 8741 270 2242
473 8653 296 2192
445 7518 284 2291
436 7881 281 2251
434 7358 352 2226
483 8520 340 2198
493 8983 343 2172
501 8981 275 2235
434 7867 310 2224
502 9135 268 2192
473 8472 275 2257
416 7629 321 2220
469 8324 276 2288
506 9109 282 2177
422 7178 292 2315
427 7709 292 2266
479 8789 350 2183
436 7709 277 2272
437 7441 330 2259
429 7513 301 2235
432 7389 328 2260
479 8779 355 2179
428 7651 287 2241
460 8376 273 2263
395 7063 315 2435
413 7689 318 2321
399 7065 298 2332
394 7309 326 2322
462 7732 334 2211
505 9072 338 2178
421 7535 323 2222
483 8578 320 2198
440 7534 280 2281
432 7789 287 2239
468 8334 296 2210
466 8329 295 2214
422 7178 292 2315
491 8754 270 2237
437 7796 294 2229
472 8576 292 2216
503 9056 282 2188
517 9101 318 2181
435 7771 279 2261
463 8298 294 2221
485 8768 322 2189
421 7230 317 2265
401 6995 292 2372
397 7220 331 2233
440 7534 280 2281
506 9105 301 2185
479 8789 355 2176
482 8763 342 2179
479 8789 355 2176
427 7528 296 2262
394 7309 326 2322
398 7031 320 2432
428 7830 292 2234
463 8367 294 2211
420 7643 294 2231
397 7220 331 2233
421 7230 317 2265
395 7003 320 2435
482 8763 342 2179
393 7175 331 2236
395 7003 320 2435
395 7003 320 2435
506 9109 282 2177
482 8763 342 2179
422 7178 292 2315
395 7003 320 2435
395 7003 320 2435
542 9733 305 2170
501 8954 272 2239
483 8646 359 2185
407 7026 330 2440
394 7289 332 2323
505 9223 343 2172
419 7492 312 2337
472 8484 290 2265
508 9110 294 2209
405 7034 292 2380
463 8228 351 2204
432 7706 309 2250
421 7383 292 2365
461 8710 339 2223
490 9000 319 2192
459 7994 294 2306
448 7967 318 2228
429 7859 302 2330
436 7324 319 2305
493 8834 316 2194
475 8778 303 2202
440 7948 296 2254
429 7867 333 2236
399 7077 298 2343
399 7077 298 2343
471 8396 299 2240
488 8872 355 2182
506 9116 282 2178
439 8117 294 2262
468 8501 295 2216
474 8192 300 2241
440 7746 317 2233
506 9116 282 2178
470 8152 305 2216
499 9049 342 2186
468 8176 319 2206
405 7034 292 2380
472 8126 304 2218
499 9194 355 2176
491 8893 292 2231
501 9051 355 2173
498 9090 342 2179
436 7324 319 2305
475 8125 297 2230
506 9116 282 2178
499 9194 355 2176
498 9090 342 2179
405 7034 292 2380
499 9049 342 2186
544 9751 305 2170
520 9396 282 2178
489 8888 359 2185
406 7087 304 2374
441 8072 328 2235
437 7497 310 2344
421 7486 302 2366
455 8467 322 2241
502 9185 342 2179
468 8322 311 2290
516 9654 284 2205
481 8765 295 2246
509 9165 340 2191
483 8893 290 2313
493 8994 291 2274
476 8395 315 2223
476 8584 305 2260
510 9346 289 2213
493 8962 324 2196
497 9213 299 2237
478 8405 307 2289
476 8538 306 2299
511 9236 314 2189
517 9213 282 2183
531 9831 336 2180
527 9924 331 2179
523 9398 282 2204
520 9644 368 2181
424 7632 315 2435
458 8177 323 2399
488 8575 310 2320
483 8769 296 2258
506 9362 359 2222
507 9266 297 2246
479 8298 324 2389
476 8439 318 2321
517 9305 343 2219
472 8305 328 2253
459 8407 329 2236
516 9579 321 2207
522 9731 291 2187
525 9484 291 2197
487 8491 315 2243
560 10285 292 2215
553 10095 354 2182
534 9798 282 2273
493 8835 322 2391
470 8443 340 2309
512 9282 323 2244
493 8928 310 2326
492 8683 336 2239
526 9579 342 2198
538 9489 303 2220
545 9861 288 2231
528 9756 311 2187
523 9369 312 2328
510 9032 315 2365
499 8998 351 2246
504 9148 344 2261
568 9841 331 2366
525 9123 324 2368
536 9346 354 2409
564 10086 260 2185
507 8934 255 2207
435 7686 328 2180
426 7711 338 2214
374 6798 280 2378
374 6798 280 2378
557 9946 260 2187
491 9060 258 2280
514 8790 284 2193
379 6811 270 2374
394 7016 307 2222
409 7501 285 2357
426 7628 264 2339
412 7359 291 2274
446 7967 319 2197
428 7524 312 2202
417 7579 302 2229
413 7038 292 2242
444 7738 296 2202
441 7477 275 2359
462 8001 323 2193
435 7771 287 2223
471 8122 304 2196
467 8188 276 2212
451 8046 260 2318
491 9030 258 2291
456 7767 266 2260
474 8128 327 2190
497 9012 259 2297
422 7629 267 2248
510 8839 274 2184
483 8674 264 2235
498 8928 266 2211
451 8046 260 2318
450 7674 290 2228
475 8256 267 2209
482 8295 273 2205
417 7006 281 2232
465 8640 281 2211
420 7506 274 2237
413 7038 292 2242
459 8288 273 2217
495 8725 262 2277
431 7739 266 2269
453 7930 269 2244
481 8530 274 2206
481 8365 310 2187
447 7923 281 2223
497 9012 259 2297
480 8440 310 2187
495 8725 262 2277
444 7748 264 2294
448 7740 284 2197
431 7739 266 2269
442 7747 310 2210
428 7766 274 2225
460 8472 267 2219
466 8475 263 2275
447 7923 281 2223
453 7930 269 2244
442 7747 310 2210
422 7422 292 2231
463 8458 310 2187
441 8023 267 2234
417 7510 275 2232
422 7422 292 2231
466 8475 263 2275
451 8046 260 2318
451 8046 260 2318
497 9012 259 2297
564 10086 260 2192
507 8936 255 2207
474 7935 340 2181
460 8008 358 2186
380 6826 270 2374
564 10086 260 2192
502 9116 261 2285
511 8431 314 2191
430 7323 291 2349
411 7489 316 2264
435 7819 333 2220
418 7416 285 2327
424 7022 297 2314
491 9060 258 2291
488 8746 290 2198
462 8006 330 2195
419 7349 348 2244
470 8161 323 2195
473 8488 308 2196
491 9060 258 2291
443 7546 279 2362
423 7353 302 2357
475 8204 293 2203
483 8679 286 2203
447 7982 320 2198
433 7401 290 2300
419 7349 348 2244
485 8986 263 2277
426 7709 282 2234
418 7593 302 2229
450 7886 311 2217
447 7643 280 2326
443 7535 283 2351
489 8609 289 2198
447 7897 277 2249
424 7080 292 2371
466 8475 263 2278
452 8370 285 2232
449 7241 298 2267
444 7882 275 2256
433 7112 310 2222
425 7242 293 2247
468 8515 265 2275
426 7590 283 2272
479 8082 292 2202
487 8434 316 2188
453 8265 269 2264
433 7401 290 2300
418 7180 309 2254
485 8423 273 2215
436 7857 279 2275
469 8186 287 2224
417 7536 316 2236
423 7353 302 2357
413 7467 316 2239
441 7917 296 2233
479 8448 271 2235
480 8186 266 2260
449 7241 298 2267
468 8045 297 2205
487 8628 279 2212
470 8161 323 2195
421 7554 282 2319
474 8407 270 2246
443 8094 310 2212
446 8143 272 2287
419 7536 282 2323
441 8017 292 2224
469 8534 267 2242
473 8308 284 2208
459 8060 274 2245
418 7180 309 2254
454 7879 310 2209
480 8186 266 2260
441 7917 296 2233
424 7080 292 2371
449 7970 309 2205
458 8117 260 2318
446 8143 272 2287
413 7467 316 2239
455 7774 281 2274
419 7390 292 2237
411 7489 316 2264
432 7999 274 2249
448 8005 272 2265
445 7833 281 2242
463 7913 268 2321
458 8117 260 2318
417 7536 316 2236
455 8287 268 2285
466 8475 263 2278
451 7607 284 2245
473 8308 284 2208
455 7774 281 2274
424 7022 297 2314
455 8287 268 2285
447 7982 266 2316
444 7948 273 2275
424 7022 297 2314
441 8017 292 2224
421 7554 282 2319
451 7607 284 2245
469 8534 267 2242
463 7913 268 2321
435 7952 281 2273
463 7913 268 2321
444 7867 292 2230
419 7349 348 2244
485 8465 310 2187
432 7999 274 2249
435 7952 281 2273
460 7987 267 2285
485 8465 310 2187
447 7982 266 2316
444 7867 292 2230
445 7833 281 2242
460 7987 267 2285
444 7867 292 2230
485 8465 310 2187
455 7774 281 2274
435 7952 281 2273
460 7987 267 2285
445 7833 281 2242
444 7867 292 2230
579 10360 260 2192
507 8946 255 2207
469 8034 358 2195
387 6945 274 2378
387 6945 274 2378
564 10086 260 2198
524 9264 308 2196
464 8396 343 2206
492 8958 266 2317
417 7536 316 2250
427 7613 282 2352
452 8229 332 2224
513 9120 299 2203
461 8041 358 2195
404 7248 280 2376
497 8775 307 2200
452 8219 278 2285
524 9232 297 2201
419 7233 270 2376
482 8846 269 2276
471 8596 274 2297
420 7423 285 2340
449 7789 289 2305
449 7637 281 2370
419 7569 302 2239
406 7421 289 2374
438 7879 285 2327
474 8165 309 2210
426 7355 293 2303
460 8352 313 2207
420 6992 292 2376
429 7417 337 2246
507 8946 255 2207
436 7916 333 2220
436 7893 282 2258
483 8655 273 2261
459 7749 285 2267
487 8455 308 2218
445 8166 298 2232
488 8270 267 2268
502 8929 280 2227
499 9068 278 2232
462 8328 300 2229
441 7897 286 2244
448 7858 287 2247
429 7417 337 2246
468 8337 310 2206
480 8590 309 2197
475 8469 292 2226
417 7536 316 2250
449 7637 281 2370
463 7700 290 2262
469 8116 293 2235
477 8398 295 2225
434 7549 292 2263
455 8009 309 2226
422 7488 300 2251
489 8636 274 2248
481 8420 295 2219
484 8980 269 2268
461 8225 275 2251
435 7892 289 2302
498 9001 288 2222
450 7394 310 2240
449 7476 298 2245
488 8718 290 2223
466 8424 287 2241
433 7496 285 2330
485 8465 310 2193
434 7930 286 2252
419 7479 285 2333
488 8270 267 2268
434 7930 286 2252
455 8080 282 2242
499 9068 278 2232
420 6992 292 2376
433 7496 285 2330
434 7751 290 2236
448 8107 288 2236
455 8130 292 2230
502 8707 297 2204
479 8459 274 2249
419 7479 285 2333
485 8684 279 2241
470 8350 309 2223
483 8852 278 2244
498 9001 288 2222
502 8707 297 2204
485 8684 279 2241
455 8130 292 2230
488 8343 308 2225
419 7479 285 2333
483 8886 278 2241
483 8886 278 2241
434 7549 292 2263
488 8718 290 2223
461 8041 358 2195
419 7479 285 2333
483 8886 278 2241
483 8886 278 2241
434 7930 286 2252
434 7549 292 2263
433 7496 285 2330
420 6992 292 2376
529 9364 308 2196
514 8995 255 2207
507 9380 258 2291
466 8139 358 2195
461 8041 358 2203
387 6971 274 2378
432 7422 298 2321
515 8954 347 2195
512 9024 323 2200
420 7000 292 2376
502 8811 304 2221
523 8947 262 2311
489 8478 269 2273
472 8400 280 2257
430 7461 292 2366
437 7788 293 2250
498 9178 267 2299
456 8398 278 2287
410 7585 310 2375
479 8489 314 2216
464 8300 291 2265
490 8173 293 2231
480 8590 309 2202
434 7789 290 2291
505 8883 297 2204
467 8466 320 2225
410 7585 310 2375
461 7861 298 2245
452 7973 292 2240
508 9179 262 2298
425 7856 308 2295
436 7807 316 2236
430 7461 292 2366
509 9091 279 2251
529 9364 308 2196
469 8547 316 2224
490 8950 279 2262
456 7910 310 2243
514 9144 312 2197
452 7973 292 2240
507 9380 258 2291
410 7585 310 2375
463 8077 358 2197
480 8590 309 2202
529 9364 308 2196
430 7461 292 2366
410 7585 310 2375
480 8590 309 2202
410 7585 310 2375
410 7585 310 2375
410 7585 310 2375
564 10089 271 2207
514 9321 260 2309
492 8646 358 2195
485 8589 358 2201
476 8784 292 2323
453 7851 297 2250
441 7890 317 2241
542 9424 260 2219
444 7956 316 2264
481 8684 333 2212
536 9924 283 2227
462 8138 307 2243
470 8167 296 2305
493 8521 280 2295
456 8285 301 2240
541 9693 268 2217
481 8203 290 2318
495 8711 277 2280
503 8990 321 2211
501 8955 310 2237
526 9354 272 2263
536 9526 308 2196
525 9661 279 2233
517 9124 323 2200
516 9080 277 2253
487 8483 283 2283
529 9790 271 2282
519 9261 300 2218
532 9276 285 2239
497 8829 333 2210
485 9111 328 2212
486 8679 314 2215
527 9303 271 2283
527 9320 307 2208
492 8488 294 2240
496 8751 331 2213
480 8700 330 2238
523 9114 292 2210
523 9114 292 2210
591 9570 303 2229
570 9881 295 2232
559 9840 275 2244
507 8946 358 2195
486 7999 297 2315
470 8394 324 2434
468 8244 338 2260
548 9358 318 2218
538 9771 281 2340
487 8384 296 2354
504 9018 342 2229
508 9189 289 2294
529 9364 308 2210
489 8628 358 2202
497 8681 291 2314
474 8132 297 2290
562 9762 296 2260
473 8279 309 2269
517 8849 295 2286
470 8574 302 2321
494 9110 298 2264
492 8512 302 2274
559 9840 275 2244
520 8885 298 2240
473 8664 306 2285
507 8946 358 2195
570 10262 299 2246
568 10241 284 2293
498 8696 358 2202
495 8799 373 2218
481 8732 306 2349
478 8598 320 2278
504 9184 314 2333
544 9504 329 2211
523 9709 306 2256
546 9271 308 2308
535 9331 320 2269
529 9424 316 2228
523 9275 317 2276
596 10439 299 2249
552 9660 308 2323
537 9727 338 2236
520 9200 370 2294
495 9047 320 2298
524 9380 331 2276
556 9610 320 2287
524 9281 318 2295
597 10483 344 2269
494 8384 242 2173
466 8290 240 2213
465 8412 253 2172
432 7719 313 2162
399 6756 326 2241
387 6856 270 2288
383 6829 274 2236
409 7092 259 2192
449 7860 250 2249
424 7543 283 2176
433 7773 305 2172
400 7413 275 2227
407 7244 279 2190
466 8045 242 2174
467 7861 259 2182
403 6786 321 2248
449 7876 267 2164
458 7755 262 2171
445 7680 259 2186
442 7548 265 2173
432 7445 256 2241
430 7540 283 2173
500 8954 308 2167
497 8444 242 2174
457 8190 312 2164
428 7658 336 2178
399 6800 326 2242
387 6856 270 2295
383 6836 274 2240
407 7281 279 2190
392 6938 270 2294
472 8453 303 2173
469 8167 253 2213
425 7447 270 2287
416 7582 266 2258
435 8053 320 2182
482 8545 304 2171
452 7835 276 2174
476 8658 251 2194
448 7791 323 2168
470 8484 246 2225
442 7685 273 2201
417 7452 263 2289
441 7609 264 2253
439 7930 313 2170
485 8731 262 2179
427 7687 265 2269
433 7975 262 2244
444 8008 264 2228
441 7872 258 2271
491 8301 262 2173
430 7450 268 2279
429 7795 262 2264
472 8376 248 2199
425 7526 265 2278
457 8190 312 2164
479 8261 246 2191
430 7597 263 2275
467 8399 249 2218
467 8399 249 2218
387 6856 270 2295
488 8702 308 2170
446 7649 259 2196
474 8235 246 2201
433 8135 259 2226
475 8372 260 2181
439 7812 269 2238
384 6849 274 2236
438 7554 265 2244
432 7466 265 2271
463 7799 259 2192
486 8306 259 2181
384 6849 274 2236
485 8139 259 2186
466 8037 264 2180
488 8702 308 2170
470 8180 259 2185
465 8238 308 2173
445 7684 262 2190
434 7889 325 2186
475 8020 259 2190
434 7889 325 2186
434 7889 325 2186
463 7799 259 2192
475 8020 259 2190
434 7889 325 2186
475 8020 259 2190
475 8020 259 2190
488 8702 308 2170
475 8020 259 2190
475 8020 259 2190
475 8020 259 2190
434 7889 325 2186
387 6856 270 2295
527 8842 254 2195
522 9224 255 2177
475 8445 251 2234
460 8304 312 2166
437 7838 336 2178
403 6811 326 2242
384 7068 293 2359
383 7064 298 2356
407 7409 292 2212
383 7073 309 2349
387 6856 270 2306
424 7467 282 2206
407 7348 332 2202
389 6949 274 2236
510 9019 254 2205
497 8526 259 2186
492 8834 308 2170
420 7493 271 2291
439 8060 320 2174
447 8077 263 2219
430 7603 265 2290
459 8230 302 2175
407 7226 270 2294
504 8447 259 2185
428 7665 336 2186
501 8962 308 2167
453 7852 323 2172
450 8188 262 2262
482 8421 253 2240
452 7997 273 2257
434 7752 271 2276
514 8845 259 2177
472 8250 256 2269
490 8486 255 2215
493 8308 259 2190
387 6882 270 2295
464 7735 274 2201
487 8238 254 2268
387 6856 270 2306
501 8962 308 2167
425 7552 266 2278
513 8859 254 2185
453 7831 265 2249
458 8150 278 2190
436 7897 336 2180
468 8199 267 2183
421 7545 279 2190
383 7064 298 2356
384 7156 298 2351
463 8122 269 2209
483 8508 262 2183
460 8224 264 2196
427 7807 265 2272
482 8153 275 2191
461 8271 275 2195
439 8198 262 2251
441 8253 270 2239
425 7552 266 2278
481 8231 273 2181
446 7851 278 2195
384 7068 298 2352
383 7064 298 2356
421 7652 273 2264
452 8060 293 2181
469 7806 263 2355
460 8146 273 2201
421 7652 273 2264
461 8121 262 2236
474 8166 271 2182
441 8253 270 2239
466 7955 259 2210
466 7956 259 2208
383 7073 309 2349
453 7831 265 2249
462 8172 308 2177
469 7806 263 2355
384 7068 293 2359
384 7068 293 2359
466 7849 263 2350
466 7956 259 2208
466 7849 263 2350
384 7068 298 2352
482 8153 275 2191
466 7955 259 2210
466 7849 263 2350
469 7806 263 2355
469 7806 263 2355
384 7068 298 2352
383 7073 309 2349
534 9027 254 2196
529 8885 254 2203
526 9460 308 2172
502 8725 258 2453
469 8542 313 2168
427 7441 347 2224
387 6856 275 2311
383 7075 309 2349
457 8169 264 2387
436 7664 336 2191
399 7167 274 2240
516 8991 273 2180
419 6967 305 2255
421 7637 329 2198
403 7139 274 2236
425 7464 296 2222
451 8068 287 2197
402 7036 276 2279
489 8637 261 2263
480 8798 312 2173
453 8006 282 2197
492 8782 303 2177
384 7068 298 2354
440 7741 279 2199
443 7715 315 2210
493 8774 254 2333
383 7070 298 2356
465 8104 264 2379
394 6996 270 2295
488 8484 270 2222
431 7870 309 2211
390 6888 270 2307
462 8458 322 2176
456 8167 293 2182
419 6967 305 2255
438 7811 324 2218
496 8970 312 2170
459 8257 334 2174
465 8243 325 2173
448 8269 273 2266
444 7597 273 2284
450 8370 270 2234
458 8135 307 2181
442 7887 265 2273
464 8211 264 2298
522 8922 254 2206
464 8042 265 2249
439 8060 320 2179
454 7894 265 2264
425 7714 267 2319
387 6856 275 2311
389 6905 270 2298
473 8175 272 2222
494 8400 259 2193
447 7812 271 2293
446 8444 270 2239
457 8257 262 2268
445 7631 266 2343
521 8966 259 2185
470 8349 261 2267
425 7714 267 2319
429 7134 274 2291
452 8094 281 2190
430 7861 267 2318
477 8921 260 2247
493 8908 260 2270
469 8412 272 2207
498 8498 259 2190
439 7882 293 2200
477 8921 260 2247
444 7597 273 2284
498 8498 259 2190
465 8104 264 2379
472 8377 273 2196
383 7075 309 2349
439 8060 320 2179
470 8349 261 2267
457 8169 264 2387
459 8257 334 2174
447 8028 336 2184
429 7134 274 2291
454 8220 293 2183
446 8011 324 2192
473 8073 281 2197
445 7631 266 2343
521 8966 259 2185
430 7861 267 2318
446 8011 324 2192
445 7631 266 2343
456 8124 334 2176
465 8243 325 2173
431 7874 267 2292
446 8444 270 2239
456 8124 334 2176
439 7882 293 2200
447 8028 336 2184
425 7714 267 2319
447 8028 336 2184
447 8028 336 2184
465 8104 264 2379
457 8169 264 2387
457 8169 264 2387
430 7861 267 2318
383 7075 309 2349
383 7075 309 2349
537 9049 254 2196
514 8965 258 2453
500 9402 334 2173
392 6946 270 2306
392 6946 270 2306
474 8188 264 2390
523 9295 320 2174
468 7827 266 2367
407 7182 283 2236
444 7839 289 2200
505 8767 327 2179
438 7729 313 2225
399 7336 282 2263
425 7714 267 2320
507 8683 299 2185
419 7165 305 2255
419 7510 279 2291
440 8056 295 2213
455 7630 319 2223
465 8285 264 2387
487 8712 264 2295
484 8573 331 2185
417 7169 321 2248
500 9402 334 2173
470 8527 270 2246
502 8657 259 2194
476 8628 278 2216
434 7678 281 2264
400 7105 270 2295
430 7777 274 2236
452 7920 265 2276
430 7569 308 2235
429 7877 281 2244
457 8101 325 2186
394 6996 273 2302
451 8262 323 2187
451 8085 266 2286
478 8644 274 2226
400 7074 270 2300
447 8003 283 2220
450 8201 320 2188
444 7875 271 2292
432 8017 268 2311
430 7569 308 2235
502 8551 280 2234
425 7714 267 2320
445 8123 333 2184
447 7887 273 2277
506 8560 267 2212
461 8195 334 2176
471 8124 334 2178
451 8110 324 2189
442 7721 280 2260
444 7964 273 2280
478 8644 274 2226
462 8008 282 2198
440 7963 267 2313
468 8621 325 2183
433 7702 280 2276
394 6996 273 2302
465 8285 264 2387
478 8613 281 2224
474 8188 264 2390
452 7920 265 2276
432 8017 268 2311
440 7963 267 2313
464 8678 270 2246
464 8678 270 2246
440 7963 267 2313
521 9255 277 2197
465 8261 325 2186
462 8020 266 2278
456 8202 266 2298
411 7206 342 2283
407 7148 336 2296
404 7157 341 2296
492 8562 276 2250
451 7392 305 2240
484 8903 278 2223
451 8110 324 2192
475 8478 283 2220
440 7758 330 2231
425 7644 294 2245
491 8921 275 2250
470 8305 276 2255
432 7746 288 2294
414 7321 342 2282
411 7518 339 2262
432 7370 289 2250
413 7511 328 2258
445 7830 302 2242
425 7215 326 2242
458 8137 293 2200
450 7803 274 2273
448 8125 274 2268
463 7957 285 2243
444 7916 297 2214
454 8090 267 2280
458 8137 293 2200
453 7951 271 2287
460 8080 267 2278
446 7993 282 2256
438 7777 278 2260
453 7951 271 2287
444 7916 297 2214
409 7224 276 2295
410 7514 293 2267
444 7897 297 2216
456 8202 266 2298
444 7873 297 2221
408 7209 280 2296
432 7800 280 2260
444 7873 297 2221
444 7897 297 2216
515 9083 279 2227
507 9198 283 2225
500 9111 303 2204
489 8848 266 2283
431 7881 342 2245
422 7717 298 2354
414 7283 342 2283
434 8004 310 2267
463 8284 268 2306
476 8419 275 2271
485 8942 286 2240
444 7863 290 2276
464 8194 294 2207
435 7507 294 2258
452 8091 294 2251
461 7971 283 2304
431 7657 295 2268
462 8347 274 2280
437 8023 285 2278
477 8396 281 2270
477 8206 292 2243
507 8902 300 2226
469 8393 294 2297
438 7908 310 2268
481 8658 304 2244
537 9233 309 2250
490 8751 298 2298
488 8991 330 2257
439 7955 323 2286
455 8232 326 2269
481 8745 304 2262
513 8925 313 2277
512 9174 304 2334
502 8847 317 2305
503 8188 259 2266
465 8530 255 2236
425 7728 287 2200
407 7396 365 2324
388 6715 332 2461
388 6715 332 2461
387 6829 331 2458
455 8022 270 2251
408 7072 322 2436
405 7032 332 2440
418 7133 291 2333
441 7285 308 2290
407 7396 365 2324
495 8258 260 2330
415 7434 310 2388
440 7851 263 2269
415 7421 310 2394
446 7833 275 2207
426 7240 291 2332
414 7486 287 2212
396 6757 324 2441
431 7446 267 2279
453 8131 268 2244
423 7025 314 2457
433 7427 286 2233
495 8312 260 2313
421 7401 284 2306
429 7529 282 2241
396 6757 324 2441
424 7708 287 2210
426 7240 291 2332
423 7025 314 2457
392 6789 332 2454
405 7032 332 2440
495 8263 260 2328
453 8131 268 2244
419 7358 284 2308
433 7350 308 2285
423 7610 276 2286
390 6726 332 2456
423 7610 276 2286
419 7560 273 2289
392 6789 332 2454
419 7560 273 2289
495 8278 260 2316
430 7518 279 2316
430 7518 279 2316
435 7421 273 2284
435 7393 283 2283
388 6715 332 2461
435 7393 283 2283
426 7240 291 2332
424 7708 287 2210
495 8264 260 2321
495 8312 260 2313
495 8312 260 2313
495 8278 260 2316
495 8264 260 2321
433 7350 308 2285
495 8263 260 2328
435 7421 273 2284
423 7025 314 2457
495 8263 260 2328
495 8278 260 2316
495 8278 260 2316
495 8278 260 2316
495 8264 260 2321
424 7708 287 2210
407 7396 365 2324
388 6715 332 2461
388 6715 332 2461
554 9124 268 2264
549 9578 274 2244
534 9381 260 2310
468 8371 298 2201
420 7732 313 2520
418 7494 375 2310
388 6723 332 2461
407 7396 365 2339
397 6817 337 2460
514 9524 273 2258
428 7287 319 2426
415 7181 322 2468
482 7957 265 2333
462 7558 308 2288
491 8885 263 2283
415 7434 315 2389
436 7816 273 2281
420 7732 313 2520
415 7434 315 2389
503 8768 281 2225
511 8551 260 2316
536 9317 279 2228
408 7058 332 2440
479 8510 275 2247
503 8734 279 2232
412 7496 365 2324
549 9578 274 2244
442 7670 267 2286
422 7409 290 2324
428 7738 287 2202
412 7456 374 2324
498 8991 270 2260
460 8177 272 2268
457 7992 286 2238
438 7235 314 2435
463 8037 284 2218
536 9317 279 2228
473 8071 276 2233
497 9156 270 2261
464 8040 269 2273
467 8416 279 2241
498 8991 270 2260
411 6901 327 2452
467 8151 276 2250
399 6899 332 2457
424 7715 287 2210
423 7551 327 2298
397 6817 337 2460
407 6986 331 2463
396 6819 332 2460
402 6939 332 2446
454 8176 266 2272
471 8335 266 2269
450 7993 285 2258
438 7616 282 2269
422 7263 325 2440
473 8071 276 2233
418 7169 324 2461
422 7300 322 2463
410 7011 324 2464
495 8297 263 2318
403 6763 332 2458
423 7570 327 2285
452 7574 280 2319
410 7011 324 2464
465 8385 279 2249
423 7551 327 2298
471 8031 286 2231
438 7616 282 2269
448 8156 268 2282
511 8551 260 2316
420 7284 325 2451
396 6819 332 2460
495 8264 265 2324
422 7716 374 2315
424 7715 287 2210
453 8010 267 2285
407 6986 331 2463
467 8214 283 2231
449 8010 276 2264
468 8123 282 2262
406 6873 332 2450
422 7357 324 2449
412 7496 365 2324
495 8297 263 2318
406 6873 332 2450
495 8264 265 2324
467 8214 283 2231
425 7728 287 2207
426 7491 314 2248
448 8156 268 2282
403 6763 332 2458
418 7494 375 2310
426 7491 314 2248
422 7176 332 2436
495 8265 260 2321
418 7169 324 2461
497 9156 270 2261
452 7574 280 2319
415 7568 374 2319
415 7434 315 2389
425 7728 287 2207
422 7357 324 2449
402 6939 332 2446
415 7181 322 2468
402 6939 332 2446
468 8123 282 2262
422 7716 374 2315
420 7732 313 2520
423 7570 327 2285
495 8265 260 2321
448 8156 268 2282
422 7176 332 2436
415 7568 374 2319
396 6819 332 2460
415 7568 374 2319
536 9317 279 2228
495 8297 263 2318
495 8264 265 2324
473 8071 276 2233
468 8123 282 2262
425 7728 287 2207
424 7715 287 2210
420 7732 313 2520
418 7494 375 2310
415 7434 315 2389
407 6986 331 2463
403 6763 332 2458
569 9949 265 2302
562 10010 264 2294
496 8393 260 2333
433 7787 287 2207
422 7637 374 2319
415 7191 322 2468
393 6737 332 2465
392 6789 332 2461
536 9325 279 2228
432 7516 365 2324
423 7564 314 2354
515 9334 266 2286
520 9020 279 2235
447 7752 288 2317
425 7648 298 2407
508 8834 279 2239
482 8102 283 2271
454 8157 277 2376
425 7648 298 2407
412 7517 374 2324
426 7502 307 2388
415 7370 331 2453
508 8563 260 2332
426 7601 310 2383
421 7598 365 2324
485 8299 266 2339
440 7700 306 2300
426 7301 332 2444
441 7889 277 2377
479 8767 274 2276
429 7414 320 2457
424 7647 327 2308
437 7355 331 2429
520 9020 279 2235
462 8411 268 2280
468 8653 281 2256
434 7474 291 2327
434 7516 374 2319
480 8235 278 2240
468 7722 316 2272
476 8266 271 2293
465 7835 278 2291
440 7355 325 2437
468 8653 281 2256
515 9334 266 2286
461 8452 272 2279
431 7643 320 2301
467 8193 280 2258
471 8331 276 2269
437 7355 331 2429
434 7474 291 2327
467 8502 276 2274
473 8535 278 2257
474 8229 279 2276
440 7355 325 2437
461 8230 278 2264
456 8321 278 2269
485 8299 266 2339
426 7365 327 2463
467 8270 276 2283
441 7889 277 2377
422 7635 374 2322
461 8452 272 2279
481 8139 280 2268
440 7832 280 2321
485 8299 266 2339
481 8139 280 2268
440 7700 306 2300
434 7474 291 2327
471 8331 276 2269
456 8321 278 2269
441 7889 277 2377
440 7832 280 2321
440 7832 280 2321
520 9020 279 2235
425 7648 298 2407
564 10163 264 2297
505 8531 260 2335
450 8193 287 2207
433 7518 343 2433
427 7143 336 2462
418 7212 322 2468
544 9477 279 2228
525 9026 279 2235
437 7638 320 2427
464 8428 283 2347
448 7713 302 2327
447 7594 312 2327
461 8114 289 2255
431 7522 337 2437
495 8451 275 2280
435 7553 332 2429
473 8621 268 2282
443 7606 325 2463
438 7936 295 2231
487 8237 282 2276
485 8323 266 2339
482 8381 282 2262
502 8447 276 2304
475 8560 270 2285
438 7840 292 2285
467 7960 291 2331
476 8202 279 2307
467 8316 284 2305
472 8220 282 2286
466 8601 268 2290
480 8478 279 2247
481 8155 288 2301
483 7901 286 2314
483 7901 286 2314
441 7613 291 2334
480 8478 279 2247
559 9735 260 2359
549 9956 273 2317
512 8728 302 2208
442 7964 360 2305
420 7259 322 2468
420 7259 322 2468
435 7628 333 2461
449 7635 313 2415
503 8993 266 2371
444 7670 302 2389
545 9423 273 2320
455 7993 296 2266
480 8584 285 2284
486 8148 294 2278
448 7706 291 2340
469 8391 289 2331
525 8523 275 2319
493 8858 279 2336
521 9236 288 2233
509 9254 279 2247
495 8710 278 2315
545 9497 279 2228
482 8511 288 2285
454 8282 298 2240
465 8225 292 2242
468 8202 296 2220
567 9826 273 2324
557 10009 299 2252
478 8485 303 2246
457 8141 354 2282
428 7425 322 2468
464 8082 332 2298
463 7723 310 2372
453 7720 324 2440
508 8848 286 2344
524 9633 287 2314
519 9268 288 2340
554 9971 274 2361
494 8751 289 2410
535 9405 301 2252
489 8895 292 2289
456 8376 315 2422
458 7931 324 2436
456 7649 322 2462
550 9816 294 2284
479 8202 316 2256
485 8467 304 2259
474 8607 295 2253
502 8720 291 2328
469 8126 298 2266
502 8159 297 2277
517 9313 294 2294
509 9059 294 2311
491 8660 295 2257
466 8051 341 2381
464 7739 341 2440
463 8032 323 2461
461 7779 329 2443
473 8290 299 2312
485 8222 329 2424
496 8513 305 2292
480 8268 317 2459
480 8284 339 2273
493 8645 308 2299
469 8285 326 2438
537 9320 309 2260
522 9178 299 2321
477 8192 337 2452
471 8264 360 2443
468 8272 332 2452
530 8947 299 2273
511 8860 306 2380
490 8381 330 2413
484 8705 309 2332
500 8784 308 2298
481 8436 334 2366
498 8689 333 2309
493 8759 316 2267
474 8399 317 2407
474 8472 309 2407
479 8315 331 2393
489 8877 306 2317
536 9072 302 2293
526 9265 299 2360
523 9602 305 2353
506 9321 380 2271
488 8377 341 2440
479 8380 340 2471
512 8801 311 2312
496 9087 364 2296
498 8630 342 2391
486 8520 335 2413
507 9362 328 2299
504 8851 356 2336
494 8994 317 2424
489 8459 325 2466
503 8955 323 2333
534 9035 310 2357
525 8741 328 2444
506 8968 306 2365
498 8883 328 2395
506 8953 326 2405
539 9994 314 2309
539 8815 341 2441
530 9274 306 2365
506 9147 321 2415
516 9377 330 2321
522 9616 315 2317
511 8887 336 2428
520 9087 340 2333
507 9110 317 2382
555 9589 320 2382
550 9830 327 2329
546 9605 308 2401
520 9074 336 2448
518 9555 336 2324
511 9204 319 2403
536 9526 318 2414
544 9669 322 2359
579 10885 346 2362
553 9487 321 2454
528 9607 351 2330
542 9513 329 2450
584 10023 353 2430
566 9607 337 2458
478 8417 297 2169
461 8158 255 2234
419 6992 364 2351
390 7059 309 2248
390 6815 296 2372
420 6994 345 2345
409 7187 256 2251
443 7921 257 2187
433 7734 312 2186
458 7763 271 2180
418 7442 290 2192
391 6840 274 2369
395 7120 273 2230
408 7359 268 2236
430 7662 266 2221
441 8154 270 2210
395 7060 282 2202
393 7209 256 2244
439 7882 291 2188
433 7747 307 2189
422 7525 281 2217
428 7624 281 2212
422 7525 281 2217
440 7828 307 2187
408 7359 268 2236
428 7624 281 2212
523 9125 317 2182
519 9354 271 2183
500 8639 255 2283
420 6995 345 2345
407 7222 273 2378
395 7184 318 2204
420 6995 345 2345
473 8715 265 2241
465 8464 268 2246
426 7457 292 2194
433 7736 312 2188
452 8095 272 2198
484 8672 268 2243
427 7514 288 2203
396 7090 309 2248
395 7070 309 2258
457 7801 283 2227
440 7911 269 2244
405 7329 256 2251
418 7302 285 2208
408 7359 276 2239
413 7293 274 2364
446 7983 291 2189
457 7801 283 2227
404 7314 274 2361
402 7229 279 2240
452 7858 266 2248
446 8011 271 2235
398 7067 274 2375
406 7294 286 2208
404 7243 274 2374
446 8011 271 2235
396 7090 309 2248
404 7243 274 2374
398 7067 274 2375
396 7090 309 2248
420 6995 345 2345
404 7243 274 2374
548 9789 255 2322
433 7742 312 2188
431 7763 312 2202
415 7428 271 2444
402 7067 274 2381
396 7090 309 2253
532 9351 255 2329
427 7700 270 2436
528 9294 258 2293
508 9017 260 2257
502 8938 257 2309
506 9087 257 2305
474 8548 261 2261
490 8860 273 2235
477 8621 268 2246
491 8472 257 2319
468 8220 260 2270
445 8348 285 2236
448 7649 294 2201
420 7593 302 2221
443 7563 280 2368
460 8484 279 2209
531 9312 255 2337
474 8748 265 2241
469 8618 279 2207
426 7644 276 2262
405 7261 309 2246
437 7869 297 2205
423 7520 286 2208
455 7717 303 2195
411 7489 284 2373
419 7612 292 2239
433 7742 307 2194
421 7240 309 2248
453 7445 297 2282
450 7392 303 2320
440 7784 265 2251
417 7505 283 2343
398 7074 274 2375
457 7473 288 2319
419 7523 299 2290
427 7607 274 2352
431 7627 266 2256
444 8036 260 2271
476 8473 274 2218
414 7456 290 2301
407 7253 273 2378
452 8097 291 2194
457 8197 291 2189
412 7539 281 2263
455 8149 279 2234
445 7940 297 2197
414 7566 309 2245
433 7742 312 2188
442 7819 281 2243
433 7742 307 2194
455 8166 279 2229
411 7619 281 2252
457 7473 288 2319
441 7953 297 2202
528 9294 258 2293
419 7523 299 2290
441 7953 297 2202
402 7067 274 2381
416 7522 283 2300
477 8621 268 2246
417 7505 283 2343
430 7483 297 2286
455 8166 279 2229
427 7607 274 2352
431 7768 266 2253
447 8216 272 2245
447 7967 260 2271
444 8036 260 2271
440 7784 265 2251
450 7392 303 2320
414 7456 290 2301
439 7452 297 2295
452 7957 273 2244
404 7242 309 2248
447 8216 272 2245
430 7483 297 2286
439 7452 297 2295
398 7074 274 2375
452 7957 273 2244
412 7539 281 2263
441 7953 297 2202
457 8197 291 2189
416 7522 283 2300
414 7566 309 2245
447 7967 260 2271
404 7242 309 2248
404 7242 309 2248
441 7953 297 2202
441 7953 297 2202
433 7742 312 2188
433 7742 307 2194
398 7074 274 2375
398 7074 274 2375
555 9846 259 2293
535 9611 255 2329
473 8517 291 2189
451 7976 340 2194
427 7750 271 2444
403 7124 274 2375
398 7130 309 2258
420 7655 315 2233
451 7976 340 2194
424 7481 273 2378
515 9038 257 2327
536 9412 255 2334
479 8672 278 2241
490 9114 277 2238
447 8010 268 2432
555 9846 259 2293
535 9573 255 2348
501 9309 263 2305
438 7789 286 2215
512 9204 261 2292
457 8124 265 2251
450 7407 303 2320
472 8222 296 2192
468 8614 279 2209
417 7514 283 2353
525 9467 257 2305
501 9309 263 2305
405 7272 309 2248
413 7554 309 2247
433 7615 285 2319
438 7886 271 2275
422 7641 281 2265
461 8262 279 2240
466 8374 299 2198
423 7632 303 2299
426 7709 283 2253
477 8672 262 2328
454 8319 269 2262
434 7627 272 2374
525 9467 257 2305
445 7952 307 2196
444 7962 312 2198
466 8374 299 2198
429 7657 274 2374
465 8318 292 2203
447 8010 268 2432
405 7272 309 2248
459 8110 293 2201
436 7833 312 2200
436 7942 270 2437
459 8110 293 2201
431 7948 274 2363
431 7948 274 2363
536 9264 261 2288
427 7750 271 2444
441 7953 297 2206
419 7685 305 2301
413 7554 309 2247
435 7870 290 2241
448 7778 309 2211
447 7676 271 2436
448 7759 270 2286
419 7685 305 2301
440 7810 269 2268
440 7810 269 2268
435 7528 292 2292
435 7870 290 2241
432 7881 274 2260
446 7685 314 2236
441 7953 297 2206
448 7759 270 2286
448 7778 309 2211
403 7124 274 2375
433 7615 285 2319
435 7528 292 2292
536 9264 261 2288
446 7685 314 2236
433 7946 270 2437
446 7685 314 2236
446 7685 314 2236
525 9467 257 2305
446 7685 314 2236
427 7750 271 2444
405 7272 309 2248
561 9984 259 2293
560 10060 259 2293
536 9631 255 2329
474 8537 291 2189
449 8207 351 2207
437 7962 270 2437
424 7140 342 2348
401 7187 314 2294
532 9265 257 2327
412 7410 309 2248
541 9588 277 2247
500 8417 280 2250
473 8551 333 2200
424 7508 273 2378
452 8255 270 2427
482 8894 279 2209
536 9631 255 2329
443 7809 289 2355
561 9891 259 2299
423 7503 274 2375
453 8238 276 2310
457 8232 265 2251
487 8657 279 2236
438 7661 285 2365
426 7675 306 2273
476 8774 279 2225
437 7882 282 2270
451 8263 272 2278
447 7960 303 2212
430 7646 292 2290
430 7149 345 2345
462 8367 298 2203
480 8725 279 2243
460 8257 335 2208
437 7962 270 2437
436 7926 343 2246
462 7625 298 2296
439 7846 299 2218
449 8207 351 2207
472 8303 287 2233
447 8027 286 2262
496 8637 288 2226
440 7915 270 2432
457 8120 340 2194
446 7932 295 2230
479 8090 271 2275
496 8637 288 2226
438 7842 304 2254
455 8419 287 2235
430 7177 345 2344
460 8013 340 2194
465 8335 292 2209
483 8326 293 2231
426 7651 295 2328
455 8099 293 2259
456 8076 278 2273
436 8062 277 2291
447 7840 275 2346
473 8551 333 2200
439 7846 299 2218
424 7508 273 2378
457 8120 340 2194
456 7825 291 2232
465 8335 292 2209
430 7177 345 2344
460 8013 340 2194
455 8419 287 2235
483 8326 293 2231
536 9631 255 2329
496 8637 288 2226
430 7177 345 2344
430 7177 345 2344
598 10557 264 2326
541 9672 255 2329
475 8592 333 2200
443 7594 277 2442
430 7180 345 2344
506 9040 266 2320
440 7956 273 2417
528 8916 283 2244
494 8857 282 2246
488 8512 296 2276
460 7941 288 2378
431 7878 305 2296
436 7762 321 2350
481 8461 268 2290
464 8252 324 2220
482 8628 297 2207
444 7868 313 2239
437 7962 273 2436
461 8374 285 2358
458 8319 319 2219
444 8131 289 2277
463 8269 272 2280
450 7848 302 2328
497 8912 293 2201
499 8148 298 2238
469 8275 267 2303
485 8484 332 2204
452 8010 287 2299
463 8209 286 2371
468 8449 301 2205
506 8800 288 2233
456 7975 300 2235
442 7930 330 2225
463 7919 315 2229
441 8025 289 2303
457 8213 286 2354
469 8312 302 2230
504 8835 317 2201
455 8210 329 2220
490 8593 297 2231
490 8883 286 2226
504 8835 317 2201
461 8270 285 2374
455 8210 329 2220
506 8800 288 2233
555 9897 255 2329
507 9173 306 2203
465 8203 279 2426
435 7296 345 2345
434 7947 305 2299
552 9682 260 2334
513 9271 295 2204
446 7978 313 2247
462 7973 291 2391
492 8539 273 2312
506 8928 282 2254
491 8685 274 2372
458 8206 302 2237
452 8065 288 2306
481 8408 294 2289
495 9138 276 2281
471 8520 284 2291
498 9022 295 2219
490 8760 313 2231
487 8492 286 2344
503 9067 292 2230
485 8447 296 2282
510 9105 297 2204
500 9103 292 2233
507 9173 306 2203
602 10244 268 2340
552 9862 332 2221
511 9068 277 2407
462 7760 364 2363
442 8038 317 2320
542 9575 278 2287
467 8335 292 2384
493 8857 326 2263
525 9605 284 2257
458 8354 308 2303
522 9430 294 2238
455 8114 302 2336
504 8656 316 2290
506 9173 290 2280
449 7971 310 2338
506 9331 297 2226
480 8863 310 2251
487 8705 297 2374
457 8211 330 2291
514 9113 312 2226
499 8894 293 2319
509 9089 283 2400
490 8872 304 2306
491 8775 289 2349
489 8857 286 2351
513 8757 284 2397
513 9170 299 2253
511 8911 295 2306
483 8744 287 2351
514 8908 296 2292
522 9096 293 2292
579 10519 312 2232
536 9852 289 2286
494 8810 301 2366
461 8163 351 2332
480 8763 321 2365
509 9253 338 2323
525 9621 302 2271
499 8947 294 2337
492 8887 299 2357
530 9122 314 2301
527 9588 301 2305
516 9047 301 2315
510 9012 316 2326
543 9761 305 2355
520 9002 294 2358
538 9733 302 2360
