1 0.108397
514 8979 351 2543
518 9240 346 2585
518 9228 358 2507
478 8649 366 2462
510 9046 362 2539
496 9067 375 2439
496 8859 352 2595
515 9163 339 2618
515 9315 353 2518
478 8400 369 2523
518 9225 350 2513
514 8850 363 2605
525 9241 319 2449
524 9297 374 2427
488 8855 368 2511
509 8917 415 2489
503 9200 375 2439
478 8401 369 2523
524 9223 363 2605
535 9444 353 2563
532 9472 319 2460
532 9346 365 2549
532 9426 352 2625
530 9631 359 2564
531 9484 320 2606
528 9502 362 2545
559 9625 368 2451
521 9670 368 2516
519 9161 368 2523
516 8986 368 2546
509 8997 415 2490
560 10212 459 2444
526 9538 396 2492
526 9495 376 2519
526 9619 395 2509
524 9685 429 2450
564 10204 470 2447
525 9473 388 2518
513 9530 376 2544
499 8715 382 2618
509 8906 386 2530
497 8822 370 2561
521 8962 374 2533
497 8978 375 2560
542 9991 380 2481
547 9808 354 2531
597 10505 356 2475
542 9888 420 2463
553 10060 362 2509
587 10272 356 2508
609 10614 366 2461
554 9909 345 2545
567 10388 337 2585
577 10369 324 2545
558 9648 360 2529
543 9751 364 2513
588 10628 363 2477
611 11181 345 2525
582 10365 323 2554
541 9848 348 2577
568 10239 333 2550
534 9941 360 2523
583 10057 339 2531
550 9926 338 2543
598 10638 355 2490
549 10131 380 2478
537 9643 374 2521
565 9919 359 2490
544 9547 379 2499
552 10041 350 2514
565 10309 354 2497
541 9606 352 2625
528 9537 362 2550
560 10109 375 2489
621 11291 428 2458
605 11053 393 2462
569 10756 394 2470
577 10283 383 2476
569 10810 389 2476
590 10288 387 2472
574 9797 370 2501
600 11071 393 2462
520 9446 381 2535
558 9398 369 2551
527 9418 426 2527
575 10344 462 2448
564 9601 418 2495
534 9661 378 2520
528 9696 430 2482
551 9785 433 2475
564 10204 470 2450
500 8757 382 2623
509 9341 389 2533
547 9150 411 2530
519 9065 404 2554
523 9487 393 2531
525 9592 372 2579
527 9243 372 2576
523 9758 374 2542
526 9669 376 2544
526 9163 378 2554
528 9079 388 2576
579 9854 359 2566
564 10038 359 2540
559 10075 450 2472
565 10103 434 2474
578 10605 328 2615
594 10916 323 2588
668 12190 325 2570
613 11348 336 2553
625 11150 336 2562
568 10408 337 2586
590 10628 344 2539
588 10649 343 2540
550 10038 344 2551
569 10233 380 2482
551 10223 390 2487
593 10016 360 2540
593 10420 370 2493
545 10027 379 2506
557 10210 374 2527
569 10103 373 2539
571 10372 364 2498
577 10521 358 2497
572 10501 358 2507
601 10681 354 2501
571 10629 363 2531
577 10439 362 2508
578 10334 356 2517
572 10501 359 2505
561 9832 366 2557
564 9561 363 2582
590 11023 391 2475
550 9637 382 2535
562 9470 374 2567
564 9734 418 2495
572 9858 384 2522
560 9942 384 2523
546 9850 405 2520
570 9754 390 2529
550 9837 433 2488
546 9806 442 2516
561 9796 449 2490
626 11673 503 2458
537 9609 389 2550
520 9762 394 2581
564 9565 426 2530
519 9103 404 2557
546 9778 427 2541
524 9492 452 2547
542 9890 429 2540
543 9867 422 2539
531 9777 374 2542
535 9322 378 2554
540 9319 388 2586
530 9618 390 2600
613 11387 336 2553
655 10967 353 2553
579 10176 352 2606
599 10534 346 2572
565 10319 348 2577
622 11461 348 2551
580 10067 363 2566
564 10089 363 2551
555 10125 373 2560
610 10589 344 2555
578 10589 354 2565
574 10308 388 2499
622 10873 448 2486
610 10962 400 2482
607 10265 411 2498
630 11360 379 2496
559 10061 394 2533
549 10061 380 2536
553 10152 414 2510
588 10401 383 2511
574 10453 368 2535
592 10747 370 2504
595 11223 370 2501
616 11281 355 2529
613 10701 354 2536
610 10682 356 2517
606 10381 374 2528
580 10462 370 2521
594 10809 364 2509
593 10548 359 2565
614 10917 368 2508
592 10762 368 2531
594 11097 366 2508
622 11528 399 2498
560 9657 423 2535
571 10020 427 2508
576 10114 403 2522
562 10085 390 2530
548 10064 410 2522
555 9919 405 2522
561 10065 436 2506
554 10031 433 2515
547 10270 469 2520
524 10010 396 2652
570 9685 426 2531
534 9647 426 2571
533 9473 450 2594
550 9959 436 2543
580 9790 395 2548
551 9779 389 2550
563 9819 411 2544
551 9897 375 2592
544 10142 394 2548
532 9782 414 2549
575 9969 385 2545
552 9584 386 2576
563 9787 382 2574
543 9680 437 2561
548 9806 381 2554
548 9757 397 2561
538 9704 391 2569
549 10135 378 2566
574 10353 355 2581
583 10362 354 2598
567 10349 359 2624
573 10179 370 2580
573 10336 367 2568
579 10319 365 2553
593 10155 375 2557
580 10115 363 2569
617 11046 349 2558
630 10802 348 2655
617 10649 352 2557
655 12478 345 2593
589 10711 422 2500
595 10396 407 2518
602 10493 413 2499
621 11102 449 2488
634 11151 426 2492
582 10287 383 2553
589 10240 389 2537
579 10312 382 2536
683 12156 385 2503
621 11298 411 2504
659 11168 358 2536
591 10706 375 2547
603 10676 392 2522
625 10709 374 2528
609 11021 370 2510
599 10954 370 2526
643 10823 381 2517
646 11333 365 2534
599 10816 384 2532
582 10607 404 2523
592 10771 393 2534
596 10411 403 2534
555 9933 405 2522
574 10081 468 2506
565 10165 446 2513
598 10620 449 2509
573 9865 454 2534
573 9865 454 2534
536 9726 441 2590
556 10266 393 2550
544 10167 394 2548
544 9875 456 2551
565 9593 392 2579
554 9663 436 2622
550 9825 394 2558
564 9861 436 2554
566 9987 390 2590
575 10032 391 2567
577 10067 382 2574
552 9795 402 2567
568 10010 393 2578
548 10111 392 2604
542 10024 410 2588
547 9939 398 2569
559 10213 383 2580
562 10151 388 2569
559 10255 379 2576
581 10403 355 2589
585 10388 360 2635
573 10694 374 2591
575 10479 377 2570
594 10846 373 2553
600 10234 386 2566
591 10234 364 2645
582 10287 366 2574
608 10268 374 2571
632 11660 357 2578
620 10910 411 2519
597 11166 439 2518
648 10925 431 2516
642 11375 493 2493
581 10499 386 2543
612 10549 388 2542
605 10587 391 2538
592 10353 387 2549
587 10912 386 2542
605 10587 391 2538
665 11721 360 2536
601 10915 375 2547
604 11394 393 2522
634 10878 382 2529
623 11110 411 2517
631 11500 398 2513
631 11500 398 2513
627 11244 428 2510
623 11284 380 2520
617 11384 371 2527
633 11157 392 2527
615 11025 372 2541
609 11048 400 2526
652 11220 371 2546
605 11082 375 2540
600 10868 389 2533
601 10553 416 2533
563 10325 406 2536
572 10029 420 2548
558 10210 445 2545
573 10533 439 2523
575 10093 411 2550
624 10976 406 2526
561 10389 476 2525
560 10043 431 2534
586 10529 419 2524
562 10246 417 2526
591 10217 465 2513
584 10813 456 2517
613 11137 474 2510
541 10003 443 2604
544 9859 477 2618
563 10456 393 2553
564 10497 393 2552
557 10350 428 2553
573 10167 403 2552
567 9786 405 2603
566 9746 424 2637
575 9836 398 2581
566 10092 414 2564
558 9919 398 2583
558 9835 401 2578
580 10337 398 2561
574 10043 417 2558
550 9839 416 2563
564 10321 399 2561
550 9861 403 2575
581 9971 443 2562
598 10191 392 2567
555 9818 406 2568
549 10163 427 2607
548 10218 456 2594
552 10110 401 2583
567 10350 381 2640
579 10382 381 2615
574 10578 380 2634
562 10486 384 2583
593 10674 361 2600
627 10902 358 2598
589 10626 361 2626
584 10526 356 2640
627 10914 358 2595
595 10860 357 2617
578 10563 377 2570
631 10889 373 2553
606 10934 367 2593
603 11025 372 2593
590 10550 378 2620
591 10440 396 2588
640 11236 370 2584
625 10876 376 2574
648 11098 416 2521
623 10938 416 2527
671 12479 508 2493
582 10699 389 2553
587 10536 393 2543
607 10781 387 2557
591 10994 392 2545
616 10794 399 2538
724 12600 408 2516
623 11300 380 2525
638 11544 408 2520
618 11066 387 2543
605 11044 400 2539
615 11168 389 2535
601 11197 411 2534
603 11112 405 2537
676 12579 508 2493
571 10529 392 2685
571 10395 400 2676
662 11538 421 2524
586 10054 460 2540
589 9909 404 2610
568 9922 414 2601
573 9961 399 2583
566 9753 424 2637
573 9961 399 2583
655 12235 393 2532
580 9943 437 2594
690 12142 407 2530
576 9933 432 2600
580 10405 455 2533
552 10137 497 2602
