4989 300.013
324 5934 256 2152
320 5905 265 2146
338 6244 252 2156
340 6228 250 2170
338 6187 265 2139
336 5993 261 2143
330 6001 281 2134
375 6931 245 2189
300 5299 257 2193
293 5323 257 2193
352 6088 265 2146
386 7148 256 2152
342 6319 265 2153
341 6240 265 2150
371 6821 265 2160
358 6541 265 2164
339 6279 261 2146
348 6518 261 2153
348 6407 265 2156
360 6552 261 2152
398 7399 256 2157
353 6472 265 2150
355 6338 261 2149
328 6020 265 2151
393 7273 280 2165
400 7451 265 2151
392 7228 265 2160
362 6634 270 2139
354 6549 267 2152
330 6098 265 2160
365 6497 265 2157
350 6451 280 2160
347 6088 265 2145
376 6856 265 2157
359 6468 260 2150
411 7516 260 2151
376 7018 256 2154
358 6348 265 2152
358 6547 265 2156
333 6142 256 2152
387 6929 265 2151
339 6260 272 2154
374 6732 266 2168
358 6620 272 2146
375 6992 256 2165
365 6675 267 2153
336 6106 260 2151
360 6662 260 2150
351 6370 265 2161
373 6701 276 2148
387 6962 256 2160
380 7088 261 2151
389 7082 265 2151
384 7195 265 2155
357 6658 267 2165
375 6919 266 2150
365 6769 256 2155
359 6460 265 2148
371 6779 265 2165
402 7260 261 2146
342 6401 265 2150
356 6344 256 2160
363 6721 265 2157
366 6777 265 2150
386 6986 270 2157
344 6341 267 2167
375 6980 265 2163
364 6763 270 2147
334 6180 261 2146
354 6400 256 2157
371 6652 265 2155
357 6614 265 2162
368 6837 265 2150
346 6267 267 2167
328 6053 256 2150
365 6708 270 2150
366 6730 265 2162
345 6374 267 2167
392 7293 265 2146
393 7234 265 2163
364 6760 256 2157
375 6790 265 2156
346 6332 256 2152
383 7102 269 2155
343 6275 256 2165
368 6781 256 2152
327 6024 256 2160
362 6739 256 2153
378 6863 260 2165
393 7296 280 2165
348 6454 265 2144
390 7387 256 2165
351 6176 256 2157
373 6858 280 2160
344 6183 265 2177
392 7262 261 2146
383 7148 280 2147
362 6449 279 2168
338 6176 260 2165
364 6312 265 2155
361 6634 256 2159
347 6238 265 2154
354 6530 281 2139
341 6177 265 2159
391 7187 265 2164
331 6113 256 2152
386 7140 265 2170
370 6671 265 2163
356 6496 265 2155
367 6584 271 2158
351 6317 256 2159
411 7584 270 2139
358 6662 270 2142
347 6400 265 2173
403 7058 265 2158
388 6913 265 2164
339 6136 267 2164
358 6339 265 2146
390 6997 275 2145
344 6294 280 2167
360 6650 265 2164
348 6243 265 2159
374 7011 265 2157
329 6100 265 2156
367 6755 256 2157
351 6397 280 2147
353 6500 270 2139
339 6230 267 2155
389 6956 265 2171
370 6763 265 2157
360 6475 265 2155
387 6983 265 2149
413 7494 272 2142
373 6931 260 2151
382 7060 265 2155
349 6361 265 2153
374 6625 275 2165
354 6257 265 2146
351 6190 270 2170
412 7405 256 2157
359 6430 256 2157
417 7550 265 2160
377 6917 265 2156
353 6347 256 2153
362 6748 265 2146
381 6701 265 2154
357 6411 265 2146
349 6400 280 2165
378 6993 265 2145
364 6787 270 2152
402 7286 256 2155
415 7407 265 2151
351 6432 280 2160
349 6234 265 2140
358 6485 265 2150
333 6055 265 2152
365 6586 272 2146
375 6830 280 2160
361 6706 265 2157
366 6573 265 2156
388 6955 265 2169
385 7108 265 2151
339 6194 265 2144
335 6207 256 2157
408 7449 261 2149
342 6307 251 2164
397 7142 270 2159
384 6954 265 2160
415 7849 265 2159
361 6699 260 2157
342 6229 280 2154
342 6010 256 2160
368 6802 265 2149
370 6726 256 2149
358 6593 265 2145
379 7073 256 2152
356 6421 265 2155
394 7304 265 2144
366 6400 256 2159
342 6231 267 2145
382 7109 256 2160
419 7817 265 2144
356 6293 255 2157
383 7122 265 2162
354 6406 256 2152
354 6531 265 2167
332 6065 265 2150
373 6941 265 2162
368 6488 256 2164
372 6638 265 2144
337 6225 265 2155
394 7118 256 2157
390 7280 265 2139
388 7076 265 2160
369 6607 256 2149
375 6960 256 2152
374 6827 265 2148
380 6885 265 2163
382 6900 265 2162
367 6834 265 2151
381 6794 280 2160
384 7062 265 2154
372 6920 281 2139
363 6750 265 2145
376 6943 256 2152
375 6885 267 2159
352 6459 265 2155
365 6465 265 2151
382 7130 265 2145
416 7667 265 2162
378 6979 269 2167
373 6934 256 2160
362 6661 270 2142
381 6921 280 2165
383 7012 265 2148
367 6710 265 2150
348 6280 252 2166
350 6307 265 2158
364 6639 267 2145
381 7018 265 2154
345 6218 280 2173
349 6211 261 2147
391 7193 256 2157
374 6860 262 2147
388 6992 261 2146
373 6733 261 2164
368 6713 261 2147
343 6314 261 2154
345 6198 265 2154
384 6978 256 2159
348 6303 260 2151
400 7144 265 2157
373 6808 265 2165
363 6685 265 2152
364 6567 265 2157
368 6544 266 2175
376 7004 256 2153
372 6968 261 2145
378 7020 265 2151
351 6182 263 2153
401 7529 265 2149
367 6465 265 2157
342 6060 256 2152
369 6666 265 2149
397 7174 256 2152
338 6222 265 2167
360 6636 265 2170
349 6397 270 2139
376 7039 265 2153
368 6826 265 2150
369 6792 265 2167
347 6300 265 2147
343 6282 256 2152
358 6644 261 2146
356 6354 270 2152
357 6683 265 2165
384 6992 265 2162
337 6116 265 2146
348 6401 256 2154
378 6796 265 2165
355 6603 270 2144
376 6521 265 2149
361 6711 272 2166
365 6769 265 2145
349 6297 280 2165
341 6173 265 2153
407 7060 267 2152
365 6716 280 2159
368 6737 256 2152
416 7494 280 2154
390 7077 270 2142
364 6766 265 2154
349 6416 265 2144
347 6160 265 2154
348 6207 280 2147
374 6894 256 2157
397 7385 265 2156
361 6253 260 2148
390 7133 265 2152
373 6781 272 2138
372 6897 267 2152
372 6913 265 2156
367 6821 265 2156
361 6404 256 2157
392 7101 280 2167
340 6102 265 2155
342 6271 261 2144
336 6233 265 2153
370 6805 265 2142
345 6293 265 2156
384 6786 265 2150
372 6848 265 2150
334 6054 267 2150
364 6502 265 2160
366 6729 272 2146
373 6981 256 2167
342 6188 265 2152
339 6217 265 2168
343 6367 256 2152
328 6015 265 2154
409 7247 256 2152
336 6198 276 2150
350 6266 261 2146
347 6442 265 2158
373 6879 265 2158
353 6467 250 2169
352 6204 261 2154
378 6770 256 2154
347 6289 261 2146
342 6311 265 2150
399 7084 261 2145
380 7101 270 2144
349 6426 255 2156
375 7005 261 2166
348 6194 265 2162
352 6448 265 2163
399 7377 280 2153
384 7029 276 2153
340 6323 251 2164
349 6345 265 2169
347 6138 261 2147
357 6526 265 2177
373 6653 265 2151
386 6690 279 2162
349 6364 280 2152
389 7059 265 2144
359 6415 251 2172
402 7235 256 2157
338 6312 272 2150
341 6327 256 2157
343 6083 267 2158
391 7119 256 2153
385 6667 272 2147
352 6433 270 2150
338 6254 256 2152
356 6339 265 2151
379 6920 265 2150
343 6375 261 2155
354 6452 265 2162
347 6202 265 2149
352 6474 256 2162
377 6991 280 2154
334 5973 260 2157
385 7013 265 2168
377 6750 265 2139
379 7028 256 2157
333 6147 265 2150
376 6922 276 2157
355 6578 265 2146
326 6080 265 2154
382 6824 265 2157
348 6395 265 2154
376 6856 265 2150
373 6598 265 2158
336 6180 270 2144
382 7056 265 2139
343 5986 267 2152
369 6709 265 2149
355 6605 265 2152
356 6488 265 2162
358 6622 265 2165
378 7056 265 2154
373 6898 265 2148
391 7289 270 2144
377 7041 265 2149
396 7120 265 2156
391 7152 265 2166
377 7086 267 2155
372 6734 271 2155
347 6364 261 2147
345 6076 265 2150
348 6260 265 2144
369 6396 265 2157
351 6380 280 2168
352 6239 256 2153
347 6409 256 2157
347 6401 265 2145
360 6721 272 2147
357 6460 256 2152
340 6217 280 2165
336 6220 265 2160
335 6250 265 2158
399 7216 275 2150
346 6257 256 2152
354 6589 265 2162
396 7364 265 2149
336 6160 256 2152
353 6270 263 2159
374 6770 271 2159
338 6139 265 2157
359 6250 280 2154
348 6279 256 2157
393 7272 260 2155
343 6347 256 2165
357 6596 267 2152
417 7463 265 2167
351 6263 265 2156
391 7002 279 2164
378 6905 265 2167
371 6676 260 2157
367 6661 265 2155
368 6824 271 2149
347 6327 265 2151
394 7177 265 2158
346 6418 261 2152
333 6092 261 2146
356 6125 256 2155
377 6966 280 2168
366 6653 261 2142
375 6866 265 2156
376 6915 261 2158
354 6470 265 2147
362 6655 260 2157
437 8204 265 2157
398 7414 270 2149
401 7268 275 2145
346 6033 272 2146
350 6183 260 2157
335 6212 281 2139
355 6553 265 2146
370 6837 261 2146
420 7619 276 2145
349 6437 261 2147
394 7310 265 2150
372 6721 265 2170
347 6411 256 2154
356 6546 267 2153
356 6179 265 2150
376 7025 265 2151
346 6312 265 2146
392 6905 265 2156
366 6834 265 2155
338 6254 265 2157
324 5974 265 2149
353 6609 265 2156
357 6477 267 2152
342 6193 265 2165
368 6551 265 2157
360 6394 265 2143
333 6169 276 2153
383 6908 265 2152
344 6300 265 2162
379 6648 265 2157
352 6495 280 2165
369 6731 279 2163
364 6690 256 2157
352 6314 275 2169
364 6410 265 2157
366 6781 256 2152
334 6061 256 2152
355 6535 265 2162
354 6429 265 2145
331 6149 256 2166
386 7014 280 2147
360 6471 265 2165
358 6400 266 2165
383 7113 265 2155
389 7037 257 2162
345 6259 256 2170
361 6689 270 2146
340 6176 265 2145
363 6626 256 2160
350 6151 265 2151
366 6835 265 2146
362 6699 265 2157
378 6874 265 2154
351 6442 265 2155
368 6644 265 2157
338 6193 265 2145
356 6475 260 2157
358 6535 265 2150
358 6557 256 2159
353 6192 265 2160
373 6809 280 2163
355 6542 261 2156
389 7140 270 2142
361 6619 265 2170
347 6223 265 2163
347 6438 256 2172
398 7201 265 2161
