546 12.5888
257 4538 237 2063
265 4488 222 2057
265 4490 222 2052
284 4897 247 2006
269 4501 233 2028
269 4497 233 2031
277 4704 238 2013
266 4499 233 2031
269 4492 233 2033
269 4492 233 2033
269 4515 238 2022
269 4497 233 2031
272 4599 238 2015
269 4515 238 2022
266 4494 233 2033
269 4492 223 2045
269 4506 238 2025
263 4659 228 2049
269 4510 233 2028
265 4493 228 2044
274 4665 227 2017
269 4515 238 2022
270 4537 238 2017
263 4513 234 2053
265 4490 223 2045
269 4501 238 2027
265 4490 222 2052
269 4497 233 2031
269 4515 238 2022
264 4538 238 2031
270 4559 238 2017
265 4489 222 2057
269 4497 233 2031
269 4509 238 2025
269 4497 233 2031
269 4488 233 2033
270 4559 238 2017
270 4537 238 2017
269 4504 238 2027
269 4488 233 2033
272 4600 227 2017
269 4501 233 2028
270 4559 238 2017
265 4526 233 2031
269 4488 233 2033
269 4527 233 2023
272 4599 238 2015
265 4503 228 2045
269 4492 233 2033
258 4633 227 2095
269 4497 228 2037
269 4535 228 2029
269 4514 238 2022
263 4513 229 2060
269 4497 233 2031
269 4492 223 2045
269 4526 233 2023
269 4509 238 2025
270 4537 238 2017
263 4585 237 2043
270 4537 238 2017
269 4504 238 2027
264 4670 228 2044
265 4488 222 2057
269 4497 228 2037
269 4501 238 2027
270 4559 238 2017
265 4618 229 2024
269 4492 233 2033
265 4492 228 2044
269 4515 238 2022
265 4490 222 2057
274 4624 227 2017
266 4511 238 2025
265 4492 228 2044
269 4510 229 2034
274 4624 227 2017
266 4499 233 2031
269 4515 238 2022
263 4513 229 2060
265 4490 222 2052
269 4515 238 2022
272 4599 238 2015
264 4538 238 2031
271 4540 223 2036
269 4506 238 2025
269 4526 233 2023
269 4497 228 2037
269 4501 238 2027
265 4503 228 2045
270 4537 238 2017
266 4575 229 2024
269 4504 238 2027
269 4497 233 2031
263 4658 228 2052
265 4489 222 2057
269 4515 238 2022
268 4543 238 2019
266 4487 228 2044
265 4488 222 2057
270 4537 238 2017
269 4501 238 2027
269 4515 238 2022
265 4516 228 2045
269 4492 233 2033
269 4515 238 2022
270 4539 238 2019
265 4490 222 2057
269 4501 233 2028
266 4494 233 2033
269 4506 238 2025
265 4490 223 2045
269 4509 238 2025
266 4511 238 2025
265 4510 223 2045
269 4497 233 2031
266 4499 228 2037
269 4501 238 2027
266 4575 229 2022
263 4513 234 2053
272 4599 238 2015
270 4537 238 2017
266 4499 233 2031
269 4492 233 2033
265 4489 222 2057
269 4488 233 2033
270 4537 238 2017
264 4629 227 2095
269 4497 233 2031
269 4501 233 2028
269 4515 238 2022
269 4492 233 2033
269 4515 238 2022
266 4557 238 2022
265 4490 222 2057
271 4540 223 2036
269 4515 238 2022
267 4539 238 2022
269 4515 238 2022
266 4499 233 2031
269 4535 228 2029
277 4551 233 2020
269 4552 243 2019
263 4513 229 2060
271 4540 223 2036
269 4515 238 2022
269 4542 233 2023
266 4499 233 2031
269 4501 238 2027
263 4513 229 2060
269 4515 238 2022
269 4492 228 2039
269 4492 223 2045
269 4501 238 2027
269 4527 233 2023
269 4492 233 2033
277 4671 238 2012
267 4530 238 2022
266 4507 233 2036
265 4490 222 2057
266 4575 229 2024
265 4489 222 2057
269 4515 238 2022
269 4501 238 2027
269 4492 233 2033
280 4782 229 2015
270 4559 238 2017
265 4503 228 2045
269 4526 233 2023
263 4658 228 2052
269 4497 228 2037
269 4492 233 2033
269 4515 238 2022
265 4572 238 2026
265 4490 222 2057
265 4490 223 2045
269 4510 229 2034
269 4515 238 2022
269 4509 238 2025
260 4583 242 2050
277 4671 238 2012
269 4515 238 2022
266 4575 229 2022
269 4492 228 2039
269 4492 233 2033
269 4492 233 2033
272 4599 238 2015
265 4516 233 2038
265 4490 222 2057
269 4488 233 2033
269 4515 238 2022
265 4493 228 2044
270 4539 238 2019
266 4557 238 2022
266 4487 228 2044
269 4535 228 2029
269 4515 238 2022
263 4545 237 2048
269 4501 233 2028
265 4490 222 2057
