58 3.82059
345 6323 273 2208
378 6979 288 2162
366 6696 288 2164
352 6309 290 2185
373 6158 296 2267
355 6381 268 2214
436 7961 362 2133
386 6885 259 2223
371 6091 296 2292
345 6323 273 2208
377 6860 273 2211
422 7698 268 2234
379 6269 296 2266
405 6565 296 2270
423 7593 276 2244
391 6468 296 2274
382 6956 288 2171
373 6769 268 2214
376 6931 273 2218
425 6945 296 2273
399 7232 277 2223
370 6164 296 2284
383 6336 296 2273
361 6590 268 2214
414 6712 307 2293
382 6780 288 2178
489 8817 373 2142
375 6853 268 2214
377 6696 268 2214
355 6517 274 2214
423 7565 259 2228
466 8497 357 2140
354 6384 268 2218
381 6750 290 2185
383 6387 296 2282
385 6342 296 2274
393 7160 273 2211
403 6687 307 2293
393 7287 273 2218
479 8707 268 2239
386 7070 288 2174
392 7196 288 2170
396 7293 279 2162
384 6798 288 2187
383 7023 268 2227
352 6314 290 2185
378 6911 273 2208
420 7605 268 2223
368 6093 296 2285
392 7122 273 2208
372 6872 288 2164
402 6679 307 2289
373 6801 274 2214
448 8172 357 2143
372 6737 273 2208
422 7523 268 2228
364 6578 268 2222
402 6726 296 2278
414 7013 296 2277
411 7648 288 2170
453 8217 357 2140
419 7647 273 2221
384 6832 290 2185
382 7036 277 2175
369 6650 274 2222
382 7036 288 2162
396 7352 288 2175
414 6722 307 2281
360 6585 273 2208
398 6539 296 2282
390 7004 268 2224
395 7186 279 2164
371 6715 273 2221
374 6879 273 2210
392 7010 288 2164
455 8200 277 2234
443 8052 259 2223
372 6132 296 2284
369 6790 288 2172
368 6741 273 2210
385 6694 290 2192
422 7676 268 2219
365 6634 274 2214
354 6488 268 2216
401 7303 268 2221
364 6653 273 2218
389 7054 279 2164
380 6943 288 2176
465 8590 362 2133
414 6702 307 2280
436 7948 277 2228
469 8614 357 2143
400 7304 288 2162
459 8304 362 2133
391 7152 288 2164
424 7102 296 2277
366 6705 283 2226
370 6204 296 2288
387 7115 288 2164
447 8076 352 2149
453 8138 352 2147
377 6878 288 2164
371 6626 268 2219
371 6634 290 2190
348 6357 268 2211
473 8571 351 2135
389 7170 288 2164
369 6760 268 2216
358 6496 273 2219
488 9036 373 2137
364 6619 268 2214
388 6920 263 2221
469 8502 362 2133
390 7138 279 2174
377 6602 290 2192
428 7067 296 2275
437 7999 357 2142
459 8317 362 2133
389 7211 288 2162
368 6686 273 2211
404 6694 296 2287
354 6481 268 2214
375 6787 268 2216
394 7195 288 2162
419 7536 268 2234
373 6837 268 2214
437 7886 346 2145
380 6328 296 2274
388 7085 288 2164
373 6852 288 2164
414 7411 259 2223
445 8054 357 2142
375 6892 279 2164
411 6656 296 2271
361 6663 288 2223
383 6351 296 2267
399 7102 268 2223
388 6973 290 2192
446 8118 276 2234
435 7812 276 2234
396 6407 296 2270
412 7398 273 2218
436 7985 362 2135
390 7249 274 2172
403 7396 288 2162
379 6206 307 2295
396 7058 277 2223
370 6737 273 2216
374 6685 290 2190
380 7023 274 2169
413 6722 296 2282
402 7298 273 2228
428 7713 268 2233
397 7303 279 2174
435 7802 277 2228
411 6691 296 2275
460 8432 362 2133
489 8750 362 2133
377 6327 296 2285
395 7190 288 2164
386 7087 268 2214
405 7450 279 2169
436 7986 362 2135
392 7267 279 2162
377 6440 290 2192
345 6278 273 2210
411 6759 296 2271
380 6287 296 2269
413 7425 259 2228
381 6866 268 2214
354 6473 268 2222
402 7288 273 2208
392 7228 273 2208
449 8129 277 2234
397 6623 296 2291
392 7169 279 2164
409 7402 268 2223
368 6848 278 2227
385 6971 268 2214
387 7055 288 2174
350 6378 273 2207
396 6521 296 2267
362 6435 288 2187
437 7971 357 2140
460 8459 357 2142
448 8109 357 2142
372 6144 296 2290
405 7221 259 2223
384 7005 279 2162
395 7057 279 2164
402 7311 274 2217
390 6949 259 2223
436 7958 362 2135
389 7266 279 2172
369 6547 290 2182
387 6678 290 2192
387 7128 288 2167
354 6444 273 2208
413 6810 296 2282
403 6583 296 2288
395 7291 279 2164
396 6637 296 2294
444 7966 268 2223
460 8435 346 2142
443 7927 277 2223
379 6418 307 2289
378 6808 268 2216
368 6568 268 2222
381 6975 268 2225
420 7646 268 2217
392 7216 273 2210
387 6380 296 2296
431 7743 268 2223
354 6484 268 2214
406 7295 268 2228
390 7176 279 2164
385 7092 288 2164
363 6533 273 2212
363 6653 268 2219
376 6200 296 2297
384 6395 296 2281
373 6725 268 2214
379 6956 288 2174
411 6507 296 2292
421 7474 264 2222
384 6976 299 2172
399 7249 273 2218
418 7519 268 2223
362 6617 273 2210
389 7208 279 2164
394 7148 277 2175
354 6508 273 2208
381 6395 296 2278
422 6895 296 2271
366 6718 288 2187
414 6682 307 2294
417 7506 268 2239
454 8301 357 2145
392 6807 290 2192
400 7330 274 2169
397 7267 288 2172
437 7988 362 2135
391 6973 259 2238
461 8366 357 2142
430 7710 276 2234
364 6512 288 2187
370 6749 273 2208
383 7021 290 2185
403 7217 268 2223
373 6865 288 2164
404 7475 273 2218
384 6365 296 2263
414 7479 268 2223
383 6658 290 2194
372 6715 279 2216
415 6933 296 2288
379 7001 288 2172
367 6651 268 2214
454 8322 352 2147
469 8539 259 2233
401 7455 288 2170
386 6445 296 2293
371 6703 273 2213
362 6477 268 2214
393 7186 288 2164
378 6843 273 2211
415 6892 307 2298
373 6719 268 2217
391 6482 296 2286
393 7145 268 2224
419 7665 279 2172
409 7405 279 2162
381 6774 288 2187
383 6904 273 2216
434 7908 357 2143
370 6755 273 2208
376 6760 268 2217
406 6726 296 2289
441 7948 357 2140
441 7977 351 2137
483 8788 362 2135
374 6882 288 2164
386 7134 288 2177
389 7050 268 2219
377 6969 268 2223
384 7054 288 2162
378 6911 288 2164
416 7591 283 2174
403 6578 296 2264
383 7002 288 2164
357 6410 268 2222
353 6485 268 2224
387 6450 307 2286
376 6271 296 2263
366 6606 290 2185
377 6255 296 2268
390 7174 268 2214
381 6949 273 2221
441 7970 268 2228
386 6887 288 2189
381 6321 296 2278
440 8052 357 2140
378 6264 296 2268
359 6517 268 2217
351 6458 268 2222
376 6831 274 2212
447 8143 362 2135
350 6414 273 2210
373 6809 288 2166
387 6628 284 2199
425 6962 307 2281
379 6967 288 2166
392 7007 259 2228
385 7102 268 2221
378 6675 281 2237
404 6712 296 2274
368 6057 296 2287
366 6572 290 2185
444 8101 368 2149
392 6585 296 2271
385 7108 277 2169
394 7115 279 2164
370 6782 288 2164
456 8324 357 2142
397 7105 279 2166
389 6500 296 2275
359 6518 268 2222
406 7460 288 2164
391 7102 268 2225
413 7295 268 2223
366 6619 273 2218
400 7312 288 2164
399 7066 259 2228
493 8911 362 2133
371 6677 273 2208
408 6899 296 2270
363 6657 268 2224
421 6902 296 2271
384 7006 279 2164
376 6894 268 2218
356 6511 268 2222
458 8445 351 2139
382 7034 279 2164
387 7030 273 2208
386 7101 273 2216
376 6236 296 2268
389 7158 277 2167
372 6715 274 2212
402 7045 290 2192
375 6727 290 2190
384 7096 288 2167
389 6396 296 2291
371 6647 268 2224
382 7020 268 2224
403 7272 288 2164
411 6681 296 2296
379 6281 307 2281
369 6531 288 2192
478 8699 351 2135
425 7580 277 2228
432 7826 259 2223
393 7269 288 2164
385 7058 273 2212
400 7348 288 2164
403 6502 296 2270
359 6559 268 2222
371 6092 296 2288
370 6149 296 2275
377 6650 290 2185
356 6481 268 2225
395 7308 288 2162
370 6687 290 2185
398 6957 259 2223
386 7067 279 2164
411 6796 296 2292
373 6761 273 2221
403 6766 296 2283
402 7235 268 2223
394 7099 279 2174
345 6328 268 2222
453 8256 362 2135
376 6513 284 2199
393 7245 279 2164
421 7493 259 2223
383 6361 296 2271
354 6441 268 2214
394 7081 276 2234
360 6594 268 2214
397 7084 268 2223
391 7105 288 2164
358 6589 273 2210
357 6460 268 2217
419 7421 259 2223
486 8880 351 2137
442 8029 351 2135
383 6357 296 2270
364 6542 268 2222
369 6736 268 2216
380 6280 296 2267
400 7264 273 2208
395 7245 279 2164
403 7156 268 2228
373 6717 290 2182
396 7346 288 2162
372 6769 268 2217
399 7126 259 2228
378 6835 273 2211
372 6544 290 2192
412 7437 276 2234
381 6876 268 2214
476 8802 351 2135
418 7473 264 2221
405 7438 279 2164
392 7202 288 2164
369 6694 273 2208
367 6731 273 2208
354 6490 273 2218
450 8203 357 2140
433 7767 268 2239
378 6272 296 2282
444 8012 357 2140
450 8190 362 2135
412 7461 273 2228
380 6901 288 2164
457 8344 357 2140
355 6437 273 2221
369 6742 273 2208
372 6602 290 2185
460 8390 362 2133
363 6539 290 2185
393 6888 290 2192
484 8827 346 2142
397 7283 279 2180
415 7637 268 2219
379 6881 283 2226
389 7196 288 2162
444 8082 362 2136
391 7154 295 2179
365 6638 268 2219
378 6733 288 2184
448 8024 346 2142
381 6349 296 2276
435 7786 268 2223
387 6391 307 2282
407 6703 307 2278
390 7143 279 2164
360 6509 268 2224
377 6852 268 2217
403 7316 288 2162
354 6454 273 2210
448 8045 346 2145
372 6849 288 2174
412 7181 290 2189
402 7279 274 2212
394 7202 288 2164
366 6637 268 2216
434 7876 259 2223
358 6540 268 2222
386 7162 273 2229
367 6525 290 2192
361 6642 273 2216
413 7358 259 2223
374 6833 288 2164
397 7268 268 2214
449 8175 362 2139
381 6330 296 2281
394 7182 279 2162
383 6967 288 2172
387 6446 296 2271
437 7962 357 2143
467 8336 362 2133
399 6554 296 2276
390 6908 290 2176
354 6354 268 2221
403 7354 288 2162
391 7151 274 2169
412 6876 296 2273
388 7081 288 2164
376 6877 288 2164
387 7137 268 2225
