20 9.34807
460 8189 254 2189
457 8228 254 2189
439 7933 243 2242
439 7933 243 2242
413 7247 268 2143
411 7516 294 2156
386 6747 271 2202
380 6943 261 2197
389 6964 250 2217
389 7147 275 2172
429 7563 257 2184
440 7715 243 2239
395 7293 290 2168
408 7321 285 2162
441 7919 246 2194
427 7766 259 2186
422 7684 265 2164
401 6839 268 2203
410 7472 278 2168
439 7743 255 2168
451 8198 254 2193
460 8189 254 2189
400 7433 285 2166
404 7414 254 2201
390 6866 260 2197
417 7508 246 2196
422 7383 260 2195
401 7371 270 2194
411 7606 261 2191
417 7436 260 2184
410 7499 270 2189
411 7606 261 2191
500 9020 293 2150
440 7953 243 2242
394 6820 285 2292
390 7059 316 2264
387 7075 306 2301
387 7065 297 2308
492 8976 246 2232
477 8436 256 2193
459 8155 243 2241
390 7059 316 2264
437 7998 290 2158
473 8321 276 2175
390 6840 285 2292
459 8356 274 2163
437 7911 246 2237
421 6968 265 2202
387 7075 306 2301
407 7266 276 2179
411 7651 281 2175
489 8995 275 2161
440 7953 243 2242
416 7375 253 2221
399 7106 271 2203
419 7616 249 2201
391 6897 261 2212
404 7435 270 2197
393 6999 260 2222
414 7694 285 2165
426 7555 260 2186
431 7512 256 2204
424 7742 270 2193
430 7693 255 2197
417 7691 275 2188
406 7207 260 2208
391 7041 271 2210
404 7354 270 2200
414 7314 256 2247
409 7329 259 2258
409 7329 259 2258
394 6820 285 2292
426 7488 260 2191
416 7620 270 2196
410 7489 285 2171
425 7554 260 2193
414 7314 256 2247
412 7371 256 2252
412 7371 256 2252
424 7742 270 2193
391 6897 261 2212
397 7055 260 2211
397 7055 260 2211
406 7227 260 2206
409 7329 259 2258
390 6840 285 2292
410 7489 285 2171
414 7413 260 2201
394 6820 285 2292
406 7227 260 2206
406 7207 260 2208
412 7371 256 2252
404 7354 270 2200
406 7227 260 2206
394 6820 285 2292
390 7059 316 2264
414 7314 256 2247
390 7059 316 2264
387 7075 306 2301
387 7075 306 2301
387 7075 306 2301
515 9206 257 2197
500 9128 293 2150
452 8029 249 2229
414 7289 318 2182
394 6846 285 2292
388 7087 306 2301
452 8206 293 2164
483 8607 276 2169
476 8811 284 2165
512 8974 275 2184
500 9128 293 2150
446 7510 258 2242
410 7512 296 2205
419 7596 256 2262
406 7327 277 2209
391 6911 261 2218
414 7474 270 2197
392 6900 285 2289
419 7596 256 2262
451 8083 274 2186
435 7494 262 2214
434 7489 286 2190
426 7482 254 2290
435 7753 250 2214
417 7625 276 2180
413 7549 285 2171
399 7107 271 2213
432 8003 252 2203
432 7905 270 2193
434 7726 250 2231
402 7161 260 2230
412 7275 271 2206
441 7929 257 2210
416 7690 281 2194
416 7690 281 2194
441 7929 257 2210
397 7133 260 2237
434 7655 260 2191
449 8169 258 2201
449 8169 258 2201
397 7133 260 2237
424 7685 270 2196
392 6900 285 2289
414 7524 261 2206
414 7474 270 2197
402 7161 260 2230
432 7905 270 2193
424 7685 270 2196
500 9128 293 2150
500 9128 293 2150
518 9470 293 2150
464 8222 250 2226
396 6874 306 2302
392 6914 307 2272
391 7289 278 2219
506 9258 293 2155
496 8981 284 2173
479 8798 286 2182
467 8476 252 2210
492 8909 284 2176
426 7283 263 2255
396 6874 306 2302
456 8301 289 2180
409 7360 260 2247
394 6878 285 2292
392 7027 266 2252
403 7181 271 2222
411 7381 294 2212
452 7839 281 2184
460 8412 307 2179
479 8158 251 2220
436 7865 255 2275
425 7556 262 2217
393 7076 278 2224
405 7393 298 2218
421 7462 271 2206
437 7714 264 2204
427 7749 281 2195
439 7835 256 2235
463 8528 255 2230
421 7726 290 2180
450 8047 270 2191
392 6914 307 2272
449 8195 260 2211
439 7835 256 2235
436 8087 261 2191
429 7575 275 2200
446 7924 250 2231
437 7761 261 2198
398 6985 273 2235
405 7393 298 2218
398 6922 285 2281
449 8154 256 2229
446 7924 250 2231
429 7575 275 2200
463 8528 255 2230
405 7463 270 2218
421 7596 275 2202
413 7315 261 2218
398 6922 285 2281
398 6985 273 2235
450 8047 270 2191
404 7289 261 2234
413 7315 261 2218
391 7289 278 2219
396 6874 306 2302
528 9766 293 2150
455 8094 250 2232
450 8255 312 2183
395 6912 285 2292
394 7089 300 2346
392 7166 306 2299
496 8989 284 2173
491 9187 256 2219
407 6964 285 2287
419 7166 287 2230
444 8352 261 2191
426 7798 281 2216
496 8989 284 2173
395 7423 286 2257
470 8672 257 2214
467 7967 254 2334
458 8625 303 2187
454 8181 258 2240
449 7986 256 2258
429 7641 271 2206
408 7271 281 2303
438 7870 270 2202
395 7063 271 2306
474 8192 265 2209
467 7967 254 2334
447 8047 307 2186
419 7392 269 2240
438 7573 262 2219
429 7641 271 2206
463 8349 281 2185
461 7982 296 2185
445 8098 264 2210
419 7827 302 2223
394 7089 300 2346
428 7768 307 2191
420 7475 265 2230
450 8255 312 2183
427 7498 267 2220
484 8233 281 2184
458 8211 267 2207
427 7415 295 2219
484 8233 281 2184
444 7827 262 2214
393 7070 306 2294
393 7070 306 2294
444 7827 262 2214
525 8980 288 2192
514 9407 270 2193
497 9067 284 2173
467 8298 251 2245
414 6968 285 2295
399 7077 323 2315
398 7134 309 2354
395 7136 309 2351
426 7424 294 2261
442 7799 312 2191
454 8567 262 2200
474 8533 261 2202
458 8136 257 2245
472 8197 300 2199
491 8423 269 2203
454 7863 267 2281
407 7003 285 2292
420 7672 278 2252
450 8038 271 2209
463 8124 252 2260
414 6968 285 2295
460 8414 307 2186
425 7491 269 2283
427 7451 296 2230
446 7895 266 2223
449 8253 265 2232
439 8136 281 2210
434 7659 270 2221
430 7622 272 2222
463 8444 276 2196
428 7744 277 2252
444 8476 264 2194
461 8231 269 2212
460 8414 307 2186
430 7775 307 2193
442 7886 272 2209
554 9342 256 2276
529 9332 267 2196
520 8947 251 2282
480 8211 254 2333
407 7223 306 2305
419 7264 289 2297
430 7585 296 2249
434 7725 278 2237
449 7936 279 2225
532 9282 266 2207
469 8543 305 2211
483 8698 259 2249
453 8128 276 2215
512 9015 265 2220
408 7409 306 2301
448 8137 273 2222
475 8393 262 2271
472 8450 257 2256
480 8561 292 2203
475 8542 269 2218
494 8376 257 2288
506 8596 252 2289
500 8467 278 2197
483 8363 251 2290
485 8593 263 2224
452 7925 266 2225
593 10171 264 2240
546 9779 292 2204
539 9483 263 2251
469 8489 267 2304
458 8400 328 2219
450 7731 283 2292
435 7823 311 2248
507 9336 271 2230
546 9886 286 2213
482 8863 264 2281
438 7937 308 2258
449 8268 277 2270
540 9014 269 2232
460 8183 304 2226
452 8240 287 2225
443 7797 278 2282
468 8337 273 2227
464 8093 280 2226
439 7755 285 2241
462 8152 268 2248
561 9838 265 2258
503 9003 267 2332
486 8583 293 2227
442 7770 286 2284
440 8046 286 2248
548 9175 276 2235
450 8128 279 2303
492 8431 284 2237
507 8563 281 2261
487 8825 272 2271
469 8626 277 2284
479 8858 271 2283
483 8217 279 2280
478 8549 280 2263
490 8758 279 2231
473 8621 280 2230
489 8557 281 2262
521 9419 282 2269
512 9557 276 2299
511 9023 344 2232
459 8434 287 2311
456 7987 307 2294
453 8089 295 2270
502 8856 280 2275
489 8730 285 2249
476 8376 292 2255
486 8302 299 2265
507 8971 285 2264
497 8655 292 2282
472 8715 244 2203
432 7853 247 2118
385 6644 288 2289
384 6780 288 2311
380 6911 288 2311
436 7548 248 2192
404 6884 284 2240
414 7272 270 2147
423 7096 286 2140
402 6993 275 2147
392 7015 258 2276
392 7059 264 2175
406 7088 249 2196
419 7313 254 2126
413 7415 245 2233
399 6930 263 2283
381 6890 272 2216
386 7089 264 2234
419 7331 256 2121
395 7031 259 2222
419 7054 260 2193
386 6887 288 2230
504 9127 248 2177
501 9144 251 2183
499 9078 247 2236
439 8155 306 2122
412 7303 315 2221
398 7141 267 2365
396 6749 288 2289
384 6797 288 2311
471 8670 301 2127
478 8325 254 2165
440 8135 305 2124
437 8166 306 2126
399 7183 294 2232
450 7669 248 2192
406 7137 277 2348
454 7557 255 2149
465 7608 248 2192
402 7215 271 2267
401 7112 315 2230
440 7317 286 2150
393 7017 288 2289
421 7597 262 2137
413 7404 272 2211
427 7499 270 2130
450 7669 248 2192
408 7366 262 2250
397 6999 288 2284
407 7599 289 2208
432 7410 254 2235
454 7432 257 2135
403 7303 266 2297
423 7420 269 2178
409 7608 253 2227
406 7137 277 2348
407 7220 266 2252
389 6969 282 2303
439 7269 283 2172
409 7526 258 2206
398 7247 267 2353
388 6838 288 2306
452 7490 262 2192
403 7475 281 2236
424 7642 254 2220
415 7423 272 2169
389 6969 282 2303
440 7576 248 2201
418 7278 267 2236
401 7112 315 2230
388 6838 288 2306
398 7141 267 2365
398 7141 267 2365
415 7255 284 2205
420 7387 282 2217
406 7137 277 2348
420 7387 282 2217
403 7303 266 2297
408 7366 262 2250
415 7255 284 2205
411 7372 282 2223
409 7526 258 2206
411 7372 282 2223
418 7278 267 2236
403 7303 266 2297
412 7303 315 2221
403 7475 281 2236
418 7278 267 2236
398 7141 267 2365
412 7303 315 2221
409 7526 258 2206
398 7141 267 2365
420 7387 282 2217
403 7303 266 2297
398 7141 267 2365
502 9265 301 2127
499 9146 247 2241
440 8219 306 2126
411 7259 335 2254
398 7180 267 2365
384 6816 288 2311
477 8879 255 2182
479 8362 270 2160
441 7513 314 2190
484 8612 305 2128
432 8066 306 2140
406 7076 288 2306
499 9146 247 2241
483 8965 260 2179
411 7549 293 2254
409 7299 282 2322
484 8612 305 2128
469 8236 262 2173
448 7429 276 2263
430 7527 309 2196
437 7569 258 2226
407 7194 284 2337
440 8033 248 2215
463 8315 258 2191
408 7448 289 2288
407 7261 276 2353
426 7874 275 2184
404 7323 278 2300
449 8184 258 2207
413 7177 288 2294
429 7352 267 2274
436 7524 273 2134
459 7552 266 2246
445 7964 263 2174
465 8024 267 2169
465 7947 272 2165
452 8044 266 2168
441 7513 314 2190
417 7327 277 2306
443 7779 264 2179
439 7696 271 2186
428 7551 271 2333
459 7552 266 2246
424 7652 254 2231
432 7470 285 2200
419 7602 273 2234
480 8043 248 2192
424 7468 272 2326
423 7653 254 2236
451 7638 272 2173
429 7553 262 2360
423 7739 263 2198
404 7323 278 2300
417 7454 288 2214
424 7433 284 2208
414 7491 291 2236
429 7791 262 2177
431 7597 291 2185
419 7258 290 2242
426 7482 276 2198
405 7233 288 2306
420 7359 288 2230
424 7622 278 2161
443 7289 285 2176
429 7791 262 2177
420 7359 288 2230
420 7359 288 2230
414 7491 291 2236
443 7289 285 2176
499 9146 247 2241
424 7652 254 2231
419 7258 290 2242
432 7470 285 2200
420 7674 258 2208
420 7674 258 2208
499 9146 247 2241
499 9146 247 2241
459 7552 266 2246
420 7359 288 2230
546 9490 273 2152
532 9783 260 2179
506 9188 247 2241
489 8712 305 2128
419 7686 322 2222
406 7273 267 2365
397 7040 288 2311
507 9159 247 2241
444 7618 267 2275
529 9449 270 2163
425 7730 268 2325
491 8911 262 2177
422 7487 315 2218
420 7417 303 2247
419 7686 322 2222
432 7710 257 2254
467 8427 272 2175
532 9783 260 2179
546 9490 273 2152
435 7799 254 2232
444 7569 299 2198
471 8161 275 2166
502 9171 254 2212
483 8907 255 2182
431 7463 311 2224
453 7886 295 2146
460 8055 295 2137
457 8022 265 2200
485 8601 257 2221
456 8240 263 2176
461 7779 288 2144
430 7715 285 2194
477 8221 267 2174
484 8655 305 2133
486 8721 261 2210
426 7577 277 2321
485 8775 271 2171
449 7611 283 2164
436 7864 272 2226
447 7883 276 2150
421 7483 312 2224
427 7538 278 2226
441 7993 267 2183
460 7915 271 2184
448 8202 263 2190
529 9449 270 2163
430 7483 281 2204
454 7752 273 2190
484 8655 305 2133
461 7779 288 2144
425 7635 281 2232
419 7826 305 2229
453 7976 267 2202
505 8629 272 2165
529 9449 270 2163
448 7730 282 2171
489 8712 305 2128
470 8069 272 2170
470 8069 272 2170
427 7538 278 2226
430 7483 281 2204
464 7902 267 2182
464 7902 267 2182
453 7886 295 2146
484 8612 305 2135
433 7599 281 2203
505 8629 272 2165
484 8612 305 2135
506 9188 247 2241
433 7599 281 2203
433 7599 281 2203
430 7483 281 2204
532 9829 260 2179
526 9377 305 2133
511 9284 247 2241
426 7500 320 2264
419 7101 303 2348
406 7104 288 2337
520 8611 287 2163
451 7567 279 2309
497 8792 254 2250
503 8770 305 2146
511 9284 247 2241
460 8282 264 2236
488 9099 255 2182
474 8477 272 2178
427 7743 315 2227
439 8061 312 2194
428 7588 297 2291
449 7855 289 2198
496 8422 267 2175
431 7888 280 2255
461 7945 276 2213
480 8753 266 2181
465 8308 263 2193
495 9002 312 2139
443 7816 300 2200
429 7701 288 2295
436 7673 303 2209
440 7593 284 2210
483 8150 272 2178
447 7887 256 2247
435 7580 279 2273
513 9006 266 2177
491 8968 264 2184
436 7525 301 2223
432 7734 274 2280
441 8040 262 2242
526 9377 305 2133
465 7974 285 2198
451 8014 276 2167
445 7766 271 2291
432 7721 300 2287
448 8162 270 2188
448 7977 278 2165
447 8306 274 2186
448 8162 270 2188
450 7757 302 2164
444 8011 263 2249
491 8968 264 2184
513 9006 266 2177
522 9256 316 2164
501 9258 255 2182
443 7762 288 2309
443 7678 302 2220
488 8598 258 2272
485 8475 266 2255
503 8439 264 2199
498 8900 289 2167
461 8164 270 2278
450 8322 274 2210
460 7980 278 2186
496 9087 273 2186
476 8367 279 2180
454 8097 277 2226
454 7728 288 2296
470 8469 262 2259
470 8098 283 2180
502 8794 271 2175
455 8132 286 2183
498 8755 272 2224
527 9549 288 2181
510 9372 255 2182
461 8501 330 2263
456 8116 283 2334
448 7884 299 2323
488 8685 274 2224
465 8062 307 2250
498 9162 329 2195
454 8291 293 2291
508 8530 264 2207
475 8434 304 2216
472 8107 283 2293
514 9047 307 2196
524 9062 286 2203
465 8148 278 2221
501 8813 283 2220
498 8766 291 2211
473 8080 306 2262
501 8517 298 2209
559 9494 293 2220
528 9732 255 2182
483 8891 278 2292
474 8246 305 2237
468 8346 284 2227
545 9435 268 2251
521 9538 263 2189
487 8928 278 2267
506 9170 298 2212
516 9420 272 2226
477 8293 300 2269
504 9171 296 2223
528 9747 255 2182
491 8666 303 2301
475 8352 340 2244
510 8784 295 2241
496 8877 302 2242
485 8535 320 2259
478 8590 326 2277
496 8698 285 2243
475 8381 324 2299
488 8842 288 2274
558 10283 260 2196
512 8991 293 2273
493 9092 296 2298
492 9122 349 2277
540 9966 295 2244
507 9285 294 2245
522 9098 288 2263
539 9184 313 2328
477 8217 262 2183
450 8541 274 2163
449 7933 235 2249
442 8095 290 2145
385 6892 342 2228
375 6753 256 2303
464 8446 241 2225
435 7362 312 2159
452 7938 336 2146
395 7003 322 2244
389 6860 284 2279
431 7636 247 2221
424 7251 295 2180
431 7733 244 2234
446 7411 302 2165
414 7317 266 2190
420 7532 290 2178
447 7963 266 2176
386 7119 287 2253
397 6972 332 2242
395 7022 257 2203
433 7597 293 2151
427 7713 262 2194
399 6967 304 2183
406 7261 292 2197
393 6895 332 2247
398 6808 268 2273
386 7112 298 2257
446 7931 255 2193
410 7080 269 2196
395 7039 248 2200
413 7599 274 2170
403 7489 274 2179
448 7835 271 2183
430 7870 247 2224
387 6956 278 2261
398 6837 273 2268
390 7060 243 2242
400 6765 256 2201
387 6863 284 2279
395 6949 257 2261
389 6895 277 2265
389 6895 277 2265
395 6949 257 2261
387 6863 284 2279
389 6860 284 2279
389 6860 284 2279
516 9032 270 2181
493 9072 272 2177
458 7895 302 2161
449 7942 235 2249
423 7581 247 2320
398 6830 268 2273
395 7018 332 2247
393 6927 284 2279
499 8510 244 2229
488 8864 263 2191
439 7518 316 2172
423 7581 247 2320
507 8868 273 2179
463 8400 266 2185
453 8353 247 2226
446 7598 312 2166
447 8126 248 2200
428 7962 258 2200
403 7064 248 2215
395 7018 332 2247
396 7034 294 2250
462 8497 256 2196
393 7216 287 2261
463 8217 275 2173
454 7827 307 2176
419 7410 266 2193
405 6946 260 2269
412 7165 248 2209
435 7727 277 2186
398 6830 268 2273
430 7815 281 2180
407 7358 262 2202
412 7257 265 2202
406 7312 281 2201
395 7136 292 2250
416 7220 287 2207
462 8173 272 2189
395 7059 298 2263
435 7810 311 2182
404 7144 309 2193
393 6927 284 2279
449 7781 285 2181
423 7622 311 2192
418 7666 287 2196
395 7059 298 2263
398 6830 268 2273
436 7700 260 2201
463 8400 266 2185
462 8173 272 2189
416 7220 287 2207
447 7663 307 2181
429 7764 262 2195
423 7622 311 2192
429 7764 262 2195
436 7700 260 2201
407 7358 262 2202
449 7781 285 2181
395 7136 292 2250
398 6830 268 2273
449 7821 272 2190
447 7663 307 2181
423 7581 247 2320
423 7581 247 2320
423 7581 247 2320
416 7220 287 2207
395 7059 298 2263
531 9324 270 2181
522 9061 241 2249
469 8244 302 2163
409 7436 259 2326
406 7308 341 2240
393 6983 293 2280
393 6983 293 2280
511 8902 272 2186
395 7020 332 2247
486 8686 260 2202
411 7591 250 2318
482 8833 289 2176
446 7949 336 2173
470 8533 277 2185
455 8447 285 2183
467 8288 246 2279
423 7261 315 2210
463 8088 272 2195
417 7232 256 2227
465 8465 266 2187
438 7784 282 2191
442 7711 248 2239
454 7908 312 2171
486 8686 260 2202
430 7292 251 2211
436 7853 247 2320
441 8102 248 2215
431 7626 311 2197
435 7255 271 2221
421 7547 276 2214
408 7136 268 2278
431 7837 273 2199
413 7378 272 2262
402 7288 292 2256
444 7552 271 2210
439 7897 260 2204
427 7395 250 2250
414 7306 268 2251
420 7578 267 2203
454 7794 307 2184
400 7341 290 2272
451 7798 311 2181
452 7931 279 2196
454 7805 307 2181
425 7481 280 2219
425 7481 280 2219
413 7075 268 2278
412 7585 286 2232
423 7261 315 2210
400 7341 290 2272
452 7424 289 2196
412 7585 286 2232
408 7292 274 2270
415 7161 258 2272
404 7286 287 2249
417 7549 257 2217
403 7196 287 2260
406 7267 287 2257
441 7796 272 2198
403 7196 287 2260
415 7161 258 2272
406 7267 287 2257
408 7292 274 2270
417 7583 250 2232
408 7292 274 2270
411 7591 250 2318
400 7341 290 2272
400 7341 290 2272
510 8933 279 2186
507 9202 266 2196
480 8333 302 2163
446 7931 357 2195
444 8129 247 2320
413 7201 292 2435
406 7508 292 2255
459 7353 344 2251
417 7507 263 2331
432 7529 315 2225
484 8930 271 2190
499 8758 252 2232
496 8691 272 2199
507 9041 260 2206
471 8570 256 2211
446 7947 306 2203
408 7247 284 2290
430 7448 268 2273
431 7612 296 2210
470 8341 282 2195
452 7908 248 2266
416 7341 277 2277
408 7247 284 2290
448 7794 261 2217
413 7492 289 2249
418 7486 256 2311
484 8469 279 2188
444 8161 262 2206
427 7672 260 2236
438 7637 252 2249
406 7494 300 2264
463 8379 277 2199
412 7449 274 2284
483 8218 254 2218
420 7751 273 2211
483 8528 279 2195
455 7587 251 2257
436 7840 257 2240
457 7920 253 2246
459 8109 272 2201
447 7583 254 2262
437 7838 254 2219
455 7896 274 2205
446 7794 258 2247
434 7910 255 2224
462 8044 252 2234
461 7855 278 2199
434 7638 276 2211
463 8379 277 2199
424 7473 259 2251
417 7711 252 2318
433 7713 278 2218
422 7900 252 2314
462 8044 252 2234
424 7902 250 2318
413 7206 279 2278
418 7502 257 2286
428 7854 250 2313
419 7586 253 2254
482 8202 249 2251
429 7940 262 2235
482 8202 249 2251
460 8351 250 2251
423 7455 262 2246
446 7934 263 2211
500 8258 248 2268
487 8475 302 2163
479 8610 282 2204
446 8227 247 2320
444 7461 266 2360
431 7907 337 2215
418 7576 263 2298
433 7813 322 2236
487 8475 302 2163
468 8239 286 2203
419 7509 260 2320
450 8381 279 2217
427 7634 286 2287
497 8534 270 2221
428 7745 254 2315
421 7660 261 2256
443 7980 258 2269
472 8566 269 2213
433 7676 294 2253
452 8042 270 2223
482 8196 252 2240
432 8147 286 2215
461 8223 252 2251
443 7801 278 2228
439 7568 266 2266
477 7983 259 2235
431 7826 272 2240
464 8185 253 2318
439 8165 254 2223
451 8033 296 2226
497 8588 283 2208
451 8090 265 2238
435 7497 273 2254
444 8216 298 2214
428 7813 278 2248
478 8577 275 2210
443 8078 274 2218
499 8239 249 2254
434 7670 259 2252
499 8239 249 2254
500 8258 248 2268
539 9619 321 2169
529 9643 348 2167
472 8627 254 2277
435 7503 281 2346
419 7805 262 2324
491 8957 336 2176
514 8855 303 2196
488 8960 280 2220
482 8468 308 2219
437 8083 262 2315
435 7674 268 2301
459 8176 267 2280
474 8669 295 2220
445 7949 288 2228
449 8303 287 2242
481 8046 274 2252
467 8191 268 2257
445 7540 277 2256
460 8267 271 2235
478 8534 302 2205
498 8870 284 2213
459 7851 281 2246
453 8287 255 2323
501 8814 282 2213
451 8116 270 2271
484 8616 256 2246
435 7686 278 2264
499 8933 260 2223
479 8760 283 2224
493 8948 287 2209
508 8514 262 2256
476 8249 277 2231
506 8850 278 2229
485 8622 288 2203
474 8629 260 2265
475 8533 270 2243
451 8228 273 2265
451 8209 287 2225
478 8216 268 2256
553 9468 263 2243
515 9376 336 2176
511 9060 354 2209
488 8702 256 2307
448 7640 281 2272
439 8113 277 2315
529 9166 339 2189
511 9116 317 2230
501 9171 294 2203
466 8302 279 2239
440 7926 284 2279
489 8441 268 2271
445 7692 282 2258
508 8657 275 2240
495 8670 257 2279
497 9310 275 2241
539 9483 288 2241
530 9495 258 2303
526 9483 336 2200
486 8661 281 2318
450 7924 291 2266
467 8398 309 2244
457 8002 283 2281
503 8900 323 2242
504 9187 270 2290
497 8781 289 2245
510 8801 270 2297
539 9458 266 2306
478 8673 279 2311
506 8616 279 2243
498 8852 263 2308
547 9725 265 2326
517 9115 330 2254
468 8419 284 2324
461 8670 300 2285
489 8540 320 2288
498 8814 305 2256
499 8571 291 2329
516 9342 267 2144
467 8310 231 2149
419 6818 272 2294
392 7230 281 2141
370 6562 288 2218
408 7313 245 2234
462 8183 232 2146
385 7279 281 2274
395 7081 260 2183
424 7758 241 2159
435 7487 233 2175
435 7910 242 2148
428 7641 242 2203
423 7355 250 2163
413 7395 248 2227
427 7182 286 2173
455 7847 256 2158
421 7300 254 2207
385 7279 281 2274
404 7131 260 2177
420 7518 274 2171
440 7868 255 2158
392 7061 270 2262
397 7250 266 2174
405 7468 255 2249
415 7482 257 2203
429 7724 266 2145
390 7472 280 2226
393 7420 275 2250
390 7472 280 2226
429 7329 268 2159
396 7101 255 2262
427 7583 266 2162
455 7847 256 2158
418 7464 255 2204
401 7320 256 2207
393 7420 275 2250
393 7112 275 2258
409 7479 280 2146
393 7112 275 2258
397 7250 266 2174
393 7420 275 2250
404 7131 260 2177
392 7061 270 2262
396 7101 255 2262
405 7468 255 2249
396 7101 255 2262
401 7320 256 2207
390 7472 280 2226
396 7101 255 2262
392 7061 270 2262
393 7112 275 2258
405 7468 255 2249
392 7061 270 2262
548 10244 267 2144
470 8405 238 2191
457 8193 281 2144
392 7076 283 2389
372 6576 315 2337
370 6610 301 2302
516 9342 267 2147
384 6584 301 2350
398 7249 255 2262
374 6698 288 2223
382 6810 288 2218
454 7936 272 2150
395 7184 269 2235
447 7997 242 2148
407 7474 281 2150
426 7411 263 2240
419 7545 255 2207
457 7937 256 2160
432 7671 248 2224
410 7348 255 2250
429 7217 286 2173
435 7888 241 2161
437 7834 242 2201
433 7834 246 2241
425 7541 251 2201
422 7666 266 2176
444 7710 256 2167
409 7088 267 2187
398 7106 266 2187
403 7316 264 2223
424 7551 250 2173
437 7814 268 2152
444 7710 256 2167
423 7581 256 2174
427 7936 246 2165
410 7348 255 2250
434 7858 256 2172
437 7814 268 2152
403 7316 264 2223
447 7511 256 2178
420 7467 256 2239
433 7834 246 2241
447 7511 256 2178
457 7937 256 2160
403 7316 264 2223
425 7541 251 2201
420 7467 256 2239
447 7511 256 2178
433 7834 246 2241
410 7348 255 2250
519 9423 267 2147
517 9425 267 2149
485 8710 238 2191
408 7058 328 2274
396 7029 290 2350
374 6610 310 2349
512 9285 260 2154
421 7471 259 2255
407 7170 292 2304
459 8626 278 2150
467 8143 262 2159
393 7027 320 2326
395 6898 320 2334
396 7289 269 2243
469 8515 267 2151
399 7253 272 2202
414 7613 281 2174
485 8710 238 2191
412 7070 312 2276
380 6751 310 2336
393 6892 301 2343
429 7869 256 2235
399 6889 297 2286
477 8447 274 2149
407 6983 312 2282
396 6797 308 2297
431 7871 255 2206
439 8028 248 2218
440 7978 241 2161
430 8091 276 2173
396 6797 308 2297
426 7939 265 2186
418 6962 292 2287
385 6644 301 2350
450 7943 262 2163
458 7175 274 2284
385 6644 301 2350
421 7651 270 2194
417 7539 295 2177
430 7725 294 2167
382 6766 300 2349
440 7909 246 2173
415 7007 322 2266
415 7007 322 2266
418 6929 327 2284
435 7536 286 2152
425 7856 258 2228
519 9423 267 2147
423 7813 286 2169
416 7244 290 2247
459 8268 262 2152
436 7861 251 2183
423 7788 265 2222
477 8447 274 2149
424 7644 260 2226
452 7834 256 2177
459 7965 249 2162
408 7032 323 2279
419 6936 327 2278
433 7759 253 2228
423 7767 300 2170
477 8447 274 2149
444 7722 253 2181
432 7779 267 2206
437 7622 258 2174
423 7816 255 2247
444 7722 253 2181
459 8268 262 2152
384 6723 301 2350
412 7070 312 2276
444 7722 253 2181
440 7978 241 2161
517 9425 267 2149
408 7026 328 2276
396 6797 308 2297
439 8028 248 2218
454 7847 255 2174
434 8032 295 2161
435 7813 255 2197
434 8032 295 2161
408 7032 323 2279
450 7943 262 2163
440 7909 246 2173
435 7813 255 2197
433 7921 252 2228
433 7796 265 2184
421 7853 255 2246
408 7058 328 2274
432 7784 256 2196
454 7847 255 2174
421 7853 255 2246
384 6723 301 2350
433 7921 252 2228
439 8028 248 2218
432 7784 256 2196
435 7536 286 2152
423 7816 255 2247
517 9425 267 2149
440 7978 241 2161
384 6723 301 2350
477 8533 262 2156
477 8471 274 2149
466 8708 262 2159
465 8426 246 2163
405 7002 323 2286
383 6790 301 2350
374 6613 310 2349
374 6613 310 2349
421 7356 271 2250
396 6839 308 2297
408 7115 318 2288
408 7436 290 2214
430 7932 295 2167
424 7408 312 2223
391 6904 310 2342
448 8219 276 2167
443 7835 268 2258
444 8134 248 2201
471 8284 246 2178
405 6919 306 2292
385 6751 310 2343
454 8108 255 2186
403 7611 270 2256
450 7784 253 2193
477 8039 266 2189
423 7601 275 2210
448 8327 249 2176
449 7858 314 2207
454 7744 270 2176
457 7917 259 2191
441 7942 252 2191
441 8007 270 2175
477 8471 274 2149
466 8071 252 2161
458 7873 252 2190
391 6904 310 2342
457 8056 246 2252
458 7873 252 2190
521 8862 249 2194
510 9008 248 2188
503 9176 277 2158
480 8604 291 2151
387 6796 301 2350
377 6637 310 2349
415 7187 306 2339
435 7504 303 2312
398 6852 308 2297
433 7882 299 2227
424 7687 281 2301
434 7770 288 2250
438 7140 308 2292
457 7544 281 2274
453 7979 270 2205
440 8113 295 2179
492 8348 252 2164
451 7883 280 2252
471 8672 259 2170
469 7541 283 2278
445 8029 266 2200
470 8562 257 2172
477 8053 275 2185
485 7912 286 2198
476 8730 250 2202
466 8160 252 2193
488 8571 248 2212
477 8441 300 2169
387 6796 301 2350
463 7936 254 2197
490 8933 276 2159
447 8362 254 2219
478 8008 278 2179
441 8141 284 2179
506 8935 250 2196
458 8389 259 2182
470 8202 250 2223
475 8084 266 2196
458 7887 269 2201
473 8283 254 2170
451 7886 258 2217
461 8353 258 2198
445 8092 300 2171
489 8939 299 2174
482 8698 308 2164
482 8493 255 2182
403 6848 301 2356
399 6873 320 2340
387 6643 310 2349
414 7089 313 2305
447 7549 310 2318
425 7518 306 2344
419 7407 310 2335
471 7845 304 2250
487 8738 279 2175
457 8016 261 2266
448 7852 297 2271
466 8576 256 2209
471 8259 270 2193
458 7985 294 2217
449 8328 273 2240
458 8030 284 2222
451 8362 267 2218
399 6902 301 2350
459 8128 268 2230
464 8217 259 2197
449 8364 287 2184
450 8406 273 2230
408 6875 310 2337
461 8376 312 2176
460 8232 297 2185
464 8024 309 2203
509 8939 278 2185
486 9011 286 2184
486 8834 255 2240
434 7520 301 2350
410 6908 311 2347
469 7926 308 2310
471 8187 296 2332
472 8486 260 2255
461 8243 282 2289
479 8293 261 2198
451 8369 274 2244
466 8427 266 2228
496 8970 258 2209
504 8180 291 2229
459 8030 303 2294
463 8021 303 2307
472 8694 257 2229
497 8586 283 2190
463 8574 273 2228
482 8667 291 2185
457 8400 309 2216
461 8387 274 2219
466 8385 280 2214
472 8603 257 2247
481 8437 273 2194
528 9507 261 2227
525 9148 259 2236
524 8962 280 2197
492 8497 299 2218
464 8416 275 2259
483 8579 268 2208
516 8908 262 2213
505 9233 267 2209
477 8441 282 2224
475 8437 268 2232
550 9973 277 2230
488 9009 283 2216
486 8455 289 2315
479 8645 270 2247
471 8583 300 2330
478 8644 288 2226
518 9440 314 2226
508 9049 270 2273
482 8710 277 2305
499 8857 281 2257
512 8850 297 2287
511 8917 291 2233
545 9217 301 2240
531 9026 281 2283
538 9462 289 2335
493 8561 266 2172
490 8624 266 2172
453 8025 246 2230
409 7238 255 2268
407 7064 320 2194
368 6762 276 2209
455 8165 259 2184
403 7531 297 2196
458 8050 255 2206
403 7220 308 2198
390 7009 275 2242
444 7621 261 2198
408 7440 248 2254
376 6823 276 2200
418 7322 248 2225
430 7515 271 2175
418 7832 269 2178
490 8624 266 2172
417 7275 302 2196
406 7429 254 2235
457 7908 261 2192
388 7034 273 2229
409 7362 255 2265
392 7133 260 2213
392 7133 260 2213
427 7747 256 2201
404 7396 263 2200
427 7747 256 2201
390 7225 269 2203
501 9097 258 2204
499 8746 266 2172
478 8563 246 2235
409 7321 255 2271
407 7068 320 2204
368 6782 276 2209
368 6782 276 2209
490 8962 274 2180
442 7380 297 2202
368 6782 276 2209
471 8036 249 2226
484 8507 255 2207
451 8218 268 2198
391 7140 273 2229
405 7193 308 2203
424 7501 308 2197
448 7575 272 2191
423 7743 258 2246
442 7865 285 2202
445 7787 303 2198
442 8044 275 2187
408 7479 248 2254
458 8520 267 2198
441 8094 258 2213
445 7658 284 2204
434 7530 279 2206
471 8543 259 2195
446 7944 279 2202
431 7882 248 2243
428 7765 248 2249
408 7277 260 2219
408 7479 248 2254
405 7511 261 2237
453 7879 256 2245
408 7277 260 2219
392 7135 263 2213
392 7135 263 2213
478 8509 259 2205
427 7767 263 2205
437 7634 263 2205
431 7882 248 2243
437 7634 263 2205
405 7511 261 2237
437 7766 256 2246
392 7135 263 2213
427 7767 263 2205
520 9379 298 2190
520 9379 298 2190
481 8585 246 2235
469 8452 320 2194
409 7357 255 2271
378 6982 276 2209
513 8825 258 2212
415 7497 252 2256
435 7551 279 2206
404 7201 266 2268
517 9145 257 2215
453 8292 297 2204
399 7314 266 2221
408 7201 308 2203
425 7635 308 2198
471 8460 271 2202
439 8017 256 2248
455 8330 248 2243
425 7626 248 2254
452 8096 260 2229
429 7905 276 2208
491 8592 258 2217
465 8550 258 2222
446 7845 264 2208
419 7754 263 2215
481 8580 254 2236
449 8092 302 2204
435 7968 262 2233
455 8199 258 2233
484 8710 258 2215
476 8562 259 2195
481 8577 246 2245
487 8488 260 2225
490 8592 256 2218
484 8710 258 2215
449 7822 260 2245
487 8488 260 2225
477 7989 297 2203
471 8244 262 2221
491 8592 258 2217
449 8092 302 2204
450 7926 263 2205
455 8199 258 2233
432 7600 263 2222
486 8540 259 2216
399 7314 266 2221
432 7600 263 2222
486 8540 259 2216
471 8244 262 2221
435 7985 263 2205
435 7985 263 2205
538 9699 261 2216
532 9420 287 2196
436 7977 248 2254
415 7116 302 2385
385 7009 333 2275
385 7009 333 2275
457 8139 313 2199
404 7247 285 2332
415 7116 302 2385
492 8769 256 2238
518 9397 249 2243
520 9355 298 2197
477 8536 258 2233
485 8797 252 2245
397 7157 302 2285
470 8313 263 2209
444 7706 279 2206
401 7362 285 2312
445 7909 265 2249
461 8490 259 2250
520 9355 298 2197
458 8334 303 2205
396 7360 299 2227
409 7394 255 2271
411 7278 273 2318
413 7212 296 2211
394 7168 290 2256
467 7579 272 2256
404 7346 270 2265
427 7802 266 2225
487 8679 252 2245
419 7632 253 2274
487 8679 252 2245
404 7247 285 2332
425 7766 271 2233
450 8000 263 2213
448 8084 267 2217
462 8370 259 2252
407 7243 292 2220
434 7656 256 2254
411 7278 273 2318
422 7838 256 2258
456 8525 267 2212
406 7480 274 2244
397 7033 308 2210
436 7565 276 2219
408 7253 308 2203
438 7559 293 2209
431 7536 279 2210
422 7627 259 2260
400 7159 288 2282
485 8797 252 2245
401 7362 285 2312
420 7606 269 2269
400 7159 288 2282
437 7757 293 2207
458 8078 271 2212
408 7215 278 2215
427 7381 279 2214
437 7844 269 2217
405 7193 302 2210
394 7168 290 2256
421 7536 277 2213
408 7253 308 2203
405 7193 302 2210
397 7128 303 2209
405 7236 274 2270
405 7236 274 2270
397 7033 308 2210
462 8370 259 2252
450 8000 263 2213
437 7844 269 2217
437 7757 293 2207
421 7536 277 2213
404 7247 285 2332
486 8776 252 2245
486 8776 252 2245
415 7116 302 2385
408 7253 308 2203
408 7253 308 2203
408 7253 308 2203
520 9379 298 2197
493 8827 252 2245
424 7120 311 2387
391 7026 333 2275
391 7026 333 2275
413 7280 275 2288
404 7250 327 2272
421 7236 302 2370
410 7292 308 2203
500 9137 266 2212
490 9029 268 2222
483 8582 269 2209
511 8792 260 2233
415 7325 293 2256
471 8146 270 2241
448 8149 292 2206
501 8830 258 2239
520 9379 298 2197
439 8072 284 2219
452 8322 280 2218
433 7458 286 2227
470 8641 277 2211
440 7862 266 2246
510 8603 266 2242
421 7236 302 2370
443 7997 276 2226
450 7780 282 2217
485 8685 262 2244
415 7127 302 2385
435 7662 254 2286
420 7452 255 2271
484 8703 262 2246
436 7941 272 2239
449 7506 297 2216
462 8371 259 2252
458 8473 274 2227
462 8381 276 2216
426 7502 286 2237
457 8434 257 2256
437 7982 252 2261
425 7792 268 2270
459 8240 268 2227
415 7127 302 2385
456 7805 277 2227
414 7476 298 2241
459 8455 253 2259
461 8184 277 2213
435 7662 254 2286
411 7568 279 2222
493 8827 252 2245
413 7552 279 2230
423 7568 275 2261
421 7236 302 2370
520 9379 298 2197
433 7458 286 2227
413 7552 279 2230
501 8830 258 2239
412 7465 255 2271
412 7465 255 2271
412 7465 255 2271
493 8827 252 2245
493 8827 252 2245
520 9442 298 2197
494 8847 252 2245
427 7492 343 2222
421 7247 302 2376
393 7067 333 2275
430 7702 260 2321
435 7618 306 2279
440 7658 312 2204
503 9179 303 2210
473 8490 273 2250
443 7861 281 2227
504 8666 276 2223
517 8819 265 2238
501 8967 267 2240
460 8258 297 2216
494 8847 252 2245
438 8039 260 2271
425 7948 279 2231
449 8373 265 2269
458 8211 273 2258
427 7752 300 2237
443 8164 256 2273
465 8469 278 2217
449 8125 301 2219
463 8381 268 2251
455 8420 279 2225
460 8288 275 2249
432 7880 255 2274
457 8231 272 2251
464 8260 276 2240
573 10375 277 2236
498 8942 252 2245
469 7734 274 2357
459 8228 325 2205
439 8127 298 2232
535 9530 278 2233
491 9152 268 2274
441 8045 314 2222
482 8637 256 2322
485 8373 305 2223
495 8935 277 2272
457 8427 262 2299
447 8150 258 2320
443 7904 282 2240
463 8204 298 2230
475 8063 293 2237
440 7967 260 2301
495 8847 287 2236
468 8543 260 2291
471 7914 280 2296
476 8790 269 2284
483 8705 288 2222
484 8255 261 2284
451 8100 276 2279
478 8644 259 2275
468 7989 258 2297
477 8775 282 2238
449 8037 277 2299
442 8090 277 2279
461 8012 258 2300
547 9322 264 2250
514 8799 290 2233
479 8341 278 2307
449 8108 324 2236
443 7925 298 2255
529 9206 271 2287
489 8924 299 2234
478 8896 284 2271
449 8200 309 2250
465 8421 288 2244
462 8285 283 2282
471 8246 321 2248
482 8646 285 2245
480 8823 295 2237
454 8312 292 2248
444 8076 285 2251
586 10500 303 2233
572 10557 282 2277
518 9309 282 2347
493 8313 289 2354
485 8450 358 2244
467 8083 312 2252
465 8174 296 2274
466 8651 319 2264
527 9263 285 2336
526 9537 290 2242
479 8645 292 2325
513 9197 292 2251
522 9465 287 2305
490 8975 288 2310
522 8945 303 2235
524 9417 292 2304
477 8381 331 2291
474 8602 325 2272
516 8916 326 2277
