26 1.34676
710 17035 689 3091
769 18726 629 3065
818 20194 624 3084
812 19612 653 3041
756 17440 663 3138
754 17701 653 3091
744 17814 661 3080
743 17491 694 3067
809 20492 624 3084
751 18958 668 3035
838 19001 712 3016
813 18880 694 3025
779 19056 656 3051
807 18408 749 3030
808 20183 653 3027
740 17162 737 3070
701 17801 655 3086
722 18089 626 3072
852 21945 626 3036
788 19664 659 3039
788 18966 654 3049
729 17758 675 3031
776 18536 727 3011
853 19542 660 3033
751 17808 633 3071
759 19134 638 3046
718 17535 700 3054
743 18242 671 3048
816 21135 631 3028
807 19339 633 3055
795 19057 638 3055
831 21267 629 3046
833 19547 683 3011
820 19640 653 3040
799 18333 668 3037
709 17590 689 3049
754 18263 650 3063
712 18578 641 3063
754 17670 653 3098
801 18954 705 3025
744 17999 663 3050
818 19420 653 3041
791 19799 653 3037
888 22502 653 3018
803 20625 647 3042
788 19153 660 3045
749 19118 645 3048
808 20374 638 3028
793 19678 683 3011
762 19433 662 3032
773 19705 684 3025
842 21239 661 3025
866 22331 620 3058
880 19136 663 3035
778 17535 659 3063
798 19069 707 3016
830 21040 626 3071
757 19457 644 3053
739 17891 641 3074
888 22502 653 3018
740 17162 737 3070
772 19513 630 3043
777 18985 668 3022
767 19344 675 3028
701 18033 652 3052
716 17932 644 3071
797 18582 689 3030
779 19149 668 3016
860 21335 665 3022
791 18879 674 3041
718 17535 700 3054
838 20330 622 3052
904 21755 742 2998
810 19700 645 3037
756 17440 663 3138
812 19431 628 3065
956 22111 669 3012
783 18978 644 3053
855 21393 653 3019
793 19880 683 3008
714 17043 689 3091
710 17115 689 3091
802 19880 629 3067
818 20240 624 3084
818 20240 624 3084
754 17730 653 3091
744 17817 661 3080
744 17817 661 3080
744 17817 661 3080
743 17510 694 3067
743 17504 694 3074
751 18958 668 3047
770 19126 671 3037
867 20234 656 3036
794 19795 629 3081
794 19795 629 3081
794 19795 629 3081
797 19675 629 3074
794 19795 629 3081
824 21626 627 3080
794 19795 629 3081
799 19793 660 3039
771 18227 693 3047
771 18227 693 3047
729 18549 683 3041
776 18345 685 3041
732 18516 690 3035
750 18590 675 3034
776 18082 693 3040
778 18071 693 3040
771 18227 693 3047
754 18480 690 3035
774 19268 675 3032
795 18400 699 3035
776 18545 727 3011
869 20098 660 3033
782 18330 633 3071
767 17867 663 3076
762 19280 666 3046
780 19363 640 3096
780 19363 640 3096
762 19280 666 3046
780 19363 640 3096
773 19157 656 3046
760 19557 666 3046
863 22627 631 3028
861 21372 631 3042
795 19073 638 3055
795 19073 638 3055
927 23435 629 3048
746 17716 696 3060
763 17883 696 3059
731 18794 641 3087
731 18794 641 3087
726 18933 641 3063
754 17718 653 3098
744 18009 663 3050
744 18009 663 3050
854 19497 656 3042
776 19359 653 3048
779 19218 645 3056
779 19218 645 3056
756 19311 650 3055
852 21587 638 3028
847 21300 653 3030
847 21300 653 3030
854 20878 660 3033
847 21300 653 3030
844 21255 646 3031
875 20446 646 3028
830 21214 642 3040
852 21503 640 3029
828 20876 661 3028
866 21174 653 3030
844 20655 649 3034
762 19453 662 3032
762 19453 662 3032
822 19446 665 3039
896 19197 663 3035
892 19311 663 3035
739 17983 641 3074
766 17923 683 3074
766 17923 683 3074
764 17911 692 3076
784 20045 631 3056
811 19665 653 3044
804 20626 634 3043
800 20032 652 3045
793 20376 652 3046
795 20007 641 3047
808 19567 641 3047
873 21647 630 3046
795 20270 655 3046
803 20837 653 3044
806 19607 651 3052
784 20045 631 3056
803 20105 633 3051
901 20327 641 3044
842 19103 715 3027
724 19005 661 3059
702 18206 690 3067
736 19135 660 3060
806 18990 659 3052
773 18595 656 3065
759 19126 660 3053
748 18817 660 3067
721 18148 644 3071
719 18008 664 3124
736 17932 658 3107
736 17932 658 3107
808 19355 690 3030
812 19430 697 3029
786 19874 683 3025
835 19389 705 3022
784 19985 669 3031
788 20068 690 3022
787 19727 683 3026
848 20000 675 3029
823 19408 700 3028
823 19408 700 3028
823 19408 700 3028
823 19408 700 3028
817 20267 675 3028
800 19575 690 3031
815 20543 670 3029
803 19809 697 3018
823 19408 700 3028
823 19408 700 3028
857 20921 668 3019
881 20200 675 3022
782 19443 693 3020
812 19430 697 3029
829 21109 682 3025
799 19767 678 3026
836 20763 668 3024
855 20401 681 3025
736 17902 700 3054
882 20935 623 3079
996 24464 622 3081
840 20549 628 3054
996 24464 622 3081
927 22428 778 3005
826 20329 651 3041
842 20029 647 3040
820 19778 653 3040
815 19854 653 3040
833 20737 660 3037
770 17688 663 3138
906 22564 660 3024
936 22822 653 3023
887 20542 712 3011
887 20595 683 3011
819 20426 683 3012
798 20733 688 3020
810 20408 695 3017
819 20426 683 3012
714 17066 689 3091
714 17066 689 3091
714 17066 689 3091
714 17066 689 3091
812 20067 629 3067
812 20067 629 3067
812 20067 629 3067
818 20264 624 3084
754 17731 653 3091
744 17822 661 3080
744 17822 661 3080
743 17652 694 3067
794 19819 629 3081
812 19945 660 3040
732 18740 697 3065
746 18699 697 3041
740 18752 697 3039
750 18730 675 3034
786 18197 693 3040
786 18197 693 3040
786 18197 693 3040
771 18258 693 3047
774 18506 690 3039
790 18682 706 3038
790 18682 706 3038
797 19297 741 3027
784 19154 742 3030
843 18932 752 3026
808 19425 727 3029
786 19178 635 3113
810 18973 638 3104
819 18922 639 3071
786 19761 640 3096
781 19317 656 3046
791 19177 656 3051
798 19644 638 3069
802 19139 638 3055
765 17941 696 3059
732 18824 641 3087
784 19199 643 3063
754 17728 653 3098
767 18029 666 3052
756 18483 670 3068
756 19146 668 3058
788 19165 669 3051
749 18983 688 3059
745 18707 697 3065
784 18201 739 3051
761 18714 663 3060
756 18483 670 3068
763 18405 670 3063
753 18749 668 3064
797 19599 648 3058
797 19451 653 3058
797 19451 653 3058
976 23933 639 3040
849 22176 653 3030
851 21353 646 3039
927 23749 641 3038
881 21933 641 3042
910 22243 644 3037
893 22390 645 3033
914 23547 642 3039
900 21872 660 3031
885 21493 659 3035
851 20714 649 3037
798 19621 663 3037
762 19780 668 3038
784 19466 669 3033
780 19620 727 3033
768 19643 662 3032
910 19617 663 3035
760 18750 641 3074
745 18936 642 3075
764 17928 692 3076
825 19773 653 3044
860 21096 640 3049
860 21096 640 3049
860 21096 640 3049
861 21338 645 3045
902 22626 638 3044
878 20822 645 3045
805 20672 652 3046
805 20672 652 3046
829 20155 643 3050
811 20299 651 3050
843 20547 641 3048
873 21727 630 3046
824 19785 651 3052
824 19785 651 3052
824 19785 651 3052
853 21683 634 3052
857 21186 638 3051
822 20643 645 3052
870 19182 732 3033
712 18472 690 3067
833 19075 663 3052
833 19075 663 3052
765 19201 660 3054
737 18299 644 3071
734 18439 661 3087
736 18591 668 3073
733 18704 663 3076
729 18454 693 3081
773 18160 644 3111
740 18144 676 3114
736 18044 663 3115
803 20182 675 3031
795 20328 689 3029
849 20090 675 3029
828 20493 675 3028
850 20394 708 3019
939 22679 669 3021
934 23023 675 3023
782 19478 693 3020
783 19475 712 3029
810 20519 683 3027
836 19966 690 3029
852 20392 684 3028
813 19821 690 3030
803 20368 690 3028
878 22563 680 3027
880 21652 669 3028
867 21946 670 3029
899 21648 668 3031
899 21648 668 3031
878 22563 680 3027
748 18206 700 3054
748 18206 700 3054
748 18206 700 3054
907 21265 630 3062
849 21313 633 3063
846 21132 637 3054
905 20926 635 3059
847 20389 649 3040
820 19789 653 3040
941 24574 660 3026
799 20752 688 3020
830 20423 724 3019
820 20596 683 3014
871 21286 736 3013
822 20556 690 3022
937 22933 696 3015
991 24263 639 3040
792 19610 742 3029
826 20136 629 3067
991 24263 639 3040
799 18949 646 3089
792 19610 742 3029
828 18568 657 3105
991 24263 639 3040
783 19659 727 3033
751 19269 675 3037
771 18691 648 3074
807 20121 744 3024
759 19265 685 3042
991 24263 639 3040
774 18329 670 3066
763 19712 713 3034
991 24263 639 3040
765 19004 683 3042
793 18696 644 3100
799 18640 644 3100
754 18902 749 3038
