134 11.619
875 19556 875 2967
875 19556 875 2967
843 20907 688 2990
660 16161 611 3028
645 15492 623 3033
622 15609 622 3050
622 15609 622 3050
854 19076 854 2968
809 20003 635 3017
811 20503 698 2987
843 20907 688 2990
625 15856 625 3049
641 16181 617 3036
831 18259 813 2972
661 16746 649 3018
837 20348 660 3001
833 18532 833 2969
810 18028 810 2973
657 16064 619 3041
810 18520 792 2973
805 19705 639 3012
673 16872 624 3020
832 18573 832 2970
822 17699 778 2979
664 16473 639 3017
803 19591 704 2986
637 15745 617 3044
626 16015 616 3042
677 17292 669 3007
795 19641 791 2971
741 18482 733 2982
721 17854 682 2994
719 17921 709 2987
776 17746 776 2980
837 20348 660 3001
752 18974 749 2977
659 16296 616 3041
815 18701 811 2971
757 19373 749 2976
710 17162 619 3027
718 17298 690 3002
788 17661 788 2975
641 15943 638 3029
668 17214 657 3008
641 15781 641 3032
769 17415 639 3014
771 17634 736 2983
748 16945 717 2998
742 18046 742 2978
779 17695 757 2980
655 17088 638 3022
784 19416 779 2973
693 16756 623 3024
716 18283 701 2991
784 19190 669 2998
764 17776 748 2983
737 17940 656 3005
713 17899 684 2997
687 17481 651 3016
773 18524 770 2975
731 19029 729 2985
733 17018 696 3008
670 16982 662 3015
707 17452 665 3004
750 18726 723 2981
749 18359 676 2995
695 17049 674 3008
791 19686 791 2971
788 18937 675 2997
688 17506 676 3005
661 16345 646 3020
716 17095 647 3011
635 15673 623 3033
806 17646 765 2981
649 16028 630 3023
656 16447 624 3021
768 18017 768 2980
760 19110 746 2976
651 16430 617 3032
700 17376 686 2996
787 17481 755 2984
663 16312 630 3018
637 15745 617 3044
666 15924 644 3024
790 18736 790 2972
666 16088 611 3028
775 18987 660 3002
643 15820 638 3029
697 17173 683 3004
722 17802 720 2986
667 16894 664 3015
724 17829 705 2989
812 18629 812 2970
748 16945 717 2998
701 17534 663 3006
755 18653 688 2992
761 18847 643 3009
735 18689 707 2985
763 19532 665 3000
747 18411 704 2988
733 18159 640 3010
658 16104 622 3035
758 19472 654 3003
702 17284 619 3027
716 18189 661 3006
722 18471 698 2988
666 16991 659 3010
753 18313 726 2980
833 19140 789 2973
696 17317 645 3013
642 16013 622 3036
703 17576 663 3005
708 17609 637 3016
751 19040 726 2979
711 17334 698 2996
632 15756 623 3033
724 18602 687 2993
682 17141 668 3007
758 18794 747 2975
827 18655 810 2972
728 17499 637 3017
763 18109 738 2981
759 18128 685 2992
682 17141 668 3007
723 17052 683 3000
699 17331 666 2999
725 17585 639 3013
761 18847 643 3009
708 17047 621 3024
753 18384 698 2989
758 19472 654 3003
737 18731 651 3007
745 18335 621 3023
789 17867 789 2974
787 17481 755 2984
667 15612 623 3032
761 18090 728 2985
726 18425 707 2987
785 18038 767 2976
658 16104 622 3035
777 19187 764 2974
625 15856 625 3049
827 18655 810 2972
773 19444 769 2973
751 17687 640 3011
645 15492 623 3033
735 18300 720 2983
777 19187 764 2974
726 17663 646 3012
742 18362 676 2995
781 18728 685 2991
762 17698 744 2991
789 19374 779 2973
744 17919 742 2981
731 18549 661 3005
762 18576 682 2993
833 18532 833 2969
813 18583 813 2972
832 18573 832 2970
699 17331 666 2999
745 18335 621 3023
643 15522 623 3033
647 16180 622 3033
666 15924 644 3024
637 15745 617 3044
751 18118 720 2982
632 15756 623 3033
737 18731 651 3007
777 19187 764 2974
666 15924 644 3024
663 16312 630 3018
641 15781 641 3032
831 18259 813 2972
762 17698 744 2991
643 15522 623 3033
789 19374 779 2973
645 15492 623 3033
667 15612 623 3032
643 15522 623 3033
641 15781 641 3032
950 24271 742 2985
875 20032 875 2967
643 15564 623 3033
622 15617 622 3050
683 16535 622 3037
871 22579 698 2993
641 15984 631 3046
878 20902 707 2993
666 15935 644 3024
713 17057 653 3018
694 17129 643 3031
741 18600 671 3006
854 19091 854 2968
833 18788 833 2969
844 22103 631 3021
758 19039 726 2991
773 18766 661 3012
875 21300 769 2977
697 17682 622 3033
817 20177 635 3017
823 20292 767 2982
766 18625 748 2987
750 18606 715 2998
706 17987 630 3023
854 19382 789 2974
831 18260 813 2973
709 17464 647 3021
806 18792 771 2977
815 20577 790 2976
710 17603 640 3019
806 18124 733 3007
865 19614 745 2984
773 18921 650 3011
801 20109 681 3002
828 21181 665 3000
820 19175 685 3003
820 20418 711 2993
788 19690 691 2996
810 20527 727 2989
831 20028 801 2975
764 18910 733 2996
793 19347 705 2997
791 20269 627 3022
839 19843 801 2976
751 19106 668 3008
783 18556 748 2983
797 19423 707 2994
781 18421 768 2993
812 19271 812 2970
828 20039 809 2974
771 19484 682 3001
797 19260 768 2980
768 19061 702 3001
831 20029 730 2986
838 20228 747 2981
809 19691 670 3003
772 19054 670 3009
850 19615 811 2972
831 18269 813 2972
846 21075 770 2976
802 19674 768 2978
815 19847 747 2985
835 19112 768 2978
841 19669 789 2973
811 19949 811 2973
827 18657 747 2993
845 21080 745 2985
818 18602 768 2982
950 24328 742 2985
883 21380 875 2967
711 17860 622 3037
622 15643 622 3050
656 15655 623 3033
911 22752 749 2982
721 18268 631 3024
950 24328 742 2985
873 21874 769 2978
759 18744 650 3020
788 19226 650 3011
833 18903 833 2969
831 18288 813 2972
773 19539 735 2998
763 18942 696 3009
838 20497 639 3017
856 19331 854 2968
851 21226 720 2993
819 20789 710 2994
828 20937 676 3004
855 20328 799 2974
854 20668 854 2968
786 19305 670 3009
822 18742 755 2984
810 19865 691 2996
818 18614 768 2982
827 20519 775 2981
816 19381 786 2991
796 19945 712 3002
839 19972 801 2976
833 20098 753 2989
815 20540 683 3005
784 19681 784 2992
810 19618 807 2987
764 18671 716 2999
770 18899 670 3019
796 19958 717 2997
821 19674 673 3006
838 20174 769 2979
806 20044 671 3006
811 19600 811 2977
807 19488 715 3005
851 20243 635 3017
855 20259 812 2970
851 20243 635 3017
812 19362 801 2986
784 19368 670 3009
963 23276 739 2993
884 21490 875 2967
622 15657 622 3050
659 15830 623 3033
742 18522 638 3030
927 22871 750 2985
930 22102 770 2979
885 21862 789 2979
788 19984 650 3011
795 19284 746 2999
772 19826 646 3024
811 19932 691 2996
857 19394 854 2968
792 19715 705 3012
775 19217 730 3016
852 21259 831 2973
829 18916 768 2982
821 20198 785 2982
796 19809 672 3013
842 19398 833 2969
801 19666 655 3016
876 21195 752 2994
862 20879 639 3017
800 20388 640 3026
776 19679 681 3025
825 20162 811 2977
864 18959 813 2973
833 19074 833 2970
877 20634 799 2974
860 20541 801 2976
872 20943 799 2974
844 19865 813 2976
992 23389 790 2980
956 24744 756 2990
921 21820 875 2967
672 16060 623 3033
770 19370 647 3030
775 19230 638 3032
807 19709 684 3020
801 19851 747 3009
928 23849 767 2987
869 20895 854 2968
854 19914 764 3002
866 19898 718 3012
961 23524 793 2979
792 20558 653 3018
925 22454 791 2982
789 19993 669 3015
855 19565 833 2969
814 20312 691 2996
853 22206 820 2984
895 21578 813 2975
844 20495 769 2993
814 20215 724 2998
857 21754 831 2974
880 20129 778 2991
812 20040 733 2997
820 20101 663 3013
834 20384 833 2970
827 20548 827 2992
837 19717 784 2996
903 20025 778 2991
833 21246 661 3015
863 21213 817 2981
872 20673 811 2976
872 21277 799 2978
871 21848 810 2978
902 21252 799 2975
866 21065 794 2986
850 20093 811 2986
838 20316 833 2977
854 21850 768 2988
832 20211 791 2989
900 20037 783 2990
814 20247 731 2996
859 21129 769 2983
859 20676 778 2992
869 19950 819 2983
858 21234 819 2982
854 21096 769 2988
980 23698 801 2975
882 19574 882 2974
876 21202 854 2968
684 16379 623 3033
680 17162 645 3040
801 20003 698 3024
929 22476 789 2985
825 20300 739 3001
812 20355 772 3007
682 16910 635 3033
863 21493 817 2982
894 22046 778 2986
857 20885 833 2969
872 22149 654 3031
841 22225 653 3019
837 20676 713 2999
862 19819 862 2977
831 21163 668 3014
834 20958 691 2996
823 20366 712 3006
899 21572 799 2985
861 21090 660 3023
824 20090 669 3015
905 20085 778 2991
852 20679 852 2978
853 20514 847 2972
905 20503 851 2977
836 20428 794 2996
809 20208 692 3015
856 20336 850 2992
853 20367 847 2982
845 20514 691 2996
972 23322 833 2970
920 23697 654 3030
902 21429 875 2968
706 16415 623 3033
698 16798 623 3033
693 16958 623 3033
805 20121 698 3024
831 20106 697 3017
939 22374 819 2983
841 21039 712 3002
853 21047 735 2997
896 21292 678 3014
915 20385 778 2991
864 20526 676 3019
886 22776 839 2979
853 20581 847 2972
915 22657 778 2990
883 21918 837 2994
893 21595 833 2976
901 21590 799 2990
823 20369 697 3021
882 21640 855 2970
896 21556 841 2986
863 21102 690 3021
837 21095 691 2996
896 21270 853 2969
901 21682 834 2971
904 21584 854 2968
979 22936 696 3017
941 21974 888 2968
701 16919 623 3033
694 17382 683 3058
812 20220 698 3024
699 17041 625 3035
857 20755 847 2982
884 20605 816 3018
910 22631 799 2990
910 21128 731 3010
928 21520 855 2971
896 21010 872 2975
911 22096 854 2968
852 21255 720 3003
876 21303 765 2999
862 21479 717 3004
866 21306 752 2999
899 21784 698 2997
877 21030 698 3023
867 21167 791 3002
870 22606 722 3002
881 20610 849 2977
897 21489 733 3001
893 21563 718 2997
884 21464 854 2973
866 21912 732 2999
951 23155 854 2968
945 23353 745 3000
927 21502 893 2974
759 18678 625 3040
715 17557 641 3046
707 17865 663 3052
821 20284 698 3024
869 21156 863 2988
882 21458 826 3010
888 21888 752 2999
757 19113 723 3033
905 22704 849 2978
784 19702 625 3034
909 22356 703 3017
915 22141 725 3007
875 21728 740 3019
779 18445 641 3035
769 19434 631 3034
712 17676 633 3038
766 18607 648 3035
892 21756 752 2999
975 24278 749 3007
943 23513 849 2978
937 23546 849 2978
785 17794 641 3045
769 19434 631 3044
738 18158 641 3038
905 22069 763 3016
822 20410 698 3024
912 22447 752 2999
810 19957 675 3035
1014 22859 752 3000
943 22569 767 3005
833 20577 698 3024
830 20857 685 3042
875 19449 875 2967
837 20348 660 3001
668 16108 611 3028
643 15479 623 3033
622 15655 622 3050
854 19044 854 2968
625 15856 625 3049
832 18627 832 2970
822 17699 778 2979
833 18433 833 2969
626 16015 616 3042
812 18826 812 2970
837 20348 660 3001
810 18006 810 2973
810 18386 792 2973
651 16476 617 3032
659 16296 616 3041
661 16746 649 3018
638 15780 638 3029
771 19955 646 3008
642 16013 622 3036
791 19479 791 2971
765 19226 707 2984
641 16181 617 3036
647 15800 623 3032
716 18283 701 2991
719 17921 709 2987
803 18105 706 2986
695 17049 674 3008
776 17746 776 2980
785 19710 747 2975
806 18538 770 2975
632 15588 623 3033
788 17661 788 2975
756 17862 756 2983
718 17298 690 3002
772 19156 665 3000
655 17088 638 3022
761 18847 643 3009
677 17292 669 3007
679 17320 661 3006
660 15957 638 3028
782 19197 726 2979
666 16991 659 3010
726 17663 646 3012
670 16982 662 3015
688 16390 641 3019
729 18941 729 2985
711 17196 648 3016
673 16872 624 3020
751 18118 720 2982
750 18726 723 2981
708 17609 637 3016
668 17214 657 3008
722 18225 639 3012
782 19490 770 2972
706 17624 675 2997
646 16076 619 3041
752 18974 749 2977
777 19187 764 2974
779 17695 757 2980
764 17776 748 2983
697 17173 683 3004
667 16894 664 3015
766 19863 651 3007
724 17719 628 3018
762 18683 759 2976
674 16253 640 3025
653 16087 653 3025
711 17334 698 2996
748 16945 717 2998
687 17481 651 3016
753 18566 676 2994
768 18145 660 3003
693 16756 623 3024
735 18689 707 2985
811 18164 811 2971
632 15588 623 3033
715 17516 685 2994
753 18489 676 2995
728 17400 728 2986
692 17494 645 3013
725 17585 639 3013
721 17854 682 2994
663 16290 641 3026
763 19052 742 2977
697 17265 621 3024
806 17646 765 2981
746 18025 654 3004
776 17820 767 2976
733 17018 696 3008
709 17464 656 3009
665 16327 630 3023
665 16327 630 3023
737 17940 656 3005
803 19714 663 3000
739 18429 688 2992
715 17436 676 2997
769 18920 769 2973
789 17823 789 2974
682 17141 668 3007
803 19591 704 2986
754 17964 698 2990
622 15655 622 3050
742 18269 723 2984
700 17376 686 2996
786 19561 698 2987
720 17991 663 3001
742 18046 742 2978
724 18054 639 3014
752 18162 698 2989
638 15780 638 3029
699 17300 666 2999
656 16447 624 3021
688 17506 676 3005
748 16945 717 2998
766 18808 742 2977
758 18673 688 2991
759 18128 685 2992
632 15588 623 3033
771 19955 646 3008
663 16231 653 3020
724 18602 687 2993
769 17415 639 3014
664 16473 639 3017
763 18109 738 2981
741 18482 733 2982
741 18482 733 2982
790 18269 758 2977
730 16818 668 3009
758 17324 716 2986
790 18415 790 2972
703 17633 676 2996
763 18806 746 2976
692 18134 650 3010
790 19008 768 2974
767 19752 651 3007
703 16820 621 3023
731 18034 705 2988
657 16221 644 3028
762 18576 682 2993
702 17284 619 3027
756 17430 716 2986
773 18560 736 2979
746 18920 660 3002
769 18744 757 2975
812 18826 812 2970
737 18519 698 2990
766 19863 651 3007
728 17499 637 3017
678 16751 624 3019
731 18034 705 2988
744 18574 704 2987
687 16263 638 3027
656 16447 624 3021
733 17018 696 3008
699 17300 666 2999
744 18574 704 2987
682 17141 668 3007
687 16263 638 3027
626 15623 623 3033
773 18560 736 2979
790 19008 768 2974
740 18964 688 2991
737 18519 698 2990
766 17734 765 2982
767 19752 651 3007
756 17430 716 2986
657 16047 619 3041
758 17324 716 2986
763 18806 746 2976
703 16820 621 3023
657 16047 619 3041
767 19752 651 3007
703 16820 621 3023
880 21033 717 2984
875 19459 875 2967
861 21327 683 3001
668 16127 611 3028
657 16095 619 3041
643 15502 623 3033
709 16798 661 3023
723 17392 653 3023
703 17673 661 3006
779 19275 779 2973
810 18044 810 2973
799 19117 646 3012
668 16127 611 3028
668 16127 611 3028
854 19066 854 2968
795 20684 685 2998
765 19393 627 3020
855 20945 695 2996
726 18531 647 3017
735 18122 696 3000
820 20274 702 2991
821 20215 630 3019
853 21132 718 2988
812 19137 812 2970
752 19469 749 2982
771 19959 688 3004
833 18502 833 2969
743 19168 695 3002
725 18456 627 3026
839 19842 725 2985
784 19222 742 2977
755 17836 698 2998
728 18236 650 3010
758 18389 758 2989
780 19544 764 2979
783 19222 768 2980
795 19551 729 2991
813 20045 738 2989
772 19722 668 3005
791 19582 705 2994
854 19066 854 2968
757 18665 725 2994
875 19459 875 2967
758 19418 673 3005
791 19633 710 2991
833 18502 833 2969
803 20171 715 2989
811 21033 651 3007
752 18084 698 2995
798 19739 746 2976
707 17705 705 3001
858 19815 716 2986
847 19655 726 2987
824 20053 724 2989
810 20191 768 2975
828 20012 727 2987
875 19459 875 2967
755 18651 683 3005
796 19678 688 3002
727 18329 650 3010
827 20247 724 2987
821 18279 811 2971
821 18279 811 2971
833 18502 833 2969
727 18329 650 3010
833 18502 833 2969
854 19066 854 2968
854 19066 854 2968
932 23113 705 2992
921 23139 792 2973
875 19487 875 2967
670 16199 611 3028
643 15511 623 3033
810 18049 810 2983
718 18339 683 3008
790 19571 646 3020
901 22670 696 2999
855 21570 734 2988
854 19087 854 2968
803 19348 646 3013
749 18054 653 3027
908 22885 706 2993
885 21480 791 2974
765 18736 686 3007
828 20746 800 2973
865 21145 720 2986
833 18418 833 2982
751 18116 723 3003
763 18566 758 2990
777 19177 727 2996
833 18512 833 2969
838 21125 812 2970
845 20293 770 2975
734 18171 661 3010
898 22999 672 3005
821 20066 631 3027
841 20993 789 2975
739 18654 663 3009
875 20733 727 2988
780 20023 768 2981
837 20870 714 2994
840 20004 698 2995
757 18627 673 3009
821 19039 811 2971
849 20498 769 2976
763 18957 650 3010
791 19449 751 2977
764 18113 698 2998
794 19582 746 2981
735 18912 661 3006
755 19384 742 2999
895 23101 742 2978
794 19244 747 2984
797 20170 747 2979
860 21041 718 2993
797 19301 742 2980
802 20400 748 2978
856 20366 720 2991
817 20859 746 2978
818 20222 720 2993
792 19359 769 2987
837 20995 791 2976
937 24936 789 2975
875 19589 875 2967
721 16817 611 3028
667 16228 623 3033
893 22042 705 2995
878 22549 788 2976
766 18171 698 2998
757 19062 668 3013
829 20339 656 3020
818 20176 681 3008
854 19174 854 2968
766 18171 698 2998
811 18953 811 2985
841 18645 833 2969
791 19646 790 2980
829 20502 821 2971
837 21396 742 2981
863 21317 727 2992
792 19835 661 3009
799 19862 759 2982
855 21029 726 2995
864 21125 813 2972
860 20363 729 2994
800 20727 768 2981
836 20865 800 2977
823 21188 656 3012
875 19589 875 2967
813 19091 780 2992
832 21307 750 2984
837 20929 780 2979
833 18738 833 2969
829 19615 814 2975
820 21163 764 2977
819 20786 758 2981
847 19842 767 2980
839 19840 788 2984
827 18915 811 2985
822 20914 661 3008
858 20966 747 2984
811 20163 768 2981
834 20364 748 2980
833 18671 833 2970
834 20813 812 2975
826 20939 742 2995
951 22983 821 2971
918 24092 769 2978
884 20528 875 2967
722 18098 611 3028
674 16389 636 3041
766 18226 698 2998
692 16960 631 3036
721 17388 681 3032
914 22440 707 2995
846 21683 661 3008
777 19323 690 3021
879 22602 742 2981
930 23123 768 2977
815 20095 806 2987
722 16739 623 3033
833 18721 833 2970
770 19767 668 3013
898 22181 770 2979
796 19880 688 3011
929 23964 789 2976
769 19480 675 3016
873 21842 832 2975
815 20447 789 2985
854 20677 854 2968
821 19104 694 3019
869 21155 747 2984
845 20788 820 2977
856 19236 854 2968
803 20417 796 2987
838 19426 685 3018
924 21541 813 2972
826 20164 764 2983
911 22226 764 2979
837 20642 758 2981
899 21740 813 2972
869 21455 693 3009
862 21706 791 2978
855 21209 690 3010
833 18768 833 2969
800 20503 796 2987
916 22483 750 2981
878 21823 742 2983
824 20108 812 2980
871 22378 742 2982
858 20518 767 2980
821 20461 770 2982
833 20106 832 2980
966 23338 716 2997
945 24150 804 2979
905 19672 893 2974
888 19811 875 2968
741 18076 630 3051
735 18441 611 3028
675 16607 638 3042
762 18436 618 3041
906 21785 813 2972
873 22444 661 3008
843 20918 679 3019
833 19798 833 2969
772 18875 703 3006
854 20726 854 2968
777 18826 740 3001
873 20887 683 3016
806 19449 699 2999
931 22448 793 2980
961 23680 748 2983
868 20495 786 2995
823 21122 796 2992
809 19551 698 3001
938 23590 772 2980
814 18370 711 2998
864 22074 766 2984
866 21352 800 2981
812 21300 809 2991
785 18864 768 2998
840 21308 785 2987
879 22367 768 2982
919 23608 766 2980
875 22429 764 2982
869 21182 747 2984
846 20552 768 2987
839 20774 790 2983
925 23109 823 2978
914 23214 661 3009
854 20844 854 2968
759 18099 653 3043
735 18828 611 3028
871 22115 816 2982
876 21334 754 2995
897 21567 691 3016
737 18541 641 3033
794 18957 730 3024
829 21130 720 3004
801 19478 728 3009
778 18600 629 3029
816 20071 698 3008
777 19535 742 3013
844 20588 844 2980
846 20677 846 2970
916 21693 831 2982
786 19657 732 3008
876 21521 748 2984
835 19551 709 3000
877 21317 747 2984
830 19848 705 3005
764 18587 638 3029
842 19944 731 2999
860 20107 833 2969
853 20110 853 2970
853 20828 853 2969
918 22709 705 3007
859 21015 854 2968
792 19186 611 3028
772 18931 648 3042
914 21767 807 2993
783 19580 623 3031
913 22113 757 2986
836 21552 724 3002
899 22356 756 2992
862 20647 834 2975
806 19689 742 3008
798 20161 732 3012
912 21075 702 3009
846 20847 846 2970
820 20318 727 3010
892 21273 833 2970
870 20437 702 3011
855 20346 718 3003
880 21296 833 2969
884 20525 702 3010
847 21281 726 3003
798 20161 732 3012
961 22814 797 3005
945 22913 718 3003
876 21200 854 2968
801 20004 633 3038
798 20206 732 3012
883 21440 833 2969
909 22084 669 3030
858 21419 684 3030
902 22331 727 3014
819 20712 665 3036
818 20775 750 3009
809 20359 648 3037
876 21676 749 3007
811 20169 742 3013
923 21563 871 2994
920 21745 864 2968
914 21227 649 3043
879 21858 854 2969
801 20251 732 3012
937 22496 854 2969
815 20472 732 3012
867 20824 737 3012
855 20856 737 3012
875 19632 875 2967
843 20907 688 2990
649 15995 611 3028
643 15569 623 3033
622 15655 622 3050
622 15655 622 3050
875 19632 875 2967
805 19705 639 3012
854 19037 854 2968
625 15856 625 3049
837 20348 660 3001
811 20503 698 2987
784 19155 669 2998
833 18641 833 2969
843 20907 688 2990
641 16181 617 3036
854 19037 854 2968
810 18048 810 2973
626 16015 616 3042
820 18042 820 2973
788 17661 788 2975
790 18372 772 2976
626 16015 616 3042
646 16639 616 3031
793 17848 702 2992
810 18433 792 2973
832 18526 832 2970
656 16447 624 3021
664 16473 639 3017
661 16345 646 3020
640 16015 622 3036
851 18518 833 2969
772 18974 764 2974
661 16746 649 3018
719 17921 709 2987
837 20348 660 3001
702 17284 619 3027
641 15943 638 3029
779 18437 675 2997
715 17516 685 2994
764 17776 748 2983
673 16872 624 3020
670 16982 662 3015
783 18843 726 2979
733 17018 696 3008
695 17049 674 3008
674 16253 640 3025
748 16945 717 2998
756 17645 733 2984
649 15995 611 3028
753 18313 726 2980
757 18332 757 2977
653 16087 653 3025
724 17719 628 3018
632 15756 623 3033
725 17585 639 3013
742 18046 742 2978
679 16457 653 3010
766 17587 755 2984
693 16756 623 3024
692 17494 645 3013
750 18726 723 2981
688 17506 676 3005
716 18283 701 2991
806 17646 765 2981
736 17449 617 3027
713 17899 684 2997
813 18630 813 2972
821 18374 789 2973
728 17499 637 3017
700 17376 686 2996
829 18187 811 2971
791 19030 791 2971
666 16991 659 3010
696 17229 631 3019
667 16894 664 3015
763 19052 742 2977
687 17481 651 3016
731 18549 661 3005
786 18741 654 3003
630 16318 622 3034
642 15915 623 3032
646 16639 616 3031
781 18999 746 2976
746 18025 654 3004
709 17464 656 3009
762 18576 682 2993
676 16141 630 3023
718 17298 690 3002
746 18353 621 3025
682 17141 668 3007
711 17817 640 3011
748 16945 717 2998
735 18689 707 2985
741 18482 733 2982
812 18826 812 2970
773 18779 764 2976
743 17957 720 2985
727 17321 692 3000
815 18701 811 2971
707 17452 665 3004
758 17686 756 2979
645 15682 623 3032
771 17634 736 2983
761 18847 643 3009
668 17214 657 3008
789 18090 789 2974
682 17141 668 3007
700 17376 686 2996
741 17865 698 2992
728 18252 725 2983
766 18855 621 3024
722 18471 698 2988
699 17331 666 2999
643 15569 623 3033
769 19119 769 2973
710 17927 704 2989
740 18367 651 3007
696 17229 631 3019
759 18622 660 3003
655 17088 638 3022
763 18109 738 2981
720 17029 690 3002
739 18618 707 2984
697 17173 683 3004
724 17829 705 2989
758 18673 688 2991
831 18591 810 2972
756 18797 663 3000
726 17663 646 3012
724 18602 687 2993
747 18895 747 2975
655 17088 638 3022
752 18896 663 3000
751 18118 720 2982
711 17941 654 3006
699 17331 666 2999
770 19090 770 2972
706 17756 630 3018
764 18774 704 2986
736 18246 720 2985
829 18187 811 2971
762 18101 676 2994
694 17473 676 3006
768 18326 620 3025
720 17748 640 3011
736 18246 720 2985
732 18381 707 2987
632 15756 623 3033
721 18144 683 2997
749 18275 679 2997
770 19090 770 2972
687 17481 651 3016
764 18774 704 2986
676 16141 630 3023
630 16318 622 3034
771 18410 767 2975
747 18411 704 2988
729 18139 640 3010
785 18414 643 3009
676 16141 630 3023
630 16318 622 3034
744 18429 621 3025
749 18275 679 2997
727 17321 692 3000
643 15569 623 3033
830 18614 810 2972
781 18999 746 2976
757 18521 662 3003
645 15682 623 3032
781 18999 746 2976
630 16318 622 3034
771 18410 767 2975
829 18187 811 2971
785 18414 643 3009
810 18433 792 2973
747 18895 747 2975
749 18275 679 2997
875 19632 875 2967
854 19037 854 2968
854 19037 854 2968
785 18414 643 3009
770 19090 770 2972
646 16639 616 3031
884 21730 791 2973
880 21893 791 2973
875 19669 875 2967
716 17394 611 3028
643 15585 623 3033
643 15585 623 3033
676 16146 630 3023
646 16641 616 3031
808 20674 698 2991
877 21619 768 2974
854 19122 854 2968
735 18163 683 3007
756 17890 695 3009
658 16217 638 3029
661 16126 630 3032
875 19916 789 2979
771 19054 683 3003
831 19639 807 2983
740 18386 675 3015
809 19329 742 2994
820 20015 746 2976
771 19344 704 2986
792 18788 755 2987
755 18854 646 3017
744 18686 668 3011
798 20452 766 2981
749 18906 629 3022
833 20293 792 2973
773 19141 724 2998
849 19961 720 2985
851 18533 833 2969
793 20085 698 2997
782 19794 639 3019
799 18448 755 2992
817 20030 661 3010
752 18757 673 3006
841 18511 811 2971
767 19756 743 2994
772 18792 720 2999
832 19993 825 2971
831 18639 810 2972
643 15585 623 3033
837 20008 661 3015
742 18611 640 3018
762 18426 669 3010
845 19646 790 2981
796 19772 792 2975
832 18557 832 2970
784 19164 669 2998
784 19164 669 2998
832 18557 832 2970
784 19164 669 2998
913 20740 790 2976
875 19751 875 2967
843 21517 749 2976
774 19008 611 3028
643 15756 623 3033
709 17428 630 3029
665 16208 641 3032
663 16850 616 3031
758 18366 693 3007
751 18540 705 3018
864 20647 668 3010
771 18864 653 3018
824 20368 764 2977
817 20140 630 3022
832 18599 832 2970
854 20235 799 2976
802 19765 679 3001
788 19177 638 3026
757 18782 705 3012
811 19834 811 2982
849 20902 746 2976
833 20048 807 2980
831 18716 810 2972
851 21158 698 2991
809 19248 698 3006
851 18704 833 2969
862 19333 854 2968
787 20107 756 2994
821 20539 750 2984
842 21191 683 2999
785 20020 709 2995
752 18911 640 3018
854 19406 854 2968
847 19451 719 2989
824 19340 727 2999
818 19860 692 2998
838 20186 763 2983
799 19563 724 2986
788 19288 670 3008
837 20312 746 2977
775 19081 676 3011
781 19855 720 2997
788 19537 718 3000
793 19621 720 2986
822 19481 746 2987
795 19953 706 2999
853 20772 749 2976
775 19505 668 3011
795 20231 702 2999
789 19795 720 2997
815 19855 698 3000
814 19584 704 2986
790 20283 702 2999
954 23380 699 2993
950 23874 727 2986
875 19873 875 2967
673 17462 616 3031
643 15844 623 3033
760 18435 639 3029
831 18734 810 2972
832 18610 832 2970
921 22409 750 2982
889 21524 668 3015
917 22829 747 2976
780 19175 675 3019
801 19301 668 3020
882 22962 679 3004
836 19628 788 2991
857 20649 646 3025
894 21742 751 2981
883 21957 642 3022
776 19460 658 3018
854 18961 854 2969
764 18973 649 3022
923 21907 618 3029
863 20864 768 2977
854 19528 854 2968
846 20734 777 2985
915 21821 751 2980
869 21266 705 2990
803 19417 638 3030
819 19558 734 3009
844 19955 736 2994
839 19649 755 3005
878 20620 759 2985
806 19514 692 3011
827 19791 655 3019
852 21097 712 2995
834 19733 716 3000
838 20642 692 2998
844 21070 754 2989
850 20108 746 2987
828 20713 745 2990
804 20565 728 2992
811 19730 723 2996
804 19913 704 3016
818 20240 772 2993
811 20768 685 3002
887 20362 694 3010
843 21011 769 2980
812 20523 769 2991
835 19703 700 3008
835 20979 684 3011
838 20355 702 3002
803 20207 720 2997
843 20453 707 3001
859 20097 700 3001
864 21904 712 2993
831 19777 775 2986
850 20383 703 3001
841 20169 725 2993
805 19844 719 3001
777 19741 720 3010
837 19376 700 3008
830 20253 718 2991
994 22543 653 3022
875 19884 875 2967
692 16069 623 3033
652 16122 623 3033
761 18318 652 3032
929 21916 769 2978
839 18727 832 2970
785 19153 653 3028
856 19674 854 2968
870 20305 649 3023
831 19268 810 2972
804 19320 627 3031
881 21440 754 2989
853 20528 720 2991
877 22124 724 2990
907 21856 692 2998
861 21102 809 2986
796 20780 668 3020
839 19878 790 2987
832 21019 747 2994
848 21257 697 3002
892 20612 676 3021
889 21312 798 2986
873 21981 768 2981
917 21425 771 2986
897 21384 778 2989
894 21906 692 2998
818 20034 720 3016
848 21395 778 2983
836 19749 725 3006
904 21434 712 2994
808 19949 730 3005
842 20905 679 3018
825 19999 705 3013
880 21956 685 3003
841 20884 760 2996
819 19930 734 3012
846 19785 699 3011
872 21991 684 3015
840 20901 662 3019
865 20869 703 3005
803 20209 720 2997
842 20788 739 2995
803 19431 703 3019
799 19416 720 3020
852 19821 700 3008
840 21100 702 3013
848 21027 697 3015
844 19832 741 2998
852 19821 700 3008
946 23532 732 2991
875 20018 875 2967
698 17085 625 3043
663 16403 641 3039
815 20499 748 3003
743 18321 639 3040
857 21294 664 3030
676 17576 646 3036
912 22446 692 2998
740 17866 642 3036
931 23172 738 2994
913 23472 769 2989
911 20962 718 3017
858 20793 707 3021
852 19080 852 2973
900 20886 788 2995
848 19633 848 2976
840 20731 817 2981
816 20235 720 2997
831 20533 831 2976
863 21654 811 2972
855 20206 833 2974
912 22062 798 2986
907 21084 854 2968
869 20729 755 2996
834 19546 833 2982
888 21482 854 2969
847 21558 806 2987
920 21317 798 2986
868 21170 809 2986
904 22267 708 3019
882 21569 725 2996
835 20834 712 3020
861 19369 811 2973
907 21179 718 3017
860 20650 709 3019
859 20870 823 2976
858 19776 832 2970
847 20919 742 2995
882 21394 810 2973
858 19737 832 2971
853 21026 735 2996
919 23541 810 2974
908 20048 875 2967
855 19718 654 3042
824 20718 720 2997
898 22107 809 2986
916 22566 692 2998
908 21687 718 3017
874 21407 845 2973
919 21684 742 2996
831 20606 726 3005
862 20008 811 2974
832 20268 741 2998
918 21061 718 3017
880 20476 855 2970
883 20637 875 2967
894 21561 854 2969
888 21582 854 2969
825 20649 720 2997
957 22255 718 3017
951 23665 697 3008
942 24756 702 2998
911 22022 875 2967
876 20526 812 2974
873 20845 720 3037
828 20794 734 3018
888 20720 762 2997
894 21796 854 2969
931 23410 698 3001
845 20656 744 3004
855 21367 722 2998
838 20734 737 3016
873 20692 724 2998
832 21157 722 3001
956 24059 699 3004
948 22679 875 2967
878 20543 812 2974
856 21491 734 3018
838 20932 737 3016
915 20928 755 3000
871 21758 722 3010
859 20984 761 3013
911 21204 723 3018
847 21276 757 3013
840 21329 735 3015
979 24135 831 2984
883 21282 849 2978
877 21904 727 3015
838 20946 737 3016
849 21353 757 3013
850 21492 735 3015
855 21456 757 3013
869 21731 757 3014
876 22272 788 3021
