4 0.0982793
848 21365 778 3213
803 19750 756 3154
875 23076 698 3145
901 21348 719 3118
834 20704 727 3111
791 19706 764 3138
846 20066 707 3113
820 19861 707 3113
791 19706 764 3138
791 19706 764 3138
824 19800 817 3190
836 20423 695 3208
853 20898 739 3200
821 20008 745 3187
855 20469 728 3130
817 20004 728 3132
862 20601 732 3240
776 19792 713 3154
843 19957 758 3227
841 20863 730 3143
845 22176 698 3145
841 20847 712 3200
803 19750 756 3154
889 20539 816 3137
849 20003 758 3227
849 20003 758 3227
817 20004 728 3132
840 20279 761 3140
821 20008 745 3187
829 20007 786 3131
835 20888 792 3134
835 20601 795 3209
807 20687 700 3128
792 19463 764 3138
820 19861 707 3113
792 19463 764 3138
818 19981 744 3192
778 19996 713 3154
848 20218 784 3134
942 21100 840 3106
831 20318 764 3138
778 19996 713 3154
831 20318 764 3138
868 20438 816 3124
828 20667 749 3211
870 20129 706 3231
797 19672 707 3124
776 19816 713 3154
870 20129 706 3231
795 20219 720 3159
846 20759 736 3226
841 20863 730 3143
881 20537 700 3110
776 19792 713 3154
852 20747 765 3189
906 20505 777 3117
831 20099 788 3208
843 20738 766 3142
841 20847 712 3200
835 20753 779 3203
818 19981 744 3192
855 20105 754 3150
795 20181 720 3159
782 19712 743 3139
850 20779 717 3218
828 20412 776 3163
820 19861 707 3113
850 20930 781 3211
802 19882 768 3222
882 20768 793 3130
815 20208 742 3224
840 20279 761 3140
904 21024 746 3133
850 20930 781 3211
819 20388 736 3226
853 21013 769 3219
835 20462 764 3138
791 20335 700 3138
819 20388 736 3226
848 20259 752 3129
858 20830 717 3218
867 20728 728 3152
851 19659 774 3138
832 20954 770 3225
825 20650 764 3138
862 20601 732 3240
828 20412 776 3163
818 19902 768 3222
905 21149 728 3226
845 20576 801 3182
843 20102 737 3232
795 20219 720 3159
855 20105 754 3150
836 20524 744 3175
776 19792 713 3154
848 20259 752 3129
867 20728 728 3152
845 20407 801 3182
836 20593 751 3169
851 19659 774 3138
848 20218 784 3134
792 19463 764 3138
824 19800 817 3190
816 19976 717 3218
852 20138 752 3129
848 20218 784 3134
846 20356 736 3226
846 20759 736 3226
782 19712 743 3139
791 20335 700 3138
876 20519 766 3142
803 19750 756 3154
851 19659 774 3138
808 20420 777 3140
782 19712 743 3139
816 19976 717 3218
802 19882 768 3222
820 20316 768 3223
898 21065 802 3142
917 20810 816 3137
821 20008 745 3187
826 20403 713 3154
791 20335 700 3138
843 19957 758 3227
853 21013 769 3219
863 20124 817 3187
831 20318 764 3138
820 19861 707 3113
820 19861 707 3113
942 21100 840 3106
881 20537 700 3110
836 20524 744 3175
824 19800 817 3190
828 20667 749 3211
835 20601 795 3209
850 20779 717 3218
873 20776 719 3118
826 20403 713 3154
828 20667 749 3211
898 21065 802 3142
842 20532 779 3203
825 20384 764 3138
826 20403 713 3154
816 19976 717 3218
819 20388 736 3226
845 20407 801 3182
906 20505 777 3117
800 20313 785 3152
800 20313 785 3152
797 19672 707 3124
818 19902 768 3222
825 20384 764 3138
845 20407 801 3182
843 20738 766 3142
898 21065 802 3142
840 20279 761 3140
852 20203 707 3113
847 20905 758 3215
862 20601 732 3240
849 20003 758 3227
870 20129 706 3231
829 20007 786 3131
876 20442 728 3226
855 20105 754 3150
834 20194 743 3142
857 20974 711 3124
831 20099 788 3208
852 20138 752 3129
863 20124 817 3187
776 19816 713 3154
820 20316 768 3223
848 20259 752 3129
778 19996 713 3154
807 20687 700 3128
852 20806 734 3159
847 20905 758 3215
797 19672 707 3124
840 20279 761 3140
831 20099 788 3208
836 21151 734 3206
837 20249 728 3133
815 20208 742 3224
807 20687 700 3128
834 20194 743 3142
829 20007 786 3131
834 20194 743 3142
846 20066 707 3113
846 20356 736 3226
906 21054 793 3130
836 20423 695 3208
843 20102 737 3232
882 20768 793 3130
848 20218 784 3134
848 20978 779 3197
857 20963 769 3233
840 20279 761 3140
851 20920 769 3169
795 20181 720 3159
878 20310 777 3126
852 20806 734 3159
