561 12.3707
774 19147 646 3008
875 18234 875 2967
698 17467 610 3029
619 15542 619 3054
631 15157 629 3050
724 18369 649 3007
854 18077 854 2968
854 18077 854 2968
833 17842 833 2969
833 17842 833 2969
812 17530 812 2970
792 17072 792 2973
764 17746 764 2974
622 15557 622 3042
631 15157 629 3050
796 17449 790 2972
753 17505 747 2975
742 16678 742 2977
698 16085 698 2989
790 17560 770 2972
727 16257 727 2982
707 16317 707 2984
812 17257 811 2971
727 16371 727 2981
742 16678 742 2977
767 17943 639 3012
626 15220 619 3040
720 16298 720 2983
619 15542 619 3054
790 17560 770 2972
635 15531 631 3024
801 16868 790 2975
689 17047 688 2990
704 15950 704 2991
660 17187 639 3014
723 16637 723 2981
812 17257 811 2971
770 17688 770 2973
675 16836 620 3025
634 15307 634 3032
698 16085 698 2989
631 15157 629 3050
712 16295 683 2995
773 17116 768 2974
669 15600 668 3011
690 17341 675 2997
632 15492 631 3026
659 17022 628 3018
692 17556 669 2998
704 15950 704 2991
658 15816 654 3005
720 16468 720 2982
714 17368 685 2991
672 17239 651 3007
650 15834 646 3019
626 15405 626 3039
708 16513 698 2988
755 18317 639 3013
747 17812 747 2975
726 16771 726 2979
766 17411 764 2974
671 16191 640 3011
722 17282 626 3016
680 16915 677 2995
622 15557 622 3042
634 15400 629 3036
647 15807 617 3026
702 17434 654 3002
689 17563 669 2998
644 15589 629 3035
769 17938 769 2973
746 16503 746 2976
649 15484 649 3030
797 17281 790 2972
726 16771 726 2979
663 16606 635 3017
662 16593 660 3002
675 16376 660 3001
692 16243 684 2994
718 16616 654 3004
653 16085 621 3023
757 17287 747 2975
676 16135 665 3003
755 18317 639 3013
684 16765 663 3000
770 17893 770 2972
704 16193 704 2986
628 15774 622 3039
656 15263 656 3029
801 16868 790 2975
640 15914 631 3023
680 16701 678 3000
666 16733 623 3022
634 15307 634 3032
630 15707 622 3033
656 15263 656 3029
684 15884 683 2998
663 15751 643 3009
768 17152 768 2974
746 16503 746 2976
691 17524 685 2992
645 16158 619 3027
682 16591 682 2993
720 16513 652 3008
685 16763 640 3010
672 15228 668 3016
683 16361 613 3028
694 16732 687 2991
693 16547 611 3027
635 15623 629 3035
630 15840 616 3031
708 16622 687 2992
666 16733 623 3022
680 16710 678 2996
684 16897 677 2995
677 17140 639 3014
653 15684 626 3038
742 16678 742 2977
630 15840 616 3031
690 17341 675 2997
674 16512 660 3001
657 16609 635 3017
655 16126 638 3020
629 15197 629 3037
647 16130 638 3020
715 16253 707 2985
653 15684 626 3038
791 17500 791 2971
651 15773 627 3021
687 17146 666 2999
687 17146 666 2999
693 17284 648 3008
724 16535 654 3004
720 16298 720 2983
651 15773 627 3021
703 17289 650 3006
683 15921 683 3003
764 17746 764 2974
678 16571 624 3018
649 15484 649 3030
640 15914 631 3023
630 15707 622 3033
629 15197 629 3037
682 17305 676 2994
678 16571 624 3018
682 16591 682 2993
707 16317 707 2984
703 17289 650 3006
715 16803 698 2987
647 15566 646 3020
682 17305 676 2994
635 15623 629 3035
683 16361 613 3028
716 17266 675 2997
742 16401 723 2981
812 17257 811 2971
704 16152 704 2987
663 15751 643 3009
742 16401 723 2981
812 17530 812 2970
688 17052 688 2990
715 16253 707 2985
678 16764 678 2996
685 16763 640 3010
663 15751 643 3009
659 17022 628 3018
634 15400 629 3036
688 17052 688 2990
715 16803 698 2987
683 16361 613 3028
747 17812 747 2975
693 16547 611 3027
