450 20.4771
670 15611 670 3025
653 15213 653 3030
734 16809 623 3048
694 16287 692 3023
748 17965 708 3020
665 15567 638 3036
812 20726 803 3001
791 18683 622 3068
644 15127 638 3039
644 15127 638 3039
724 16243 670 3025
713 16413 670 3051
688 16543 670 3025
736 16375 670 3025
702 16138 670 3038
674 16082 670 3038
732 16526 670 3025
732 16417 670 3038
717 16382 670 3025
717 16777 670 3038
728 16322 670 3038
733 16399 670 3038
698 16185 670 3025
732 16285 670 3038
702 16057 670 3025
743 16576 670 3025
691 16063 670 3025
708 16490 670 3026
766 17597 670 3038
753 17015 670 3038
697 16389 670 3038
696 16409 670 3025
751 16884 670 3038
696 16143 670 3025
746 16998 670 3025
714 16837 688 3032
802 19020 688 3045
756 17122 688 3032
709 16290 670 3025
726 16606 670 3038
692 16364 670 3051
725 16450 670 3025
730 16592 688 3032
702 16335 680 3053
762 17607 670 3039
722 16528 670 3038
800 18554 688 3033
707 16226 670 3025
732 16920 688 3032
682 16240 680 3038
689 16025 670 3025
705 16336 670 3039
762 17085 670 3025
722 16514 670 3026
681 15969 670 3038
753 17351 688 3032
732 16618 670 3025
702 16370 670 3025
722 16821 670 3025
691 16229 670 3038
735 17051 688 3032
691 16273 670 3025
776 17342 688 3046
712 16991 670 3026
714 16376 670 3025
747 17309 688 3032
768 16521 680 3038
709 16725 688 3046
711 16483 670 3038
697 16320 670 3025
754 17180 688 3032
726 16219 670 3025
763 17059 670 3025
770 17927 688 3045
717 16563 670 3038
707 16238 670 3038
748 16717 670 3026
742 16620 680 3025
706 16228 670 3038
752 17631 688 3032
715 16660 670 3025
721 16202 670 3025
741 17187 688 3032
708 16537 692 3036
703 16491 670 3039
703 16745 670 3038
728 16128 670 3025
700 16547 670 3025
725 16744 670 3038
720 16485 688 3032
712 16191 670 3025
702 16376 670 3051
732 17348 670 3038
704 16723 670 3025
747 17225 670 3025
680 16087 670 3025
674 15907 670 3038
711 16632 670 3025
719 16673 688 3045
728 16511 670 3025
712 16301 670 3039
781 17645 688 3032
697 16554 688 3045
702 15991 670 3038
720 16624 688 3033
718 16568 670 3026
758 16730 670 3038
712 16715 670 3025
716 16439 670 3038
707 16692 688 3058
706 16383 670 3039
701 16293 670 3025
714 16394 688 3045
731 16487 670 3038
711 16477 670 3038
698 16778 670 3025
762 17194 680 3038
685 16357 670 3025
736 17073 670 3038
737 17222 688 3045
758 16570 670 3025
691 16103 670 3025
740 16985 670 3025
720 16749 670 3025
725 16792 670 3038
775 17206 688 3045
737 17365 670 3025
712 16421 670 3025
694 16598 670 3038
706 16161 670 3025
751 17506 688 3045
760 17947 688 3032
726 17417 670 3026
710 16644 688 3045
746 16561 670 3025
757 16967 670 3025
732 16686 670 3025
737 17813 688 3032
686 16040 670 3038
689 15934 670 3038
734 16601 670 3025
728 16517 670 3038
758 17742 688 3045
761 16579 680 3025
732 16455 670 3038
752 16925 670 3038
710 16788 688 3032
726 16854 688 3045
713 16422 670 3038
704 16482 688 3032
712 16378 670 3025
712 16276 670 3038
737 17044 670 3038
733 16607 670 3025
776 17457 670 3038
740 16832 688 3032
692 16196 670 3038
776 17042 688 3045
722 16623 670 3051
730 16598 688 3045
716 16243 670 3025
712 16629 670 3038
767 17380 670 3025
711 16516 670 3025
727 16962 670 3038
728 16814 670 3038
688 16516 670 3038
723 17083 670 3025
696 16466 670 3025
722 16649 670 3038
709 16712 688 3045
766 17042 680 3026
712 16295 670 3038
686 16076 670 3025
682 16237 670 3038
793 18227 688 3045
746 16613 688 3045
714 16569 688 3045
787 17754 670 3051
742 16943 670 3025
692 16232 670 3025
732 16449 670 3026
744 17067 670 3025
697 16524 670 3038
704 16407 670 3025
708 16371 670 3026
732 16180 680 3025
705 16228 670 3025
728 16407 670 3025
732 16340 670 3038
702 16545 670 3025
770 17065 688 3032
712 16287 670 3038
720 16528 688 3045
712 16408 670 3038
777 17448 680 3038
703 16711 670 3038
729 17351 670 3026
700 16471 688 3032
770 18119 670 3025
675 16250 670 3038
697 16128 670 3039
741 16563 670 3025
699 16383 670 3039
701 16483 670 3025
708 16430 670 3026
730 16524 688 3032
712 16414 670 3038
736 17249 688 3045
720 16477 670 3025
730 16528 670 3025
699 16396 670 3038
729 16666 670 3025
686 16189 670 3038
754 16863 688 3032
705 16377 670 3038
712 16788 688 3045
745 16744 670 3038
720 16959 670 3038
705 16193 670 3038
729 16521 670 3038
689 16558 670 3038
735 17020 688 3032
751 17127 670 3025
689 16275 670 3025
720 16603 670 3025
711 16654 670 3038
742 16431 670 3038
721 16989 688 3045
726 16535 670 3038
733 16971 688 3032
680 15978 670 3025
720 16770 688 3058
748 17804 670 3025
717 16723 670 3025
721 16623 670 3025
703 16952 688 3033
715 16618 670 3038
712 16656 670 3038
742 16923 688 3045
772 17554 688 3032
748 17511 688 3033
710 16850 670 3039
712 16390 670 3038
686 15928 670 3038
716 16899 670 3051
709 16901 688 3032
713 16770 670 3025
722 16871 670 3039
687 15796 670 3038
742 16885 688 3032
772 17926 670 3051
708 16555 688 3045
691 16156 670 3038
712 16224 670 3025
741 17201 670 3026
720 16645 688 3032
692 16542 670 3025
752 17404 680 3025
746 16517 670 3025
746 16694 670 3038
771 17846 670 3025
728 17186 688 3032
756 17213 670 3038
757 17290 670 3025
742 16574 670 3025
750 16684 670 3025
742 16961 670 3038
703 16397 670 3026
768 16811 670 3025
757 17295 670 3025
702 16116 670 3025
709 16868 688 3033
706 16809 688 3032
742 17086 688 3045
719 17395 670 3038
722 16697 688 3032
760 16709 688 3032
736 16671 670 3025
684 16209 670 3025
670 16021 670 3025
702 16359 670 3038
750 17582 688 3045
708 16578 670 3038
756 16988 688 3033
681 15910 670 3025
742 16728 670 3025
775 17702 670 3025
727 17036 688 3033
702 16553 688 3045
732 16801 688 3032
709 16525 688 3045
748 17202 670 3038
732 17121 670 3025
728 16445 670 3025
702 16214 670 3025
740 16820 688 3045
715 16461 670 3051
724 17019 688 3033
721 17070 710 3031
712 16566 670 3025
733 16980 670 3038
672 16010 670 3038
694 16316 670 3025
712 16412 670 3039
732 16436 670 3038
808 18071 688 3045
685 16035 670 3025
750 16726 698 3045
724 16494 670 3026
759 17521 670 3025
732 16422 670 3025
773 17260 670 3038
724 16726 670 3025
798 18158 670 3038
706 16563 670 3025
754 17516 688 3032
702 16358 670 3052
722 16043 670 3038
712 16347 670 3039
702 15945 670 3038
751 16582 670 3038
735 16383 670 3025
704 16716 688 3045
732 16485 670 3038
775 17257 670 3038
730 16782 670 3038
690 16328 688 3045
730 16320 688 3045
744 17548 688 3045
732 17075 670 3025
750 17113 670 3038
708 17114 688 3032
740 16862 688 3033
712 16372 670 3025
739 16902 670 3025
726 16929 688 3046
764 16976 680 3038
745 17151 698 3058
706 16525 670 3025
738 16601 692 3036
744 17490 688 3045
740 17276 688 3045
691 16024 670 3025
724 16999 670 3038
771 17673 670 3038
694 16213 670 3025
716 16883 688 3045
740 16950 688 3032
759 17255 670 3025
689 16096 670 3025
704 16378 670 3025
742 16536 670 3025
769 17155 670 3038
683 16096 670 3038
732 16329 670 3025
742 17162 688 3033
770 17901 670 3038
716 16539 670 3025
748 16489 670 3025
771 17241 670 3038
711 16385 680 3038
758 16498 680 3025
722 16489 670 3051
742 16466 670 3038
727 17245 688 3033
692 16249 670 3025
750 16827 688 3032
749 17249 688 3032
724 17197 688 3045
718 16644 670 3025
715 16825 688 3032
738 17092 688 3032
774 16927 688 3045
750 16749 688 3032
725 16533 670 3025
675 16193 670 3038
707 16372 670 3025
756 16873 688 3045
702 16475 670 3038
696 16784 670 3039
727 16496 670 3038
750 17316 670 3038
741 16752 670 3025
698 16511 670 3038
707 16449 670 3025
741 17098 670 3025
706 16574 670 3039
734 16679 670 3038
713 16928 688 3032
711 16569 670 3025
755 17137 670 3038
698 16456 670 3038
705 16852 688 3046
731 16833 670 3038
731 16852 670 3038
713 16626 670 3038
727 16669 670 3038
726 16322 670 3025
729 16706 688 3032
719 16644 670 3038
682 16261 670 3038
693 16344 670 3025
693 16173 670 3026
694 16293 670 3038
712 16475 670 3038
703 16530 670 3038
694 16383 670 3025
700 16619 670 3039
788 17989 688 3032
799 18173 670 3025
738 17453 670 3038
686 16320 670 3025
746 17262 670 3025
726 16483 670 3038
698 16539 670 3038
717 16536 692 3036
706 16451 670 3038
705 16725 670 3025
692 16213 670 3025
732 16693 670 3025
686 16272 670 3038
694 16242 670 3038
750 17126 670 3038
705 16205 670 3025
705 16190 670 3038
710 16048 670 3025
701 16570 670 3038
753 17040 670 3025
693 16530 688 3046
691 16262 670 3025
721 16447 670 3038
753 17074 688 3045
785 18424 670 3038
781 17806 670 3038
697 16215 670 3038
720 17199 670 3025
782 17635 688 3032
720 16834 670 3025
726 16533 670 3038
700 16320 670 3039
720 16163 670 3025
710 16668 698 3032
714 16264 670 3051
723 16702 670 3026
702 16317 670 3025
745 16925 688 3032
749 17286 688 3032
748 17000 670 3038
691 16208 670 3038
753 17411 670 3025
702 16220 670 3038
691 16175 670 3038
737 17017 688 3045
685 15933 670 3025
702 16218 670 3025
756 17814 670 3025
710 16552 670 3038
712 16054 670 3038
742 16733 670 3038
723 17058 670 3038
739 17022 670 3025
719 16732 670 3038
680 16001 670 3038
705 16252 670 3038
686 16151 670 3025
732 16568 670 3038
756 17131 670 3025
743 17339 670 3038
756 17455 670 3025
750 16773 670 3038
724 16911 688 3032
741 17752 670 3026
728 16226 670 3025
714 17133 670 3038
720 16443 670 3025
712 16654 670 3038
712 16125 670 3025
759 17043 670 3038
735 16379 670 3025
