710 1.07359
898 22180 631 3109
711 17514 711 3058
898 22180 631 3109
741 17401 655 3070
898 22180 631 3109
824 19873 667 3046
773 19158 638 3112
778 19879 689 3055
864 21947 648 3071
739 18829 657 3061
864 21947 648 3071
864 21947 648 3071
735 18169 702 3073
778 19879 689 3055
735 18169 702 3073
732 18535 665 3078
773 19158 638 3112
886 21323 652 3070
748 18793 677 3067
750 18737 653 3102
889 21123 637 3096
864 21947 648 3071
824 19873 667 3046
886 21323 652 3070
732 18535 665 3078
711 17514 711 3058
732 18535 665 3078
898 22180 631 3109
806 19171 651 3080
795 19546 667 3056
806 19171 651 3080
773 19158 638 3112
889 21123 637 3096
773 19158 638 3112
748 18793 677 3067
780 19251 682 3050
739 18829 657 3061
735 18169 702 3073
735 18169 702 3073
780 19251 682 3050
780 19251 682 3050
748 18793 677 3067
748 18793 677 3067
748 18793 677 3067
780 19251 682 3050
824 19873 667 3046
795 19546 667 3056
886 21323 652 3070
889 21123 637 3096
780 19251 682 3050
748 18793 677 3067
748 18793 677 3067
889 21123 637 3096
739 18829 657 3061
886 21323 652 3070
741 17401 655 3070
748 18793 677 3067
748 18793 677 3067
750 18737 653 3102
748 18793 677 3067
750 18737 653 3102
735 18169 702 3073
748 18793 677 3067
886 21323 652 3070
795 19546 667 3056
748 18793 677 3067
889 21123 637 3096
748 18793 677 3067
898 22180 631 3109
864 21947 648 3071
711 17514 711 3058
748 18793 677 3067
795 19546 667 3056
735 18169 702 3073
889 21123 637 3096
732 18535 665 3078
780 19251 682 3050
773 19158 638 3112
898 22180 631 3109
748 18793 677 3067
795 19546 667 3056
748 18793 677 3067
748 18793 677 3067
750 18737 653 3102
748 18793 677 3067
748 18793 677 3067
898 22180 631 3109
739 18829 657 3061
748 18793 677 3067
778 19879 689 3055
780 19251 682 3050
889 21123 637 3096
739 18829 657 3061
739 18829 657 3061
735 18169 702 3073
864 21947 648 3071
795 19546 667 3056
748 18793 677 3067
806 19171 651 3080
889 21123 637 3096
732 18535 665 3078
773 19158 638 3112
795 19546 667 3056
711 17514 711 3058
748 18793 677 3067
898 22180 631 3109
748 18793 677 3067
889 21123 637 3096
741 17401 655 3070
886 21323 652 3070
767 18300 643 3081
735 18169 702 3073
889 21123 637 3096
750 18737 653 3102
748 18793 677 3067
864 21947 648 3071
748 18793 677 3067
735 18169 702 3073
748 18793 677 3067
741 17401 655 3070
773 19158 638 3112
750 18737 653 3102
732 18535 665 3078
898 22180 631 3109
864 21947 648 3071
732 18535 665 3078
898 22180 631 3109
889 21123 637 3096
