3261 183.87
985 19442 698 2987
875 14038 875 2967
801 19715 676 2994
756 13511 744 2991
662 15342 611 3029
643 15437 625 3098
635 15933 628 3033
643 15420 631 3085
642 14920 635 3055
921 16923 682 2993
893 14014 875 2967
638 15289 631 3096
792 14241 792 2973
643 15400 631 3086
872 13890 854 2968
834 13821 834 2971
872 13890 854 2968
902 16111 726 2979
757 14081 750 2978
813 13796 813 2972
820 13800 763 2985
807 13561 806 2986
772 14102 772 2976
835 13776 829 2977
780 19207 685 2991
806 13592 784 2988
778 18085 643 3009
729 16899 618 3028
702 16941 624 3022
853 15869 707 2984
715 17801 700 2993
735 14109 722 2988
766 18607 652 3008
741 18363 666 2999
733 14831 728 2980
748 16755 646 3017
655 15465 645 3037
743 14993 696 3005
812 15328 665 3030
829 14952 723 2981
637 16002 625 3045
724 17925 677 2995
753 14609 668 3009
819 17982 637 3015
650 15132 635 3051
784 18922 662 3001
798 14076 741 2987
815 18821 663 3001
745 15196 736 2979
678 15993 627 3020
731 17664 682 2999
645 15509 641 3040
694 16657 647 3015
821 19569 620 3025
844 17506 679 2996
673 15174 668 3047
806 19401 676 2996
772 15501 655 3011
832 16379 659 3006
722 17475 670 3002
657 15718 638 3035
810 14947 695 2997
887 16989 698 2989
803 14550 769 2973
826 14507 790 2972
813 13708 806 2982
769 19148 663 3000
662 15342 611 3029
728 17690 704 2990
739 17327 682 2993
647 15428 645 3038
664 16210 638 3028
700 16241 680 3006
715 16588 715 2995
669 15234 626 3049
821 19569 620 3025
718 17037 673 3000
778 18085 643 3009
790 15835 656 3008
843 17249 676 2998
684 15814 627 3024
668 15203 668 3047
711 16559 651 3013
773 13965 766 2984
850 15627 699 2992
725 15721 711 2988
844 13840 809 2975
719 16286 646 3018
635 15933 628 3033
787 15785 683 3000
730 18494 688 2990
642 14920 635 3055
845 17181 726 2979
867 15584 742 2977
883 17069 678 2996
791 18649 634 3016
849 16057 690 2993
774 19452 676 2996
832 13969 832 2970
791 14462 712 3003
741 18363 666 2999
646 15362 625 3041
859 15811 701 2988
856 14704 770 2972
708 17994 685 2996
686 16809 619 3027
815 18821 663 3001
801 19715 676 2994
848 14009 787 2977
705 16459 624 3021
690 16473 653 3008
836 13762 829 2977
696 15234 625 3053
826 15884 768 2974
650 15132 635 3051
713 16975 654 3004
858 15627 720 2982
691 17047 672 3003
711 16559 651 3013
873 14322 791 2971
857 15542 746 2976
733 14831 728 2980
785 13573 785 2983
744 14640 714 2986
878 16327 698 2990
838 15648 833 2969
796 14405 747 2975
756 13511 744 2991
730 18494 688 2990
659 15310 641 3043
748 13634 746 2987
682 16084 629 3019
796 14405 747 2975
791 18649 634 3016
864 16112 676 2997
760 14758 683 3005
659 15310 641 3043
863 16806 684 2994
808 14734 720 2983
873 15935 812 2970
848 16167 791 2971
696 15234 625 3053
882 17055 698 2989
686 16809 619 3027
847 15226 811 2971
760 14758 683 3005
824 16059 703 2993
870 15934 764 2974
739 17327 682 2993
808 16628 661 3002
833 16423 661 3004
784 18922 662 3001
745 15196 736 2979
670 16189 649 3021
682 16084 629 3019
837 15713 698 2991
840 15637 833 2969
643 15437 625 3098
670 16189 649 3021
876 16351 704 2986
722 17475 670 3002
769 19148 663 3000
869 15970 683 2996
690 16473 653 3008
845 17181 726 2979
840 16261 764 2974
823 16418 698 2991
876 16351 704 2986
883 16656 684 2994
849 16265 683 2998
877 16591 661 3002
877 16591 661 3002
849 16265 683 2998
883 16656 684 2994
1036 18807 789 2973
939 17289 854 2968
921 16925 682 2993
918 15999 813 2972
880 16299 725 3010
820 16563 727 2987
975 18095 702 2990
846 16169 743 3002
969 18626 698 2992
883 16327 683 2996
909 17309 704 2986
914 16489 833 2969
877 16876 764 2978
859 16399 705 2990
874 16233 736 2984
841 16369 725 2986
889 17022 745 2983
898 16026 788 2976
906 16669 698 2993
866 16635 791 2971
899 16641 747 2975
956 16618 742 2977
895 16445 809 2975
895 16447 720 2982
875 17224 725 2982
898 16207 770 2976
944 17230 704 2991
928 16468 812 2970
913 16360 726 2979
954 16556 810 2972
905 16507 726 2979
897 16579 768 2974
863 16442 746 2983
942 16610 746 2976
877 16288 810 2974
915 16629 811 2971
927 16339 726 2979
905 16368 766 2983
875 16402 810 2974
1045 18260 742 2977
1007 17993 854 2968
994 19362 746 2977
908 16551 683 2996
899 16291 753 3000
887 16997 720 3007
871 16765 764 2986
1026 19211 742 2978
980 18201 684 2994
1004 18885 702 2990
905 17505 701 2997
1004 18538 747 2975
921 17339 813 2972
946 16654 720 2982
928 16852 834 2971
965 17201 832 2970
916 16456 756 2992
879 16472 810 2978
910 16475 706 2991
963 17927 771 2975
933 17750 789 2975
998 17066 791 2971
959 17762 833 2970
914 16312 788 2977
881 16335 810 2974
900 16896 753 2988
918 16571 726 2979
888 17990 720 2999
918 17322 704 2986
924 17447 768 2976
1000 17893 768 2974
898 16941 788 2980
921 16877 725 2982
896 17380 746 2985
988 17475 746 2978
909 16572 720 2984
969 17969 833 2969
971 17108 789 2975
902 16684 720 2984
964 17158 832 2971
904 17115 790 2979
891 17415 791 2971
965 16792 747 2978
969 17969 767 2977
895 16938 720 2986
908 16551 683 2996
914 16868 766 2978
896 16552 766 2982
1107 20128 832 2970
1054 20655 698 2995
1050 19105 854 2968
943 16364 861 2975
909 16317 795 3006
908 16628 683 2996
884 16803 823 2994
920 16423 817 3004
1078 19835 728 2981
1100 20281 728 2980
1020 19512 789 2975
957 17683 834 2971
906 16719 753 2988
974 18446 708 2986
1007 19103 725 2982
904 17791 742 2987
990 17900 791 2974
985 18537 728 2983
892 16884 775 2986
1042 18249 770 2975
1014 17477 787 2977
977 17268 720 2990
1027 18991 704 2986
911 16962 801 2984
1030 18990 748 2977
961 18066 720 2984
1053 18901 725 2982
903 17078 766 2984
986 18267 788 2976
1049 20074 742 2978
928 17053 726 2992
949 16877 788 2977
895 16674 854 2978
943 16619 810 2974
979 18113 833 2970
932 17515 809 2979
905 17168 746 2985
928 17229 744 2989
937 17027 766 2978
925 17492 813 2972
895 17114 720 2991
983 17630 810 2973
959 16458 788 2980
923 17385 746 2981
972 17049 747 2978
981 17529 811 2971
934 17349 746 2982
983 18210 810 2972
901 17918 727 2986
958 18161 748 2979
913 17758 742 2986
900 18175 811 2984
910 17579 744 2986
935 16809 768 2980
979 17192 791 2975
974 17284 809 2975
921 17707 788 2977
930 17505 727 2984
936 16822 742 2980
913 16650 810 2974
1149 20052 811 2971
1095 20073 854 2968
922 16630 683 2996
898 16939 823 2998
1087 19435 770 2975
1000 18318 791 2974
961 18082 720 2985
937 18723 749 2988
957 17779 834 2971
967 17546 735 2992
906 17207 720 2993
942 17640 801 2983
988 18622 809 2975
959 18096 788 2977
926 17953 766 2982
966 17178 742 2990
974 16924 746 2988
937 17555 813 2972
913 17615 805 2984
976 17069 765 2981
900 17442 789 2993
917 16728 817 2981
958 17272 742 2980
956 16827 810 2974
915 16802 753 2988
982 17312 788 2977
940 17764 748 2981
975 17585 747 2978
979 16809 830 2978
956 17041 766 2978
960 17248 742 2980
956 16827 810 2974
1033 19722 768 2979
981 17883 834 2971
959 17129 874 2978
944 16705 683 2996
918 17289 743 3002
916 17096 753 2988
961 19434 722 2991
987 18665 790 2977
940 17960 698 2999
928 17295 705 2996
953 17577 813 2972
948 18282 727 2993
960 17260 742 2980
1002 18216 720 2989
980 18217 810 2974
925 18420 720 2999
967 17353 831 2977
958 17878 781 2986
955 18334 784 2985
964 17650 811 2976
972 18500 727 2985
994 18167 791 2978
991 18146 726 2989
996 18345 720 2989
971 17928 834 2971
961 18182 811 2977
1097 18735 811 2976
1052 19798 727 2988
976 17852 813 2972
962 17661 874 2976
962 17448 683 2996
951 17226 859 2992
938 17230 781 3003
925 18438 720 2999
949 17448 753 2988
976 19660 722 2991
961 18178 830 2984
998 18519 727 2990
1006 18235 720 2989
1032 18469 808 2978
928 17470 803 2997
960 17756 854 2977
927 18423 720 2999
966 17288 742 2990
1040 18221 809 2979
964 18139 833 2973
970 17783 742 2981
981 17689 742 2980
972 17849 874 2974
965 17804 787 2980
964 18103 832 2976
972 19664 722 2991
962 17531 786 2981
972 17609 831 2977
1066 18043 726 2999
989 19910 722 2991
984 17977 813 2972
978 18159 831 2977
970 17374 742 2990
967 19399 720 3000
959 17896 758 3002
935 17758 808 3001
1017 17920 765 2984
962 19501 755 2992
949 17450 786 2989
1013 18610 744 2984
993 18401 781 2986
1008 19099 749 2984
963 17581 797 2988
994 17766 811 2980
969 18333 742 2998
965 17562 808 2982
970 17374 742 2990
985 18125 801 2985
1007 19235 749 2984
1006 18245 720 2989
975 18070 758 2988
966 18571 753 2988
1014 18306 742 2980
987 17975 784 2986
1059 18630 742 2980
1014 18496 720 2989
1010 19559 775 2986
993 18364 813 2972
971 18071 874 2987
970 17426 742 2990
951 18489 786 3007
949 17950 789 2991
953 17606 810 2997
1020 19169 749 2984
1009 19020 739 2996
1052 19511 764 2982
978 18167 831 2977
1001 18120 854 2981
987 18596 805 2988
1041 18442 789 2982
1004 18178 874 2974
1001 17771 827 2983
1016 18359 720 2989
1034 18458 766 2982
974 18821 766 2988
992 18221 827 2983
994 18117 874 2975
976 17999 811 2984
1073 19612 830 2978
1025 19623 794 2988
1014 18509 720 2989
1004 18179 874 2974
1002 18508 874 2975
974 17477 787 2992
958 18592 808 3001
954 18267 823 2998
1038 19011 832 2975
1064 19069 748 2980
1009 18015 827 2983
970 17492 742 2990
1036 19233 831 2977
1066 19130 831 2978
1096 19072 767 2981
1017 20293 742 2997
1013 18862 874 2975
984 18170 829 2990
975 18224 766 3006
1061 19670 831 2977
1070 19643 850 2978
1020 19137 784 2989
1016 18186 827 2983
1031 19046 784 2989
1082 19532 831 2977
1044 18732 767 2995
1018 18531 771 2994
976 18425 831 2996
1056 19712 784 2989
1021 18558 771 2994
1016 18242 827 2983
1005 18594 781 3006
1027 19685 788 2993
1037 18914 771 2994
1021 18363 827 2983
1020 18382 827 2983
1049 19053 771 2994
1046 19254 832 2983
1032 19328 827 3007
898 16666 678 2996
875 14038 875 2967
801 19715 676 2994
756 13511 744 2991
662 15342 611 3029
643 15437 625 3098
635 15933 628 3033
642 14920 635 3055
643 15420 631 3085
872 13890 854 2968
872 13890 854 2968
834 13821 834 2971
893 14014 875 2967
792 14241 792 2973
638 15289 631 3096
757 14081 750 2978
643 15400 631 3086
806 13592 784 2988
813 13796 813 2972
835 13776 829 2977
745 15196 736 2979
772 14102 772 2976
778 18085 643 3009
769 19148 663 3000
820 13800 763 2985
791 18649 634 3016
780 19207 685 2991
729 16899 618 3028
691 17047 672 3003
755 14200 728 2981
807 13561 806 2986
821 19569 620 3025
670 16189 649 3021
743 14993 696 3005
741 18363 666 2999
804 17259 678 2998
739 17327 682 2993
815 18821 663 3001
655 15465 645 3037
851 14309 724 2985
724 17925 677 2995
675 16131 659 3018
669 15234 626 3049
838 15648 833 2969
693 16036 693 2997
730 18494 688 2990
700 16241 680 3006
731 17664 682 2999
722 17475 670 3002
832 13969 832 2970
806 19401 676 2996
812 15328 665 3030
708 17994 685 2996
696 15234 625 3053
722 17475 670 3002
733 14831 728 2980
853 15869 707 2984
774 19452 676 2996
760 14758 683 3005
657 15718 638 3035
690 16473 653 3008
656 15697 623 3053
844 13840 809 2975
819 17982 637 3015
668 15203 668 3047
862 15796 687 3004
637 16002 625 3045
773 13965 766 2984
813 13708 806 2982
719 16286 646 3018
766 18607 652 3008
803 14550 769 2973
828 14015 808 2978
856 14704 770 2972
840 15452 720 2982
798 14882 764 2974
684 15814 627 3024
647 15428 645 3038
796 14405 747 2975
753 14609 668 3009
784 18922 662 3001
662 15342 611 3029
866 16533 685 2991
646 15362 625 3041
673 15174 668 3047
790 15571 701 2997
785 13573 785 2983
798 14076 741 2987
715 16588 715 2995
645 15509 641 3040
718 17037 673 3000
650 15132 635 3051
638 15289 631 3096
887 17297 676 2997
735 14109 722 2988
686 16809 619 3027
702 16941 624 3022
664 16210 638 3028
794 15529 690 3000
727 14051 727 2989
741 18363 666 2999
884 15460 812 2970
789 14579 683 3015
876 16363 659 3006
784 18922 662 3001
764 14353 705 3004
763 19665 639 3011
810 14947 695 2997
744 18576 639 3014
713 16975 654 3004
790 15835 656 3008
862 16597 791 2971
858 15823 678 2998
848 14009 787 2977
795 14145 742 2986
778 18085 643 3009
728 17690 704 2990
826 14507 790 2972
659 15310 641 3043
750 15806 698 2987
737 16792 709 2985
781 16392 704 2986
791 14462 712 3003
799 14424 698 2992
725 15721 711 2988
808 14734 720 2983
650 15132 635 3051
715 17801 700 2993
845 14360 811 2971
763 19665 639 3011
682 16084 629 3019
659 15310 641 3043
891 16201 679 2995
836 13762 829 2977
886 15514 746 2976
715 17801 700 2993
711 16559 651 3013
770 18535 660 3002
702 16941 624 3022
748 16755 646 3017
712 16548 661 3007
821 19569 620 3025
744 14640 714 2986
682 16084 629 3019
896 15545 723 2981
686 16809 619 3027
642 14920 635 3055
643 15400 631 3086
748 16755 646 3017
848 15887 704 2986
651 16029 628 3032
732 13548 723 2992
878 16769 678 2996
839 15899 742 2977
678 15993 627 3020
884 16589 684 2994
651 16029 628 3032
815 18821 663 3001
678 15993 627 3020
711 16559 651 3013
856 15987 661 3002
826 14507 790 2972
866 16533 685 2991
895 16679 678 2996
840 15138 726 2979
895 16679 678 2996
894 15530 704 2986
840 15138 726 2979
898 16666 678 2996
878 16769 678 2996
898 16666 678 2996
862 16597 791 2971
894 15530 704 2986
1111 20574 833 2969
1109 20330 854 2968
946 18221 661 3007
909 17412 690 3016
902 15677 723 2981
849 16364 720 2983
987 17843 789 2973
886 18229 698 2990
900 17413 690 3012
864 15869 819 2995
855 16585 708 3000
960 18143 678 2996
973 16649 792 2973
955 16953 810 2974
893 16107 770 2975
944 18100 682 2993
915 16924 742 2977
977 17563 811 2971
882 16152 788 2976
919 16770 695 3005
889 16799 768 2979
860 16193 705 3002
913 16745 726 2979
863 16299 752 2982
930 17891 701 2989
907 16754 704 2986
924 17077 747 2975
942 18151 700 2991
919 17253 678 2999
918 17636 698 2999
938 17580 790 2972
946 17698 698 2987
860 16260 812 2973
931 17831 746 2976
959 16385 810 2974
880 16328 702 2990
870 15686 720 2982
916 17588 701 2993
869 15713 720 2982
891 16816 745 2981
895 16726 745 2981
920 16374 747 2978
920 16908 769 2976
895 16313 703 2989
890 16363 789 2975
946 16740 747 2975
867 16200 720 2982
1059 19050 720 2985
1019 18306 811 2971
991 17776 813 2972
969 19395 681 3000
963 17691 690 3016
914 15707 723 2981
860 17245 728 2985
983 18129 693 3007
881 16268 742 2984
876 16747 713 3002
1052 18471 792 2973
1004 19102 683 2995
1002 19313 683 3000
902 16515 787 2979
944 16353 809 2975
1046 17782 812 2973
959 16715 768 2979
882 16283 723 3005
896 17143 768 2979
944 17657 748 2977
901 16979 793 2975
943 17988 701 2993
980 17644 791 2974
954 17507 747 2975
897 17296 720 2986
915 16902 708 3002
902 15914 723 2981
947 18203 742 2980
942 18248 698 2996
926 16669 721 2991
913 18387 698 2990
916 18308 706 2987
907 15752 723 2981
861 16529 726 2989
907 16570 788 2976
938 17115 705 2993
916 17033 747 2978
987 17840 742 2977
964 16662 722 2989
960 17742 698 2992
893 17661 720 2986
935 17707 721 2985
1182 20802 811 2971
1008 17752 830 2974
995 19903 681 3001
909 15845 723 2982
882 16889 766 3011
881 17066 766 3011
1047 18359 706 2991
1009 19642 683 3000
943 18428 698 2994
902 16485 787 2981
898 17363 720 2986
937 18969 698 2990
889 16718 742 2984
1007 17988 771 2977
954 17231 708 3000
1022 18521 703 2992
923 16851 809 2979
984 17893 791 2974
954 17746 747 2978
985 17221 722 2989
957 17055 727 2981
1043 18435 706 2991
932 16703 809 2979
952 18849 727 2981
964 18577 770 2975
967 16920 788 2976
950 18152 767 2980
988 18229 742 2978
1017 18207 769 2976
955 18514 721 2985
980 17942 810 2974
984 17632 789 2975
961 17246 788 2980
963 17624 768 2979
906 17034 745 2981
922 16897 745 2981
944 17361 708 3000
1066 18187 873 2975
997 18233 791 2974
981 19211 698 2990
918 16353 815 3024
889 18097 802 3022
910 16811 730 3003
1022 17565 852 2976
924 16365 819 2994
1043 18532 706 2991
961 17792 724 2983
1008 18370 750 2978
991 18116 769 2978
911 16885 740 2999
987 19173 721 2985
892 17022 757 3001
1029 18531 730 2981
967 18004 786 2981
972 17405 708 3000
902 17590 720 2986
902 16636 818 2991
1013 18786 746 2978
1018 17232 788 2977
939 17501 720 2986
975 18582 698 2994
890 16989 808 2992
936 17124 809 2979
914 16393 746 2982
964 18735 698 2994
970 17815 747 2980
916 17125 724 2988
898 18102 721 2990
911 17453 745 2982
997 17587 742 2984
916 18161 726 2984
969 17052 811 2980
911 17135 787 2981
939 17063 787 2981
902 17084 746 2986
1073 18799 706 2991
1059 18818 891 2974
1038 20183 705 2990
970 18924 698 2994
917 16401 815 3025
907 17600 720 2986
920 17356 771 3008
927 16795 797 3006
908 17050 824 2998
1031 19054 810 2975
1045 17752 873 2979
1072 18779 850 2978
1070 19607 771 2978
956 18485 766 2983
949 16891 748 2994
1001 17194 738 2989
979 17872 742 2983
1067 18978 830 2974
964 16494 810 2985
1012 17689 846 2980
1019 18155 772 2979
927 18262 728 2985
1035 19966 746 2981
918 17185 787 2981
935 16873 817 2994
1039 19968 789 2978
936 16961 773 2985
1045 18994 768 2979
1017 18250 840 2979
973 17516 747 2983
940 16846 788 2992
941 17465 724 2988
953 17251 724 2988
983 18190 724 2983
947 17382 771 2989
992 18177 767 2980
963 17302 767 2982
957 17409 767 2982
983 18237 747 2980
991 17221 738 2989
936 18163 728 2985
965 17718 745 2983
940 17229 742 2990
1105 19561 811 2975
1098 19764 830 2974
1083 19851 705 3027
1048 20386 705 2990
1013 17320 891 2982
942 16850 828 3005
907 17678 720 2999
1007 18925 788 2980
1038 18461 788 2980
917 18012 743 2994
982 17084 754 3004
991 17394 769 2984
920 17606 802 3000
909 18234 720 2990
999 18735 788 2981
908 17478 824 2998
948 17461 762 3003
960 17640 766 2987
1019 17544 767 2982
930 17272 826 2989
932 17861 790 2987
936 18364 728 2985
1002 18510 727 2985
949 17059 800 2990
934 18130 742 2990
986 18391 747 2983
934 17693 724 2992
950 17480 743 2992
1013 17819 722 2989
939 17325 809 2983
937 17095 827 2986
959 17474 810 2981
945 17553 801 2983
940 17826 720 2986
1065 18171 826 2984
1041 18686 809 2980
1013 18233 870 2983
1009 19149 789 2982
978 17302 809 2999
962 17565 752 3031
948 18582 720 2986
938 17797 766 3000
984 17520 849 2985
1011 18915 801 2983
967 17592 820 2995
1037 18006 760 2991
971 17953 723 2999
992 18374 743 2985
1024 18067 760 2987
1041 17827 738 2989
1041 18619 862 2981
986 18368 738 2989
960 18395 720 2989
938 17555 824 2998
950 17826 764 2987
984 17651 765 2998
1019 18674 766 2983
948 17993 720 2999
1065 19414 784 2985
1057 19656 770 2983
1053 19550 811 2981
1027 18989 853 2985
1001 18966 720 2986
982 17438 828 3005
974 18260 772 3011
955 18767 788 2999
993 18309 756 3003
1053 17887 738 2989
970 18166 845 2997
957 17617 840 2998
960 18007 810 2998
977 18440 720 2989
985 18249 780 2993
988 18668 726 2988
991 18028 825 2995
999 18690 745 2987
958 18886 745 2994
1059 18584 826 2985
976 19491 720 2999
991 17888 851 2986
1113 19772 807 2984
1065 19592 885 2985
1041 20082 809 2992
1025 17675 828 3005
1012 18266 786 3013
978 18446 720 2995
958 18894 745 2994
1032 18057 868 2989
960 18112 810 2998
1070 19618 723 2986
1060 18591 794 2989
996 19214 724 2993
1001 18665 725 2993
963 18011 810 2998
1044 19044 722 2987
958 18894 745 2994
1119 20852 723 2986
999 18707 720 2996
998 18770 821 2998
990 18541 743 3002
979 18587 764 3005
958 18917 745 2994
1050 19375 787 2987
1010 18748 771 2994
985 18869 778 3001
1066 20503 727 3001
1053 19798 802 2989
1014 19711 726 3002
1007 19335 744 3008
969 19189 745 2994
1040 19768 750 2994
972 19200 797 2997
1015 19267 751 2994
1085 20244 807 2996
1058 19763 789 3001
1049 19908 802 2998
925 16898 684 2993
875 14038 875 2967
801 19715 676 2994
756 13511 744 2991
662 15342 611 3029
643 15437 625 3098
635 15933 628 3033
642 14920 635 3055
643 15420 631 3085
854 13903 854 2968
872 13890 854 2968
836 13762 829 2977
834 13821 834 2971
643 15400 631 3086
638 15289 631 3096
912 17148 685 2991
893 14014 875 2967
731 17664 682 2999
792 14241 792 2973
813 13708 806 2982
755 14200 728 2981
757 14081 750 2978
813 13796 813 2972
806 13592 784 2988
739 17327 682 2993
791 18649 634 3016
772 14102 772 2976
778 18085 643 3009
741 18363 666 2999
729 16899 618 3028
715 16588 715 2995
820 13800 763 2985
769 19148 663 3000
806 19401 676 2996
780 19207 685 2991
730 18494 688 2990
691 17047 672 3003
645 15509 641 3040
675 16131 659 3018
810 14947 695 2997
763 19665 639 3011
798 14076 741 2987
724 17925 677 2995
646 15362 625 3041
851 14309 724 2985
733 14831 728 2980
803 14550 769 2973
696 15234 625 3053
766 18607 652 3008
789 14579 683 3015
849 16057 690 2993
812 15328 665 3030
670 16189 649 3021
737 16792 709 2985
844 17506 679 2996
656 15697 623 3053
735 14109 722 2988
678 15993 627 3020
651 16029 628 3032
897 16398 704 2986
862 15796 687 3004
662 15342 611 3029
690 16473 653 3008
673 15174 668 3047
791 14462 712 3003
744 14640 714 2986
808 14734 720 2983
793 14708 703 2989
774 19452 676 2996
748 13634 746 2987
858 16047 742 2977
830 15551 698 2992
745 15196 736 2979
773 13965 766 2984
907 16436 661 3002
832 13969 832 2970
778 18085 643 3009
784 18922 662 3001
865 13851 833 2969
684 15814 627 3024
853 15869 707 2984
712 16548 661 3007
845 17181 726 2979
719 16286 646 3018
838 15648 833 2969
669 15234 626 3049
721 16974 640 3010
790 15835 656 3008
821 19569 620 3025
785 13573 785 2983
650 15132 635 3051
708 17994 685 2996
819 17982 637 3015
848 14009 787 2977
655 15465 645 3037
881 16642 726 2979
686 16809 619 3027
748 16755 646 3017
815 18821 663 3001
890 15972 678 2998
668 15203 668 3047
870 15543 698 2992
655 15465 645 3037
821 19569 620 3025
822 14826 770 2972
864 16385 791 2971
743 14993 696 3005
796 14405 747 2975
816 13813 810 2974
650 15132 635 3051
664 16210 638 3028
718 17037 673 3000
770 18535 660 3002
764 14762 764 2974
841 14774 811 2971
796 14405 747 2975
705 16459 624 3021
722 17475 670 3002
902 17002 684 2993
862 16711 677 3004
815 18821 663 3001
724 17925 677 2995
784 18922 662 3001
877 15805 683 2998
638 15289 631 3096
750 15806 698 2987
659 15310 641 3043
702 16941 624 3022
826 14507 790 2972
856 14704 770 2972
826 14507 790 2972
790 15571 701 2997
807 13561 806 2986
635 15933 628 3033
741 18363 666 2999
657 15718 638 3035
885 16217 726 2979
711 16559 651 3013
682 16084 629 3019
682 16084 629 3019
743 14993 696 3005
700 16241 680 3006
657 15718 638 3035
670 15156 626 3048
700 16241 680 3006
843 15822 812 2970
686 16809 619 3027
659 15310 641 3043
817 15873 720 2982
711 16559 651 3013
637 16002 625 3045
722 17475 670 3002
643 15437 625 3098
851 16323 679 2995
757 14081 750 2978
894 15346 746 2976
903 15611 723 2981
745 15196 736 2979
642 14920 635 3055
763 19665 639 3011
637 16002 625 3045
883 16025 746 2976
892 16455 661 3002
903 15611 723 2981
769 19148 663 3000
881 16561 676 2997
702 16941 624 3022
756 13511 744 2991
886 16654 704 2986
886 16654 704 2986
888 16948 661 3002
888 16948 661 3002
883 16025 746 2976
817 15873 720 2982
1046 20002 812 2970
972 17502 854 2968
908 16523 661 3002
900 16012 882 2974
882 15388 860 2976
818 16515 698 2991
1013 19253 746 2976
1005 19087 720 2982
941 18058 698 2989
967 18673 678 2996
889 16471 728 2997
1002 17968 726 2979
881 16619 791 2971
907 17141 684 2993
871 16197 742 2977
971 18412 678 2996
835 15889 748 2979
934 17668 685 2991
893 17087 676 2997
845 15625 742 2981
948 16708 768 2974
892 17446 704 2986
966 17653 832 2970
955 17838 728 2980
859 16085 769 2978
886 17264 749 2976
936 16547 810 2972
921 17231 707 2984
895 17113 789 2975
928 16761 790 2972
852 15603 748 2979
957 17389 833 2969
967 16565 701 2988
915 16511 833 2970
923 16267 855 2970
943 17442 789 2973
921 17103 771 2974
916 16133 723 2981
866 16333 810 2974
887 16550 722 2984
927 17139 747 2975
910 16689 747 2976
956 16416 768 2974
886 17172 790 2972
921 16504 768 2976
1082 20703 812 2970
991 17569 833 2969
983 17642 661 3003
931 17028 671 3012
900 15785 882 2978
828 16845 698 2991
1050 19179 701 2988
1015 19715 770 2975
1075 20408 832 2970
967 17456 707 2990
890 16529 734 2997
865 16241 742 2986
926 16879 683 3007
934 17717 685 2991
883 16003 742 2983
985 18501 748 2977
938 18315 681 3001
924 16640 882 2974
965 18130 855 2970
995 17652 748 2977
917 16405 723 2981
960 18000 704 2986
915 16974 725 2985
966 17765 855 2970
950 17110 809 2975
891 16208 788 2980
954 16584 790 2977
913 16660 698 2997
933 17256 768 2976
876 16813 745 2981
893 17205 790 2972
947 18146 764 2977
941 17133 745 2979
918 16677 742 2980
899 16359 790 2978
947 17647 678 3003
905 16579 698 3002
927 16643 811 2971
984 18166 833 2969
891 16720 810 2974
944 17203 789 2975
908 16575 789 2978
1182 23054 789 2975
998 17899 833 2969
950 16654 875 2977
934 17718 685 2991
934 16064 789 2991
904 16256 820 3019
828 16855 698 2991
1088 21034 812 2970
1074 20594 749 2979
928 16606 746 3008
1043 19713 764 2977
949 16496 727 2998
1022 18455 704 2986
884 16395 800 2987
976 19168 704 2986
1016 19365 724 2983
911 16392 775 2993
916 16421 844 2978
966 17800 855 2970
928 17264 742 2980
940 17547 768 2976
910 16724 862 2977
955 16502 790 2981
948 17941 726 2984
925 17238 809 2975
1001 16910 810 2974
938 16581 831 2981
900 16617 745 2988
913 17313 766 2982
966 16795 834 2972
915 16084 780 2985
983 17174 745 2984
951 16707 788 2983
999 16948 811 2971
945 16688 780 2984
895 17258 790 2972
926 17576 726 2985
930 16564 747 2987
885 16925 790 2988
975 16747 834 2972
948 17085 812 2973
933 17101 812 2973
970 16508 766 2987
939 16725 765 2985
1038 19339 833 2969
1022 19664 704 2986
1019 18147 853 2969
972 17962 855 2970
961 18138 686 3010
951 16549 838 2993
828 16905 698 2991
900 17428 790 2972
927 16892 739 2997
971 18945 742 2980
974 17728 727 2987
1003 16885 827 2982
943 16738 844 2978
939 17132 818 2978
911 17471 748 2989
911 17035 811 2987
954 18127 768 2976
953 17389 853 2975
982 17932 788 2976
964 16860 780 2984
939 16868 761 2991
979 17332 808 2982
931 17318 752 2988
1015 17338 811 2971
934 17572 745 2981
941 17263 789 2985
935 16874 779 2987
949 16771 786 2989
982 17319 769 2986
932 17673 744 2982
952 17291 833 2976
972 17356 785 2981
967 17319 810 2972
950 17684 742 2986
942 17944 788 2976
1099 20322 790 2972
1059 19720 833 2969
1026 20703 704 2990
1000 18375 686 3010
966 16988 838 2993
947 17373 873 2978
895 18010 722 2997
911 17089 698 3002
988 17022 760 3007
1054 18997 698 2991
1008 19198 742 2987
1076 18504 698 2992
1033 18833 746 2981
930 17465 800 2986
958 17600 698 2997
907 17204 722 2997
989 17133 832 2980
939 17210 850 2983
948 17272 823 2983
944 17765 723 2993
1010 18713 768 2979
961 17226 749 2996
998 18229 770 2979
1022 18459 790 2975
921 17320 776 2992
973 17958 735 2992
986 17028 770 2995
949 17570 812 2973
942 17869 787 2983
1029 18339 811 2971
982 17385 767 2988
956 17450 850 2982
983 17265 780 2984
949 18661 744 2985
961 18072 737 2992
962 17945 809 2976
1008 17394 810 2974
966 17706 765 2990
989 19053 745 2982
926 17528 790 2977
963 17769 779 2987
922 18590 809 2981
939 17984 766 2982
973 17554 747 2991
952 17208 769 2995
916 17216 811 2987
978 17572 809 2975
983 18338 769 2976
977 17947 788 2977
950 17735 763 2990
969 17537 810 2972
967 17877 764 2987
977 18348 765 2981
930 17397 747 2992
947 18295 746 2987
969 17024 788 2987
1043 18755 789 2978
1017 20296 723 2993
981 17488 851 2983
978 17116 838 2993
977 17565 810 2972
919 17745 729 3009
918 17623 752 3004
1025 19502 789 2976
997 17196 770 2995
930 17346 732 2997
949 17826 811 2987
943 18512 768 2984
1034 18468 790 2975
979 17151 806 2997
976 18257 829 2978
969 17165 763 3003
961 18076 737 2992
959 17478 747 2995
970 17154 849 2989
963 17956 727 2993
968 17682 808 2980
989 18209 767 2984
984 18089 764 2991
977 17868 790 2977
955 17771 760 2996
953 18211 766 2982
966 17777 831 2977
956 17900 809 2988
976 17478 808 2990
966 17889 728 2997
1147 20495 724 3004
1045 17566 834 2972
1019 17245 770 2995
939 17757 744 3012
1084 19927 787 2983
1045 19079 808 2980
961 18085 737 2992
994 18508 789 2985
974 17373 799 3009
970 18292 766 2989
966 18950 729 3009
1006 17919 809 2979
997 17443 750 2998
996 17591 831 2981
979 18364 812 2980
966 17998 775 2997
982 17611 810 2972
987 17930 750 2995
980 18209 811 2987
1000 17954 808 2984
1060 17729 807 3000
1057 19938 742 3002
1013 18055 772 3007
1005 17629 830 2979
983 17934 810 2972
982 17671 844 2984
972 18087 754 2998
979 19118 797 2997
1036 17761 816 2986
981 18535 766 2990
999 17671 832 2974
984 18313 789 2995
1029 17696 826 2994
994 18535 789 2985
980 18292 797 2994
980 18134 775 2997
981 18120 775 2997
1080 20845 797 2994
1046 17929 850 2992
1043 19880 810 2972
1005 17940 874 2974
972 18303 766 2999
998 18406 775 2997
1013 19027 829 2978
1032 18154 830 2989
1015 19185 814 2990
991 17980 834 2975
1038 17967 826 2994
1020 18346 810 2978
1007 18059 832 2992
1010 18193 831 2973
1008 18153 831 2977
1068 19131 829 2978
1065 19879 829 2978
1029 18240 831 2977
1024 18496 874 2974
1021 18603 775 2997
1018 18405 830 3002
1004 18978 775 2997
1044 18404 781 3001
1005 18297 871 2991
1012 18973 852 2976
1018 18273 831 2977
1073 19156 830 2978
1065 19484 882 2974
1021 18754 775 2997
1018 18339 831 2977
1095 20020 882 2978
1095 19764 785 3009
1033 18467 833 2982
