38 0.521845
690 16417 681 3171
672 16200 666 3186
734 16599 658 3162
829 19873 764 3087
693 16250 680 3174
728 16209 728 3187
754 17469 719 3131
693 16250 680 3174
682 16086 680 3162
716 16236 716 3197
688 16217 680 3162
687 16134 680 3174
729 16713 658 3156
728 16298 728 3187
728 16299 728 3187
697 16178 680 3174
729 16326 728 3187
697 16516 680 3173
728 16219 728 3187
681 16195 680 3162
752 18131 673 3128
681 16058 680 3162
690 16142 681 3161
700 16322 679 3192
693 16250 680 3174
728 16219 728 3187
693 16213 680 3162
699 16262 695 3188
707 16290 680 3152
690 16417 681 3171
707 16290 680 3152
681 16101 680 3174
701 16249 700 3191
728 16219 728 3187
728 16236 728 3187
681 16101 680 3174
711 16475 702 3160
693 16258 680 3162
728 16291 728 3187
728 16278 728 3187
729 16713 658 3156
690 16213 680 3174
711 16631 702 3160
729 16326 728 3187
705 16290 683 3184
697 16301 680 3162
733 16652 658 3144
690 16213 680 3174
738 16293 728 3187
682 16268 680 3171
706 16330 700 3191
690 16142 681 3161
694 16293 680 3174
689 16293 680 3174
681 16058 680 3162
682 16086 680 3162
728 16291 728 3187
697 16205 680 3162
729 16380 728 3187
681 16226 680 3187
711 16446 702 3160
728 16236 728 3187
682 16268 680 3171
697 16178 680 3174
699 16262 695 3188
682 16086 680 3162
711 16446 702 3160
690 16164 681 3151
728 16209 728 3187
693 16250 680 3174
728 16291 728 3187
683 16135 680 3174
749 16969 711 3148
738 16293 728 3187
693 16213 680 3162
687 16134 680 3174
706 16987 671 3142
728 16299 728 3187
761 16220 738 3175
728 16219 728 3187
717 16461 658 3162
683 16135 680 3174
733 16652 658 3144
697 16466 680 3161
697 16178 680 3174
683 16135 680 3174
681 16101 680 3174
686 16168 686 3154
706 16330 700 3191
707 16292 707 3198
711 16475 702 3160
697 16430 680 3174
728 16219 728 3187
728 16236 728 3187
693 16391 680 3173
681 16101 680 3174
690 16247 681 3161
706 16561 699 3168
687 16203 680 3174
728 16209 728 3187
690 16247 681 3161
690 16213 680 3174
681 16166 680 3162
693 16250 680 3174
681 16101 680 3174
693 16262 680 3152
681 16052 681 3161
761 16220 738 3175
690 16142 681 3161
697 16221 680 3174
691 16339 680 3174
728 16286 728 3187
681 16086 680 3174
728 16298 728 3187
681 16226 680 3187
681 16101 680 3174
681 16101 680 3174
706 16330 700 3191
702 16470 680 3156
701 16321 680 3174
706 16987 671 3142
681 16101 680 3174
728 16291 728 3187
687 16203 680 3174
717 16364 717 3187
683 16135 680 3174
695 16409 680 3164
702 16598 671 3173
728 16219 728 3187
738 16293 728 3187
683 16135 680 3174
683 16135 680 3174
681 16058 680 3162
706 16987 671 3142
681 16079 680 3174
707 16290 680 3152
690 16247 681 3161
705 16290 683 3184
693 16262 680 3152
683 16135 680 3174
707 16350 680 3174
693 16262 680 3152
690 16164 681 3151
681 16101 680 3174
702 16598 671 3173
680 16209 680 3162
691 16339 680 3174
697 16221 680 3174
728 16248 728 3187
728 16291 728 3187
681 16166 680 3162
681 16079 680 3174
691 16339 680 3174
728 16291 728 3187
681 16101 680 3174
761 16220 738 3175
784 18785 749 3103
728 16219 728 3187
728 16219 728 3187
681 16079 680 3174
693 16262 680 3152
688 16217 680 3162
683 16135 680 3174
728 16299 728 3187
728 16239 728 3187
755 17921 682 3134
733 16652 658 3144
687 16134 680 3174
693 16262 680 3152
693 16250 680 3174
690 16142 681 3161
699 16262 695 3188
680 16209 680 3162
699 16585 682 3160
697 16301 680 3162
687 16203 680 3174
681 16052 681 3161
683 16135 680 3174
728 16291 728 3187
690 16417 681 3171
754 17469 719 3131
690 16164 681 3151
702 16470 680 3156
701 16249 700 3191
701 16249 700 3191
728 16248 728 3187
752 18131 673 3128
693 16250 680 3174
681 16101 680 3174
728 16209 728 3187
681 16166 680 3162
699 16262 695 3188
697 16430 680 3174
697 16466 680 3161
681 16079 680 3174
681 16052 681 3161
681 16195 680 3162
693 16250 680 3174
690 16142 681 3161
681 16079 680 3174
