4 0.0972969
788 19545 740 3209
816 18956 690 3203
978 21997 671 3196
1038 25099 902 3118
792 18708 747 3192
759 18441 734 3191
905 20462 757 3189
777 18327 747 3192
798 18654 740 3197
783 18513 743 3208
763 19185 740 3209
778 19158 740 3197
816 19026 690 3203
783 18513 743 3208
846 19314 703 3185
773 18910 727 3214
763 19185 740 3209
794 19705 709 3197
794 18737 747 3192
809 19258 745 3221
882 20185 700 3191
779 18651 747 3192
780 19074 745 3211
784 18997 730 3201
802 19319 734 3195
759 18441 734 3191
773 18858 727 3214
762 18450 734 3191
790 18947 747 3192
783 18823 709 3197
766 18872 763 3218
849 18982 743 3208
776 18906 755 3194
778 18518 747 3192
766 18872 763 3218
809 19258 745 3221
779 19212 745 3221
821 18826 682 3190
805 18834 734 3191
789 18599 768 3191
778 19158 740 3197
772 18208 747 3192
816 18809 740 3197
808 18769 683 3188
846 19233 747 3196
808 18402 747 3192
808 18769 683 3188
784 18665 747 3192
808 18402 747 3192
794 19705 709 3197
806 19137 767 3186
838 18579 747 3192
773 18858 727 3214
832 18977 740 3197
775 18296 747 3192
779 18740 731 3190
772 18381 747 3192
773 18870 727 3214
791 18919 727 3183
791 18919 727 3183
846 19141 731 3190
809 19310 747 3192
794 19705 709 3197
855 19209 740 3197
779 18740 731 3190
808 18778 683 3188
762 18799 745 3221
783 18823 709 3197
796 19067 747 3192
779 18926 727 3204
779 18651 747 3192
808 18769 683 3188
798 18666 731 3190
820 18825 747 3192
779 18926 727 3204
772 18208 747 3192
825 19109 731 3190
783 18513 743 3208
797 19127 748 3208
784 18997 730 3201
846 19681 705 3204
814 19048 747 3192
805 18844 734 3191
783 18823 709 3197
780 19361 745 3211
772 18381 747 3192
775 18296 747 3192
789 18599 768 3191
823 19302 763 3213
767 19146 740 3209
809 19258 745 3221
825 19109 731 3190
775 18296 747 3192
767 19131 740 3209
805 19740 717 3195
791 19319 727 3209
830 19226 690 3203
832 19049 731 3190
842 19188 747 3196
772 18208 747 3192
815 19236 767 3186
823 19302 763 3213
798 18666 731 3190
821 18884 747 3192
773 19371 740 3198
815 19125 740 3197
830 19226 690 3203
773 19012 727 3214
794 18737 747 3192
798 18654 740 3197
805 18844 734 3191
773 18910 727 3214
799 19424 748 3208
846 19233 747 3196
796 19067 747 3192
821 18885 721 3202
773 18910 727 3214
759 18441 734 3191
803 19355 718 3210
766 18872 763 3218
846 19314 703 3185
777 19081 745 3211
846 19314 703 3185
782 18900 756 3213
821 18885 721 3202
846 19083 731 3190
796 19145 756 3213
795 19471 717 3199
806 18843 731 3190
767 19146 740 3209
821 18884 747 3192
815 19372 727 3204
779 19212 745 3221
805 19740 717 3195
778 19229 727 3204
789 19143 727 3209
830 19226 690 3203
763 19185 740 3209
792 18708 747 3192
778 18808 740 3198
816 18956 690 3203
855 19209 740 3197
777 19081 745 3211
784 18997 730 3201
827 19221 690 3202
808 18778 683 3188
784 18665 747 3192
796 19495 709 3197
784 18665 747 3192
789 18599 768 3191
797 19127 748 3208
779 18926 727 3204
790 18947 747 3192
827 19221 690 3202
796 19067 747 3192
794 18576 747 3192
904 20830 788 3166
806 18843 731 3190
835 19135 777 3186
832 18977 740 3197
808 18402 747 3192
809 19330 740 3198
782 18900 756 3213
794 18576 747 3192
789 19143 727 3209
808 18778 683 3188
794 18576 747 3192
832 18977 740 3197
808 18365 747 3192
794 19275 727 3209
808 18365 747 3192
782 18900 756 3213
773 18870 727 3214
789 19550 730 3221
842 19188 747 3196
798 18666 731 3190
816 19026 690 3203
792 18708 747 3192
762 18450 734 3191
781 19280 740 3209
838 20291 777 3172
779 18651 747 3192
773 19371 740 3198
776 18906 755 3194
805 18844 734 3191
849 18982 743 3208
877 21908 725 3144
814 19048 747 3192
805 18834 734 3191
785 19301 745 3211
808 18365 747 3192
798 18654 740 3197
796 19145 756 3213
827 19221 690 3202
821 18826 682 3190
829 18654 747 3192
778 18808 740 3198
777 18327 747 3192
806 19137 767 3186
825 19109 731 3190
