0 0.0289662
1032 24764 782 3231
875 22308 736 3230
976 23578 764 3191
971 25195 810 3279
962 22235 787 3212
1014 24877 905 3181
1146 28260 886 3246
1003 25187 777 3223
897 21870 725 3213
1029 25518 859 3191
915 23552 824 3219
948 23989 854 3218
1007 25038 868 3220
949 23918 799 3272
1042 24952 952 3247
1044 25786 813 3220
903 22906 769 3219
915 23321 777 3222
968 24711 726 3210
1085 27810 870 3195
986 23400 752 3188
1024 24718 824 3222
1098 26891 842 3218
909 22081 789 3219
939 23446 882 3196
1050 25649 801 3216
913 21498 809 3201
988 24683 796 3283
976 23376 794 3213
1006 25737 785 3220
1061 27405 879 3228
990 25468 919 3240
1027 24838 852 3209
928 22459 819 3170
958 24764 855 3234
1041 25589 917 3177
1053 25756 873 3195
926 24190 903 3277
881 21760 690 3199
964 23427 850 3200
931 23470 757 3198
896 22531 886 3246
939 23334 865 3270
989 23239 886 3191
975 25056 876 3194
957 24358 829 3185
1063 27321 813 3256
1022 24759 943 3279
985 24560 790 3210
1061 25575 874 3239
1104 27618 1026 3239
1071 26597 982 3207
1045 24157 767 3226
1024 25296 842 3202
1030 25033 734 3198
959 24536 845 3169
966 24323 868 3251
973 25039 754 3230
999 25257 834 3258
991 24015 770 3221
1145 28030 1010 3275
971 25546 830 3235
995 25171 786 3211
984 24288 791 3196
1024 25467 891 3202
1133 28716 871 3205
986 23259 847 3197
1009 25720 775 3219
1005 24454 726 3209
1062 26235 951 3194
985 24543 749 3223
1037 24645 785 3189
982 24247 761 3249
910 22447 768 3200
1072 26264 868 3234
1026 25488 914 3238
955 24526 862 3206
984 24780 827 3241
1097 27510 830 3275
1085 27057 867 3228
943 24245 712 3194
925 22749 832 3185
966 24352 864 3240
910 22637 711 3214
947 22956 824 3209
1003 24993 801 3183
1032 25048 845 3218
1072 25435 861 3225
1118 27480 795 3171
958 24314 939 3227
1048 25718 741 3253
1030 25174 793 3267
921 21863 864 3246
1054 26966 854 3264
959 23958 736 3203
1040 26233 714 3154
991 23810 869 3173
973 24563 795 3232
935 22691 800 3190
965 23783 833 3214
1041 25484 751 3218
1135 29693 837 3256
1009 24853 793 3138
926 23437 858 3215
1118 26688 805 3275
1105 28223 771 3204
1100 26428 991 3261
1020 26429 883 3216
912 22374 846 3200
946 23884 794 3169
983 24300 718 3193
1023 25456 813 3254
975 24144 836 3211
1015 24272 794 3195
1060 26466 762 3166
1045 26876 818 3163
1039 25941 824 3284
865 21088 737 3157
1075 26777 934 3210
985 25431 817 3254
1096 27904 857 3240
978 24232 857 3185
935 22874 856 3222
1086 27383 759 3238
1101 27527 874 3206
979 24855 851 3237
1122 27373 806 3284
1148 26909 801 3244
897 23626 732 3181
978 24622 804 3264
870 23307 844 3248
1000 25470 871 3244
997 25231 898 3184
1067 25697 824 3159
991 24596 785 3283
910 22897 807 3248
890 21038 790 3229
952 23719 876 3205
921 21829 889 3237
968 24282 787 3184
1073 27941 790 3246
990 24221 854 3213
975 23824 889 3231
1153 29170 813 3261
1022 23934 924 3225
1088 26798 936 3221
940 23181 911 3230
1032 23455 708 3215
964 24219 809 3217
1017 25748 804 3255
1109 27356 941 3264
976 24603 854 3192
1163 28118 973 3212
933 23107 750 3230
896 22267 738 3209
932 23825 821 3175
922 23143 734 3252
962 24896 703 3194
1008 25500 800 3219
1033 25765 862 3224
970 23758 868 3170
906 23767 840 3210
954 23658 834 3278
993 25320 878 3252
1076 27112 830 3267
902 22067 721 3151
1045 25498 876 3203
998 23882 776 3231
945 22665 920 3248
884 22860 828 3225
948 23858 751 3170
985 23498 811 3170
1055 26537 736 3251
991 25349 954 3275
939 24248 747 3152
1019 26534 857 3238
1068 26280 923 3286
876 22020 791 3251
983 23209 840 3260
1045 25461 837 3230
938 23600 904 3197
958 24845 788 3207
927 22551 780 3200
918 22602 741 3142
1064 25856 781 3215
1005 24768 771 3240
951 23427 852 3228
1011 25054 781 3197
949 24618 914 3238
1042 26255 923 3174
978 24686 857 3294
949 23108 741 3132
931 23444 719 3202
1022 25460 861 3237
1002 25443 901 3234
961 24033 780 3254
1029 25998 760 3212
1178 28849 912 3266
1065 24518 876 3209
990 25201 926 3240
1015 25656 852 3212
1027 27007 920 3210
1064 24689 750 3211
980 24343 782 3181
1016 25200 907 3167
1111 29465 928 3264
1193 28473 890 3276
998 23984 788 3159
1089 27899 973 3169
980 24329 879 3219
1032 25906 865 3237
968 23691 742 3230
1063 25333 792 3165
991 24213 892 3226
1016 25377 712 3215
1075 27818 769 3219
1019 24309 798 3186
1017 25825 913 3165
903 22910 802 3198
929 22367 831 3269
1095 27939 822 3255
875 22346 806 3193
919 23767 834 3284
957 25163 797 3256
975 25037 814 3257
991 24979 934 3208
996 23938 876 3212
881 22481 762 3194
935 22888 821 3204
846 21575 724 3177
1049 26319 751 3241
995 24324 805 3246
1070 26479 901 3233
1032 24754 838 3211
945 22555 731 3179
1050 25453 875 3265
987 24203 824 3236
881 22384 811 3225
987 23830 775 3177
966 24031 867 3173
1000 25372 862 3217
984 24497 801 3190
1008 25714 798 3279
878 22915 731 3183
1019 24456 832 3213
940 23746 700 3188
947 23675 836 3216
974 24579 857 3213
915 22303 785 3209
965 23154 824 3260
1002 24573 808 3223
940 23864 807 3149
904 22529 802 3180
1081 24964 794 3190
1066 25638 765 3278
964 22814 728 3204
999 25260 999 3272
1000 25639 818 3165
992 24178 769 3244
1137 29461 1014 3217
968 23512 824 3226
1011 24363 857 3222
1113 27100 918 3263
1071 25812 788 3268
1009 24289 856 3277
1055 26894 859 3180
1021 25004 747 3171
994 23551 812 3279
927 22286 770 3196
1000 25039 949 3206
989 24222 930 3223
1021 25274 795 3239
992 25027 787 3191
985 23086 943 3208
942 23645 918 3197
1053 24935 853 3224
911 23412 816 3239
1112 28204 876 3235
937 23320 881 3172
1012 23622 757 3233
1027 26461 907 3184
1052 25581 874 3204
916 23246 811 3228
918 22826 869 3184
985 24425 850 3209
1019 24794 821 3212
988 24808 880 3168
934 23153 768 3153
1142 31332 886 3188
955 23266 827 3226
908 22636 874 3211
918 22336 769 3212
990 24684 861 3268
943 23068 856 3176
1080 27416 813 3267
1016 24167 902 3200
1101 27899 883 3216
1000 23769 811 3173
985 25219 843 3229
850 22136 786 3177
986 24505 851 3213
1003 23756 917 3238
881 21963 759 3202
952 23899 767 3200
973 25209 839 3267
867 22355 692 3180
866 20434 781 3184
1012 24487 905 3175
1091 25673 951 3227
1040 26298 757 3201
988 24970 887 3211
972 24014 840 3177
1014 25336 855 3294
930 24202 833 3205
967 24982 809 3206
959 23635 868 3206
892 22343 820 3230
944 23788 890 3177
1091 25060 874 3233
937 22795 890 3174
990 22635 870 3178
1065 26774 869 3201
999 24671 781 3248
968 24451 815 3192
969 21857 754 3178
1054 25140 857 3260
1107 27003 870 3254
908 23242 805 3176
942 23594 846 3186
1084 27978 925 3240
959 23925 827 3199
944 23624 785 3247
1053 26995 868 3220
970 23016 758 3273
1128 28450 750 3252
1072 26640 846 3170
1058 26457 930 3181
1038 24645 756 3158
985 24022 853 3257
910 23180 818 3269
981 23926 902 3201
964 23903 794 3214
970 22777 715 3196
918 23809 808 3260
1056 26623 818 3231
984 25172 760 3243
1030 26220 843 3192
1055 23913 860 3196
1167 30211 883 3294
933 23001 748 3251
1035 25103 876 3233
921 23680 778 3218
916 22946 866 3203
854 21648 745 3194
1051 26064 864 3222
904 23175 791 3206
1025 25348 743 3236
981 24995 836 3212
996 24857 917 3215
1021 24716 699 3212
885 21713 741 3208
1012 25442 722 3231
896 22937 850 3152
1022 24469 846 3216
1009 24645 843 3249
1005 25549 764 3248
1045 25465 753 3226
920 22576 807 3212
885 22757 799 3166
959 23917 854 3190
1025 26288 895 3151
992 24889 890 3231
975 23511 764 3166
1052 26394 801 3233
942 24259 887 3186
1026 26653 951 3243
937 22759 745 3197
971 24366 882 3220
1004 25856 819 3239
1014 23522 925 3199
1015 24867 810 3159
785 19753 700 3141
1075 25799 890 3268
940 24223 764 3218
1223 30454 1034 3164
962 24466 762 3199
1029 26083 913 3149
1109 27659 912 3234
1051 25243 846 3204
930 23518 925 3209
1037 27273 833 3210
895 22682 808 3259
910 23814 713 3234
997 25621 814 3224
924 23344 771 3168
956 23461 814 3186
942 24218 805 3193
989 24854 789 3230
991 24913 810 3266
971 23840 764 3209
