37 0.69821
719 17864 653 3031
753 18916 638 3029
741 18427 678 3011
780 19391 676 3010
763 18870 643 3026
774 19178 668 3013
758 18797 700 3001
738 17565 658 3027
774 19178 668 3013
741 18427 678 3011
710 17306 675 3022
805 20124 638 3022
778 18968 619 3037
722 18308 640 3033
749 18854 622 3030
711 17443 630 3051
758 18210 675 3014
755 18094 665 3015
798 19299 665 3008
738 17565 658 3027
730 18304 690 3007
728 18622 618 3070
805 20124 638 3022
663 16600 663 3066
719 17864 653 3031
752 18433 697 3003
790 19682 683 3004
774 19178 668 3013
815 19252 665 3008
803 20496 683 3003
663 16600 663 3066
763 18870 643 3026
746 18171 645 3036
750 18320 700 3002
722 18308 640 3033
780 19391 676 3010
740 17463 655 3022
814 19907 683 3003
818 19043 638 3027
730 19067 686 3009
775 19642 690 2999
809 19345 661 3009
758 18797 700 3001
772 19249 688 3003
788 19481 617 3039
851 21141 631 3027
707 17242 638 3037
849 19867 716 2994
743 19428 668 3011
728 18622 618 3070
774 18423 705 2997
765 19907 664 3015
754 18601 678 3010
788 20229 684 3002
768 19428 670 3006
838 20061 677 3002
783 19348 662 3009
798 19267 655 3014
805 19721 699 2997
811 19455 705 2996
752 18433 697 3003
803 19974 687 3000
774 19178 668 3013
780 19391 676 3010
753 18916 638 3029
728 18622 618 3070
771 18775 683 3005
752 19356 720 2990
747 18388 618 3070
696 17521 660 3027
786 19538 668 3007
753 18916 638 3029
765 19907 664 3015
754 18601 678 3010
780 19391 676 3010
799 19921 700 2998
755 18626 623 3031
798 19267 655 3014
749 18854 622 3030
821 20380 709 2994
663 16600 663 3066
723 17635 646 3016
751 18930 670 3013
773 18757 685 3004
738 17565 658 3027
796 19528 661 3015
751 18837 675 3011
736 18319 630 3042
725 18266 640 3033
815 19252 665 3008
788 20229 684 3002
771 18775 683 3005
798 20000 642 3027
663 16600 663 3066
663 16600 663 3066
824 19633 680 3005
805 20124 638 3022
763 18870 643 3026
671 16658 663 3061
687 17068 638 3038
778 18968 619 3037
764 17965 622 3065
718 16989 675 3035
747 18441 676 3011
809 19345 661 3009
742 18416 625 3059
688 17454 630 3043
739 18370 625 3061
763 19881 644 3021
736 18534 710 2995
753 18916 638 3029
786 19538 668 3007
798 19267 655 3014
801 19792 699 2997
751 18403 679 3007
779 19159 699 3002
721 17295 675 3030
806 20529 644 3020
792 18387 687 3002
851 21141 631 3027
756 18312 638 3028
774 19178 668 3013
751 18498 618 3070
814 18577 752 2999
901 21918 730 2992
663 16612 663 3066
961 23915 617 3044
868 20978 673 3006
711 17534 630 3057
849 19894 716 2994
840 20893 727 2993
851 21435 631 3027
796 18684 752 2999
826 21096 638 3024
797 20989 617 3048
862 21844 668 3007
839 20650 709 2994
696 17580 660 3027
707 17278 638 3038
724 17683 651 3020
823 19502 655 3014
744 18744 710 2995
787 19584 619 3037
813 19733 683 3005
736 18023 646 3016
724 17734 671 3017
718 16996 675 3035
778 18968 625 3047
699 17637 632 3066
719 17890 653 3031
788 20377 668 3011
841 19972 661 3009
720 18346 630 3043
806 19748 705 2998
732 19161 686 3009
710 17321 675 3022
754 18677 678 3010
767 19069 695 3008
814 19655 705 2996
735 18645 640 3033
752 18563 697 3003
799 18411 622 3065
766 19087 622 3030
829 19307 665 3008
755 18183 665 3015
751 18686 625 3059
750 18550 700 3002
761 18813 700 3001
773 18995 626 3043
738 18464 690 3011
763 18910 643 3026
718 16996 675 3035
