35 1.81223
691 17177 682 3086
757 17914 647 3094
737 17696 700 3043
753 18906 689 3023
733 18029 640 3060
803 19532 653 3022
693 17317 678 3105
731 17965 625 3081
758 17834 693 3053
802 20247 626 3046
821 20876 635 3030
841 20420 630 3039
720 18002 641 3068
721 17394 673 3061
731 17965 625 3081
763 19091 683 3021
733 18029 640 3060
721 17394 673 3061
785 19516 646 3028
767 18229 697 3018
737 17696 700 3043
765 19073 712 3014
691 17177 682 3086
723 18024 646 3054
788 19300 631 3045
830 20643 625 3035
758 18185 690 3026
737 17696 700 3043
743 17984 715 3023
778 19138 623 3052
707 18010 633 3074
751 18371 647 3052
785 17789 675 3029
725 18004 641 3054
740 17989 648 3040
729 18739 656 3049
710 17228 670 3075
767 19544 694 3008
754 19018 683 3022
785 19516 646 3028
759 18370 648 3030
763 19224 671 3021
804 20213 626 3046
732 18317 653 3050
763 19444 664 3018
808 20806 708 2998
720 18444 637 3073
737 17696 700 3043
770 18929 645 3036
775 18534 727 3009
821 20876 635 3030
729 17922 627 3080
788 19444 670 3011
742 18065 697 3021
898 22538 684 3007
737 18732 656 3049
753 18740 689 3026
757 18553 659 3028
770 18281 732 3015
785 19585 633 3048
880 21783 705 3001
717 18511 625 3050
802 20006 663 3017
729 18739 656 3049
740 18097 668 3037
757 18911 638 3043
777 18880 695 3017
783 18949 683 3027
721 17394 673 3061
808 20806 708 2998
743 18109 653 3034
782 19109 675 3025
721 17923 675 3041
795 20185 751 3000
819 19326 645 3029
780 19146 690 3005
800 20594 641 3018
753 18906 689 3023
760 19990 679 3021
770 19784 638 3022
821 20876 635 3030
739 19147 668 3028
824 20506 626 3042
695 17297 670 3075
869 20404 662 3013
780 19161 675 3025
784 19213 661 3022
758 18463 653 3031
732 18939 623 3060
697 17496 648 3057
827 19732 727 3003
753 18740 689 3026
741 18427 690 3027
755 18041 685 3031
722 17275 673 3068
797 18606 683 3027
811 19276 675 3019
724 19029 675 3037
793 18930 638 3035
770 19632 638 3033
763 19444 664 3018
756 19130 690 3016
782 18970 682 3018
876 21030 661 3012
873 22019 765 2993
777 19601 690 3014
729 18739 656 3049
783 19215 641 3036
847 21517 661 3013
732 17696 732 3029
710 17228 670 3075
743 18796 704 3017
754 18378 679 3031
817 19688 626 3049
721 17394 673 3061
808 20806 708 2998
816 19198 646 3028
815 19782 653 3022
816 19569 653 3022
815 19782 653 3022
693 17359 678 3105
693 17359 678 3105
855 20589 631 3039
841 20420 630 3040
731 18014 625 3081
733 18227 640 3060
767 18279 697 3018
765 19163 712 3014
693 17203 682 3086
813 19788 631 3045
813 19788 631 3045
875 20789 635 3036
875 20789 635 3036
838 20859 625 3035
778 19177 623 3052
724 18197 645 3090
754 18163 641 3054
731 18352 656 3055
734 18214 645 3075
740 18096 648 3040
779 18928 648 3030
760 18400 668 3030
772 18748 648 3031
766 19365 675 3024
804 20344 626 3046
738 17774 700 3046
738 17774 700 3046
781 19187 645 3036
771 18971 647 3039
754 17965 642 3082
762 18250 627 3080
813 19975 675 3017
743 18104 715 3023
761 18643 700 3026
763 19630 660 3029
772 18959 668 3029
768 19079 671 3029
900 22324 705 3001
900 22324 705 3001
724 18761 625 3050
730 18681 656 3055
726 18606 637 3073
779 18511 626 3058
738 18720 663 3052
724 18761 625 3050
807 20257 663 3017
777 19072 695 3017
748 18112 691 3038
732 18268 675 3041
736 17976 700 3046
779 17928 684 3053
736 17976 700 3046
771 17943 719 3042
732 18158 693 3053
799 20305 751 3000
799 20305 751 3000
799 20305 751 3000
784 19549 712 3013
830 19712 712 3009
784 19549 712 3013
800 19686 690 3011
819 20106 690 3005
784 19549 712 3013
806 19609 705 3011
793 20605 691 3011
810 19752 749 3008
865 20745 660 3021
852 21689 660 3018
829 20918 653 3021
829 20918 653 3021
869 21163 653 3020
825 20107 651 3024
793 20399 638 3022
790 20942 660 3025
813 20364 654 3024
759 19290 670 3029
704 17316 670 3075
805 19287 670 3028
810 20047 663 3028
762 19010 667 3033
778 18688 657 3037
774 18715 660 3037
801 18470 653 3039
778 18688 657 3037
714 17614 665 3085
705 18505 683 3069
714 17614 665 3085
705 18081 663 3107
731 17673 663 3059
707 17743 648 3057
714 17614 665 3085
759 17711 660 3079
714 17614 665 3085
731 17673 663 3059
714 17614 665 3085
731 17673 663 3059
710 17664 673 3066
731 17673 663 3059
741 18452 690 3027
744 18433 690 3036
773 18092 693 3054
797 18608 683 3027
806 19334 638 3035
800 19553 640 3047
799 19593 639 3045
799 19593 639 3045
797 19843 646 3033
773 19979 643 3048
797 19843 646 3033
773 19638 668 3020
809 19539 668 3019
797 20198 664 3018
785 19043 690 3021
806 19495 690 3018
890 21311 661 3012
729 18793 656 3049
797 19632 644 3047
798 20029 641 3040
847 21542 661 3013
736 17822 732 3029
756 18450 697 3032
756 18450 697 3032
755 18741 685 3034
840 20230 626 3049
840 20230 626 3049
727 17413 673 3068
808 20806 733 3006
808 20806 733 3006
808 20806 733 3006
816 19435 646 3028
816 19435 646 3028
816 19435 646 3028
705 18589 683 3077
705 18505 683 3082
741 18535 690 3027
776 18255 627 3080
773 20008 643 3048
755 18183 641 3054
726 18670 637 3073
762 18295 627 3080
922 22054 661 3017
819 20107 690 3005
789 20286 646 3038
693 17229 682 3086
744 18672 647 3061
748 17835 658 3184
966 22934 661 3016
783 19374 623 3052
762 18295 627 3080
740 18108 648 3040
726 18670 637 3073
726 18776 625 3050
732 18058 648 3059
824 19103 683 3027
728 18353 645 3153
798 19193 623 3052
773 20008 643 3048
709 17845 651 3060
731 18195 625 3081
776 18255 627 3080
737 18376 732 3029
693 17378 678 3105
879 21807 687 3016
776 18255 627 3080
738 18163 732 3029
779 18541 626 3058
732 18030 648 3072
931 22861 712 3002
790 19287 623 3052
763 19670 660 3029
737 18327 645 3072
710 17679 673 3066
848 20948 633 3038
738 18163 732 3029
708 17799 659 3083
776 18255 627 3080
816 19479 646 3028
714 17614 665 3091
773 19652 668 3020
762 18295 627 3080
710 17679 673 3066
738 18163 732 3029
754 18106 647 3094
783 19374 623 3052
870 20862 630 3039
730 18389 672 3058
778 18964 653 3032
763 19670 660 3029
783 18101 684 3053
779 18082 647 3094
764 18244 640 3064
768 19148 667 3033
763 19670 660 3029
710 17679 673 3066
798 18049 684 3053
733 18645 656 3056
763 19670 660 3029
768 19148 667 3033
737 18636 656 3055
710 17679 673 3066
760 18408 668 3030
764 18117 642 3082
760 18408 668 3030
764 18244 640 3064
731 17738 663 3059
778 18873 657 3037
737 18636 656 3055
813 19863 631 3045
786 17988 719 3042
730 18716 656 3055
760 18408 668 3030
840 20306 626 3049
767 18476 697 3018
786 19267 668 3029
732 18170 693 3053
760 18408 668 3030
840 20306 626 3049
760 18408 668 3030
806 20357 626 3046
807 20309 663 3017
823 19718 639 3045
822 19186 739 3016
716 17439 670 3075
748 18085 700 3046
767 19386 712 3014
785 19241 671 3029
716 17439 670 3075
781 19111 647 3047
806 20357 626 3046
732 18170 693 3053
823 20697 751 3000
817 20845 751 3000
716 17439 670 3075
812 19791 640 3046
806 20357 626 3046
807 20309 663 3017
812 20982 760 3006
716 17439 670 3075
791 19306 648 3030
821 19283 683 3027
791 19435 647 3039
786 19267 668 3029
823 20697 751 3000
716 17439 670 3075
716 17439 670 3075
866 21141 638 3033
812 19563 647 3038
843 20259 668 3019
790 19656 712 3013
823 20697 751 3000
826 20234 638 3035
806 19472 645 3048
786 19267 668 3029
816 20274 641 3035
786 19267 668 3029
823 20697 751 3000
814 19924 642 3038
786 19267 668 3029
941 24635 650 3023
836 21505 638 3033
821 19692 675 3019
875 21039 660 3021
810 20103 663 3028
813 19989 675 3017
812 20506 648 3029
811 20969 641 3038
799 19393 690 3023
816 19579 653 3022
800 19758 690 3011
852 21389 638 3027
786 19267 668 3029
791 19466 690 3024
804 19611 675 3025
839 21216 638 3034
875 21039 660 3021
807 20309 663 3017
879 22148 639 3025
875 21039 660 3021
819 21025 638 3040
843 20782 642 3025
