9 0.194929
977 23948 805 3107
890 21568 868 3115
850 21168 653 3185
804 19984 675 3202
762 18910 688 3156
762 18910 688 3156
818 20524 682 3165
960 23788 657 3173
831 19760 758 3137
936 23455 818 3111
940 23250 839 3120
901 22134 672 3136
925 23201 667 3174
800 19189 735 3142
885 21894 847 3115
922 20879 676 3152
884 22478 778 3126
887 22581 686 3142
817 19913 721 3132
778 19252 681 3197
865 21781 778 3127
836 20817 669 3191
961 23393 805 3120
798 19999 668 3201
832 19619 708 3131
893 21624 725 3130
899 21589 715 3123
868 21309 668 3176
894 22378 792 3121
783 19336 688 3146
894 22378 792 3121
850 21305 670 3180
935 21364 676 3139
856 21137 699 3140
781 19250 703 3145
864 21241 671 3176
840 20923 681 3184
795 19395 700 3143
795 19395 700 3143
839 21063 671 3189
799 19318 702 3153
783 19336 688 3146
885 21879 667 3182
856 21137 699 3140
856 21423 669 3184
839 21160 681 3184
839 21063 671 3189
795 19395 700 3143
998 23958 672 3169
960 24038 818 3111
917 22447 886 3122
901 22242 653 3185
808 20172 668 3201
775 19032 688 3156
932 23175 818 3121
985 24010 805 3119
944 23662 792 3121
786 19386 688 3146
918 21903 868 3115
877 22664 792 3131
904 21744 730 3123
778 19295 681 3197
856 21385 669 3190
922 20999 676 3152
856 21159 699 3140
912 22092 670 3180
918 21903 868 3115
820 20584 682 3171
781 19272 703 3145
887 22564 778 3126
825 20167 711 3144
831 19782 758 3137
998 23958 672 3169
820 21294 778 3139
907 22465 886 3122
830 20589 682 3170
960 23961 818 3112
886 21987 669 3186
839 19666 737 3138
896 21515 715 3133
862 20244 717 3141
845 19988 721 3132
894 21490 720 3135
839 19666 737 3138
862 20244 717 3141
831 19782 758 3137
840 20979 681 3184
820 20584 682 3171
821 21042 796 3136
887 22564 778 3126
845 19988 721 3132
924 22790 686 3142
831 20167 700 3143
908 21984 725 3130
840 20979 681 3184
897 22847 686 3142
908 21984 725 3130
929 22742 686 3142
838 19764 737 3138
894 22103 670 3180
897 22847 686 3142
821 21042 796 3136
894 22103 670 3180
894 22103 670 3180
998 23958 672 3169
998 23958 672 3169
918 21903 868 3115
840 20979 681 3184
840 20979 681 3184
821 21042 796 3136
985 24091 805 3120
960 24045 818 3111
917 22461 886 3122
906 22321 653 3185
808 20270 668 3201
777 19244 688 3156
777 19244 688 3156
940 22757 819 3123
933 23294 818 3121
853 19987 737 3138
918 21945 868 3115
960 24045 818 3111
882 22890 792 3131
877 21713 699 3140
820 20758 682 3171
791 19588 688 3146
777 19244 688 3156
835 21432 778 3139
837 20787 682 3170
872 20846 700 3143
803 19564 702 3153
911 22183 670 3180
929 22951 686 3142
845 20032 721 3132
856 21429 669 3190
835 21432 778 3139
896 21524 715 3133
918 21945 868 3115
786 19332 703 3145
805 20185 681 3197
903 22933 778 3126
849 20660 716 3143
938 22402 798 3124
923 21040 676 3152
821 21048 796 3136
896 22002 669 3186
844 21196 681 3184
856 21429 669 3190
851 21011 681 3184
911 22183 670 3180
805 20185 681 3197
853 19987 737 3138
786 19332 703 3145
842 20415 737 3138
925 22379 737 3131
890 21508 715 3142
842 20415 737 3138
918 21945 868 3115
923 21040 676 3152
960 24045 818 3111
777 19244 688 3156
894 22288 670 3180
894 21514 720 3135
791 19588 688 3146
837 20787 682 3170
890 21508 715 3142
777 19244 688 3156
896 21524 715 3133
853 19987 737 3138
821 21048 796 3136
894 22288 670 3180
821 21048 796 3136
894 21514 720 3135
853 19987 737 3138
777 19244 688 3156
894 21514 720 3135
786 19332 703 3145
856 21429 669 3190
821 21048 796 3136
960 24045 818 3111
911 22183 670 3180
911 22183 670 3180
894 21514 720 3135
894 21514 720 3135
856 21429 669 3190
856 21429 669 3190
853 19987 737 3138
853 19987 737 3138
853 19987 737 3138
853 19987 737 3138
853 19987 737 3138
853 19987 737 3138
853 19987 737 3138
853 19987 737 3138
853 19987 737 3138
853 19987 737 3138
821 21048 796 3136
821 21048 796 3136
805 20185 681 3197
786 19332 703 3145
786 19332 703 3145
786 19332 703 3145
777 19244 688 3156
777 19244 688 3156
777 19244 688 3156
777 19244 688 3156
777 19244 688 3156
986 24232 818 3111
929 22161 902 3128
906 22500 653 3185
818 20325 668 3201
781 19244 688 3156
777 19250 688 3156
841 20793 682 3171
886 21995 669 3190
838 21586 778 3139
944 23544 828 3121
941 22288 868 3115
853 20001 737 3138
805 20208 681 3197
821 21099 796 3136
957 22987 798 3124
923 21225 676 3152
985 24125 805 3120
928 23765 898 3115
853 20001 737 3138
786 19346 703 3145
794 19623 688 3146
951 23614 708 3140
894 21542 720 3135
929 22943 902 3124
892 22963 792 3131
914 22296 670 3180
936 22485 886 3122
845 20033 721 3132
920 23299 894 3118
899 21633 715 3133
802 19618 688 3146
803 19569 702 3153
938 22490 886 3118
916 22191 670 3180
920 23299 894 3118
955 23610 818 3121
852 21161 681 3184
985 24125 805 3120
911 22322 670 3180
957 22987 798 3124
803 19569 702 3153
924 22305 902 3128
852 21161 681 3184
929 22954 686 3142
929 22954 686 3142
794 19623 688 3146
985 24125 805 3120
899 21633 715 3133
845 20033 721 3132
907 22493 670 3180
899 21633 715 3133
985 24125 805 3120
899 21633 715 3133
938 22490 886 3118
845 20033 721 3132
899 21633 715 3133
899 21633 715 3133
924 22305 902 3128
845 20033 721 3132
985 24125 805 3120
985 24125 805 3120
899 21633 715 3133
899 21633 715 3133
899 21633 715 3133
899 21633 715 3133
845 20033 721 3132
1053 25171 922 3114
1053 24929 942 3111
906 22508 653 3185
829 20546 668 3201
781 19260 688 3156
777 19267 688 3156
985 24139 805 3120
960 23708 818 3121
936 22675 886 3122
919 22226 670 3180
851 21149 682 3171
941 24268 898 3115
848 20867 757 3144
892 22989 792 3131
853 20009 737 3138
964 23511 800 3127
866 21581 681 3184
786 19382 703 3145
902 22444 675 3191
857 20185 721 3132
823 20489 688 3146
851 20362 778 3134
846 21142 811 3143
952 22357 902 3128
906 21829 715 3133
807 20341 681 3197
803 19573 702 3153
865 21777 681 3194
943 23375 686 3142
941 21400 676 3152
803 19570 702 3154
851 20312 758 3137
828 21255 796 3136
929 23044 902 3128
853 20009 737 3138
892 22989 792 3131
935 23010 902 3128
923 21508 676 3152
957 23500 808 3124
906 22508 653 3185
906 22508 653 3185
957 23500 808 3124
906 21829 715 3133
943 23375 686 3142
853 20009 737 3138
1100 26283 922 3115
906 22560 653 3185
829 20631 668 3201
783 19381 688 3156
960 24060 818 3121
996 24741 802 3130
937 22631 670 3180
851 22007 786 3137
822 20498 681 3197
863 21622 755 3134
853 20161 737 3138
869 21897 681 3184
892 21272 696 3149
894 23198 792 3131
809 19997 702 3153
903 22673 714 3148
800 19884 796 3151
985 24229 805 3120
818 19613 753 3149
869 21003 721 3142
918 22087 715 3133
996 24741 802 3130
953 24082 686 3142
832 21324 796 3136
894 21435 736 3141
866 22124 796 3133
934 23106 792 3131
867 21351 736 3145
985 24217 805 3130
806 19581 796 3151
822 20498 681 3197
899 21515 725 3134
945 21432 676 3152
861 22587 806 3134
934 23106 792 3131
943 21511 676 3152
829 20631 668 3201
985 24217 805 3130
829 20631 668 3201
861 22587 806 3134
940 21520 676 3152
985 24229 805 3120
940 21520 676 3152
996 24741 802 3130
985 24229 805 3120
985 24229 805 3120
940 21520 676 3152
1114 26979 922 3115
906 22577 653 3185
841 21036 668 3201
788 19416 688 3156
786 19479 688 3156
1014 23280 676 3152
985 24476 805 3120
944 23644 792 3131
996 24357 818 3120
853 20189 737 3138
934 21955 725 3134
863 22142 775 3134
894 21576 736 3141
884 21977 681 3194
832 20738 681 3197
996 24357 818 3120
874 21711 755 3134
870 21875 755 3134
835 20499 681 3197
836 21374 796 3140
834 21441 796 3136
1026 25302 805 3122
1026 25302 805 3122
853 21294 811 3143
851 21125 668 3201
791 19418 688 3156
788 19453 688 3156
1019 23966 676 3152
872 20734 682 3200
840 21286 681 3197
867 20252 737 3151
855 22068 778 3139
860 21618 753 3144
847 21828 796 3136
841 21578 806 3145
844 22041 796 3136
903 21645 682 3200
901 21723 682 3200
791 19520 692 3156
883 22584 717 3159
841 20964 693 3172
859 21292 693 3172
855 21581 709 3190
910 22969 706 3178
902 21477 704 3198
864 21678 693 3193
893 22786 704 3179
