2416 66.8099
875 15086 875 2967
617 14838 617 3039
777 18694 676 2994
651 13624 629 3049
622 13687 621 3059
631 14851 609 3030
719 17811 688 2990
778 18518 676 2994
858 15038 854 2968
830 16107 791 2971
856 14688 854 2972
762 14257 762 2988
732 17243 698 2987
811 14733 811 2971
799 14742 779 2976
812 14866 812 2970
875 15086 875 2967
833 14908 833 2969
787 14564 787 2978
742 15662 742 2977
727 17108 700 2988
832 14796 832 2970
848 15787 791 2971
726 14913 726 2979
747 15486 747 2975
709 17508 639 3011
818 15198 747 2975
833 14908 833 2969
778 18518 676 2994
656 14195 646 3020
709 14279 709 3003
637 13884 626 3032
731 17653 678 2994
660 15889 660 3001
810 15009 750 2978
795 16060 770 2972
741 14709 721 2985
634 13772 634 3047
632 13864 631 3044
691 16369 623 3022
648 13727 618 3052
707 14874 704 2986
669 15559 669 2998
807 15131 768 2974
619 14827 617 3039
719 16750 707 2984
767 14468 708 2991
718 16913 676 2995
689 16279 626 3016
704 15164 690 2994
703 17033 685 2991
720 14652 711 2988
726 14724 696 2998
641 13746 623 3033
650 13662 627 3050
695 15277 682 2993
638 13754 631 3037
719 14365 719 2993
687 16541 640 3010
788 14685 771 2977
693 16153 654 3002
770 15768 768 2974
625 13972 617 3042
723 14623 723 2981
720 15053 720 2982
703 17542 675 2997
645 15513 637 3015
724 16743 707 2984
657 15859 634 3017
800 15658 769 2973
865 14966 854 2968
626 13682 617 3058
787 14537 787 2979
683 15362 677 2995
665 16331 621 3023
731 16598 617 3026
643 16244 624 3018
729 14981 707 2985
774 15256 767 2975
865 14966 854 2968
762 15444 742 2977
653 16207 611 3028
629 13790 628 3055
672 16234 646 3008
669 16236 649 3007
875 15086 875 2967
772 14696 765 2979
721 14622 721 2986
705 14260 675 3012
744 14430 744 2980
687 16541 640 3010
773 16940 764 2974
687 16968 627 3017
621 14093 618 3046
718 16913 676 2995
638 13833 616 3054
625 13972 617 3042
701 14841 698 2989
666 15326 666 2999
817 15252 747 2975
680 15973 676 2996
653 16207 611 3028
693 16153 654 3002
665 15962 649 3011
685 15336 685 2992
848 15787 791 2971
643 13819 619 3038
666 15448 654 3004
648 15573 642 3014
651 13624 629 3049
629 14889 614 3027
698 14927 679 3005
650 15410 650 3006
688 15176 652 3008
635 14082 631 3038
674 14346 661 3009
766 14238 744 2981
700 14372 683 2999
802 15511 790 2972
629 14889 614 3027
732 17243 698 2987
669 16038 663 3000
689 14894 681 3005
647 15251 637 3022
623 14910 623 3035
683 16648 640 3010
670 14147 618 3029
662 15845 660 3001
667 14993 639 3014
667 15636 654 3003
791 16634 764 2974
746 15054 746 2976
648 14024 638 3021
744 14430 744 2980
623 14910 623 3035
699 14785 679 3006
646 15094 620 3025
671 14262 661 3013
638 14027 631 3024
680 15973 676 2996
832 14796 832 2970
638 13833 616 3054
670 14147 618 3029
666 15326 666 2999
650 15410 650 3006
651 15595 639 3012
719 14208 719 2997
669 16038 663 3000
622 13687 621 3059
626 13682 617 3058
674 14346 661 3009
661 14276 661 3013
664 14008 628 3028
692 15149 652 3008
812 14866 812 2970
621 14093 618 3046
685 15336 685 2992
629 13790 628 3055
646 15094 620 3025
705 14260 675 3012
788 14685 771 2977
660 15831 660 3002
640 13753 623 3043
732 17243 698 2987
643 14041 638 3021
691 16369 623 3022
830 16107 791 2971
677 16356 654 3002
802 15511 790 2972
666 15013 643 3009
643 16244 624 3018
640 13753 623 3043
