2756 2.66749
666 16508 623 3039
731 18375 714 3011
666 16508 623 3039
723 18273 616 3032
671 16339 653 3022
821 20239 714 3008
666 16508 623 3039
821 20239 714 3008
695 17557 688 3015
756 18519 668 3009
822 18903 700 3006
688 17093 620 3031
760 19180 623 3030
693 16696 646 3019
788 19615 625 3029
678 16429 638 3028
698 17132 673 3012
785 18609 653 3014
798 19087 661 3013
741 18208 653 3018
731 18375 714 3011
683 17116 623 3035
717 17515 630 3025
678 16429 638 3028
717 17515 630 3025
788 19615 625 3029
765 18733 646 3018
683 17116 623 3035
732 17336 627 3029
739 18671 692 3010
695 17359 658 3016
702 17540 669 3015
679 16973 631 3023
695 17557 688 3015
678 16429 638 3028
741 18208 653 3018
679 16973 631 3023
741 18208 653 3018
788 19615 625 3029
717 17515 630 3025
761 19096 661 3015
702 17540 669 3015
698 17132 673 3012
731 18375 714 3011
765 18733 646 3018
679 16973 631 3023
717 17515 630 3025
708 17465 640 3020
822 18903 700 3006
668 16973 638 3022
702 17540 669 3015
698 17132 673 3012
788 19615 625 3029
679 16973 631 3023
765 18733 646 3018
679 16973 631 3023
717 17515 630 3025
822 18903 700 3006
739 18671 692 3010
695 17359 658 3016
679 16973 631 3023
741 18208 653 3018
732 17336 627 3029
761 19096 661 3015
668 16973 638 3022
765 18733 646 3018
739 18671 692 3010
740 18470 671 3010
732 17336 627 3029
695 17359 658 3016
666 16508 623 3039
717 17515 630 3025
723 18273 616 3032
756 18519 668 3009
732 17336 627 3029
765 18733 646 3018
731 18375 714 3011
739 18671 692 3010
688 17093 620 3031
822 18903 700 3006
731 18375 714 3011
741 18208 653 3018
666 16508 623 3039
679 16973 631 3023
668 16973 638 3022
731 18375 714 3011
698 17132 673 3012
765 18733 646 3018
695 17557 688 3015
666 16508 623 3039
765 18733 646 3018
678 16429 638 3028
666 16508 623 3039
731 18375 714 3011
739 18671 692 3010
679 16973 631 3023
785 18609 653 3014
698 17132 673 3012
693 16696 646 3019
739 18671 692 3010
760 19180 623 3030
731 18375 714 3011
765 18733 646 3018
666 16508 623 3039
821 20239 714 3008
671 16339 653 3022
723 18273 616 3032
702 17540 669 3015
739 18671 692 3010
732 17336 627 3029
756 18519 668 3009
731 18375 714 3011
695 17359 658 3016
668 16973 638 3022
679 16973 631 3023
695 17359 658 3016
765 18733 646 3018
698 17132 673 3012
723 18273 616 3032
731 18375 714 3011
679 16973 631 3023
698 17132 673 3012
693 16696 646 3019
739 18671 692 3010
708 17465 640 3020
765 18733 646 3018
765 18733 646 3018
731 18375 714 3011
