3129 67.7407
623 13043 623 3037
633 12558 623 3036
630 12888 616 3030
857 16257 855 2972
629 12587 623 3036
629 12574 623 3036
687 13553 683 3000
631 12616 630 3031
629 12565 623 3036
629 12575 623 3036
639 12682 638 3027
629 12575 623 3036
675 13125 673 3015
632 12638 630 3031
629 12575 623 3036
629 12587 623 3036
632 12638 630 3031
630 12900 616 3030
631 12616 630 3031
629 12565 623 3036
680 14066 631 3021
639 12663 638 3027
639 12727 638 3027
629 12587 623 3036
629 12566 623 3036
629 12587 623 3036
629 12587 623 3036
629 12565 623 3036
639 12727 638 3027
639 12687 638 3027
654 12907 653 3020
629 12575 623 3036
629 12587 623 3036
632 12626 630 3031
629 12587 623 3036
629 12563 623 3036
654 12928 653 3020
639 12727 638 3027
631 12610 630 3031
629 12565 623 3036
654 13010 653 3018
629 12587 623 3036
662 12950 653 3020
632 12638 630 3031
629 12561 623 3036
639 12748 638 3027
654 13044 653 3018
629 12575 623 3036
632 12638 630 3031
628 12728 623 3036
629 12587 623 3036
639 12663 638 3027
632 12638 630 3031
628 12592 623 3036
629 12575 623 3036
629 12565 623 3036
639 12663 638 3027
631 12616 630 3031
639 12687 638 3027
631 12640 630 3031
654 12834 653 3023
631 12610 630 3031
630 12972 616 3030
629 12561 623 3036
629 12575 623 3036
629 12575 623 3036
654 12928 653 3020
640 12992 631 3026
629 12575 623 3036
629 12565 623 3036
639 12659 638 3027
629 12561 623 3036
655 13185 653 3017
631 12640 630 3031
629 12561 623 3036
631 12610 630 3031
674 13171 673 3015
629 12575 623 3036
639 12663 638 3027
629 12575 623 3036
657 12738 621 3049
639 12659 638 3027
654 13044 653 3018
638 13459 638 3020
638 12726 627 3033
631 12610 630 3031
639 12663 638 3027
629 12575 623 3036
629 12587 623 3036
629 12565 623 3036
654 12871 653 3022
632 12678 630 3031
631 12610 630 3031
629 12586 623 3036
628 12909 616 3030
633 12558 623 3036
639 12687 638 3027
659 12878 653 3022
629 12565 623 3036
633 12559 623 3036
660 12834 650 3024
629 12587 623 3036
639 12682 638 3027
631 12610 630 3031
629 12565 623 3036
639 12659 638 3027
654 12849 653 3023
629 12565 623 3036
633 12654 630 3031
629 12574 623 3036
631 12610 630 3031
629 12574 623 3036
631 12616 630 3031
631 12616 630 3031
633 12627 623 3036
629 12587 623 3036
629 12587 623 3036
629 12598 623 3036
654 12846 653 3023
629 12575 623 3036
675 13125 673 3015
639 12748 638 3027
629 12561 623 3036
629 12565 623 3036
629 12565 623 3036
633 12559 623 3036
639 12729 638 3027
629 12587 623 3036
629 12565 623 3036
629 12587 623 3036
639 12663 638 3027
629 12565 623 3036
639 12687 638 3027
648 13451 638 3020
629 12561 623 3036
629 12663 623 3036
639 12682 638 3027
639 12727 638 3027
639 12659 638 3027
629 12565 623 3036
631 12637 630 3031
639 12687 638 3027
660 12834 650 3024
629 12566 623 3036
629 12589 623 3036
639 12659 638 3027
639 12687 638 3027
629 12587 623 3036
629 12575 623 3036
629 12574 623 3036
639 12663 638 3027
629 12561 623 3036
629 12565 623 3036
629 12589 623 3036
639 12663 638 3027
629 12561 623 3036
705 14395 698 2996
639 12682 638 3027
629 12587 623 3036
629 12561 623 3036
639 12682 638 3027
629 12565 623 3036
639 12659 638 3027
629 12587 623 3036
629 12565 623 3036
680 14022 646 3012
662 12950 653 3020
629 12575 623 3036
639 12659 638 3027
629 12631 627 3033
629 12587 623 3036
629 12575 623 3036
639 12682 638 3027
638 13459 638 3020
629 12565 623 3036
629 12561 623 3036
631 12616 630 3031
639 12682 638 3027
631 12616 630 3031
628 12684 623 3036
687 13553 683 3000
639 12659 638 3027
653 12914 653 3022
629 12565 623 3036
629 12565 623 3036
629 12575 623 3036
683 13778 683 3000
631 12610 630 3031
629 12561 623 3036
629 12565 623 3036
639 12687 638 3027
629 12561 623 3036
639 12748 638 3027
652 12836 650 3024
629 12565 623 3036
639 12687 638 3027
639 12659 638 3027
632 12638 630 3031
629 12587 623 3036
629 12561 623 3036
