46 4.47903
909 22205 665 3000
892 23056 676 2997
810 20797 810 2975
697 16954 616 3029
658 16555 616 3042
654 15947 623 3032
875 21876 628 3018
826 20453 771 2977
843 21155 725 2985
908 22847 640 3013
810 20797 810 2975
861 21117 651 3007
790 20070 790 2978
791 19835 791 2978
660 16147 642 3031
868 20295 687 2994
835 20992 791 2976
719 18103 623 3024
739 18304 737 2989
819 19587 698 2990
831 20198 751 2980
710 17162 619 3027
699 16948 637 3019
735 17759 728 2993
707 17727 694 3000
664 16496 649 3019
731 18613 716 2991
800 19988 764 2979
670 16900 656 3013
810 20354 742 2981
736 18311 720 2987
768 18992 768 2980
717 17041 690 3002
836 20188 676 2998
750 18716 724 2986
772 18863 643 3009
761 18321 747 2981
689 16823 672 3014
681 16897 668 3012
714 17257 631 3020
909 22205 665 3000
660 16749 640 3026
768 18326 620 3025
756 18485 624 3020
806 19928 698 2992
742 17301 742 2998
782 18994 668 3000
754 19135 659 3010
793 19665 663 3002
733 17278 676 2999
828 20233 662 3003
753 18836 745 2985
672 16746 624 3021
725 17746 682 2998
732 17852 709 2995
713 17899 684 2997
739 18190 739 2987
792 19509 770 2979
774 19309 705 2991
723 17330 688 2996
682 17460 662 3011
726 17663 646 3012
688 16390 641 3019
837 19455 685 2995
748 18880 728 2985
717 16677 619 3028
754 18620 737 2985
758 19462 727 2984
788 19679 770 2979
715 17493 684 3003
765 18500 645 3015
776 17705 717 2994
791 19878 742 2983
745 18282 639 3018
729 17824 661 3008
805 20014 720 2986
791 19335 660 3004
716 17524 685 2996
777 19159 641 3013
789 19406 660 3008
799 18505 727 2984
692 17249 668 3007
831 20198 751 2980
672 16463 638 3025
677 17077 655 3018
790 20031 701 2991
745 17578 698 2995
722 17336 676 3001
716 16624 654 3013
753 18825 640 3017
702 17495 676 3001
665 16459 662 3028
796 19793 682 2996
771 18650 705 2993
756 18801 631 3018
679 16727 624 3021
726 17908 646 3011
751 18550 708 2992
788 20069 639 3014
746 18521 662 3005
768 18386 707 2990
726 16995 674 3010
705 17598 662 3006
806 19699 688 2993
800 19988 764 2979
688 17448 668 3005
677 17077 655 3018
739 18190 739 2987
805 19723 704 2989
673 16413 638 3028
688 16390 641 3019
736 18056 700 2995
839 19713 742 2983
776 18769 639 3016
773 18445 661 3006
704 17941 619 3028
763 18380 708 2994
730 17396 646 3012
750 19040 750 2982
768 19321 639 3016
790 19753 639 3014
673 16413 638 3028
839 20146 661 3003
693 16827 668 3011
805 19723 704 2989
750 19040 750 2982
753 19221 698 2993
703 16914 653 3013
769 18730 727 2985
721 17577 655 3012
704 17238 668 3006
702 17901 667 3004
807 19060 640 3014
751 18051 662 3004
765 18500 645 3015
802 18586 705 2993
750 19040 750 2982
786 19583 660 3008
779 19447 663 3003
696 17262 631 3019
777 19072 698 2994
796 19480 652 3008
762 18555 707 2987
729 17237 675 3008
726 16995 674 3010
803 19775 742 2983
786 19447 742 2984
753 18825 640 3017
742 17462 742 2993
800 19988 764 2979
707 17021 652 3018
839 19713 742 2983
806 20400 624 3019
702 17901 667 3004
729 17176 676 3006
703 17184 664 3011
773 18445 661 3006
779 19447 663 3003
763 18358 665 3001
734 18229 720 2993
763 19140 698 2993
732 17852 709 2995
679 16727 624 3021
758 19462 727 2984
735 17179 674 3007
765 18500 645 3015
703 17184 664 3011
789 19406 660 3008
693 16827 668 3011
734 18229 720 2993
774 18836 706 2991
774 18836 706 2991
746 18543 642 3016
707 17021 652 3018
776 18776 704 2990
746 18543 642 3016
806 20400 624 3019
721 17743 665 3002
672 16746 624 3021
791 19878 742 2983
726 17663 646 3012
732 17852 709 2995
682 17460 662 3011
805 20014 720 2986
765 18744 684 2996
765 18744 684 2996
839 19713 742 2983
739 18190 739 2987
693 16827 668 3011
688 16390 641 3019
963 24324 720 2987
835 21012 791 2976
791 19916 791 2978
663 16781 616 3055
654 15969 623 3032
654 15969 623 3032
911 22745 630 3021
895 23157 676 2997
691 17650 616 3042
813 20378 764 2980
902 21911 676 2999
785 19195 747 2981
884 22020 663 3002
693 17380 616 3042
863 20808 682 2996
790 20194 790 2978
654 15969 623 3032
739 18384 737 2989
719 18082 623 3029
670 16982 662 3015
792 19630 770 2979
660 16858 640 3026
781 19391 728 2985
768 19653 629 3023
707 17765 694 3000
688 17287 656 3013
687 17600 661 3018
754 18202 646 3012
710 17392 668 3007
696 17306 631 3019
800 20286 631 3018
738 17992 709 2995
846 20228 698 2991
735 17478 653 3016
736 18729 716 2991
838 20983 661 3006
723 17876 683 3001
776 18588 620 3025
749 18339 698 2995
785 19758 698 2994
758 19297 659 3010
814 19021 727 2984
900 22491 725 2985
827 20703 791 2977
690 16999 690 3013
809 19821 742 2983
718 17298 690 3002
731 18922 697 2996
791 20051 642 3016
826 18965 705 2994
905 22379 725 2985
761 19082 724 2987
794 19359 704 2990
763 18656 676 3000
807 20585 688 2994
841 20754 661 3003
792 19630 770 2979
797 19060 670 3000
788 18484 719 2990
775 19002 643 3009
813 20034 639 3018
782 19288 720 2988
808 19976 682 2997
765 19235 623 3024
796 19547 717 2989
776 18994 662 3004
761 18687 742 2985
730 18613 698 2998
798 19084 684 2999
773 17568 649 3016
836 20726 698 2992
774 19812 707 2988
737 18715 665 3004
789 19670 684 2998
811 19093 727 2984
810 20032 688 2993
755 18512 661 3010
905 22379 725 2985
785 20711 696 2997
757 18250 704 2998
773 17568 649 3016
805 19342 727 2984
785 19179 707 2993
736 17753 665 3008
736 17738 676 3001
793 20613 683 2999
763 18601 728 2993
737 18949 728 2987
739 18118 665 3002
654 15969 623 3032
735 18170 728 2994
836 19528 791 2980
739 18118 665 3002
809 19821 742 2983
799 19154 698 2993
836 19528 791 2980
905 22379 725 2985
905 22379 725 2985
905 22379 725 2985
654 15969 623 3032
918 22002 676 2999
899 23199 676 2997
835 21016 791 2976
654 15975 623 3032
660 16903 640 3026
799 19610 748 2982
827 20709 791 2977
871 22523 729 2985
856 21521 688 2993
743 17979 638 3030
717 18249 656 3013
707 17494 663 3014
707 17780 694 3000
806 19386 640 3022
910 22381 725 2985
739 18687 639 3024
786 18577 698 2995
829 21015 639 3019
756 19366 737 2990
773 18427 668 3012
813 19801 747 2985
791 18560 742 2997
844 20262 727 2988
767 18587 646 3024
771 18308 676 3001
859 20936 704 2990
747 18849 720 2992
764 18787 665 3002
839 20181 747 2981
743 17523 690 3005
799 19305 670 3000
791 19955 791 2978
765 17779 676 3006
801 19842 716 2991
826 20515 708 2990
830 20617 748 2981
819 20062 683 2997
779 19140 705 2998
746 19101 683 3008
781 19039 662 3004
828 20508 728 2986
783 19061 643 3009
749 18481 665 3008
796 20312 729 2989
767 19177 646 3013
816 20346 705 2991
865 20028 707 2988
782 20462 727 2991
832 20309 707 2988
772 19050 717 2992
707 17780 694 3000
858 21009 661 3003
751 18302 676 3005
785 19942 707 2997
783 19061 643 3009
858 20818 662 3003
750 19092 683 3003
858 20818 662 3003
858 20818 662 3003
858 20818 662 3003
912 22497 725 2985
899 23277 676 2997
849 21140 791 2976
791 19985 791 2978
654 15989 623 3032
680 17172 640 3026
827 20710 791 2977
860 21404 748 2984
835 20863 761 2984
805 19668 639 3024
721 18238 698 3003
883 23143 749 2982
724 18009 697 3001
858 22184 750 2981
743 18278 694 3006
749 17770 694 3013
797 20259 645 3021
869 21031 711 2991
749 19093 661 3019
886 20879 684 2999
855 20513 717 2988
758 18807 683 3014
792 19927 731 2993
842 20616 698 2996
837 20094 759 2983
832 19640 707 2995
777 18151 673 3017
828 21091 651 3012
776 18417 677 3009
757 18625 690 3012
773 18553 676 3006
781 19661 668 3004
800 19689 705 3000
885 22203 688 2993
811 19969 723 2998
800 19466 643 3016
789 19189 668 3009
822 19481 670 3000
849 20814 750 2990
856 20717 751 2985
799 19348 646 3014
770 19236 683 3013
784 20086 664 3011
803 20516 659 3010
838 20504 717 2993
851 21378 749 2984
791 19196 683 3003
777 19337 683 3002
824 20239 728 2993
816 19916 661 3010
785 20002 662 3010
871 21034 661 3003
885 22203 688 2993
783 19394 659 3012
809 20812 727 2991
834 20785 720 2991
789 19571 727 2996
802 19907 676 3000
861 21087 661 3003
800 20750 661 3011
792 20245 646 3013
852 20514 698 2996
858 20856 662 3003
933 23098 704 2993
899 23300 676 2997
833 20968 791 2977
659 16034 623 3032
654 16037 623 3032
690 17377 657 3026
754 18930 641 3029
791 19995 791 2978
885 21395 750 2985
818 18443 698 3009
777 18162 673 3017
896 22442 737 2989
815 19901 668 3022
888 22175 748 2986
871 21083 661 3003
808 19555 683 3005
933 22869 720 2988
840 20182 718 2996
777 19350 706 3001
862 21838 683 3002
882 20358 729 2994
769 18624 719 3002
885 20951 685 3000
889 22726 652 3013
919 22540 725 2985
854 21316 697 3003
859 19439 675 3013
787 19401 683 3006
832 20459 668 3019
835 20681 646 3015
832 21295 648 3024
761 19372 715 3001
851 20649 670 3005
879 21953 720 2994
915 22669 725 2985
828 21239 727 2991
828 20920 698 3000
758 19518 683 3016
832 20537 668 3015
886 21249 715 2991
937 23285 725 2985
850 21575 791 2977
656 16063 623 3032
828 19733 683 3012
866 21970 787 2991
796 19952 708 3002
868 21358 727 2991
882 21960 720 2994
871 21173 661 3003
821 20507 678 3018
864 20932 705 3008
838 21030 688 3006
865 19849 673 3017
843 20596 718 3000
802 20095 708 3001
824 20421 684 3012
867 20940 727 2999
941 21987 766 2991
936 22957 738 2992
902 21729 791 2977
670 16184 623 3032
836 20049 745 3002
799 20343 711 3004
879 20960 673 3017
878 22770 665 3007
927 22938 725 2999
892 21463 694 3009
835 20542 700 3013
813 20392 708 3001
885 22813 676 3009
833 20613 712 3001
824 20673 708 3001
693 16915 623 3032
831 21823 633 3033
824 20711 708 3001
824 20711 708 3001
786 19244 632 3048
694 16923 645 3040
910 20851 712 3006
847 21437 708 3001
775 19199 656 3044
884 21800 725 3001
855 21904 773 3004
927 22112 728 2982
893 22366 725 2985
810 20797 810 2975
697 16954 616 3029
658 16555 616 3042
654 15969 623 3032
654 15969 623 3032
861 21087 661 3003
884 22020 663 3002
792 19630 770 2979
909 22205 665 3000
654 15969 623 3032
827 20703 791 2977
790 20070 790 2978
791 19985 791 2978
785 19770 764 2979
839 19713 742 2983
810 20797 810 2975
660 16147 642 3031
754 19135 659 3010
806 20388 624 3019
813 19861 727 2983
829 20175 751 2980
871 21083 661 3003
739 18201 737 2989
719 18103 623 3024
735 17759 728 2993
832 20790 628 3018
793 19917 688 2993
831 20173 751 2980
677 16363 644 3027
835 20272 662 3003
756 18801 631 3018
762 18555 707 2987
708 17411 655 3012
718 17298 690 3002
699 16948 637 3019
796 19793 682 2996
797 19060 670 3000
800 18698 727 2984
768 17254 717 2998
756 18485 624 3020
782 19702 727 2984
672 16746 624 3021
745 17578 698 2995
673 16413 638 3028
835 21012 791 2976
739 18190 739 2987
716 16624 654 3013
713 17899 684 2997
670 16982 662 3015
709 17357 646 3015
696 17262 631 3019
660 16858 640 3026
679 16727 624 3021
777 18235 706 2992
767 18958 646 3010
750 18716 724 2986
726 16995 674 3010
681 16897 668 3012
742 18635 702 2994
753 18562 704 2989
736 18311 720 2987
835 21012 791 2976
761 18321 747 2981
753 17219 719 3003
735 17179 674 3007
677 16363 644 3027
692 17249 668 3007
688 16390 641 3019
726 17908 646 3011
723 17330 688 2996
768 18992 768 2980
746 18536 698 2990
720 17126 674 3010
768 18326 620 3025
706 17772 694 3000
722 17519 675 3005
751 18051 662 3004
754 18620 737 2985
730 16818 668 3009
773 18636 660 3006
711 17725 679 2999
707 17459 642 3017
672 16463 638 3025
769 18516 720 2986
719 18103 623 3024
664 16496 649 3019
742 17301 742 2998
775 18961 661 3005
777 18235 706 2992
730 18006 645 3016
661 16746 649 3018
753 18443 698 2990
761 18321 747 2981
688 16954 664 3011
665 16459 662 3028
783 19061 643 3009
715 18038 646 3014
769 18730 727 2985
772 19111 618 3028
760 18804 663 3003
748 18880 728 2985
737 18331 640 3016
753 18836 745 2985
654 15969 623 3032
664 16496 649 3019
702 17414 661 3017
714 17988 676 2998
763 18358 665 3001
709 17554 679 3000
689 16823 672 3014
711 17725 679 2999
723 18233 707 2991
705 17598 662 3006
792 19630 770 2979
717 16677 619 3028
716 17524 685 2996
724 17777 661 3006
692 16757 672 3014
725 17746 682 2998
733 17278 676 2999
773 18577 676 2997
732 18543 637 3018
790 20070 790 2978
776 17705 717 2994
784 18854 640 3012
724 17263 676 3001
733 18688 695 2995
751 18051 662 3004
768 18992 768 2980
732 18328 726 2987
776 17705 717 2994
753 18836 745 2985
710 17162 619 3027
693 16827 668 3011
716 17491 661 3008
768 17254 717 2998
714 17257 631 3020
736 18408 698 2995
750 18716 724 2986
765 19085 639 3017
736 18461 695 2995
714 17988 676 2998
772 19073 641 3013
763 18411 724 2986
714 16750 667 3012
725 17862 662 3005
748 17423 652 3013
772 19073 641 3013
726 17663 646 3012
753 18562 704 2989
664 16496 649 3019
737 18715 665 3004
723 18233 707 2991
729 17237 675 3008
765 18718 685 2994
810 20797 810 2975
745 18282 639 3018
743 18220 643 3011
703 16914 653 3013
732 18593 707 2990
729 17176 676 3006
717 18295 645 3016
724 17777 661 3006
784 18854 640 3012
745 18644 674 3003
711 16737 652 3018
729 17237 675 3008
703 16914 653 3013
692 16757 672 3014
753 19045 676 2997
742 18635 702 2994
748 17423 652 3013
772 19111 618 3028
704 17238 668 3006
732 18328 726 2987
747 18314 641 3017
714 17988 676 2998
702 17495 676 3001
768 18386 707 2990
736 18461 695 2995
725 17862 662 3005
742 17462 742 2993
730 18006 645 3016
768 18992 768 2980
762 18555 707 2987
746 18536 698 2990
743 17904 698 2994
726 17908 646 3011
772 19111 618 3028
692 16757 672 3014
743 18220 643 3011
714 17257 631 3020
743 17904 698 2994
736 18311 720 2987
810 20797 810 2975
810 20797 810 2975
790 20070 790 2978
753 18562 704 2989
742 18635 702 2994
730 18006 645 3016
714 17988 676 2998
714 17257 631 3020
664 16496 649 3019
919 23584 724 2986
810 20886 810 2975
659 16091 623 3032
658 16717 616 3042
654 16368 623 3032
861 21109 661 3003
905 22379 725 2985
905 22379 725 2985
827 20762 791 2977
694 17362 636 3022
683 16747 624 3030
797 19810 770 2979
812 20855 810 2975
739 18216 737 2989
797 20082 790 2978
711 16969 644 3028
846 21021 698 2991
687 16645 662 3024
817 19639 670 3000
787 19270 707 2987
735 18002 728 2993
729 18025 696 2996
683 17259 641 3028
831 20198 751 2980
707 17780 694 3000
733 17830 690 3001
835 18818 718 2991
784 18364 642 3018
806 20400 624 3019
714 17239 688 3015
857 20699 662 3003
800 19988 764 2979
716 17661 685 3002
760 19308 616 3031
769 18766 640 3016
791 18611 654 3015
845 20634 687 2994
753 19009 623 3024
839 19552 646 3009
808 19134 747 2982
835 20370 742 2983
751 19221 674 3003
703 17600 631 3019
839 19729 742 2983
760 18895 631 3018
773 18779 701 2992
765 18990 704 2989
742 18744 646 3011
714 17343 676 3008
755 19103 682 2997
831 20198 751 2980
702 17487 668 3007
782 18643 658 3011
764 19315 659 3010
792 19482 666 3002
798 19851 682 2996
722 17466 661 3012
721 17376 668 3007
721 17577 655 3012
757 18967 707 2995
800 19988 764 2979
803 19690 747 2981
746 19110 707 2991
834 20793 687 2994
801 19529 748 2984
720 18505 702 2996
773 18851 728 2985
712 17500 631 3019
802 18612 738 2987
802 19590 665 3001
753 18957 676 3005
782 19676 660 3008
800 19317 676 2999
766 18941 702 2995
779 19132 663 3004
810 20032 688 2993
830 20047 661 3005
755 18536 662 3009
796 20100 688 2993
788 19362 676 2998
779 19447 663 3003
753 18802 682 2998
788 19725 727 2984
755 18931 642 3016
721 17577 655 3012
805 19342 727 2984
779 19447 663 3003
779 19447 663 3003
798 19851 682 2996
809 18870 727 2984
722 17466 661 3012
805 19342 727 2984
805 19342 727 2984
1029 23573 676 2998
1013 25885 624 3019
856 21019 810 2975
688 17049 616 3042
685 17329 616 3042
665 16263 623 3032
944 24092 764 2979
754 17659 631 3025
905 22415 725 2985
837 19989 640 3018
919 21111 717 2987
772 19550 617 3038
878 21961 688 2993
804 20268 770 2979
737 17431 674 3007
806 20432 791 2978
768 18288 742 2990
790 19155 655 3012
808 20695 790 2978
707 17840 694 3000
887 21042 701 2992
860 21407 658 3011
798 19413 704 2989
765 18534 659 3016
726 17740 684 3017
714 17720 631 3019
870 21318 661 3003
766 19004 691 3000
868 20421 742 2983
803 19741 730 2985
882 20723 670 3000
814 20176 698 2994
793 19636 663 3003
796 20541 679 2999
739 18304 737 2989
779 19303 665 3009
781 19429 684 2997
781 19153 661 3015
773 19828 727 2994
780 18065 673 3017
740 18150 665 3017
858 21153 698 2991
769 19216 727 2995
796 19394 724 2987
791 20031 722 2993
859 20557 742 2983
789 19484 664 3012
737 18265 698 2997
771 18443 673 3016
810 20742 659 3010
810 20120 662 3009
808 19959 727 2984
811 19093 727 2984
769 19449 668 3012
791 19655 663 3011
739 18304 737 2989
791 20434 727 2984
858 20818 662 3003
814 19021 727 2984
858 20818 662 3003
910 22504 725 2985
908 22564 725 2985
828 21025 771 2979
805 20723 791 2983
693 17520 616 3042
680 16491 637 3038
668 16613 632 3039
725 18330 652 3020
689 16586 623 3032
707 17854 694 3000
729 17839 631 3019
761 19117 683 3010
881 21352 661 3003
861 21140 661 3013
768 18874 728 2997
882 20738 742 2983
787 18530 675 3008
844 21302 720 2993
767 19001 748 2993
777 18170 673 3017
803 20174 788 2986
774 19169 748 2992
858 20829 662 3003
795 20498 737 2989
859 20907 706 2994
788 19797 690 3005
836 20210 668 3010
812 19474 740 2996
832 19753 726 2988
874 20160 720 2989
787 19003 665 3017
799 20100 683 3007
831 20516 668 3003
781 19495 703 2997
841 21232 706 2995
781 18963 685 3008
816 19830 664 3011
812 20618 668 3011
860 21214 698 2992
791 20171 737 2990
815 20643 702 2996
796 20066 686 2997
804 19844 728 2987
808 19777 737 2985
806 19476 720 2994
812 19957 727 2984
814 19146 727 2984
935 22105 724 2991
902 23443 748 2985
880 21408 790 2979
704 17546 616 3042
696 17170 623 3037
820 20209 783 2991
861 22020 702 2994
916 22726 725 2985
717 18070 694 3000
755 17900 698 3004
765 18650 634 3027
853 20667 687 3008
738 18500 663 3030
750 18311 653 3026
835 19571 730 2996
838 21127 690 3011
746 19015 655 3028
800 19318 678 3013
777 18315 673 3017
834 20746 720 2997
800 20131 626 3033
930 22365 698 2996
792 20119 640 3020
842 21341 727 2986
867 20727 675 3007
930 23242 664 3019
852 20774 695 2998
802 19888 638 3026
818 19848 788 2986
797 19244 642 3020
781 18483 660 3020
780 19998 670 3019
827 20183 728 2986
793 19799 727 2998
795 18475 668 3019
1046 25808 697 2998
927 23069 725 2985
832 20259 766 2993
726 18159 695 3005
716 18282 616 3042
943 23437 719 2996
769 18470 647 3037
797 19173 670 3019
824 20220 663 3027
911 21798 728 2988
785 20011 694 3000
765 19140 718 3000
822 20450 664 3020
735 18167 705 3001
854 21039 758 2986
860 20393 746 2989
867 20614 733 2995
876 21032 736 2993
882 20432 735 2990
858 21054 705 2998
881 21371 727 2997
782 19146 698 3000
944 22120 694 3010
927 23092 725 2985
916 22789 740 2995
754 18419 698 3005
732 18577 616 3042
772 19530 664 3039
923 22213 683 3020
783 20082 708 3001
842 21193 698 3002
845 20557 698 3003
926 22746 740 2995
907 22162 697 3003
756 18946 725 3002
765 18725 695 3005
927 23284 748 2985
812 20302 616 3042
792 19771 756 3002
779 19251 646 3050
756 18676 650 3044
846 21366 700 3003
819 21100 704 3006
778 18769 656 3043
790 20142 711 3004
812 20589 708 3001
771 18718 708 3005
854 21362 705 3009
832 20598 622 3042
824 20694 708 3001
791 19875 663 3045
824 20700 708 3001
888 21183 729 3005
852 21194 712 3013
973 23465 713 3013
920 22927 740 3005
909 22205 665 3000
899 23244 676 2997
835 20979 811 2974
697 16954 616 3029
658 16555 616 3042
654 15969 623 3032
654 15918 623 3033
866 21587 640 3013
833 20812 791 2976
790 19915 790 2978
792 19630 770 2979
829 20167 751 2980
810 20559 810 2975
848 21963 640 3013
800 19936 764 2979
827 20703 791 2977
816 19579 742 2983
839 20427 661 3003
902 22199 725 2985
819 20916 663 3002
761 18321 747 2981
707 17780 694 3000
754 18620 737 2985
699 16948 637 3019
788 20390 676 2998
756 18485 624 3020
696 17262 631 3019
805 19723 704 2989
688 17448 668 3005
748 18880 728 2985
660 16147 642 3031
753 18836 745 2985
814 19021 727 2984
759 19033 708 2991
848 20608 668 3000
688 16390 641 3019
689 16823 672 3014
742 17462 742 2993
776 17705 717 2994
791 19247 682 2996
768 18900 768 2980
783 19061 643 3009
681 16897 668 3012
750 18716 724 2986
655 17088 638 3022
768 18326 620 3025
660 16147 642 3031
679 16727 624 3021
786 19583 660 3008
729 18141 670 3004
810 20032 688 2993
788 19725 727 2984
664 16496 649 3019
736 18729 716 2991
671 17085 638 3023
777 19159 641 3013
781 19685 701 2992
692 17249 668 3007
797 19060 670 3000
654 15969 623 3032
756 18801 631 3018
726 17663 646 3012
707 17021 652 3018
660 16858 640 3026
720 17742 683 3000
773 17568 649 3016
765 18718 685 2994
673 16413 638 3028
737 18427 645 3016
667 16894 664 3015
693 16827 668 3011
723 17897 623 3024
716 16624 654 3013
703 16914 653 3013
752 17245 704 2997
721 17577 655 3012
674 16253 640 3025
762 18555 707 2987
763 18358 665 3001
723 17330 688 2996
736 18311 720 2987
733 17278 676 2999
737 18715 665 3004
690 16460 653 3015
672 16746 624 3021
724 18283 646 3016
742 17301 742 2998
702 17495 676 3001
745 18644 674 3003
803 20115 624 3019
666 16991 659 3010
725 17746 682 2998
808 19048 661 3006
710 17162 619 3027
697 16954 616 3029
745 17578 698 2995
665 16459 662 3028
776 18776 704 2990
769 18730 727 2985
790 20031 701 2991
770 18638 698 2993
666 16991 659 3010
756 18485 624 3020
674 16253 640 3025
781 19685 701 2992
696 17506 642 3018
705 17598 662 3006
709 17464 656 3009
713 17899 684 2997
790 18559 617 3027
779 19447 663 3003
733 18177 728 2986
718 17298 690 3002
774 19309 705 2991
717 16677 619 3028
751 18051 662 3004
770 18638 698 2993
726 17908 646 3011
805 19342 727 2984
745 17578 698 2995
719 17139 652 3017
811 19093 727 2984
779 19447 663 3003
736 18311 720 2987
737 18427 645 3016
760 18765 707 2990
722 17959 720 2991
709 17464 656 3009
763 19084 639 3017
769 18911 640 3014
719 18103 623 3024
791 18050 661 3008
733 17278 676 2999
755 18370 661 3007
670 16982 662 3015
722 17336 676 3001
759 19197 639 3017
754 18104 728 2986
748 18880 728 2985
752 17245 704 2997
755 18931 642 3016
790 18559 617 3027
722 17959 720 2991
751 18550 708 2992
729 17237 675 3008
735 17179 674 3007
802 18586 705 2993
718 18026 639 3018
710 17162 619 3027
705 17598 662 3006
716 17524 685 2996
739 18073 642 3017
718 17298 690 3002
674 16253 640 3025
729 17176 676 3006
672 16463 638 3025
714 17257 631 3020
808 19048 661 3006
765 18718 685 2994
735 17759 728 2993
791 19257 639 3016
739 18073 642 3017
802 18586 705 2993
774 19309 705 2991
759 19197 639 3017
718 17298 690 3002
667 16894 664 3015
704 17238 668 3006
760 18765 707 2990
697 16954 616 3029
768 18386 707 2990
722 17959 720 2991
755 18370 661 3007
702 17495 676 3001
791 19257 639 3016
736 18729 716 2991
763 19084 639 3017
666 16991 659 3010
802 18586 705 2993
754 18104 728 2986
735 17179 674 3007
737 18611 661 3007
719 17139 652 3017
716 17524 685 2996
737 18611 661 3007
735 17179 674 3007
742 17462 742 2993
756 18485 624 3020
754 18104 728 2986
752 17245 704 2997
674 16253 640 3025
667 16894 664 3015
905 22366 725 2985
899 23277 676 2997
810 20783 810 2975
675 16875 616 3042
654 16108 623 3032
884 22020 663 3002
701 17530 631 3021
797 20544 620 3025
849 20640 661 3003
835 20835 791 2976
745 18570 642 3018
790 20030 790 2978
792 19644 770 2979
884 22155 640 3013
712 17433 690 3008
791 19937 791 2978
816 20294 698 2993
693 17576 668 3005
788 19546 653 3009
739 18304 737 2989
839 19713 742 2983
722 17114 654 3013
764 17683 676 3002
688 16936 668 3012
729 16976 637 3019
800 19988 764 2979
831 20198 751 2980
739 17397 698 2997
715 18205 664 3014
795 19887 717 2988
822 19209 727 2984
769 18746 727 2985
829 20245 705 2991
788 18118 646 3012
802 18787 708 2994
768 19429 748 2982
760 18356 676 2999
768 18992 768 2980
751 18832 676 3001
775 19753 747 2984
740 18316 728 2986
713 17913 684 2997
755 17971 657 3011
727 17663 688 2996
759 19034 708 2991
810 18924 707 2994
803 20026 685 2996
739 18190 739 2987
796 19827 706 2992
716 17319 690 3008
828 20767 682 2998
758 19026 662 3006
754 18897 720 2988
847 20394 646 3011
755 19225 665 3004
753 18880 724 2986
795 18428 747 2981
779 19345 683 2998
742 18557 646 3014
838 20748 791 2977
806 20400 624 3019
776 19357 646 3012
779 20409 685 2996
806 20400 624 3019
831 20198 751 2980
786 18910 747 2981
827 20788 791 2977
713 17317 637 3019
781 19768 665 3002
884 22020 663 3002
757 18131 676 3001
847 20394 646 3011
714 17252 637 3019
800 19988 764 2979
795 20401 662 3005
802 19751 666 3002
740 18316 728 2986
810 19651 665 3002
831 20198 751 2980
884 22020 663 3002
995 25294 720 2988
810 20797 810 2975
676 17053 616 3042
676 16108 623 3032
654 16261 623 3032
886 21827 658 3011
926 22413 707 2991
702 17382 681 3026
902 23492 640 3013
654 16245 623 3033
765 18456 631 3027
774 19361 768 2980
908 22847 640 3013
835 20937 791 2976
902 23353 676 2997
733 17802 688 2996
791 19985 791 2978
790 20070 790 2978
665 16134 623 3032
810 20797 810 2975
839 19827 742 2983
841 20502 751 2980
843 20396 701 2994
751 18074 639 3023
740 18507 684 2998
812 19992 764 2981
858 20818 662 3003
826 20593 624 3019
745 18454 737 2989
776 20139 649 3022
735 18492 653 3020
837 20156 749 2982
728 18103 682 3016
749 18874 728 2987
718 18204 668 3013
798 19660 720 2991
905 22379 725 2985
853 20874 661 3003
832 20795 707 2994
796 18903 728 2986
834 19669 642 3019
726 18326 702 3004
818 20239 764 2979
751 17603 668 3015
843 20435 660 3009
742 18142 668 3012
808 19488 727 2988
786 19904 714 2995
827 20561 720 2990
772 19247 652 3014
745 17763 705 2996
781 18922 720 2993
812 19920 676 3001
808 19758 714 2995
751 19095 659 3014
783 19457 676 3003
793 19055 737 2985
763 18030 676 3006
758 18180 660 3015
828 19680 727 2984
817 19305 668 3009
769 18970 661 3013
794 19904 662 3006
827 19451 668 3007
751 18275 685 3004
782 19408 646 3012
764 18141 683 3005
783 19327 683 3000
795 18908 646 3015
905 22379 725 2985
785 19473 684 2997
819 19415 725 2988
827 20103 676 3000
790 20070 790 2978
790 20070 790 2978
790 20070 790 2978
912 23057 725 2985
856 21347 812 2975
685 17329 616 3042
674 17144 640 3041
888 21826 651 3017
863 21105 625 3034
712 17282 639 3033
760 17973 703 3010
803 19593 742 2991
736 18571 711 3004
793 20585 749 2994
742 18530 715 2999
835 20947 791 2976
848 20306 781 2982
839 20353 768 2980
780 19409 688 2996
751 18505 638 3032
832 20742 728 2987
762 18819 641 3026
848 20801 736 2984
790 20071 790 2978
753 18691 655 3023
767 19283 668 3019
814 19382 742 2987
777 18164 673 3017
824 20754 771 2979
763 19011 682 3007
790 19951 660 3013
847 20904 660 3009
808 20625 668 3011
857 20485 707 2994
804 20407 646 3024
865 20011 653 3020
750 18345 705 2996
871 21083 661 3003
798 19403 662 3015
773 18359 683 3014
764 18020 682 3016
764 18727 684 2998
787 18549 676 3006
769 18708 676 3006
770 18779 665 3016
761 18492 653 3025
871 21083 661 3003
824 20939 770 2980
861 21087 661 3003
971 22901 746 2988
919 23619 748 2985
835 21012 791 2976
719 17436 616 3042
716 17491 639 3045
758 17924 683 3033
848 21358 770 2980
872 22078 722 2996
892 22022 725 2995
814 20728 750 2990
790 20190 790 2978
740 18769 646 3034
777 18170 673 3017
765 18791 661 3023
744 19262 644 3040
778 18545 720 3006
839 21012 769 2981
770 19709 711 3004
863 21786 728 2989
829 21135 640 3037
789 18654 664 3025
863 20227 745 2995
805 19560 646 3028
805 19950 683 3009
839 20600 668 3017
831 20711 735 2996
869 21182 661 3003
770 19723 702 2999
818 20142 685 3000
780 19181 686 3001
867 21224 749 2985
842 20298 661 3013
834 20217 669 3013
855 20984 769 2981
776 18753 693 3002
775 19478 695 2998
790 19067 728 3000
851 20488 694 2997
813 20341 683 3008
775 19503 646 3030
810 19512 726 2997
773 18754 697 3001
854 21156 686 2999
772 19254 683 3013
882 21300 686 3003
876 22436 663 3003
835 21196 791 2976
795 20190 791 2978
784 18338 673 3017
781 18911 616 3042
757 18741 640 3051
874 22166 756 2991
881 21822 728 2993
777 19346 768 3011
846 20568 659 3028
848 21305 642 3037
803 21012 709 2998
816 19572 704 2998
865 21189 690 3000
853 21196 686 3009
821 19772 698 3005
780 20053 711 3005
827 20559 696 3005
870 21469 680 3010
849 21364 669 3015
825 21092 664 3023
790 19474 661 3025
870 22007 682 3004
838 19874 698 2998
803 20154 708 3001
784 19311 706 3003
786 19455 687 3010
879 21323 661 3003
824 21083 698 2998
961 22499 698 3001
842 21248 791 2976
820 20237 810 2979
808 20057 628 3049
804 18624 673 3017
791 19994 680 3018
905 22276 730 2995
795 19979 711 3004
882 21406 661 3003
893 22077 694 3002
874 22116 705 2998
842 20074 703 3006
812 20585 708 3001
832 20485 708 3001
880 20165 728 3002
910 22108 661 3003
899 23277 676 3007
879 21790 731 3001
869 22463 738 3002
827 20672 674 3017
844 21463 705 3011
830 21134 718 3004
904 22377 661 3003
961 22273 685 3003
927 22882 661 3003
912 23287 678 3019
897 22013 695 3023
875 22465 680 3018
