26819 215.304
764 17113 640 3020
774 18190 653 3011
670 15754 663 3015
707 15721 707 2995
856 19376 686 3003
828 18671 668 3006
766 18106 653 3013
723 16919 664 3006
711 17406 623 3033
718 16507 709 3001
767 17311 720 3010
760 17442 653 3017
757 17214 653 3016
739 16991 675 3010
762 18016 683 3007
734 16023 706 2997
784 19307 653 3025
741 18028 653 3014
875 21313 653 3012
876 20010 690 3002
820 17274 727 2982
735 16946 664 3006
761 17387 690 3002
718 16601 684 3000
796 19575 664 3009
760 17619 664 3007
685 16531 640 3020
787 18165 661 3009
763 17429 664 3007
698 17484 640 3027
752 17308 707 3005
776 18041 668 3019
714 15870 698 3015
780 16968 742 3009
856 20248 653 3021
699 15997 668 3003
751 16198 668 3006
737 18401 643 3025
738 16886 684 2999
733 17164 686 2999
756 17505 653 3015
758 17895 653 3016
740 16671 720 2992
798 17900 660 3015
711 15768 640 3020
750 17353 653 3010
724 17425 646 3026
781 18403 694 3000
728 17402 664 3008
933 21715 661 3011
717 16446 667 3004
808 19594 643 3019
780 16887 698 3000
736 17147 663 3014
703 15842 668 3003
722 15773 722 2998
800 18919 623 3031
866 19147 690 3004
779 17641 746 2988
770 17327 677 2999
740 17386 702 3003
787 17448 698 2993
821 18179 690 3007
867 21016 663 3013
750 17649 663 3014
725 17453 666 3008
826 18327 703 3018
743 16571 689 2993
828 18781 690 2997
792 17920 698 2994
716 16085 699 3018
836 20339 688 3018
771 18649 683 3007
831 18828 725 2996
744 17470 675 3004
797 19494 638 3018
761 16701 705 3009
718 17728 638 3020
806 18192 726 2985
778 16882 727 2991
730 16176 668 3010
801 18005 683 3005
736 16722 720 2989
713 16126 653 3012
825 18602 709 3001
752 16873 687 2992
742 17175 675 3007
688 15511 662 3017
783 18081 667 3006
740 17569 653 3017
755 16948 664 3007
839 19858 668 3010
738 16506 720 3012
806 18356 653 3013
827 20395 638 3027
767 18585 653 3013
699 16057 690 3004
728 16436 699 3021
802 18758 684 3008
776 18606 668 3002
