4605 8.8723
691 17423 622 3069
718 17467 683 3013
799 19678 653 3014
659 16322 638 3033
691 17423 622 3069
799 19678 653 3014
799 19678 653 3014
721 18201 660 3016
669 16680 635 3049
759 18132 651 3019
700 16867 673 3019
759 18132 651 3019
734 18128 660 3018
715 17978 663 3015
687 17099 640 3024
682 17474 675 3017
680 16573 630 3043
718 17467 683 3013
700 16867 673 3019
673 16617 658 3028
733 17450 646 3022
696 17355 623 3034
683 16706 630 3035
680 16573 630 3043
669 16680 635 3049
703 17577 650 3020
687 17314 638 3024
708 17926 646 3022
675 16924 675 3025
675 16924 675 3025
721 18201 660 3016
718 17467 683 3013
673 16617 658 3028
669 16680 635 3049
799 19678 653 3014
697 16747 646 3026
799 19678 653 3014
675 16924 675 3025
659 16322 638 3033
759 18132 651 3019
669 16680 635 3049
673 16617 658 3028
734 18128 660 3018
687 17099 640 3024
721 18201 660 3016
697 16747 646 3026
708 16888 637 3030
708 16888 637 3030
799 19678 653 3014
691 17423 622 3069
759 18132 651 3019
669 16680 635 3049
680 16573 630 3043
683 16706 630 3035
703 17577 650 3020
703 17577 650 3020
687 17099 640 3024
759 18132 651 3019
659 16322 638 3033
733 17450 646 3022
673 16617 658 3028
719 17368 675 3018
683 16706 630 3035
759 18132 651 3019
663 16203 648 3029
701 16669 646 3026
719 17368 675 3018
715 17978 663 3015
680 16573 630 3043
675 16924 675 3025
691 16818 623 3043
687 17099 640 3024
675 16924 675 3025
675 16924 675 3025
799 19678 653 3014
663 16203 648 3029
669 16680 635 3049
721 18201 660 3016
759 18132 651 3019
678 17094 638 3029
708 17926 646 3022
719 17368 675 3018
696 17355 623 3034
673 16617 658 3028
719 17368 675 3018
708 16888 637 3030
759 18132 651 3019
799 19678 653 3014
691 17423 622 3069
799 19678 653 3014
799 19678 653 3014
669 16680 635 3049
683 16706 630 3035
715 17978 663 3015
696 17355 623 3034
675 16924 675 3025
719 17368 675 3018
718 17467 683 3013
691 17423 622 3069
678 17094 638 3029
663 16203 648 3029
733 17450 646 3022
677 16900 675 3023
700 16867 673 3019
659 16322 638 3033
799 19678 653 3014
680 16573 630 3043
683 16706 630 3035
691 17423 622 3069
697 16747 646 3026
701 16669 646 3026
669 16680 635 3049
718 17467 683 3013
687 17314 638 3024
721 18201 660 3016
680 16573 630 3043
759 18132 651 3019
718 17467 683 3013
733 17450 646 3022
678 17094 638 3029
673 16617 658 3028
733 17450 646 3022
759 18132 651 3019
700 16867 673 3019
669 16680 635 3049
695 16923 647 3023
675 16924 675 3025
675 16924 675 3025
