10 0.233035
931 21508 646 3361
928 23303 749 3349
928 23303 749 3349
844 21795 806 3352
705 17874 566 3419
686 16914 618 3429
677 16391 619 3414
677 16237 651 3412
818 20150 627 3374
786 18292 679 3378
921 21627 646 3361
859 19970 646 3368
851 21509 790 3357
763 19003 654 3360
931 21508 646 3361
705 17839 670 3394
706 17423 592 3384
748 18070 592 3383
739 17009 603 3415
859 19970 646 3368
767 18590 767 3375
799 19712 630 3378
726 18680 644 3378
767 18421 767 3382
716 16992 651 3407
809 19470 574 3397
701 17673 602 3404
689 16493 658 3401
807 19346 630 3379
764 18516 644 3382
774 18367 663 3379
778 19480 569 3415
696 17183 581 3409
684 16735 653 3406
677 17106 630 3400
686 16537 674 3399
706 17408 592 3395
705 17655 575 3418
709 17150 581 3409
693 17509 581 3409
691 16723 619 3413
692 16535 674 3398
780 18004 662 3380
780 18004 662 3380
679 17159 592 3406
686 16924 602 3416
921 21627 646 3361
677 17106 630 3400
686 16924 602 3416
691 16317 619 3414
709 17150 581 3409
928 23303 749 3349
704 17660 575 3418
691 16317 619 3414
693 17509 581 3409
767 18421 767 3382
691 16317 619 3414
709 17150 581 3409
691 16317 619 3414
931 21688 646 3361
928 23470 749 3349
867 21888 806 3352
722 16291 691 3464
705 17666 575 3418
683 17014 626 3435
832 20532 627 3374
860 21815 806 3355
718 16399 691 3464
931 21455 646 3368
815 19202 767 3362
821 19838 610 3388
767 18395 767 3383
689 16766 643 3431
794 19307 654 3360
745 19100 635 3388
701 16560 674 3399
702 16607 635 3422
778 18870 630 3384
787 18216 611 3392
818 19576 630 3379
783 19362 594 3394
762 18685 644 3382
790 18641 663 3379
686 16955 602 3416
767 18615 767 3375
696 17546 581 3409
769 17673 662 3388
699 17317 618 3413
706 17423 592 3395
734 17117 635 3412
716 16877 667 3405
683 16433 671 3432
701 17683 602 3404
706 17423 592 3395
738 18707 670 3390
696 17546 581 3409
694 16498 643 3420
712 16999 619 3414
685 16415 651 3412
740 18050 647 3394
686 16779 653 3406
705 17354 581 3409
794 19307 654 3360
787 18946 660 3380
766 18360 662 3388
693 17272 630 3400
742 17495 652 3390
767 18450 767 3382
705 17862 670 3394
780 18018 662 3380
787 18946 660 3380
701 17683 602 3404
702 16607 635 3422
709 17265 581 3409
716 17024 651 3407
686 16925 618 3421
931 21688 646 3361
712 17829 670 3394
693 16591 674 3407
740 18050 647 3394
780 18018 662 3380
762 18685 644 3382
716 16470 619 3414
767 18242 646 3390
693 17272 630 3400
742 17495 652 3390
705 17862 670 3394
739 17102 619 3413
734 17117 635 3412
712 16999 619 3414
931 21688 646 3361
693 17272 630 3400
685 16415 651 3412
739 17102 619 3413
709 17265 581 3409
716 17024 651 3407
769 17673 662 3388
712 17829 670 3394
931 21688 646 3361
780 18018 662 3380
712 16999 619 3414
693 17272 630 3400
780 18018 662 3380
931 21688 646 3361
931 21688 646 3361
780 18018 662 3380
739 17102 619 3413
709 17265 581 3409
709 17265 581 3409
709 17265 581 3409
706 17423 592 3395
705 17862 670 3394
705 17862 670 3394
702 16607 635 3422
696 17546 581 3409
696 17546 581 3409
696 17546 581 3409
693 17272 630 3400
693 17272 630 3400
693 17272 630 3400
693 17272 630 3400
693 17272 630 3400
693 17272 630 3400
693 17272 630 3400
693 17272 630 3400
693 17272 630 3400
693 17272 630 3400
931 22038 646 3361
867 21893 806 3352
722 16333 691 3464
719 17934 575 3418
703 16416 674 3465
683 16583 671 3432
860 21863 806 3355
832 20532 627 3382
766 18520 756 3389
801 19974 709 3376
684 17073 626 3435
801 20080 709 3369
767 18656 767 3375
706 17532 592 3395
740 17911 581 3409
810 19663 654 3360
783 18402 684 3386
809 19235 627 3393
718 16405 691 3464
771 18701 644 3382
703 17026 602 3416
821 20282 610 3388
689 16778 643 3431
818 19623 630 3379
728 16853 619 3414
793 19652 611 3392
694 16498 643 3424
780 17871 662 3388
769 17794 668 3388
767 18046 652 3390
790 19081 630 3384
693 17369 630 3400
790 18318 662 3380
686 16808 653 3406
832 20532 627 3382
734 17191 635 3412
702 17302 636 3408
766 18520 756 3389
706 16985 619 3425
685 16458 651 3412
767 18399 767 3383
719 17934 575 3418
787 19143 660 3380
699 17317 618 3414
703 16416 674 3465
821 20282 610 3388
705 17904 670 3394
737 17443 662 3399
683 16583 671 3432
801 19974 709 3376
701 16749 674 3399
684 17073 626 3435
701 16749 674 3399
787 19143 660 3380
718 17477 618 3413
790 19081 630 3384
699 17317 618 3414
693 17212 619 3425
818 19623 630 3379
722 16333 691 3464
686 17003 626 3418
739 17115 619 3413
739 17115 619 3413
693 17212 619 3425
767 18399 767 3383
703 16416 674 3465
683 16583 671 3432
832 20532 627 3382
683 16583 671 3432
703 16416 674 3465
787 19143 660 3380
722 16333 691 3464
722 16333 691 3464
719 17934 575 3418
703 16416 674 3465
703 16416 674 3465
683 16583 671 3432
683 16583 671 3432
959 22526 646 3361
892 22275 806 3352
730 16365 691 3464
724 17963 575 3418
707 16420 674 3465
684 17190 626 3443
813 20144 709 3376
863 21890 806 3362
767 18664 767 3375
722 16367 691 3464
767 18212 767 3391
833 18743 592 3395
832 20585 627 3382
702 16554 651 3424
690 16786 671 3432
756 19159 602 3401
874 20384 662 3367
860 22030 806 3355
742 18028 581 3409
818 19644 630 3379
819 19840 671 3370
747 17355 635 3412
808 19396 630 3384
892 22275 806 3352
703 17037 602 3416
701 16749 674 3407
832 20411 610 3388
745 17596 619 3413
757 17248 619 3413
791 18507 767 3382
732 17425 662 3406
694 17284 626 3418
736 18472 630 3396
705 17859 670 3401
701 16912 674 3399
722 17925 597 3407
799 19435 630 3392
780 18003 662 3388
867 21900 806 3355
780 18003 662 3388
710 17566 630 3400
690 16865 682 3418
686 17088 626 3421
686 17088 626 3421
829 19920 627 3393
690 16865 682 3418
827 20568 627 3390
767 18452 767 3383
799 19435 630 3392
767 18452 767 3383
780 18003 662 3388
712 17936 670 3394
867 21900 806 3355
739 17366 662 3406
771 18737 644 3382
827 20568 627 3390
829 19920 627 3393
771 18737 644 3382
686 17088 626 3421
769 17943 668 3388
769 17943 668 3388
712 17936 670 3394
771 18737 644 3382
827 20568 627 3390
769 17943 668 3388
769 17943 668 3388
771 18737 644 3382
780 18003 662 3388
867 21900 806 3355
867 21900 806 3355
867 21900 806 3355
827 20568 627 3390
827 20568 627 3390
827 20568 627 3390
799 19435 630 3392
771 18737 644 3382
771 18737 644 3382
771 18737 644 3382
921 21605 672 3373
892 22310 806 3352
731 18285 575 3418
718 16499 675 3465
702 16669 674 3465
684 17218 626 3443
867 21974 806 3355
832 20468 610 3388
854 21178 627 3382
717 16654 690 3463
711 17413 619 3425
757 17782 619 3413
767 18339 767 3391
738 17675 651 3407
865 22038 806 3368
728 18098 615 3449
813 20190 709 3376
737 18148 597 3407
767 18339 767 3391
813 19498 630 3384
813 20190 709 3376
791 19337 644 3382
783 19061 644 3383
892 22310 806 3352
703 16918 674 3399
780 18169 662 3388
829 19898 630 3379
723 18257 670 3394
767 18691 767 3375
686 17139 626 3421
686 17123 626 3422
769 18036 668 3388
771 18566 767 3387
722 18064 630 3400
829 19898 630 3379
829 19898 630 3379
787 18537 767 3383
813 20190 709 3376
718 16499 675 3465
892 22313 806 3352
892 22313 806 3352
868 21988 806 3355
739 18412 575 3418
730 16949 674 3465
684 17347 626 3448
757 19126 710 3398
813 20191 709 3376
686 17316 626 3421
832 20593 610 3388
759 17962 662 3407
816 19888 644 3382
737 18380 598 3407
832 19808 654 3390
867 21989 806 3355
829 20479 660 3380
780 18289 662 3388
780 18289 662 3388
867 21989 806 3355
867 21989 806 3355
892 22313 806 3352
892 22313 806 3352
867 21989 806 3355
867 21989 806 3355
867 21989 806 3355
867 21989 806 3355
867 21989 806 3355
867 21989 806 3355
877 22200 806 3355
877 22200 806 3355
750 18478 592 3418
691 17364 626 3443
818 20467 709 3376
854 20458 644 3390
783 18490 767 3388
837 20855 610 3388
776 18402 662 3407
797 18396 662 3388
877 22200 806 3355
894 22375 806 3355
841 20856 610 3388
775 17596 705 3446
710 17632 626 3443
868 20572 709 3376
791 19250 635 3419
813 18562 662 3388
899 22494 806 3355
851 21071 627 3389
850 21146 630 3392
916 22880 806 3355
