1611 249.918
743 11565 743 3195
743 11539 743 3196
743 11539 743 3196
673 15421 516 3324
550 10281 524 3288
536 11624 508 3330
536 11624 508 3330
524 10735 524 3284
673 15421 516 3324
616 14276 529 3264
676 10990 676 3203
710 11215 709 3199
569 12744 518 3308
692 11088 692 3201
693 11117 658 3205
709 11240 709 3199
548 10601 524 3288
726 11314 726 3197
641 12265 641 3207
625 12245 625 3209
636 11219 610 3211
675 11042 675 3203
529 11034 529 3279
659 10953 659 3205
612 11873 609 3211
692 11088 692 3201
659 11142 644 3207
631 11325 627 3209
585 13886 545 3246
575 13492 546 3245
584 11551 578 3215
743 11565 743 3195
726 11314 726 3197
726 11314 726 3197
593 11835 593 3213
572 12979 572 3218
566 11507 561 3230
597 11592 594 3213
562 12577 562 3232
551 12916 518 3316
557 11173 539 3262
620 13537 540 3247
574 10899 556 3244
647 11346 642 3207
551 12916 518 3316
557 12723 508 3328
573 13613 540 3247
577 12333 577 3215
551 10357 524 3284
550 10286 540 3275
572 11323 572 3225
532 10796 529 3270
599 13912 508 3327
561 12438 540 3253
609 11907 609 3211
550 10281 524 3288
632 14237 528 3279
613 11073 545 3253
563 12238 540 3248
652 14065 528 3279
564 12642 517 3322
559 13194 518 3310
550 10286 540 3275
572 11440 572 3221
561 10657 529 3265
577 13077 572 3217
581 12102 577 3215
565 12555 517 3323
527 10933 524 3282
561 12774 517 3323
568 11039 556 3240
541 10992 540 3256
589 12587 539 3260
594 13930 545 3245
540 12384 540 3257
663 11956 641 3207
554 12373 518 3314
642 12089 642 3207
596 13351 556 3232
652 14065 528 3279
524 10735 524 3284
556 11201 556 3242
662 11796 658 3205
598 11678 593 3213
559 13194 518 3310
560 11275 556 3238
532 10796 529 3270
643 11310 643 3207
593 11835 593 3213
561 11457 561 3234
630 11274 610 3211
658 11809 658 3205
548 12351 545 3250
556 10776 546 3268
551 10497 529 3280
669 11506 609 3211
630 14160 529 3264
617 14126 528 3281
554 12373 518 3314
556 10776 546 3268
596 11730 593 3213
558 12934 516 3326
663 11956 641 3207
584 13102 546 3245
584 13281 516 3325
572 11323 572 3225
572 12594 572 3219
627 11437 627 3209
569 12627 539 3260
564 12642 517 3322
551 10497 529 3280
545 10648 524 3288
563 11487 556 3233
572 12979 572 3218
547 11811 517 3325
633 13280 556 3232
574 10899 556 3244
548 10601 524 3288
634 11290 626 3209
526 11631 508 3330
580 11581 578 3215
578 10959 546 3255
558 12097 508 3328
590 11046 545 3254
587 11446 577 3215
610 14271 528 3281
569 12744 518 3308
556 10839 546 3264
560 11275 556 3238
573 13613 540 3247
539 10650 529 3270
626 11680 609 3211
548 12351 545 3250
636 11183 626 3209
669 11506 609 3211
561 11457 561 3234
556 11201 556 3242
566 11495 561 3231
575 13492 546 3245
630 11355 626 3209
590 11046 545 3254
617 11021 545 3253
557 11173 539 3262
584 11551 578 3215
599 13912 508 3327
597 11592 594 3213
726 11314 726 3197
616 14276 529 3264
566 11495 561 3231
540 12384 540 3257
617 14126 528 3281
551 10357 524 3284
596 13351 556 3232
578 10959 546 3255
609 11907 609 3211
545 10648 524 3288
627 11437 627 3209
709 11240 709 3199
743 11565 743 3195
743 11539 743 3196
709 11240 709 3199
743 11539 743 3196
539 10650 529 3270
630 11274 610 3211
743 11565 743 3195
743 11539 743 3196
550 10281 524 3288
743 11565 743 3195
743 11565 743 3195
743 11565 743 3195
743 11565 743 3195
743 11565 743 3195
743 11539 743 3196
743 11539 743 3196
743 11539 743 3196
743 11539 743 3196
743 11539 743 3196
743 11539 743 3196
726 11314 726 3197
709 11240 709 3199
709 11240 709 3199
884 18671 644 3208
771 12286 743 3195
743 11556 743 3196
697 11776 692 3201
761 14253 710 3199
796 13407 709 3199
794 13150 709 3200
743 13443 726 3197
751 12286 726 3197
772 13263 710 3199
764 13974 710 3199
827 13828 710 3200
771 12437 743 3195
764 14125 710 3199
758 11591 743 3201
720 12266 692 3201
713 12078 698 3217
739 11997 715 3211
753 12781 726 3197
809 12621 726 3198
743 11633 743 3201
798 13985 709 3199
798 12627 726 3198
743 11662 743 3196
809 14687 709 3199
777 12440 743 3195
743 11706 743 3196
738 12307 692 3201
715 12110 698 3217
715 12110 698 3217
771 12953 726 3197
724 12596 692 3201
776 12911 726 3197
736 12343 692 3201
865 16024 710 3199
857 16032 709 3199
797 12584 743 3195
780 13508 743 3195
748 11726 743 3196
742 12378 692 3201
715 12332 698 3217
778 13066 726 3197
734 12801 693 3205
717 12178 698 3217
725 12725 709 3203
736 12448 692 3201
748 11726 743 3196
743 11759 743 3196
748 11726 743 3196
942 16862 710 3199
919 19317 709 3199
797 12759 743 3195
786 14002 743 3195
753 11789 743 3196
736 12492 692 3201
728 12587 698 3217
809 13448 726 3197
939 18333 709 3199
789 13732 726 3197
747 11879 743 3196
851 13566 726 3198
811 12861 743 3195
798 13753 743 3195
789 14618 727 3197
759 12554 692 3201
754 11873 743 3200
751 12742 698 3217
745 13662 692 3206
761 12526 732 3209
795 14381 726 3197
749 12837 692 3201
796 13773 726 3197
755 12299 743 3196
756 11879 743 3196
754 11873 743 3200
825 13507 743 3195
812 15151 743 3195
782 12857 692 3201
757 11997 743 3200
756 12087 743 3200
746 14740 717 3211
763 13015 709 3203
795 14486 726 3198
750 13127 710 3206
749 14715 734 3209
774 14294 726 3202
816 13872 727 3197
761 12283 743 3196
805 12244 743 3196
812 14040 726 3197
814 13822 743 3195
763 12248 743 3196
907 13574 743 3195
822 12860 692 3201
812 15436 743 3195
811 12292 743 3201
797 15068 693 3218
757 12359 743 3201
805 13696 698 3213
839 15400 726 3197
770 14915 709 3203
854 14155 743 3195
796 13280 709 3203
769 15184 734 3209
771 13077 735 3211
810 14315 693 3201
761 12589 743 3199
792 13383 709 3203
763 12381 743 3196
769 13597 709 3212
835 15260 743 3195
826 15405 743 3195
900 15643 726 3202
859 16471 692 3206
839 15260 743 3195
836 17944 693 3201
831 12476 743 3200
822 14682 692 3218
771 12540 743 3201
806 13954 698 3213
894 13573 726 3203
802 14335 733 3210
854 15751 726 3197
817 14226 709 3203
777 12874 743 3196
806 15259 709 3203
825 15678 693 3209
866 16383 692 3202
882 14889 692 3205
792 12744 743 3196
882 15079 743 3195
811 14365 709 3203
786 12820 743 3196
777 12527 743 3200
982 18983 694 3206
914 15722 743 3195
840 15979 693 3209
813 14213 735 3224
788 12880 743 3196
781 12965 743 3196
880 17272 727 3201
811 15169 736 3215
836 14811 698 3213
926 16241 726 3197
831 14426 715 3215
852 14336 726 3204
844 17407 743 3195
836 14483 709 3203
922 16333 726 3202
926 15580 743 3195
811 15979 711 3207
813 14526 709 3204
952 16487 743 3195
936 20120 726 3197
914 17743 743 3195
854 16310 693 3209
824 14666 741 3223
822 13029 743 3201
788 13489 743 3196
837 15924 706 3221
812 16359 717 3211
820 14843 709 3204
864 14760 726 3210
949 18467 726 3197
939 16533 743 3195
793 13268 743 3196
898 15191 732 3210
873 16377 693 3209
859 16702 693 3209
846 14916 715 3218
794 13404 743 3196
823 15241 709 3204
840 14873 726 3213
830 15121 733 3205
930 15517 732 3209
878 16644 693 3209
840 13526 743 3196
839 16755 727 3204
838 15695 739 3217
832 13583 743 3196
825 14226 752 3209
888 15316 732 3210
852 16346 710 3207
827 16102 726 3214
828 13716 743 3201
923 16523 727 3205
883 16096 710 3207
883 16571 693 3209
828 14853 743 3196
865 16015 733 3205
857 15737 733 3209
873 15878 733 3205
876 16676 727 3205
880 16112 710 3207
856 15758 733 3209
900 16173 715 3211
883 16601 693 3209
866 17106 732 3213
846 13796 743 3196
838 16893 750 3207
888 15392 732 3210
842 15785 743 3203
883 16413 710 3207
875 15997 733 3205
840 14419 743 3207
840 16839 733 3209
870 15841 733 3209
944 17720 733 3205
890 15403 732 3221
883 16614 693 3209
848 13831 743 3196
842 14712 752 3209
894 16846 710 3207
917 16505 726 3209
874 17648 733 3213
845 16658 750 3203
888 15516 732 3210
879 16693 733 3216
941 16818 715 3215
884 16897 693 3209
855 14504 743 3196
845 16812 750 3220
916 15817 732 3210
901 16701 715 3216
935 16877 715 3215
917 16969 693 3209
900 17112 715 3215
874 15798 743 3196
868 14716 752 3209
856 15024 769 3207
856 14991 769 3220
856 15962 756 3215
903 15559 743 3199
908 14991 743 3197
905 17013 693 3209
941 17021 715 3215
931 17247 693 3209
911 17481 693 3209
910 16059 743 3196
882 15222 769 3207
858 16693 769 3211
890 15692 752 3209
894 17142 743 3203
900 16769 767 3201
903 16823 743 3200
869 15415 769 3211
874 17270 751 3210
929 17349 693 3209
914 16410 743 3196
912 17574 698 3217
908 16074 769 3207
888 16822 769 3208
936 16503 743 3196
923 16924 752 3209
929 16589 743 3196
743 11570 743 3195
743 11539 743 3196
743 11539 743 3196
673 15421 516 3324
550 10281 524 3288
536 11624 508 3330
524 10735 524 3284
616 14276 529 3264
673 15421 516 3324
710 11215 709 3199
676 10990 676 3203
544 10540 524 3288
569 12744 518 3308
692 11088 692 3201
709 11244 709 3199
726 11332 726 3197
659 11142 644 3207
675 11042 675 3203
692 11088 692 3201
659 10953 659 3205
662 11796 658 3205
577 13077 572 3217
626 11680 609 3211
727 11324 726 3197
610 11717 610 3211
693 11117 658 3205
641 12265 641 3207
593 11835 593 3213
631 11325 627 3209
625 12245 625 3209
584 11551 578 3215
597 11592 594 3213
559 13194 518 3310
585 13886 545 3246
630 14160 529 3264
564 12642 517 3322
575 13492 546 3245
726 11332 726 3197
727 11324 726 3197
743 11570 743 3195
632 14237 528 3279
584 13102 546 3245
674 13675 545 3246
589 12587 539 3260
663 11956 641 3207
566 11507 561 3230
574 10899 556 3244
557 12723 508 3328
532 10796 529 3270
643 11310 643 3207
561 12774 517 3323
652 14065 528 3279
577 12333 577 3215
599 13912 508 3327
564 10658 540 3261
527 10933 524 3282
561 12438 540 3253
609 11907 609 3211
562 12577 562 3232
561 11457 561 3234
537 12248 518 3316
550 10286 540 3275
572 12979 572 3218
557 12025 518 3312
524 10735 524 3284
551 10497 529 3280
581 12102 577 3215
572 12979 572 3218
550 10281 524 3288
569 12744 518 3308
568 11039 556 3240
617 11021 545 3253
565 12555 517 3323
572 11323 572 3225
625 12245 625 3209
569 12227 518 3310
560 11275 556 3238
572 11323 572 3225
594 13930 545 3245
550 10286 540 3275
598 11678 593 3213
652 11823 642 3207
561 10657 529 3265
531 11706 508 3329
573 13613 540 3247
556 10839 546 3264
563 11487 556 3233
557 11173 539 3262
541 10992 540 3256
580 12284 540 3247
658 11809 658 3205
612 11873 609 3211
556 10776 546 3268
551 10357 524 3284
548 12351 545 3250
548 12351 545 3250
556 10776 546 3268
636 11183 626 3209
652 14065 528 3279
572 11440 572 3221
537 11634 517 3326
569 12627 539 3260
572 12594 572 3219
540 12384 540 3257
613 11073 545 3253
551 10357 524 3284
554 12373 518 3314
575 13492 546 3245
547 11811 517 3325
596 11730 593 3213
536 11624 508 3330
642 12089 642 3207
613 11073 545 3253
590 11046 545 3254
539 10650 529 3270
574 10899 556 3244
563 12238 540 3248
550 10281 524 3288
709 11244 709 3199
627 11437 627 3209
636 11183 626 3209
617 14126 528 3281
566 11495 561 3231
532 10796 529 3270
554 12373 518 3314
641 12265 641 3207
578 10959 546 3255
540 12384 540 3257
559 13194 518 3310
569 12627 539 3260
529 11034 529 3279
593 11835 593 3213
545 10569 524 3284
584 11551 578 3215
550 11790 517 3325
630 11274 610 3211
560 11275 556 3238
632 14237 528 3279
544 10540 524 3288
558 12097 508 3328
538 11796 518 3316
627 11437 627 3209
562 12623 556 3232
556 11201 556 3242
572 11440 572 3221
563 11487 556 3233
556 11201 556 3242
541 11976 518 3315
573 13613 540 3247
541 11976 518 3315
551 10497 529 3280
599 13912 508 3327
594 11593 594 3213
545 10569 524 3284
617 14126 528 3281
561 11457 561 3234
578 10959 546 3255
590 11046 545 3254
609 11907 609 3211
610 11717 610 3211
562 12577 562 3232
584 13102 546 3245
743 11570 743 3195
658 11809 658 3205
743 11570 743 3195
743 11570 743 3195
743 11539 743 3196
743 11570 743 3195
743 11570 743 3195
743 11570 743 3195
743 11570 743 3195
743 11570 743 3195
743 11570 743 3195
743 11539 743 3196
743 11539 743 3196
743 11539 743 3196
743 11539 743 3196
743 11539 743 3196
743 11539 743 3196
743 11539 743 3196
743 11539 743 3196
874 19827 644 3211
744 11555 743 3196
743 11581 743 3195
743 11568 743 3196
723 12791 692 3201
788 15009 661 3205
739 15903 709 3199
724 15121 675 3207
757 14596 677 3203
778 12534 727 3201
749 14791 710 3199
777 13366 726 3197
772 13469 726 3197
761 15310 726 3197
778 13275 726 3197
781 12606 710 3199
773 12962 709 3199
931 18703 665 3225
755 15945 683 3230
743 11583 743 3195
726 14626 693 3205
764 15044 692 3212
787 16062 709 3199
833 13310 726 3198
735 13975 693 3208
794 12717 710 3199
760 15145 677 3203
785 14939 710 3200
791 14067 726 3197
774 15243 727 3198
824 14513 693 3201
761 15577 692 3201
769 15900 726 3197
827 13373 726 3197
780 14220 726 3198
787 15324 693 3201
759 15189 710 3199
767 14963 726 3201
774 15256 726 3197
862 13976 726 3197
844 17921 677 3204
783 16531 677 3210
743 11612 743 3195
775 16459 692 3209
828 15301 694 3201
813 13121 710 3199
800 15112 727 3197
822 15676 709 3203
796 15496 726 3197
780 15742 692 3205
795 16933 709 3199
803 16288 677 3210
808 17374 693 3202
762 14870 710 3210
755 15326 693 3205
846 13410 726 3198
792 14983 726 3198
855 15850 693 3201
812 14753 726 3197
812 16178 693 3201
814 14131 726 3197
779 15803 709 3203
819 15812 692 3202
805 13692 710 3199
815 16266 709 3199
905 16398 693 3202
884 19317 693 3202
867 16828 682 3223
743 11619 743 3195
743 11617 743 3196
799 16320 692 3212
814 13250 716 3211
755 15391 693 3205
844 18484 709 3199
853 15577 694 3201
867 14849 726 3197
802 15965 726 3197
873 16977 709 3199
832 13324 710 3199
823 16175 709 3203
824 14480 710 3199
873 14413 726 3197
827 16822 709 3200
806 15856 710 3200
840 15127 726 3197
811 14622 710 3199
846 15032 726 3197
818 15883 726 3197
872 14433 726 3197
932 17411 682 3223
900 17438 682 3223
884 19369 693 3202
743 11695 743 3195
743 11622 743 3196
829 14537 727 3202
879 16762 692 3212
778 15613 694 3219
918 17425 709 3199
867 16856 695 3201
818 14815 710 3199
846 15682 726 3197
787 15984 694 3208
770 16947 710 3206
884 19369 693 3202
817 16600 693 3205
855 15148 726 3197
846 14599 710 3199
796 15712 710 3206
828 16365 709 3203
896 16777 694 3201
780 15953 726 3205
851 16339 709 3206
850 15625 727 3197
828 14607 710 3199
775 15773 710 3206
959 14695 710 3199
893 18181 692 3212
884 19370 693 3202
788 16190 694 3215
743 11775 743 3195
743 11634 743 3196
796 16773 733 3205
934 18073 709 3199
848 14822 726 3201
842 16050 702 3215
846 15485 711 3199
849 16430 694 3208
827 18903 710 3213
879 17163 726 3197
814 16438 711 3206
834 16257 710 3203
866 15982 727 3197
828 18487 693 3206
893 16051 710 3199
867 15742 727 3197
864 15468 710 3200
819 16375 727 3212
830 15962 726 3201
887 15352 726 3197
864 19055 693 3205
838 17986 709 3206
884 17448 710 3199
858 18631 710 3199
852 17294 709 3206
859 17269 727 3197
911 16653 710 3200
895 17020 694 3214
831 18682 693 3206
746 11870 743 3195
744 11717 743 3196
743 11923 743 3195
743 11682 743 3204
814 16468 711 3206
896 15381 726 3209
875 16604 709 3210
849 17110 694 3208
897 16536 726 3197
908 15703 727 3197
875 17108 711 3199
862 16008 727 3204
850 16577 710 3203
850 16927 726 3201
814 16468 711 3206
909 15710 726 3197
814 16468 711 3206
867 15806 727 3197
945 16757 710 3200
929 17095 698 3221
866 18549 710 3206
774 11891 743 3195
743 11945 743 3195
814 16478 711 3206
861 17725 727 3201
924 16685 726 3197
892 16616 710 3206
898 18206 726 3197
890 16564 727 3197
957 17058 710 3200
929 17885 727 3197
814 16508 711 3206
743 12061 743 3195
893 16908 727 3201
945 17439 726 3197
977 19213 727 3197
814 16583 711 3206
758 12080 743 3195
743 14185 743 3195
749 12127 743 3195
983 19662 734 3205
843 16911 711 3206
830 17064 711 3206
763 12106 743 3196
752 12258 743 3195
843 16911 711 3206
977 17238 736 3212
969 17453 726 3210
797 12273 743 3195
773 12876 743 3195
757 12390 743 3196
764 12321 743 3196
806 12561 743 3195
794 13050 743 3195
787 13092 743 3200
778 13237 743 3195
757 15183 743 3200
795 13152 743 3195
780 13641 743 3195
838 13336 743 3195
797 13588 743 3195
787 13968 743 3209
854 13524 743 3196
812 13646 743 3195
804 13743 743 3195
798 13996 743 3195
841 13724 743 3195
835 13839 743 3195
816 15519 743 3195
810 16338 743 3195
804 16638 743 3195
889 14005 743 3195
842 14394 769 3207
816 15893 743 3195
848 15477 743 3195
845 14237 743 3206
917 14676 743 3195
848 14392 743 3208
843 16658 767 3201
835 16768 743 3195
821 16399 750 3203
841 16240 751 3203
882 15783 743 3200
887 15574 743 3195
927 15574 743 3195
924 15440 743 3202
890 16924 767 3201
882 14562 752 3209
848 17723 750 3203
838 17506 750 3210
855 15743 767 3208
893 16728 743 3195
851 16979 750 3203
886 15672 743 3208
915 15608 743 3210
987 16976 743 3206
913 17102 743 3195
906 16009 767 3208
899 17385 743 3196
870 16021 767 3208
899 17216 750 3204
953 17228 752 3209
940 18519 743 3195
923 17322 743 3196
914 17829 769 3207
960 18437 743 3202
983 20789 767 3208
743 11570 743 3195
743 11512 743 3196
743 11512 743 3196
673 15421 516 3324
550 10281 524 3288
536 11624 508 3330
524 10735 524 3284
673 15421 516 3324
632 14237 528 3279
550 10281 524 3288
676 10990 676 3203
569 12744 518 3308
633 13280 556 3232
692 11088 692 3201
727 11324 726 3197
713 11188 709 3200
599 13912 508 3327
663 11956 641 3207
625 12245 625 3209
652 14065 528 3279
659 11142 644 3207
675 11042 675 3203
726 11332 726 3197
597 11592 594 3213
659 10953 659 3205
580 11581 578 3215
630 11274 610 3211
598 11678 593 3213
693 11117 658 3205
599 13912 508 3327
692 11088 692 3201
711 11196 709 3200
631 11325 627 3209
658 11809 658 3205
709 11244 709 3199
726 11332 726 3197
743 11512 743 3196
538 11085 529 3265
626 11680 609 3211
556 10764 556 3258
572 12594 572 3219
557 11173 539 3262
609 11907 609 3211
557 12723 508 3328
551 12916 518 3316
556 10776 546 3268
550 10286 540 3275
554 12373 518 3314
562 12577 562 3232
577 13077 572 3217
564 12642 517 3322
643 11310 643 3207
559 13194 518 3310
559 13194 518 3310
617 14126 528 3281
641 12265 641 3207
565 12555 517 3323
617 11021 545 3253
561 12774 517 3323
532 10916 529 3266
566 11507 561 3230
548 12351 545 3250
579 11691 577 3215
554 12373 518 3314
551 12916 518 3316
558 12097 508 3328
561 10436 529 3274
525 10515 524 3284
550 10424 540 3271
563 12238 540 3248
652 14065 528 3279
584 11451 572 3217
572 11323 572 3225
547 11811 517 3325
561 11457 561 3234
572 11411 572 3223
636 11183 626 3209
590 11046 545 3254
590 11017 545 3255
560 11275 556 3238
587 11446 577 3215
561 11288 556 3237
550 10294 524 3287
558 12097 508 3328
574 10899 556 3244
552 11805 545 3245
613 11073 545 3253
612 11873 609 3211
571 10841 540 3257
630 11274 610 3211
561 10657 529 3265
565 10539 556 3262
584 11551 578 3215
566 11507 561 3230
617 14126 528 3281
594 11593 594 3213
593 11835 593 3213
658 11809 658 3205
536 10765 529 3270
542 10785 529 3269
530 10610 529 3280
574 10899 556 3244
568 11039 556 3240
524 10735 524 3284
558 10844 540 3260
582 11462 545 3251
572 11323 572 3225
572 12979 572 3218
632 14237 528 3279
528 10566 524 3283
662 11796 658 3205
563 11487 556 3233
577 10622 545 3268
709 11244 709 3199
642 11843 642 3207
564 11628 539 3260
710 11215 709 3199
540 10467 524 3283
536 11624 508 3330
548 11508 529 3264
527 10933 524 3282
564 12642 517 3322
627 11437 627 3209
569 11727 545 3249
635 11766 626 3209
583 11505 540 3249
556 10454 524 3282
532 10796 529 3270
531 10409 524 3284
551 10357 524 3284
564 11882 540 3247
566 11495 561 3231
576 11748 546 3246
556 10839 546 3264
556 11201 556 3242
568 11039 556 3240
572 11411 572 3223
574 10880 540 3256
572 12979 572 3218
543 11296 540 3252
559 10961 540 3256
545 10305 524 3288
569 12744 518 3308
526 11631 508 3330
544 11496 540 3251
626 11934 626 3209
547 10588 529 3282
540 11097 540 3253
556 11201 556 3242
541 10992 540 3256
584 11437 572 3219
551 10497 529 3280
572 11440 572 3221
576 11748 546 3246
572 11440 572 3221
541 11302 540 3252
528 10321 524 3288
587 11446 577 3215
641 12265 641 3207
562 12577 562 3232
743 11570 743 3195
625 12245 625 3209
713 11188 709 3200
711 11196 709 3200
663 11956 641 3207
563 12238 540 3248
743 11512 743 3196
743 11512 743 3196
598 11678 593 3213
743 11512 743 3196
743 11570 743 3195
743 11570 743 3195
743 11570 743 3195
743 11570 743 3195
743 11512 743 3196
743 11512 743 3196
743 11512 743 3196
743 11512 743 3196
743 11512 743 3196
743 11512 743 3196
743 11512 743 3196
743 11512 743 3196
743 11512 743 3196
711 11196 709 3200
867 16771 660 3206
743 11642 743 3195
722 11490 709 3200
704 14786 682 3216
793 14055 675 3212
782 13028 709 3199
770 11814 726 3198
846 13944 692 3201
727 11594 727 3198
804 16242 676 3203
788 14379 693 3202
740 15524 710 3199
818 14434 692 3202
738 13939 676 3211
761 13578 693 3205
750 11617 743 3196
751 12233 726 3197
848 16201 675 3211
793 15770 677 3204
736 13642 726 3197
796 14518 692 3201
750 14235 678 3204
773 13071 709 3199
772 15088 709 3199
751 14884 692 3202
773 15635 693 3201
747 13038 726 3199
739 13045 726 3198
856 14359 692 3202
849 15258 692 3209
828 18026 676 3204
748 11658 743 3196
743 11695 743 3195
743 11578 743 3200
732 11767 709 3200
773 14655 693 3206
788 12355 726 3198
777 15914 693 3201
787 13438 726 3197
814 13460 709 3199
810 15590 693 3201
758 12480 726 3199
741 13908 726 3197
752 12998 726 3198
812 13525 709 3199
782 12870 726 3198
743 11667 743 3196
830 18043 693 3202
807 17789 698 3224
752 11695 743 3196
743 11697 743 3195
732 14357 710 3203
815 17584 693 3210
762 12389 709 3200
816 16418 694 3201
813 13515 727 3197
809 13903 726 3198
733 11778 726 3206
814 14713 709 3199
828 14518 710 3199
817 13119 726 3199
735 12857 709 3200
741 13938 726 3197
759 12486 709 3200
858 17926 694 3201
843 16856 694 3208
755 12299 732 3213
753 11709 743 3196
743 11742 743 3195
737 14497 710 3203
815 12437 709 3200
759 13953 726 3197
817 15011 709 3199
828 13784 727 3197
745 13001 709 3200
744 14388 710 3203
750 14006 726 3197
929 15276 711 3199
899 19102 698 3217
880 19635 694 3209
766 11781 743 3195
760 14690 743 3195
751 11910 743 3196
737 14500 710 3203
835 13713 732 3210
830 15854 709 3199
780 14063 726 3197
845 13064 709 3200
776 14093 709 3203
772 15000 709 3207
795 13765 709 3200
775 13883 727 3201
906 15594 709 3199
758 13828 726 3202
997 22136 698 3224
797 12218 743 3195
771 11879 743 3196
762 12158 743 3196
742 14763 710 3203
874 16690 709 3199
772 15037 709 3207
811 13938 727 3201
845 14175 726 3197
891 16495 709 3199
768 12528 743 3195
835 15900 710 3199
825 15642 726 3198
833 15575 726 3197
802 14008 709 3200
834 15221 727 3198
842 15054 727 3198
809 15724 727 3197
803 15878 726 3197
843 14951 727 3197
1008 22437 698 3224
797 12273 743 3195
777 12000 743 3196
774 12057 743 3196
750 14952 727 3204
897 19446 709 3199
803 15114 709 3215
849 14651 727 3198
916 17148 709 3199
767 15163 710 3203
782 15178 709 3207
808 15881 726 3198
883 18114 710 3199
814 15879 726 3197
887 15930 710 3199
806 14065 709 3200
781 13341 743 3195
914 14428 726 3197
803 14129 726 3205
876 15001 726 3197
766 12757 743 3196
855 15030 727 3197
804 14222 710 3200
770 12356 743 3196
782 12750 743 3195
914 14945 726 3197
839 16098 726 3198
829 14092 709 3200
798 12849 743 3195
782 15299 709 3207
781 13809 743 3195
770 12453 743 3196
806 14191 709 3200
832 16009 727 3197
890 15518 727 3197
847 15934 726 3197
795 13092 743 3195
784 13677 743 3195
907 15449 727 3197
843 16017 726 3198
925 15858 727 3197
851 16332 709 3200
831 15395 710 3210
815 18041 710 3200
809 13137 743 3195
782 12582 743 3196
779 14646 750 3203
811 17174 732 3209
859 14216 709 3200
828 16002 711 3200
857 15959 726 3197
835 16273 709 3207
793 14093 743 3195
818 17343 726 3210
853 16241 727 3197
839 14702 710 3200
854 16310 726 3198
854 16310 726 3198
854 16310 726 3198
938 15456 709 3200
882 15269 709 3207
855 14765 732 3210
810 13282 743 3195
797 16937 743 3195
783 12673 767 3201
782 13641 743 3196
854 16321 726 3198
903 16694 726 3197
834 12763 743 3196
842 15292 710 3200
860 16393 709 3200
788 13354 743 3196
804 16500 743 3195
914 16822 709 3207
890 17309 709 3207
861 17356 709 3200
846 13399 743 3196
826 13726 743 3195
823 16780 743 3195
793 13433 743 3196
887 15322 710 3200
843 17039 711 3206
861 16560 726 3198
903 16816 726 3197
824 13989 743 3195
907 15521 727 3204
899 17166 710 3208
853 18747 717 3207
850 17366 736 3212
845 13969 743 3195
800 13635 750 3204
869 16568 726 3198
858 17438 711 3206
834 15295 743 3195
820 13990 743 3199
804 14032 743 3196
899 16765 726 3199
879 16827 726 3198
879 14983 743 3195
806 14369 743 3196
804 14824 767 3201
835 15502 743 3195
846 15251 743 3195
977 16839 726 3198
959 18401 726 3201
863 16284 743 3195
857 14729 743 3199
841 14875 767 3201
820 15065 750 3216
879 16847 727 3210
945 17523 727 3198
902 16820 726 3206
823 16538 752 3209
837 15591 767 3201
844 14880 743 3200
873 15750 743 3195
850 15109 743 3196
827 16681 743 3199
840 15730 743 3196
846 16736 743 3195
943 20834 732 3220
877 15797 743 3195
847 15336 767 3201
845 15209 743 3206
875 15342 743 3196
894 15763 767 3201
889 15775 743 3196
880 15974 743 3195
871 17614 767 3201
870 16831 752 3210
879 16127 743 3199
950 16366 743 3195
928 17476 743 3196
917 15825 750 3216
897 16641 767 3202
873 16906 753 3210
940 16785 743 3201
938 18864 743 3197
743 11570 743 3195
743 11526 743 3196
743 11526 743 3196
673 15421 516 3324
557 12723 508 3328
550 10281 524 3288
536 11624 508 3330
524 10735 524 3284
673 15421 516 3324
616 14276 529 3264
727 11324 726 3197
569 12744 518 3308
609 11907 609 3211
676 10990 676 3203
692 11088 692 3201
641 12265 641 3207
693 11117 658 3205
659 11142 644 3207
675 11042 675 3203
630 11274 610 3211
692 11088 692 3201
580 11581 578 3215
709 11240 709 3199
659 10953 659 3205
625 12245 625 3209
709 11240 709 3199
631 11325 627 3209
598 11678 593 3213
710 11215 709 3199
566 11507 561 3230
572 11323 572 3225
668 11197 658 3205
652 14065 528 3279
726 11332 726 3197
743 11570 743 3195
709 11240 709 3199
597 11592 594 3213
556 10839 546 3264
562 12577 562 3232
560 11275 556 3238
727 11320 727 3198
554 12373 518 3314
557 11173 539 3262
620 13537 540 3247
570 13714 556 3232
541 10992 540 3256
536 11624 508 3330
548 10601 524 3288
527 10933 524 3282
548 12351 545 3250
551 12916 518 3316
585 13886 545 3246
532 10796 529 3270
643 11310 643 3207
652 14065 528 3279
572 11440 572 3221
599 13912 508 3327
561 12438 540 3253
563 12238 540 3248
546 10699 524 3284
630 14160 529 3264
581 12102 577 3215
550 10286 540 3275
564 12642 517 3322
593 11835 593 3213
587 11446 577 3215
551 10497 529 3280
559 13194 518 3310
687 11047 642 3207
594 13930 545 3245
561 12774 517 3323
568 11039 556 3240
565 12555 517 3323
561 10657 529 3265
551 12916 518 3316
642 12089 642 3207
529 11034 529 3279
551 10357 524 3284
559 13194 518 3310
547 11811 517 3325
578 10959 546 3255
550 10286 540 3275
684 11212 642 3207
575 13492 546 3245
561 11457 561 3234
577 13077 572 3217
589 12650 572 3217
554 12373 518 3314
658 11809 658 3205
539 10650 529 3270
636 11183 626 3209
563 11487 556 3233
560 11275 556 3238
613 11073 545 3253
662 11796 658 3205
545 10648 524 3288
663 11956 641 3207
597 13128 545 3246
596 13351 556 3232
672 10951 643 3207
663 11956 641 3207
572 11323 572 3225
556 10776 546 3268
557 11173 539 3262
572 12594 572 3219
636 11183 626 3209
630 14160 529 3264
590 11046 545 3254
540 12384 540 3257
633 13280 556 3232
587 13458 556 3232
556 10776 546 3268
617 14126 528 3281
627 11437 627 3209
612 11873 609 3211
610 11717 610 3211
551 10497 529 3280
633 13280 556 3232
589 12587 539 3260
548 12351 545 3250
572 12979 572 3218
572 13091 572 3217
574 10899 556 3244
590 13393 556 3232
569 12627 539 3260
667 11365 658 3205
599 13912 508 3327
573 13613 540 3247
526 11631 508 3330
574 10899 556 3244
566 11495 561 3231
726 11332 726 3197
540 12384 540 3257
532 10796 529 3270
556 11201 556 3242
596 11730 593 3213
572 12979 572 3218
594 11593 594 3213
569 12744 518 3308
632 14237 528 3279
573 13613 540 3247
617 14126 528 3281
564 12642 517 3322
557 12723 508 3328
667 11365 658 3205
727 11320 727 3198
561 11457 561 3234
584 11551 578 3215
524 10735 524 3284
556 11201 556 3242
572 11440 572 3221
529 11034 529 3279
684 11212 642 3207
687 11047 642 3207
598 11678 593 3213
584 11551 578 3215
563 11487 556 3233
587 12745 546 3247
617 11021 545 3253
625 12245 625 3209
632 14237 528 3279
626 11680 609 3211
569 12627 539 3260
627 11437 627 3209
626 11680 609 3211
743 11570 743 3195
727 11320 727 3198
668 11197 658 3205
743 11570 743 3195
743 11526 743 3196
743 11570 743 3195
743 11570 743 3195
743 11570 743 3195
743 11526 743 3196
743 11526 743 3196
743 11526 743 3196
743 11526 743 3196
743 11526 743 3196
743 11526 743 3196
895 17167 660 3205
845 18315 648 3231
743 11629 743 3195
743 11622 743 3196
718 15234 692 3209
718 11454 709 3199
749 15818 664 3218
740 12096 726 3197
737 15405 664 3225
801 14657 676 3210
738 13426 692 3202
726 13889 677 3203
882 14780 692 3201
761 14392 693 3201
854 15439 692 3201
738 14056 694 3201
823 14162 693 3201
817 15434 676 3203
813 15574 692 3201
746 13579 677 3204
760 14641 693 3201
781 14476 693 3201
775 16050 664 3225
759 15839 664 3232
745 12112 743 3195
743 11704 743 3196
726 14717 710 3203
759 13719 677 3204
760 12708 726 3198
754 14349 693 3202
745 12584 709 3199
778 12838 726 3197
733 14205 677 3203
737 13358 709 3199
729 13890 709 3199
830 13299 726 3197
828 17558 664 3225
762 12115 743 3195
743 11795 743 3196
809 15452 693 3201
747 13007 709 3204
806 12746 726 3198
744 14324 677 3203
816 12888 727 3197
773 14201 677 3204
763 12932 710 3200
788 13821 726 3198
750 13466 709 3199
782 13954 726 3197
770 13331 709 3199
808 13859 726 3197
830 13735 726 3197
800 14385 677 3216
780 12154 743 3195
761 11838 743 3196
754 14509 677 3203
795 13194 732 3210
762 13504 709 3199
816 13671 726 3198
756 14507 677 3203
777 13365 710 3199
813 13709 726 3198
823 13959 726 3197
775 12595 743 3195
768 13419 743 3195
797 14354 726 3197
776 12587 743 3195
815 14011 726 3197
847 13919 726 3198
802 13811 735 3219
783 11907 743 3196
775 13639 743 3195
769 12054 743 3196
763 16403 710 3199
754 14577 677 3203
816 14563 677 3216
783 14715 709 3199
796 14199 715 3211
799 14865 726 3197
807 13677 709 3204
780 16250 710 3199
794 12638 743 3195
818 14131 709 3199
787 14034 715 3217
789 13276 743 3195
786 14223 735 3216
817 14046 726 3197
798 14569 677 3216
780 14650 711 3199
798 14680 709 3201
875 15245 726 3197
821 12229 743 3196
816 14813 677 3216
803 12809 743 3195
801 16580 726 3198
780 15112 677 3203
772 12274 743 3209
816 14858 693 3214
835 13967 726 3206
800 13044 743 3195
790 16438 710 3199
806 15020 709 3199
816 14813 677 3216
873 14204 726 3198
846 15136 726 3198
809 14245 709 3206
812 16222 726 3197
811 15466 726 3198
774 12691 743 3203
827 14922 709 3203
784 12458 743 3196
776 12547 743 3196
842 14852 709 3199
874 14840 709 3199
886 17272 726 3197
878 18307 726 3197
830 14295 735 3219
824 13173 743 3195
820 12718 743 3196
816 14839 677 3216
785 14396 752 3214
781 16454 692 3208
792 15178 677 3203
824 15495 709 3200
859 15322 727 3198
807 13596 743 3195
871 15032 726 3204
838 15860 726 3198
816 16328 709 3199
789 13199 743 3196
832 15331 709 3199
825 16213 709 3199
913 17338 726 3197
855 13222 743 3195
838 15254 677 3216
827 12972 743 3196
805 14260 752 3214
803 16588 681 3223
793 16233 709 3207
851 15654 692 3209
877 15409 709 3199
808 14869 750 3203
836 16047 710 3200
810 14076 743 3195
846 16247 709 3200
854 15870 726 3198
805 14260 752 3214
818 15683 677 3203
812 13526 743 3196
855 16144 709 3199
799 16091 750 3203
915 17067 709 3199
890 18493 726 3198
857 13829 743 3195
844 13249 743 3196
839 15478 677 3216
812 14344 769 3212
801 16666 750 3203
850 15957 698 3214
837 15729 734 3205
805 14285 752 3214
817 16554 732 3209
881 16517 732 3211
812 14443 743 3196
887 16778 715 3213
848 16911 710 3200
832 16510 736 3211
831 13484 743 3196
848 16496 743 3195
889 16890 715 3211
814 14296 752 3209
815 14245 743 3196
814 14307 743 3196
839 16763 743 3195
917 17117 709 3199
900 15941 743 3195
871 17858 716 3220
870 13277 743 3196
829 14298 769 3207
802 16746 750 3203
889 16636 732 3210
805 14316 752 3214
854 16066 734 3205
812 14774 743 3202
815 15806 743 3197
846 13850 743 3196
872 16714 732 3211
821 14335 743 3196
831 14324 743 3196
1072 20059 733 3207
914 16412 743 3195
866 14063 743 3200
821 15264 769 3207
805 14481 752 3214
854 16118 734 3205
820 14790 752 3209
846 14303 752 3209
824 14716 743 3196
813 14317 752 3214
855 14105 743 3196
938 18352 743 3195
900 14114 743 3196
854 16237 734 3206
829 14788 752 3214
827 14743 769 3207
837 17416 750 3203
854 17910 743 3196
865 14207 743 3196
882 14200 743 3196
884 17194 736 3225
870 14310 769 3212
869 14435 743 3196
837 17440 750 3203
831 16371 769 3207
829 15936 769 3211
854 14981 752 3214
866 15552 743 3201
846 14889 769 3207
889 15022 743 3196
886 14727 769 3207
866 15940 767 3201
848 15133 769 3212
882 15577 752 3209
883 15739 743 3200
887 15527 743 3196
849 15047 769 3207
927 15341 767 3202
911 15147 743 3204
907 16501 743 3196
893 14880 769 3207
887 15776 758 3221
862 15280 769 3207
905 15536 752 3214
868 15216 769 3207
879 15153 769 3207
915 15399 750 3204
904 15101 769 3207
865 15733 769 3207
868 15228 769 3207
928 18236 750 3211
868 15259 769 3207
875 15296 769 3207
875 15296 769 3207
875 15296 769 3207
875 15320 769 3207
879 15396 769 3207
875 15464 769 3207
887 15574 769 3207
878 15764 769 3207
918 15723 769 3207
889 15752 769 3207
886 16367 769 3207
911 15895 769 3207
888 17191 769 3207
944 15898 769 3207
939 16947 769 3207
955 16381 769 3207
743 11570 743 3195
743 11523 743 3196
743 11523 743 3196
673 15421 516 3324
550 10281 524 3288
536 11624 508 3330
536 11624 508 3330
524 10735 524 3284
673 15421 516 3324
632 14237 528 3279
726 11332 726 3197
709 11222 709 3199
710 11215 709 3199
569 12744 518 3308
676 10990 676 3203
584 11551 578 3215
641 12265 641 3207
597 11592 594 3213
630 11274 610 3211
675 11042 675 3203
658 11809 658 3205
627 11437 627 3209
692 11088 692 3201
659 10953 659 3205
692 11088 692 3201
661 11117 644 3207
726 11332 726 3197
609 11907 609 3211
599 13912 508 3327
598 11678 593 3213
693 11117 658 3205
572 11323 572 3225
727 11324 726 3197
613 13502 529 3264
589 12587 539 3260
743 11570 743 3195
599 13912 508 3327
573 13613 540 3247
625 12245 625 3209
690 11218 643 3207
577 13077 572 3217
568 11039 556 3240
652 11823 642 3207
566 11507 561 3230
564 12642 517 3322
563 12238 540 3248
551 12916 518 3316
562 12577 562 3232
559 13194 518 3310
575 13492 546 3245
617 14126 528 3281
596 13351 556 3232
663 11956 641 3207
561 11457 561 3234
620 13537 540 3247
652 14065 528 3279
529 11034 529 3279
550 10286 540 3275
581 12102 577 3215
609 11907 609 3211
550 10281 524 3288
559 13194 518 3310
557 12723 508 3328
561 10657 529 3265
561 12774 517 3323
612 13377 508 3326
551 10357 524 3284
527 10933 524 3282
625 12245 625 3209
577 12333 577 3215
643 11310 643 3207
565 12555 517 3323
539 10650 529 3270
560 11275 556 3238
554 12373 518 3314
642 12089 642 3207
561 12438 540 3253
578 10959 546 3255
550 10286 540 3275
524 10735 524 3284
540 12384 540 3257
545 10648 524 3288
569 12627 539 3260
547 11811 517 3325
556 10776 546 3268
613 11073 545 3253
556 10839 546 3264
591 13279 545 3245
551 10497 529 3280
590 11046 545 3254
548 10601 524 3288
596 11730 593 3213
554 12373 518 3314
572 11323 572 3225
551 10497 529 3280
584 13102 546 3245
593 11835 593 3213
572 11440 572 3221
632 14237 528 3279
577 12715 545 3246
663 11956 641 3207
572 11440 572 3221
636 11183 626 3209
539 10650 529 3270
610 11717 610 3211
551 12916 518 3316
548 12351 545 3250
551 12916 518 3316
556 10776 546 3268
575 13492 546 3245
563 11487 556 3233
573 13613 540 3247
548 12351 545 3250
558 12097 508 3328
572 12979 572 3218
617 11021 545 3253
541 10992 540 3256
574 10899 556 3244
557 11173 539 3262
550 10281 524 3288
662 11796 658 3205
659 11142 644 3207
526 11631 508 3330
574 10899 556 3244
566 11495 561 3231
612 11873 609 3211
577 12333 577 3215
532 10796 529 3270
532 10796 529 3270
636 11183 626 3209
596 13351 556 3232
626 11680 609 3211
557 11173 539 3262
572 12594 572 3219
572 12979 572 3218
560 11275 556 3238
617 14126 528 3281
587 11446 577 3215
569 12744 518 3308
627 11437 627 3209
633 13280 556 3232
556 11201 556 3242
541 10992 540 3256
556 11201 556 3242
556 11531 556 3234
590 11046 545 3254
593 11835 593 3213
643 11310 643 3207
564 12642 517 3322
540 12384 540 3257
633 13280 556 3232
572 12594 572 3219
551 10357 524 3284
563 12238 540 3248
584 13102 546 3245
652 14065 528 3279
743 11570 743 3195
658 11809 658 3205
587 11446 577 3215
690 11218 643 3207
630 11274 610 3211
743 11523 743 3196
524 10735 524 3284
743 11523 743 3196
709 11222 709 3199
743 11570 743 3195
709 11222 709 3199
743 11570 743 3195
743 11570 743 3195
743 11570 743 3195
743 11570 743 3195
743 11570 743 3195
743 11570 743 3195
743 11570 743 3195
743 11523 743 3196
743 11523 743 3196
743 11523 743 3196
743 11523 743 3196
743 11523 743 3196
743 11523 743 3196
743 11523 743 3196
784 15467 661 3205
775 16676 660 3205
749 11698 743 3195
746 11800 743 3195
709 11437 709 3199
721 12585 694 3202
727 12110 675 3203
723 12204 692 3201
736 12179 726 3197
743 11570 743 3196
748 11937 726 3198
788 15580 661 3213
787 15656 661 3205
751 12156 743 3195
743 11636 743 3196
735 12661 676 3203
751 12949 709 3199
744 12813 692 3201
772 12456 726 3197
760 12287 709 3199
738 12758 726 3197
787 15656 661 3205
764 12608 726 3197
743 11636 743 3196
751 12753 726 3197
822 12799 726 3197
797 15916 661 3205
768 12192 743 3195
762 16179 677 3203
753 12261 743 3195
743 11641 743 3196
742 14636 715 3222
772 13898 692 3201
747 13256 709 3210
759 13274 726 3197
765 12362 709 3199
753 14810 709 3200
755 13059 709 3199
770 13007 726 3197
844 16814 692 3201
805 16973 692 3201
804 16498 681 3215
759 12307 743 3195
743 11663 743 3196
811 16266 685 3211
796 15044 692 3208
812 14408 693 3202
761 13758 709 3199
772 13436 726 3197
842 15801 692 3205
775 12874 732 3209
799 12733 709 3203
825 14374 693 3201
828 12884 726 3197
757 12767 743 3195
783 12989 709 3199
783 13412 726 3197
801 15858 693 3201
804 12930 709 3199
807 13082 726 3197
906 18590 681 3219
824 13718 743 3195
795 13925 743 3195
768 11711 743 3196
743 11782 743 3196
870 16818 693 3201
769 13950 709 3207
819 13080 726 3204
817 15135 693 3202
761 15080 709 3203
778 13493 726 3197
787 13115 709 3199
832 13394 726 3197
771 13804 709 3199
786 13252 709 3203
784 13590 709 3199
891 16853 694 3201
803 16073 743 3195
763 15088 715 3222
743 11880 743 3196
874 15408 702 3215
778 14504 733 3205
815 13255 709 3199
831 13885 743 3195
788 13597 718 3213
794 13580 709 3210
800 14012 709 3199
766 15139 715 3218
787 14627 726 3197
806 13517 718 3220
799 13506 726 3197
807 13362 726 3204
814 13500 726 3197
763 15088 715 3222
807 13964 743 3195
803 13547 709 3199
763 15088 715 3222
763 15088 715 3222
763 15088 715 3222
891 18412 698 3217
805 16211 743 3195
768 15282 715 3222
743 11888 743 3196
828 13447 726 3208
802 14199 733 3205
829 13514 709 3199
849 14097 743 3195
833 13775 726 3197
802 14838 710 3203
790 15066 726 3197
807 14216 743 3195
813 14260 709 3199
798 14830 726 3197
817 14216 709 3203
810 14644 709 3199
822 13652 709 3199
809 13968 726 3197
819 14170 743 3195
924 18532 698 3217
824 14208 743 3195
804 15652 715 3222
771 11922 743 3196
746 12031 743 3196
808 15933 726 3201
837 14011 726 3197
827 14190 709 3207
815 15856 732 3220
837 13593 709 3199
817 15118 710 3199
834 14706 710 3199
817 15014 726 3197
822 14894 709 3199
823 14321 726 3197
844 14477 709 3199
829 15220 709 3210
824 14219 743 3195
817 16412 733 3205
805 12053 743 3196
775 12620 743 3196
838 15655 710 3204
828 14341 726 3197
840 14538 709 3199
781 12195 743 3196
823 14349 726 3197
863 14976 709 3207
838 14223 743 3195
829 16521 715 3215
787 12362 769 3208
775 14173 743 3196
823 14814 733 3205
794 12452 743 3199
846 15468 709 3199
824 14417 743 3195
782 12516 743 3196
834 14379 726 3197
827 14258 743 3195
921 15503 709 3206
858 15521 709 3207
849 14377 743 3195
848 15954 709 3199
837 12787 743 3196
776 14852 750 3203
863 15875 709 3200
791 13032 743 3196
839 14506 726 3197
827 15223 743 3195
839 14506 726 3197
856 15914 710 3199
784 12900 743 3204
820 12905 743 3199
841 14702 743 3195
839 14933 743 3195
899 16663 709 3199
894 15705 716 3207
868 15955 709 3200
854 14598 743 3195
827 16725 743 3195
822 13090 743 3199
797 13242 743 3204
839 14525 726 3197
804 13281 743 3196
852 14980 743 3195
974 18250 710 3199
875 16396 709 3200
866 14773 743 3195
841 13656 743 3200
817 14078 769 3207
804 14930 750 3204
831 15143 750 3203
839 17709 743 3195
833 14384 767 3201
846 14599 726 3197
839 14962 726 3197
860 15225 743 3195
813 14439 767 3202
840 16905 743 3195
871 13880 743 3199
844 14631 726 3197
980 19082 710 3199
891 16637 709 3200
879 14965 743 3195
861 14115 743 3210
846 15285 767 3201
833 15724 750 3203
850 16731 733 3205
837 15425 752 3209
909 14746 743 3199
839 17722 726 3197
852 15296 726 3197
905 14739 751 3203
861 15148 727 3197
849 16919 743 3199
868 16308 743 3195
870 15273 743 3196
866 14854 726 3197
852 15115 751 3203
957 17043 709 3200
928 15184 726 3197
902 15619 743 3195
898 16769 709 3203
869 18328 743 3195
854 15611 733 3205
849 15743 767 3202
858 15766 726 3197
897 17217 711 3203
852 15608 750 3203
914 18063 710 3200
872 15209 743 3200
850 17061 743 3199
885 15386 726 3197
877 15519 726 3197
883 15593 769 3207
878 18491 743 3195
859 15948 726 3197
854 15610 750 3210
915 16148 726 3197
899 18955 743 3195
876 15800 752 3213
861 16982 743 3199
884 16467 733 3206
876 17525 726 3201
893 16809 726 3197
878 17016 726 3201
901 16645 726 3197
909 16688 726 3197
901 16681 743 3199
861 17005 743 3199
929 17159 726 3197
927 17040 734 3205
861 17242 743 3199
871 17391 743 3199
863 18393 743 3202
895 17542 743 3199
889 18620 743 3199
925 18539 743 3199
