25 10.1741
732 17617 598 3216
710 17774 579 3226
654 15388 518 3317
625 13894 619 3234
611 14343 527 3335
599 13558 550 3328
569 14410 556 3297
709 17500 529 3277
598 14414 598 3262
667 16819 545 3255
698 16795 540 3258
625 13894 619 3234
682 15930 546 3257
624 14527 596 3252
654 15388 518 3317
672 16350 562 3240
632 14703 524 3322
618 15021 584 3248
680 16630 545 3255
689 15681 524 3285
663 16299 524 3296
642 15029 572 3247
576 13779 566 3302
613 13720 550 3320
601 14418 529 3278
657 15731 572 3228
621 15141 528 3312
578 14463 540 3306
616 14586 562 3250
585 13655 550 3321
587 14277 566 3283
640 14798 545 3264
630 14938 578 3238
622 14771 546 3268
637 15024 579 3229
595 13990 556 3287
622 14483 562 3255
663 16299 524 3296
631 14812 540 3265
636 14227 556 3276
654 15874 524 3297
658 15482 556 3242
595 13990 556 3287
641 15310 577 3241
590 14448 577 3270
574 14514 540 3307
592 14048 582 3282
626 15588 577 3243
584 14783 529 3300
598 15003 577 3258
598 14137 582 3280
572 14388 556 3297
619 14219 572 3254
599 14445 582 3276
618 15460 572 3245
641 15450 572 3237
623 14784 579 3234
580 14243 540 3306
598 15003 577 3258
603 14444 577 3270
586 14189 582 3280
625 15104 540 3273
623 15241 572 3247
663 16299 524 3296
595 13990 556 3287
601 14307 582 3276
626 15588 577 3243
593 14452 529 3300
608 14899 556 3253
618 15067 540 3274
608 14899 556 3253
621 13927 598 3228
626 14374 556 3250
606 14992 545 3258
622 14483 562 3255
630 15228 572 3247
618 15067 540 3274
608 13974 582 3282
625 13894 619 3234
636 14227 556 3276
626 15588 577 3243
580 14633 540 3298
595 14501 540 3279
574 14514 540 3307
621 13927 598 3228
609 14375 556 3257
587 14277 566 3283
608 13974 582 3282
606 14640 556 3257
658 15482 556 3242
580 14633 540 3298
598 14137 582 3280
580 14633 540 3298
603 14444 577 3270
625 15104 540 3273
579 14354 556 3297
578 14463 540 3306
641 15450 572 3237
595 13990 556 3287
609 14375 556 3257
606 14640 556 3257
580 14243 540 3306
586 14189 582 3280
595 13990 556 3287
579 14354 556 3297
598 14315 598 3264
593 14452 529 3300
623 15241 572 3247
593 14452 529 3300
636 14227 556 3276
621 13927 598 3228
601 14307 582 3276
598 14315 598 3264
621 13927 598 3228
598 15003 577 3258
636 14227 556 3276
595 13990 556 3287
630 15228 572 3247
599 14445 582 3276
599 14445 582 3276
663 16299 524 3296
663 16299 524 3296
663 16299 524 3296
663 16299 524 3296
663 16299 524 3296
636 14227 556 3276
636 14227 556 3276
626 15588 577 3243
621 13927 598 3228
621 13927 598 3228
621 13927 598 3228
621 13927 598 3228
621 13927 598 3228
608 14899 556 3253
608 13974 582 3282
601 14307 582 3276
601 14307 582 3276
601 14307 582 3276
601 14307 582 3276
599 14445 582 3276
599 14445 582 3276
598 15003 577 3258
598 15003 577 3258
598 15003 577 3258
598 15003 577 3258
598 15003 577 3258
598 14137 582 3280
595 13990 556 3287
595 13990 556 3287
595 13990 556 3287
595 13990 556 3287
595 13990 556 3287
595 13990 556 3287
580 14633 540 3298
579 14354 556 3297
749 17090 540 3258
737 17512 540 3262
674 15988 518 3317
673 15822 572 3228
613 14467 598 3264
611 14396 527 3335
599 13560 550 3328
569 14421 556 3297
720 16681 546 3256
610 14387 582 3276
657 15720 596 3235
706 15462 527 3332
629 15111 556 3271
710 16060 524 3285
695 16776 540 3265
586 13668 550 3321
635 15451 534 3287
627 14762 568 3272
668 15885 562 3244
586 13668 550 3321
609 14438 550 3317
622 14960 529 3292
652 14703 539 3334
687 16381 562 3240
578 14490 540 3306
626 15138 572 3251
574 14527 540 3307
662 16524 562 3247
654 15725 556 3255
606 14849 577 3278
681 16166 524 3299
598 14118 566 3288
700 16275 524 3285
676 17022 545 3255
621 13946 598 3228
643 15453 572 3237
690 15296 556 3263
634 14583 540 3284
593 14474 540 3300
639 15941 545 3262
636 15587 528 3313
621 15195 540 3293
612 14089 556 3291
588 14176 566 3302
621 13946 598 3228
667 15761 572 3231
662 15628 579 3233
633 15120 579 3236
664 16051 556 3242
606 14849 577 3278
623 16066 545 3262
682 15731 540 3267
636 15587 528 3313
684 15571 540 3266
651 14701 562 3254
588 14176 566 3302
605 14326 582 3280
670 16284 524 3299
607 14541 598 3264
646 15436 556 3263
610 14312 582 3280
639 14765 540 3280
670 15821 556 3247
661 15777 562 3252
649 15880 556 3254
642 15024 545 3266
663 16307 524 3296
657 15720 596 3235
641 15387 545 3264
604 14217 582 3286
658 14669 540 3278
605 14984 545 3291
682 16285 545 3258
572 14420 556 3297
598 14118 566 3288
634 15344 540 3268
625 14264 582 3280
662 15628 579 3233
624 14564 596 3252
611 14396 527 3335
676 17022 545 3255
634 15344 540 3268
604 14217 582 3286
651 14701 562 3254
663 16307 524 3296
656 15811 596 3235
626 15138 572 3251
682 15731 540 3267
673 15822 572 3228
643 15453 572 3237
639 15941 545 3262
626 14681 596 3251
572 14420 556 3297
682 15731 540 3267
572 14420 556 3297
656 15811 596 3235
682 16285 545 3258
572 14420 556 3297
673 15822 572 3228
588 14176 566 3302
586 13668 550 3321
572 14420 556 3297
770 18338 540 3263
718 17238 594 3228
711 16363 524 3285
622 13951 619 3234
620 14568 527 3335
599 13572 550 3328
572 14442 556 3297
649 15628 528 3313
601 13687 550 3327
733 16396 556 3242
686 15900 612 3231
616 14849 598 3264
720 17184 572 3229
627 15071 596 3252
613 14845 582 3284
695 16498 562 3240
692 16200 535 3293
593 14805 550 3304
662 15235 582 3243
698 16778 540 3265
640 14838 582 3275
673 15579 545 3272
634 15344 540 3273
691 15970 562 3255
656 15144 540 3286
597 14719 540 3302
682 16304 545 3258
680 16642 556 3249
593 14805 550 3304
705 16035 540 3266
720 15728 572 3245
670 16298 524 3299
644 16125 545 3263
680 16236 572 3236
646 15787 545 3267
649 15733 577 3243
652 15296 540 3294
667 15934 578 3235
722 16358 524 3285
654 15765 556 3258
697 16220 540 3267
662 15809 572 3241
670 16330 572 3231
681 16191 556 3247
672 16085 562 3244
692 16480 556 3242
690 16196 556 3246
698 16778 540 3265
667 15934 578 3235
698 16778 540 3265
698 16778 540 3265
828 19264 546 3261
722 16408 524 3285
709 17490 572 3232
635 14176 619 3234
627 14828 527 3335
599 13600 550 3328
584 14612 556 3297
738 16323 562 3250
709 17490 572 3232
681 15978 528 3313
685 15405 582 3279
627 14941 540 3309
679 15950 598 3254
684 15564 598 3255
696 16704 556 3244
643 16026 540 3302
673 16301 562 3252
692 17062 556 3242
705 15545 545 3274
649 15489 550 3304
662 15468 550 3290
658 15551 562 3283
676 16610 578 3234
650 15480 566 3283
677 15652 582 3265
682 15915 566 3277
706 16421 540 3266
644 15594 540 3278
668 16026 556 3261
701 16899 540 3265
700 16390 572 3238
642 15445 556 3287
685 16601 546 3277
666 16052 556 3265
680 15948 578 3266
685 16637 545 3262
715 16330 540 3266
699 17014 540 3275
693 16515 578 3234
693 16515 578 3234
699 17030 540 3265
709 17490 572 3232
762 17338 572 3240
722 16443 524 3285
711 17548 572 3232
694 16436 595 3252
633 14960 527 3342
599 13616 550 3328
591 15081 556 3311
599 13616 550 3328
594 14676 556 3297
633 14960 527 3342
648 16206 540 3297
660 15829 540 3302
734 16889 572 3244
643 15449 550 3314
685 16124 582 3278
681 15217 550 3316
707 17090 540 3278
726 16577 572 3249
664 15158 551 3315
705 17152 562 3260
714 17176 545 3263
707 15889 561 3285
692 16422 578 3275
686 16523 582 3272
701 16706 546 3267
696 17159 556 3242
700 17041 577 3260
695 16894 556 3275
692 16082 540 3279
675 15971 540 3285
676 16634 578 3234
675 16975 578 3256
678 16693 577 3270
713 16829 556 3257
712 16755 540 3272
715 16429 540 3266
676 17175 562 3253
700 16592 556 3269
715 16429 540 3266
633 14960 527 3342
816 18044 556 3249
722 16469 524 3285
721 18228 545 3263
711 16932 579 3234
693 17068 582 3250
599 13646 550 3336
595 15013 556 3297
613 13756 550 3328
744 17350 572 3253
714 16234 546 3290
708 17024 540 3302
735 17790 578 3261
716 16253 545 3305
725 16658 540 3266
694 16745 578 3263
715 16863 540 3276
721 16951 556 3273
710 16829 582 3251
779 17675 582 3243
759 18871 582 3257
744 17093 524 3291
702 16985 594 3268
633 14436 550 3328
698 16770 556 3300
703 15761 556 3297
725 16532 550 3308
726 16967 582 3285
728 16707 540 3266
727 17322 540 3272
743 16842 540 3266
732 17216 566 3276
728 17588 556 3269
715 16280 550 3339
738 16725 561 3278
726 16785 556 3297
728 16883 545 3297
779 17548 561 3267
759 17259 540 3273
757 17723 556 3293
751 17554 567 3286
731 17310 556 3300
781 18451 566 3274
780 18453 551 3289
769 17420 562 3275
820 18965 582 3291
788 18421 584 3288
745 18327 577 3225
660 14497 524 3304
628 13183 568 3286
610 13827 524 3316
560 13470 540 3264
688 15331 577 3230
575 13777 562 3253
679 16633 540 3260
598 13440 545 3288
724 16206 556 3243
722 16368 556 3241
596 14676 534 3295
660 15484 529 3279
633 15610 529 3278
624 14929 534 3291
614 14498 534 3303
684 15544 529 3273
610 14330 556 3250
724 16215 556 3241
648 16372 556 3243
625 15021 540 3261
581 13639 556 3255
677 15260 572 3232
577 13435 556 3259
677 15260 572 3232
679 16633 540 3260
653 15175 529 3284
627 14879 572 3235
594 14186 524 3312
607 14618 529 3296
682 15791 529 3273
598 13440 545 3288
658 15887 529 3275
586 14719 545 3262
674 14755 556 3247
628 14185 534 3306
566 13463 556 3259
624 14231 534 3310
631 13683 534 3307
674 16036 572 3232
611 15090 556 3244
650 15905 524 3284
607 14618 529 3296
674 14755 556 3247
679 16633 540 3260
606 14586 524 3304
724 16215 556 3241
633 14293 572 3234
613 15153 524 3290
682 15791 529 3273
607 14884 556 3249
607 13599 572 3243
630 14374 572 3242
594 14612 545 3263
625 15021 540 3261
660 14497 524 3304
682 15791 529 3273
624 14231 534 3310
630 14374 572 3242
610 14330 556 3250
612 14994 534 3291
612 14994 534 3291
607 13599 572 3243
648 16372 556 3243
628 14185 534 3306
660 14497 524 3304
598 13440 545 3288
598 13440 545 3288
607 14618 529 3296
679 16633 540 3260
624 14231 534 3310
598 13440 545 3288
598 13440 545 3288
598 13440 545 3288
598 13440 545 3288
598 13440 545 3288
598 13440 545 3288
735 16300 556 3241
707 17423 540 3260
688 15531 577 3230
628 13258 568 3286
622 15555 524 3309
610 13903 524 3338
566 13478 556 3259
583 13671 545 3271
663 16684 524 3290
599 13460 545 3288
619 13964 556 3258
576 13853 562 3257
577 14658 540 3278
681 16345 529 3277
586 13698 540 3264
614 14626 534 3299
638 14429 572 3239
582 13987 562 3253
668 15671 529 3281
616 15238 534 3290
619 14396 524 3327
660 14512 524 3315
603 14461 524 3316
646 16221 524 3298
605 14406 524 3323
677 15314 572 3232
623 15158 556 3249
610 13903 524 3338
688 15531 577 3230
675 15836 524 3300
642 15480 529 3290
692 15654 524 3295
676 16561 572 3233
607 14233 561 3257
696 15931 529 3273
630 14954 572 3235
633 14983 524 3308
625 15028 540 3261
684 15887 524 3291
593 14268 556 3257
604 14795 534 3295
628 14195 534 3306
649 14644 572 3234
693 16024 529 3273
680 15157 524 3301
648 16401 556 3243
692 15654 524 3295
696 15007 524 3304
610 14401 556 3250
583 13671 545 3271
688 16272 529 3277
625 16044 556 3247
628 15629 556 3244
606 14960 545 3263
655 16301 524 3295
622 15555 524 3309
677 15577 556 3248
627 15701 556 3247
593 14268 556 3257
583 13671 545 3271
677 15406 534 3287
631 14435 572 3246
609 15310 556 3256
693 16024 529 3273
639 15220 524 3303
642 15257 529 3292
619 14396 524 3327
648 16401 556 3243
628 15522 524 3312
640 15422 529 3291
607 14233 561 3257
642 15480 529 3290
638 14729 529 3303
677 15314 572 3232
623 15158 556 3249
628 15522 524 3312
655 16301 524 3295
640 15279 529 3299
628 14195 534 3306
642 15257 529 3292
631 15414 529 3301
619 13964 556 3258
630 14954 572 3235
609 15310 556 3256
625 16044 556 3247
607 14233 561 3257
576 13853 562 3257
643 15592 524 3302
638 14729 529 3303
604 14795 534 3295
627 15701 556 3247
643 15592 524 3302
696 15931 529 3273
610 14401 556 3250
643 15592 524 3302
619 13964 556 3258
607 14233 561 3257
607 14233 561 3257
643 15592 524 3302
643 15592 524 3302
604 14795 534 3295
622 15555 524 3309
625 16044 556 3247
688 15531 577 3230
643 15592 524 3302
642 15480 529 3290
607 14233 561 3257
607 14233 561 3257
607 14233 561 3257
604 14795 534 3295
604 14795 534 3295
743 16500 556 3241
704 16060 577 3230
694 15082 595 3234
664 14862 524 3320
663 16766 524 3290
646 13295 568 3286
610 14515 524 3344
567 13532 556 3259
719 16684 529 3273
583 13690 545 3275
654 14805 587 3244
689 16412 529 3279
586 13787 540 3264
638 13518 557 3300
651 15536 556 3249
623 14535 524 3327
657 14083 563 3255
662 14945 578 3236
615 14046 524 3338
694 15082 595 3234
669 15908 529 3295
634 13989 524 3338
677 15425 534 3287
598 14578 562 3253
609 14802 534 3302
704 16060 577 3230
669 15095 572 3234
667 15445 524 3310
623 13774 540 3317
687 16052 529 3284
680 15556 572 3232
636 15555 540 3261
644 16211 534 3295
628 13296 568 3286
657 15813 524 3312
607 14614 556 3258
676 14501 561 3254
684 15270 534 3291
683 15735 561 3245
628 13296 568 3286
607 14355 561 3257
610 14577 524 3321
665 15592 524 3302
659 15029 556 3250
655 15327 534 3293
583 13934 562 3257
576 14065 562 3257
576 14065 562 3257
653 14968 524 3317
654 15322 534 3295
634 15676 556 3247
631 15755 556 3248
610 14515 524 3344
672 16135 529 3287
607 14355 561 3257
604 14964 534 3300
672 16135 529 3287
653 14968 524 3317
649 15601 534 3295
604 14964 534 3300
649 15692 534 3291
649 15583 572 3234
662 14945 578 3236
630 15061 572 3235
662 14945 578 3236
636 15051 524 3317
630 15061 572 3235
683 15735 561 3245
628 13296 568 3286
654 14881 524 3320
628 13296 568 3286
654 14881 524 3320
610 14577 524 3321
610 14515 524 3344
649 15583 572 3234
662 14945 578 3236
654 14881 524 3320
654 14881 524 3320
628 13296 568 3286
628 13296 568 3286
628 13296 568 3286
628 13296 568 3286
610 14515 524 3344
610 14515 524 3344
610 14515 524 3344
610 14515 524 3344
796 18464 524 3291
749 18923 556 3246
745 16858 572 3232
701 16895 524 3309
649 15442 603 3245
637 14025 524 3338
630 13308 568 3286
572 13536 556 3259
721 18351 524 3301
720 16487 529 3288
611 14825 562 3253
589 13814 545 3267
588 14067 545 3271
620 14269 524 3338
744 16755 524 3304
643 16167 572 3236
675 15422 556 3258
662 15076 524 3320
658 15883 540 3261
684 16324 529 3290
594 14636 540 3293
641 14884 524 3324
681 16313 572 3233
594 14636 540 3293
700 15534 556 3250
677 15771 524 3314
605 14324 540 3264
634 15677 556 3247
615 14910 524 3321
601 14550 540 3266
589 14703 540 3278
627 14051 540 3299
648 14723 524 3322
602 14141 540 3298
691 16683 529 3287
678 15557 524 3312
589 14703 540 3278
691 16683 529 3287
637 13942 540 3291
603 14472 540 3291
677 15578 572 3236
662 15076 524 3320
609 13830 540 3302
641 14884 524 3324
589 14232 540 3303
603 14180 540 3294
594 14636 540 3293
609 13830 540 3302
603 14180 540 3294
603 14180 540 3294
708 16325 572 3235
701 16903 529 3289
656 16334 572 3243
649 14704 528 3343
633 13479 568 3286
623 14723 524 3342
572 13544 556 3259
600 13940 545 3276
654 16432 540 3276
652 14517 540 3323
678 14940 562 3253
649 15801 556 3256
675 15573 540 3275
695 16058 524 3317
648 15328 545 3264
665 15310 524 3321
601 15104 540 3308
602 14630 540 3300
698 15996 561 3248
608 14783 540 3279
641 16122 556 3248
619 14524 540 3285
668 15923 556 3252
657 15949 540 3270
634 15671 545 3265
606 14874 545 3267
748 17120 524 3320
714 15954 524 3322
704 16417 572 3243
694 15757 524 3325
686 17359 562 3253
590 13556 572 3270
584 14758 556 3268
729 17092 534 3308
742 17356 529 3289
647 15698 540 3279
672 16490 556 3261
636 15160 545 3267
608 14164 545 3288
629 13647 569 3269
644 16075 540 3281
610 14627 562 3261
710 15723 556 3259
618 14808 540 3285
592 14009 556 3266
729 16043 540 3270
603 14096 556 3262
613 13757 556 3286
694 16039 556 3258
764 17991 572 3244
753 17367 529 3292
632 15551 542 3296
621 14135 556 3270
602 15056 556 3276
709 17370 572 3250
624 15253 562 3261
728 17780 540 3281
729 16765 540 3274
614 14144 556 3262
685 16112 545 3267
666 16328 550 3277
680 15283 546 3287
667 16398 540 3290
605 14656 556 3262
651 15291 545 3283
710 17646 540 3282
662 15861 540 3293
651 15767 540 3295
684 15348 545 3271
748 17889 572 3261
737 17457 579 3255
686 14495 568 3280
665 15776 540 3296
635 14799 558 3296
606 15401 556 3262
705 17071 540 3291
722 17132 545 3269
686 16611 553 3293
654 15169 578 3263
673 14818 568 3273
692 15903 545 3275
645 15128 556 3271
690 16121 545 3275
650 15260 556 3262
753 17453 545 3290
731 17670 556 3262
718 15472 591 3266
715 14567 568 3286
673 16416 540 3299
639 15519 556 3289
713 15995 555 3291
728 17453 540 3293
653 16304 576 3262
749 17657 546 3272
652 15805 556 3282
666 15518 561 3274
656 15454 562 3267
653 15653 562 3268
657 15528 556 3264
663 15522 562 3262
736 17126 552 3302
718 15942 579 3268
698 17405 556 3266
693 16282 562 3278
697 17013 562 3267
727 16735 562 3269
705 15982 556 3274
706 16776 562 3267
732 17964 563 3268
732 16769 568 3269
705 16552 556 3282
735 17615 556 3282
693 15440 540 3253
676 16756 556 3238
640 14913 624 3220
608 14177 524 3323
573 13459 550 3375
563 13583 550 3375
670 16704 598 3221
599 14412 524 3293
622 14583 578 3239
649 16014 562 3241
587 13761 568 3349
600 14713 598 3224
672 15686 545 3253
629 14665 624 3223
600 14713 598 3224
589 13536 568 3349
673 16063 540 3254
655 15169 546 3265
572 13922 562 3270
597 13679 540 3285
632 15426 545 3257
581 14466 556 3246
608 14738 578 3238
580 13585 550 3373
595 13638 557 3371
656 15218 529 3267
594 14003 556 3245
656 15218 529 3267
620 14695 572 3227
596 14134 540 3273
612 14173 529 3279
589 13731 529 3280
642 15009 598 3223
608 14524 572 3240
619 15251 572 3223
595 13638 557 3371
629 14665 624 3223
642 15009 598 3223
619 15251 572 3223
591 14155 545 3271
590 14168 572 3245
597 14269 545 3267
609 14314 529 3279
597 14269 545 3267
597 13701 540 3281
612 14173 529 3279
620 14400 540 3268
588 14357 540 3270
595 13638 557 3371
629 14665 624 3223
608 14524 572 3240
595 13569 550 3373
609 14314 529 3279
588 14357 540 3270
620 14400 540 3268
597 13701 540 3281
595 13569 550 3373
590 14168 572 3245
590 14168 572 3245
580 13585 550 3373
595 13569 550 3373
608 14524 572 3240
590 14168 572 3245
629 14665 624 3223
629 14665 624 3223
619 15251 572 3223
595 13569 550 3373
595 13569 550 3373
595 13569 550 3373
595 13569 550 3373
595 13569 550 3373
595 13569 550 3373
595 13569 550 3373
758 18110 556 3238
740 18538 556 3244
640 15040 624 3220
599 14469 524 3304
590 13511 550 3375
590 13511 550 3375
580 13587 550 3373
705 16828 540 3261
716 16534 545 3263
609 15368 598 3226
643 15071 598 3223
590 13906 568 3344
695 16055 545 3265
629 14667 624 3223
688 15588 529 3267
657 15163 572 3240
742 17866 556 3242
609 14802 578 3238
756 17364 598 3221
612 14219 529 3279
737 18017 598 3221
753 16990 540 3254
649 15316 572 3227
683 16673 540 3266
624 14834 624 3237
670 15889 545 3267
633 16023 561 3245
586 14263 562 3270
593 14531 545 3291
595 13658 557 3371
593 14693 540 3293
597 14380 545 3271
596 14014 556 3250
611 13768 550 3363
670 15889 545 3267
649 15914 562 3245
638 14646 540 3270
580 13587 550 3373
601 13775 557 3359
685 15519 529 3278
627 14657 578 3239
596 13918 566 3362
589 13539 568 3349
604 15554 556 3246
601 13836 566 3346
589 13539 568 3349
601 14764 556 3247
637 15010 572 3243
600 14489 524 3293
620 14449 545 3268
590 13906 568 3344
598 14202 545 3271
580 13587 550 3373
609 14639 545 3268
685 15519 529 3278
580 13587 550 3373
595 13658 557 3371
592 14521 556 3254
592 14013 566 3360
623 14801 540 3269
627 15155 556 3246
590 14169 572 3245
758 18110 556 3238
601 13836 566 3346
620 14449 545 3268
592 14521 556 3254
609 15368 598 3226
629 15333 572 3223
580 13587 550 3373
627 14657 578 3239
598 14202 545 3271
637 15010 572 3243
590 14169 572 3245
592 14521 556 3254
600 14489 524 3293
629 14667 624 3223
611 13768 550 3363
609 14639 545 3268
601 13775 557 3359
601 13775 557 3359
629 14667 624 3223
590 13511 550 3375
589 13539 568 3349
629 15333 572 3223
609 14639 545 3268
601 13775 557 3359
600 14489 524 3293
629 14667 624 3223
627 15155 556 3246
758 18110 556 3238
758 18110 556 3238
629 14667 624 3223
629 14667 624 3223
629 14667 624 3223
629 14667 624 3223
627 14657 578 3239
620 14449 545 3268
609 14639 545 3268
600 14489 524 3293
595 13658 557 3371
590 13511 550 3375
590 13511 550 3375
589 13539 568 3349
589 13539 568 3349
589 13539 568 3349
580 13587 550 3373
580 13587 550 3373
580 13587 550 3373
580 13587 550 3373
580 13587 550 3373
580 13587 550 3373
769 17183 540 3254
748 18345 598 3221
640 15059 624 3220
629 14789 624 3223
615 14474 524 3304
590 13526 550 3375
582 13879 550 3375
718 18031 572 3225
589 14313 568 3325
716 16238 529 3267
589 13586 568 3349
643 15073 598 3223
609 14317 582 3259
640 15059 624 3220
710 17040 540 3266
600 14514 524 3293
646 14828 578 3238
692 15963 529 3275
673 15628 545 3268
597 14049 566 3358
634 16065 561 3245
707 15335 540 3273
756 17603 598 3221
588 13765 550 3373
599 14475 524 3304
758 17762 545 3259
640 15799 572 3228
625 14061 557 3359
662 15511 540 3278
598 14620 556 3259
661 15785 562 3246
749 17736 545 3265
600 14481 550 3279
641 15627 540 3270
635 14887 578 3239
621 15154 556 3247
638 15916 546 3268
682 16232 540 3269
639 15790 578 3228
657 15787 572 3228
611 13825 550 3363
599 14475 524 3304
603 14408 572 3256
630 15196 578 3238
620 14195 556 3265
612 14231 529 3279
610 14098 556 3272
682 16232 540 3269
590 13526 550 3375
593 14431 572 3258
615 14262 545 3271
639 15488 598 3224
637 15085 556 3255
608 14568 572 3246
611 13825 550 3363
590 13526 550 3375
716 16238 529 3267
640 15059 624 3220
612 14231 529 3279
606 14442 556 3258
643 15073 598 3223
606 14442 556 3258
590 13526 550 3375
612 15060 578 3239
590 13526 550 3375
612 15060 578 3239
640 15059 624 3220
640 15059 624 3220
640 15059 624 3220
640 15059 624 3220
590 13526 550 3375
590 13526 550 3375
590 13526 550 3375
590 13526 550 3375
590 13526 550 3375
797 18753 540 3263
640 15069 624 3220
615 14825 524 3293
590 13533 550 3375
585 14158 550 3387
764 18631 572 3232
742 16686 529 3267
685 16121 598 3232
724 16494 545 3267
672 16250 540 3271
594 13919 550 3373
654 15242 594 3240
615 14151 557 3358
645 14571 524 3331
623 14358 529 3279
636 15258 608 3238
744 17898 582 3234
621 15444 561 3247
610 14585 524 3304
764 17762 545 3265
630 15040 582 3246
776 18151 598 3221
645 14571 524 3331
612 14590 608 3258
654 15277 556 3250
614 15314 566 3261
732 16152 598 3223
638 16030 556 3248
784 18088 598 3221
601 14490 550 3365
629 15272 578 3249
603 14761 550 3297
777 17798 545 3260
613 14335 540 3285
649 16099 562 3245
797 18753 540 3263
629 16154 556 3253
764 17762 545 3265
602 14814 562 3273
615 14151 557 3358
608 15254 562 3270
616 14456 556 3258
649 16099 562 3245
609 14446 562 3270
649 16099 562 3245
609 14446 562 3270
797 18753 540 3263
797 18753 540 3263
797 18753 540 3263
797 18753 540 3263
797 18753 540 3263
797 18753 540 3263
797 18753 540 3263
649 16099 562 3245
855 20243 540 3263
678 14680 524 3308
640 15095 624 3220
590 13546 550 3375
776 18734 582 3235
774 17949 545 3265
827 19580 540 3267
628 14357 568 3349
776 18195 598 3221
705 16283 562 3245
647 14508 535 3338
682 16245 598 3242
703 16904 550 3271
621 14798 550 3372
631 14534 529 3279
687 16370 556 3251
607 14938 557 3303
652 15359 578 3250
685 16886 524 3302
629 15198 540 3284
654 15805 556 3259
683 16673 540 3273
615 15153 550 3342
655 15490 556 3254
671 15190 556 3260
622 15123 524 3304
639 14785 578 3268
650 15050 556 3273
687 16304 561 3252
659 15096 556 3267
636 15310 556 3265
626 14966 524 3304
629 16268 556 3253
810 20012 582 3242
640 15167 624 3220
626 15151 524 3311
590 13565 550 3375
768 17776 572 3245
729 18039 524 3302
632 14647 568 3349
728 17228 546 3275
673 15894 561 3257
733 17104 540 3276
685 15636 529 3279
619 15118 566 3332
647 14946 534 3291
681 15506 556 3254
630 15009 567 3329
653 15006 540 3279
671 15292 556 3275
638 14790 556 3279
636 15186 540 3287
796 19347 582 3248
708 17362 524 3316
642 15190 624 3234
640 15209 624 3220
626 14449 550 3375
774 17637 556 3254
731 16981 545 3280
786 19207 572 3251
711 17257 529 3285
655 16393 540 3290
681 16274 556 3263
668 16021 551 3303
644 15155 566 3341
691 16164 562 3255
638 14842 568 3346
661 16032 524 3354
716 17438 556 3259
653 14806 562 3281
641 15100 568 3325
639 15415 550 3362
656 15589 556 3315
659 15361 540 3315
682 15865 540 3282
667 15963 524 3323
740 17278 540 3311
705 17054 524 3327
684 17392 566 3264
650 15224 624 3220
644 15489 550 3368
644 15189 584 3346
717 16903 562 3255
702 17063 595 3257
687 16339 572 3272
672 15996 545 3315
661 15290 582 3335
645 15280 624 3223
680 16743 562 3299
666 16299 550 3360
644 15648 624 3220
709 15648 562 3326
697 16449 556 3267
655 16095 566 3341
679 16550 577 3309
666 15855 551 3316
688 16564 592 3267
682 16141 556 3302
690 16764 550 3307
689 15597 568 3321
665 15534 551 3332
644 15648 624 3220
786 19120 577 3256
702 16436 545 3320
684 16206 556 3337
644 15679 624 3220
754 18870 582 3266
685 16583 568 3317
778 19068 608 3255
770 19035 566 3297
668 15969 566 3332
676 16239 550 3331
697 16142 566 3302
691 16227 562 3326
770 17022 551 3347
720 17147 551 3320
672 16148 624 3221
666 15780 624 3225
724 16889 582 3304
708 16557 578 3305
685 15923 624 3223
746 17095 579 3313
685 16016 624 3223
790 17926 545 3254
743 18377 578 3215
703 17142 594 3215
662 16171 595 3217
599 14624 529 3270
556 13097 556 3293
680 17204 561 3230
587 13395 556 3282
593 14579 529 3274
564 13520 540 3289
697 16817 578 3216
748 17829 572 3217
617 14985 572 3223
583 13922 546 3265
591 13825 562 3247
638 15490 572 3218
572 14045 556 3253
639 15463 561 3234
607 14088 556 3242
575 13426 572 3226
621 14781 572 3225
639 15430 572 3221
594 14092 540 3255
588 14180 556 3237
586 14156 540 3257
573 13751 556 3260
573 13751 556 3260
581 13400 556 3290
593 14873 578 3223
574 13836 556 3246
579 13793 540 3268
579 13793 540 3268
588 14180 556 3237
574 13836 556 3246
588 14180 556 3237
749 17613 561 3230
723 17774 578 3217
707 16942 595 3217
667 16191 529 3270
556 13108 556 3293
593 14716 529 3274
588 14207 556 3237
585 14526 556 3254
663 16406 562 3234
570 13556 540 3289
707 16942 595 3217
709 16309 572 3218
610 14126 540 3268
703 16807 561 3234
658 15785 572 3222
624 14008 545 3273
638 15212 572 3224
593 14680 546 3259
695 17737 561 3236
595 14208 540 3257
701 17214 561 3236
581 13803 556 3260
638 15579 578 3219
661 15547 572 3221
593 14884 578 3223
626 13864 540 3270
639 15672 572 3223
573 13832 556 3260
582 13466 572 3226
579 14162 546 3271
599 14030 556 3255
583 14010 546 3265
570 13556 540 3289
582 13466 572 3226
575 13501 572 3226
582 13466 572 3226
590 14181 540 3265
610 14126 540 3268
596 14158 540 3268
599 14030 556 3255
639 15672 572 3223
591 14019 540 3270
582 13466 572 3226
582 13466 572 3226
570 13556 540 3289
570 13556 540 3289
752 18576 572 3219
721 17445 595 3217
596 14818 529 3274
556 13116 556 3293
556 13116 556 3293
612 14218 562 3252
748 18348 578 3217
588 14311 556 3237
749 17628 561 3230
676 16997 572 3222
582 13587 582 3276
593 14921 578 3223
705 17475 561 3236
683 16686 562 3234
601 14893 540 3261
582 13587 582 3276
583 14038 546 3265
585 13770 572 3226
601 14664 545 3263
614 14310 540 3257
611 14746 540 3267
647 15832 572 3223
575 13884 556 3260
640 13994 540 3270
680 16374 578 3219
647 15832 572 3223
599 13734 572 3285
646 15856 572 3223
570 13590 540 3289
556 13116 556 3293
599 14423 546 3264
570 13590 540 3289
640 13994 540 3270
679 16426 562 3235
679 16793 562 3234
599 13734 572 3285
605 14207 556 3255
593 13748 572 3226
614 14310 540 3257
605 14207 556 3255
583 14038 546 3265
605 14233 540 3268
603 14312 540 3268
595 14711 540 3269
605 14233 540 3268
595 14711 540 3269
591 14038 540 3270
647 15832 572 3223
593 13748 572 3226
603 14312 540 3268
614 14310 540 3257
603 14312 540 3268
591 14038 540 3270
647 15832 572 3223
640 13994 540 3270
583 14038 546 3265
556 13116 556 3293
767 18978 572 3219
767 18892 578 3217
639 14903 529 3282
582 13651 582 3276
556 13126 556 3293
680 16623 578 3219
745 18224 561 3236
635 15590 540 3257
676 15399 546 3258
749 18970 562 3235
760 17914 561 3230
607 15038 529 3274
590 14356 556 3245
659 15981 572 3223
626 15230 556 3240
588 13802 572 3226
659 15981 572 3223
574 13903 540 3289
578 13939 556 3260
602 15037 578 3223
583 14175 546 3265
573 13753 540 3292
680 16623 578 3219
637 14514 545 3262
601 14614 540 3270
623 14315 540 3268
628 14672 556 3242
609 14779 561 3238
760 17914 561 3230
587 13910 582 3271
609 14779 561 3238
617 15075 556 3241
633 14532 556 3237
602 15079 540 3261
659 15981 572 3223
760 17914 561 3230
582 13651 582 3276
578 13765 540 3289
587 13910 582 3271
619 14664 545 3262
623 15024 540 3260
627 14662 540 3263
609 14779 561 3238
626 15230 556 3240
638 14932 578 3224
638 14932 578 3224
637 14514 545 3262
626 14885 540 3264
574 13903 540 3289
574 13903 540 3289
626 14885 540 3264
626 14885 540 3264
587 13910 582 3271
619 14664 545 3262
578 13765 540 3289
626 14885 540 3264
680 16623 578 3219
680 16623 578 3219
659 15981 572 3223
659 15981 572 3223
626 14885 540 3264
626 14885 540 3264
574 13903 540 3289
809 19328 561 3235
767 18960 578 3217
640 14928 529 3282
599 14056 585 3251
564 13300 556 3293
671 16179 572 3223
740 17540 578 3219
721 17899 578 3219
578 13789 540 3289
607 15046 529 3274
767 18960 578 3217
583 14190 546 3265
767 19015 572 3219
595 14129 569 3264
606 13973 572 3226
594 14359 556 3255
617 14955 562 3243
582 13664 582 3276
658 15869 540 3257
601 14644 540 3286
618 14839 545 3276
621 15511 561 3238
634 14835 540 3272
612 15336 540 3261
590 14387 556 3246
767 18960 578 3217
599 14056 585 3251
663 15339 556 3237
640 15329 540 3262
671 16179 572 3223
600 14164 556 3278
586 14218 556 3260
592 14372 578 3244
648 15594 556 3238
587 13988 582 3267
626 15554 556 3241
594 14041 582 3254
638 14942 578 3224
610 14913 562 3244
620 14776 556 3245
625 15689 578 3223
645 16075 556 3239
645 16075 556 3239
626 14375 556 3253
640 14810 556 3240
587 13988 582 3267
594 14041 582 3254
594 14359 556 3255
594 14041 582 3254
592 14372 578 3244
767 18960 578 3217
594 14359 556 3255
594 14041 582 3254
594 14041 582 3254
587 13988 582 3267
587 13988 582 3267
587 13988 582 3267
783 18738 578 3219
767 19040 572 3219
767 18972 578 3217
619 14517 598 3242
607 15078 529 3274
564 13336 556 3293
564 13336 556 3293
688 17303 546 3257
678 16295 556 3237
766 18980 578 3219
598 13802 556 3289
623 15309 561 3245
633 15843 578 3223
620 14157 585 3251
660 15950 556 3241
606 14658 572 3226
612 15406 540 3261
677 15369 545 3271
619 14517 598 3242
586 14272 556 3260
608 14388 546 3292
610 14071 582 3269
767 19040 572 3219
625 14031 572 3280
597 14211 579 3279
612 15406 540 3261
617 14388 572 3248
609 14720 546 3291
587 14218 582 3263
590 14717 556 3254
626 14117 572 3275
595 14517 556 3253
587 14218 582 3263
599 14415 556 3246
611 14557 578 3240
626 15024 556 3245
620 14475 572 3226
626 15024 556 3245
597 14471 556 3246
611 14557 578 3240
625 14031 572 3280
767 19040 572 3219
606 14658 572 3226
606 14658 572 3226
620 14475 572 3226
587 14218 582 3263
767 19040 572 3219
767 19040 572 3219
767 19040 572 3219
611 14557 578 3240
587 14218 582 3263
783 18741 578 3219
767 19090 572 3219
707 16949 595 3225
607 15088 529 3274
604 14197 556 3299
587 14741 572 3269
660 16340 562 3242
759 17888 546 3258
681 17239 556 3244
648 15548 540 3263
725 16877 556 3237
693 16749 561 3238
714 17924 546 3258
602 14353 556 3260
669 16777 546 3261
643 14523 572 3233
607 15088 529 3274
706 16999 578 3223
650 15281 572 3229
783 18741 578 3219
619 14750 556 3251
666 15956 556 3245
647 15461 540 3266
595 14643 574 3267
597 14675 556 3254
616 15535 545 3267
694 16834 556 3242
611 14764 556 3246
767 19090 572 3219
609 14938 556 3246
598 14548 556 3254
649 15530 572 3226
587 14741 572 3269
759 17888 546 3258
587 14741 572 3269
587 14741 572 3269
783 18741 578 3219
778 18511 546 3258
767 19151 572 3219
763 19333 578 3223
652 14368 582 3271
614 15141 529 3274
609 14250 566 3300
607 14650 556 3265
714 16509 540 3263
741 18376 562 3243
751 17880 556 3237
660 15519 540 3270
627 14590 556 3293
745 18976 556 3239
646 15891 545 3267
635 15210 556 3247
651 15837 572 3226
647 15784 546 3266
617 14924 556 3252
655 15711 572 3233
751 17880 556 3237
609 15510 556 3256
767 19151 572 3219
648 14929 572 3242
655 15616 540 3264
649 15869 540 3264
776 19269 572 3219
771 19327 572 3219
693 16113 585 3244
632 15459 529 3274
632 15020 569 3286
617 15506 540 3277
733 18049 572 3226
697 17032 540 3269
669 15894 545 3267
672 16584 572 3230
628 15687 556 3259
635 15281 561 3254
675 16217 572 3227
627 15612 529 3274
622 15326 578 3277
634 15233 582 3267
638 15741 556 3247
637 15941 556 3248
769 17892 561 3247
751 18489 556 3249
693 16219 572 3228
675 16767 529 3286
662 15628 540 3297
654 15680 582 3258
646 15292 561 3267
619 15730 546 3291
728 17841 561 3248
699 16001 540 3276
680 15931 545 3268
663 15529 561 3263
629 15695 545 3284
651 15985 534 3295
649 15969 556 3253
659 16515 529 3287
670 16311 556 3252
667 16436 556 3250
675 16767 529 3286
675 16767 529 3286
675 16767 529 3286
747 17805 561 3251
746 15757 578 3268
720 17593 529 3286
714 17352 578 3228
682 16526 540 3290
670 15403 572 3287
743 17536 572 3234
684 17023 546 3279
693 16978 540 3286
714 16134 556 3257
712 17734 572 3229
671 16654 563 3252
686 16153 556 3256
675 15669 572 3285
720 17593 529 3286
685 16665 556 3287
717 17548 540 3284
736 18124 529 3286
728 17730 582 3254
727 16884 572 3285
720 18086 529 3294
720 18086 529 3294
714 17201 602 3265
706 17467 556 3259
736 18124 529 3286
733 17783 556 3269
841 19736 540 3253
657 14659 518 3360
641 14111 572 3229
638 14411 518 3361
590 14612 572 3259
568 13375 529 3332
560 13643 540 3318
768 18922 524 3315
669 16295 529 3282
768 18922 524 3315
677 14471 524 3334
619 15263 556 3257
656 14439 524 3353
578 13611 529 3330
666 14374 546 3258
589 14492 540 3295
592 14666 563 3269
639 14235 524 3358
675 15675 529 3287
630 14250 556 3241
641 14111 572 3229
574 14689 546 3297
593 14186 529 3325
650 14886 529 3288
768 18922 524 3315
602 14572 524 3342
598 14609 563 3261
571 13773 545 3315
630 14094 556 3245
611 15608 556 3255
666 15410 518 3332
635 13554 556 3296
614 14073 529 3324
605 13998 546 3263
599 14264 572 3238
598 14823 572 3234
591 13846 540 3277
591 14320 556 3275
657 14490 524 3338
637 14858 518 3336
595 14268 529 3290
624 14421 556 3256
592 14666 563 3269
601 14689 524 3330
598 14285 556 3264
571 13773 545 3315
622 14564 556 3249
641 14111 572 3229
581 13843 572 3261
617 14745 572 3233
608 14699 540 3261
560 13643 540 3318
589 13571 540 3318
607 13858 556 3258
617 14745 572 3233
598 14267 529 3317
613 14627 524 3316
677 14471 524 3334
630 14250 556 3241
591 14595 572 3250
589 14492 540 3295
583 14699 546 3292
574 14689 546 3297
601 13903 529 3325
583 14699 546 3292
593 14119 556 3275
630 14278 572 3231
593 14119 556 3275
630 14278 572 3231
578 13611 529 3330
641 14111 572 3229
574 14710 546 3292
601 13903 529 3325
622 14564 556 3249
591 14595 572 3250
614 14073 529 3324
590 14612 572 3259
598 14285 556 3264
575 13652 546 3316
560 13643 540 3318
593 14186 529 3325
619 14563 572 3231
581 13843 572 3261
575 13652 546 3316
571 13710 545 3316
571 13710 545 3316
621 14357 572 3231
621 14357 572 3231
571 13710 545 3316
583 14699 546 3292
575 13652 546 3316
619 14563 572 3231
574 14710 546 3292
574 14689 546 3297
590 14612 572 3259
589 13571 540 3318
589 13571 540 3318
574 14710 546 3292
575 13652 546 3316
768 18922 524 3315
768 18922 524 3315
641 14111 572 3229
578 13611 529 3330
578 13611 529 3330
575 13652 546 3316
575 13652 546 3316
575 13652 546 3316
575 13652 546 3316
575 13652 546 3316
574 14710 546 3292
574 14710 546 3292
574 14710 546 3292
574 14710 546 3292
574 14710 546 3292
574 14710 546 3292
571 13773 545 3315
571 13710 545 3316
768 18949 524 3315
666 15022 518 3360
642 14179 572 3229
589 13571 540 3322
581 15003 578 3284
560 13655 540 3318
699 17317 529 3285
724 16704 529 3284
619 14281 529 3302
595 14083 540 3296
607 14089 556 3258
623 14760 546 3276
632 14679 556 3245
693 16196 546 3259
595 14896 563 3273
671 15804 529 3288
581 15003 578 3284
724 16704 529 3284
637 15119 518 3336
639 14238 524 3358
600 14542 572 3246
631 15257 563 3255
611 14339 529 3325
598 14303 540 3292
688 14569 524 3345
623 14158 545 3279
627 15924 540 3269
626 15354 540 3287
660 16376 529 3293
632 15255 524 3330
613 14048 566 3277
591 14227 572 3269
667 16598 529 3292
601 13952 540 3310
685 15823 529 3287
674 15214 529 3288
571 13722 545 3316
660 16376 529 3293
571 13722 545 3316
560 13655 540 3318
613 14048 566 3277
647 15347 529 3295
642 14614 556 3241
634 14955 524 3319
606 14776 524 3341
628 14717 524 3331
598 14293 556 3264
598 14903 572 3234
647 15003 540 3261
688 14569 524 3345
605 13994 556 3281
637 15119 518 3336
601 13952 540 3310
591 14600 572 3250
630 14414 572 3231
607 14193 529 3328
641 14824 529 3297
618 15038 524 3338
627 15199 540 3276
623 14158 545 3279
628 15335 529 3301
613 14778 545 3282
618 15038 524 3338
611 14339 529 3325
598 14903 572 3234
594 14614 546 3306
591 14227 572 3269
591 14600 572 3250
605 14456 529 3318
578 13621 529 3330
594 14614 546 3306
595 14896 563 3273
643 14987 540 3276
631 14367 572 3231
592 14257 556 3295
600 14542 572 3246
598 14043 546 3287
641 14824 529 3297
593 14085 556 3282
607 14089 556 3258
600 14561 572 3242
642 14179 572 3229
578 13621 529 3330
642 15015 540 3287
628 15335 529 3301
575 13655 546 3316
607 14193 529 3328
575 13655 546 3316
599 14872 546 3278
599 14872 546 3278
637 15119 518 3336
600 14561 572 3242
631 14367 572 3231
600 14561 572 3242
599 14872 546 3278
618 15038 524 3338
627 15199 540 3276
688 14569 524 3345
642 14179 572 3229
628 15335 529 3301
742 17093 529 3284
715 17856 529 3285
666 15109 518 3360
648 15427 518 3336
642 14181 572 3229
598 13953 540 3318
592 14947 572 3259
700 16093 529 3287
695 15395 556 3245
646 15299 540 3276
638 15926 563 3248
622 14919 529 3314
644 15151 546 3276
637 14745 563 3254
682 16569 529 3290
672 16646 529 3293
670 14740 524 3341
607 15051 572 3234
666 15109 518 3360
616 14290 556 3264
613 15028 540 3295
604 14332 540 3296
635 15457 529 3306
625 14942 524 3353
609 14748 556 3272
639 14851 545 3293
632 14476 529 3324
654 14882 529 3302
687 16593 524 3322
679 15941 556 3243
661 15408 540 3261
690 15512 529 3288
637 15558 540 3281
628 14223 540 3301
627 14685 572 3243
620 14931 572 3242
627 14998 572 3234
625 15684 546 3277
606 15375 546 3292
639 14275 524 3358
631 14839 572 3233
649 15067 524 3325
649 15450 540 3264
625 15684 546 3277
633 14766 524 3348
625 14942 524 3353
645 15021 556 3254
633 14766 524 3348
633 14865 524 3331
644 16025 529 3302
633 14865 524 3331
621 15168 529 3323
649 15450 540 3264
640 14885 556 3261
618 15131 524 3338
622 14919 529 3314
615 14912 540 3295
607 14749 556 3263
621 14836 572 3242
618 15131 524 3338
670 14740 524 3341
668 15139 540 3291
622 14919 529 3314
668 15139 540 3291
670 14740 524 3341
607 15051 572 3234
637 15399 524 3325
621 15168 529 3323
644 15151 546 3276
621 15168 529 3323
649 15067 524 3325
668 15139 540 3291
607 15051 572 3234
748 17173 529 3284
720 18006 529 3285
697 16755 572 3234
690 16187 518 3336
672 15153 518 3360
638 14385 540 3304
637 15539 572 3238
607 14761 556 3266
742 17244 529 3284
639 16250 540 3281
663 15242 556 3254
641 14544 556 3284
729 16916 529 3287
658 14472 524 3358
654 15397 546 3291
646 15283 540 3295
711 17193 524 3322
636 15112 524 3344
660 15488 546 3279
633 15015 524 3348
610 14923 546 3301
682 15900 524 3326
651 15643 556 3255
679 15831 524 3329
699 15593 529 3288
694 16011 529 3291
625 14924 545 3315
650 16159 524 3337
649 15542 540 3264
626 14633 545 3316
620 14653 546 3310
648 14810 524 3360
672 15253 529 3310
623 15392 540 3295
637 14670 546 3305
662 15220 529 3312
676 14942 529 3305
621 14403 540 3318
692 15225 524 3329
635 15094 529 3314
623 15047 545 3315
637 14973 529 3320
622 15078 529 3320
814 19135 572 3243
679 15291 518 3360
630 14625 540 3318
615 15725 556 3283
764 18625 524 3322
651 16344 572 3246
647 16003 563 3269
712 15974 524 3339
624 15164 556 3275
622 15173 556 3297
683 17466 524 3330
720 18008 529 3285
755 17831 524 3324
708 15796 524 3358
733 15278 524 3332
715 17646 546 3267
635 15582 546 3296
636 15403 540 3295
635 15647 529 3323
682 15638 529 3316
637 15185 529 3321
687 16261 524 3329
661 15809 556 3258
675 15555 540 3276
685 16290 524 3330
699 15667 529 3288
660 15630 572 3247
665 15593 572 3262
650 15249 556 3271
650 15491 556 3267
699 15667 529 3288
657 15656 540 3268
676 15661 556 3261
795 18414 572 3246
701 16271 518 3367
674 15326 529 3329
633 15601 556 3293
691 17239 572 3255
738 18059 529 3285
728 16612 524 3329
709 17548 556 3266
709 17539 524 3338
694 15818 540 3310
733 18361 529 3285
649 15488 546 3311
649 15410 556 3275
659 16391 540 3268
649 16006 545 3321
660 15561 545 3299
705 16135 529 3288
651 15908 540 3300
708 15680 540 3322
703 16315 540 3293
650 15898 556 3269
785 17124 524 3334
733 18396 529 3285
713 17857 556 3267
679 15410 556 3281
651 15430 556 3275
676 15909 540 3315
684 16535 540 3302
687 16032 546 3302
718 16676 529 3288
687 16561 556 3272
704 17588 540 3281
708 16142 546 3297
669 16915 546 3276
717 16694 529 3290
710 17586 556 3271
677 16976 540 3295
686 16125 546 3302
717 16694 529 3290
716 16973 529 3288
716 16973 529 3288
745 17431 556 3274
744 18833 572 3270
728 16966 529 3288
682 17008 540 3321
662 15552 556 3295
743 18553 529 3285
719 16001 540 3317
682 15955 546 3315
687 16422 556 3275
686 16186 546 3302
719 16709 555 3296
727 17628 529 3299
743 18668 529 3285
728 16985 529 3288
726 16672 550 3320
715 16832 556 3275
695 16414 562 3309
688 16668 562 3287
671 16549 556 3303
702 16434 556 3277
785 17615 529 3302
748 17025 529 3303
717 16874 556 3276
714 17125 568 3319
776 18519 529 3310
753 17567 563 3290
748 17344 546 3309
729 17481 563 3291
735 17503 563 3291
