653 66.601
709 12671 709 3199
709 12671 709 3199
574 13286 516 3324
546 10288 529 3276
525 11364 508 3326
508 11108 508 3336
692 12280 692 3201
675 11994 675 3203
641 11571 641 3207
526 12774 508 3325
625 11277 625 3209
642 11431 642 3207
675 11994 675 3203
659 11759 659 3205
527 11500 518 3307
574 13286 516 3324
626 11147 626 3209
595 10741 593 3213
590 12670 516 3324
530 10859 524 3291
572 10670 572 3227
609 10902 609 3211
594 10803 593 3213
577 10863 577 3215
551 11826 508 3325
658 11779 658 3205
518 11076 508 3336
561 10772 561 3230
609 10902 609 3211
539 11114 539 3260
709 12671 709 3199
524 10935 524 3283
545 10764 545 3245
567 10633 556 3236
510 11126 508 3327
658 11779 658 3205
609 10902 609 3211
521 11459 518 3313
519 11669 518 3307
510 11124 508 3332
578 10560 556 3242
528 11249 518 3316
537 11186 528 3279
540 10364 540 3263
561 10627 561 3234
584 10688 572 3217
536 10521 524 3286
556 10614 556 3240
578 10573 577 3232
564 10715 540 3251
555 10727 540 3251
580 11388 556 3232
533 11725 517 3323
542 11929 517 3322
572 10702 572 3221
524 11456 518 3310
531 11224 528 3279
546 10412 529 3272
572 10702 572 3221
578 10489 556 3250
546 10288 529 3276
548 10986 540 3247
562 10432 540 3259
576 10692 572 3217
545 10764 545 3245
530 10916 524 3287
531 11096 529 3265
562 10507 540 3255
541 10616 524 3282
529 10549 529 3272
542 11929 517 3322
556 10699 556 3236
562 10507 540 3255
519 11381 518 3316
546 10288 529 3276
546 10559 529 3268
548 10986 540 3247
534 10546 524 3286
540 10454 540 3259
558 11166 529 3264
543 11897 517 3322
548 10986 540 3247
546 10288 529 3276
558 11166 529 3264
546 10559 529 3268
543 11897 517 3322
578 10560 556 3242
547 10917 540 3251
609 10902 609 3211
546 10288 529 3276
543 11897 517 3322
709 12671 709 3199
709 12671 709 3199
709 12671 709 3199
709 12671 709 3199
709 12671 709 3199
709 12671 709 3199
709 12671 709 3199
609 10902 609 3211
609 10902 609 3211
609 10902 609 3211
609 10902 609 3211
562 10507 540 3255
548 10986 540 3247
546 10288 529 3276
546 10288 529 3276
546 10288 529 3276
546 10288 529 3276
546 10288 529 3276
543 11897 517 3322
731 13682 641 3207
717 13945 545 3245
709 12691 709 3199
552 12178 517 3322
546 10290 529 3276
625 13119 524 3295
588 10983 572 3217
649 11785 609 3211
570 11410 529 3264
689 12788 593 3213
562 10525 540 3255
693 12619 577 3215
591 10849 556 3242
554 10730 529 3268
656 13141 626 3209
569 11214 546 3245
652 13090 524 3286
600 11615 540 3251
614 11970 561 3234
656 12992 642 3207
675 12009 675 3203
600 12013 545 3249
675 11990 658 3205
614 11970 561 3234
692 12290 692 3201
657 12722 626 3209
659 13041 659 3205
675 12009 675 3203
617 11909 561 3234
692 12290 692 3201
663 11966 642 3207
692 12290 692 3201
660 12704 659 3205
659 13043 658 3205
692 12290 692 3201
614 11970 561 3234
692 12290 692 3201
692 12290 692 3201
692 12290 692 3201
692 12290 692 3201
692 12290 692 3201
692 12290 692 3201
692 12290 692 3201
614 11970 561 3234
709 12755 709 3199
666 14539 524 3307
552 12182 517 3322
546 10299 529 3276
604 11686 572 3217
581 11063 529 3268
574 11755 562 3260
668 13223 626 3209
682 13782 642 3207
646 12419 561 3234
581 10937 540 3255
693 12791 609 3211
675 12010 675 3203
692 12309 692 3201
612 12186 561 3243
634 12299 561 3238
615 11928 561 3247
691 13000 610 3211
629 12763 545 3249
661 12732 659 3205
683 13633 610 3211
606 12318 546 3245
685 12326 643 3207
666 12591 540 3251
654 12783 609 3215
664 13152 540 3251
661 12848 643 3214
675 12021 658 3205
675 12021 658 3205
675 12021 658 3205
741 14707 642 3207
709 12829 709 3199
679 14914 524 3307
576 12525 517 3322
551 10428 529 3276
633 11879 572 3217
621 11343 540 3259
583 11356 540 3255
625 12561 610 3241
672 13304 626 3209
692 12315 692 3201
723 13660 643 3207
675 12044 675 3203
651 12660 561 3234
647 12677 561 3234
721 14081 556 3250
690 14161 556 3250
661 13091 659 3205
694 13159 540 3251
690 13841 643 3207
675 12022 658 3205
661 13091 659 3205
661 13091 659 3205
812 17027 545 3253
709 12874 709 3199
553 10456 529 3276
552 10486 529 3276
552 10486 529 3276
551 10503 529 3276
743 14657 540 3255
680 13470 626 3209
646 12405 572 3221
647 13211 561 3251
596 11373 561 3268
692 12322 692 3201
586 11696 540 3263
640 12769 572 3219
675 12032 658 3205
661 13141 659 3205
600 11515 545 3261
614 11570 545 3257
673 12506 572 3217
685 12180 676 3203
675 12210 675 3203
675 12032 658 3205
676 12185 676 3203
552 10486 529 3276
675 12032 658 3205
675 12032 658 3205
675 12032 658 3205
552 10486 529 3276
552 10486 529 3276
805 16068 626 3209
709 12921 709 3199
553 10464 529 3276
552 10494 529 3276
765 15890 540 3269
710 14007 561 3251
675 12050 658 3205
628 12897 545 3257
656 12735 572 3221
722 13852 643 3214
636 12289 578 3266
656 14272 540 3272
692 12343 692 3201
681 13040 577 3219
680 14012 627 3213
684 12543 675 3203
712 12897 709 3199
678 12541 676 3203
676 12821 675 3203
676 12821 675 3203
765 14867 561 3251
749 15616 561 3251
709 12954 709 3199
555 10501 529 3276
553 10564 529 3276
552 10635 529 3276
675 12090 658 3205
630 13125 610 3262
659 13049 615 3227
670 12923 572 3221
646 13986 545 3258
656 14274 540 3272
692 12353 692 3201
657 13416 572 3221
685 12592 676 3203
709 12954 709 3199
676 12924 675 3203
726 14411 556 3264
720 12954 709 3199
709 12955 709 3199
662 14417 540 3272
556 10550 529 3276
554 11009 529 3281
675 12141 658 3205
677 13987 610 3237
678 13424 595 3243
672 13989 572 3246
688 13118 572 3221
717 13368 675 3203
692 12366 692 3201
672 13422 658 3222
692 12366 692 3201
762 14417 676 3203
751 15380 561 3264
709 12979 709 3199
563 10566 529 3276
558 10715 529 3276
666 14538 540 3272
675 12168 658 3205
689 13750 626 3226
682 14700 632 3252
694 13847 572 3223
735 14892 627 3222
692 12429 692 3201
826 17610 550 3274
709 12994 709 3199
579 10737 529 3276
577 10702 529 3283
752 16258 561 3264
809 17594 593 3243
678 12278 658 3205
689 14750 643 3245
675 12282 658 3205
702 14095 610 3228
748 13940 641 3237
746 14058 642 3224
723 12645 692 3201
696 12449 693 3201
696 14577 642 3241
716 14077 644 3241
728 14045 644 3241
692 12653 692 3201
770 16486 561 3264
764 16572 561 3264
709 13048 709 3199
594 10872 529 3283
703 14251 610 3228
720 14101 642 3237
676 12838 659 3205
694 14895 643 3245
680 12372 658 3218
681 12579 681 3215
685 13787 529 3276
676 13903 534 3276
701 14612 643 3245
692 13009 692 3201
694 12757 692 3201
697 12797 658 3205
770 16693 561 3264
719 14945 529 3292
709 13183 709 3199
694 15113 534 3293
685 12468 682 3219
665 13396 555 3286
709 14275 610 3228
736 13379 658 3205
704 14794 643 3245
703 14983 643 3245
729 14385 658 3205
681 13003 660 3205
699 12771 692 3201
698 12780 698 3213
676 13124 659 3205
701 12833 658 3209
684 13077 659 3218
851 16801 567 3289
800 16895 561 3264
735 13199 709 3199
722 12862 692 3201
718 12986 718 3213
677 13196 659 3212
742 14994 610 3228
723 15085 643 3245
724 14416 628 3243
706 14176 676 3207
692 14809 660 3209
704 13434 658 3222
719 13543 659 3205
680 13290 677 3207
712 13374 692 3201
701 13199 693 3201
709 13266 709 3199
694 14599 660 3209
704 12902 692 3214
808 17269 561 3264
752 16087 615 3271
733 13578 709 3199
723 13028 692 3201
681 13206 659 3212
780 16662 610 3237
723 15099 643 3245
759 15523 622 3235
726 14032 676 3207
704 13464 658 3222
734 14322 659 3205
712 13529 692 3201
701 13208 693 3201
706 14230 676 3207
758 15359 615 3236
694 14705 660 3209
694 14705 660 3209
704 13464 658 3222
694 14705 660 3209
694 14705 660 3209
811 17328 561 3264
750 13994 709 3199
728 13254 692 3201
692 13889 666 3234
779 15592 616 3244
795 16359 621 3239
755 14933 658 3231
706 14266 676 3207
743 14104 658 3235
713 13871 692 3201
741 15260 659 3209
711 13765 659 3218
703 13830 692 3218
741 14842 658 3239
746 14379 659 3209
745 14977 659 3209
769 15359 709 3199
743 14214 658 3235
731 13334 692 3201
717 15290 660 3243
730 14840 659 3225
741 15282 659 3209
741 15282 659 3209
741 15282 659 3209
741 15282 659 3209
769 15361 676 3237
753 15606 659 3209
749 13551 692 3201
734 13420 693 3201
744 13786 692 3201
760 15736 659 3209
754 15993 659 3235
752 15372 709 3225
803 16625 660 3234
709 12807 709 3199
574 13286 516 3324
532 10279 529 3276
512 11276 508 3328
508 11108 508 3336
658 11829 658 3205
692 12282 692 3201
641 11571 641 3207
625 11277 625 3209
659 11759 659 3205
692 12282 692 3201
642 11431 642 3207
519 11669 518 3307
675 12047 675 3203
709 12807 709 3199
626 11147 626 3209
675 12047 675 3203
595 10749 593 3213
609 10887 609 3211
579 12905 516 3324
567 10633 556 3236
574 13286 516 3324
590 12670 516 3324
577 10863 577 3215
593 10813 593 3213
545 12024 508 3325
530 10859 524 3291
561 10627 561 3234
545 10764 545 3245
521 11459 518 3313
572 10670 572 3227
585 10813 572 3217
539 11114 539 3260
692 12282 692 3201
537 11186 528 3279
552 10803 529 3264
527 11500 518 3307
556 10614 556 3240
609 10887 609 3211
578 10489 556 3250
562 10432 540 3259
530 10916 524 3287
518 11270 518 3322
510 11050 508 3332
609 10887 609 3211
561 10772 561 3230
519 11381 518 3316
528 11249 518 3316
526 12774 508 3325
572 10699 572 3221
541 10616 524 3282
513 11203 508 3327
588 10762 572 3217
524 10935 524 3283
541 10954 540 3247
551 12118 517 3322
533 11725 517 3323
531 11096 529 3265
539 10600 529 3268
580 10719 572 3219
532 10442 529 3272
510 11158 508 3330
540 10358 540 3263
540 10837 540 3251
555 10727 540 3251
579 10554 577 3232
534 10546 524 3286
530 10564 529 3272
590 12670 516 3324
551 11826 508 3325
536 10521 524 3286
556 11003 556 3232
545 10764 545 3245
562 10357 540 3263
547 10742 540 3251
530 10859 524 3291
546 10560 540 3255
530 10297 529 3276
551 12118 517 3322
572 11017 572 3219
546 10560 540 3255
532 10279 529 3276
530 10733 529 3268
573 11254 572 3217
532 10279 529 3276
609 10887 609 3211
572 11256 572 3217
546 10560 540 3255
572 11256 572 3217
692 12282 692 3201
692 12282 692 3201
692 12282 692 3201
675 12047 675 3203
675 12047 675 3203
609 10887 609 3211
609 10887 609 3211
609 10887 609 3211
609 10887 609 3211
532 10279 529 3276
532 10279 529 3276
532 10279 529 3276
715 13228 642 3207
692 12287 692 3201
691 14533 524 3298
660 13563 508 3331
616 12783 508 3336
532 10325 529 3276
530 10411 529 3276
572 11366 572 3217
636 13022 517 3322
588 12027 561 3230
592 11649 545 3245
675 12098 675 3203
660 12486 659 3205
603 10881 593 3213
633 13237 524 3309
609 10900 609 3211
668 13544 626 3209
562 10793 540 3255
568 10593 553 3269
689 13459 508 3326
552 10816 529 3264
665 12173 658 3205
541 10474 529 3272
554 11145 545 3249
556 11014 556 3232
549 10872 540 3251
564 12313 524 3323
556 11014 556 3232
564 12313 524 3323
556 11014 556 3232
564 12313 524 3323
564 12313 524 3323
556 11014 556 3232
692 12318 692 3201
637 13044 517 3322
616 12958 508 3336
542 10458 529 3276
534 10476 529 3276
592 11724 545 3245
669 12485 659 3205
675 12099 675 3203
686 12402 658 3205
556 11023 556 3232
541 10465 529 3276
609 10903 609 3224
572 11399 572 3217
574 11397 572 3217
555 10862 529 3272
564 12319 524 3323
607 11232 593 3213
616 11161 593 3213
609 10906 609 3211
549 10883 540 3251
554 10866 529 3264
549 10883 540 3251
549 10883 540 3251
692 12343 692 3201
651 13431 517 3322
640 13580 523 3334
542 10468 529 3276
538 10578 529 3276
689 13230 660 3209
580 11479 556 3232
675 12181 675 3203
588 11772 572 3219
613 11487 593 3213
609 10915 609 3211
562 11120 540 3251
539 10482 529 3276
549 10893 540 3255
602 11663 572 3217
564 12330 524 3323
558 10923 529 3264
564 10913 529 3272
539 10482 529 3276
709 13206 572 3217
692 12345 692 3201
668 13752 517 3322
550 10562 529 3276
547 10788 529 3276
675 12183 675 3203
611 10954 609 3211
649 12972 556 3232
629 11545 593 3213
607 11964 556 3244
591 11817 572 3219
594 11475 540 3251
554 10942 540 3255
609 10987 609 3211
623 12756 556 3236
570 10960 529 3264
627 12407 556 3236
580 11585 562 3247
566 11613 545 3253
581 11614 561 3234
587 11921 540 3251
569 11482 540 3253
805 15600 577 3219
694 12545 692 3201
557 10563 529 3276
552 10587 529 3276
657 13182 572 3233
675 12261 675 3203
609 10996 609 3211
701 12541 692 3201
635 12558 556 3236
634 12098 582 3227
570 11607 561 3260
571 11278 529 3272
635 12132 556 3244
613 12349 577 3223
590 11714 561 3234
661 11835 593 3213
575 11137 540 3255
564 11055 545 3274
578 11082 540 3255
660 12121 593 3213
574 11032 529 3272
707 12565 692 3201
639 13300 540 3256
557 10658 529 3276
552 10779 529 3276
609 10999 609 3211
686 12351 675 3203
635 12650 556 3236
654 12370 577 3228
669 12301 593 3213
660 13085 593 3213
580 11772 551 3261
600 11765 561 3234
650 13295 529 3272
641 12567 556 3244
641 12106 540 3255
675 12379 675 3203
582 11135 545 3274
581 11729 540 3263
587 11491 545 3262
583 11506 545 3262
754 14417 540 3261
718 13049 692 3201
562 10804 529 3276
561 10922 529 3276
609 11224 609 3211
701 13463 577 3228
675 12421 675 3203
688 12498 593 3213
617 11917 561 3234
683 13890 529 3272
643 12989 556 3248
646 12679 556 3244
583 11750 545 3262
670 12758 556 3236
646 12200 540 3269
587 11520 545 3262
703 14352 577 3232
679 12447 675 3203
564 10859 529 3276
609 11262 609 3211
601 12012 545 3262
688 12538 593 3213
675 12454 675 3207
684 13646 556 3236
636 12442 571 3244
615 11616 569 3263
627 12944 561 3242
653 12901 556 3244
626 12396 593 3239
646 12247 540 3269
669 12937 561 3234
605 11784 545 3262
646 12247 540 3269
714 14439 577 3232
679 12457 675 3203
606 10862 553 3282
564 10886 529 3276
564 10886 529 3276
620 11511 609 3211
603 12129 545 3262
645 11850 546 3262
646 12262 540 3269
695 12934 593 3218
697 13767 561 3238
656 13173 556 3248
705 13587 561 3247
709 12597 577 3253
654 13134 583 3244
564 10886 529 3276
619 11947 609 3211
690 13070 601 3238
689 13104 593 3251
703 12813 577 3253
693 13071 593 3213
564 10886 529 3276
564 10886 529 3276
764 14482 577 3232
763 14559 577 3232
686 12517 675 3203
589 10909 542 3296
564 10918 529 3276
638 11603 609 3211
626 12583 626 3213
680 12657 675 3203
731 13571 598 3225
718 13363 601 3238
603 12243 545 3262
716 12709 577 3257
627 12168 545 3262
668 13430 583 3244
723 13809 593 3217
686 13960 556 3254
755 14284 585 3240
714 14418 556 3252
646 12266 540 3269
752 14093 577 3245
700 13786 577 3253
646 12266 540 3269
677 13406 594 3247
764 14482 577 3232
785 15210 582 3248
767 16000 594 3230
691 12824 675 3207
564 10979 529 3276
736 13712 598 3225
640 13472 610 3224
628 12584 545 3274
668 13440 583 3244
644 11636 609 3211
779 15908 595 3234
646 12281 540 3269
629 12313 545 3266
775 16317 594 3230
771 16347 594 3230
649 11682 609 3211
649 11682 609 3211
592 11171 529 3276
590 10991 553 3282
577 11205 529 3276
755 14878 583 3244
667 12853 540 3269
661 13296 561 3268
741 13761 601 3238
688 13801 599 3255
693 13475 593 3247
690 14744 599 3244
756 14761 578 3270
702 15148 540 3273
676 11974 609 3211
665 13021 659 3235
609 11476 529 3276
596 11555 538 3285
592 12116 529 3276
741 13783 601 3238
668 13688 643 3228
671 12836 609 3211
748 13863 601 3238
676 11979 609 3211
675 13326 614 3248
670 11869 529 3276
657 13835 540 3289
788 15095 601 3264
693 12089 529 3276
678 15447 550 3279
678 12825 542 3292
676 12032 609 3211
670 14885 551 3287
687 13792 529 3284
717 13134 610 3224
698 14606 540 3328
696 12486 675 3216
679 13124 631 3243
685 13302 609 3219
681 13702 643 3241
695 12676 664 3217
682 13122 615 3223
748 14696 615 3223
734 15091 615 3223
730 14635 647 3219
698 14627 540 3328
679 13155 631 3243
717 14156 621 3261
745 13480 609 3245
735 13954 631 3221
713 14422 611 3228
686 13848 626 3226
683 13748 643 3241
746 13650 631 3234
679 13155 631 3243
684 14402 643 3228
748 14275 609 3224
771 14992 615 3223
745 14100 631 3221
698 14641 540 3328
683 13749 643 3241
748 14448 620 3252
761 14664 609 3228
713 13967 626 3235
733 13896 640 3246
741 14220 631 3221
745 14104 631 3221
745 14104 631 3221
718 14986 540 3328
683 13777 643 3241
683 13777 643 3241
721 14032 632 3242
745 14104 631 3221
745 14104 631 3221
683 13777 643 3241
745 14122 631 3221
722 14114 667 3243
719 14702 643 3241
745 14145 631 3221
735 14320 667 3243
745 14597 631 3221
745 14389 667 3239
783 14798 631 3221
771 15352 643 3237
745 14793 692 3231
745 14416 667 3243
759 15013 683 3241
762 14982 631 3242
792 15039 631 3221
764 14698 667 3243
782 15401 667 3243
709 12865 709 3199
574 13286 516 3324
546 10276 529 3276
526 12774 508 3325
508 11108 508 3336
692 12320 692 3201
641 11571 641 3207
692 12320 692 3201
642 11431 642 3207
519 11669 518 3307
625 11277 625 3209
675 11966 675 3203
609 10890 609 3211
595 10749 593 3213
590 12670 516 3324
530 10859 524 3291
626 11146 626 3209
579 12905 516 3324
564 12411 517 3322
675 11966 675 3203
574 13286 516 3324
593 10887 593 3213
576 12128 517 3322
585 10813 572 3217
561 10772 561 3230
578 10844 577 3215
530 10627 529 3268
572 10670 572 3227
539 11114 539 3260
675 11966 675 3203
551 11826 508 3325
658 11711 658 3205
567 10633 556 3236
609 10890 609 3211
545 10764 545 3245
544 10689 540 3255
658 11711 658 3205
541 10616 524 3282
518 11270 518 3322
524 10935 524 3283
572 10702 572 3221
561 10627 561 3234
658 11711 658 3205
658 11711 658 3205
580 11755 556 3232
578 10868 572 3217
510 11041 508 3332
512 11124 508 3331
609 10890 609 3211
562 10432 540 3259
528 11249 518 3316
536 10521 524 3286
513 11203 508 3327
531 11224 528 3279
545 12024 508 3325
549 10455 540 3259
555 10727 540 3251
562 10572 556 3250
556 10614 556 3240
531 11096 529 3265
579 10554 577 3232
524 11456 518 3310
533 11725 517 3323
519 11381 518 3316
537 11186 528 3279
546 10276 529 3276
521 11328 518 3313
530 10916 524 3287
540 10364 540 3263
527 11500 518 3307
545 10764 545 3245
556 10614 556 3240
540 10918 540 3247
577 10929 577 3219
510 11158 508 3330
529 10496 529 3272
512 11340 508 3326
526 11494 518 3309
521 11328 518 3313
578 10489 556 3250
546 10361 540 3263
529 10496 529 3272
510 11041 508 3332
546 10276 529 3276
580 11755 556 3232
658 11711 658 3205
555 11199 529 3264
580 11755 556 3232
549 10848 540 3251
579 10742 577 3215
626 11146 626 3209
658 11711 658 3205
658 11711 658 3205
658 11711 658 3205
609 10890 609 3211
609 10890 609 3211
580 11755 556 3232
546 10276 529 3276
546 10276 529 3276
546 10276 529 3276
546 10276 529 3276
546 10276 529 3276
510 11041 508 3332
775 15446 709 3199
546 10279 529 3276
535 11279 508 3332
694 13208 642 3207
672 14739 528 3304
553 10611 529 3272
621 13280 518 3313
675 11991 675 3203
626 11464 626 3209
546 10279 529 3276
658 11755 658 3205
652 13938 524 3305
595 12067 556 3242
605 11040 577 3215
616 12688 556 3232
609 10962 609 3211
643 14225 528 3305
544 10718 540 3255
584 12064 561 3230
631 12542 545 3253
666 13179 572 3225
692 12527 692 3201
578 10864 577 3226
612 12965 523 3321
672 13154 545 3249
536 11731 524 3319
593 10892 593 3213
692 12527 692 3201
649 13185 572 3226
593 10892 593 3213
544 10718 540 3255
692 12527 692 3201
612 12965 523 3321
593 10892 593 3213
612 12965 523 3321
804 16044 709 3199
546 10293 529 3276
536 11607 508 3332
760 15208 644 3207
553 10867 540 3255
701 15225 528 3304
623 13941 523 3330
577 11334 529 3272
675 12179 675 3203
621 11201 609 3211
605 11052 577 3215
658 11764 658 3205
692 12541 692 3201
593 10916 593 3213
660 15249 524 3308
641 12766 556 3232
623 12286 561 3242
664 13528 572 3227
644 13473 528 3317
633 13026 556 3232
617 12503 562 3230
628 13685 523 3321
632 13555 523 3321
806 16307 709 3199
671 14167 517 3341
546 10303 529 3276
692 12571 692 3201
658 11810 658 3205
627 11239 609 3211
685 14109 524 3328
639 13339 556 3242
615 11326 577 3219
664 13933 561 3238
570 10923 540 3255
582 11518 529 3272
681 12250 675 3203
567 11095 540 3255
644 13713 523 3329
646 12107 577 3215
599 10987 593 3213
593 11007 593 3213
634 12194 577 3215
702 12662 692 3201
692 12874 692 3201
678 13875 523 3330
666 14318 528 3337
546 10314 529 3276
617 12620 577 3224
658 11829 658 3205
598 11042 593 3213
579 11749 540 3255
642 12115 579 3249
637 11823 609 3211
590 11177 540 3263
581 11194 540 3255
696 12399 675 3203
624 11792 529 3272
685 12429 676 3203
684 12442 675 3203
752 14160 659 3205
698 14920 528 3333
692 12890 692 3201
546 10320 529 3276
630 12904 577 3224
688 13080 659 3209
646 12935 562 3255
620 11215 593 3213
603 11496 594 3213
686 12452 610 3211
675 12222 675 3207
608 11534 545 3261
684 12636 675 3203
605 11774 545 3257
693 11954 540 3259
659 12478 540 3255
679 12533 609 3211
614 12264 540 3259
612 11239 593 3213
692 11908 609 3211
679 12533 609 3211
727 15567 528 3337
692 12893 692 3201
547 10368 529 3276
546 10413 529 3276
699 14801 567 3260
605 11876 561 3268
679 12593 609 3211
693 13146 659 3209
718 13889 545 3262
630 12920 577 3224
641 12358 540 3263
622 11430 593 3213
620 11622 593 3213
689 12965 675 3207
699 12682 675 3203
774 14795 675 3203
760 15290 561 3268
707 12963 692 3201
692 13301 692 3201
548 10431 529 3276
651 13073 577 3224
687 12616 609 3211
627 11912 593 3213
735 14209 676 3207
626 12935 593 3218
668 12869 561 3272
769 14860 676 3203
649 12876 561 3272
698 12986 692 3201
771 15259 676 3203
743 14586 692 3201
562 10442 529 3276
557 10443 529 3276
552 10478 529 3276
660 13503 578 3240
630 12161 609 3228
656 13818 577 3266
665 11919 593 3213
628 12847 594 3222
656 12893 563 3272
693 12671 609 3211
747 14506 692 3201
671 13215 577 3224
653 12254 593 3217
691 12857 609 3211
638 12298 593 3213
747 14571 692 3201
552 10491 529 3276
648 13292 626 3217
684 14420 577 3224
692 14399 583 3258
654 12598 593 3213
697 12728 609 3211
692 13280 642 3211
757 15744 577 3266
747 14603 692 3201
554 10492 529 3276
653 13701 643 3224
664 12978 593 3213
692 14412 583 3258
721 14467 577 3270
701 13827 610 3211
741 13805 609 3211
703 14597 577 3270
796 14895 609 3211
787 15908 709 3203
556 10611 529 3276
554 10661 529 3276
678 13541 596 3226
707 13504 593 3213
703 14626 583 3258
769 14867 642 3211
699 14012 626 3213
753 14515 577 3270
692 14412 583 3265
727 14518 577 3270
817 14667 593 3213
810 16497 698 3213
787 15925 709 3203
554 10664 529 3276
690 13729 626 3242
729 14657 577 3270
705 13808 631 3235
749 14147 658 3218
766 15981 643 3220
726 13758 598 3225
721 13935 626 3230
709 14209 676 3220
715 14523 644 3224
708 14349 660 3222
727 13949 675 3220
724 14099 643 3224
711 14206 659 3222
787 15928 709 3203
566 10670 553 3282
554 10673 529 3276
738 15125 577 3270
735 13952 642 3228
693 14410 627 3242
730 14890 610 3245
749 15793 692 3218
723 14715 649 3236
763 14575 658 3222
714 14290 659 3226
756 14742 692 3218
735 14903 626 3242
724 14861 676 3220
731 14997 627 3226
714 14775 660 3222
747 14396 675 3220
726 15052 643 3224
731 14913 644 3228
746 14366 659 3222
720 14824 659 3222
747 14396 675 3220
830 16155 615 3252
787 16111 709 3203
563 10706 529 3276
557 10913 529 3276
757 14566 675 3220
707 15318 627 3257
755 15900 692 3218
784 15629 617 3261
796 16071 709 3203
747 15111 626 3242
727 14819 649 3236
731 14950 644 3228
728 15100 665 3234
751 15007 659 3226
747 15507 644 3224
728 14923 676 3220
731 14856 660 3222
803 15596 675 3220
790 16170 692 3218
772 16265 692 3218
569 10776 529 3276
564 10876 529 3276
764 15326 627 3255
728 15132 665 3234
731 14935 660 3222
773 16083 633 3250
736 15189 644 3228
794 15403 659 3226
747 15374 676 3220
747 15374 676 3220
566 10825 529 3276
747 15374 676 3220
747 15374 676 3220
804 16593 631 3264
799 16853 633 3250
772 16284 692 3218
578 10912 529 3276
731 14947 660 3222
748 15638 644 3228
747 15390 676 3220
756 15280 644 3228
731 14947 660 3222
776 16297 692 3218
772 16299 692 3218
607 11426 529 3276
737 15117 660 3222
756 15391 644 3237
772 16301 692 3218
639 11621 529 3276
632 12021 529 3276
741 15203 660 3222
740 15815 692 3231
779 14640 545 3287
772 16319 692 3218
738 16548 540 3290
661 14179 534 3298
653 13849 540 3319
750 15364 660 3222
693 14038 561 3276
656 14212 561 3286
700 13963 561 3285
655 14597 534 3303
820 17098 665 3234
756 16091 692 3231
735 15699 539 3323
671 13884 540 3319
666 14586 544 3316
769 15992 660 3235
686 15065 550 3305
730 14702 561 3281
739 14283 561 3281
718 14331 561 3289
671 13884 540 3319
721 14421 561 3285
724 14402 561 3285
726 14530 561 3285
726 14530 561 3285
720 15500 566 3307
671 13931 540 3319
730 14606 561 3285
730 14606 561 3285
676 13961 540 3319
671 13965 540 3319
741 14815 561 3285
730 14859 561 3285
741 14824 561 3285
738 14947 561 3293
753 15097 561 3285
752 15159 561 3285
766 15170 561 3285
770 15181 585 3291
709 12734 709 3199
574 13286 516 3324
546 10279 529 3276
545 12024 508 3325
508 11108 508 3336
692 12311 692 3201
675 12009 675 3203
658 11829 658 3205
574 12937 517 3322
625 11277 625 3209
709 12734 709 3199
641 11571 641 3207
642 11431 642 3207
519 11669 518 3307
626 11147 626 3209
590 12670 516 3324
659 11759 659 3205
530 10859 524 3291
526 12774 508 3325
539 11114 539 3260
574 13286 516 3324
593 10815 593 3213
561 10627 561 3234
518 11082 508 3336
524 10935 524 3283
572 10670 572 3227
662 11826 658 3205
578 10489 556 3250
531 11224 528 3279
578 10546 577 3232
609 10799 609 3211
536 10521 524 3286
524 11456 518 3310
556 10614 556 3240
609 10799 609 3211
510 11156 508 3327
512 11340 508 3326
549 10455 540 3259
594 10740 593 3213
609 10799 609 3211
594 10740 593 3213
519 11381 518 3316
530 10859 524 3291
545 10764 545 3245
546 11552 540 3251
528 11249 518 3316
609 10799 609 3211
546 10279 529 3276
572 10702 572 3221
561 10772 561 3230
545 10764 545 3245
527 11500 518 3307
540 10364 540 3263
576 12128 517 3322
567 10633 556 3236
581 10544 577 3232
590 12670 516 3324
533 11725 517 3323
532 10631 529 3268
549 10598 540 3255
572 12268 556 3232
542 11638 529 3264
594 10599 572 3221
530 10916 524 3287
577 10774 577 3215
544 10743 540 3255
556 10699 556 3236
577 10773 572 3217
579 10920 556 3232
562 10346 540 3263
541 10616 524 3282
518 11098 508 3332
575 12160 556 3232
568 11273 540 3247
531 11096 529 3265
530 10469 529 3272
530 10469 529 3272
551 11826 508 3325
518 11098 508 3332
572 10702 572 3221
575 12160 556 3232
568 11273 540 3247
594 10706 577 3215
568 11273 540 3247
546 10279 529 3276
563 11436 529 3264
593 10815 593 3213
594 10740 593 3213
563 11436 529 3264
581 10544 577 3232
594 10599 572 3221
709 12734 709 3199
709 12734 709 3199
709 12734 709 3199
609 10799 609 3211
609 10799 609 3211
609 10799 609 3211
594 10740 593 3213
593 10815 593 3213
581 10544 577 3232
546 10279 529 3276
546 10279 529 3276
546 10279 529 3276
546 10279 529 3276
739 13620 644 3207
709 12741 709 3199
691 13655 643 3207
546 10318 529 3276
616 11277 572 3221
648 11706 625 3209
675 12019 675 3203
587 11360 540 3247
575 10604 540 3263
630 11999 556 3234
657 12947 572 3217
609 10820 609 3211
605 10840 593 3230
626 12377 578 3219
559 10720 546 3270
701 12915 658 3205
601 12088 572 3235
548 11713 529 3264
688 12930 659 3205
598 10885 593 3213
624 10801 593 3213
591 12277 556 3232
584 11565 546 3245
579 11548 529 3264
569 10691 529 3272
664 12345 577 3215
692 12316 692 3201
578 10579 577 3232
692 12316 692 3201
602 12117 545 3245
556 11665 529 3264
656 12359 577 3215
569 11571 540 3247
586 12177 556 3234
692 12316 692 3201
692 12316 692 3201
692 12316 692 3201
692 12316 692 3201
744 13834 625 3209
709 12748 709 3199
703 14069 645 3207
563 10327 529 3276
546 10331 529 3276
581 11626 540 3247
609 10839 609 3211
645 12819 578 3219
599 11803 556 3246
598 12508 556 3232
586 10776 577 3232
583 11352 529 3272
599 10894 593 3213
692 12380 692 3201
660 13053 572 3219
708 13109 658 3205
554 12001 529 3264
688 12961 659 3205
567 11980 529 3264
664 12355 577 3215
675 12027 675 3203
666 12493 626 3209
675 12027 675 3203
675 12027 675 3203
657 13077 626 3209
666 12493 626 3209
664 12355 577 3215
664 12355 577 3215
675 12027 675 3203
710 13151 658 3205
709 12783 709 3199
547 10371 529 3276
546 10377 529 3276
581 11695 540 3247
611 11041 593 3213
559 12003 529 3264
664 12373 577 3215
692 12383 692 3201
658 13014 578 3228
675 12049 675 3203
632 12992 556 3236
650 12791 556 3232
617 10969 609 3211
614 10810 577 3232
672 12678 626 3209
670 12941 660 3209
557 12041 529 3264
631 10977 593 3213
671 12995 626 3209
688 13005 659 3205
612 10965 577 3232
754 13645 659 3205
709 12812 709 3199
706 14210 659 3205
555 10417 529 3276
559 12026 529 3264
593 12289 540 3251
617 11168 577 3245
751 14187 659 3205
593 11858 556 3248
633 10920 577 3232
624 12240 545 3261
690 13500 561 3234
675 12166 675 3203
690 13094 626 3209
676 12743 577 3219
619 11226 577 3232
618 11550 593 3213
692 12415 692 3201
627 11393 593 3213
657 11952 609 3211
701 12987 626 3209
672 13227 578 3219
703 13253 660 3205
652 11904 610 3211
635 12051 561 3247
677 11702 609 3211
692 12415 692 3201
670 13007 660 3209
640 12233 609 3211
670 12210 540 3247
676 13166 659 3209
755 14022 660 3205
709 12885 709 3199
667 14477 561 3257
556 10456 529 3276
618 11576 593 3213
561 12193 529 3264
635 11571 593 3213
741 13723 627 3209
709 14434 659 3205
688 13642 577 3245
694 14012 561 3234
753 13657 577 3228
657 12019 610 3211
653 13420 545 3262
730 13708 540 3259
629 12177 545 3274
683 13434 578 3219
640 12343 609 3211
699 12586 693 3201
670 13026 660 3209
693 12752 692 3201
678 13799 578 3219
680 12247 675 3203
678 12371 675 3203
675 12316 675 3207
707 12416 692 3201
702 12668 692 3201
679 13663 578 3219
785 15551 659 3205
709 12953 709 3199
557 10538 529 3276
556 10558 529 3276
764 14473 561 3238
683 13450 578 3219
565 12257 529 3264
755 14031 660 3205
621 11655 593 3213
631 11630 593 3213
665 12363 610 3211
562 12214 529 3268
649 12406 609 3211
711 12559 675 3203
710 13142 692 3201
688 12906 676 3203
672 13079 660 3209
699 12597 693 3201
700 12596 675 3203
693 12773 693 3201
625 11645 593 3213
768 16308 577 3255
709 12971 709 3199
709 12754 709 3210
570 10560 529 3276
558 10631 529 3276
625 11694 593 3213
684 13669 578 3219
755 14041 660 3205
567 12321 529 3264
667 12703 610 3211
674 12468 642 3211
730 13409 692 3201
702 13831 660 3209
697 13031 693 3201
695 12910 676 3203
688 13216 609 3211
703 13384 675 3203
724 12956 709 3199
723 13422 692 3201
710 13896 692 3201
687 13337 609 3211
689 12917 676 3203
724 12956 709 3199
755 14045 660 3205
740 14140 692 3201
724 12978 709 3199
581 12473 529 3264
558 10661 529 3276
626 12354 594 3234
628 11696 593 3213
685 12938 642 3211
693 13818 578 3219
747 14027 675 3203
698 12728 610 3211
580 12525 529 3264
709 13415 609 3211
709 13301 709 3199
705 13700 609 3211
693 13818 578 3219
735 13808 693 3201
767 14122 676 3203
751 14369 677 3203
727 12995 709 3199
710 13311 709 3199
574 10792 529 3276
567 11136 529 3276
585 12561 529 3264
698 13862 578 3219
628 11711 593 3213
709 13439 609 3211
755 14099 660 3205
724 13263 709 3199
755 14101 660 3205
731 13130 709 3199
727 13383 709 3199
581 10912 529 3276
576 11137 529 3276
576 11137 529 3276
701 13903 578 3219
638 13057 594 3226
589 12623 529 3264
639 11864 593 3213
723 13528 609 3211
587 12667 529 3264
755 14101 660 3205
761 14885 578 3222
734 13158 709 3199
578 11161 529 3276
576 11248 529 3276
592 12677 529 3264
755 14197 660 3205
640 13490 604 3244
663 11906 593 3213
640 11935 610 3224
744 13609 643 3211
655 11970 634 3217
641 12071 593 3213
660 11949 625 3213
787 14613 643 3211
740 13310 709 3199
736 13462 709 3199
578 11220 529 3276
576 11290 529 3276
592 12700 529 3264
660 12182 593 3213
649 12206 593 3217
642 12574 593 3213
656 12197 593 3213
804 15325 643 3211
736 13473 709 3199
582 11245 529 3276
592 12711 529 3264
648 13298 594 3226
666 12268 593 3213
651 12593 593 3213
656 12271 593 3213
736 13508 709 3199
658 13639 611 3224
624 11453 529 3276
595 11744 529 3276
685 12400 593 3213
660 12589 626 3235
603 13016 529 3264
646 12831 611 3266
666 12519 593 3213
621 11734 529 3276
736 13584 709 3199
669 13768 610 3224
638 12085 529 3276
603 13203 529 3264
698 12409 594 3226
670 12806 593 3213
613 13022 529 3264
736 13657 709 3199
719 12949 644 3231
676 13218 529 3272
673 14264 611 3236
648 13667 529 3264
716 12963 593 3213
683 13009 626 3226
675 13057 609 3224
676 13170 593 3213
756 13783 709 3199
714 14238 593 3213
699 13155 625 3243
657 13714 545 3270
698 14194 593 3256
675 13272 660 3226
689 13401 610 3224
689 13873 644 3220
690 13693 658 3222
695 13294 677 3214
695 13343 676 3216
839 15176 709 3199
779 15521 709 3199
757 14423 593 3217
726 15096 627 3241
702 13512 677 3214
777 14107 676 3216
728 15057 610 3228
745 14270 627 3213
753 14799 594 3226
832 15601 675 3216
771 14293 676 3216
770 14683 593 3217
743 15754 612 3228
769 15222 660 3222
796 14703 676 3216
796 14703 676 3216
796 14718 676 3216
796 14729 676 3216
709 12865 709 3199
574 13286 516 3324
532 10272 529 3276
510 11100 508 3336
508 11108 508 3336
641 11571 641 3207
642 11431 642 3207
530 10859 524 3291
659 11693 659 3205
658 11743 658 3205
574 12937 517 3322
519 11669 518 3307
625 11277 625 3209
626 11138 626 3209
590 12670 516 3324
596 10747 593 3213
692 12295 692 3201
575 12449 517 3322
594 10779 593 3213
574 13286 516 3324
578 10489 556 3250
524 10935 524 3283
591 11858 524 3282
567 10633 556 3236
584 10680 572 3221
576 12128 517 3322
609 10890 609 3211
544 10361 540 3263
585 10640 577 3223
561 10772 561 3230
519 11381 518 3316
539 11114 539 3260
692 12295 692 3201
675 12008 675 3203
675 12008 675 3203
609 10890 609 3211
531 11096 529 3265
527 11500 518 3307
609 10890 609 3211
540 10918 540 3247
526 12774 508 3325
585 10730 577 3219
551 11826 508 3325
692 12295 692 3201
692 12295 692 3201
675 12008 675 3203
546 10564 540 3255
532 10438 529 3272
561 10627 561 3234
675 12008 675 3203
532 10272 529 3276
537 11186 528 3279
545 10764 545 3245
571 12061 529 3264
545 10764 545 3245
594 10777 572 3217
521 11459 518 3313
534 10546 524 3286
556 10614 556 3240
555 10727 540 3251
609 10890 609 3211
562 10432 540 3259
515 11286 508 3326
539 11455 518 3312
530 10627 529 3268
528 11249 518 3316
531 11224 528 3279
510 11124 508 3332
536 10521 524 3286
692 12295 692 3201
512 11276 508 3328
530 10916 524 3287
510 11158 508 3330
572 10670 572 3227
675 12008 675 3203
569 11324 556 3232
540 10590 540 3259
585 10607 572 3225
533 11725 517 3323
584 10591 572 3227
526 12774 508 3325
556 10614 556 3240
579 11307 556 3232
547 10501 540 3259
530 10296 529 3276
511 11305 508 3327
596 10719 577 3215
596 10719 577 3215
569 11324 556 3232
658 11743 658 3205
675 12008 675 3203
585 10640 577 3223
532 10272 529 3276
530 10296 529 3276
569 11324 556 3232
584 10591 572 3227
585 10640 577 3223
692 12295 692 3201
692 12295 692 3201
675 12008 675 3203
675 12008 675 3203
675 12008 675 3203
675 12008 675 3203
675 12008 675 3203
658 11743 658 3205
658 11743 658 3205
658 11743 658 3205
532 10272 529 3276
532 10272 529 3276
532 10272 529 3276
696 12301 692 3201
692 12310 692 3201
661 13491 540 3255
655 12599 524 3282
546 10351 529 3276
541 10471 529 3272
666 12910 545 3245
576 11439 556 3232
592 11033 572 3225
675 12021 675 3203
609 10895 609 3211
579 11312 561 3230
672 13150 540 3255
570 10766 540 3263
623 11535 572 3219
546 10351 529 3276
604 11190 577 3223
683 12246 593 3213
645 12772 529 3268
568 11376 540 3259
643 11866 572 3217
647 12561 627 3209
648 11919 642 3207
619 10984 577 3215
685 12836 626 3209
664 12023 658 3205
666 12667 545 3257
659 11703 659 3205
671 12255 593 3213
643 12569 643 3207
607 10951 593 3221
614 11377 577 3215
541 10454 529 3276
686 11874 658 3205
659 12259 658 3205
659 11703 659 3205
659 11703 659 3205
659 11703 659 3205
659 11703 659 3205
756 13993 627 3209
738 14504 626 3209
692 12317 692 3201
655 12728 524 3282
546 10383 529 3276
586 11797 540 3259
572 11325 529 3272
686 13483 594 3213
548 10670 545 3274
732 13700 577 3215
609 10934 609 3211
596 11703 556 3246
748 14286 627 3209
648 11926 642 3207
675 12061 675 3203
671 12654 658 3205
608 11647 561 3238
617 12276 579 3215
626 11535 556 3240
665 12667 561 3230
689 13091 572 3217
645 11984 572 3223
624 11186 572 3225
659 13035 577 3219
587 11840 556 3232
588 11056 529 3272
674 11733 659 3205
627 11174 572 3225
678 12105 658 3205
613 11443 572 3225
659 11769 659 3205
746 14715 626 3209
692 12466 692 3201
655 12776 524 3282
655 12776 524 3282
546 10439 529 3276
698 13811 594 3217
614 11059 609 3211
583 11353 529 3272
672 13178 577 3219
613 12476 540 3259
604 11978 546 3270
675 12180 675 3203
651 11182 577 3228
610 11810 556 3246
621 12517 556 3232
610 12022 556 3234
635 12201 556 3232
659 12734 572 3223
648 11962 642 3207
613 11509 572 3225
609 11925 556 3246
680 12731 561 3230
680 12168 658 3205
659 11872 659 3205
652 11955 642 3207
612 11984 561 3234
655 12776 524 3282
725 12474 658 3205
692 12575 692 3201
689 14060 577 3219
667 12922 524 3282
666 12990 524 3282
562 10483 529 3276
546 10488 529 3276
621 11150 609 3211
583 11439 529 3272
628 11647 572 3225
648 11980 642 3207
669 12613 540 3259
651 13399 561 3234
691 13152 561 3230
643 12982 540 3265
675 12293 675 3203
678 12261 675 3203
651 12950 550 3265
609 11977 556 3246
670 12152 659 3205
658 12026 556 3244
688 12107 556 3240
609 11977 556 3246
610 11829 556 3246
610 12139 556 3236
677 13332 561 3234
691 12799 658 3205
678 12261 675 3203
678 12261 675 3203
678 12261 675 3203
715 13499 561 3230
708 13521 561 3230
692 12733 692 3201
677 13518 524 3282
570 10609 529 3276
555 10669 529 3276
583 11496 529 3272
625 12058 556 3246
628 11261 609 3211
648 11992 642 3207
659 11813 572 3229
651 12259 594 3226
621 11402 609 3211
681 12337 675 3203
609 11477 529 3272
709 12908 577 3228
701 13339 658 3205
557 10667 529 3276
640 12146 577 3236
701 12148 556 3240
670 12472 659 3205
679 12228 659 3205
694 12236 593 3226
701 13157 577 3228
715 12538 577 3228
617 12326 556 3236
638 12343 593 3226
715 13499 561 3230
699 13361 658 3205
748 13477 609 3211
708 13526 561 3230
707 12864 692 3201
607 10753 529 3276
570 10929 529 3276
568 11116 529 3276
601 11958 529 3272
634 11837 545 3274
669 12267 556 3246
651 12460 626 3222
652 12061 642 3207
719 12402 593 3226
627 12535 556 3236
660 13415 577 3232
680 12581 593 3226
679 12234 659 3205
706 13200 577 3228
682 11892 682 3211
710 13339 610 3211
699 13435 658 3205
698 12447 556 3240
692 12893 675 3203
692 13172 692 3201
691 13010 675 3203
686 12873 676 3203
693 12353 675 3203
712 12523 593 3226
760 13982 610 3224
741 14071 658 3205
700 13332 692 3201
588 11118 529 3276
582 11144 529 3276
635 12882 561 3247
679 12235 659 3205
656 12609 556 3236
676 13544 577 3232
730 13384 628 3213
653 12259 642 3207
648 13124 577 3236
694 12594 675 3203
692 12918 675 3203
750 13753 577 3228
721 13737 561 3230
651 12829 628 3222
710 12882 692 3201
654 13172 626 3222
707 13214 692 3201
749 14123 561 3230
713 12977 692 3201
701 15998 593 3238
585 11629 529 3276
655 12263 642 3207
732 14498 583 3240
656 13590 561 3247
734 14236 561 3230
671 13366 595 3238
680 12251 659 3205
708 13189 626 3222
671 13533 626 3222
696 13866 594 3243
680 13471 561 3247
707 12721 675 3203
696 12905 675 3203
749 14123 561 3230
749 14152 561 3230
749 13542 692 3201
715 16439 582 3252
679 12279 643 3207
648 13923 550 3303
734 15078 594 3239
738 14170 626 3226
715 16439 582 3252
696 12906 675 3203
658 12398 642 3207
736 14016 595 3238
692 12488 659 3205
731 14067 627 3222
707 12728 675 3203
678 13780 627 3239
721 13703 692 3201
712 12402 659 3205
707 13893 594 3243
723 13660 692 3201
731 13575 692 3201
749 14167 561 3230
731 14416 692 3201
719 16541 582 3252
681 12319 681 3215
648 13931 550 3303
708 13926 594 3243
677 13593 659 3222
679 12937 642 3220
681 13484 643 3211
722 14150 660 3205
696 12940 675 3203
690 12701 658 3218
725 13231 642 3207
679 13210 675 3216
678 13394 658 3218
686 13387 659 3218
680 13088 675 3216
681 12947 675 3216
753 14619 692 3201
743 14639 692 3201
681 12348 681 3215
648 13942 550 3303
648 13942 550 3303
715 14357 594 3257
705 14261 642 3220
749 14322 561 3230
709 13744 642 3237
702 12755 659 3222
732 14397 660 3205
680 13111 675 3216
725 13225 675 3203
687 13279 643 3220
695 13007 675 3216
708 13879 648 3219
711 13481 676 3203
714 13483 675 3203
711 13819 664 3217
736 14324 660 3205
700 13197 659 3218
714 13820 658 3218
685 13019 675 3216
681 13088 675 3216
680 13111 675 3216
711 13864 675 3203
680 13111 675 3216
777 15508 692 3201
681 13115 675 3216
648 13943 550 3303
690 13544 643 3220
736 14525 660 3205
701 13497 659 3218
719 14219 676 3203
680 13181 675 3216
731 13359 675 3203
721 14128 676 3203
720 13507 676 3207
743 13719 675 3203
702 14024 643 3224
695 13166 675 3216
680 13189 675 3216
691 13184 675 3216
795 15513 644 3250
745 14222 676 3203
699 13391 675 3216
682 13560 675 3216
710 13561 676 3216
702 13632 675 3216
707 13676 692 3218
702 13771 675 3216
702 13771 675 3216
702 13771 675 3216
706 13866 675 3216
709 14087 675 3216
722 14125 682 3228
