11 0.069405
835 19688 589 3403
714 17704 606 3402
688 16923 590 3399
821 19611 649 3416
778 18846 653 3413
771 19218 556 3392
798 19479 620 3393
711 17610 598 3383
816 19604 654 3378
794 18943 586 3420
726 16551 592 3383
763 18402 626 3414
803 19690 607 3439
811 20114 574 3385
937 20367 569 3373
762 18378 627 3416
831 19474 672 3388
775 17144 588 3352
746 17391 592 3389
746 18351 605 3383
704 17438 645 3404
776 19045 578 3454
766 17737 613 3349
729 16224 608 3419
762 17843 604 3378
673 16470 622 3323
657 15680 590 3381
808 20651 582 3381
676 15748 599 3360
803 19124 571 3417
731 18074 658 3304
818 18180 632 3372
905 22472 645 3407
749 17020 612 3389
832 19361 619 3356
734 17301 604 3380
804 18591 572 3419
849 20991 681 3390
804 18621 604 3465
814 19412 608 3388
839 20218 590 3384
802 19022 611 3408
714 16675 618 3373
787 18346 601 3359
689 16966 566 3409
761 17629 609 3382
797 18497 628 3395
746 18197 573 3399
846 19834 551 3453
730 17633 652 3393
763 18172 607 3365
878 20380 579 3394
745 18239 613 3408
715 17709 644 3366
755 18707 555 3408
664 15005 595 3369
777 18947 635 3372
800 19093 614 3371
762 18794 608 3379
787 19609 607 3386
762 18504 597 3414
670 15400 615 3363
793 19440 572 3355
724 18115 582 3387
704 17306 618 3383
809 20340 677 3443
836 20759 608 3345
762 18861 602 3374
806 20083 629 3364
804 17003 619 3376
746 17340 606 3344
729 17529 669 3384
769 17448 615 3405
781 18169 645 3405
834 19824 621 3417
783 18159 680 3396
764 18774 632 3397
782 19539 671 3415
745 18251 637 3416
738 17740 582 3390
807 18426 592 3417
851 20108 641 3393
730 17938 696 3373
775 18284 641 3399
805 19425 624 3371
762 19739 622 3399
761 18344 596 3406
852 20283 611 3402
910 22999 600 3416
736 18499 599 3376
746 17804 571 3363
780 18222 638 3367
665 16451 603 3398
764 18658 653 3419
848 21422 592 3390
782 17615 614 3416
822 19895 661 3421
743 17826 638 3384
824 20728 673 3374
732 17381 633 3352
