2190 300.005
730 12249 726 3197
726 12256 726 3197
565 12950 528 3279
508 10168 508 3326
508 10029 508 3334
508 10029 508 3334
508 10029 508 3334
575 12854 528 3279
675 11599 675 3203
658 11450 658 3205
662 11445 658 3205
714 12005 709 3199
645 11336 642 3208
679 11592 675 3203
587 12347 577 3215
607 11080 593 3213
625 11214 625 3209
629 11207 625 3209
548 10732 540 3271
614 11076 609 3215
593 11176 593 3213
609 11151 609 3211
694 11894 692 3201
522 11513 517 3322
520 10530 518 3307
709 12128 709 3199
552 11784 545 3245
534 10813 529 3281
524 10590 524 3290
566 11376 546 3249
697 11817 693 3201
560 11568 556 3232
556 11165 556 3236
710 11943 710 3199
561 11717 561 3230
567 11291 563 3230
539 11336 539 3260
641 11343 641 3207
524 10450 524 3295
518 10325 518 3312
553 10905 540 3251
533 10438 529 3288
553 10880 540 3255
540 10293 540 3300
524 10116 524 3317
592 11670 562 3230
572 11899 524 3286
692 11954 692 3201
556 11013 556 3238
580 11128 577 3223
581 11749 572 3217
641 11343 641 3207
508 10078 508 3330
534 10846 529 3277
542 10822 540 3260
730 12249 726 3197
586 12256 578 3215
580 11128 577 3223
698 11811 692 3201
510 10149 508 3326
540 10119 540 3304
554 11834 540 3247
585 11062 577 3219
529 10971 529 3268
518 10199 518 3320
529 10971 529 3268
546 11927 546 3245
712 12057 709 3199
524 10061 524 3321
584 12258 578 3215
562 12256 524 3282
540 11056 529 3264
581 11749 572 3217
587 12347 577 3215
555 11005 529 3264
575 12854 528 3279
524 10214 524 3313
524 10242 524 3307
518 10237 518 3316
508 10029 508 3334
540 10848 508 3325
518 10199 518 3320
540 10848 508 3325
730 12249 726 3197
726 12256 726 3197
730 12249 726 3197
508 10029 508 3334
584 12258 578 3215
508 10029 508 3334
586 12256 578 3215
730 12249 726 3197
524 10242 524 3307
730 12249 726 3197
730 12249 726 3197
730 12249 726 3197
730 12249 726 3197
726 12256 726 3197
726 12256 726 3197
587 12347 577 3215
587 12347 577 3215
508 10029 508 3334
508 10029 508 3334
508 10029 508 3334
508 10029 508 3334
508 10029 508 3334
508 10029 508 3334
508 10029 508 3334
880 16815 676 3203
821 18623 556 3236
730 12255 726 3197
517 10176 508 3330
514 10179 508 3334
781 16172 628 3209
835 15063 659 3209
874 16860 660 3205
637 13376 529 3278
573 12362 540 3247
761 13010 693 3201
681 14596 572 3217
670 14172 609 3211
562 10802 534 3314
552 11176 534 3314
782 13829 709 3199
688 14388 561 3230
711 13739 561 3234
587 11788 534 3301
579 11135 540 3294
727 14367 677 3207
730 12573 710 3199
607 11602 508 3326
572 12026 524 3286
671 14017 593 3213
657 13186 534 3280
733 14047 677 3203
589 12343 578 3215
578 11137 518 3320
729 12323 726 3197
575 11620 518 3322
632 13123 594 3213
566 12477 524 3282
585 12445 535 3284
615 13059 508 3325
633 13621 535 3280
576 11168 524 3328
587 12530 572 3230
597 12358 577 3215
587 12363 577 3215
607 13062 508 3325
632 13123 594 3213
632 13123 594 3213
906 16652 659 3209
730 12261 726 3197
607 13068 508 3325
517 10228 508 3330
837 15305 642 3211
645 13444 594 3213
786 14522 694 3201
567 11345 534 3314
722 14064 518 3321
794 15930 567 3246
575 12438 540 3247
641 13903 535 3280
611 12006 550 3308
752 16235 572 3233
725 15064 572 3238
598 12056 535 3297
572 12061 524 3286
762 15365 572 3237
641 12874 577 3223
626 13568 577 3215
740 12988 710 3199
633 13086 524 3282
592 12412 578 3215
759 12921 710 3199
593 11787 523 3328
578 11450 524 3328
641 12913 577 3222
583 11810 523 3328
580 11977 523 3328
852 15287 694 3201
833 15576 694 3201
730 12279 726 3197
546 10317 508 3330
518 10590 508 3330
518 10272 508 3334
669 14290 594 3214
575 12644 545 3270
588 11669 534 3314
680 14439 594 3213
733 15377 572 3238
591 12512 540 3247
644 13000 577 3222
639 13776 524 3282
572 12089 524 3286
779 13335 715 3211
607 13071 508 3325
583 11815 523 3328
759 13542 710 3199
661 14312 535 3280
833 15576 694 3201
626 13579 577 3215
755 13589 694 3214
568 11671 535 3318
779 13312 715 3216
775 13358 715 3211
524 10451 524 3332
535 10384 508 3330
572 12089 524 3286
839 14986 710 3199
795 17529 572 3238
734 12329 726 3197
518 10273 508 3334
518 10273 508 3334
518 10273 508 3334
833 15586 694 3201
627 13626 577 3215
589 11966 534 3314
616 13018 540 3247
766 13942 715 3211
672 13496 577 3222
828 17203 572 3238
749 15996 535 3280
540 10727 508 3330
591 12864 540 3278
815 14605 710 3212
731 13043 726 3197
603 12574 535 3297
653 12588 562 3285
659 13124 577 3226
601 12231 523 3328
606 12819 524 3286
640 12516 524 3324
649 14192 524 3282
524 10470 524 3332
797 17397 572 3238
540 10727 508 3330
609 13136 508 3325
518 10273 508 3334
610 13095 508 3325
733 12334 726 3197
518 10273 508 3334
886 17487 710 3199
745 12387 726 3197
623 13115 508 3325
518 10282 508 3334
833 15628 694 3201
664 13510 610 3237
686 14745 524 3282
637 13673 577 3215
733 12392 726 3197
629 13469 550 3270
532 10737 524 3332
631 13065 540 3247
557 11624 508 3330
627 13675 524 3286
608 12063 557 3320
579 11016 508 3330
651 13469 535 3297
634 12961 534 3302
599 12039 539 3326
625 13121 567 3284
554 11001 534 3330
640 11988 534 3314
615 13232 534 3309
610 12015 534 3314
612 13343 548 3310
630 13167 534 3302
632 13041 524 3311
849 16251 694 3201
742 12458 726 3197
583 11823 508 3330
530 10328 508 3334
677 14168 556 3250
780 14621 677 3216
726 15944 594 3217
833 15659 694 3208
713 14806 644 3215
655 13117 572 3309
635 11485 523 3332
814 14045 715 3218
784 14706 644 3219
703 15185 546 3266
741 14960 524 3290
667 14118 578 3236
577 11521 541 3330
695 14537 577 3222
670 14001 577 3235
659 14072 551 3278
698 13753 577 3222
727 14208 534 3293
718 15346 539 3300
630 13172 534 3302
600 11807 530 3331
633 12052 534 3314
712 15446 540 3273
608 12220 541 3326
717 15947 540 3267
646 13134 534 3302
621 12366 541 3317
614 11682 524 3332
662 14577 508 3325
626 12349 541 3317
661 14025 540 3274
878 16535 694 3201
849 17315 626 3226
745 12827 726 3197
542 10357 508 3334
531 10474 508 3334
600 11892 508 3330
647 12535 541 3317
697 13780 550 3303
791 15007 611 3237
763 16056 645 3224
762 14767 693 3231
653 13009 539 3329
671 14572 540 3288
801 14864 568 3258
774 15323 595 3247
704 14513 539 3308
776 14137 704 3225
875 16356 699 3213
730 15200 572 3256
683 12717 552 3314
877 16688 694 3208
709 14547 583 3270
751 16153 540 3280
852 16569 567 3250
702 15713 578 3253
784 14811 644 3215
702 14678 561 3276
742 15427 577 3228
747 12705 726 3204
784 14741 644 3219
764 14515 568 3262
775 15373 567 3268
773 14382 568 3273
771 14446 568 3273
747 12705 726 3204
747 12705 726 3204
924 20487 582 3235
760 12828 726 3197
613 12282 508 3330
584 11332 508 3334
878 18394 628 3227
713 15386 572 3284
747 13072 726 3197
612 12101 524 3332
864 17544 595 3230
777 16288 666 3229
868 16713 616 3236
765 15115 540 3296
835 15519 715 3215
728 15200 540 3308
721 15142 556 3306
805 16323 710 3216
784 14780 644 3219
847 16001 659 3216
786 16411 583 3253
773 14401 568 3273
809 17509 578 3244
802 17306 643 3228
834 16898 628 3235
819 18109 583 3235
743 15209 583 3257
765 17199 568 3266
847 16940 577 3267
730 15201 584 3278
815 17388 567 3268
808 15693 568 3269
773 14401 568 3273
734 15260 572 3280
734 15260 572 3280
734 15260 572 3280
734 15260 572 3280
734 15260 572 3280
899 19039 615 3231
763 13406 726 3197
759 13578 726 3210
623 12049 508 3334
641 13129 524 3332
738 15261 572 3280
865 17603 632 3250
816 18055 626 3246
773 14420 568 3273
784 14864 644 3219
779 15547 683 3267
782 15689 584 3264
777 13256 726 3204
790 15636 584 3260
871 16353 659 3222
867 19140 622 3261
784 13592 726 3197
777 13346 726 3204
667 13456 524 3332
738 15289 572 3280
793 15417 677 3247
845 17839 600 3263
807 18288 606 3263
763 14360 726 3197
781 14507 568 3273
790 15755 649 3241
784 17182 584 3264
789 16597 644 3220
776 14326 726 3214
783 16946 616 3269
779 13726 726 3197
882 18730 667 3230
842 19104 659 3226
806 13609 726 3197
781 13928 726 3197
738 15320 572 3280
813 17311 617 3275
831 16775 589 3278
870 18981 676 3241
868 16923 683 3231
786 13887 726 3197
810 14411 726 3197
802 15684 726 3204
739 15347 572 3280
829 15743 726 3197
741 15415 572 3280
759 15513 572 3280
741 15556 572 3280
753 15977 572 3280
730 12249 726 3197
726 12256 726 3197
565 12950 528 3279
508 10029 508 3334
508 10029 508 3334
508 10029 508 3334
575 12854 528 3279
580 11128 577 3223
698 11811 692 3201
679 11592 675 3203
645 11336 642 3208
593 11176 593 3213
607 11080 593 3213
629 11207 625 3209
625 11214 625 3209
714 12005 709 3199
614 11076 609 3215
658 11450 658 3205
567 11291 563 3230
572 11826 572 3217
641 11343 641 3207
675 11599 675 3203
709 12128 709 3199
529 10971 529 3268
518 10217 518 3320
662 11445 658 3205
519 10319 518 3311
525 10947 524 3282
585 11062 577 3219
730 12249 726 3197
609 11151 609 3211
710 11943 710 3199
658 11450 658 3205
510 10149 508 3326
557 10678 556 3255
693 11932 693 3201
565 11498 546 3245
556 11165 556 3236
556 11013 556 3238
553 10905 540 3251
560 11568 556 3232
534 10846 529 3277
540 10438 540 3286
555 11938 545 3245
524 10450 524 3295
692 11954 692 3201
539 11336 539 3260
592 11670 562 3230
524 10116 524 3317
577 11324 577 3215
543 10784 529 3268
561 11717 561 3230
539 11069 529 3264
641 11343 641 3207
549 10915 517 3322
548 10732 540 3271
540 10293 540 3300
520 10530 518 3307
540 10119 540 3304
542 10873 540 3256
675 11599 675 3203
542 10822 540 3260
518 10237 518 3316
726 12256 726 3197
533 10438 529 3288
546 11927 546 3245
694 11894 692 3201
520 10530 518 3307
610 11093 609 3211
508 10029 508 3334
548 10732 540 3271
549 10915 517 3322
508 10078 508 3330
524 10314 524 3298
712 12057 709 3199
508 10078 508 3330
524 10590 524 3290
554 11834 540 3247
524 10590 524 3290
561 11717 561 3230
554 11834 540 3247
537 10646 508 3325
553 10606 508 3325
713 12036 709 3199
553 10606 508 3325
508 10241 508 3326
567 11291 563 3230
537 10646 508 3325
625 11214 625 3209
730 12249 726 3197
508 10029 508 3334
730 12249 726 3197
730 12249 726 3197
730 12249 726 3197
730 12249 726 3197
730 12249 726 3197
730 12249 726 3197
730 12249 726 3197
730 12249 726 3197
537 10646 508 3325
508 10029 508 3334
508 10029 508 3334
508 10029 508 3334
508 10029 508 3334
508 10029 508 3334
508 10029 508 3334
508 10029 508 3334
508 10029 508 3334
508 10029 508 3334
852 18122 676 3203
730 12265 726 3197
508 10091 508 3330
508 10037 508 3334
563 11128 518 3311
719 16003 535 3280
813 17039 524 3282
617 12893 567 3297
686 14683 594 3226
662 14144 540 3260
621 13118 550 3273
697 14565 643 3207
686 14429 561 3234
714 14540 610 3211
702 14343 628 3226
698 12122 694 3205
776 13749 693 3201
659 13577 577 3232
650 14482 585 3262
807 14231 683 3215
534 10576 524 3321
656 13912 524 3283
734 14293 677 3203
559 10967 508 3325
669 14362 518 3307
523 10384 523 3328
538 10477 524 3299
621 12819 556 3273
778 14534 676 3220
653 14362 583 3270
721 12217 710 3199
794 13929 709 3199
776 14440 709 3199
694 14515 593 3226
701 12181 694 3201
821 18406 561 3259
730 12271 726 3197
517 10119 508 3330
508 10149 508 3330
508 10039 508 3334
581 11347 518 3311
755 16949 598 3233
538 10489 524 3299
698 15156 645 3246
662 14155 540 3260
660 13489 550 3286
769 15681 611 3211
633 13015 567 3297
743 14486 677 3203
712 15143 577 3240
802 13953 693 3201
757 15130 627 3226
779 15146 643 3207
808 14659 709 3199
719 12340 694 3201
646 13329 556 3298
742 14582 629 3223
715 12963 694 3214
737 12258 710 3199
737 12258 710 3199
737 12258 710 3199
904 18258 629 3230
730 12274 726 3197
537 10412 508 3330
508 10051 508 3334
662 14173 540 3260
660 13589 550 3286
759 15670 599 3251
583 11644 518 3316
693 13309 567 3297
538 10518 524 3313
797 15530 649 3219
645 13517 567 3297
594 12259 524 3304
797 17169 659 3213
861 16420 666 3217
786 14616 677 3203
817 16789 632 3229
825 15045 693 3201
590 11451 524 3306
777 16302 534 3302
777 17007 582 3240
732 12798 694 3201
777 17007 582 3240
819 15949 676 3207
819 14967 709 3199
739 13398 710 3199
822 16560 666 3217
800 16008 676 3211
742 12994 710 3199
813 16108 693 3201
760 12927 710 3199
730 13166 710 3203
811 15951 676 3211
777 17007 582 3240
930 18503 649 3227
864 18623 634 3239
730 12279 726 3197
510 10087 508 3334
702 14012 583 3295
590 11667 540 3326
662 14214 540 3260
681 14187 550 3286
604 12519 524 3315
622 12153 557 3311
777 17065 582 3240
539 10967 508 3330
823 18297 676 3208
538 10697 524 3328
656 13617 524 3313
800 16008 660 3226
883 16648 650 3219
793 15119 677 3203
886 17550 666 3217
747 14970 524 3309
819 15007 709 3199
787 14943 681 3224
865 17414 666 3221
869 18494 693 3201
913 17123 693 3201
780 14129 710 3199
755 14306 710 3199
893 16882 666 3217
790 14006 694 3201
789 14862 678 3220
804 16096 676 3211
754 13764 710 3210
804 16096 676 3211
802 13816 710 3199
804 16096 676 3211
804 16096 676 3211
927 18568 650 3219
879 18675 693 3201
730 12285 726 3197
539 10110 508 3334
531 10117 508 3334
516 10266 508 3334
636 12760 528 3318
821 16282 616 3262
827 18059 582 3240
671 14354 567 3293
613 11880 540 3326
814 17405 661 3226
693 14833 583 3283
898 16970 666 3217
802 13847 710 3199
575 11992 540 3330
866 17085 677 3203
752 15839 545 3267
853 15845 694 3201
688 15591 556 3272
706 15144 572 3280
804 16097 676 3211
776 14091 710 3212
713 15084 550 3265
726 15306 540 3275
773 14509 710 3204
695 15535 550 3269
827 15113 709 3199
818 16003 693 3205
621 11969 508 3330
795 14283 710 3199
517 10136 508 3334
729 15208 540 3271
908 19767 693 3201
730 12299 726 3197
517 10157 508 3334
516 10309 508 3334
631 12501 523 3332
832 18391 639 3246
703 15287 583 3295
704 14156 573 3325
802 13915 710 3199
750 15401 605 3266
881 18783 583 3261
774 16671 556 3268
871 17533 699 3217
712 15588 550 3277
638 12066 523 3332
851 18484 682 3223
826 16925 682 3231
721 15198 566 3284
826 17238 550 3265
837 15177 709 3199
638 12066 523 3332
898 16980 666 3217
846 16778 694 3235
834 17513 666 3235
843 17181 693 3218
741 15398 550 3269
893 17194 699 3217
733 15236 572 3267
724 15252 572 3267
924 17370 699 3217
905 17723 699 3217
730 12320 726 3197
523 10196 508 3334
517 10219 508 3334
638 12142 523 3332
742 15369 572 3267
809 13963 710 3199
768 16971 556 3307
902 17163 666 3221
801 16510 558 3291
876 17580 699 3224
785 17176 567 3275
862 15211 709 3199
904 17714 675 3220
846 15323 709 3199
928 18041 699 3217
829 18538 567 3276
730 12377 726 3197
730 12377 726 3197
537 10322 508 3334
529 10608 508 3334
770 15960 639 3275
657 12215 523 3332
789 17126 584 3278
775 15418 572 3293
814 14068 710 3199
638 12392 523 3332
837 15660 710 3199
753 12407 726 3197
730 12421 726 3197
543 10433 508 3334
662 13012 523 3332
687 12754 523 3332
842 15776 710 3199
759 12411 726 3197
733 13402 726 3197
564 10501 508 3334
543 10697 508 3334
739 12470 726 3197
739 12470 726 3197
880 16403 710 3199
763 12447 726 3197
739 12482 726 3197
579 11435 508 3334
850 15982 710 3203
746 12473 726 3197
880 16472 710 3203
743 12508 726 3197
742 12606 726 3197
880 16508 710 3203
746 12508 726 3197
745 13073 726 3197
891 16580 710 3203
749 12554 726 3197
746 12646 726 3197
747 12583 726 3197
899 16905 710 3203
766 12607 726 3197
752 12746 726 3197
759 12629 726 3197
926 17555 710 3203
764 12701 726 3197
754 13409 726 3197
758 12774 726 3197
769 12736 726 3197
763 12931 726 3197
759 13021 726 3210
787 12854 726 3197
770 13291 726 3197
764 13294 726 3197
787 13343 726 3197
769 13491 726 3197
789 13426 726 3197
775 13555 726 3197
774 13609 726 3197
773 13753 726 3201
773 13511 726 3202
789 13698 726 3197
774 13849 726 3197
819 13882 726 3197
793 13885 726 3197
787 14595 726 3197
817 14318 726 3197
811 14526 726 3201
800 14703 726 3197
790 15091 726 3197
817 14437 726 3197
808 14733 726 3197
817 14465 726 3197
809 15818 726 3197
817 14471 726 3197
817 14481 726 3197
817 14499 726 3197
829 14604 726 3197
826 14626 726 3197
824 14647 726 3197
818 14802 726 3197
829 14606 726 3197
824 15257 726 3197
829 14612 726 3197
829 14649 726 3197
829 14654 726 3197
829 14758 726 3197
833 15014 726 3197
833 15020 726 3197
838 15167 726 3201
836 15329 726 3197
836 15190 726 3214
834 15522 726 3197
861 15910 726 3197
859 15177 726 3210
847 15935 726 3197
835 15715 726 3218
880 16550 726 3201
875 17143 726 3210
855 16133 726 3214
842 16022 726 3218
897 18284 726 3214
855 16326 726 3218
897 18285 726 3214
948 18486 726 3214
730 12249 726 3197
726 12256 726 3197
601 13214 545 3245
508 10029 508 3334
508 10029 508 3334
508 10029 508 3334
675 11599 675 3203
698 11811 692 3201
662 11445 658 3205
658 11450 658 3205
645 11336 642 3208
679 11592 675 3203
709 12128 709 3199
567 11291 563 3230
548 10732 540 3271
629 11207 625 3209
565 11498 546 3245
641 11343 641 3207
593 11176 593 3213
625 11214 625 3209
556 11013 556 3238
607 11080 593 3213
545 10582 529 3284
572 11157 572 3219
609 11151 609 3211
520 10530 518 3307
585 12697 540 3247
693 11932 693 3201
561 11717 561 3230
565 12950 528 3279
614 11076 609 3215
710 11943 710 3199
575 12854 528 3279
539 11336 539 3260
534 10846 529 3277
530 11222 517 3322
581 11749 572 3217
518 10217 518 3320
524 10590 524 3290
714 12005 709 3199
524 10450 524 3295
529 10971 529 3268
619 12515 577 3215
641 12356 577 3215
510 10149 508 3326
726 12256 726 3197
533 10424 524 3299
692 11954 692 3201
518 10237 518 3316
519 10319 518 3311
543 10919 540 3251
580 11128 577 3223
548 10269 524 3307
619 12515 577 3215
560 11568 556 3232
553 10880 540 3255
712 12057 709 3199
525 10947 524 3282
542 10822 540 3260
584 12357 578 3215
524 10319 524 3303
614 12760 577 3215
610 12866 577 3215
556 11165 556 3236
584 12357 578 3215
592 12208 508 3325
508 10078 508 3330
608 12936 545 3245
540 10119 540 3304
694 11894 692 3201
540 11056 529 3264
533 10438 529 3288
726 12256 726 3197
555 11005 529 3264
542 10873 540 3256
726 12256 726 3197
580 11128 577 3223
549 10915 517 3322
540 10293 540 3300
560 11568 556 3232
585 12697 540 3247
592 12208 508 3325
524 10032 524 3321
508 10168 508 3326
524 10319 524 3303
508 10072 508 3333
508 10072 508 3333
730 12249 726 3197
608 12936 545 3245
730 12249 726 3197
508 10029 508 3334
726 12256 726 3197
726 12256 726 3197
726 12256 726 3197
619 12515 577 3215
619 12515 577 3215
584 12357 578 3215
508 10029 508 3334
508 10029 508 3334
508 10029 508 3334
508 10029 508 3334
508 10029 508 3334
508 10029 508 3334
508 10029 508 3334
806 13997 692 3201
738 15785 627 3209
726 12274 726 3197
508 10035 508 3334
585 12707 540 3247
715 14685 524 3295
591 11765 534 3309
546 10317 518 3320
661 13693 611 3211
524 10201 524 3321
646 14069 561 3230
732 12582 709 3199
774 14354 659 3205
636 13143 556 3232
620 13425 562 3243
585 12157 572 3217
583 10646 524 3317
587 10995 508 3326
574 10531 508 3330
741 15264 678 3203
555 10877 524 3317
720 15460 610 3211
770 15381 675 3203
625 12886 594 3213
590 12035 534 3296
753 15106 660 3205
683 14513 643 3207
686 14289 524 3299
700 14449 626 3210
608 12948 545 3245
703 13022 644 3211
600 12362 524 3303
730 12463 694 3201
706 14698 593 3213
730 12262 726 3197
771 15408 641 3207
754 14075 676 3203
584 12114 508 3329
586 12408 578 3215
721 14964 610 3211
601 13263 545 3245
592 12211 508 3325
635 12660 577 3215
753 13517 693 3201
711 13648 676 3207
737 14699 693 3201
698 13307 660 3209
694 13126 644 3211
614 12794 577 3215
614 12794 577 3215
621 12701 577 3215
614 12794 577 3215
635 12660 577 3215
635 12660 577 3215
635 12660 577 3215
818 15506 660 3205
783 16565 610 3211
730 12271 726 3197
570 10491 508 3334
570 10491 508 3334
542 10839 508 3334
743 14741 524 3295
591 12793 540 3251
562 11194 523 3327
638 12179 540 3300
672 13193 524 3315
732 12653 709 3199
788 13789 693 3201
673 14391 561 3243
755 14189 677 3203
758 16216 594 3213
687 13604 556 3234
601 13444 545 3245
772 15782 594 3213
761 14514 643 3207
632 13795 578 3215
574 10543 508 3330
592 12227 508 3325
645 13098 577 3215
776 15621 659 3205
743 14814 677 3207
721 13676 661 3209
625 13348 572 3219
716 14981 643 3207
707 13497 627 3213
595 12868 540 3247
699 13345 644 3211
641 12921 577 3222
621 13424 577 3219
702 13751 611 3211
719 14920 556 3232
705 15735 556 3232
704 13321 628 3213
726 13290 644 3211
641 13429 577 3215
594 12881 540 3247
594 12881 540 3247
816 16549 678 3203
730 12279 726 3197
580 10533 508 3337
574 10545 508 3330
550 11228 508 3334
752 14774 539 3313
613 13172 540 3247
782 15893 562 3243
674 13278 577 3215
712 14136 611 3211
732 12678 709 3199
581 11272 523 3327
651 13331 577 3222
798 14991 693 3201
760 13955 661 3209
629 13155 508 3325
767 14750 693 3205
725 15644 572 3219
757 15270 643 3207
712 14136 611 3211
560 10954 508 3334
714 13699 644 3211
754 15172 677 3207
601 13461 545 3245
601 13461 545 3245
641 13434 577 3215
581 11272 523 3327
733 13425 644 3211
645 13376 577 3215
712 14136 611 3211
581 11272 523 3327
854 17883 645 3207
733 12382 726 3197
581 11672 508 3333
580 10716 508 3334
573 11490 508 3334
787 15979 562 3243
717 14174 611 3211
763 15094 539 3313
641 13468 540 3247
662 13395 577 3215
740 12809 709 3199
754 15186 677 3207
653 13522 577 3215
825 14070 661 3209
601 13463 545 3245
777 14576 661 3209
763 15094 539 3313
590 11057 523 3332
637 14234 540 3247
730 12488 726 3197
639 13893 508 3325
581 11284 523 3327
580 10716 508 3334
574 10892 508 3334
640 11457 508 3330
581 11284 523 3327
733 12382 726 3197
763 15094 539 3313
763 15094 539 3313
765 14259 644 3211
760 15228 677 3207
735 12429 726 3197
732 12937 726 3197
585 10793 508 3334
584 12018 523 3327
642 13720 540 3247
594 11479 523 3327
601 13469 545 3245
692 13540 616 3223
723 14366 611 3211
744 12873 709 3199
669 13680 577 3222
655 13702 577 3215
650 12669 508 3330
733 12629 726 3197
780 15576 677 3207
749 12530 726 3197
616 11586 508 3334
615 12333 508 3334
600 11956 523 3331
651 13770 540 3247
656 13255 523 3327
731 14535 611 3211
689 13931 578 3241
707 13767 627 3220
676 13973 600 3225
670 14158 577 3215
605 13495 545 3245
724 13967 644 3215
770 12976 710 3203
754 13046 709 3219
750 13795 677 3216
740 12647 726 3201
747 13124 726 3197
748 13052 709 3199
811 14299 710 3199
792 16488 629 3213
761 12806 726 3197
752 12808 726 3201
749 13127 726 3197
678 13995 540 3251
650 13592 545 3266
614 13743 545 3245
793 15989 611 3211
678 15109 579 3241
701 15461 577 3228
722 14906 577 3215
721 13844 670 3223
761 14142 692 3218
776 14547 660 3212
768 15173 644 3211
703 14390 540 3247
629 13596 545 3245
752 14471 709 3199
615 13656 545 3245
702 14384 578 3215
837 17398 644 3211
773 13024 726 3197
739 15310 540 3247
628 13937 550 3290
705 14869 540 3272
757 15681 577 3215
658 14073 545 3249
664 13802 545 3245
817 15590 650 3219
755 13024 726 3204
792 15110 710 3199
717 14770 611 3224
785 15550 682 3215
741 14405 676 3216
710 14664 594 3239
742 14560 648 3231
757 14514 709 3203
733 15259 649 3223
717 15046 593 3226
716 15410 593 3239
707 14455 578 3241
707 14455 578 3241
883 17757 709 3207
843 18877 644 3220
790 13525 726 3197
757 15066 540 3294
721 13827 550 3299
666 15206 546 3266
809 15491 710 3199
780 17574 577 3231
829 16500 610 3228
791 16276 661 3217
713 14623 578 3241
793 16699 594 3226
843 17107 660 3225
706 13870 634 3251
789 16091 628 3226
673 13954 545 3245
781 14067 726 3197
739 15310 540 3255
753 14767 648 3231
740 14838 642 3227
781 13611 726 3210
739 15415 540 3247
756 15369 540 3254
855 16525 616 3240
813 17201 666 3225
802 13929 726 3197
781 14134 726 3197
757 15467 540 3247
676 14933 545 3250
818 15880 710 3212
680 14156 545 3245
756 15206 578 3241
748 15648 540 3247
816 15560 710 3216
796 16776 616 3228
753 14789 648 3231
796 15238 661 3230
753 14789 648 3231
822 16052 710 3212
796 16794 616 3228
769 16122 540 3247
715 14371 568 3292
684 15155 545 3257
774 14984 648 3231
726 14445 557 3276
746 14931 611 3245
722 15333 545 3245
806 15278 632 3242
706 14787 566 3250
754 14976 578 3245
711 14859 556 3282
793 16098 632 3242
774 15037 561 3247
708 15294 545 3250
861 18413 616 3228
843 16282 710 3212
829 16847 710 3212
790 15522 633 3263
784 15749 611 3266
772 17738 540 3264
706 16109 546 3266
711 15846 545 3250
752 16729 561 3247
772 16166 577 3246
853 16473 688 3231
846 17376 649 3237
798 17017 627 3239
808 16640 667 3234
831 16268 665 3235
862 16874 710 3212
777 15851 616 3275
727 16039 618 3279
706 16115 546 3266
751 16078 595 3251
706 16115 546 3266
800 16066 617 3273
743 16064 568 3275
878 16623 596 3260
818 16524 633 3263
814 17213 667 3256
732 16881 551 3304
774 17056 656 3257
763 16748 656 3261
774 17039 656 3261
755 15743 518 3307
730 12249 726 3197
508 10029 508 3334
508 10029 508 3334
662 13560 610 3211
580 11128 577 3223
565 12950 528 3279
679 11592 675 3203
673 13506 610 3211
698 11811 692 3201
572 11157 572 3219
658 11450 658 3205
625 11214 625 3209
607 11080 593 3213
534 10846 529 3277
714 12005 709 3199
593 11176 593 3213
556 11013 556 3238
675 11599 675 3203
645 11336 642 3208
633 12673 611 3211
662 11445 658 3205
629 11207 625 3209
614 11076 609 3215
552 11784 545 3245
710 11943 710 3199
641 11343 641 3207
567 11291 563 3230
693 11932 693 3201
649 12603 611 3211
730 12249 726 3197
557 10678 556 3255
522 11513 517 3322
518 10237 518 3316
510 10149 508 3326
561 11717 561 3230
524 10450 524 3295
533 10438 529 3288
525 10947 524 3282
540 10119 540 3304
546 11927 546 3245
539 11336 539 3260
709 12128 709 3199
553 10905 540 3251
586 11307 508 3325
556 11165 556 3236
560 11568 556 3232
508 10078 508 3330
730 12249 726 3197
692 11954 692 3201
540 10293 540 3300
543 10784 529 3268
575 12854 528 3279
577 11324 577 3215
545 10582 529 3284
522 10458 518 3308
524 10590 524 3290
539 11336 539 3260
726 12256 726 3197
592 11670 562 3230
548 10732 540 3271
518 10199 518 3320
641 11343 641 3207
529 10971 529 3268
614 11076 609 3215
519 10319 518 3311
508 10029 508 3334
726 12256 726 3197
712 12057 709 3199
519 10319 518 3311
530 10650 529 3284
554 11834 540 3247
524 10314 524 3298
524 10116 524 3317
607 11080 593 3213
549 10915 517 3322
548 10732 540 3271
539 11069 529 3264
694 11894 692 3201
539 11069 529 3264
508 10029 508 3334
554 11834 540 3247
561 11717 561 3230
575 12854 528 3279
635 12606 611 3211
577 12100 508 3325
518 10199 518 3320
730 12249 726 3197
635 12606 611 3211
633 12673 611 3211
726 12256 726 3197
649 12603 611 3211
730 12249 726 3197
726 12256 726 3197
508 10029 508 3334
577 12100 508 3325
518 10199 518 3320
730 12249 726 3197
730 12249 726 3197
730 12249 726 3197
730 12249 726 3197
726 12256 726 3197
726 12256 726 3197
726 12256 726 3197
726 12256 726 3197
649 12603 611 3211
577 12100 508 3325
508 10029 508 3334
508 10029 508 3334
508 10029 508 3334
508 10029 508 3334
508 10029 508 3334
508 10029 508 3334
508 10029 508 3334
873 16569 660 3205
730 12255 726 3197
537 11206 508 3330
508 10030 508 3334
784 15054 675 3203
729 15710 572 3239
692 14677 584 3265
518 10276 518 3320
702 15735 556 3275
569 11523 545 3296
778 15134 578 3228
624 13068 550 3294
677 14196 524 3283
662 13475 600 3225
731 14043 643 3207
593 11433 508 3325
737 15152 545 3265
588 12462 524 3315
691 13881 534 3276
654 12675 611 3211
703 13736 568 3280
724 13322 677 3203
749 12969 709 3199
633 13263 524 3310
655 13374 627 3209
739 12834 693 3201
677 14025 594 3226
696 13569 692 3205
673 13584 626 3209
674 13727 534 3300
737 12370 710 3199
726 12293 726 3197
662 13745 524 3298
673 13525 610 3211
750 12885 709 3199
626 12577 518 3312
562 11325 534 3314
735 13487 661 3205
633 12761 611 3211
711 14158 583 3265
673 13525 610 3211
562 11325 534 3314
712 12838 693 3201
625 12512 550 3295
562 11325 534 3314
662 13592 610 3211
730 13068 710 3199
673 13525 610 3211
662 13592 610 3211
673 13525 610 3211
673 13525 610 3211
662 13592 610 3211
662 13592 610 3211
662 13592 610 3211
562 11325 534 3314
888 17356 676 3203
730 12280 726 3197
730 12261 726 3202
508 10042 508 3334
787 16028 568 3273
681 14166 594 3226
801 14060 709 3199
645 12023 545 3296
524 10307 523 3332
696 16137 540 3280
751 14451 628 3209
539 11035 539 3330
588 12078 534 3314
693 13622 600 3225
764 13878 661 3205
700 13908 524 3298
673 13547 610 3211
755 15293 644 3207
626 12735 518 3316
688 15863 540 3284
567 11311 518 3327
599 12125 518 3323
633 12769 611 3211
771 14966 644 3207
549 11540 508 3330
738 13013 694 3201
755 13274 693 3201
706 14700 540 3284
755 13783 677 3203
740 14972 535 3281
719 14252 524 3283
655 12675 611 3211
753 13516 710 3199
599 11761 534 3314
593 11441 508 3325
662 13607 610 3211
735 14414 677 3203
768 13503 677 3203
688 14178 524 3298
760 12723 710 3199
839 16672 644 3207
835 17152 644 3207
730 12291 726 3197
521 10122 508 3334
512 10140 508 3334
689 14955 594 3259
782 16418 548 3280
646 12061 545 3296
533 10794 523 3332
696 16137 540 3284
744 15604 594 3230
771 14215 677 3203
754 14977 595 3230
679 13802 528 3316
566 11884 508 3330
662 13647 610 3211
818 15444 709 3199
805 16396 628 3209
601 11519 508 3325
612 12963 523 3324
792 14710 693 3201
765 13172 710 3199
724 14456 524 3283
592 12759 524 3328
658 12720 611 3211
756 13794 677 3207
751 13020 694 3201
657 13976 524 3317
675 13571 610 3211
790 16393 546 3280
661 13085 524 3319
869 16130 693 3201
796 16337 595 3230
730 12301 726 3197
517 10232 508 3334
516 10268 508 3334
604 11665 508 3325
533 10834 523 3332
671 13080 611 3211
795 16175 594 3239
839 15889 677 3203
692 14143 610 3211
655 12376 545 3296
741 14639 534 3310
784 16317 600 3272
732 15376 550 3286
711 13559 524 3320
751 13031 694 3201
828 15385 710 3199
797 15935 524 3298
783 16037 524 3283
832 15087 710 3199
832 16186 677 3203
861 17105 540 3318
756 12319 726 3197
524 10306 508 3334
516 10322 508 3334
687 15038 612 3267
800 16655 596 3230
660 12903 545 3296
714 14228 645 3233
561 11008 524 3332
764 13646 677 3211
623 12187 508 3330
740 14259 709 3213
608 12485 508 3325
720 14041 692 3231
708 14274 610 3224
753 13063 694 3201
711 13664 524 3320
704 14365 610 3211
730 12340 726 3197
609 12365 523 3328
753 13063 694 3201
611 12451 508 3325
610 12258 508 3330
801 16788 599 3277
763 12319 726 3197
730 12357 726 3197
530 10341 508 3334
524 10381 508 3334
787 14259 682 3215
674 13817 551 3298
705 14872 610 3211
762 13103 694 3201
621 12748 508 3329
630 12867 523 3328
655 12673 524 3332
706 14487 610 3211
730 12340 726 3201
781 13841 694 3201
734 12357 726 3197
732 12344 726 3204
705 15938 627 3293
590 10705 508 3334
667 14026 523 3332
708 15066 643 3254
701 14533 556 3311
708 14508 660 3235
772 13659 710 3212
712 14956 611 3211
730 12448 726 3197
761 14723 628 3217
711 14112 556 3319
730 14629 612 3228
764 14274 710 3203
719 14676 644 3214
851 14774 699 3213
771 16499 611 3245
763 12373 726 3197
737 12395 726 3197
619 12953 508 3337
676 13212 508 3334
726 15360 633 3259
851 14505 715 3224
801 14626 710 3203
777 16125 615 3235
721 14784 661 3235
773 15451 628 3222
830 14990 694 3201
775 15094 676 3229
729 15414 645 3215
836 14816 694 3201
759 15186 699 3213
730 12514 726 3197
742 15115 617 3240
742 15115 617 3240
885 16394 693 3218
791 17840 676 3215
745 12444 726 3197
686 13390 508 3334
684 13805 508 3334
747 15212 633 3259
760 17237 661 3230
730 12678 726 3197
831 16601 699 3213
806 15659 667 3230
752 15403 643 3254
863 16552 709 3203
828 16307 634 3225
740 15529 660 3252
822 15346 715 3212
814 15901 709 3220
842 16406 710 3203
848 16524 693 3215
817 16490 660 3219
818 15834 709 3213
735 12674 726 3197
739 12552 726 3197
741 12524 726 3197
895 18134 692 3218
891 18862 665 3248
750 15527 633 3263
748 12646 726 3197
743 12528 726 3204
730 12700 726 3197
828 16651 677 3220
818 15836 709 3213
835 17143 643 3251
770 16070 660 3252
752 12560 726 3198
741 12688 726 3197
880 17463 645 3255
874 18007 645 3255
852 17282 645 3259
759 12655 726 3197
747 12944 726 3197
739 12836 726 3201
837 16138 709 3213
784 16189 660 3252
838 16673 677 3233
864 17648 688 3228
757 12731 726 3197
918 18593 645 3259
758 12782 726 3197
757 14737 726 3197
746 13038 726 3202
854 16798 709 3213
828 16347 660 3252
802 16615 677 3255
839 16659 660 3252
828 16779 660 3252
778 12864 726 3197
758 13347 726 3197
762 13125 726 3201
775 13102 726 3197
839 16677 660 3252
779 12935 726 3197
764 14486 726 3197
839 16856 660 3252
834 13371 726 3197
773 15237 726 3201
792 13532 726 3197
781 13680 726 3197
867 17517 660 3252
823 13564 726 3197
786 15643 726 3197
795 14023 726 3209
810 14793 726 3197
812 13895 726 3197
812 13962 726 3197
814 14344 726 3197
830 14516 726 3227
817 14637 726 3197
817 14821 726 3197
820 14928 726 3197
819 15187 726 3197
830 15058 726 3197
824 15599 726 3197
819 15256 726 3211
830 15086 726 3197
841 15323 726 3197
865 15987 726 3197
858 16143 726 3197
900 16109 726 3197
730 12249 726 3197
730 12249 726 3197
565 12950 528 3279
508 10029 508 3334
508 10029 508 3334
508 10029 508 3334
575 12854 528 3279
658 11450 658 3205
662 11445 658 3205
726 12256 726 3197
714 12005 709 3199
679 11592 675 3203
607 11080 593 3213
692 11954 692 3201
593 11176 593 3213
614 11076 609 3215
567 11291 563 3230
572 11826 572 3217
675 11599 675 3203
625 11214 625 3209
556 11013 556 3238
609 11151 609 3211
629 11207 625 3209
519 10319 518 3311
585 11062 577 3219
641 11343 641 3207
580 11128 577 3223
709 12128 709 3199
710 11943 710 3199
552 11784 545 3245
539 11336 539 3260
530 11222 517 3322
693 11932 693 3201
555 11005 529 3264
645 11336 642 3208
524 10450 524 3295
518 10217 518 3320
561 11717 561 3230
546 11927 546 3245
534 10846 529 3277
510 10149 508 3326
524 10590 524 3290
525 10947 524 3282
533 10409 524 3299
592 11670 562 3230
698 11811 692 3201
556 11165 556 3236
508 10078 508 3330
577 11324 577 3215
553 10880 540 3255
560 11568 556 3232
730 12249 726 3197
540 10119 540 3304
548 10732 540 3271
645 11336 642 3208
541 11010 540 3251
641 11343 641 3207
524 10061 524 3321
520 10530 518 3307
518 10237 518 3316
575 12854 528 3279
694 11894 692 3201
712 12057 709 3199
564 10997 508 3325
726 12256 726 3197
545 10582 529 3284
543 10784 529 3268
542 10873 540 3256
565 12950 528 3279
540 10293 540 3300
585 11062 577 3219
548 10269 524 3307
542 10822 540 3260
524 10116 524 3317
529 10971 529 3268
540 10618 540 3272
555 11764 540 3247
540 10618 540 3272
549 10769 540 3267
675 11599 675 3203
730 12249 726 3197
508 10029 508 3334
560 11568 556 3232
533 10438 529 3288
555 11764 540 3247
540 10438 540 3286
508 10168 508 3326
531 10659 529 3285
524 10274 524 3307
531 10659 529 3285
508 10029 508 3334
629 11207 625 3209
540 10834 540 3267
730 12249 726 3197
726 12256 726 3197
531 10659 529 3285
508 10029 508 3334
508 10029 508 3334
540 10834 540 3267
730 12249 726 3197
730 12249 726 3197
730 12249 726 3197
730 12249 726 3197
730 12249 726 3197
730 12249 726 3197
730 12249 726 3197
730 12249 726 3197
730 12249 726 3197
508 10029 508 3334
508 10029 508 3334
508 10029 508 3334
508 10029 508 3334
508 10029 508 3334
508 10029 508 3334
508 10029 508 3334
508 10029 508 3334
508 10029 508 3334
508 10029 508 3334
824 14621 692 3205
738 15933 594 3213
726 12262 726 3197
512 10125 508 3330
508 10031 508 3334
558 11520 540 3264
660 13161 644 3229
594 12285 540 3247
558 11510 524 3294
540 10642 540 3272
772 13028 693 3201
766 14816 676 3207
668 13934 577 3219
684 13264 617 3223
534 10663 529 3289
610 13108 518 3312
698 13341 612 3218
622 12133 518 3316
713 14175 709 3216
640 14104 563 3238
721 15092 561 3243
603 12240 529 3284
749 15596 562 3239
731 14538 610 3211
524 10067 524 3321
770 15843 572 3225
528 10247 524 3317
757 15932 694 3206
716 12151 709 3199
742 15864 594 3213
719 15160 611 3211
636 13183 577 3228
718 14927 508 3329
725 14762 611 3211
826 16430 693 3205
726 12274 726 3197
554 10782 508 3330
508 10035 508 3334
604 11327 540 3306
645 13565 540 3247
586 12216 545 3266
567 11535 540 3267
713 14493 617 3223
664 14171 566 3242
710 13814 616 3227
610 12672 539 3313
532 10501 523 3332
778 15273 660 3216
680 13674 577 3236
758 16219 594 3213
524 10260 524 3321
572 11584 524 3319
668 13920 577 3232
786 15466 693 3209
811 14943 676 3207
800 15764 694 3202
734 15206 594 3220
754 12849 709 3199
738 12584 710 3199
777 14783 661 3218
818 14804 698 3213
750 13766 709 3203
663 12655 524 3311
768 15668 676 3211
660 13677 577 3236
778 15565 694 3206
763 15215 694 3214
768 15668 676 3211
722 12604 710 3199
815 15124 681 3228
797 16527 594 3213
730 12290 726 3201
726 12305 726 3197
562 11057 508 3330
508 10057 508 3334
657 12766 539 3313
558 11121 524 3321
678 13315 524 3317
630 11963 540 3282
663 13760 577 3236
584 12014 540 3282
705 14222 567 3269
644 13807 551 3281
722 15084 626 3229
704 14771 567 3246
734 15738 556 3250
728 15924 595 3233
738 12610 710 3199
731 15826 566 3271
768 15702 676 3211
788 16383 660 3222
779 15419 698 3221
774 15591 661 3226
629 11968 540 3282
785 15212 694 3218
760 15606 677 3228
790 15030 693 3221
800 14717 709 3212
811 16166 644 3221
811 16166 644 3221
798 15574 709 3207
722 14470 594 3234
722 12635 710 3199
806 16285 594 3220
733 15054 595 3233
912 19934 566 3263
730 12307 726 3197
577 11159 508 3330
508 10064 508 3334
615 12986 555 3311
811 16207 644 3221
812 16906 594 3213
820 16522 709 3207
748 16535 595 3233
641 12068 540 3282
722 12750 710 3199
729 15663 524 3324
744 14533 661 3235
636 12104 540 3282
746 16049 567 3246
759 16073 561 3264
657 12840 539 3313
663 13780 577 3236
663 13780 577 3236
779 15718 694 3218
811 14945 709 3212
777 15925 676 3211
726 12329 726 3197
817 15752 692 3214
773 15766 676 3212
663 13780 577 3236
826 16681 644 3221
816 16957 594 3213
730 12311 726 3197
726 12332 726 3197
508 10067 508 3334
585 11303 508 3330
746 16058 574 3266
649 13531 540 3304
674 13904 577 3236
662 14304 551 3298
821 15768 694 3218
822 16025 676 3214
772 12898 710 3199
734 12765 710 3207
736 13123 710 3199
658 13914 557 3302
879 16872 667 3226
829 18135 645 3228
731 12347 726 3197
508 10073 508 3334
700 14767 595 3243
825 16025 676 3214
632 12890 508 3330
742 13345 710 3199
705 14045 588 3295
874 17238 665 3221
669 13727 540 3304
701 14617 577 3236
649 13548 550 3304
726 12499 726 3197
702 14492 578 3295
658 13744 540 3304
649 13548 550 3304
727 12431 726 3197
890 17221 667 3226
825 17359 709 3216
735 12605 726 3197
733 12547 726 3201
533 10116 508 3334
528 10102 508 3341
517 10524 508 3334
649 13559 550 3304
681 14208 540 3304
769 15165 595 3247
705 15072 585 3278
737 12372 726 3197
775 16355 645 3237
719 14819 588 3295
799 17035 578 3240
723 14984 631 3241
868 16639 693 3214
841 15870 699 3239
758 13927 710 3203
837 16655 694 3214
849 16141 693 3216
773 13608 710 3199
764 16041 583 3245
528 10162 508 3337
523 10360 508 3334
726 13880 726 3197
520 10405 508 3334
895 17319 667 3226
740 12626 726 3197
733 12571 726 3201
531 10407 508 3334
528 10143 508 3341
527 10429 508 3334
706 15234 585 3278
687 15074 540 3318
690 14454 540 3304
810 16960 599 3245
743 12406 726 3197
772 16212 583 3247
775 15945 643 3241
701 13623 572 3317
702 14072 550 3311
775 15002 710 3199
766 14061 710 3203
801 17188 578 3240
780 16888 595 3246
802 13826 710 3199
780 15002 644 3245
741 12422 726 3197
917 17715 667 3226
766 12425 726 3197
736 12752 726 3201
534 10259 508 3341
533 10465 508 3334
706 15536 585 3278
774 16366 583 3247
733 15453 604 3293
802 13850 710 3199
818 17226 599 3245
789 15258 644 3245
744 12518 726 3197
740 12628 726 3197
925 18283 667 3226
758 12694 726 3197
539 10568 508 3334
790 15288 644 3245
706 15559 585 3278
799 16475 605 3257
706 15559 585 3278
815 17721 583 3253
818 17505 599 3245
802 13907 710 3199
740 12830 726 3197
811 13892 710 3199
818 17172 583 3247
802 13901 710 3203
749 12753 726 3197
752 12739 726 3197
750 12752 726 3197
828 17523 594 3265
816 18056 593 3268
760 12793 726 3197
741 13576 726 3197
541 10571 508 3334
764 16478 617 3303
790 15310 644 3245
811 14579 710 3199
819 17937 599 3245
821 14214 710 3199
749 12809 726 3197
818 14546 710 3199
873 18068 642 3270
749 12875 726 3197
545 10600 508 3334
542 10842 508 3334
790 15316 644 3245
837 14782 715 3215
866 15349 710 3199
841 15161 710 3203
813 15272 710 3204
843 16219 710 3203
763 12879 726 3197
752 14383 726 3197
562 10647 508 3334
790 15316 644 3253
794 15424 644 3245
790 15461 644 3245
762 12890 726 3197
816 15808 644 3245
776 12927 726 3197
763 14109 726 3201
562 10661 508 3334
766 13148 726 3197
770 13101 726 3201
824 15851 644 3245
817 18324 694 3268
780 12937 726 3197
771 13340 726 3197
562 10673 508 3342
604 11335 508 3334
768 13285 726 3201
576 11395 508 3334
578 10715 508 3341
771 13256 726 3201
776 12955 726 3197
940 19822 665 3260
787 13109 726 3197
771 14581 726 3197
579 11003 508 3341
578 11509 508 3334
779 13314 726 3197
810 13292 726 3197
793 14196 726 3197
587 11192 508 3341
784 13904 726 3210
794 13343 726 3197
810 13527 726 3197
809 14215 726 3197
811 13528 726 3197
829 14916 726 3197
848 15618 726 3197
