3 0.138082
653 15907 598 3388
712 17487 631 3336
717 17753 590 3377
785 18825 665 3328
689 17123 585 3412
731 16672 603 3376
837 19877 704 3325
897 21079 576 3378
653 15907 598 3388
653 15907 598 3388
886 20415 608 3378
811 20118 588 3376
842 19737 636 3352
783 18009 657 3356
792 19526 647 3445
835 20276 651 3399
728 17566 629 3402
781 18481 588 3390
869 21069 612 3405
728 16982 649 3444
741 17867 599 3409
765 18208 632 3351
794 18741 616 3351
760 18033 707 3364
747 18406 610 3399
784 19030 618 3385
772 18437 608 3372
737 16619 631 3342
767 18017 632 3401
841 20070 578 3344
782 19002 637 3373
888 21100 676 3391
793 19185 711 3393
788 18219 671 3422
762 18899 651 3449
738 18950 633 3387
776 18202 700 3365
724 16818 640 3407
831 18342 652 3399
741 17657 624 3353
819 19857 633 3380
786 18494 649 3379
725 17782 602 3381
745 17244 622 3345
914 22810 729 3389
829 18965 656 3381
813 19833 605 3435
781 17598 606 3397
824 20772 586 3409
876 20275 624 3350
800 17634 609 3373
830 20696 653 3403
740 17295 622 3471
777 18591 586 3362
793 18761 600 3428
826 18352 631 3420
761 18132 672 3360
880 19825 682 3372
923 20642 608 3371
725 16279 609 3398
847 20619 638 3398
834 19901 694 3399
865 20656 637 3398
942 24102 643 3385
780 17950 645 3405
848 20118 626 3451
759 17907 609 3402
809 19582 611 3369
833 19427 652 3443
784 18403 638 3398
848 21310 620 3449
847 20359 698 3459
722 16855 623 3349
798 18257 671 3383
933 21644 712 3372
859 19657 672 3389
919 20838 610 3390
809 19234 615 3455
724 17602 601 3389
784 19447 618 3411
799 18690 702 3368
779 17201 657 3371
845 21109 636 3363
754 18285 582 3351
872 20250 733 3351
846 20441 638 3448
806 19137 673 3395
898 21012 693 3436
786 18937 702 3376
949 23359 622 3427
753 17385 675 3358
867 19973 670 3429
797 17944 620 3378
860 22019 656 3360
848 19529 626 3460
901 22912 639 3385
942 22081 662 3410
781 18890 643 3446
845 19778 629 3412
787 18530 661 3451
753 18641 657 3415
829 20246 596 3431
771 18537 614 3399
812 19461 622 3374
832 19439 648 3368
791 19492 598 3378
746 18728 656 3423
823 20113 733 3413
829 20356 605 3459
720 16522 629 3392
919 22640 625 3426
740 18144 617 3383
796 19621 726 3368
733 17983 669 3457
870 21251 623 3434
705 17678 583 3368
824 19070 678 3361
894 21616 597 3419
830 20283 654 3387
814 19653 762 3394
740 17085 619 3416
748 19382 570 3402
798 19722 608 3369
739 17636 653 3385
822 19262 659 3404
871 20903 647 3436
877 21375 702 3372
814 18859 636 3411
823 20038 638 3416
783 19040 674 3359
845 20440 648 3354
895 21479 640 3371
793 19371 645 3396
773 17994 659 3402
761 17099 626 3432
820 19224 698 3385
850 19553 703 3353
738 16831 620 3371
795 20004 687 3433
697 17653 612 3369
850 18807 591 3409
768 18108 648 3382
859 21259 693 3405
817 18036 620 3406
896 20107 734 3386
806 19849 681 3360
721 17582 587 3361
928 23457 616 3414
910 20719 598 3353
899 21092 613 3390
849 20867 651 3383
777 18706 656 3377
809 19819 645 3398
990 23184 739 3417
870 21343 618 3442
773 18171 604 3374
664 15548 628 3375
722 17890 626 3403
872 21385 693 3486
835 21701 584 3406
911 20214 678 3340
875 21484 691 3354
869 21460 599 3368
733 17686 626 3404
825 19727 640 3360
793 20048 667 3376
888 20657 611 3403
813 19553 678 3396
795 18365 641 3406
880 22412 662 3410
792 18043 640 3445
758 17997 582 3374
831 19011 611 3409
872 20763 646 3365
831 20084 637 3391
734 18159 630 3400
841 20282 681 3416
842 20386 655 3418
815 19140 644 3431
903 21507 685 3386
839 19363 691 3430
739 18814 646 3384
791 19484 691 3360
865 21818 657 3367
845 19058 660 3407
932 21906 730 3395
743 18269 627 3429
821 20744 619 3438
831 18631 720 3427
822 19507 594 3380
860 19672 646 3403
779 18750 596 3396
740 17136 687 3393
844 20014 702 3395
825 18858 669 3401
876 21574 666 3454
731 18045 608 3387
811 19200 639 3367
852 21286 609 3406
774 16419 658 3363
817 18393 685 3416
790 18251 698 3378
799 18594 704 3398
888 21408 651 3471
859 20473 620 3442
684 17201 650 3307
782 19264 654 3414
817 20646 703 3373
751 19050 634 3397
854 19688 664 3361
857 21191 667 3398
790 18456 710 3424
781 19198 614 3364
765 17442 628 3396
717 16900 659 3399
920 21439 768 3417
807 19605 650 3427
935 23555 742 3356
810 20772 610 3396
776 19283 636 3364
782 18609 645 3372
746 18886 709 3359
838 18829 614 3384
780 19344 643 3416
847 19996 731 3356
804 19034 703 3346
798 18339 664 3409
717 17616 656 3412
785 17423 654 3379
759 17712 634 3415
745 17326 612 3399
717 16766 700 3380
844 19671 600 3405
732 16376 654 3357
763 17914 606 3388
903 21751 695 3351
850 20575 664 3397
857 20774 683 3427
839 19520 630 3343
709 15926 703 3360
815 19997 654 3430
785 19897 624 3400
766 18807 654 3380
755 18884 669 3380
811 18954 647 3409
701 16855 598 3344
717 17869 605 3342
716 17803 625 3391
786 18896 680 3391
765 18611 630 3404
857 20988 641 3397
791 19962 676 3385
832 19263 636 3381
825 19394 647 3440
877 20503 642 3417
909 20703 648 3431
767 18591 595 3393
806 18995 669 3405
981 24917 578 3407
757 18890 598 3399
719 17035 582 3395
770 18441 605 3430
887 21061 681 3447
971 23455 608 3415
829 20994 721 3446
786 19630 636 3395
831 18610 655 3369
814 20842 649 3419
754 18666 648 3350
847 20907 618 3427
776 18819 649 3432
743 17829 631 3377
831 19303 615 3394
717 17408 611 3380
798 19298 609 3385
774 18745 671 3376
821 20545 598 3378
879 21542 641 3459
730 18023 634 3381
878 21430 710 3438
726 16373 609 3396
820 18371 660 3389
802 17825 648 3344
783 18419 603 3385
831 20055 645 3409
756 17875 630 3356
769 18563 698 3377
724 18220 604 3364
837 20115 647 3418
773 18726 637 3361
840 19763 636 3394
772 17841 706 3385
898 20658 733 3375
776 18876 633 3381
728 17328 592 3372
887 22201 726 3364
817 19832 620 3386
831 20100 626 3440
802 19632 669 3479
712 17622 660 3336
845 19430 758 3373
649 15726 606 3408
817 17561 604 3374
789 18581 659 3392
914 21622 671 3406
798 19444 698 3405
818 19805 700 3400
806 19453 661 3398
762 17688 655 3390
798 18261 636 3417
866 19512 637 3388
919 23186 650 3417
863 19159 656 3395
770 19600 601 3358
820 19626 676 3379
806 19245 582 3404
838 20345 620 3334
876 21680 692 3462
886 19565 643 3433
799 20261 659 3413
843 20651 644 3376
824 18036 659 3404
792 18667 663 3404
810 18379 651 3403
798 19312 613 3385
781 18976 675 3340
754 17961 628 3430
836 20837 637 3374
754 18335 578 3425
812 19599 706 3408
812 19485 653 3350
724 18304 683 3334
936 20758 665 3436
757 17966 667 3371
749 17990 631 3395
794 19319 695 3367
814 18673 686 3404
839 20120 669 3436
844 20980 610 3416
785 18761 604 3428
853 20871 682 3380
743 17269 710 3399
834 20537 641 3417
776 19239 673 3395
855 20083 633 3441
779 18341 672 3376
794 19630 600 3401
740 17239 667 3375
829 19841 655 3386
822 21009 636 3417
806 20000 614 3354
785 19196 616 3416
884 22004 721 3407
823 20322 709 3392
778 18974 647 3393
805 18638 631 3343
757 18443 609 3379
858 20032 635 3394
770 19260 646 3370
725 17671 648 3426
712 17028 653 3347
743 17748 700 3386
760 17893 644 3368
925 22085 705 3459
776 16847 636 3396
773 18140 598 3378
790 18788 623 3412
861 19579 690 3387
747 18226 648 3348
750 17381 636 3414
750 18418 674 3413
745 17628 682 3321
823 20558 598 3330
872 22061 676 3362
867 20710 629 3340
857 19391 640 3398
786 18005 680 3370
802 19340 614 3365
754 17416 615 3443
760 18428 639 3359
844 19019 672 3385
765 18216 646 3433
791 18944 659 3376
834 19336 703 3398
747 18283 605 3421
901 22476 623 3415
883 22389 624 3454
753 17369 646 3417
881 20064 587 3368
650 15905 596 3349
861 21001 603 3415
785 19722 730 3373
818 18417 717 3400
850 19210 726 3411
877 21013 642 3362
877 20584 679 3387
733 17276 647 3355
729 17191 626 3412
747 18366 630 3360
862 21172 683 3435
826 19890 705 3450
742 17576 663 3386
693 16966 620 3371
807 19900 656 3420
774 17979 674 3376
802 18881 624 3363
802 17858 637 3387
856 19554 602 3416
982 24899 651 3451
791 19444 634 3404
784 19557 620 3370
766 18504 719 3337
805 19361 648 3389
742 18296 658 3421
848 19501 672 3379
783 18218 597 3376
734 18000 603 3370
836 20046 591 3441
826 18960 653 3424
750 19382 654 3400
791 17846 606 3396
852 20974 620 3443
804 18421 617 3443
799 18030 629 3345
714 17275 615 3367
786 18578 607 3391
751 17419 625 3437
664 16161 608 3428
824 19971 599 3393
821 19319 732 3389
782 17845 690 3384
842 20796 709 3397
794 19509 647 3379
766 17004 646 3412
857 20935 691 3459
752 18534 661 3344
950 24252 726 3460
808 19662 708 3388
897 20951 585 3383
808 19731 644 3419
789 18913 624 3406
786 19672 626 3455
829 20043 665 3376
815 19198 619 3397
892 20879 730 3356
879 21264 688 3404
865 21202 760 3337
815 19763 610 3408
821 20068 636 3458
878 20323 713 3379
800 19124 676 3388
769 18239 707 3411
765 18506 620 3430
799 19657 665 3337
844 20134 701 3397
744 17668 604 3367
770 18244 611 3401
853 21779 608 3395
847 20232 663 3372
791 19228 605 3450
842 20362 634 3429
790 19345 634 3405
784 18847 681 3350
812 18228 654 3419
793 18241 654 3360
924 20859 704 3377
743 17486 711 3318
863 21048 711 3359
726 17404 593 3389
814 19425 637 3402
707 17349 685 3410
690 16006 611 3371
765 17124 668 3396
794 18568 603 3362
800 19038 597 3366
795 18238 631 3415
882 22162 630 3424
760 17492 691 3414
720 17142 640 3411
922 22519 661 3417
