4 1.70754
769 17376 591 3400
757 18328 592 3330
723 18114 567 3355
667 15844 652 3316
647 16373 586 3430
686 15917 619 3404
740 17695 570 3361
701 17171 600 3329
718 16832 630 3340
658 16656 597 3416
663 16992 644 3353
729 17777 587 3360
709 17116 643 3374
723 17143 617 3411
724 17452 592 3387
718 18086 593 3367
715 16829 640 3395
664 16518 597 3416
721 16827 629 3394
721 16827 629 3394
822 20513 620 3331
778 18788 570 3361
736 16481 595 3438
717 16388 661 3387
702 17971 693 3357
672 16846 597 3423
775 19347 600 3382
797 18041 609 3347
764 17971 576 3415
733 17367 633 3389
698 16678 619 3404
730 17914 644 3345
702 17431 610 3368
724 17112 652 3335
747 17671 624 3332
700 16412 619 3404
710 17757 601 3353
672 16846 597 3423
716 17755 658 3336
735 17628 628 3341
672 16846 597 3423
725 17464 592 3387
735 17549 608 3384
672 16918 620 3420
712 16524 661 3383
734 18004 626 3349
725 17464 592 3387
830 20303 608 3360
796 19302 570 3361
778 18449 624 3332
765 17576 755 3379
736 16528 595 3438
712 17694 628 3465
690 17387 665 3452
779 18178 709 3335
711 16710 629 3405
706 17029 681 3442
741 18600 610 3365
807 18349 625 3345
727 17528 592 3387
745 18053 608 3384
718 16807 661 3391
737 17926 644 3358
690 17387 665 3452
704 16798 670 3460
736 17758 618 3381
732 18394 601 3374
742 18137 650 3347
795 18404 625 3346
729 17728 667 3372
720 17732 670 3375
742 18418 610 3353
693 17009 644 3448
693 17009 644 3448
705 16963 653 3462
723 17952 629 3356
722 18343 653 3382
706 17029 681 3442
741 18354 628 3341
725 17716 593 3439
718 16852 661 3383
705 16963 653 3462
741 18354 628 3341
704 16798 670 3460
718 16852 661 3383
880 22349 620 3360
796 19305 570 3361
789 18597 624 3332
738 16541 595 3438
733 18106 694 3367
690 17657 665 3456
801 18562 685 3352
773 19535 608 3380
742 18348 592 3401
703 17061 651 3448
718 17041 661 3383
731 18237 608 3411
778 18829 636 3336
738 17135 629 3405
712 17665 671 3439
712 17724 662 3435
734 17788 653 3444
712 17815 692 3423
739 17722 617 3399
748 18220 639 3388
763 18320 625 3382
768 17982 648 3360
767 18147 637 3373
712 17815 692 3423
757 18645 611 3364
733 18442 633 3373
732 18177 668 3369
776 18889 610 3364
728 18351 644 3363
782 18569 634 3358
754 17790 592 3387
741 18107 644 3358
716 18059 644 3410
779 18078 620 3386
781 18846 652 3333
749 18065 616 3407
748 18220 639 3388
749 18065 616 3407
779 18852 624 3332
771 18184 634 3364
741 18659 610 3365
748 18012 644 3358
741 18659 610 3365
748 18012 644 3358
929 20811 597 3395
908 23013 620 3360
869 22679 583 3374
798 19339 636 3335
747 16896 595 3438
733 18114 694 3375
717 17173 661 3472
706 17307 681 3450
860 21123 592 3386
895 20146 592 3398
718 17860 670 3465
824 19900 608 3377
792 18698 684 3340
834 19660 608 3379
762 18368 602 3427
795 19538 644 3352
745 18146 644 3358
750 18965 610 3373
729 17339 681 3442
861 21068 602 3401
746 17503 661 3383
787 18020 592 3424
785 18084 631 3417
801 18883 613 3380
743 18282 670 3376
810 18728 625 3346
781 19331 610 3365
810 19241 636 3335
808 17928 613 3410
770 18948 595 3433
791 18621 620 3417
757 17494 652 3412
828 19722 592 3403
784 17693 644 3412
739 18035 623 3428
756 17283 681 3433
733 18114 694 3375
729 17339 681 3442
768 18703 637 3376
800 18681 625 3393
769 19233 637 3365
717 17173 661 3472
809 19309 609 3405
863 18677 619 3384
735 18142 646 3467
794 18669 634 3381
735 18142 646 3467
740 17331 657 3440
740 17331 657 3440
751 18719 627 3381
757 17494 652 3412
751 18719 627 3381
737 17930 670 3385
743 18282 670 3376
863 18677 619 3384
737 17930 670 3385
798 19339 636 3335
908 23154 620 3360
860 21147 592 3386
810 19333 636 3335
801 18141 755 3379
738 18177 646 3486
706 17409 681 3450
740 17944 724 3419
747 17753 694 3398
737 18146 694 3375
853 20934 602 3404
767 19000 615 3467
856 20441 592 3403
843 20092 608 3391
837 19634 608 3443
780 18179 656 3430
761 18290 662 3361
796 17861 651 3423
830 19456 634 3358
838 19117 625 3413
774 17887 674 3447
813 18818 650 3392
825 18602 646 3436
769 19245 623 3406
790 19047 624 3435
747 18293 647 3401
853 18544 646 3403
783 17420 633 3462
779 17953 687 3385
818 19243 618 3436
806 19457 618 3377
772 18093 684 3402
756 18990 675 3380
786 19366 644 3363
751 17930 638 3444
854 20177 608 3382
786 18972 639 3379
777 19573 620 3383
856 20199 625 3359
777 19140 629 3402
830 19456 634 3358
828 18669 637 3382
764 17519 630 3448
783 17420 633 3462
784 19358 612 3404
779 18802 630 3404
765 18973 644 3372
747 17753 694 3398
760 18988 694 3371
760 19028 653 3367
755 18660 686 3378
760 19028 653 3367
764 17519 630 3448
755 18660 686 3378
765 18973 644 3372
908 23199 620 3360
860 21161 592 3386
815 19593 636 3335
793 20261 637 3484
793 18197 755 3383
777 17649 664 3454
743 18383 692 3453
871 20678 592 3403
766 18425 738 3417
859 21039 616 3395
764 18844 711 3402
848 19875 634 3358
767 19582 648 3447
800 19295 655 3420
824 19546 636 3335
831 18710 669 3376
793 18434 653 3460
763 18486 663 3407
841 19951 634 3369
780 19943 644 3394
804 19075 665 3363
809 20275 631 3404
814 20054 625 3418
805 19464 649 3390
798 20363 620 3387
801 19859 640 3400
819 19676 619 3381
793 18197 755 3383
770 18616 672 3380
767 19026 677 3387
776 19285 660 3418
749 18409 670 3419
772 18347 686 3361
800 20019 644 3369
771 18950 670 3361
772 18347 686 3361
748 18464 670 3418
860 21161 592 3386
860 21161 592 3386
772 18347 686 3361
772 18347 686 3361
934 21314 608 3395
919 23284 620 3360
871 20709 592 3403
865 20704 652 3341
822 19662 649 3437
794 18378 755 3379
793 18211 755 3383
770 19256 687 3422
822 18443 731 3369
892 21830 634 3366
857 20160 626 3406
847 20388 674 3354
852 21873 620 3383
800 19094 685 3361
922 23275 620 3375
780 20480 659 3425
816 20989 620 3390
834 20457 671 3342
787 20023 644 3401
832 19599 646 3386
823 20493 636 3393
853 20274 657 3357
813 19405 667 3382
813 19405 667 3382
830 20220 647 3366
853 19298 670 3361
865 19693 636 3402
787 19721 678 3371
772 18548 686 3374
787 19721 678 3371
815 20384 643 3383
775 19215 670 3376
922 23275 620 3375
772 18548 686 3374
772 18548 686 3374
852 21873 620 3383
775 19215 670 3376
772 18548 686 3374
772 18548 686 3374
924 21543 694 3355
921 23371 620 3360
919 22234 618 3431
819 18554 755 3383
794 18372 755 3386
786 19020 696 3479
794 18803 713 3426
878 21811 630 3456
828 20049 681 3432
831 19379 711 3425
823 19552 705 3457
852 21972 620 3383
900 21950 669 3374
886 20208 657 3401
911 21366 625 3400
885 20376 651 3380
811 20162 694 3369
843 21234 637 3399
889 20648 643 3387
834 19564 676 3392
844 21023 661 3381
891 21944 633 3396
879 20974 674 3394
811 20162 694 3369
834 20527 661 3432
833 20749 660 3401
948 21625 666 3395
929 23808 620 3360
885 22163 726 3379
857 19525 713 3429
852 21983 620 3383
841 19916 678 3479
832 20239 695 3405
915 21642 653 3380
849 20406 686 3446
878 21177 670 3388
937 22102 658 3404
927 23268 667 3382
890 21954 744 3400
868 22071 647 3442
859 20999 700 3451
903 21920 688 3409
987 24560 670 3417
911 22022 694 3478
905 21946 613 3337
788 19774 634 3317
756 18046 566 3396
722 16591 681 3319
714 16876 615 3445
669 15591 669 3440
668 16920 576 3436
893 21664 626 3322
832 20724 608 3348
731 17303 569 3400
754 18613 667 3325
777 19296 603 3351
825 20104 582 3372
796 19443 596 3382
688 16566 624 3347
680 15822 652 3442
777 19482 598 3368
682 16064 652 3438
722 18257 597 3375
676 17070 672 3396
696 17485 608 3350
689 17214 608 3384
705 16627 681 3319
684 16120 631 3439
684 16954 582 3396
705 17205 598 3369
942 23914 606 3369
734 17678 569 3424
722 16614 681 3319
713 17096 630 3472
696 15958 652 3442
677 17388 672 3407
831 20621 634 3335
839 20554 592 3409
771 18168 650 3349
814 19254 597 3379
716 17167 626 3444
812 19940 578 3420
762 17592 611 3375
824 20468 641 3331
800 19723 602 3387
797 19802 634 3337
774 19457 608 3352
719 17349 588 3412
730 17504 662 3365
741 17717 599 3402
677 17388 672 3407
807 20194 658 3334
740 17141 624 3362
690 16760 637 3368
712 17781 608 3356
803 20251 593 3401
686 17109 661 3417
797 20106 642 3336
696 16907 634 3374
707 17495 606 3377
740 17617 619 3367
712 17256 619 3396
712 17256 619 3396
712 17256 619 3396
712 17256 619 3396
712 17256 619 3396
712 17256 619 3396
712 17256 619 3396
917 20738 603 3406
862 22385 595 3403
789 19039 585 3441
768 17366 681 3331
702 18125 702 3386
696 15983 652 3442
695 17708 672 3407
875 22061 671 3337
914 21731 594 3418
797 19888 634 3338
852 21154 602 3379
824 20870 601 3396
763 19153 691 3341
787 18865 663 3351
695 16806 647 3433
772 17770 592 3440
788 18201 657 3358
711 17607 628 3424
793 19552 599 3409
734 17210 662 3384
743 18108 624 3369
780 18657 608 3375
710 17290 672 3390
774 19156 610 3363
740 17718 701 3360
746 17483 601 3429
750 18045 650 3363
778 18891 615 3392
717 17130 635 3404
768 19501 608 3362
707 18592 624 3386
760 17195 631 3435
727 17164 642 3393
779 18266 596 3414
698 16889 645 3404
722 17400 630 3399
753 18280 634 3360
714 17593 620 3401
723 17503 604 3416
742 18595 640 3376
783 18174 598 3434
761 18624 622 3381
701 17293 644 3390
754 17315 646 3381
757 18249 619 3395
750 18045 650 3363
702 18125 702 3386
764 18958 608 3392
755 18596 600 3416
738 17364 639 3393
784 18637 608 3398
738 17364 639 3393
757 18249 619 3395
723 17575 635 3394
723 17575 635 3394
901 22149 598 3424
883 22771 595 3403
875 22091 671 3337
847 20168 593 3465
750 17703 743 3388
696 16197 652 3442
695 17315 668 3495
695 16860 657 3509
810 19805 732 3342
855 21279 608 3370
767 18303 686 3372
847 20301 610 3382
713 17155 648 3466
869 22513 597 3408
788 17948 594 3448
733 18422 624 3417
791 19028 663 3351
841 18624 611 3415
776 19169 654 3375
860 19544 614 3384
814 19947 634 3345
740 17733 621 3407
831 19916 600 3424
748 17602 616 3430
695 17315 668 3495
726 17606 634 3411
782 18022 609 3464
801 18664 598 3434
793 19532 637 3368
769 19055 602 3438
718 17436 660 3407
828 19305 634 3361
825 19332 614 3396
743 17751 645 3396
703 17310 677 3394
783 19263 631 3385
767 18303 686 3372
713 17155 648 3466
753 18522 664 3364
773 17763 669 3395
800 20198 634 3340
764 18941 628 3397
731 17689 612 3429
745 17935 671 3391
757 18327 662 3386
756 18765 638 3390
808 19289 649 3378
800 18352 646 3392
819 18095 604 3416
703 17310 677 3394
774 18823 660 3389
757 18201 609 3437
740 18902 649 3387
707 17340 672 3390
753 17647 613 3443
707 17340 672 3390
807 17946 638 3401
764 18941 628 3397
781 18325 658 3372
819 18095 604 3416
702 17509 651 3400
792 19819 638 3372
702 17509 651 3400
809 19529 630 3364
811 19493 603 3423
751 18248 630 3395
811 19493 603 3423
730 17440 646 3397
811 18056 611 3416
727 17449 634 3409
828 19526 608 3388
756 18765 638 3390
782 18022 609 3464
753 17647 613 3443
727 17449 634 3409
800 18352 646 3392
703 17310 677 3394
703 17310 677 3394
695 17315 668 3495
703 17310 677 3394
695 17315 668 3495
987 22710 626 3390
892 23127 671 3337
889 23148 671 3344
883 22786 595 3403
778 17856 616 3469
750 17754 743 3388
696 16322 652 3442
696 16322 652 3442
932 22393 630 3381
811 19870 735 3347
859 21741 631 3374
842 21251 663 3369
731 17479 659 3400
859 20566 725 3357
907 20879 680 3367
799 18531 609 3456
898 22701 671 3338
711 18150 693 3406
724 17703 701 3411
754 18781 716 3375
878 20930 666 3345
725 17637 687 3433
906 22082 638 3360
874 19728 604 3416
853 20791 704 3359
778 17856 616 3469
767 18589 679 3381
889 22049 602 3425
817 20268 687 3378
780 18372 646 3407
833 18677 601 3442
789 18817 621 3407
735 17534 656 3402
791 19058 642 3394
744 17736 633 3420
805 19941 650 3387
857 20643 608 3391
750 17541 647 3450
723 18091 651 3406
808 20619 642 3385
877 20000 614 3392
747 18005 627 3424
769 19044 613 3429
798 19912 708 3359
792 18855 638 3404
844 20463 692 3361
819 19297 635 3391
823 19217 688 3379
766 18451 721 3397
827 20459 670 3376
760 18227 610 3451
785 19246 612 3431
792 18046 616 3430
811 18066 611 3416
775 19510 643 3406
789 18890 690 3380
883 22786 595 3403
786 18451 615 3437
767 17689 658 3397
830 19990 610 3421
846 19336 660 3389
765 18572 722 3364
775 19554 670 3389
798 19912 708 3359
731 17479 659 3400
770 18934 654 3402
765 18572 722 3364
816 19537 633 3379
886 19374 604 3416
898 22781 671 3337
837 18286 604 3424
826 19714 615 3396
828 19371 609 3440
779 18142 612 3439
771 19334 654 3392
848 19682 610 3406
844 19640 630 3389
760 18227 610 3451
840 19711 610 3420
822 19510 603 3423
751 18278 647 3406
750 17541 647 3450
837 18286 604 3424
822 19510 603 3423
786 18451 615 3437
883 22786 595 3403
883 22786 595 3403
925 22707 620 3392
908 22929 671 3337
883 22940 595 3403
771 18169 743 3388
719 16396 652 3442
705 17410 705 3497
865 21986 684 3377
863 20637 725 3357
881 20043 712 3367
850 19328 605 3473
706 16518 652 3450
751 17782 692 3434
744 18306 661 3424
888 21099 702 3360
901 20737 613 3398
822 19527 603 3423
842 21633 637 3386
761 19111 634 3454
800 19097 666 3401
807 18868 702 3384
779 18170 730 3404
858 19656 677 3393
839 19701 643 3407
851 21193 676 3384
826 18354 611 3448
778 17884 616 3469
756 18505 700 3409
836 20257 618 3417
758 18033 672 3411
824 18481 616 3461
790 20072 621 3410
789 19234 630 3429
809 19243 615 3446
779 18956 695 3387
744 18432 655 3420
848 19948 630 3389
784 18485 626 3444
918 22924 595 3403
883 22786 595 3408
864 20361 669 3387
745 17810 639 3443
786 19105 684 3385
849 20242 613 3418
839 19689 631 3418
930 22359 702 3360
888 21631 613 3436
728 17919 667 3496
722 17822 668 3476
784 19930 653 3444
821 19171 659 3477
904 21301 615 3406
892 22010 664 3388
788 20210 701 3405
789 18410 661 3427
855 20129 639 3446
920 21179 628 3436
860 20925 635 3433
853 20438 644 3405
864 20220 630 3389
817 19483 667 3402
809 20369 658 3423
802 19314 655 3438
795 20247 646 3425
862 21680 643 3402
919 21052 650 3408
886 21712 683 3389
805 19252 705 3431
741 18278 675 3487
790 18927 690 3440
808 19703 667 3433
863 20488 652 3440
868 20491 693 3413
887 21194 687 3409
995 23495 672 3413
936 22171 739 3430
825 20202 673 3440
881 20465 677 3471
730 18340 582 3345
715 16180 669 3343
700 18277 608 3332
695 15718 621 3378
690 17120 566 3353
664 16272 585 3401
727 17051 653 3337
704 15938 637 3358
671 16523 632 3350
693 15828 622 3397
676 17354 568 3351
680 17254 592 3357
682 16199 640 3346
715 16318 634 3343
676 17354 568 3351
676 17354 568 3351
920 22990 596 3347
897 21900 731 3334
762 16764 622 3476
739 18712 576 3439
703 16449 642 3383
689 16984 618 3413
835 20514 627 3346
851 20142 621 3346
728 17696 698 3344
712 16652 685 3351
794 19370 592 3366
800 18870 624 3349
762 16764 622 3476
691 16818 637 3449
708 17379 663 3366
755 17142 614 3427
693 16968 643 3421
777 19941 608 3362
741 17152 669 3343
718 18147 612 3370
756 17564 576 3403
729 18555 596 3395
732 17627 611 3390
785 18986 630 3356
774 18252 588 3381
783 17935 634 3360
755 18668 587 3379
767 19158 630 3357
691 16818 637 3449
749 17791 576 3418
696 17467 585 3401
769 18351 637 3353
738 17875 608 3366
726 16585 653 3348
726 16585 653 3348
736 17224 669 3343
718 17237 609 3403
745 17544 614 3395
729 17774 632 3392
758 18548 576 3368
784 18482 634 3357
742 17490 622 3393
696 17467 585 3401
738 16457 624 3399
777 17882 634 3363
722 16594 637 3354
738 16457 624 3399
722 16544 653 3352
728 17575 627 3394
728 17575 627 3394
722 16544 653 3352
741 17152 669 3343
741 17152 669 3343
741 17152 669 3343
846 19966 587 3374
844 21067 608 3370
741 17171 669 3343
739 18731 576 3439
734 18446 588 3456
715 17183 709 3376
714 16488 642 3383
689 17127 635 3442
822 20257 616 3362
762 19205 580 3384
713 17785 676 3414
713 17008 708 3424
709 17576 598 3431
800 18820 601 3375
816 20077 584 3381
786 19147 632 3368
711 17134 658 3425
743 17403 645 3364
726 16655 653 3352
741 16957 627 3417
783 18894 627 3380
805 19173 634 3355
749 16630 640 3390
726 16655 653 3352
764 17994 614 3400
779 18191 609 3395
689 17127 635 3442
726 18134 595 3423
821 18319 634 3373
750 18249 592 3437
754 17050 624 3407
701 17493 634 3416
773 17906 623 3395
772 18013 635 3367
722 18206 617 3423
744 18245 587 3450
755 17827 628 3391
802 17780 637 3358
744 18245 587 3450
701 17493 634 3416
780 18417 594 3423
761 18708 576 3386
758 18610 592 3386
761 18592 619 3389
805 17863 624 3400
717 17046 630 3434
713 17785 676 3414
735 18530 618 3415
769 18182 634 3381
756 18161 621 3411
803 18633 634 3365
739 18731 576 3439
715 17164 709 3377
717 17046 630 3434
712 17075 622 3424
735 17762 637 3403
765 18893 629 3383
776 18632 634 3376
766 17708 633 3406
735 17762 637 3403
756 18161 621 3411
766 17708 633 3406
760 18461 616 3405
722 18206 617 3423
713 18170 642 3415
713 17008 708 3424
760 18461 616 3405
760 17166 618 3424
713 17008 708 3424
713 17008 708 3424
713 17008 708 3424
869 22163 608 3372
841 20732 580 3410
741 17224 669 3343
727 16656 653 3365
723 17837 635 3463
715 17197 709 3376
712 17609 676 3425
772 17081 680 3352
821 21285 608 3381
720 17307 708 3424
742 17192 670 3350
826 20098 606 3392
861 20715 592 3385
715 17654 651 3440
766 18168 658 3354
741 17224 669 3343
802 19804 611 3387
846 20406 634 3356
727 17594 637 3418
859 20293 593 3406
786 19041 615 3428
806 19045 596 3406
751 17240 639 3431
791 18227 629 3455
830 20600 601 3380
850 20221 619 3380
756 19304 625 3420
757 18635 587 3450
725 17332 649 3456
765 18095 645 3381
776 19136 602 3421
772 19576 609 3435
753 18522 620 3454
813 18636 650 3368
768 18626 619 3403
771 18618 622 3410
800 20596 585 3401
813 18636 650 3368
723 17837 635 3463
726 17988 639 3430
712 17609 676 3425
803 18884 650 3372
794 19627 608 3396
726 16733 653 3355
801 18815 617 3421
784 19577 637 3399
766 18745 621 3401
833 19102 630 3389
794 19421 592 3412
773 17648 641 3407
720 17307 708 3424
766 17358 633 3413
763 17780 647 3395
833 19102 630 3389
726 16733 653 3355
843 20532 640 3378
793 18529 643 3395
757 18792 592 3437
791 20331 602 3398
737 17168 650 3390
720 18411 632 3426
797 18444 640 3398
734 18574 650 3395
763 17780 647 3395
757 18635 587 3450
755 17454 633 3430
844 20533 619 3376
800 19137 608 3392
757 18440 616 3427
773 19230 610 3411
737 17168 650 3390
761 19188 611 3421
784 19577 637 3399
734 18574 650 3395
846 20130 634 3378
761 19188 611 3421
843 20532 640 3378
755 17454 633 3430
773 19230 610 3411
757 18792 592 3437
795 19048 634 3396
795 19048 634 3396
720 18411 632 3426
766 17358 633 3413
803 18884 650 3372
741 17224 669 3343
883 21095 642 3382
869 22174 608 3383
856 21653 580 3410
767 16947 656 3357
747 17311 669 3343
737 18051 725 3371
731 18006 657 3513
715 17228 709 3376
761 18683 587 3450
859 22067 624 3397
756 17053 682 3389
729 17608 676 3423
852 19567 630 3389
787 18911 619 3415
727 18511 632 3426
870 21602 580 3410
797 20289 602 3435
875 20749 613 3399
752 17857 664 3389
763 18300 654 3365
756 18755 668 3355
834 19689 634 3396
781 19529 634 3419
807 19109 608 3437
873 20940 651 3379
815 18185 654 3356
788 19257 648 3394
739 18573 666 3419
839 20566 597 3407
762 19085 593 3448
839 20566 597 3407
794 20015 651 3388
763 17716 642 3420
803 18023 647 3395
794 18753 619 3431
774 18755 653 3401
744 17966 682 3380
795 19983 607 3435
821 19254 605 3406
808 19844 604 3409
791 20770 610 3400
803 20398 602 3426
775 17924 648 3405
827 19757 610 3404
790 18719 639 3418
804 19785 602 3431
791 19830 642 3403
817 20598 593 3418
817 19214 639 3395
762 19085 593 3448
804 19189 648 3387
827 19757 610 3404
820 19794 633 3407
744 17966 682 3380
853 20754 594 3408
870 21602 580 3410
853 20754 594 3408
808 19844 604 3409
788 19257 648 3394
946 22212 608 3445
915 22248 613 3415
818 20322 602 3446
757 17740 669 3343
742 18740 639 3504
717 17284 709 3376
717 17284 709 3376
715 17296 709 3376
822 20963 609 3436
770 19267 661 3465
754 18507 698 3344
751 17528 689 3420
797 18799 661 3361
771 18138 642 3441
854 20389 628 3404
911 20266 619 3405
753 17815 672 3395
870 19801 655 3380
852 19591 630 3389
882 20375 618 3413
835 19540 650 3398
838 18868 622 3444
823 19001 608 3457
877 22244 606 3435
812 19907 618 3415
818 19018 636 3425
793 18771 642 3420
807 19662 648 3394
801 19399 635 3421
872 18610 655 3418
817 19661 645 3396
821 18962 622 3463
812 19408 621 3423
809 18687 650 3416
955 23333 621 3424
877 22172 609 3438
864 20616 618 3446
769 17992 669 3343
739 17368 709 3376
717 17505 709 3380
760 18212 681 3353
852 19606 630 3389
809 20673 665 3404
825 18985 644 3446
831 19874 649 3407
833 20905 620 3445
808 19727 667 3426
823 20530 630 3435
818 18379 668 3442
846 20851 645 3413
828 20411 645 3420
830 20614 667 3409
957 24349 628 3488
810 18010 672 3347
796 18882 698 3344
751 18267 709 3376
916 22185 636 3403
872 22864 631 3429
854 19777 661 3461
771 18659 699 3387
884 21166 638 3407
852 20954 655 3412
810 18010 672 3347
832 20285 665 3417
800 19160 683 3394
881 21100 641 3440
862 20313 644 3396
775 19187 681 3396
842 19379 669 3347
989 22700 666 3407
856 20366 685 3412
816 18466 696 3370
783 18383 709 3387
834 20532 678 3371
784 20211 686 3403
914 22053 721 3420
846 20549 700 3437
803 20172 724 3401
867 19347 547 3430
856 21293 627 3350
789 19715 660 3335
663 16014 587 3364
656 16258 597 3365
826 20323 633 3343
708 17083 576 3411
750 18353 584 3373
677 17337 560 3396
704 17462 643 3336
735 17984 585 3383
677 16467 584 3405
689 16642 592 3351
732 18064 635 3346
738 16884 636 3348
689 16642 592 3351
916 22933 577 3406
828 20159 660 3335
812 19560 564 3429
782 19050 564 3448
737 17016 672 3375
688 16470 584 3405
684 16957 586 3408
891 22093 578 3404
834 19878 628 3367
821 20205 582 3401
706 17341 611 3371
752 18132 566 3425
791 19067 639 3353
791 19937 566 3414
765 19156 651 3339
785 18334 606 3378
729 17792 655 3338
698 16762 659 3397
758 18107 585 3383
727 17195 644 3373
826 18785 596 3380
776 19867 643 3348
708 17089 608 3374
755 18710 650 3368
696 16811 595 3383
789 19547 643 3368
755 17150 590 3383
776 19867 643 3348
688 16470 584 3405
698 16908 643 3380
828 20159 660 3335
684 16957 586 3408
828 20159 660 3335
828 20159 660 3335
895 22442 578 3404
858 20453 660 3335
800 18684 698 3351
796 19446 564 3448
698 16567 640 3439
693 17050 680 3481
693 17050 680 3481
754 18243 604 3384
730 17455 608 3374
768 18655 624 3372
703 16583 584 3409
843 20243 628 3368
748 18776 672 3344
824 20078 566 3425
736 17799 671 3353
805 19211 595 3383
786 19560 654 3362
881 20357 640 3363
698 16993 595 3404
791 17317 586 3407
811 19492 572 3426
820 20304 566 3429
784 20086 643 3364
798 20235 643 3348
734 17930 584 3405
800 19290 580 3445
793 19741 580 3446
698 16993 595 3404
799 19609 580 3446
798 19690 580 3446
799 19609 580 3446
916 22799 578 3404
870 21034 566 3425
807 20354 643 3348
799 19612 580 3446
787 19176 738 3355
722 16764 666 3437
706 17591 697 3446
721 17092 595 3404
735 17610 608 3382
840 21028 577 3439
818 18934 722 3349
708 16953 584 3409
840 19202 628 3372
718 17571 636 3407
807 19584 722 3357
798 19335 699 3358
769 18951 681 3363
734 18099 608 3381
769 18304 673 3376
772 18741 691 3360
722 16844 658 3431
789 18407 674 3369
775 17882 619 3380
789 19356 656 3372
724 16942 689 3420
785 19809 672 3370
814 19613 614 3375
779 19692 666 3379
725 16832 690 3423
795 19648 616 3380
706 17591 697 3446
786 18289 673 3378
717 16916 697 3437
805 19739 672 3370
789 19065 672 3377
735 17610 608 3382
724 16942 689 3420
798 19791 580 3446
717 16916 697 3437
789 19065 672 3377
788 19649 666 3372
798 19791 580 3446
916 22842 578 3404
831 20449 674 3351
818 19239 772 3363
728 16810 721 3448
723 16969 658 3497
709 17295 677 3416
871 20728 642 3380
855 21315 592 3410
822 21074 649 3353
757 17861 600 3479
782 18635 756 3378
800 19467 739 3359
762 17006 586 3464
741 17476 617 3477
844 21310 639 3376
801 19661 705 3373
846 19933 717 3364
744 18044 643 3401
734 17257 635 3445
760 17812 624 3452
808 19508 611 3391
786 18517 595 3422
793 17979 608 3434
716 17739 629 3461
806 19861 580 3446
736 17672 665 3389
789 19272 620 3408
818 18671 619 3384
790 18664 730 3380
752 17354 687 3406
829 19105 710 3379
793 17979 608 3434
714 17825 672 3431
863 20191 670 3377
823 19448 692 3379
823 19448 692 3379
860 20358 672 3368
756 17133 632 3456
803 19705 608 3397
799 18115 690 3388
723 18163 600 3420
812 18951 587 3461
829 19105 710 3379
756 17133 632 3456
812 18951 587 3461
752 17354 687 3406
776 20010 722 3380
805 19758 672 3370
863 20191 670 3377
739 18098 633 3432
768 17485 673 3413
785 19536 586 3411
781 18873 727 3369
776 20010 722 3380
857 20261 716 3366
768 17485 673 3413
724 16969 689 3420
804 19465 615 3398
796 18804 724 3368
739 18322 662 3399
786 18517 595 3422
789 17617 723 3394
727 18289 643 3404
789 17617 723 3394
784 18854 624 3400
744 17370 625 3447
765 18119 636 3381
764 18484 639 3382
727 17659 674 3406
734 17257 635 3445
764 18484 639 3382
857 20261 716 3366
714 17825 672 3431
795 18761 632 3384
739 18322 662 3399
716 17739 629 3461
790 17688 618 3445
781 18873 727 3369
744 17370 625 3447
801 18800 716 3373
765 18119 636 3381
795 18761 632 3384
859 20231 716 3366
801 18800 716 3373
724 16969 689 3420
859 20231 716 3366
916 22843 578 3404
881 20746 685 3351
782 18655 756 3378
752 18250 616 3484
732 16878 721 3451
719 17719 680 3480
848 21820 714 3362
860 20960 598 3449
832 19876 616 3418
837 21124 650 3364
759 17640 632 3464
743 17547 660 3458
818 19615 600 3440
724 17310 689 3419
868 20492 716 3366
825 18138 701 3393
748 17657 658 3469
770 18791 611 3425
756 17016 745 3440
777 19383 641 3409
719 17719 680 3480
763 19164 700 3401
802 19615 727 3369
782 18182 670 3436
757 18919 744 3396
793 18223 612 3445
842 18221 647 3389
748 17959 704 3405
772 18286 623 3423
790 18717 607 3442
737 18257 655 3452
788 20523 722 3380
734 18002 678 3406
805 19573 621 3399
783 18501 668 3386
747 17189 732 3437
747 17189 732 3437
780 19218 654 3381
782 18655 756 3378
742 18967 676 3442
810 19086 716 3373
764 18417 664 3444
766 19042 704 3400
862 18806 732 3368
724 17310 689 3419
732 16878 721 3451
847 20516 622 3388
810 19086 716 3373
789 18424 639 3386
785 18270 637 3390
777 19383 641 3409
805 19769 672 3370
771 18873 673 3404
805 19769 672 3370
778 18361 640 3398
770 20497 711 3398
868 20492 716 3366
774 18958 715 3383
868 20492 716 3366
785 18270 637 3390
780 18408 672 3397
772 18368 716 3383
770 20497 711 3398
774 18958 715 3383
868 20492 716 3366
941 22502 722 3369
929 23444 635 3391
927 23140 578 3404
871 21639 782 3366
792 19201 620 3508
743 17052 721 3451
734 18111 703 3432
790 18933 756 3378
768 19296 654 3477
870 20555 604 3451
886 20328 670 3383
759 18535 632 3489
738 17377 697 3437
873 20648 639 3402
855 21237 683 3371
851 19938 727 3369
840 19768 613 3430
747 18711 680 3481
825 21102 666 3383
861 20462 697 3377
764 18602 679 3410
832 21616 738 3371
794 19409 690 3385
802 19480 651 3394
800 19219 638 3418
832 21616 738 3371
752 18599 702 3414
755 18534 688 3437
851 19569 608 3444
841 20906 609 3442
844 20616 705 3373
805 20198 622 3438
868 20862 628 3392
798 18752 688 3396
838 19801 703 3374
792 19011 627 3450
840 20706 659 3382
804 19530 672 3381
762 19018 688 3436
820 19596 634 3405
797 19336 629 3433
814 19710 656 3384
814 19710 656 3384
806 20212 622 3418
844 20616 705 3373
806 20212 622 3418
820 19596 634 3405
895 21829 672 3382
882 20283 627 3459
868 20543 625 3422
865 22080 660 3392
857 20467 721 3381
829 19349 790 3384
739 18066 697 3449
804 18214 728 3434
781 19634 692 3417
831 19181 707 3415
893 20680 673 3407
793 19355 629 3451
859 19578 756 3388
821 19590 753 3385
894 21021 654 3397
847 21380 692 3387
837 19847 659 3415
823 20667 645 3427
856 20976 628 3437
800 19383 702 3431
841 20084 696 3385
828 20481 686 3426
849 19603 690 3397
803 19493 698 3390
864 20887 656 3397
931 22749 628 3432
901 21865 696 3397
856 20894 636 3465
851 19634 729 3443
739 18278 708 3457
816 19913 679 3457
835 20392 658 3454
921 22310 689 3412
847 20734 660 3418
920 22585 665 3415
839 19849 687 3435
953 23010 647 3485
900 22408 678 3422
867 20978 656 3465
840 21883 723 3438
939 21608 721 3447
922 21675 675 3431
905 21912 668 3481
754 17757 570 3408
726 18039 598 3318
713 16843 570 3412
711 16118 678 3443
711 16118 678 3443
697 16163 694 3436
672 16343 590 3413
683 16964 619 3360
709 17303 582 3327
728 17703 615 3320
743 17843 598 3319
700 16846 574 3424
715 16415 601 3357
692 17104 613 3352
697 16618 596 3357
692 17104 613 3352
697 17241 588 3441
764 17793 570 3408
754 18124 570 3412
744 18231 598 3318
722 16398 678 3443
722 16314 678 3446
683 16965 619 3360
727 18198 648 3339
763 18195 588 3403
737 17644 612 3348
704 16815 596 3416
715 16538 601 3357
748 17415 574 3428
752 17882 597 3336
714 17283 588 3433
693 17138 596 3416
728 17671 624 3350
748 17609 574 3424
689 16466 609 3433
745 18008 624 3337
731 17702 585 3418
722 17811 585 3417
704 17142 607 3414
729 18142 607 3352
710 17409 619 3356
744 18231 598 3318
717 17874 624 3350
710 17409 619 3356
744 18231 598 3318
704 16815 596 3416
744 18231 598 3318
704 16815 596 3416
902 21117 582 3442
744 18238 598 3318
724 16381 678 3446
716 16649 689 3443
712 17087 634 3464
695 17217 604 3431
878 19587 582 3459
789 17959 588 3434
766 18572 593 3445
788 17109 620 3400
763 17970 615 3346
746 17881 637 3354
720 17206 657 3405
697 17531 648 3367
721 18056 631 3379
714 17207 683 3385
727 17387 596 3420
706 17273 617 3418
711 17628 626 3381
758 18327 596 3416
724 16381 678 3446
719 17976 607 3414
720 17206 657 3405
742 17127 601 3370
729 18358 601 3369
768 17929 616 3359
697 17531 648 3367
741 17487 619 3360
723 16807 609 3433
729 18149 624 3350
740 16595 678 3437
721 16976 609 3433
734 18278 608 3384
722 16653 634 3384
714 17207 683 3385
718 17657 624 3407
724 17224 596 3440
718 17657 624 3407
733 17161 608 3445
724 16381 678 3446
722 17739 619 3356
765 17950 612 3348
768 17929 616 3359
765 17950 612 3348
722 17739 619 3356
740 16595 678 3437
765 18018 612 3348
760 18711 598 3318
759 17829 598 3430
735 16619 678 3446
734 16955 726 3434
729 18853 624 3350
708 17693 648 3367
716 16791 689 3443
745 18540 598 3325
742 18260 624 3350
716 16791 689 3443
708 17693 648 3367
763 16715 678 3437
737 18482 602 3378
722 17790 619 3356
745 17098 644 3396
746 17062 652 3412
754 17176 638 3426
758 17493 614 3415
751 17636 616 3403
733 17345 629 3446
764 17637 668 3386
754 18001 608 3380
755 16922 678 3437
728 17477 655 3397
738 17392 673 3384
750 17902 616 3424
732 17903 612 3434
729 17728 629 3384
727 17396 657 3397
744 18464 612 3417
736 18369 624 3350
734 18094 609 3424
747 17369 636 3430
722 17790 619 3356
727 17396 657 3397
736 17070 672 3445
764 17637 668 3386
753 18454 612 3421
747 17369 636 3430
722 17790 619 3356
727 17160 657 3416
753 18454 612 3421
734 18094 609 3424
727 17392 657 3405
722 17790 619 3356
727 17392 657 3405
722 17790 619 3356
722 17790 619 3356
722 17790 619 3356
722 17790 619 3356
722 17790 619 3356
722 17790 619 3356
722 17790 619 3356
716 16791 689 3443
817 19930 598 3318
750 18052 617 3457
742 17183 726 3434
718 16889 689 3443
717 17731 648 3367
739 17250 689 3436
752 19744 606 3375
796 18798 618 3373
742 17183 726 3434
759 17012 678 3450
793 18015 622 3413
729 18544 628 3389
727 17407 657 3405
767 19263 607 3345
737 17284 674 3421
779 17875 614 3419
772 18875 598 3330
773 18186 650 3359
727 18528 633 3399
736 17285 676 3429
761 18132 633 3418
758 19036 602 3408
717 17731 648 3367
750 19183 612 3340
755 18451 611 3409
727 17407 657 3405
746 17366 654 3432
736 18298 619 3356
747 19011 607 3363
733 17791 641 3375
733 17791 641 3375
770 18068 624 3411
766 18533 609 3420
760 18934 612 3344
742 18361 624 3350
751 19175 650 3345
742 18231 630 3436
744 18651 615 3412
771 17877 614 3419
744 18651 615 3412
745 18593 601 3409
727 18528 633 3399
745 18593 601 3409
742 18361 624 3350
742 18361 624 3350
771 17877 614 3419
771 17877 614 3419
742 18361 624 3350
814 18775 614 3419
811 19084 600 3462
791 19351 598 3334
776 19880 608 3373
759 17025 678 3450
745 17341 702 3441
729 18482 669 3399
799 19026 613 3378
759 19222 614 3370
742 18372 624 3350
735 17911 647 3423
759 17025 678 3450
736 18775 636 3433
769 18309 640 3357
781 17758 662 3409
744 18639 619 3356
773 19120 608 3397
761 17657 694 3448
785 17418 667 3448
771 18289 626 3411
774 18139 671 3398
759 17866 657 3431
762 18326 677 3404
765 19163 611 3415
767 17436 662 3458
812 18880 599 3376
791 18479 614 3427
814 18746 605 3448
761 17657 694 3448
795 18328 616 3447
734 17732 658 3418
771 18151 623 3427
761 18815 613 3440
767 17436 662 3458
795 18328 616 3447
776 19057 612 3397
771 18151 623 3427
734 17732 658 3418
814 18775 614 3419
761 18815 613 3440
922 22399 602 3347
892 22167 598 3450
823 20981 627 3340
763 17546 742 3444
759 17095 678 3450
748 18521 627 3487
739 18088 669 3441
743 18152 722 3424
872 21949 614 3376
777 17985 684 3434
857 20341 606 3449
835 20735 608 3378
886 19512 603 3388
796 19165 619 3356
816 18674 620 3405
810 19403 618 3398
814 20363 600 3464
779 18412 660 3428
754 18714 654 3371
759 18625 637 3354
804 20443 618 3351
790 18427 644 3373
755 18791 624 3380
780 17997 672 3453
801 19593 665 3347
765 18524 648 3363
821 18031 677 3433
806 19973 608 3382
776 19404 620 3458
743 18478 630 3380
785 17986 662 3464
772 18010 669 3435
775 19722 619 3360
823 19954 612 3450
767 18531 645 3377
774 19655 619 3368
831 19688 608 3382
762 18412 662 3449
816 19969 608 3380
814 20363 600 3464
806 19973 608 3382
932 21248 616 3403
917 21702 605 3455
900 22044 612 3411
828 21249 646 3349
760 18563 660 3462
759 17171 678 3450
745 19276 684 3405
745 18890 712 3415
836 19982 621 3376
888 21585 619 3399
828 20239 609 3427
779 18375 687 3434
791 18435 657 3390
763 18868 637 3354
748 18670 690 3431
765 19564 625 3406
815 19471 618 3435
775 18705 630 3386
907 21889 615 3412
801 18504 640 3440
751 18712 641 3385
804 19183 619 3459
764 18522 640 3419
750 18584 638 3410
928 21620 605 3459
928 21620 605 3459
892 20414 614 3429
853 21325 632 3459
832 18676 711 3390
783 18964 701 3354
759 18668 676 3491
759 17174 678 3457
866 20525 622 3382
803 18458 663 3418
795 19684 637 3382
775 18577 643 3439
822 18761 660 3405
803 18891 650 3387
779 19356 639 3381
836 18871 644 3401
829 19328 645 3396
787 19121 634 3409
794 18765 642 3433
779 18662 661 3421
789 18891 641 3417
902 21208 620 3436
836 20237 674 3382
810 19080 730 3404
771 17641 679 3480
841 18892 648 3414
807 17849 691 3462
791 19735 661 3451
799 19191 698 3459
815 18484 670 3419
813 20810 638 3429
796 19950 640 3398
812 20301 666 3389
832 18842 642 3455
806 18970 694 3441
818 19158 654 3418
815 20709 643 3385
806 19282 657 3432
792 19272 642 3433
884 21300 640 3403
831 19348 697 3435
798 19287 690 3480
855 19339 677 3450
818 20806 642 3426
808 20426 645 3408
834 19884 676 3467
843 20511 665 3404
839 19893 653 3436
816 20096 695 3406
843 19998 641 3470
924 22739 714 3417
907 22522 726 3408
876 20511 650 3418
847 20369 678 3442
846 21391 656 3465
833 20409 716 3431
874 21438 678 3427
847 20750 704 3427
843 20550 662 3447
934 21893 650 3419
895 21215 757 3459
973 23799 666 3432
