287 24.2032
743 14531 743 3195
609 13951 508 3325
509 11173 508 3334
508 11282 508 3334
743 14531 743 3195
726 13623 726 3197
726 13623 726 3197
709 13445 709 3199
709 13445 709 3199
564 14243 556 3232
675 13437 675 3203
641 13041 641 3207
596 12453 596 3214
612 12463 612 3211
693 13270 693 3201
532 12108 524 3306
553 12585 546 3257
690 12942 660 3205
693 13270 693 3201
518 11402 508 3330
593 12675 593 3213
581 12137 579 3216
676 13035 676 3203
692 13527 692 3201
666 12731 646 3208
508 11282 508 3334
559 13127 529 3270
548 11947 518 3311
593 14442 561 3230
572 12234 572 3262
609 12613 609 3211
658 13148 658 3205
593 14442 561 3230
619 14030 516 3324
619 14030 516 3324
690 12942 660 3205
678 13022 676 3203
526 11758 524 3307
555 13804 524 3283
629 12407 629 3210
609 13951 508 3325
552 13155 539 3260
606 13695 561 3230
568 12473 556 3238
562 12913 562 3234
539 12335 524 3296
629 12407 629 3210
625 12905 625 3209
607 13557 524 3282
544 11557 524 3316
659 13019 659 3206
564 11840 524 3290
666 12731 646 3208
544 12522 540 3259
534 11690 518 3319
599 13116 529 3264
577 12259 577 3223
559 12694 545 3250
551 12764 540 3252
540 11289 540 3304
586 14097 561 3231
555 13804 524 3283
540 11312 540 3303
578 12973 545 3245
577 12259 577 3223
572 12837 572 3226
579 12228 572 3218
657 12880 643 3207
556 12209 556 3272
541 12795 529 3275
557 13026 528 3279
596 12945 545 3245
541 11492 540 3299
556 12466 556 3242
572 13274 572 3217
535 12147 518 3315
692 13522 692 3202
591 12349 556 3268
597 12840 524 3286
524 11890 524 3307
535 11699 524 3302
552 11916 518 3314
568 13366 529 3265
567 13472 524 3283
580 12298 579 3216
591 14224 556 3232
562 12626 529 3273
549 11720 508 3329
592 13680 508 3326
556 12638 556 3236
556 11660 556 3286
558 13228 524 3284
568 13366 529 3265
601 13081 572 3217
515 11560 508 3333
650 12882 628 3210
515 11560 508 3333
552 13155 539 3260
647 13548 524 3282
518 11458 518 3320
522 11566 517 3326
534 11827 524 3305
529 11795 529 3293
548 12744 540 3254
541 11492 540 3299
604 12385 595 3214
557 13026 528 3279
545 12319 545 3269
583 12717 577 3215
556 13062 556 3233
645 12802 645 3207
645 12802 645 3207
586 14097 561 3231
556 12466 556 3242
675 13437 675 3203
540 11932 540 3291
641 12887 627 3209
540 12360 540 3267
548 11587 524 3294
629 12552 629 3209
566 11787 529 3293
537 11939 529 3276
603 12896 562 3231
560 12908 517 3322
521 11777 508 3328
609 12613 609 3211
546 12653 546 3251
601 13081 572 3217
620 12884 516 3324
576 12133 572 3225
553 11630 518 3307
520 11771 508 3329
576 12133 572 3225
558 12961 540 3247
628 12884 628 3210
562 12913 562 3234
583 12717 577 3215
548 11947 518 3311
558 13228 524 3284
626 12900 626 3210
518 11458 518 3320
556 12592 508 3327
536 11928 518 3318
564 11840 524 3290
572 12234 572 3262
662 12960 660 3205
593 12675 593 3213
625 12905 625 3209
566 14154 561 3231
566 14154 561 3231
568 12473 556 3238
548 11587 524 3294
649 12855 644 3207
560 12908 517 3322
558 12961 540 3247
597 12579 595 3214
548 12744 540 3254
537 11939 529 3276
629 12307 629 3214
625 12905 625 3209
546 12653 546 3251
612 12463 612 3211
529 11900 518 3319
641 13041 641 3207
612 12463 612 3211
579 12228 572 3218
662 12960 660 3205
649 12855 644 3207
536 11928 518 3318
564 11840 524 3290
650 12882 628 3210
529 11900 518 3319
676 13035 676 3203
657 12880 643 3207
572 13274 572 3217
579 12373 579 3216
690 12942 660 3205
709 13445 709 3199
709 13445 709 3199
693 13270 693 3201
690 12942 660 3205
662 12960 660 3205
641 13041 641 3207
619 14030 516 3324
612 12463 612 3211
541 11492 540 3299
727 16473 594 3219
726 13657 726 3197
518 11444 508 3330
509 11191 508 3334
527 11576 518 3320
693 15596 550 3271
676 15126 569 3239
709 13627 709 3199
583 13365 545 3290
585 12636 578 3229
588 13428 524 3307
650 13342 641 3207
630 15139 535 3288
534 12240 534 3296
660 15363 569 3251
601 13185 550 3273
588 13310 556 3257
702 14595 659 3205
621 13829 524 3298
534 12240 534 3296
614 12405 572 3222
659 14302 595 3213
677 13156 676 3203
609 12742 609 3211
625 12923 625 3209
690 12962 660 3205
629 12329 629 3214
612 12670 612 3212
662 14422 524 3290
678 13113 595 3214
656 15184 524 3292
693 13298 693 3201
692 15136 692 3201
697 15226 659 3205
656 13394 595 3218
660 13248 660 3206
660 14507 660 3205
907 19656 582 3235
726 13729 726 3197
509 11209 508 3334
509 11209 508 3334
714 16353 535 3292
763 14706 677 3204
539 11776 518 3320
544 11916 508 3330
619 13808 535 3301
668 13592 641 3207
725 16203 569 3239
637 13006 629 3209
646 14615 602 3222
621 14490 610 3263
656 14758 558 3259
661 14509 550 3279
631 13266 556 3291
634 14008 601 3273
663 14532 577 3251
723 13947 709 3199
708 14760 659 3206
687 14450 595 3213
746 15562 659 3205
625 14009 524 3298
692 15093 676 3203
665 14141 595 3232
699 13214 660 3205
715 14311 709 3200
624 14261 583 3248
684 15284 585 3237
625 13024 625 3209
696 15784 535 3296
686 15481 545 3297
693 15314 692 3202
705 14945 556 3278
641 13681 609 3211
691 15274 594 3234
725 13375 693 3201
693 13411 693 3201
697 13409 693 3201
804 16397 678 3204
791 18072 641 3207
750 14611 726 3197
521 11343 508 3334
551 12099 518 3320
622 13848 551 3305
544 12067 524 3332
761 18021 556 3278
800 16919 545 3292
641 13030 641 3211
693 13511 693 3201
731 15570 595 3228
750 16336 595 3214
750 14709 709 3199
650 15308 610 3250
714 16879 561 3274
662 15936 578 3279
746 14860 660 3206
690 14826 598 3239
723 15785 577 3275
671 14231 625 3209
669 13857 609 3211
711 14841 584 3279
665 14911 612 3229
711 15205 562 3285
623 14501 616 3271
644 14462 628 3261
742 14948 661 3205
673 13289 626 3209
634 14752 594 3265
678 16091 599 3259
694 14976 538 3298
663 15992 567 3267
685 16068 534 3304
644 14546 621 3254
667 14979 551 3287
680 14681 535 3300
698 15581 578 3251
738 15098 661 3205
632 14791 600 3255
697 15789 578 3268
686 16028 594 3244
663 13708 626 3209
687 14666 598 3243
684 15586 594 3261
718 15998 577 3263
670 14793 578 3294
682 14533 598 3256
631 14969 610 3263
686 15012 578 3275
666 14700 595 3262
785 16443 610 3211
767 15267 726 3197
738 17171 534 3313
521 11506 508 3334
573 12460 518 3327
562 12714 518 3320
699 13608 693 3201
635 15015 610 3263
680 15739 567 3298
682 13949 629 3214
768 16829 658 3210
755 16219 709 3199
680 14774 661 3242
719 15484 562 3285
661 14282 551 3311
708 14578 611 3231
775 16121 585 3271
761 17157 579 3267
727 16749 534 3317
652 14708 620 3273
658 15509 610 3250
701 16092 545 3302
695 15982 583 3279
644 15044 629 3254
750 16396 595 3214
742 14973 661 3205
722 16576 628 3218
768 16681 578 3259
669 15472 616 3258
704 16269 594 3256
664 14872 626 3225
721 15925 610 3239
693 15387 598 3242
719 15311 545 3306
724 16213 609 3212
744 15579 611 3213
715 14128 659 3210
721 14131 628 3221
740 15958 582 3275
736 15951 551 3305
654 16068 626 3261
693 15203 598 3255
733 15287 610 3224
690 14779 626 3228
717 15444 612 3229
700 15451 562 3305
724 15841 611 3230
707 16163 583 3258
638 14862 594 3265
686 15034 598 3256
715 14844 598 3256
638 14862 594 3265
825 18892 595 3247
774 15904 726 3197
541 11534 508 3334
526 11547 508 3334
599 12938 524 3323
600 13263 524 3321
753 16475 557 3312
663 15210 633 3269
737 17335 578 3296
756 17574 676 3211
802 16300 585 3280
713 15463 694 3213
802 18043 602 3258
685 15164 659 3234
721 13713 693 3205
705 14209 644 3216
733 14678 635 3217
730 15127 693 3201
691 16052 567 3298
704 15674 659 3220
736 15587 610 3229
789 16583 594 3261
720 15767 614 3241
694 15285 625 3260
810 17571 602 3256
810 16651 567 3297
664 15191 594 3265
701 16851 643 3246
686 16005 616 3258
794 16357 612 3212
755 16982 611 3216
705 15492 614 3251
693 16173 644 3255
696 16230 611 3251
729 16512 594 3264
754 15557 643 3216
835 19041 637 3223
735 13829 735 3211
533 11658 508 3334
532 11827 508 3334
615 13649 541 3326
623 14521 524 3323
785 17138 567 3316
823 17480 645 3219
691 15254 613 3285
668 15537 594 3269
777 16162 668 3219
717 14868 685 3231
751 16516 571 3298
661 14787 583 3322
723 16741 583 3300
809 17212 642 3220
694 15297 625 3260
739 16384 657 3245
744 15854 616 3240
673 15962 594 3265
730 16136 710 3211
723 15596 694 3230
736 16816 610 3230
740 15942 627 3248
725 13766 709 3212
745 15387 693 3214
714 15659 694 3213
723 16102 583 3318
721 17212 644 3258
749 16769 628 3235
757 16729 610 3258
743 14693 660 3231
680 15565 594 3265
752 16701 627 3235
739 16564 693 3219
754 15549 644 3221
821 16803 628 3250
756 18237 634 3244
714 15662 694 3213
550 11717 508 3334
546 11784 508 3334
541 12087 508 3334
676 15227 583 3322
698 16440 550 3326
768 18055 659 3234
678 15662 634 3295
708 15444 614 3319
751 17637 662 3236
727 15940 645 3264
696 15967 595 3282
786 17317 610 3239
731 16712 605 3280
758 17094 614 3258
788 18121 611 3236
741 17749 621 3261
735 16387 612 3274
690 15576 621 3282
714 16238 618 3267
699 16193 628 3272
728 16961 627 3263
712 16004 632 3260
874 20991 628 3236
717 15854 694 3213
553 12046 508 3334
547 12129 517 3337
777 17621 583 3330
691 15598 630 3308
816 18628 645 3264
690 15637 621 3282
821 18322 677 3246
739 16731 660 3266
739 16370 595 3302
718 16570 616 3297
713 16715 615 3301
714 16446 618 3267
810 17882 654 3273
798 18868 638 3273
752 15921 725 3261
746 16743 694 3213
571 12587 508 3334
742 16929 639 3279
759 16573 614 3306
744 16284 710 3215
770 17882 631 3299
788 18572 654 3271
747 16469 644 3280
792 17672 694 3213
788 18783 654 3271
602 13777 508 3344
779 16905 644 3280
667 15074 528 3339
658 14716 538 3335
658 14715 538 3343
658 14716 538 3335
743 14531 743 3195
556 12592 508 3327
509 11191 508 3334
508 11282 508 3334
710 13318 710 3199
743 14531 743 3195
726 13623 726 3197
709 13445 709 3199
678 13022 676 3203
662 12950 660 3205
726 13623 726 3197
515 11442 508 3330
693 13270 693 3201
615 12566 609 3211
576 12133 572 3225
593 14442 561 3230
692 13527 692 3201
596 12453 596 3214
726 13623 726 3197
675 13437 675 3203
612 12463 612 3211
658 13148 658 3205
625 12905 625 3209
564 11840 524 3290
564 14243 556 3232
579 12658 579 3215
591 12349 556 3268
562 12913 562 3234
553 12585 546 3257
693 13270 693 3201
645 12581 645 3208
593 12675 593 3213
566 14154 561 3231
675 13437 675 3203
533 12185 524 3303
558 12961 540 3247
572 12837 572 3226
544 11557 524 3316
548 11947 518 3311
690 12942 660 3205
537 11939 529 3276
641 13041 641 3207
562 12626 529 3273
583 12717 577 3215
609 13951 508 3325
518 11350 508 3330
619 14030 516 3324
606 13695 561 3230
607 13557 524 3282
629 12552 629 3209
518 11458 518 3320
555 13804 524 3283
524 11890 524 3307
619 14030 516 3324
538 11615 524 3302
577 12803 577 3219
524 11247 524 3321
657 12797 643 3207
559 12441 556 3261
612 12379 612 3212
521 11777 508 3328
555 13804 524 3283
578 12973 545 3245
588 12533 578 3216
526 11758 524 3307
529 11900 518 3319
541 11492 540 3299
556 11660 556 3286
534 12240 534 3296
620 12884 516 3324
532 12108 524 3306
541 12795 529 3275
532 12108 524 3306
557 13026 528 3279
551 12764 540 3252
649 12855 644 3207
572 12234 572 3262
604 12385 595 3214
540 11932 540 3291
566 11787 529 3293
534 12240 534 3296
559 12694 545 3250
544 11557 524 3316
641 12887 627 3209
568 12473 556 3238
593 14442 561 3230
632 12667 628 3210
534 11690 518 3319
545 12319 545 3269
577 12259 577 3223
572 13274 572 3217
568 13366 529 3265
536 12023 518 3311
536 12023 518 3311
559 13127 529 3270
599 13116 529 3264
552 13155 539 3260
592 13680 508 3326
628 12736 628 3210
581 12137 579 3216
568 12473 556 3238
564 11650 524 3294
692 13522 692 3202
552 13155 539 3260
647 13548 524 3282
630 12862 517 3326
586 14097 561 3231
638 12512 628 3210
625 12905 625 3209
544 12522 540 3259
567 13472 524 3283
558 13228 524 3284
556 12466 556 3242
609 13951 508 3325
580 12298 579 3216
562 12913 562 3234
641 13041 641 3207
609 12575 609 3211
603 12896 562 3231
659 13019 659 3206
558 13228 524 3284
591 12349 556 3268
550 12005 524 3301
557 13026 528 3279
678 13022 676 3203
548 12744 540 3254
560 12908 517 3322
546 12653 546 3251
601 13081 572 3217
591 14224 556 3232
577 12259 577 3223
586 14097 561 3231
540 11312 540 3303
645 12581 645 3208
541 11492 540 3299
638 12512 628 3210
579 12228 572 3218
550 12005 524 3301
629 12410 629 3210
597 12840 524 3286
549 11720 508 3329
556 12466 556 3242
593 12675 593 3213
568 13366 529 3265
540 11289 540 3304
568 13366 529 3265
596 12945 545 3245
659 13019 659 3206
553 12585 546 3257
549 11720 508 3329
548 12744 540 3254
564 14243 556 3232
661 13132 659 3205
599 13116 529 3264
601 13081 572 3217
545 12319 545 3269
658 13148 658 3205
557 12749 524 3293
649 12855 644 3207
709 13445 709 3199
540 11289 540 3304
534 11690 518 3319
645 12802 645 3207
560 12908 517 3322
546 12653 546 3251
518 11458 518 3320
629 12329 629 3214
676 13035 676 3203
629 12329 629 3214
690 12942 660 3205
597 12840 524 3286
579 12228 572 3218
692 13522 692 3202
676 13035 676 3203
709 13445 709 3199
662 12950 660 3205
709 13445 709 3199
629 12552 629 3209
645 12802 645 3207
709 13445 709 3199
709 13445 709 3199
709 13445 709 3199
693 13270 693 3201
675 13437 675 3203
662 12950 660 3205
645 12581 645 3208
625 12905 625 3209
536 12023 518 3311
726 13746 726 3197
696 15784 535 3296
509 11209 508 3334
509 11209 508 3334
508 11345 508 3342
542 12237 542 3317
612 14894 562 3266
707 15721 572 3246
557 12929 518 3311
645 14754 578 3228
709 13456 709 3199
614 12525 609 3219
677 13156 676 3203
687 14413 595 3213
645 14309 594 3240
625 13207 625 3209
581 13152 524 3307
702 14595 659 3205
579 12773 523 3328
641 13798 566 3286
626 14037 562 3253
682 14795 517 3326
515 11560 508 3333
609 12613 609 3211
597 14312 534 3300
631 13266 556 3291
657 12880 643 3207
618 14251 579 3250
641 13048 641 3207
518 11444 508 3330
692 13542 692 3202
693 13543 693 3201
607 13440 557 3287
601 13964 540 3287
660 13176 660 3205
662 12960 660 3205
618 13477 551 3290
612 13670 540 3302
629 13806 545 3250
619 13808 535 3301
640 13783 535 3300
617 13591 508 3329
518 11444 508 3330
515 11560 508 3333
509 11209 508 3334
509 11209 508 3334
657 12880 643 3207
518 11444 508 3330
509 11209 508 3334
802 18315 641 3207
800 18358 641 3207
726 13760 726 3197
509 11211 508 3334
508 11367 508 3353
518 11484 508 3330
593 13613 524 3307
662 12969 660 3205
765 15937 676 3203
750 16396 595 3214
733 17024 545 3264
625 13289 625 3209
699 15579 594 3230
728 16738 572 3255
668 13201 643 3207
715 14311 709 3200
720 13511 709 3199
631 14114 611 3241
709 15894 561 3258
607 13806 578 3300
663 15992 567 3267
638 14927 594 3252
701 13937 693 3201
698 13548 692 3202
702 15307 578 3234
621 14515 610 3263
674 14508 585 3272
680 14681 535 3300
633 13949 562 3291
626 14027 540 3301
705 15246 582 3249
677 15805 577 3257
635 14674 545 3287
673 14806 609 3237
653 14546 550 3279
650 14475 595 3276
684 15090 594 3244
713 15104 540 3287
689 14555 584 3268
634 14081 551 3299
669 14609 598 3256
720 15194 598 3239
683 15989 594 3236
669 14389 550 3279
675 14808 551 3276
664 14785 562 3265
692 13730 692 3202
681 14443 598 3247
676 14606 609 3211
630 14810 594 3265
676 14464 598 3256
825 18892 595 3247
728 14167 726 3197
519 11495 508 3330
509 11228 508 3334
770 17851 562 3269
621 14544 610 3263
675 13287 660 3205
678 15443 609 3219
624 14165 535 3311
680 15536 524 3313
518 11556 508 3330
727 17014 566 3260
717 16338 598 3243
694 15032 550 3279
739 15801 644 3207
645 13946 628 3211
722 16530 562 3270
804 16397 678 3204
644 15254 579 3290
735 13581 710 3199
745 14691 627 3209
707 14831 551 3294
673 13348 660 3206
804 16397 678 3204
679 15255 551 3287
728 14422 693 3201
707 15091 693 3202
726 16123 594 3249
739 14010 709 3199
662 15582 616 3250
676 14501 598 3256
702 15950 627 3209
660 15180 616 3258
686 14938 551 3293
637 14964 594 3265
732 16070 598 3250
652 15183 616 3258
676 15003 598 3253
693 16524 594 3257
638 14701 627 3244
638 14862 594 3265
621 14544 610 3263
621 14544 610 3263
807 18254 658 3209
801 18361 641 3215
780 15725 726 3197
527 11326 508 3334
522 11404 508 3334
518 11508 508 3334
575 13417 540 3331
688 13366 686 3217
764 16632 535 3325
635 15092 610 3263
667 15875 551 3311
698 16470 563 3282
755 17183 583 3272
708 15420 694 3202
796 16417 574 3293
733 17501 578 3267
765 17135 609 3227
746 16712 611 3242
696 14346 678 3222
647 14559 621 3265
727 14014 644 3212
699 14294 661 3205
695 14737 598 3256
714 13431 660 3205
723 15752 633 3226
661 15019 594 3266
727 15930 555 3301
713 15677 551 3302
747 16279 641 3219
807 17779 627 3216
704 15780 644 3235
694 15297 625 3260
705 15270 566 3295
668 15507 594 3265
753 16323 615 3230
797 15167 693 3202
687 15052 582 3296
680 15904 626 3244
710 15592 627 3247
701 15074 645 3212
694 16405 610 3251
641 14787 610 3263
708 15993 615 3243
757 17709 583 3263
673 14736 645 3222
709 15051 629 3231
718 15296 643 3211
713 16180 627 3222
730 14866 628 3222
812 17926 628 3221
726 13652 726 3205
527 11391 508 3334
654 15005 610 3263
724 16398 567 3323
759 13918 661 3210
730 16436 589 3300
678 15861 595 3300
728 14847 694 3213
707 16609 594 3265
744 16921 577 3285
727 16263 627 3237
696 14428 693 3227
673 14936 645 3225
789 17590 610 3251
773 17471 598 3256
767 17250 611 3230
740 14937 693 3214
798 17337 574 3293
760 17121 660 3209
748 16492 632 3222
713 15483 632 3251
708 16721 644 3245
805 16822 574 3293
738 16479 578 3286
743 15395 620 3261
740 16715 643 3216
702 15201 661 3207
740 16769 617 3251
742 14222 644 3212
773 17501 693 3205
737 15300 645 3212
819 17358 574 3293
712 15531 677 3207
541 11534 508 3334
536 11698 508 3353
680 15034 625 3268
662 15462 618 3271
743 16945 612 3276
786 17174 633 3238
709 15922 660 3255
741 16107 645 3224
748 16575 641 3227
733 16795 651 3264
759 15653 644 3212
723 15934 661 3211
765 16332 643 3245
686 16363 661 3253
718 16604 676 3208
715 16220 616 3272
735 16555 627 3248
719 15749 660 3248
735 16318 643 3263
714 16446 618 3267
822 19125 644 3225
734 15816 677 3208
726 15945 726 3209
543 11935 508 3334
542 12094 508 3334
666 15472 618 3271
720 16447 618 3268
714 15662 694 3213
755 17513 658 3247
785 16111 647 3219
746 17193 659 3235
768 17235 627 3249
751 16789 662 3213
771 16641 644 3264
754 16568 645 3257
756 16600 660 3227
725 15987 660 3262
746 16247 627 3268
714 16456 618 3267
770 16283 660 3248
839 19155 645 3251
748 16404 677 3212
744 16284 710 3215
590 14011 508 3353
561 12067 531 3338
650 15180 538 3335
717 16502 618 3267
690 15621 621 3282
650 14655 523 3343
804 19062 631 3256
751 17637 662 3236
808 16949 660 3239
757 16258 699 3215
692 15593 644 3275
824 17432 676 3237
760 16276 625 3271
810 17363 677 3212
793 18438 676 3246
759 16304 710 3215
600 12922 531 3338
692 15635 641 3289
717 16563 618 3267
808 16967 660 3239
793 17506 677 3212
750 15940 644 3276
715 16201 644 3281
756 17470 677 3222
797 17369 677 3212
925 20453 698 3221
806 17500 710 3225
752 16747 632 3277
748 16909 621 3278
756 17101 660 3274
756 17544 627 3268
769 16924 627 3268
769 16950 621 3277
808 17745 671 3272
806 17601 710 3225
779 16905 644 3280
748 16939 621 3278
756 17375 632 3277
823 17895 710 3225
743 14531 743 3195
509 11185 508 3334
508 11282 508 3334
743 14531 743 3195
726 13623 726 3197
709 13440 709 3199
709 13440 709 3199
692 13522 692 3202
675 13437 675 3203
678 13022 676 3203
726 13623 726 3197
666 12731 646 3208
695 13264 693 3201
581 12137 579 3216
593 14442 561 3230
532 12108 524 3306
518 11444 508 3330
693 13270 693 3201
680 12899 660 3205
662 12960 660 3205
568 12473 556 3238
641 13041 641 3207
564 14243 556 3232
593 12675 593 3213
541 11492 540 3299
562 12913 562 3234
620 12884 516 3324
726 13623 726 3197
609 12613 609 3211
619 14030 516 3324
577 12803 577 3219
612 12463 612 3211
568 13366 529 3265
557 13026 528 3279
629 12410 629 3210
540 11312 540 3303
625 12905 625 3209
612 12379 612 3212
545 12319 545 3269
585 12213 572 3218
518 11458 518 3320
592 13680 508 3326
658 13148 658 3205
629 12329 629 3214
546 12653 546 3251
599 13116 529 3264
593 14442 561 3230
596 12453 596 3214
641 13041 641 3207
606 13695 561 3230
566 11787 529 3293
521 11777 508 3328
572 11998 572 3230
560 12908 517 3322
556 13062 556 3233
609 13951 508 3325
515 11560 508 3333
550 12005 524 3301
537 11939 529 3276
555 13804 524 3283
555 13804 524 3283
576 12133 572 3225
628 12702 628 3210
572 12837 572 3226
577 12259 577 3223
585 12066 562 3231
534 12240 534 3296
562 12626 529 3273
564 11840 524 3290
559 12441 556 3261
548 12744 540 3254
659 12975 659 3205
568 13366 529 3265
551 12764 540 3252
601 13081 572 3217
544 11557 524 3316
625 12905 625 3209
607 13557 524 3282
588 12481 578 3216
604 12385 595 3214
548 11947 518 3311
538 11615 524 3302
558 13228 524 3284
591 12349 556 3268
567 13472 524 3283
552 11916 518 3314
548 11947 518 3311
559 12694 545 3250
657 12880 643 3207
609 13951 508 3325
524 11890 524 3307
649 12855 644 3207
573 12858 524 3288
544 12522 540 3259
549 11539 518 3315
591 14224 556 3232
552 13155 539 3260
541 12795 529 3275
549 11720 508 3329
572 13274 572 3217
583 12717 577 3215
586 14097 561 3231
534 12240 534 3296
553 12585 546 3257
515 11560 508 3333
553 11630 518 3307
534 11690 518 3319
572 11923 540 3281
597 12840 524 3286
666 12731 646 3208
579 12198 579 3216
596 12945 545 3245
568 12473 556 3238
556 11660 556 3286
552 13155 539 3260
564 11650 524 3294
675 13437 675 3203
556 12466 556 3242
558 12961 540 3247
564 11840 524 3290
529 11900 518 3319
647 13548 524 3282
535 11699 524 3302
577 12259 577 3223
553 12585 546 3257
559 13127 529 3270
596 12453 596 3214
578 12973 545 3245
591 12513 540 3271
646 12934 642 3207
593 12675 593 3213
586 14097 561 3231
584 12697 524 3288
645 12802 645 3207
619 14030 516 3324
526 11758 524 3307
609 12613 609 3211
579 12228 572 3218
546 12653 546 3251
556 12466 556 3242
592 13680 508 3326
692 13522 692 3202
562 12913 562 3234
591 12404 540 3272
645 12802 645 3207
526 11758 524 3307
629 12552 629 3209
566 14154 561 3231
540 11289 540 3304
566 14154 561 3231
544 11557 524 3316
544 12522 540 3259
558 12961 540 3247
558 13228 524 3284
649 12855 644 3207
611 12952 562 3230
581 12137 579 3216
692 13527 692 3201
591 12349 556 3268
529 11900 518 3319
657 12880 643 3207
676 13035 676 3203
553 11630 518 3307
540 11289 540 3304
662 12960 660 3205
518 11458 518 3320
658 13148 658 3205
534 12240 534 3296
659 12975 659 3205
629 12552 629 3209
534 11690 518 3319
676 13035 676 3203
693 13270 693 3201
629 12329 629 3214
564 14243 556 3232
641 13041 641 3207
629 12329 629 3214
662 12960 660 3205
726 13623 726 3197
693 13270 693 3201
629 12552 629 3209
592 13680 508 3326
747 17341 625 3209
726 13717 726 3197
509 11209 508 3334
509 11209 508 3334
508 11345 508 3342
550 12360 524 3325
662 15331 551 3274
714 15971 572 3222
566 12980 557 3302
596 12784 572 3238
603 12896 562 3231
641 13051 641 3207
693 13300 693 3201
722 14930 659 3205
634 14097 535 3276
582 12719 508 3333
652 15105 523 3329
687 14413 595 3213
587 12842 524 3290
736 14211 677 3203
706 15625 628 3210
509 11209 508 3334
687 14480 677 3203
619 12834 578 3220
629 12597 629 3209
716 14357 596 3214
620 13549 610 3212
638 13514 556 3286
741 15386 578 3219
630 15139 535 3288
631 13212 612 3211
709 13445 709 3199
690 12940 660 3205
709 13445 709 3199
655 13327 596 3219
509 11209 508 3334
690 12940 660 3205
509 11209 508 3334
509 11209 508 3334
809 16555 642 3207
759 17196 641 3207
726 13835 726 3197
509 11216 508 3334
629 12718 629 3209
574 13136 551 3327
775 15784 677 3203
587 12870 524 3319
736 16811 566 3275
718 16728 595 3218
646 15364 567 3267
770 16152 534 3295
690 12942 660 3205
696 14845 556 3281
614 13526 572 3244
642 14573 578 3221
588 13428 524 3307
698 15157 609 3215
693 13411 693 3201
651 13382 572 3231
761 15434 709 3199
639 13489 612 3211
600 14023 551 3303
656 14545 569 3243
667 15632 535 3296
613 13356 540 3300
691 15748 569 3239
620 13578 546 3291
735 13581 710 3199
698 16792 551 3290
694 14976 538 3298
645 13932 602 3226
642 14115 602 3226
679 14318 610 3212
673 14683 610 3212
644 13480 644 3208
619 13587 535 3305
728 14206 709 3200
683 15842 535 3295
678 15246 643 3207
644 13432 540 3295
684 13559 643 3207
690 15353 642 3208
803 16020 677 3203
783 18374 641 3207
728 14167 726 3197
527 11391 508 3334
521 11529 508 3334
612 13790 534 3309
764 16794 595 3222
613 12883 524 3332
791 18005 641 3207
693 13498 693 3201
723 15780 524 3324
715 15793 563 3282
630 14810 594 3265
744 15118 645 3207
642 13522 612 3216
712 13032 660 3205
632 13783 535 3311
678 13469 638 3223
711 15205 562 3285
728 15607 588 3235
626 14027 540 3301
699 14414 660 3205
751 15537 551 3291
769 16031 626 3211
723 16146 642 3208
645 14014 602 3226
676 14464 598 3256
667 15623 593 3240
676 14668 578 3247
693 15387 598 3242
721 15575 572 3240
653 14229 612 3212
644 13864 583 3262
675 14784 567 3297
645 13987 628 3211
733 15318 609 3215
621 14544 610 3263
648 15355 578 3293
683 15621 550 3292
633 14035 567 3299
644 15254 579 3290
682 14284 582 3263
738 14711 643 3208
697 15785 535 3300
736 15282 643 3207
675 15209 578 3292
810 16654 567 3284
785 18115 566 3285
696 13532 693 3201
532 11523 508 3334
528 11548 508 3334
524 11615 508 3334
717 13529 660 3205
624 14147 589 3323
727 16854 534 3313
748 16236 658 3209
791 18072 641 3207
701 15361 540 3301
692 13931 682 3220
667 13925 644 3242
796 16598 574 3293
699 15833 612 3212
656 14211 602 3230
646 14995 628 3242
667 15591 551 3309
691 14843 579 3271
629 14343 539 3327
695 15456 627 3221
687 16259 578 3291
734 16359 642 3208
635 15092 610 3263
657 14093 602 3226
671 15026 551 3313
722 15217 583 3252
650 14525 583 3279
645 14646 599 3266
674 14723 538 3333
635 14545 539 3316
676 14501 598 3256
698 15581 578 3251
722 15925 598 3242
637 14964 594 3265
695 14945 582 3259
693 16524 594 3257
651 14066 628 3211
673 15507 566 3311
808 18811 568 3299
720 15195 693 3201
717 14350 693 3205
532 11594 508 3334
529 11821 508 3334
647 14808 541 3318
790 16641 627 3218
800 18433 571 3293
795 18076 598 3242
706 16136 578 3271
740 16514 642 3208
733 13725 660 3205
679 15020 589 3315
706 15546 567 3301
660 14495 612 3231
666 14129 602 3226
717 15890 583 3260
689 15910 660 3222
691 14739 628 3213
720 15414 661 3211
662 14887 610 3239
661 14787 583 3322
739 15953 599 3252
705 16384 600 3254
730 15475 677 3207
733 16158 641 3211
720 14518 677 3214
711 14546 641 3214
791 18135 641 3207
690 14921 598 3256
727 14240 693 3214
809 16407 661 3205
785 17138 567 3316
736 15966 693 3201
733 14052 726 3210
552 11623 508 3334
548 11689 508 3334
540 12003 508 3334
660 15180 616 3258
660 15441 551 3327
680 15771 605 3281
748 14853 682 3216
724 16229 601 3297
681 14604 611 3252
709 14684 644 3230
776 16795 659 3213
720 16752 597 3313
729 16112 584 3268
740 14716 709 3212
665 14977 582 3319
688 15022 602 3226
716 14871 645 3221
673 14708 628 3244
710 16625 600 3266
674 15094 628 3242
711 14892 628 3214
736 15966 693 3201
746 14860 660 3206
791 16722 599 3273
757 16249 693 3201
747 16893 595 3281
733 14052 726 3214
558 11972 523 3343
549 12048 508 3334
662 15462 618 3271
709 15311 621 3286
746 14449 726 3210
733 15076 692 3220
782 16431 660 3218
720 15738 720 3225
760 16271 609 3242
688 15570 632 3260
691 16118 654 3247
752 15107 650 3232
679 15098 629 3262
759 15590 677 3207
716 16311 683 3240
699 16041 617 3245
735 15755 611 3229
787 15681 644 3225
760 15351 661 3211
729 15646 611 3237
701 15746 628 3254
744 15422 617 3269
731 15596 623 3268
723 16452 645 3238
713 16559 628 3215
699 16493 610 3251
788 16448 628 3224
712 16451 678 3230
789 16777 660 3211
683 15100 628 3269
838 17478 628 3235
829 16318 726 3210
766 16540 693 3201
732 17817 633 3256
597 12912 508 3334
566 12533 508 3353
707 15138 637 3284
719 17207 610 3263
696 15145 637 3289
730 16962 613 3327
802 16878 611 3295
713 16715 615 3301
768 16985 677 3212
793 17576 632 3239
714 16446 618 3267
744 15878 644 3262
759 16239 710 3215
779 16405 661 3211
720 15766 720 3225
767 17333 692 3209
733 16721 662 3247
742 15425 633 3263
746 15712 710 3222
752 16695 643 3215
737 16481 612 3250
764 16527 662 3232
746 16710 642 3221
803 16926 661 3211
743 17676 611 3272
740 16342 720 3225
635 14653 512 3346
658 14716 538 3335
707 15147 637 3284
754 16884 687 3243
759 16573 614 3306
724 17035 632 3299
773 17447 710 3220
757 17415 632 3268
724 17127 622 3274
786 17257 677 3212
762 16451 644 3280
767 17375 644 3271
748 16939 621 3278
793 17568 661 3216
788 17572 661 3213
768 17656 677 3221
949 20570 719 3235
806 18070 743 3242
711 16291 538 3343
857 19051 668 3244
761 17529 621 3291
808 17745 671 3272
776 17028 639 3284
813 17813 671 3272
