1193 6.87636
685 15246 548 3304
629 15073 545 3266
665 14661 592 3240
710 16300 529 3270
576 13944 540 3273
633 14559 528 3304
705 17108 540 3287
678 15839 572 3225
679 15516 540 3305
642 15778 556 3259
714 16405 524 3300
675 15187 572 3223
599 14600 540 3253
691 16041 587 3272
607 15017 518 3336
653 15247 526 3321
670 16312 595 3252
655 15668 556 3236
663 14539 572 3224
581 14195 517 3324
604 14604 508 3329
704 17414 537 3343
630 14026 552 3266
659 15737 548 3282
759 16473 538 3315
833 20241 542 3296
714 16997 556 3242
747 18071 620 3239
662 15029 551 3297
622 14599 508 3333
624 15112 534 3301
663 15722 540 3275
613 14256 556 3237
608 14527 546 3275
685 15880 556 3239
643 14887 556 3244
689 15407 537 3316
714 16450 524 3289
617 14844 524 3293
691 16237 535 3292
617 14504 546 3250
641 15135 572 3222
653 15296 578 3234
638 15415 508 3346
620 14358 528 3304
749 17500 535 3284
665 15635 508 3329
635 14253 524 3303
704 16083 556 3236
665 16366 635 3240
681 15656 542 3308
720 16694 572 3241
668 15153 556 3237
606 14055 556 3244
736 16706 628 3274
710 16979 542 3396
759 18273 579 3230
775 18603 524 3292
731 17678 623 3438
800 18971 604 3272
627 14277 556 3239
661 16402 530 3374
682 15416 562 3247
630 13820 572 3238
657 15044 578 3231
634 15455 572 3246
624 14506 529 3266
651 15145 556 3276
735 17301 529 3302
792 18159 562 3265
665 14496 529 3279
699 17122 556 3289
595 14036 575 3241
709 16340 547 3295
713 16735 611 3227
599 14172 529 3278
698 16270 637 3232
653 15338 535 3278
741 17278 579 3247
716 16501 529 3279
754 16712 579 3246
660 15591 537 3359
735 16557 572 3224
684 15870 523 3322
632 15155 508 3334
703 16212 518 3345
707 16910 527 3350
657 15383 572 3221
640 14658 561 3246
712 17231 524 3299
755 18068 595 3218
728 17202 587 3254
719 16623 535 3300
769 16818 518 3314
634 15199 572 3259
670 14789 535 3288
719 16192 572 3221
644 15182 553 3283
598 14221 546 3250
754 17882 572 3249
