21 7.55333
826 17327 556 3239
736 17843 612 3225
582 13552 556 3297
569 13639 524 3327
702 16640 524 3303
613 13669 608 3295
579 14221 579 3255
578 13870 556 3308
679 16719 524 3304
615 14129 556 3283
668 15692 540 3266
661 16138 540 3266
632 14604 572 3232
659 15443 546 3267
678 15826 540 3263
598 14633 529 3295
644 15415 529 3283
632 14604 572 3232
581 14415 562 3257
616 15066 572 3244
653 15303 529 3287
605 14403 578 3259
581 14415 562 3257
607 14853 545 3273
582 14188 540 3298
580 14231 556 3304
663 15456 540 3277
616 14977 579 3243
589 14379 540 3279
640 15684 540 3274
588 14322 540 3293
599 14753 572 3254
634 15697 545 3258
601 14211 524 3305
599 14756 556 3249
630 15277 545 3271
646 14641 529 3293
662 15561 545 3268
614 15240 529 3288
613 13669 608 3295
625 14572 556 3263
662 14923 529 3289
577 14340 556 3273
625 14572 556 3263
633 14905 556 3248
661 15621 556 3247
594 14160 556 3295
605 14403 578 3259
601 14211 524 3305
582 14188 540 3298
661 15621 556 3247
594 14160 556 3295
581 13624 556 3304
631 14841 572 3232
594 14160 556 3295
615 14129 556 3283
631 14841 572 3232
580 14231 556 3304
594 14160 556 3295
580 14231 556 3304
748 17466 596 3232
745 17991 628 3227
736 18098 628 3231
647 15794 524 3312
597 14241 524 3327
582 13599 556 3304
578 13902 556 3308
736 16511 524 3305
613 13997 608 3295
698 15257 579 3234
603 14628 579 3272
740 17983 628 3231
616 15056 595 3248
740 17927 540 3270
609 14542 550 3316
599 14763 567 3269
630 14858 534 3311
664 16812 545 3264
613 13997 608 3295
671 16528 556 3253
578 13902 556 3308
591 14247 524 3327
696 17015 524 3304
645 15806 572 3239
667 16307 524 3308
655 14678 572 3258
626 15528 540 3293
680 16224 545 3266
696 17015 524 3304
611 14911 579 3254
683 14876 540 3288
647 15839 529 3289
616 14680 550 3302
633 15105 551 3292
657 15431 529 3287
625 15276 562 3256
681 16327 556 3247
642 16029 545 3271
619 14363 562 3274
672 15483 572 3240
663 16005 546 3267
597 14740 540 3298
652 15940 540 3274
630 14990 545 3296
682 15565 572 3237
745 17991 628 3227
606 14311 572 3302
632 15216 579 3243
648 15096 562 3249
636 15007 540 3283
647 15625 572 3235
660 15397 529 3289
640 14952 540 3281
630 14717 556 3263
588 14460 556 3287
588 14460 556 3287
608 15163 562 3257
621 15482 540 3295
632 15172 529 3296
618 15398 572 3244
630 14717 556 3263
663 15340 529 3293
611 14359 556 3277
639 14896 551 3286
677 14760 572 3244
647 15794 524 3312
624 15338 551 3295
591 14247 524 3327
634 15059 551 3292
656 15917 540 3278
619 15966 546 3284
656 15917 540 3278
698 15257 579 3234
641 14735 551 3286
639 14984 556 3255
649 15969 545 3280
641 15667 546 3274
649 15969 545 3280
649 15658 529 3283
665 15087 529 3289
736 18098 628 3231
578 13902 556 3308
609 15093 556 3264
611 14359 556 3277
677 14760 572 3244
641 15667 546 3274
619 15966 546 3284
607 14660 562 3268
607 14660 562 3268
620 14644 556 3274
618 15398 572 3244
639 14896 551 3286
641 14735 551 3286
609 15093 556 3264
745 17991 628 3227
613 13997 608 3295
588 14460 556 3287
588 14460 556 3287
578 13902 556 3308
853 20764 578 3236
795 19207 628 3230
656 15794 524 3316
597 14273 524 3327
582 13658 556 3304
578 13948 556 3308
824 18937 545 3266
717 16186 611 3235
649 15231 585 3251
736 18118 628 3231
853 20764 578 3236
752 17370 524 3309
725 16971 545 3267
770 17861 612 3232
772 18977 540 3270
710 17335 529 3283
770 17861 612 3232
618 15411 572 3244
629 15537 567 3277
623 15447 540 3319
642 14614 550 3321
693 16412 545 3271
661 16027 529 3287
670 15950 529 3286
795 19207 628 3230
609 15049 578 3275
651 15652 546 3297
624 14828 540 3316
620 15242 579 3262
644 15497 550 3290
679 16500 546 3267
639 15207 540 3303
676 15412 562 3249
657 16066 562 3254
597 14273 524 3327
592 14601 572 3291
723 16203 572 3239
653 16548 545 3279
582 13658 556 3304
691 14769 556 3295
741 16029 545 3282
688 16227 572 3237
656 15707 562 3269
582 13658 556 3304
654 15840 556 3258
578 13902 556 3319
652 15391 578 3263
724 18059 556 3252
633 15697 562 3276
621 15101 579 3254
665 15282 529 3289
617 15185 578 3274
643 15226 550 3292
626 14465 578 3286
592 14601 572 3291
663 16320 540 3274
597 14273 524 3327
662 15756 556 3256
615 14790 556 3281
669 15667 562 3256
615 14790 556 3281
661 16027 529 3287
653 15848 556 3262
626 14465 578 3286
668 15315 572 3252
658 16201 540 3278
668 15315 572 3252
658 16201 540 3278
795 19207 628 3230
829 19463 628 3230
811 19889 628 3230
793 18495 524 3317
601 14719 524 3331
582 13658 556 3308
582 13658 556 3308
753 18315 628 3231
629 15476 572 3244
665 15291 598 3251
665 15291 598 3251
696 17161 562 3252
636 15133 524 3327
667 16108 540 3319
801 19822 540 3270
703 17644 572 3238
764 17722 529 3287
582 13905 556 3304
707 16212 529 3303
618 15432 572 3246
727 18061 529 3287
645 15271 572 3294
639 14834 556 3296
661 15554 551 3292
703 15960 561 3256
654 15239 556 3289
673 16009 556 3262
741 16488 540 3278
727 17786 545 3267
708 16685 546 3267
665 16893 556 3257
659 15718 556 3283
722 16327 546 3277
689 15806 529 3309
657 16144 562 3267
694 16434 540 3279
678 15623 540 3289
582 13658 556 3308
674 16606 545 3279
719 16960 529 3289
683 17012 540 3274
727 15832 529 3293
690 16812 540 3274
688 16944 540 3278
683 17012 540 3274
706 16187 556 3257
690 16812 540 3274
673 17001 540 3293
582 13658 556 3308
665 15291 598 3251
849 20130 567 3256
758 18388 628 3231
662 16291 636 3249
611 14859 524 3331
582 13676 556 3308
664 16843 611 3247
755 18604 628 3231
659 15911 524 3328
735 16639 595 3251
729 18099 545 3267
647 15614 572 3252
703 16641 540 3284
610 14455 556 3304
683 15948 546 3289
691 17278 556 3261
700 15441 556 3296
679 16312 562 3271
694 16681 582 3249
670 16821 556 3286
649 15749 566 3300
722 16178 540 3299
673 16020 556 3278
590 14059 568 3306
713 16200 556 3259
590 14059 568 3306
689 16898 546 3285
755 18604 628 3231
676 16674 579 3250
660 15530 579 3256
692 16238 556 3262
678 15621 556 3297
590 14059 568 3306
690 16876 540 3274
689 16646 556 3272
693 16869 540 3274
765 16173 562 3282
725 17746 545 3276
707 16917 582 3249
697 16083 595 3263
673 15391 524 3332
611 14462 568 3305
610 14542 582 3304
626 15056 556 3310
721 16874 541 3317
689 16629 546 3306
693 17172 556 3262
660 16396 572 3256
725 16298 562 3282
656 15829 577 3266
696 15724 572 3268
673 16932 562 3280
709 17064 563 3273
624 15335 556 3316
713 16065 579 3263
659 15934 578 3264
657 15826 578 3266
772 19501 579 3260
743 17930 582 3249
728 17064 601 3266
727 17882 546 3296
697 16756 551 3309
611 14628 568 3306
691 17021 566 3281
722 17229 595 3252
757 18167 568 3267
701 16304 582 3279
763 17340 556 3294
694 16542 582 3278
727 17661 556 3274
737 17339 562 3268
733 17363 579 3271
749 16698 579 3270
699 16732 582 3277
779 17986 608 3271
750 18267 582 3249
705 17329 551 3311
660 15164 572 3312
679 15502 582 3309
738 17083 567 3281
760 17831 562 3274
748 17575 562 3278
808 19168 582 3266
797 19574 584 3268
795 20014 583 3281
731 17411 562 3326
801 17618 568 3288
756 18590 563 3283
829 19098 546 3266
695 15937 517 3333
671 16241 578 3218
606 13755 552 3348
602 14770 598 3243
566 13944 540 3359
785 17887 524 3302
778 18451 551 3274
660 16032 595 3225
730 17087 540 3276
708 15642 529 3311
697 17124 551 3278
641 14837 563 3258
582 13786 556 3332
622 15153 535 3293
594 14437 556 3279
631 15194 524 3317
635 14327 552 3344
664 14687 598 3235
630 14328 569 3323
685 15713 595 3226
688 16277 572 3240
690 16555 545 3284
600 14592 552 3323
647 14996 524 3332
650 15355 562 3257
630 14361 540 3349
670 15674 517 3346
673 16863 550 3292
710 16972 545 3283
697 16966 529 3292
675 16322 540 3285
619 15235 535 3293
659 14519 598 3252
659 16373 595 3240
616 14588 541 3357
629 15035 571 3267
682 16502 561 3255
673 16863 550 3292
631 15323 561 3266
646 15646 556 3257
620 14191 540 3353
695 15688 529 3307
630 14911 572 3244
608 14654 540 3304
631 15323 561 3266
719 16392 529 3304
719 16392 529 3304
691 16489 562 3250
616 14588 541 3357
620 14191 540 3353
667 16261 552 3284
629 15035 571 3267
602 14770 598 3243
691 16489 562 3250
630 14328 569 3323
630 14911 572 3244
670 15674 517 3346
606 13755 552 3348
691 16489 562 3250
629 15035 571 3267
659 16373 595 3240
719 16392 529 3304
630 14328 569 3323
630 14328 569 3323
616 14588 541 3357
850 19875 545 3277
707 17304 598 3220
698 16008 517 3346
628 15314 624 3243
611 13787 552 3348
595 14007 540 3369
587 13866 556 3332
835 19261 546 3266
691 17130 594 3231
723 16263 579 3243
640 14770 605 3267
793 18074 551 3278
850 19469 529 3297
692 15845 611 3236
765 18691 578 3231
719 15892 524 3321
731 18741 562 3250
670 15616 578 3254
628 15314 624 3243
732 16807 529 3304
681 16471 595 3229
611 14448 572 3308
634 14693 559 3329
788 18260 529 3302
721 16900 517 3333
750 18051 562 3250
691 16276 598 3234
786 17983 540 3284
771 19076 540 3285
616 14554 557 3330
611 14853 566 3293
622 15213 535 3293
698 16910 540 3286
655 15056 524 3332
692 16710 598 3222
611 13787 552 3348
708 16658 545 3287
673 15897 572 3275
717 16585 546 3289
687 14853 611 3241
774 16803 529 3310
696 17733 545 3287
612 14793 556 3318
761 17399 551 3282
631 14990 540 3310
653 14801 541 3355
732 16807 529 3304
681 15335 572 3259
850 19875 545 3277
663 15997 556 3260
604 15084 598 3245
613 15029 556 3294
622 15213 535 3293
613 14039 540 3365
611 14598 572 3301
649 13992 540 3364
669 17016 598 3236
731 18741 562 3250
771 17640 551 3279
644 14798 540 3359
624 14938 552 3338
633 14260 540 3361
639 15163 556 3284
685 15256 572 3261
634 14792 546 3339
679 16639 598 3238
679 16880 550 3288
766 17480 572 3241
675 15967 556 3257
604 15084 598 3245
761 17399 551 3282
687 14915 611 3237
611 14598 572 3301
683 16328 598 3236
613 14112 541 3362
613 14112 541 3362
624 14938 552 3338
651 15848 556 3276
767 18174 546 3283
654 14794 541 3357
633 14260 540 3361
704 17702 578 3242
706 16321 579 3243
679 16880 550 3288
653 15327 556 3280
767 18174 546 3283
676 15038 598 3257
631 15973 572 3244
634 14792 546 3339
704 17702 578 3242
717 16585 546 3289
687 14853 611 3241
685 15256 572 3261
624 14103 541 3362
624 14103 541 3362
624 14103 541 3362
676 15038 598 3257
679 16880 550 3288
624 14103 541 3362
613 14112 541 3362
624 14103 541 3362
624 14103 541 3362
624 14103 541 3362
861 19999 545 3278
837 20013 556 3257
787 19646 598 3220
698 16251 517 3354
678 16060 600 3262
613 14039 540 3369
613 13791 552 3348
587 13879 556 3332
800 18566 540 3284
652 15561 582 3293
801 17909 598 3220
642 14808 568 3325
761 17457 551 3282
710 17243 594 3231
688 15290 541 3308
787 19646 598 3220
631 15110 540 3310
743 17721 517 3333
700 18002 545 3286
640 15186 563 3297
743 17692 517 3334
796 18254 556 3261
691 16487 562 3258
620 14587 551 3368
713 17892 578 3242
721 16079 524 3321
680 14961 579 3298
622 15626 550 3298
682 16047 524 3332
661 14920 551 3364
657 16062 535 3293
711 17073 595 3238
662 15852 576 3277
709 16671 555 3288
625 15395 569 3323
726 17194 598 3230
720 17080 578 3251
712 16608 598 3232
756 16718 551 3289
737 17249 572 3254
679 15915 571 3294
613 14039 540 3369
727 15439 535 3320
655 16061 556 3290
666 16151 572 3283
667 16092 556 3279
687 16936 551 3292
727 15439 535 3320
729 17043 579 3254
710 16735 556 3274
797 18543 551 3278
678 16760 556 3264
694 17001 598 3252
666 16366 562 3263
620 14587 551 3368
718 17392 598 3230
728 17388 540 3290
657 15873 577 3276
678 16760 556 3264
721 16079 524 3321
662 16158 556 3276
787 19646 598 3220
728 17388 540 3290
688 15894 598 3263
657 16062 535 3293
710 16735 556 3274
656 15882 524 3333
721 16079 524 3321
710 16735 556 3274
838 19394 551 3278
801 18023 598 3220
799 20400 556 3264
750 17755 517 3334
707 17403 598 3259
613 14067 540 3369
588 13966 556 3332
650 15627 540 3355
613 14067 540 3369
793 19200 594 3231
676 16390 577 3301
788 18346 524 3325
673 16431 524 3346
784 17742 527 3328
666 15682 589 3313
685 16871 567 3269
763 17761 584 3251
736 17915 578 3242
791 18231 551 3282
774 18091 556 3267
684 16764 556 3271
706 17001 535 3293
718 18294 545 3287
724 17975 594 3240
667 16061 545 3312
668 16182 582 3276
679 15707 563 3318
673 16174 537 3318
691 16042 552 3299
719 17894 586 3256
801 18023 598 3220
675 17192 540 3296
747 17498 540 3290
780 19384 594 3237
711 17872 595 3240
715 17339 562 3262
705 16294 562 3280
695 15886 524 3333
751 18247 561 3266
719 16970 598 3248
691 16907 535 3297
751 18247 561 3266
686 15831 540 3326
711 17443 598 3233
737 17907 562 3258
701 16509 551 3293
666 16641 556 3291
700 17490 562 3260
685 16076 540 3331
778 18010 556 3270
670 16873 562 3270
847 18842 540 3292
801 19466 598 3220
735 17245 524 3333
678 14406 540 3371
595 14065 556 3332
627 14448 540 3369
768 18833 595 3248
712 16085 568 3328
719 16471 524 3347
690 16334 585 3318
763 17707 535 3313
677 16448 556 3322
810 18164 598 3226
756 18003 578 3250
695 16420 546 3340
729 16868 578 3279
794 17875 598 3233
734 17110 568 3280
743 17196 566 3285
767 19151 562 3258
703 17281 562 3270
791 18357 551 3282
789 17528 540 3317
705 16543 557 3313
714 17946 540 3299
739 17246 551 3297
752 18180 562 3261
723 17140 535 3318
709 16630 551 3320
718 17457 598 3258
752 18059 556 3272
697 17148 540 3339
691 16641 556 3292
759 18081 540 3293
711 16911 540 3320
767 16485 540 3330
842 18615 552 3313
840 19765 598 3220
808 19668 611 3229
804 20318 550 3321
649 15095 540 3370
788 18409 578 3251
692 17160 556 3298
719 17768 598 3268
714 17297 546 3351
703 16140 568 3360
723 17914 562 3280
698 16650 611 3292
802 19580 562 3258
730 17261 550 3322
771 18539 567 3262
763 17843 572 3272
708 17464 556 3292
762 19172 551 3316
693 16578 568 3361
744 16935 551 3361
726 17226 541 3356
762 17645 551 3321
746 17374 556 3297
901 22451 598 3254
687 16399 540 3383
735 18026 552 3323
782 17995 562 3281
714 17501 573 3303
767 17713 567 3303
709 17189 556 3305
868 20359 552 3336
793 18765 578 3290
746 17245 556 3321
723 17282 556 3336
714 17373 556 3328
814 18848 563 3297
719 17872 563 3307
783 18802 566 3302
817 19102 573 3333
806 18860 594 3218
688 15731 598 3226
653 15576 524 3310
649 14995 524 3344
609 13895 556 3297
582 14042 582 3283
760 17636 556 3240
747 18456 562 3237
606 14085 546 3310
713 16336 529 3264
804 16923 563 3237
590 14387 582 3272
701 17377 540 3261
701 16111 572 3224
635 15345 563 3240
607 14604 556 3247
676 15718 524 3292
677 15189 572 3234
691 16204 579 3233
605 14691 562 3258
695 16623 546 3259
710 17113 529 3286
606 14268 546 3306
689 16537 579 3233
672 15874 534 3292
679 16704 540 3266
667 15521 524 3306
751 17072 563 3236
582 14042 582 3283
593 14274 551 3278
629 15430 545 3262
620 14113 556 3290
705 16678 534 3276
606 14432 572 3252
683 16086 534 3288
642 15450 598 3230
599 14828 540 3284
593 14274 551 3278
687 17188 540 3264
712 16202 572 3223
704 16776 524 3287
650 14389 556 3256
697 17024 579 3231
629 15430 545 3262
672 15874 534 3292
624 14674 572 3241
638 15294 598 3235
598 15038 556 3260
682 16654 598 3227
612 14892 540 3271
595 14347 582 3277
705 16678 534 3276
615 14271 598 3242
657 15337 572 3238
614 14417 598 3263
617 14886 572 3239
588 14617 582 3282
598 14591 562 3268
670 14663 572 3237
688 15731 598 3226
653 14925 556 3242
604 14685 540 3280
698 16669 572 3225
657 15337 572 3238
710 16316 540 3263
679 16704 540 3266
589 14545 582 3282
598 14591 562 3268
589 14545 582 3282
594 14982 582 3265
710 16316 540 3263
604 14685 540 3280
640 15230 563 3240
640 15230 563 3240
613 15219 556 3242
614 14417 598 3263
594 14982 582 3265
635 15345 563 3240
590 14387 582 3272
653 15576 524 3310
614 14417 598 3263
590 14387 582 3272
590 14387 582 3272
598 14591 562 3268
653 15576 524 3310
614 14417 598 3263
590 14387 582 3272
849 18974 562 3241
734 17084 572 3223
696 15722 524 3304
655 15190 524 3344
613 14951 598 3249
609 13922 556 3297
582 14081 582 3283
805 17131 563 3237
723 17400 540 3266
682 16597 595 3239
610 14197 546 3318
615 14931 582 3247
764 16820 540 3266
640 14747 568 3255
664 16078 524 3329
630 14780 556 3260
715 16565 529 3286
742 16837 529 3264
594 14371 551 3278
633 15646 572 3249
594 14371 551 3278
716 16753 534 3276
710 17004 579 3231
667 15557 524 3306
649 15575 578 3242
636 15352 540 3278
692 16303 598 3226
675 16354 598 3234
633 14729 542 3336
647 15863 546 3263
710 16851 534 3280
646 15906 556 3245
622 14495 598 3250
667 15557 524 3306
637 14836 540 3301
687 15872 534 3294
746 16774 572 3224
681 16095 534 3292
664 15766 540 3276
638 14721 540 3343
718 16623 540 3268
605 14505 582 3272
694 16956 545 3263
649 15201 556 3253
618 14909 556 3257
609 13922 556 3297
641 15323 540 3284
734 16908 540 3266
631 14373 598 3260
665 15962 524 3339
615 14931 582 3247
693 16511 524 3292
607 14329 546 3306
688 16061 579 3237
760 17383 540 3263
692 16303 598 3226
760 17383 540 3263
607 15120 562 3255
633 14729 542 3336
683 15879 579 3241
682 15416 546 3273
720 16488 529 3273
645 15467 598 3235
643 15066 598 3243
682 17066 545 3263
664 15879 545 3269
667 15474 556 3243
617 14987 598 3246
642 14576 598 3246
665 15962 524 3339
654 14955 556 3248
722 16468 529 3268
713 16539 540 3271
761 16690 572 3224
618 15188 556 3255
687 15913 572 3238
687 15872 534 3294
649 15575 578 3242
612 14532 582 3263
687 16843 598 3232
761 16690 572 3224
652 14949 556 3254
713 16539 540 3271
687 16843 598 3232
652 14949 556 3254
642 14576 598 3246
722 16468 529 3268
693 16511 524 3292
613 14951 598 3249
618 15188 556 3255
819 18997 545 3263
756 16956 572 3224
685 16375 635 3238
661 15254 524 3344
658 15322 524 3344
617 14224 556 3324
601 14693 582 3283
779 17973 529 3264
685 16375 635 3238
696 16205 598 3237
669 15581 524 3343
805 17141 563 3237
719 17516 540 3272
755 17387 572 3233
726 17195 529 3287
620 14825 586 3268
791 17323 562 3245
690 16172 534 3296
713 16689 524 3292
703 15496 553 3274
739 16550 572 3244
712 17167 579 3231
764 17448 556 3247
744 17412 529 3265
627 14704 598 3254
653 15124 551 3282
610 14938 546 3322
688 16237 534 3292
682 15918 540 3300
611 14361 546 3310
756 16956 572 3224
646 15635 540 3313
628 14541 598 3253
622 15068 562 3258
617 14332 582 3312
667 15623 524 3306
692 15966 546 3274
646 14817 562 3277
663 15021 546 3301
635 14925 556 3281
662 15259 579 3249
628 15282 556 3265
666 15756 563 3248
662 16345 540 3279
718 16636 546 3269
649 15430 582 3256
655 15344 556 3249
641 15372 546 3282
683 15885 540 3280
610 14938 546 3322
614 14839 582 3281
622 15068 562 3258
693 15715 540 3282
667 17079 546 3265
654 14969 556 3255
655 15344 556 3249
740 16656 529 3268
627 14704 598 3254
649 15430 582 3256
662 16345 540 3279
695 16584 572 3238
829 20387 529 3276
777 18504 524 3299
756 17022 572 3224
658 15322 524 3348
630 14932 602 3262
612 14431 546 3310
608 15285 582 3289
627 14982 598 3260
675 15478 524 3344
715 17244 579 3231
805 17260 563 3237
733 17847 553 3272
750 17913 540 3267
721 17200 534 3293
792 17224 540 3278
806 17242 563 3237
693 15622 551 3293
745 17440 529 3305
703 15827 540 3295
675 16325 572 3249
756 17022 572 3224
670 16381 563 3248
752 17044 529 3286
649 15529 556 3268
742 16078 556 3251
726 16640 540 3279
687 16498 540 3288
673 16296 561 3252
715 15961 562 3254
691 16939 540 3279
634 15295 556 3271
673 15268 556 3263
654 15616 562 3256
756 17022 572 3224
669 15485 524 3344
690 16093 540 3285
656 15170 556 3265
675 15745 524 3306
656 16175 556 3255
806 17245 563 3237
785 18673 529 3289
767 17110 572 3224
694 15456 602 3264
669 15721 524 3351
639 15107 546 3311
638 15472 556 3281
716 17784 602 3244
684 15623 582 3266
748 17873 534 3296
735 18092 535 3299
693 17303 551 3286
642 15563 572 3274
794 17710 556 3252
712 16696 579 3250
721 17008 524 3306
760 17117 535 3288
686 15989 524 3307
730 17066 572 3249
715 17241 545 3284
658 15836 568 3267
678 16393 568 3259
656 16554 562 3273
750 17759 534 3299
681 16346 556 3264
683 16215 562 3255
736 16428 582 3253
717 16576 540 3286
707 16429 556 3262
696 16244 540 3289
702 15944 556 3265
664 15489 556 3271
671 16464 556 3255
691 16281 546 3289
694 16150 563 3260
667 16679 563 3260
670 15804 556 3268
695 17066 572 3250
708 16404 556 3255
847 18867 540 3319
790 17874 572 3224
761 18104 586 3250
695 16142 524 3338
644 15345 546 3318
732 17324 550 3307
769 18220 572 3228
826 17765 563 3237
682 15564 566 3287
824 18093 563 3237
669 16429 557 3316
701 15965 582 3275
705 16717 556 3288
698 16745 556 3285
668 16124 582 3276
694 16937 578 3270
701 17210 579 3258
736 16695 556 3255
691 16683 582 3256
722 16224 556 3287
687 16377 582 3266
722 17028 556 3267
671 16960 582 3268
837 18239 563 3237
779 19619 595 3255
748 17181 562 3307
745 17351 556 3290
731 16983 582 3270
723 17223 582 3257
740 18087 566 3294
736 18260 556 3306
734 17506 579 3266
750 17629 562 3258
768 17445 562 3267
756 17446 556 3258
791 18384 556 3258
775 17556 556 3273
772 18629 556 3311
735 17275 582 3257
760 17656 579 3273
813 18861 566 3270
799 19449 572 3268
794 18608 566 3292
794 18313 598 3261
789 18342 568 3357
757 17480 598 3271
752 18000 582 3279
764 17806 582 3284
744 16641 534 3289
701 16617 524 3351
689 17545 561 3237
655 15608 595 3222
589 13483 573 3350
585 13582 573 3357
572 13858 572 3251
707 17182 579 3223
713 17449 545 3263
702 16313 524 3325
679 15792 546 3265
596 13982 540 3333
610 14246 541 3312
646 15655 528 3352
625 14739 563 3258
603 14381 556 3279
612 14950 551 3299
659 14262 540 3290
672 16560 524 3353
608 15029 567 3257
633 14384 556 3259
645 15658 534 3299
602 14767 579 3246
619 15142 540 3306
613 14518 572 3247
588 14310 568 3260
577 14125 572 3249
673 15360 572 3238
634 14971 540 3302
629 15379 572 3237
593 13947 556 3324
666 15579 562 3250
636 15510 572 3225
638 15698 556 3240
697 15470 540 3275
690 15508 546 3267
653 15189 551 3269
691 15698 546 3265
572 13770 572 3273
613 14518 572 3247
626 14330 540 3319
626 14330 540 3319
637 14881 572 3245
636 15079 540 3283
630 15059 562 3271
701 15579 546 3255
622 15181 540 3276
653 15189 551 3269
644 14799 540 3303
595 14105 572 3249
650 15002 562 3253
650 15002 562 3253
632 15160 556 3261
652 14918 540 3283
600 14756 556 3277
644 14799 540 3303
690 15508 546 3267
572 13858 572 3251
572 13858 572 3251
631 15497 562 3257
629 15130 556 3270
653 14848 546 3273
600 14756 556 3277
653 14848 546 3273
613 14887 556 3274
652 14918 540 3283
612 14960 556 3274
636 15079 540 3283
629 15130 556 3270
636 15510 572 3225
634 14971 540 3302
595 14105 572 3249
629 15130 556 3270
634 14971 540 3302
652 14918 540 3283
636 15079 540 3283
626 14330 540 3319
754 17214 561 3252
747 18252 556 3242
733 16418 524 3353
705 16612 524 3336
655 15667 595 3222
599 13629 573 3350
572 13894 572 3251
602 14791 579 3246
655 15667 595 3222
689 16096 537 3318
709 16750 534 3315
697 16745 528 3352
669 16752 562 3243
709 15941 546 3265
636 15523 572 3232
598 13736 573 3350
598 13736 573 3350
716 16585 556 3253
613 14469 558 3294
676 14995 556 3262
609 14094 540 3333
655 15824 572 3225
602 14591 568 3306
626 14522 540 3319
650 15157 562 3253
690 16569 524 3353
637 15334 551 3291
624 14607 556 3324
637 15334 551 3291
656 14932 546 3273
715 16485 524 3336
622 15736 540 3294
634 14976 540 3303
656 15247 540 3283
608 14315 540 3333
682 16661 562 3252
635 14884 578 3249
639 15334 562 3266
602 14791 579 3246
660 15395 572 3243
631 15013 572 3249
645 15757 556 3257
627 15000 556 3277
612 14869 556 3324
642 14469 556 3306
608 14265 556 3352
630 15425 540 3305
626 14522 540 3319
681 15544 540 3279
651 15572 556 3269
639 15581 540 3285
611 14923 556 3279
659 14771 564 3287
645 15757 556 3257
659 14771 564 3287
619 15362 556 3277
635 14884 578 3249
659 14771 564 3287
608 14315 540 3333
599 13629 573 3350
637 15921 540 3276
656 14932 546 3273
622 14967 567 3275
634 15922 566 3269
639 15581 540 3285
623 14665 556 3293
635 15367 556 3270
642 14469 556 3306
634 14779 556 3292
623 14665 556 3293
630 14379 540 3319
622 14967 567 3275
623 15773 567 3269
630 15381 572 3249
623 15773 567 3269
639 15581 540 3285
634 15922 566 3269
690 16569 524 3353
619 15362 556 3277
642 14469 556 3306
630 14379 540 3319
635 15367 556 3270
690 16569 524 3353
637 15921 540 3276
634 14779 556 3292
634 14779 556 3292
690 16569 524 3353
637 15334 551 3291
637 15334 551 3291
630 14379 540 3319
623 15773 567 3269
602 14791 579 3246
599 13629 573 3350
784 19214 556 3251
733 16967 524 3350
690 16592 524 3353
684 15765 595 3222
662 15902 598 3229
599 13660 573 3350
572 13923 572 3251
736 17269 524 3336
628 14731 566 3300
717 17754 524 3349
640 15722 584 3245
697 16767 528 3352
676 14712 540 3333
623 14827 579 3246
692 15214 540 3327
686 15670 540 3279
694 15461 546 3274
572 13923 572 3251
599 13660 573 3350
693 16108 556 3266
657 15904 578 3229
660 16103 572 3226
649 15882 572 3236
655 15373 567 3260
720 17142 563 3243
734 16031 561 3264
656 15532 540 3283
736 15845 546 3273
703 16359 556 3260
631 14902 556 3329
629 15058 556 3280
711 17687 562 3244
698 15794 579 3241
672 15970 562 3271
649 15099 556 3277
668 15215 566 3253
653 16013 556 3267
726 16998 556 3253
723 16272 546 3265
715 17157 562 3249
682 15004 562 3262
676 15952 556 3276
711 16167 556 3261
732 16628 556 3256
733 16967 524 3350
674 14851 540 3333
667 16080 562 3261
701 16179 556 3262
717 17168 556 3257
684 15288 540 3283
732 16628 556 3256
656 15532 540 3283
682 16099 540 3282
717 17168 556 3257
682 15004 562 3262
726 16998 556 3253
656 15532 540 3283
819 19332 546 3274
738 18081 524 3338
684 15767 595 3222
600 13679 599 3362
596 14232 572 3251
753 19100 562 3244
629 15232 558 3296
690 16752 524 3353
707 15546 541 3319
784 19266 556 3251
680 16669 595 3232
631 15658 579 3246
663 15672 540 3286
640 15159 556 3323
715 16181 556 3261
668 16466 578 3235
732 17490 556 3253
747 17669 524 3336
648 15366 556 3287
706 17154 556 3262
673 15897 572 3241
723 17732 563 3248
631 15171 556 3324
672 15707 568 3267
695 15937 572 3238
656 15721 567 3270
702 16367 556 3265
675 15238 566 3269
690 16835 572 3238
690 15841 540 3279
652 15274 556 3280
676 16390 563 3261
676 15909 568 3260
692 16659 572 3232
663 16222 572 3249
693 16327 556 3271
723 17732 563 3248
673 15689 540 3283
826 19108 524 3347
776 19582 562 3244
715 16783 524 3353
710 16897 533 3365
684 16598 598 3223
623 14451 573 3342
620 16006 572 3251
789 17821 526 3338
693 14520 582 3319
756 18114 572 3239
671 16559 551 3291
645 14659 582 3298
630 14731 572 3256
659 15390 556 3352
719 16152 540 3279
689 15751 540 3323
750 17162 562 3262
759 17515 556 3261
720 16531 569 3266
651 15749 563 3304
690 15620 556 3306
663 15909 567 3270
739 17746 563 3248
784 19294 556 3251
684 16349 561 3281
674 15761 577 3255
728 18054 563 3256
662 15705 556 3289
787 18103 528 3352
674 16238 540 3310
674 15830 579 3246
703 16658 556 3275
729 16818 556 3264
680 15927 540 3286
686 16608 572 3247
668 16304 540 3308
701 17769 572 3241
683 16039 556 3282
787 19183 556 3259
715 17624 572 3241
705 15963 572 3254
755 16811 556 3271
690 15909 540 3288
826 19222 524 3347
815 20615 562 3244
762 17308 524 3355
696 17200 598 3223
652 15489 573 3334
647 15544 578 3259
811 18096 533 3353
783 19066 572 3241
719 16789 552 3284
742 18157 556 3267
707 16431 540 3301
734 17735 540 3297
676 17051 568 3281
730 15782 556 3316
724 17763 577 3241
748 18138 556 3268
713 17034 578 3248
703 16015 540 3306
688 16516 572 3258
683 16262 556 3282
671 15926 556 3304
688 15719 572 3288
680 15919 577 3255
680 15932 576 3297
686 16259 556 3288
674 15992 577 3255
848 20537 566 3290
769 17723 533 3369
760 18759 598 3232
668 15548 589 3348
812 18874 540 3309
779 18291 572 3259
674 16046 577 3255
722 16677 551 3321
741 17426 547 3352
699 16750 557 3294
736 17085 550 3357
704 15927 573 3351
678 15954 556 3328
752 16980 568 3285
698 17266 572 3275
689 16650 568 3288
692 17904 572 3277
690 16228 556 3314
692 16139 557 3306
698 15930 556 3312
864 20655 552 3309
733 17391 577 3255
718 17091 582 3312
709 17086 584 3269
809 19908 568 3307
783 19378 572 3284
731 18201 575 3312
736 17583 582 3292
726 17134 584 3271
753 17511 585 3276
742 17675 540 3258
702 16206 524 3284
632 15639 595 3219
573 13895 540 3317
649 14523 535 3303
602 14670 524 3292
712 16094 556 3246
591 14166 556 3256
695 16903 546 3257
607 14728 579 3225
648 15407 563 3247
632 15438 595 3223
683 16467 556 3246
652 14797 561 3244
639 15426 572 3227
660 15917 540 3262
590 14017 540 3270
672 15165 540 3261
698 16422 546 3256
640 13980 545 3274
694 15039 545 3267
664 15233 540 3265
691 16462 556 3238
617 14543 572 3233
686 14788 577 3229
685 16770 572 3225
626 14705 529 3285
624 14890 578 3232
632 15639 595 3219
632 15438 595 3223
621 14754 551 3269
626 14705 529 3285
609 14745 572 3251
609 14745 572 3251
621 15050 556 3249
621 14754 551 3269
626 14758 572 3230
645 13901 545 3274
645 13901 545 3274
607 14728 579 3225
654 15207 578 3225
654 15207 578 3225
753 18050 540 3258
655 15925 612 3221
647 15198 524 3314
589 14040 540 3317
671 15131 535 3303
634 15396 578 3232
637 16018 595 3228
723 16932 561 3244
653 14991 596 3245
744 17946 546 3257
731 17630 561 3241
719 17224 556 3246
616 14063 545 3274
627 16160 572 3240
635 15535 524 3292
698 15035 577 3229
699 16559 556 3249
644 15462 529 3285
600 14580 563 3288
713 16341 524 3285
751 17511 546 3257
593 14631 572 3260
702 16405 561 3248
618 14567 578 3249
606 14153 540 3282
679 15847 540 3265
662 15271 572 3248
675 16432 551 3264
683 15730 551 3268
649 14934 546 3273
709 16441 524 3285
634 16203 572 3237
714 17602 556 3243
642 15480 595 3223
683 15730 551 3268
687 15064 556 3250
706 17298 561 3244
692 15829 540 3265
664 14759 572 3231
600 14580 563 3288
652 15131 556 3252
658 15801 556 3251
680 15832 540 3272
641 16040 572 3227
608 15301 563 3261
684 14403 556 3264
684 14403 556 3264
636 14854 524 3315
644 15911 556 3256
606 14822 556 3279
606 14822 556 3279
682 15161 563 3246
605 14916 562 3283
650 16053 562 3251
643 15536 540 3274
679 16367 545 3263
652 15131 556 3252
664 14759 572 3231
753 18050 540 3258
647 15198 524 3314
593 14631 572 3260
593 14631 572 3260
648 15503 563 3259
713 16210 540 3261
706 17298 561 3244
639 15534 556 3263
605 14916 562 3283
600 14580 563 3288
644 15911 556 3256
644 15513 556 3261
605 14916 562 3283
608 15301 563 3261
640 16052 556 3260
643 15536 540 3274
684 14403 556 3264
608 15301 563 3261
640 16052 556 3260
644 15513 556 3261
753 18050 540 3258
644 15911 556 3256
644 15513 556 3261
640 16052 556 3260
608 15301 563 3261
778 17683 540 3261
767 17862 546 3257
655 15928 612 3221
654 15323 524 3328
654 15323 524 3328
652 14069 545 3274
589 14071 540 3317
684 16535 596 3223
674 15560 535 3307
686 17026 551 3264
753 16567 545 3262
738 17796 556 3243
657 15621 524 3292
604 14701 563 3288
624 14593 587 3285
706 17299 561 3244
761 15977 546 3267
714 17451 540 3265
666 14908 524 3323
646 14367 586 3281
695 15840 563 3250
625 15170 558 3298
658 16148 567 3256
668 15076 578 3232
667 14799 572 3239
690 16143 540 3272
610 14522 582 3312
635 14235 540 3285
644 16438 572 3240
605 15054 572 3260
674 15676 561 3270
707 17191 556 3249
682 16169 572 3229
711 16834 556 3249
721 16678 524 3285
613 15370 563 3261
625 15170 558 3298
641 15002 579 3261
664 16750 556 3254
641 15589 580 3246
627 14396 561 3276
724 16396 556 3250
645 16322 561 3259
686 16391 572 3227
661 15523 578 3248
624 14593 587 3285
711 16834 556 3249
691 15094 556 3253
672 16346 540 3274
684 16107 556 3251
632 15056 540 3282
626 14515 540 3313
626 15031 540 3291
653 16420 562 3253
641 15077 556 3278
668 15500 524 3314
678 15471 524 3315
611 14388 582 3312
633 14709 586 3265
675 15160 572 3231
666 16449 556 3260
642 15532 578 3232
675 15481 556 3253
633 15397 578 3253
630 15661 587 3252
630 15661 587 3252
680 16511 556 3251
680 16511 556 3251
678 15326 556 3256
678 15326 556 3256
611 14388 582 3312
724 16396 556 3250
633 14709 586 3265
611 14388 582 3312
675 15160 572 3231
724 16396 556 3250
611 14388 582 3312
789 19024 540 3262
659 15803 524 3292
655 15949 612 3221
622 14757 612 3294
589 14086 540 3317
721 18215 561 3244
758 18888 556 3247
696 17326 551 3264
669 14344 586 3281
622 14757 612 3294
640 14960 551 3308
675 15439 595 3249
694 16650 572 3227
738 16452 572 3237
705 15859 556 3260
719 17082 546 3273
670 15146 545 3274
733 15791 524 3300
650 15793 595 3240
634 14835 582 3312
689 16161 556 3251
625 14861 567 3289
664 16502 562 3266
684 15679 540 3310
646 15299 578 3270
638 15272 546 3283
719 15745 529 3299
662 16399 540 3285
649 14531 572 3312
658 17200 572 3252
625 14861 567 3289
668 15597 524 3314
674 16234 563 3261
679 16060 556 3254
683 15881 578 3232
719 15745 529 3299
677 16618 572 3243
713 15429 572 3239
690 15784 535 3312
678 16043 579 3232
668 16047 578 3242
690 15784 535 3312
653 15383 545 3283
659 15673 556 3276
708 15509 595 3243
655 15664 579 3242
673 16462 572 3245
661 15646 524 3315
636 15482 563 3265
658 17200 572 3252
647 16064 563 3264
677 15711 556 3261
636 15444 546 3300
668 15597 524 3314
844 20712 561 3248
710 16693 572 3228
659 15821 524 3292
650 15417 601 3288
589 14091 540 3317
731 17645 540 3286
754 16536 578 3236
638 15781 556 3308
657 15020 582 3293
664 16130 595 3240
661 16399 563 3273
640 15734 572 3265
674 15598 545 3274
657 16035 583 3246
663 15482 557 3315
730 16767 542 3291
736 15580 578 3239
666 16005 556 3282
689 16541 578 3256
683 17072 561 3254
705 17216 556 3253
679 17361 578 3258
658 15714 552 3291
691 15850 580 3246
681 15713 562 3266
662 16726 579 3244
670 15492 562 3276
691 15484 553 3279
681 16038 556 3262
687 16388 572 3259
700 16972 540 3291
730 16989 562 3252
664 16271 556 3288
703 16801 540 3290
659 16015 562 3278
690 16855 556 3256
685 16398 556 3258
828 19028 556 3253
721 16950 595 3232
690 15831 524 3306
666 16416 598 3245
615 14383 540 3322
614 14554 582 3349
600 14794 562 3340
615 14383 540 3322
752 16920 556 3256
662 15927 524 3292
751 18124 540 3291
689 16556 570 3274
739 17081 545 3287
735 18310 540 3290
612 14607 540 3317
722 17282 546 3275
708 16022 546 3276
710 17516 556 3254
691 16284 573 3289
698 15876 524 3292
725 17007 572 3233
681 16833 578 3267
716 16764 579 3242
695 16826 561 3263
718 17037 578 3249
715 16755 562 3268
600 14794 562 3340
690 15831 524 3306
690 16498 578 3261
692 17153 572 3254
697 16791 579 3248
600 14794 562 3340
754 16608 582 3289
732 17620 572 3240
713 17683 556 3255
679 16371 524 3292
616 14993 540 3324
611 15060 562 3359
686 16049 529 3293
739 16980 551 3281
700 17186 578 3255
738 17362 572 3250
706 16873 579 3282
737 16997 556 3290
798 19382 572 3243
700 17645 595 3259
696 16619 535 3297
692 16268 540 3315
788 18939 563 3257
741 17101 557 3287
737 17107 556 3290
705 16289 540 3302
717 16364 582 3298
772 17883 556 3263
716 18328 556 3269
728 17688 556 3267
779 18303 556 3258
852 18629 572 3268
815 18025 586 3275
795 19503 561 3258
784 19778 551 3305
717 17018 566 3328
704 16775 572 3298
772 19114 572 3270
818 18873 558 3282
828 19211 578 3258
817 19487 579 3266
785 19651 556 3277
817 19708 557 3293
813 19560 603 3262
737 17630 582 3308
