10449 164.802
508 10333 508 3365
520 9643 518 3317
527 9717 508 3327
747 13853 743 3195
540 9692 540 3278
540 9674 540 3282
572 10443 572 3218
529 9735 529 3285
524 9657 524 3300
540 9670 540 3282
543 9807 540 3260
540 9674 540 3282
572 10144 572 3230
540 9744 540 3264
524 9675 524 3300
520 9669 518 3313
540 9735 540 3264
524 10249 524 3283
540 9735 540 3264
524 9665 524 3300
536 11410 529 3264
540 9763 540 3260
556 9873 556 3251
521 9752 518 3309
520 9654 518 3317
540 9692 540 3278
527 9678 508 3327
540 9674 540 3282
540 9776 540 3260
529 9960 529 3273
556 9974 556 3243
520 9654 518 3317
540 9684 540 3282
540 9733 540 3264
540 9684 540 3282
524 9657 524 3300
556 9990 556 3241
540 9849 540 3256
540 9711 540 3268
524 9657 524 3300
556 10083 556 3239
540 9692 540 3278
556 10019 556 3241
529 9745 529 3285
524 9650 524 3304
540 9862 540 3256
556 10083 556 3239
518 9675 518 3317
540 9711 540 3268
518 9691 518 3324
524 9665 524 3300
540 9715 540 3268
540 9741 540 3264
518 9691 518 3324
540 9674 540 3282
524 9665 524 3300
540 9776 540 3260
540 9715 540 3268
540 9846 540 3256
524 9770 524 3292
556 9889 556 3247
540 9711 540 3268
524 10213 524 3283
520 9643 518 3317
524 9665 524 3300
540 9702 540 3278
556 9990 556 3241
540 9870 540 3256
524 9665 524 3300
524 9657 524 3300
540 9763 540 3260
524 9654 524 3304
553 10364 545 3246
540 9733 540 3264
520 9643 518 3317
553 9724 529 3281
556 10229 556 3233
524 9665 524 3300
540 9776 540 3260
518 9681 518 3313
527 9688 508 3327
540 9763 540 3260
556 10129 556 3239
529 11564 529 3264
553 9817 524 3287
540 9714 540 3268
540 9763 540 3260
524 9657 524 3300
540 9696 540 3278
524 9657 524 3300
556 9927 556 3243
539 9900 529 3269
540 9711 540 3268
540 9674 540 3282
518 10166 518 3308
520 9643 518 3317
543 9807 540 3260
540 10010 540 3252
524 9657 524 3300
520 9643 518 3317
556 9889 556 3247
540 9692 540 3278
540 9776 540 3260
524 9736 524 3296
524 9657 524 3300
540 9763 540 3260
556 9927 556 3243
520 9654 518 3317
540 9753 540 3264
540 9673 540 3282
540 9711 540 3268
527 9678 508 3327
540 9715 540 3268
539 9745 529 3281
534 9730 524 3296
540 9674 540 3282
553 9697 524 3295
540 9692 540 3278
540 9862 540 3256
518 9675 518 3317
572 10179 572 3226
556 9859 556 3255
540 9702 540 3278
540 9670 540 3282
520 9643 518 3317
524 9650 524 3304
556 9885 556 3247
518 9827 518 3324
540 9674 540 3282
540 9692 540 3278
540 9763 540 3260
524 9669 524 3300
540 9768 540 3260
540 10283 540 3248
520 9643 518 3317
534 9803 524 3296
540 9819 540 3260
540 9849 540 3256
540 9763 540 3260
524 9675 524 3300
553 9857 529 3273
556 9889 556 3247
556 9901 556 3247
518 9675 518 3317
555 9818 518 3308
540 9768 540 3260
540 9849 540 3256
540 9684 540 3282
540 9692 540 3278
518 9675 518 3317
540 9776 540 3260
524 9665 524 3300
520 9658 518 3313
540 9702 540 3278
540 9776 540 3260
524 9665 524 3300
578 10944 578 3216
540 9767 540 3260
524 9675 524 3300
520 9643 518 3317
540 9896 540 3256
520 9643 518 3317
540 9763 540 3260
540 9696 540 3278
524 9657 524 3300
625 11396 540 3247
556 10030 556 3241
524 9675 524 3300
540 9763 540 3260
522 10073 518 3308
553 9705 524 3291
540 9684 540 3282
540 9768 540 3260
530 11618 529 3264
520 9654 518 3317
520 9654 518 3317
553 9728 529 3281
540 9776 540 3260
540 9733 540 3264
518 9806 518 3313
572 10443 572 3218
540 9768 540 3260
540 10009 540 3252
524 9657 524 3300
540 9670 540 3282
524 9665 524 3300
572 10777 572 3222
529 9725 529 3285
520 9643 518 3317
524 9657 524 3300
540 9778 540 3260
520 9654 518 3317
556 9873 556 3251
540 9876 540 3256
524 9654 524 3304
540 9870 540 3260
540 9763 540 3260
524 9798 524 3296
540 9692 540 3278
520 9643 518 3317
