2221 136.453
622 11868 609 3211
537 10572 518 3308
572 10229 572 3226
530 10537 529 3264
709 12880 709 3199
512 10528 508 3328
572 10475 572 3220
544 11443 518 3307
573 10680 562 3230
524 10297 524 3282
528 10309 508 3328
679 13631 658 3205
534 10053 529 3274
560 11281 528 3279
566 10088 556 3257
545 10410 545 3245
625 12580 625 3209
540 10142 540 3252
582 10244 529 3264
572 11270 572 3217
595 10693 595 3213
550 10049 540 3270
577 11290 577 3215
532 10347 508 3327
524 10094 524 3283
556 10510 556 3232
540 10218 529 3265
582 10244 529 3264
728 15090 726 3198
551 10282 529 3264
565 10535 563 3230
532 10817 518 3308
528 10309 508 3328
572 10522 572 3219
546 10388 546 3246
610 11905 609 3211
576 11681 508 3325
521 10419 508 3327
675 13961 675 3203
611 11122 611 3211
532 10409 517 3323
541 10234 540 3247
533 10381 529 3278
572 10332 572 3222
524 10094 524 3283
643 11638 643 3207
568 10294 546 3246
579 11099 577 3215
728 15090 726 3198
658 13917 658 3205
576 11681 508 3325
643 11638 643 3207
524 10094 524 3283
572 10522 572 3219
582 10244 529 3264
550 10040 540 3275
532 10409 517 3323
528 10309 508 3328
556 10196 556 3235
540 10218 529 3265
537 10572 518 3308
545 10410 545 3245
533 10381 529 3278
595 10693 595 3213
556 10180 556 3239
541 10234 540 3247
521 10419 508 3327
524 10094 524 3283
518 10416 508 3328
542 10167 529 3265
662 13841 658 3206
568 10294 546 3246
532 10409 517 3323
546 10388 546 3246
543 10450 518 3310
556 10510 556 3232
582 10244 529 3264
709 12880 709 3199
609 12108 609 3211
553 11361 518 3307
533 10381 529 3278
550 10049 540 3270
572 10522 572 3219
528 10309 508 3328
675 13961 675 3203
540 10142 540 3252
611 11122 611 3211
731 13602 726 3197
532 10498 517 3322
566 10088 556 3257
540 10218 529 3265
551 10282 529 3264
530 10537 529 3264
582 10244 529 3264
532 10347 508 3327
609 12108 609 3211
540 10157 540 3248
530 10413 517 3323
611 11122 611 3211
562 10437 562 3231
572 10522 572 3219
546 10388 546 3246
675 13961 675 3203
524 10052 524 3291
528 10309 508 3328
533 10381 529 3278
568 10294 546 3246
537 10572 518 3308
532 10409 517 3323
609 12108 609 3211
726 15277 726 3197
610 11358 610 3211
524 10094 524 3283
545 10410 545 3245
528 10309 508 3328
676 12434 676 3203
541 10234 540 3247
572 10522 572 3219
550 10040 540 3275
565 10535 563 3230
542 10165 539 3261
514 10430 508 3328
547 10357 546 3246
542 10165 539 3261
532 10631 508 3326
568 10294 546 3246
550 10040 540 3275
518 10416 508 3328
532 10347 508 3327
530 10537 529 3264
572 10522 572 3219
556 10196 556 3235
524 10052 524 3291
642 12551 642 3207
595 10693 595 3213
541 10234 540 3247
577 11290 577 3215
528 10309 508 3328
595 10693 595 3213
532 10409 517 3323
593 11420 593 3213
533 10381 529 3278
524 10094 524 3283
565 10535 563 3230
512 10528 508 3328
541 10234 540 3247
731 13602 726 3197
542 10165 539 3261
545 10410 545 3245
537 10572 518 3308
550 10040 540 3275
528 10309 508 3328
556 10180 556 3239
572 10522 572 3219
530 10537 529 3264
550 10040 540 3275
528 10309 508 3328
568 10294 546 3246
565 10535 563 3230
528 10430 517 3323
532 10409 517 3323
541 10234 540 3247
540 10218 529 3265
660 11952 660 3205
572 10522 572 3219
524 10094 524 3283
532 10817 518 3308
611 11122 611 3211
610 11905 609 3211
568 10294 546 3246
540 10157 540 3248
532 10409 517 3323
565 10535 563 3230
537 10567 516 3324
528 10309 508 3328
542 10165 539 3261
524 10094 524 3283
572 10522 572 3219
677 12314 677 3203
550 10049 540 3270
577 11064 577 3216
521 10419 508 3327
595 10693 595 3213
530 10537 529 3264
556 10196 556 3235
677 12314 677 3203
532 10409 517 3323
534 10053 529 3274
529 10601 529 3264
572 10522 572 3219
518 10416 508 3328
528 10309 508 3328
541 10234 540 3247
568 10294 546 3246
550 10049 540 3270
611 11122 611 3211
532 10631 508 3326
532 10409 517 3323
542 10165 539 3261
611 11122 611 3211
524 10622 518 3309
556 10196 556 3235
540 10157 540 3248
572 10553 572 3218
550 10049 540 3270
549 10321 546 3246
530 10537 529 3264
743 15027 743 3195
537 10567 516 3324
528 10309 508 3328
514 10410 508 3329
550 10049 540 3270
540 10157 540 3248
578 10791 578 3215
568 10294 546 3246
532 10409 517 3323
532 10817 518 3308
572 10522 572 3219
641 12935 641 3207
528 10309 508 3328
533 10381 529 3278
542 10165 539 3261
556 10510 556 3232
562 10774 561 3230
533 10554 516 3325
568 10294 546 3246
532 10409 517 3323
572 10522 572 3219
529 10601 529 3264
595 10693 595 3213
540 10218 529 3265
709 12880 709 3199
528 10309 508 3328
550 10040 540 3275
540 10142 540 3252
528 10408 517 3324
627 11414 627 3209
532 10409 517 3323
550 10049 540 3270
528 10309 508 3328
540 10157 540 3248
528 10430 517 3323
565 10535 563 3230
533 10521 518 3309
595 10617 595 3214
528 10081 524 3288
572 10522 572 3219
533 10381 529 3278
541 10234 540 3247
643 11638 643 3207
556 10270 556 3234
550 10040 540 3275
533 10554 516 3325
572 10522 572 3219
528 10309 508 3328
534 10053 529 3274
530 10537 529 3264
611 11122 611 3211
532 10409 517 3323
528 10430 517 3323
542 10165 539 3261
528 10309 508 3328
541 10234 540 3247
533 10381 529 3278
532 10409 517 3323
565 10535 563 3230
626 11544 626 3209
572 10522 572 3219
532 10817 518 3308
594 11167 594 3213
550 10040 540 3275
528 10430 517 3323
532 10347 508 3327
528 10309 508 3328
610 11358 610 3211
532 10631 508 3326
550 10049 540 3270
518 10416 508 3328
530 10537 529 3264
542 10165 539 3261
641 12935 641 3207
540 10157 540 3248
565 10535 563 3230
587 10748 572 3217
532 10347 508 3327
528 10309 508 3328
541 10234 540 3247
556 10196 556 3235
543 10450 518 3310
550 10040 540 3275
530 10537 529 3264
521 10398 508 3328
660 11952 660 3205
540 10218 529 3265
542 10165 539 3261
556 10510 556 3232
643 11638 643 3207
521 10419 508 3327
533 10381 529 3278
541 10234 540 3247
528 10309 508 3328
532 10409 517 3323
550 10040 540 3275
543 10450 518 3310
587 10748 572 3217
542 10165 539 3261
565 10535 563 3230
660 11952 660 3205
530 10537 529 3264
532 10409 517 3323
534 10618 518 3308
550 10040 540 3275
541 10234 540 3247
521 10472 517 3323
611 11122 611 3211
528 10309 508 3328
676 12434 676 3203
540 10236 540 3247
528 10430 517 3323
529 10908 518 3308
529 10601 529 3264
587 10748 572 3217
532 10409 517 3323
528 10309 508 3328
565 10535 563 3230
542 10165 539 3261
528 10309 508 3328
528 10430 517 3323
533 10381 529 3278
540 10218 529 3265
679 12561 675 3203
581 10701 578 3216
556 10510 556 3232
532 10409 517 3323
537 10572 518 3308
540 10142 540 3252
540 10218 529 3265
532 10409 517 3323
541 10234 540 3247
595 10789 578 3215
542 10210 539 3260
556 10270 556 3234
533 10554 516 3325
528 10309 508 3328
528 10430 517 3323
627 11414 627 3209
530 10537 529 3264
565 10535 563 3230
540 10142 540 3252
532 10347 508 3327
542 10165 539 3261
524 10622 518 3309
709 12880 709 3199
528 10309 508 3328
594 11167 594 3213
537 10572 518 3308
556 10270 556 3234
627 11414 627 3209
534 10053 529 3274
611 11122 611 3211
532 10409 517 3323
540 10157 540 3248
533 10381 529 3278
537 10572 518 3308
528 10430 517 3323
528 10309 508 3328
529 10601 529 3264
540 10218 529 3265
532 10409 517 3323
641 12935 641 3207
562 10774 561 3230
514 10430 508 3328
540 10157 540 3248
543 10450 518 3310
528 10309 508 3328
610 11358 610 3211
528 10309 508 3328
528 10430 517 3323
611 11122 611 3211
556 10276 556 3233
643 11638 643 3207
540 10218 529 3265
533 10381 529 3278
541 10234 540 3247
532 10409 517 3323
532 10631 508 3326
534 10618 518 3308
512 10528 508 3328
530 10537 529 3264
540 10157 540 3248
539 10396 517 3324
595 10617 595 3214
709 12880 709 3199
528 10309 508 3328
587 10748 572 3217
528 10309 508 3328
642 12551 642 3207
529 10601 529 3264
528 10430 517 3323
532 10581 516 3325
