282 89.93
762 19896 429 3833
687 16901 582 3631
616 14440 582 3644
612 15877 421 3982
546 13073 541 4018
520 13650 505 4161
715 18873 426 3881
541 14024 467 4111
733 17889 566 3635
575 14626 441 3812
530 13812 482 4143
716 18499 429 3846
668 16397 566 3637
667 16801 550 3644
711 18413 452 3709
754 18492 487 3665
687 16901 582 3631
524 13507 505 4161
720 18457 432 3862
734 18011 566 3634
666 15934 534 3650
556 13511 455 3725
587 14328 524 3695
634 15297 441 3811
536 13599 502 4135
698 18073 442 3713
703 17488 431 3888
584 14916 525 3676
605 15052 443 3778
636 15809 436 3913
654 16160 435 3751
663 16922 550 3643
605 15052 443 3778
605 15391 541 3668
637 16245 429 3896
603 14853 518 3669
693 16486 428 3920
701 17683 442 3717
644 16141 534 3653
605 15170 478 3690
688 17454 494 3665
543 13265 455 3726
621 15544 436 3929
642 16167 432 3941
532 13628 505 4160
653 16203 431 3954
596 15194 433 3961
556 13511 455 3725
722 17912 486 3666
536 13701 482 4120
584 14124 540 3686
669 16856 423 3922
651 16503 423 3965
683 17569 454 3696
583 14375 517 3682
620 16367 464 3707
619 15737 449 3720
680 16536 435 3750
590 14399 509 3692
535 14261 490 4139
601 15311 513 3676
638 15623 457 3716
590 14443 517 3674
647 16137 438 3739
713 17973 440 3724
690 17391 502 3659
536 13701 482 4120
607 14901 499 3701
585 14124 447 3740
657 17108 474 3675
597 15454 438 3742
628 16140 421 3978
610 14819 481 3714
582 15018 501 3704
754 18492 487 3665
609 14729 470 3715
649 15586 460 3700
591 14390 508 3702
705 16751 550 3641
601 15311 513 3676
598 14928 493 3700
655 16953 468 3692
542 13174 466 3729
626 16171 426 3971
675 17039 437 3737
629 16208 440 3737
594 14702 486 3709
681 17275 505 3664
630 16623 463 3703
674 17361 486 3668
624 15122 449 3726
655 17099 460 3697
581 14128 454 3734
595 15486 433 3971
633 15335 484 3689
652 16019 582 3632
627 15761 470 3689
720 17428 534 3646
579 14184 524 3697
667 16722 445 3713
595 14256 501 3685
686 17159 486 3667
606 14648 454 3731
534 13666 502 4139
676 16671 453 3702
623 15421 486 3673
608 15115 491 3684
655 16842 484 3677
667 16613 437 3748
579 14275 524 3696
640 15787 462 3699
607 14901 499 3701
694 17067 550 3642
643 15987 442 3731
625 16323 444 3732
696 16736 534 3648
678 16514 550 3643
617 15572 472 3701
670 17608 486 3670
614 15272 550 3656
662 16812 455 3688
716 17431 550 3640
543 13198 455 3730
661 16662 518 3651
625 16323 444 3732
640 15787 462 3699
632 16111 492 3669
656 16641 452 3717
634 15852 534 3655
542 13174 466 3729
715 18032 486 3666
635 16611 470 3683
671 17252 550 3641
612 15665 518 3663
674 17361 486 3668
700 17430 470 3679
585 14124 447 3740
658 15596 582 3640
628 15601 445 3738
613 15061 455 3721
637 15966 471 3681
637 15966 471 3681
610 15132 502 3671
662 16812 455 3688
638 16156 518 3660
642 15625 534 3656
579 14205 455 3723
626 15364 487 3678
604 15557 486 3698
617 15077 550 3658
664 16098 550 3648
657 17108 474 3675
657 16619 453 3705
686 17159 486 3667
671 16655 518 3657
611 15478 474 3690
598 15305 518 3669
591 14390 508 3702
656 15878 566 3638
635 16104 468 3705
615 15277 502 3670
734 18011 566 3634
624 14818 566 3644
608 15525 518 3666
665 16430 502 3666
590 14399 509 3692
722 17912 486 3666
632 16111 492 3669
665 16430 502 3666
687 16901 582 3631
635 15673 550 3652
705 16751 550 3641
660 16155 534 3652
670 16730 566 3636
664 16098 550 3648
617 15572 472 3701
686 16650 518 3652
663 16922 550 3643
671 16655 518 3657
660 16155 534 3652
626 15364 487 3678
624 14818 566 3644
656 15878 566 3638
686 17159 486 3667
591 14390 508 3702
834 20230 518 3652
703 17452 582 3631
682 17278 458 3694
637 15452 531 3724
625 14830 582 3644
616 15225 540 3689
712 18617 470 3680
756 18416 534 3646
648 16473 470 3707
710 17706 566 3636
658 15975 566 3650
697 16147 487 3694
686 17922 474 3675
718 17372 518 3662
647 16074 505 3672
631 16195 501 3673
678 17336 550 3642
683 17070 526 3651
637 15697 489 3674
718 17722 550 3641
725 17714 486 3667
654 15634 522 3671
733 18301 502 3659
675 16452 534 3656
667 16696 534 3658
621 15875 541 3669
699 17145 486 3676
734 18024 566 3634
657 16410 486 3690
634 16459 486 3684
723 17766 518 3654
744 18091 518 3653
744 17978 566 3635
725 18029 541 3647
670 16877 518 3665
672 16568 486 3683
693 16924 534 3651
638 16230 550 3655
651 16041 518 3671
689 16320 566 3644
700 18182 487 3671
725 17573 550 3640
681 17253 550 3645
725 18029 541 3647
646 16478 566 3653
632 15460 534 3675
650 15947 534 3666
711 17571 502 3661
663 16248 518 3667
664 16608 534 3660
687 16785 566 3640
698 17642 502 3660
648 15751 550 3669
712 18142 534 3648
678 17336 550 3642
668 16807 550 3648
655 15683 550 3652
648 15701 550 3670
673 16918 534 3653
668 16473 502 3671
652 16241 582 3632
652 16241 582 3632
789 18526 534 3649
750 19540 470 3709
705 17961 469 3710
652 16269 582 3632
647 15283 582 3656
638 15540 550 3684
771 19391 470 3704
676 16081 582 3644
689 17135 534 3664
720 17612 502 3662
755 18920 518 3653
723 17834 566 3636
648 15788 550 3669
701 17364 518 3678
691 17286 526 3651
742 18743 472 3690
716 18850 474 3675
699 17751 552 3647
726 17660 486 3689
699 16713 566 3653
739 17677 550 3640
642 15847 499 3681
652 15801 498 3697
768 18903 518 3655
704 16759 550 3652
678 16405 550 3657
682 17385 502 3674
726 18205 495 3668
697 16216 487 3695
711 18402 486 3675
701 17234 534 3658
724 18261 490 3674
681 17160 492 3683
695 17880 518 3671
732 17629 550 3646
677 16698 486 3696
742 18575 502 3659
650 15968 534 3666
698 18046 502 3666
728 18530 486 3667
697 16197 487 3696
713 17925 486 3683
689 17232 502 3680
703 17139 566 3650
723 17677 550 3646
699 17933 518 3670
754 18391 502 3659
754 18391 502 3659
752 18544 502 3659
698 17210 534 3659
754 18391 502 3659
783 19750 518 3656
771 19938 502 3666
771 19474 470 3709
752 18955 470 3719
663 16435 582 3632
653 15934 550 3669
647 16012 518 3688
779 19521 566 3636
667 16676 499 3681
680 16911 486 3710
759 19556 475 3700
709 17727 526 3651
662 16611 509 3694
714 17148 550 3665
697 16139 500 3698
686 16550 534 3670
728 18073 550 3647
738 17414 550 3661
728 18565 486 3667
704 17571 534 3658
681 16577 549 3667
714 18318 502 3676
690 17373 534 3664
698 18116 486 3703
720 18033 518 3668
674 16665 534 3671
728 18482 504 3674
721 17984 486 3700
706 18305 520 3668
726 18229 550 3649
702 17427 534 3660
703 18257 518 3674
728 18565 486 3667
728 18244 518 3664
728 18565 486 3667
792 19240 550 3655
746 18666 486 3668
701 17161 582 3639
686 16609 611 3646
685 17773 511 3746
658 16210 541 3698
652 16522 555 3695
737 19021 493 3680
697 17353 486 3720
720 17425 502 3714
739 18429 552 3647
672 17503 557 3690
720 18512 502 3676
675 17206 525 3684
659 16361 518 3696
702 16724 534 3685
704 17973 550 3658
674 16704 566 3672
701 18067 534 3664
729 18053 518 3674
695 17363 534 3672
697 17277 509 3690
682 17514 518 3689
674 16662 566 3673
689 17565 502 3693
734 18610 518 3665
709 18004 534 3660
678 16387 550 3670
683 17164 515 3681
711 17660 566 3662
714 17697 534 3661
715 17608 534 3670
708 16703 534 3683
695 17579 502 3687
709 17629 534 3666
699 17565 502 3690
784 19897 494 3681
778 20393 500 3689
765 19858 486 3702
713 17775 582 3640
697 18070 494 3742
662 16550 531 3709
771 19677 486 3733
772 19142 499 3716
710 17787 582 3647
685 16779 566 3673
734 18966 502 3676
766 18806 550 3661
723 18619 518 3677
722 17184 554 3674
724 17506 534 3677
680 16812 550 3675
703 17831 502 3688
715 17665 509 3706
688 17641 518 3685
685 17266 515 3689
686 16994 518 3703
715 17755 534 3668
729 18808 534 3663
699 17800 534 3673
728 17793 534 3666
725 17822 534 3667
801 19457 518 3679
786 20589 486 3702
746 18516 582 3640
734 18011 595 3648
706 17059 566 3673
687 17566 515 3699
721 17963 589 3658
748 18292 502 3689
728 17614 527 3696
775 19243 556 3663
752 18988 534 3672
716 18045 554 3671
766 18786 534 3666
743 18287 582 3647
723 18175 534 3673
746 19314 518 3685
733 17995 518 3687
869 22824 534 3668
811 20620 571 3664
769 18073 588 3672
759 18165 518 3694
742 19719 525 3701
734 18042 540 3690
717 18064 557 3676
801 19586 518 3679
776 19529 525 3691
717 18103 573 3671
741 18496 534 3678
760 19043 534 3676
763 18666 534 3673
785 19092 550 3674
764 19726 550 3674
746 18848 534 3678
726 18260 602 3691
738 18990 582 3682
816 20088 579 3678
794 19546 534 3682
776 19765 549 3696
794 19610 534 3682
794 19672 534 3682
794 19700 534 3682
746 17936 480 3697
679 15474 595 3665
629 16226 412 3842
500 11977 478 3975
485 12358 461 3988
696 16809 518 3680
683 16915 462 3712
643 14969 579 3671
679 16082 550 3671
594 14059 534 3692
618 14358 566 3677
565 13431 532 3706
536 13123 445 3856
663 15590 518 3681
519 12749 458 3956
560 13264 548 3700
608 15746 415 3834
554 13703 506 3720
561 14059 426 3904
513 12866 505 3870
615 14499 566 3677
655 15634 501 3695
573 13809 516 3702
551 14008 430 3938
514 13017 493 3933
515 12951 464 3941
531 13325 445 3841
571 13798 437 3822
603 15256 422 3825
540 13938 441 3885
599 14951 449 3745
504 12698 501 3913
593 14240 418 3882
574 14461 453 3766
590 14293 432 3814
693 16327 456 3717
598 15563 446 3759
529 12430 490 3959
563 14200 425 3888
567 13802 416 3928
574 14565 438 3793
692 16399 467 3714
569 13411 433 3876
544 13451 441 3845
637 16035 426 3776
690 16453 534 3676
491 12318 478 3982
588 14353 416 3920
520 12439 454 3739
621 14853 480 3700
627 14867 486 3697
547 13860 434 3805
545 13594 443 3800
564 14108 418 3917
552 14256 420 3894
667 15870 428 3750
497 12046 478 3969
585 14690 415 3852
563 14376 412 3914
580 14670 429 3769
573 14357 424 3805
552 14256 420 3894
650 15943 444 3736
674 16045 462 3722
588 14432 438 3783
497 12218 461 3977
598 13545 438 3867
602 15366 474 3711
493 12392 461 3981
628 15704 422 3814
636 16197 449 3731
570 14590 422 3850
503 12071 461 3976
588 13814 470 3712
647 15792 444 3741
508 12760 461 3973
670 16427 477 3701
661 14704 427 3772
654 16265 423 3803
584 15171 474 3727
661 16630 456 3722
503 12346 466 3961
620 15114 445 3756
624 14722 518 3690
514 13017 493 3933
642 15025 518 3684
501 12229 461 3976
582 14087 444 3789
505 12789 465 3972
618 14793 550 3675
633 15847 486 3691
566 14157 442 3799
498 12605 477 3967
554 13862 427 3876
601 15655 474 3711
528 13230 453 3972
575 13740 533 3693
566 14620 429 3859
517 12822 477 3958
665 16575 477 3703
677 16893 471 3704
611 15450 441 3767
528 12637 467 3733
616 15402 446 3749
490 12492 461 3984
691 16550 454 3720
610 14501 432 3802
658 15665 502 3686
488 12498 461 3984
511 12577 461 3971
494 12559 461 3980
512 12804 461 3966
638 16138 470 3709
633 15730 436 3752
649 15105 445 3753
609 15850 448 3748
606 15273 428 3784
526 12560 470 3733
568 14251 440 3803
485 12358 461 3988
648 15513 464 3720
559 13740 435 3861
578 14154 493 3721
574 14608 412 3862
613 15311 426 3787
515 12951 464 3941
620 15328 454 3723
626 14576 466 3728
606 14186 550 3683
669 16504 459 3716
577 13910 517 3699
559 13655 518 3705
677 16893 471 3704
607 14888 518 3692
626 15395 518 3687
632 15081 456 3725
661 16630 456 3722
635 15478 471 3707
581 14497 442 3788
577 13974 517 3698
557 13714 506 3716
565 13519 533 3695
669 16504 459 3716
630 15823 453 3737
604 14329 534 3689
658 15665 502 3686
634 16009 448 3742
648 16450 470 3707
555 13330 470 3732
614 14963 533 3690
589 14317 517 3697
650 16096 502 3685
644 15317 467 3722
663 15590 518 3681
558 13565 548 3699
634 16009 448 3742
527 12535 470 3733
618 15215 454 3728
653 15700 470 3705
560 13264 548 3700
609 15050 534 3682
654 15039 427 3788
638 16138 470 3709
582 14144 491 3721
557 13336 548 3700
582 14144 491 3721
565 13477 548 3699
617 15081 518 3689
652 16020 446 3733
652 16020 446 3733
558 13565 548 3699
670 16427 477 3701
654 16099 462 3722
647 16066 480 3699
615 14814 534 3677
617 15081 518 3689
621 14802 456 3737
557 13336 548 3700
621 14802 456 3737
612 14836 534 3677
612 14836 534 3677
606 14186 550 3683
638 16138 470 3709
582 14144 491 3721
746 17945 480 3697
733 18178 480 3699
679 15497 595 3665
670 16598 454 3730
601 14853 485 3743
589 14181 548 3708
719 17101 534 3676
643 15003 579 3671
697 16648 501 3695
674 15969 518 3690
598 14352 516 3716
665 16366 502 3685
721 17836 467 3723
645 15551 467 3735
614 14940 534 3677
645 16349 467 3732
619 15429 504 3726
619 15570 498 3715
705 15904 486 3700
591 14183 548 3703
615 14608 566 3677
593 14969 470 3743
636 15713 517 3698
608 14403 547 3705
710 17439 480 3701
627 15190 518 3695
664 15930 470 3705
621 15039 516 3709
710 17917 469 3728
626 14524 566 3677
720 17672 486 3696
733 18178 480 3699
603 15240 486 3731
746 17945 480 3697
606 15150 486 3731
626 14524 566 3677
733 18178 480 3699
733 18178 480 3699
746 17945 480 3697
791 18765 518 3693
679 15510 595 3665
674 16857 466 3747
672 16440 470 3752
615 14619 566 3677
609 15253 486 3731
630 14967 534 3689
689 17579 466 3746
663 16639 470 3732
679 15510 595 3665
643 15167 579 3671
733 18451 480 3707
671 15750 528 3708
690 16734 502 3702
724 17252 496 3701
764 17809 470 3708
710 16905 486 3702
618 15341 516 3718
643 15167 579 3671
620 15064 534 3677
730 18128 533 3688
746 18146 480 3697
618 14842 517 3720
685 16115 480 3727
668 17183 470 3725
755 18009 480 3697
632 15851 502 3716
734 16964 517 3698
656 16419 500 3724
730 17981 471 3712
701 17910 470 3713
746 17790 480 3702
724 17821 485 3705
647 15938 517 3703
666 16138 471 3713
679 16408 486 3710
720 17894 502 3700
645 15936 533 3707
646 15334 516 3715
654 15340 533 3698
721 18029 486 3700
727 18024 498 3700
643 15167 579 3671
771 18528 477 3708
733 18456 467 3754
683 15529 595 3665
630 14628 566 3687
619 15503 486 3743
647 15545 549 3704
709 17804 502 3709
722 17425 473 3738
736 18210 493 3706
688 16684 489 3724
639 15126 579 3681
757 18177 480 3697
649 15334 579 3671
625 15114 563 3714
759 17706 533 3699
680 16358 486 3728
628 14662 566 3682
718 17131 501 3706
657 16151 518 3716
732 18271 470 3723
664 15955 534 3701
626 14925 566 3691
672 16017 534 3691
672 16278 502 3716
642 15470 548 3717
666 16222 518 3710
621 15542 486 3731
656 15187 579 3671
665 15963 532 3710
675 16792 492 3726
725 16968 563 3679
714 17367 501 3719
630 15438 565 3700
657 15334 566 3677
667 16649 480 3727
722 17270 534 3678
687 16927 502 3712
757 18177 480 3697
670 16098 534 3683
685 16965 477 3720
643 15451 563 3687
670 16555 480 3727
675 15499 563 3682
807 18901 534 3690
777 19477 470 3733
774 18470 485 3750
688 15669 595 3665
643 15147 579 3694
738 17586 501 3719
761 18289 541 3698
657 15976 486 3731
743 18480 474 3747
699 17079 502 3714
680 16393 566 3678
657 16476 518 3721
665 16313 532 3719
679 15345 579 3671
655 15336 594 3679
709 16663 518 3718
702 16612 550 3685
697 16622 554 3703
713 17069 534 3702
647 15809 550 3710
663 15495 579 3671
757 18613 480 3706
742 18609 480 3736
681 16949 518 3716
687 15780 595 3665
758 18572 480 3701
757 18600 502 3701
774 18665 486 3701
757 18891 480 3710
754 16777 595 3668
738 16969 595 3669
691 15646 579 3671
662 16072 523 3751
660 16638 486 3737
721 18037 502 3715
707 17836 517 3716
663 16133 502 3746
671 15810 579 3678
771 18823 480 3701
696 16684 570 3696
680 16467 545 3721
686 17145 486 3731
707 17307 518 3715
701 16696 566 3682
718 16960 550 3689
686 15683 579 3671
697 16767 541 3728
660 16127 525 3751
665 16234 486 3732
714 16886 563 3689
679 16589 547 3726
700 16978 518 3719
698 16763 561 3715
679 16006 579 3671
716 17102 562 3714
714 17104 517 3714
799 19668 480 3701
767 18688 579 3678
702 16838 579 3681
666 16236 502 3751
775 19294 518 3703
702 16933 578 3698
727 17044 550 3705
716 17481 561 3726
795 18865 502 3723
749 17993 517 3734
721 17418 570 3717
691 16684 530 3741
678 16858 531 3733
741 18636 498 3734
728 18614 506 3717
714 16417 486 3741
730 17466 531 3716
673 16620 486 3744
753 18651 554 3702
700 17079 486 3737
681 16545 502 3746
675 16572 515 3750
817 20198 480 3701
812 20568 486 3706
720 16914 595 3693
673 16476 502 3751
786 19023 546 3725
732 17757 515 3737
730 18012 551 3733
701 16923 493 3748
722 16770 577 3743
711 17414 531 3746
727 17569 561 3715
729 17499 561 3715
725 17965 517 3741
715 17368 547 3739
715 17524 502 3742
822 20400 507 3748
759 18272 602 3694
721 18268 501 3750
682 16501 502 3760
680 16659 502 3751
777 19361 518 3738
749 18024 561 3717
737 18707 537 3748
749 17993 561 3741
766 18043 546 3743
750 18017 553 3744
849 21179 515 3750
765 19312 562 3736
717 17394 507 3755
693 16699 538 3765
687 17223 539 3763
803 19129 561 3739
732 17112 553 3757
693 17415 523 3751
715 18043 509 3754
692 16831 515 3761
788 19212 515 3753
825 19390 585 3742
820 19523 546 3752
747 17745 553 3755
732 17815 515 3758
723 18242 507 3757
773 18260 560 3753
785 18962 514 3768
765 18075 553 3757
762 17885 545 3758
742 17967 515 3758
820 20129 550 3764
806 19298 515 3769
708 16593 422 3777
689 17007 437 3756
585 13332 575 3693
551 13193 417 3987
514 12346 426 3996
514 11859 501 3746
512 12359 450 3987
575 13001 560 3714
585 13318 575 3695
533 12921 440 3933
589 13493 543 3705
579 13157 513 3719
672 16377 498 3707
586 13238 546 3713
524 13443 433 3905
602 14122 530 3704
585 13289 559 3702
675 16525 428 3769
603 15407 465 3749
536 13660 425 3887
518 11882 490 3751
535 13540 433 3900
528 11937 519 3745
627 15239 473 3722
565 12581 450 3959
569 12654 482 3737
696 15746 465 3735
571 14219 420 3811
540 12777 427 3993
619 14838 434 3775
583 13461 527 3713
556 13769 454 3832
572 13415 423 3943
706 15930 423 3775
614 14247 478 3729
590 13795 437 3804
544 13380 419 3945
601 13603 514 3712
574 13270 497 3723
538 12328 457 3971
634 15555 430 3767
562 13833 446 3831
588 13300 491 3728
700 15900 428 3771
580 13952 445 3796
519 12470 445 3966
674 16832 434 3757
533 12921 440 3933
652 14343 462 3736
616 15055 450 3744
559 14022 439 3863
548 13744 443 3876
615 14514 519 3705
554 13854 440 3872
618 14966 434 3771
528 12206 469 3759
680 15585 452 3740
639 14537 468 3728
666 15651 482 3717
558 13426 461 3788
673 16608 423 3773
550 12690 480 3741
626 14096 530 3703
542 13041 418 3969
660 16845 438 3757
638 14761 514 3707
642 14635 459 3742
685 16078 426 3772
544 13137 436 3961
642 14635 459 3742
682 15604 422 3779
592 13827 435 3779
526 13032 431 3982
549 13078 432 3965
544 13702 441 3882
656 15902 466 3728
557 14179 440 3848
571 14006 447 3791
648 16001 450 3738
531 13609 432 3884
652 15357 466 3729
648 16001 450 3738
689 15721 450 3738
578 13429 437 3816
568 14360 433 3856
549 12948 467 3747
546 12162 482 3740
638 15837 448 3745
581 14125 451 3771
658 16294 440 3752
537 12564 466 3763
568 13643 437 3820
673 16148 419 3781
552 14334 433 3875
524 11996 450 3972
522 12439 434 3989
536 12109 469 3751
664 16993 434 3757
527 12425 433 3981
577 13182 544 3714
567 12875 529 3715
658 16589 452 3734
538 12820 429 3988
565 13982 423 3868
603 13847 546 3697
640 15198 434 3768
597 14038 514 3711
575 14084 434 3826
600 13739 514 3708
627 15673 453 3741
595 14261 444 3776
517 12291 439 3990
544 12387 480 3745
530 12851 419 3976
576 12894 439 3967
525 12638 439 3978
557 14179 440 3848
566 13771 440 3824
632 14307 441 3768
686 15824 460 3736
551 13439 446 3838
596 15300 430 3794
596 14474 450 3751
586 13346 513 3716
530 12011 482 3741
514 11859 501 3746
595 13401 559 3701
634 15815 437 3765
551 13439 446 3838
607 14593 434 3781
635 15651 450 3739
570 13939 452 3753
525 12206 439 3986
535 12256 498 3740
612 14421 437 3773
660 16845 438 3757
583 13461 527 3713
515 12340 441 3991
573 13438 482 3724
617 14496 418 3782
558 14021 433 3879
567 13002 497 3731
571 14160 423 3865
568 14360 433 3856
609 14310 498 3713
699 16078 423 3773
673 16148 419 3781
589 13915 466 3731
664 16602 430 3762
631 14831 514 3707
689 15721 450 3738
631 15331 530 3700
578 13486 498 3722
607 13731 466 3744
591 13696 482 3720
554 12616 466 3752
602 14806 450 3750
665 15789 434 3760
616 14625 441 3758
665 15789 434 3760
658 16294 440 3752
617 14496 418 3782
614 14435 530 3701
699 16078 423 3773
530 13608 433 3904
626 15269 460 3741
640 15198 434 3768
631 14831 514 3707
585 13289 559 3702
664 16602 430 3762
588 13795 482 3723
611 14054 530 3706
708 16593 418 3781
627 15673 453 3741
611 14054 530 3706
666 15651 482 3717
642 14809 466 3730
585 13332 575 3693
634 15632 514 3705
611 14054 530 3706
591 13446 527 3711
708 16593 422 3777
673 16608 423 3773
607 14593 434 3781
626 15269 460 3741
664 16993 434 3757
658 16589 452 3734
591 13446 527 3711
708 16593 422 3777
658 16294 440 3752
648 16001 450 3738
736 17620 418 3790
663 16031 442 3871
605 13675 575 3693
576 13300 547 3716
658 16048 437 3866
589 14143 483 3796
706 17129 514 3705
584 14413 501 3754
609 14561 455 3825
610 14308 559 3700
715 16247 465 3735
708 16615 422 3777
690 16800 498 3710
698 16968 433 3779
683 15011 546 3702
713 17538 448 3749
615 14032 530 3711
617 14803 450 3819
708 16606 422 3778
634 15282 527 3719
672 15752 466 3730
647 15365 478 3728
598 14881 448 3822
619 14388 443 3781
674 16221 450 3747
672 15577 473 3726
603 13933 482 3724
634 15238 478 3729
697 15530 462 3736
675 15478 473 3726
642 14939 459 3742
690 17000 498 3709
643 14682 480 3741
663 15504 498 3713
613 15079 482 3720
681 15581 462 3736
630 14313 546 3703
641 15640 530 3700
608 14720 466 3744
627 14672 530 3706
640 14640 530 3706
602 14813 450 3752
621 14572 527 3720
619 14530 482 3722
599 14570 466 3750
617 14807 466 3733
622 14460 482 3721
622 14460 482 3721
622 14460 482 3721
675 15478 473 3726
675 15478 473 3726
750 18199 418 3811
679 16450 530 3700
649 14822 453 3870
610 13834 562 3742
608 13976 575 3718
603 15215 460 3866
726 17355 434 3801
645 15068 453 3859
697 16693 498 3715
727 16709 422 3777
748 16877 466 3733
714 17221 433 3809
640 14401 543 3725
651 15007 450 3772
672 16253 527 3717
710 16251 514 3715
637 14800 470 3766
636 14723 563 3707
616 14907 465 3778
706 17155 514 3705
613 15262 450 3752
654 15669 546 3710
617 14021 559 3718
610 14004 511 3735
664 15357 482 3730
605 14022 487 3726
687 15944 481 3734
649 15761 473 3741
624 14914 514 3722
660 15669 483 3734
669 15491 466 3735
689 16040 459 3742
672 16011 575 3705
604 14286 482 3741
634 15265 478 3735
627 14889 466 3743
630 14746 530 3711
655 16044 466 3734
614 14072 575 3706
607 14353 562 3720
782 17966 482 3736
759 18093 434 3799
739 17527 514 3705
653 15561 453 3860
624 14347 575 3708
615 14355 482 3741
664 15516 453 3859
660 16117 462 3771
719 16710 452 3757
624 14856 510 3732
745 17185 543 3711
724 17820 514 3711
737 16386 559 3711
643 15808 514 3726
688 15648 450 3769
653 15514 559 3717
637 15168 494 3735
691 15870 459 3752
706 17132 514 3715
700 17049 514 3720
634 14724 514 3733
649 15262 529 3729
658 15524 530 3712
677 15661 480 3741
698 17323 466 3737
742 16519 484 3730
639 15032 466 3766
687 16043 514 3724
659 15825 467 3743
647 16272 489 3737
653 15557 543 3722
679 16643 492 3736
649 16210 465 3759
684 15160 480 3743
673 16383 482 3737
700 16430 465 3745
632 15423 466 3744
644 15362 511 3730
677 16657 450 3764
633 15202 466 3749
648 15320 482 3738
692 16390 465 3751
641 15415 466 3745
821 20005 450 3774
778 18419 434 3799
668 15703 453 3859
656 15567 559 3717
648 15666 573 3740
641 14629 527 3757
618 14768 498 3756
700 16582 464 3822
739 18372 462 3762
717 17351 465 3753
650 15395 474 3853
684 17227 463 3766
674 15815 543 3724
635 15176 510 3753
658 15347 466 3792
690 15235 511 3737
670 15732 543 3727
654 15134 481 3778
653 15601 559 3733
669 15934 482 3738
664 16215 482 3740
650 14968 482 3748
690 15892 511 3731
635 15619 466 3747
684 15501 479 3747
656 16563 466 3745
684 16061 466 3745
679 15823 482 3738
666 15593 511 3741
673 15462 466 3757
751 18052 482 3742
694 16416 453 3859
682 15917 453 3860
676 15662 559 3717
619 14876 511 3785
636 15845 469 3818
715 16182 511 3731
640 16043 484 3785
660 16370 475 3795
655 15351 483 3765
704 16525 527 3737
694 17131 482 3744
663 15299 543 3755
637 15842 497 3753
658 15187 490 3758
712 16552 514 3744
657 15638 540 3757
672 16453 466 3760
685 16561 487 3749
655 16329 527 3750
680 15846 543 3724
691 15447 483 3748
679 15929 480 3750
674 15750 543 3729
695 16859 482 3745
689 17015 466 3751
696 16785 466 3757
670 15644 483 3754
695 17001 466 3753
697 16806 482 3744
659 16243 482 3752
735 17156 511 3735
728 17526 466 3755
678 15933 543 3729
664 16314 469 3825
663 15839 543 3777
641 15182 511 3789
636 16297 475 3824
712 17102 482 3744
695 16740 500 3749
693 16474 469 3809
652 15318 511 3785
659 15708 496 3785
690 16895 466 3768
716 17363 466 3757
681 16785 479 3793
647 16009 498 3775
671 16562 490 3752
681 16532 481 3759
685 16339 487 3750
672 15818 483 3758
685 16481 479 3772
683 16579 469 3774
687 16475 484 3753
650 15727 511 3785
695 15716 511 3782
777 18288 511 3737
717 17679 466 3757
685 16219 543 3742
670 16749 469 3826
656 15393 511 3786
652 15477 511 3785
701 16303 483 3805
686 16040 498 3781
690 17179 476 3770
698 16971 487 3750
715 17468 482 3744
685 16397 487 3757
689 16812 469 3777
747 18030 498 3744
705 18129 472 3809
696 17838 472 3822
690 16987 479 3868
681 15693 511 3785
719 17703 482 3761
722 18046 472 3817
777 19152 504 3758
727 17833 479 3875
696 17842 472 3822
696 17888 472 3822
696 17906 472 3822
823 20548 453 3678
703 16437 598 3573
676 15709 598 3579
525 12761 423 3974
519 13021 411 3751
512 12077 462 3722
508 12266 477 3715
525 12909 440 3934
526 12930 424 3785
758 17971 522 3609
743 18685 502 3616
594 14008 554 3617
694 17232 538 3598
629 15180 550 3599
553 13851 452 3708
569 14166 424 3741
625 15095 582 3585
672 15771 586 3579
744 18513 502 3616
733 17860 518 3611
669 16116 570 3587
548 13220 466 3698
685 15916 566 3595
629 14959 598 3584
723 17966 458 3671
519 12928 432 3762
553 13276 462 3705
672 16675 511 3618
758 17971 522 3609
613 15155 416 3733
575 13451 484 3695
572 13751 494 3681
536 12874 451 3945
743 18685 502 3616
605 14696 502 3622
716 18088 498 3619
732 17627 522 3611
641 15262 484 3647
525 13119 418 3745
582 14364 498 3671
639 16040 443 3712
648 15495 532 3612
607 15009 426 3728
635 15220 538 3607
628 14858 465 3683
694 17782 430 3718
662 14930 486 3641
542 13549 418 3744
597 13903 550 3631
526 12992 411 3751
689 17374 453 3679
709 17676 472 3648
589 14731 417 3749
525 12464 462 3709
703 17031 454 3675
616 14834 492 3665
727 17044 506 3614
645 15613 534 3604
751 18203 522 3608
525 12884 421 3958
527 12915 435 3771
689 15788 480 3645
527 12905 424 3785
663 15997 566 3596
525 12624 451 3964
538 12856 451 3949
667 16590 480 3646
602 14288 526 3660
537 12654 433 3958
513 12151 474 3709
590 14076 436 3737
714 17291 498 3627
533 13478 452 3709
618 14605 582 3590
578 14668 470 3689
657 16296 480 3651
528 12880 432 3952
691 17793 475 3643
710 17070 446 3688
594 13715 484 3693
693 17196 438 3706
626 14575 534 3610
515 12318 466 3702
676 17170 468 3653
699 16955 447 3690
603 15062 460 3688
674 16351 506 3621
673 16780 462 3664
686 16241 490 3628
607 15257 449 3692
612 14890 458 3674
658 15556 477 3669
525 12721 433 3953
633 15397 454 3677
669 16363 514 3612
583 14210 478 3688
525 12862 423 3970
514 12178 472 3718
747 18352 486 3628
707 16094 442 3694
527 12915 435 3771
584 14158 450 3720
619 15029 496 3632
601 14110 554 3611
648 16136 518 3613
577 14371 446 3729
587 14910 431 3721
672 15771 586 3579
517 12262 468 3712
682 16974 434 3717
709 17808 467 3659
664 16537 472 3657
668 16648 486 3630
584 13953 446 3724
747 18352 486 3628
672 16882 441 3700
649 16504 470 3662
675 15728 570 3592
624 14236 453 3691
680 16002 478 3657
514 12417 466 3716
751 18203 522 3608
680 15836 570 3589
630 14805 489 3653
703 16202 553 3596
662 15470 534 3607
615 14633 598 3594
713 17920 488 3629
625 16148 447 3709
611 15381 470 3682
643 15901 438 3709
705 17146 470 3653
636 15036 529 3613
625 15088 514 3618
676 16864 448 3700
592 14575 490 3668
636 15036 529 3613
542 13549 418 3744
697 16290 518 3612
671 15891 452 3683
603 14494 554 3602
596 14527 518 3619
652 16294 470 3667
622 14857 582 3589
662 15941 424 3731
706 17909 526 3610
637 15798 486 3636
602 14584 434 3735
744 18119 458 3670
727 17044 506 3614
586 14768 452 3703
619 15029 496 3632
525 12624 451 3964
681 16626 502 3620
586 14305 469 3694
637 15798 486 3636
632 15560 446 3714
701 17358 470 3652
713 17920 488 3629
680 17079 426 3722
540 13458 430 3738
685 17639 466 3663
571 14434 425 3737
691 16226 550 3592
571 14434 425 3737
590 14775 432 3734
629 14959 598 3584
624 15772 425 3731
632 15373 470 3670
578 14315 458 3699
540 13458 430 3738
517 12270 468 3708
703 16202 553 3596
685 15932 570 3585
669 16116 570 3587
675 15728 570 3592
632 15373 470 3670
644 15861 522 3617
652 16294 470 3667
584 14297 448 3717
674 16351 506 3621
715 17967 462 3662
625 14815 598 3587
706 17909 526 3610
592 14291 498 3628
597 14301 566 3602
629 14959 598 3584
701 17358 470 3652
618 14605 582 3590
658 15556 477 3669
685 15916 566 3595
685 15932 570 3585
680 17079 426 3722
636 15860 529 3607
701 17358 470 3652
669 16363 514 3612
527 12905 424 3785
672 15771 586 3579
542 13549 418 3744
527 12905 424 3785
768 18762 458 3673
766 18787 498 3622
706 16510 598 3573
527 12949 442 3765
519 13031 411 3751
519 13031 411 3751
555 13683 432 3750
604 14367 510 3640
743 18030 561 3604
527 12949 442 3765
598 14448 514 3628
642 15760 460 3694
733 18147 453 3682
657 16062 485 3648
643 15139 582 3593
690 15920 529 3612
733 18634 446 3719
621 15323 424 3739
647 16434 430 3738
638 16575 470 3707
667 16371 550 3605
640 14869 598 3588
608 15312 498 3634
630 15653 436 3731
718 17440 489 3632
654 16015 502 3626
635 15238 538 3607
678 16810 454 3678
724 17591 493 3629
732 17706 522 3611
686 17115 480 3664
686 17181 474 3654
662 15557 486 3664
640 15920 466 3714
757 17690 586 3579
627 15915 436 3723
635 15327 550 3606
598 14448 514 3628
698 16529 582 3585
746 18575 518 3621
760 18085 538 3601
675 15918 522 3618
722 17891 468 3653
644 15751 484 3656
668 16611 486 3637
737 18444 498 3625
754 17538 586 3582
738 18083 423 3739
623 15084 490 3668
677 16820 498 3628
629 14751 498 3665
663 16601 534 3612
765 17860 550 3595
719 18482 490 3631
621 15459 478 3681
687 15896 490 3639
666 16541 482 3665
740 18598 518 3611
622 15657 489 3678
629 14949 598 3587
631 15156 598 3584
642 16006 470 3678
629 15184 478 3681
640 15180 582 3596
754 17538 586 3582
754 17538 586 3582
789 19386 534 3611
719 16875 598 3573
661 14976 598 3602
519 13072 411 3751
628 15688 482 3707
696 17269 442 3724
719 16819 582 3604
661 15572 538 3614
778 17823 586 3586
767 18907 498 3622
751 18264 458 3690
771 18955 453 3686
648 15815 478 3714
733 17727 522 3612
639 15234 598 3584
705 16553 511 3634
764 18157 462 3679
711 16606 598 3574
675 16234 492 3659
753 18008 486 3643
658 16484 518 3628
644 16232 462 3719
704 17164 466 3695
637 15414 490 3669
716 16967 534 3622
653 15624 506 3635
700 17317 462 3699
659 15879 538 3607
638 15447 502 3657
639 15505 531 3650
682 16894 486 3649
669 17243 473 3691
684 17526 468 3684
685 16835 498 3629
733 17703 468 3681
723 17859 477 3670
724 18119 474 3663
690 16942 484 3674
691 16444 490 3651
744 17834 462 3680
777 19034 458 3673
693 16443 493 3642
696 16138 485 3663
700 16066 490 3639
702 16429 474 3685
712 17237 470 3690
777 19034 458 3673
704 16062 474 3683
662 16504 486 3650
726 17250 477 3680
654 16952 474 3689
899 20383 489 3654
725 17001 598 3581
675 15000 598 3602
526 13090 411 3751
643 15322 598 3585
801 19995 458 3673
711 17798 452 3746
654 16136 483 3733
732 16381 582 3616
661 16072 554 3618
702 16380 494 3708
674 15808 538 3619
772 19517 466 3702
772 18950 474 3666
785 19321 454 3706
716 17291 554 3608
680 17088 479 3693
734 17693 526 3628
681 15676 518 3639
747 18090 522 3613
751 18396 468 3680
725 18830 484 3672
662 16383 525 3635
665 16144 544 3673
699 17195 550 3615
710 17446 474 3684
785 17938 486 3658
660 16128 512 3679
698 17058 500 3647
650 15429 598 3584
743 18268 480 3676
669 16349 531 3664
748 17765 462 3706
682 16338 506 3678
731 18382 471 3688
714 16763 505 3650
653 16879 490 3701
734 18559 498 3640
728 16869 491 3661
691 16979 486 3686
747 18206 496 3641
670 16607 489 3678
731 17542 498 3641
687 16772 496 3663
670 16528 490 3680
739 18333 496 3640
681 16801 502 3664
715 17701 488 3658
703 16980 502 3639
698 17691 486 3685
710 17716 490 3649
852 21263 490 3669
837 21515 474 3671
675 15169 598 3602
651 15580 598 3584
582 14445 424 3765
534 13218 424 3785
587 14678 430 3763
704 17702 486 3687
834 20895 487 3673
560 13900 438 3774
732 16927 554 3626
775 19087 477 3679
665 17059 567 3649
579 14457 447 3770
756 18493 468 3680
778 18317 526 3632
711 17084 542 3624
749 18255 540 3614
736 18685 535 3632
770 18921 496 3640
727 17636 502 3659
726 17831 567 3608
712 16946 518 3645
691 17043 526 3637
691 17274 515 3673
678 16933 538 3630
697 17431 490 3683
723 17058 512 3673
748 17506 512 3666
743 17567 498 3641
730 17840 499 3670
729 17409 501 3679
726 17523 474 3684
823 20575 471 3692
690 15629 627 3616
667 16050 598 3588
583 14519 436 3791
707 17538 529 3727
692 15367 598 3602
716 17210 554 3633
721 17456 519 3659
789 18899 566 3628
681 15400 617 3618
789 20115 498 3652
802 19521 531 3635
791 19342 550 3622
743 17536 534 3645
714 17859 486 3687
760 18920 499 3671
781 18484 477 3688
777 19034 479 3688
756 18151 506 3678
799 18774 526 3639
749 18181 502 3642
744 18028 502 3680
806 19545 506 3645
744 17349 598 3592
731 17957 490 3689
699 15480 598 3605
726 18558 519 3662
732 18365 536 3659
771 18215 502 3647
798 19502 505 3665
772 18644 509 3649
742 18021 496 3732
786 18892 545 3711
779 19066 512 3663
777 19796 530 3694
677 17283 415 3779
659 17519 414 3794
576 14292 526 3668
548 14117 408 3874
526 13041 508 4204
513 13102 492 4226
512 13251 500 4201
513 13481 487 4166
541 13812 423 3886
662 16866 415 3791
614 15110 412 3851
513 13481 487 4166
515 13640 462 3718
563 14039 514 3678
522 13224 473 3705
630 15571 422 3757
646 16968 452 3712
563 13999 526 3673
582 15587 419 3823
653 16542 416 3792
513 13230 500 4213
652 16901 452 3712
607 15367 409 3804
640 16225 416 3794
623 15839 435 3727
521 13303 473 3708
529 13810 460 3741
571 14809 420 3792
515 13069 478 3702
645 16677 444 3724
588 14554 454 3725
551 14055 482 3690
530 13777 455 3717
514 13300 492 4209
594 14472 510 3674
556 14634 441 3738
611 14932 427 3748
645 16677 444 3724
537 13715 450 3737
563 13955 514 3679
617 16293 408 3807
597 15257 444 3733
593 15713 435 3734
607 15964 479 3694
580 14603 494 3683
521 13568 460 3752
628 16050 409 3800
582 14855 448 3713
622 16356 444 3725
585 15579 422 3785
566 14440 423 3749
604 15231 408 3817
619 16128 408 3813
531 13337 462 3712
523 13943 446 3768
627 16144 409 3800
621 15019 480 3687
569 14220 431 3862
559 14668 455 3715
611 14722 480 3693
615 15819 444 3730
535 13197 462 3709
532 13599 497 3694
556 14634 441 3738
562 14242 497 3688
546 14077 448 3726
629 15725 480 3685
513 13114 492 4218
561 14318 446 3727
537 13740 452 3728
611 14932 427 3748
535 13289 462 3706
641 16175 416 3794
566 14321 481 3695
540 14324 434 3750
654 16143 416 3794
591 15181 418 3813
574 14173 510 3676
591 15181 418 3813
534 13576 478 3699
595 14670 510 3673
567 14227 408 3865
576 14829 446 3724
617 15857 444 3728
542 13973 408 3878
582 15225 446 3722
598 15327 418 3792
527 13645 446 3745
555 13822 498 3685
573 14397 428 3858
599 15125 417 3763
554 14540 429 3762
513 13102 492 4226
557 13996 435 3736
524 13649 462 3715
621 15019 480 3687
539 13901 448 3731
599 15125 417 3763
564 14291 478 3697
584 14899 430 3737
531 13679 462 3703
573 14397 428 3858
556 14448 422 3870
600 15853 446 3718
602 14930 478 3695
546 13887 448 3736
584 14504 510 3675
555 13822 498 3685
569 14220 431 3862
548 14117 408 3874
615 14741 434 3737
630 15571 422 3757
514 13266 493 4216
514 13266 493 4216
551 14055 482 3690
518 13238 462 3716
552 14497 446 3739
545 13930 435 3740
628 16234 416 3796
577 14200 494 3688
518 13238 462 3716
548 14358 419 3873
646 16968 452 3712
580 14603 494 3683
547 14378 428 3877
544 14242 452 3727
622 16356 444 3725
574 14173 510 3676
530 13766 462 3711
554 14540 429 3762
606 15255 416 3799
628 16050 409 3800
577 14599 452 3720
553 14240 423 3872
613 14901 480 3690
619 15573 422 3759
568 14902 422 3797
607 15964 479 3694
628 15928 422 3758
589 14907 480 3695
641 16175 416 3794
549 14026 510 3685
547 14378 428 3877
556 14259 419 3872
574 14306 430 3743
654 16143 416 3794
576 14292 526 3668
602 14930 478 3695
598 15307 446 3720
577 14599 452 3720
566 14256 494 3684
542 13973 408 3878
574 14306 430 3743
540 14324 434 3750
654 16143 416 3794
615 15281 480 3688
549 14026 510 3685
556 14448 422 3870
564 13716 526 3671
623 15839 435 3727
615 14741 434 3737
623 15839 435 3727
606 15255 416 3799
564 13716 526 3671
628 15928 422 3758
538 14004 462 3701
538 14004 462 3701
577 14336 423 3859
577 14200 494 3688
589 14907 480 3695
577 14336 423 3859
538 14004 462 3701
598 15307 446 3720
521 13568 460 3752
563 13999 526 3673
628 16234 416 3796
535 13933 423 3878
619 15573 422 3759
646 16968 452 3712
630 15571 422 3757
628 16050 409 3800
606 15255 416 3799
602 14930 478 3695
576 14292 526 3668
576 14292 526 3668
564 13716 526 3671
556 14634 441 3738
549 14026 510 3685
542 13973 408 3878
540 14324 434 3750
668 15686 480 3694
659 17533 414 3794
604 15350 408 3817
599 15200 422 3830
577 14385 526 3668
563 14040 526 3673
555 14385 443 3760
619 15120 494 3686
588 14230 466 3725
602 15078 510 3676
569 14513 430 3766
599 15827 460 3736
644 15665 483 3702
601 14664 498 3693
629 15942 478 3700
638 16324 422 3781
584 14977 427 3782
659 17533 414 3794
575 15035 452 3749
652 16920 452 3712
632 16597 446 3728
654 16789 452 3716
586 14575 423 3749
649 16456 480 3689
584 15271 430 3738
641 16357 444 3731
625 15903 478 3711
645 16522 422 3779
662 16884 415 3791
625 16798 446 3726
629 15691 422 3789
653 16544 416 3792
604 15350 408 3817
604 15350 408 3817
652 16920 452 3712
572 14987 427 3782
572 14987 427 3782
652 16920 452 3712
659 17533 414 3794
659 17533 414 3794
659 17533 414 3794
659 17533 414 3794
652 16920 452 3712
670 17140 422 3785
664 17676 414 3794
604 15584 408 3817
593 14525 526 3668
563 14058 526 3673
570 14734 461 3771
614 15890 510 3717
577 15115 430 3803
625 15282 494 3691
657 16792 419 3804
648 16129 491 3707
650 16331 478 3727
643 16340 482 3728
616 15741 435 3738
632 15909 485 3714
587 14734 423 3749
598 15510 433 3741
627 15327 494 3686
663 17252 446 3732
663 17062 452 3712
669 16877 444 3731
587 14734 423 3749
662 16942 415 3791
662 16942 415 3791
662 16942 415 3791
662 16942 415 3791
789 20714 480 3712
622 15652 526 3671
617 15681 408 3817
576 14247 526 3674
575 14282 526 3676
783 18962 478 3716
627 15369 494 3686
587 14789 428 3750
740 18160 450 3737
671 17065 416 3792
632 15590 446 3747
677 16194 486 3735
663 16968 480 3733
703 17706 462 3729
587 14819 423 3749
713 17369 466 3723
620 15811 435 3738
672 17242 415 3795
709 18371 478 3723
712 17382 452 3736
692 16991 462 3734
622 15652 526 3671
787 20193 478 3719
644 16124 526 3671
624 16273 422 3863
576 14302 526 3674
704 17230 494 3690
587 14964 423 3749
667 16421 449 3738
683 17119 492 3735
641 16042 494 3699
647 16498 486 3739
631 16165 467 3740
633 16205 446 3741
689 17217 494 3692
637 16160 480 3746
725 17364 494 3693
660 16917 526 3671
629 16127 424 3816
613 16238 423 3802
597 14664 555 3682
592 14748 526 3674
655 16123 494 3700
655 17148 462 3742
655 16686 467 3744
641 16256 448 3746
609 15509 450 3754
606 15026 441 3755
631 15673 430 3763
611 15950 427 3781
620 15764 439 3756
625 16058 446 3752
605 15757 448 3773
599 15840 441 3756
634 16034 423 3749
629 15543 435 3789
598 15611 434 3776
607 15560 425 3792
607 15733 449 3753
732 18092 453 3746
716 18354 423 3806
622 15652 526 3675
622 15089 555 3682
607 15977 425 3869
598 15936 452 3779
672 16971 494 3702
686 16924 494 3719
620 15660 526 3682
694 17394 425 3784
615 15696 426 3828
656 16993 462 3746
667 17398 478 3742
614 15167 478 3812
654 16280 477 3750
662 17719 456 3760
647 16639 447 3764
617 15521 483 3761
671 17838 452 3755
630 16170 460 3756
613 15365 477 3780
614 16015 469 3767
604 15869 442 3797
622 16067 440 3766
692 16682 434 3776
667 16749 490 3749
631 15553 452 3770
636 16404 426 3796
666 16521 436 3766
606 15763 456 3771
641 16727 443 3762
640 16671 435 3792
611 16109 434 3800
663 16426 430 3778
638 15727 445 3768
664 16433 442 3757
611 15687 490 3767
616 15684 435 3808
799 20945 426 3788
660 16770 526 3676
638 15928 526 3685
630 15642 523 3762
627 16234 431 3883
614 16356 478 3786
717 18148 445 3774
727 17870 481 3745
686 17914 494 3714
700 17406 494 3728
617 16053 446 3852
624 16323 435 3814
649 17093 457 3767
667 17603 473 3756
674 15892 490 3765
677 17111 451 3757
675 17247 440 3803
644 16037 459 3805
638 16196 468 3771
684 17611 464 3752
642 16496 463 3783
641 16635 427 3812
637 16775 442 3798
663 16528 491 3753
673 16986 446 3763
625 16052 464 3796
632 16142 449 3798
646 16136 446 3769
629 16266 447 3814
667 17133 463 3764
629 16634 443 3803
758 19646 447 3789
740 17993 494 3715
675 17386 447 3824
668 17174 528 3719
644 16136 459 3820
635 16448 476 3812
687 17622 491 3754
656 16209 489 3774
660 16695 465 3810
680 17859 456 3757
664 17445 447 3803
670 17363 474 3768
659 16892 479 3773
678 17188 479 3765
658 16393 457 3814
647 16801 450 3774
676 17481 450 3770
748 18766 494 3715
712 18987 450 3775
670 16610 457 3814
659 16830 456 3775
728 18284 474 3760
679 17623 474 3770
703 18201 454 3785
698 18260 466 3764
681 18017 474 3762
673 18088 474 3770
770 19142 494 3715
675 16879 464 3779
659 17059 456 3844
702 18373 476 3772
770 18884 494 3729
663 17358 456 3792
692 17577 463 3776
667 17874 456 3787
674 17038 489 3784
770 18919 494 3724
784 19166 494 3715
774 19255 494 3715
722 18284 458 3804
703 17169 471 3825
679 17246 490 3782
693 17302 476 3785
732 18885 463 3789
748 19045 458 3800
785 20773 494 3736
722 18313 458 3806
718 18165 479 3807
740 19037 463 3795
