34 0.873424
653 15654 540 4122
613 15632 537 4142
653 15579 540 4123
662 16420 531 4121
702 17556 496 4123
767 19782 537 4050
674 15410 506 4105
609 15296 505 4164
648 15514 507 4126
685 17978 519 4073
703 17186 500 4095
718 17476 529 4060
791 20262 536 4037
715 18543 458 4195
795 19670 506 4047
681 14852 502 4078
660 16600 560 4120
693 16672 500 4117
663 16168 506 4114
656 17352 538 4049
777 19130 506 4053
697 17246 496 4129
638 15468 562 4159
653 15579 540 4123
665 16773 518 4079
745 18355 538 3997
713 17189 498 4111
767 19782 537 4050
713 17217 484 4127
693 16672 500 4117
739 17662 532 4055
656 15232 530 4155
780 19230 506 4051
752 18061 486 4076
767 18465 458 4194
738 18161 464 4099
771 19909 536 4052
810 20260 479 4055
707 17899 487 4054
648 16277 463 4154
714 17958 479 4119
623 15612 485 4144
720 18561 579 4036
842 20793 537 4011
608 15317 557 4170
706 18190 493 4132
669 16841 510 4105
827 18985 534 4042
679 16940 474 4141
672 16663 577 4049
666 16022 540 4122
613 15680 537 4142
662 16466 531 4121
674 16488 550 4112
677 16383 532 4112
613 15481 505 4164
613 15451 512 4171
624 15404 528 4195
613 15481 505 4164
615 15442 516 4213
666 15524 510 4156
653 16651 514 4127
670 16119 539 4131
705 16565 505 4124
725 16957 516 4081
706 18143 502 4085
685 16585 540 4111
708 17072 515 4090
691 15523 511 4092
688 16283 506 4108
663 16370 506 4114
670 16267 539 4119
679 16222 540 4115
678 16353 511 4128
683 16249 512 4135
722 17471 550 4068
711 17478 550 4077
656 17352 565 4063
669 17558 538 4049
702 17538 496 4129
653 15615 540 4126
714 17555 541 4082
682 18017 530 4093
689 17745 522 4095
696 17840 527 4087
675 16948 526 4097
710 17622 526 4086
683 17420 527 4091
699 17319 529 4084
773 19641 598 4022
772 19382 624 4014
772 19382 624 4014
813 21011 538 4036
762 19266 571 4027
713 17244 484 4127
693 16841 505 4124
728 17788 505 4122
759 17373 505 4123
725 16917 503 4139
751 17826 537 4070
657 15305 530 4155
754 19300 471 4137
808 19714 475 4132
803 19797 473 4128
764 18705 487 4111
744 18640 507 4059
724 18101 514 4076
747 18614 491 4112
810 20260 497 4060
833 20384 493 4091
824 19984 504 4066
763 18769 500 4107
720 18164 502 4082
762 17905 509 4106
790 20085 509 4054
819 20423 507 4058
783 18511 500 4112
790 19617 498 4069
724 18171 514 4066
795 19035 494 4106
800 20613 502 4055
747 18614 491 4112
726 17936 506 4070
774 19494 489 4102
818 21002 490 4066
824 19984 504 4066
719 18234 507 4075
648 16291 463 4154
648 16291 463 4154
726 18138 479 4123
630 16158 498 4236
648 16296 485 4144
633 15784 496 4177
648 16296 485 4144
627 16009 502 4246
645 15713 500 4148
639 15619 578 4160
639 15619 578 4160
697 16254 495 4194
648 16296 485 4144
846 21897 544 4033
609 15428 557 4178
609 15482 573 4174
680 17549 510 4111
681 17527 522 4111
675 17310 522 4113
684 17089 474 4141
613 15744 537 4146
773 19582 571 4027
855 21516 491 4081
853 21885 500 4074
720 18584 619 4061
671 16959 463 4159
638 15969 498 4246
617 15461 516 4214
701 17812 596 4074
834 20309 503 4079
791 19394 540 4049
805 20833 509 4058
662 16644 481 4199
667 16715 471 4215
773 19582 571 4027
684 17427 557 4109
825 21162 502 4055
627 16115 502 4246
691 16804 478 4162
833 20640 493 4091
754 17617 536 4082
622 15682 505 4184
629 15528 524 4205
755 19330 479 4152
777 18078 500 4140
