169 90.0667
649 15685 420 3834
647 15813 420 3834
577 13976 502 3699
573 14057 502 3706
560 13602 421 3959
551 13606 413 3855
470 11297 450 3850
464 11440 438 3845
524 12567 422 3860
561 13462 421 3950
629 15332 432 3802
521 12190 461 3734
645 15677 415 3851
629 14817 438 3757
564 13721 482 3719
534 13032 443 3806
502 11928 436 3841
574 13427 488 3717
480 11487 448 3751
635 15479 436 3761
620 14763 498 3705
552 13644 434 3776
561 13189 470 3723
472 11662 438 3834
605 13603 436 3796
511 12035 466 3728
546 12984 434 3819
484 11585 438 3830
513 12496 438 3826
518 12776 427 3840
539 13038 425 3841
527 12658 436 3827
598 14752 456 3738
494 12061 448 3750
507 12267 430 3850
609 13811 452 3739
634 14608 418 3844
561 13189 470 3723
535 12891 422 3847
608 14153 466 3724
584 14540 422 3814
494 12102 436 3834
557 13157 432 3811
550 13488 450 3749
561 13462 421 3950
518 12506 438 3824
490 12238 437 3859
491 12009 436 3837
625 15478 452 3737
555 13592 484 3715
580 13757 484 3711
602 14027 434 3775
507 12267 430 3850
542 12990 438 3812
588 14024 423 3820
524 12727 436 3832
598 14752 456 3738
504 12567 426 3847
592 14330 498 3706
510 12079 442 3828
580 13770 440 3769
574 13427 488 3717
567 13819 427 3835
583 14169 442 3767
469 11430 450 3850
592 14329 498 3707
569 14246 440 3763
577 13976 502 3699
504 12211 441 3820
620 14763 498 3705
551 13606 413 3855
582 13340 450 3746
614 14315 450 3744
634 14689 484 3708
470 11391 438 3848
571 14071 498 3711
614 14315 450 3744
568 13443 500 3713
489 11436 438 3845
624 14034 450 3744
629 14435 440 3762
597 14200 466 3722
558 13334 498 3719
574 13840 452 3743
470 11443 438 3843
561 13146 498 3719
604 14532 450 3743
624 14228 452 3738
564 13622 484 3712
570 13999 456 3742
580 13757 484 3711
572 13899 452 3740
634 14608 418 3844
627 14600 498 3705
589 13933 482 3716
608 14153 466 3724
568 13443 500 3713
629 14435 440 3762
578 13851 498 3709
564 13721 482 3719
588 14205 470 3722
578 13799 482 3718
629 14435 440 3762
587 13927 482 3717
589 13933 482 3716
582 13898 452 3739
604 14532 450 3743
583 14007 498 3708
627 14600 498 3705
558 13334 498 3719
620 14763 498 3705
587 13927 482 3717
573 14057 502 3706
578 13851 498 3709
568 13445 450 3745
589 13933 482 3716
551 13632 484 3723
589 13770 502 3706
568 13445 450 3745
597 14200 466 3722
589 13770 502 3706
577 13976 502 3699
558 13334 498 3719
608 14153 466 3724
614 14315 450 3744
589 13770 502 3706
577 13976 502 3699
574 13427 488 3717
568 13445 450 3745
568 13445 450 3745
568 13443 500 3713
564 13721 482 3719
717 16946 452 3740
593 14640 440 3799
577 13993 502 3699
572 13929 511 3726
496 11987 448 3751
519 12563 456 3750
612 15399 441 3791
716 15831 464 3738
593 13364 470 3723
564 13716 482 3742
672 14567 450 3748
665 14902 466 3722
596 13920 498 3719
587 14343 482 3719
624 14719 444 3797
636 15157 498 3705
577 13981 468 3735
608 14034 488 3716
588 14847 463 3746
571 13761 482 3727
581 14314 488 3715
604 15022 452 3746
623 13992 502 3704
611 14106 456 3741
626 15133 466 3739
589 14076 498 3712
634 14821 484 3710
587 13860 469 3740
617 14775 482 3716
634 15376 450 3746
606 14155 448 3750
634 14821 484 3710
602 14423 498 3706
611 14967 488 3713
591 14476 498 3708
617 14151 482 3722
620 14459 482 3716
582 14099 484 3719
591 14476 498 3708
605 14120 488 3716
624 14355 498 3706
624 14355 498 3706
764 17171 470 3724
577 14014 502 3699
523 12430 448 3751
499 12063 448 3759
718 17051 468 3737
605 13770 495 3740
637 15459 456 3741
666 15977 479 3731
626 14708 466 3742
619 15002 498 3708
640 16181 482 3719
639 15662 486 3719
590 14337 488 3716
605 14048 474 3745
598 14108 500 3714
603 14168 498 3729
690 15170 482 3716
649 15355 482 3717
578 13871 482 3735
652 16017 477 3737
688 16167 484 3710
639 14560 466 3745
582 14329 468 3738
628 14620 482 3725
623 14942 484 3724
616 14503 486 3732
687 16018 488 3714
605 13896 488 3724
608 14110 488 3716
603 15033 488 3715
618 14046 482 3732
716 15871 498 3711
714 17179 448 3751
599 13704 468 3764
577 14017 502 3699
553 13822 454 3795
671 15825 482 3717
608 14167 488 3716
660 15560 466 3745
579 13986 451 3778
612 14927 454 3761
647 15144 486 3727
626 14550 475 3741
644 14713 456 3764
582 14462 468 3743
636 15380 479 3738
600 14037 450 3772
671 15641 450 3765
641 15071 470 3738
628 14795 482 3734
636 14963 482 3728
646 15029 477 3740
662 15170 482 3727
642 14661 482 3731
634 15063 468 3742
723 16255 484 3719
685 16683 482 3719
615 15185 502 3703
589 14022 540 3740
586 14509 454 3792
570 14472 454 3795
582 14343 514 3706
686 16604 466 3751
666 15536 467 3768
680 16031 482 3726
608 14186 488 3716
621 14884 457 3772
648 15188 486 3727
674 16512 466 3762
601 14127 511 3733
684 15603 466 3755
595 14311 502 3709
683 16075 456 3779
600 14260 511 3723
641 15331 468 3742
621 14655 502 3703
599 14772 477 3747
635 14801 482 3740
669 16069 456 3787
593 14214 483 3782
572 14332 454 3795
644 15122 468 3742
610 14558 482 3758
617 14710 473 3759
612 14970 468 3743
606 14302 470 3785
621 14246 486 3772
604 14696 470 3762
597 14650 488 3743
595 14400 502 3705
603 14704 474 3754
614 14296 468 3769
598 14855 482 3745
597 14673 475 3759
643 14728 468 3762
734 16896 456 3781
696 17483 456 3789
637 15370 502 3706
619 14246 505 3723
597 14582 511 3755
590 14372 454 3806
691 16390 466 3774
701 16589 456 3790
630 15659 468 3743
662 15300 468 3743
617 14619 496 3723
619 15187 472 3779
613 14250 488 3736
615 14920 479 3748
662 15228 468 3744
609 14889 483 3764
610 14727 498 3717
626 15478 468 3760
610 14899 489 3750
595 14604 502 3707
615 15305 476 3753
637 14668 486 3774
630 14806 482 3771
624 14845 482 3768
616 14639 488 3716
728 16770 469 3748
643 15656 502 3706
622 14400 454 3816
606 14831 527 3713
638 15758 474 3764
671 15437 482 3745
618 15251 483 3793
611 14775 521 3718
662 14664 488 3720
646 15222 482 3777
634 15133 495 3742
622 15366 488 3749
632 14945 488 3760
617 14919 500 3734
650 14715 498 3716
641 14974 483 3764
618 14549 495 3748
615 14868 502 3707
637 15420 498 3726
649 15151 488 3727
644 14899 488 3747
776 16996 479 3770
707 17406 488 3722
657 15839 498 3716
650 14849 515 3788
648 14470 459 3820
626 15644 488 3755
684 16662 482 3777
742 16812 486 3746
662 14882 471 3819
674 16881 474 3793
725 16997 488 3741
630 15175 511 3786
650 15962 498 3717
679 15004 491 3725
637 14919 511 3740
666 15408 500 3723
645 15102 483 3764
662 15346 495 3761
673 15012 489 3760
646 15498 496 3751
659 15823 488 3753
664 15472 497 3756
627 15250 499 3752
698 15348 527 3727
679 15648 502 3727
677 16049 498 3736
649 15256 483 3764
647 15212 484 3799
638 15492 499 3802
646 15288 512 3777
657 15638 496 3757
673 15794 495 3758
696 15798 499 3732
676 15660 511 3738
694 16546 505 3732
680 16261 511 3735
652 15270 511 3769
649 15489 483 3764
657 15723 496 3757
655 15324 499 3764
689 15805 498 3758
682 16437 527 3746
671 15590 486 3778
665 15743 514 3765
682 16119 512 3771
674 16300 500 3758
707 17965 531 3754
706 16733 527 3757
692 16743 499 3762
590 13033 427 3805
558 13652 414 3813
527 12539 478 3773
478 11289 430 3776
471 11841 439 3914
465 11951 439 3914
475 12066 439 3885
527 12539 478 3773
554 13580 427 3802
477 11654 437 3905
526 12316 423 3857
569 12838 426 3819
560 13209 427 3802
507 12861 417 3832
478 11590 425 3912
535 12998 414 3825
515 12471 415 3869
480 12258 421 3888
488 12407 419 3891
551 13358 425 3818
500 12355 418 3843
484 12091 427 3879
487 12187 422 3888
551 13126 427 3805
569 12789 426 3822
491 12054 422 3896
521 12394 427 3827
516 12604 417 3853
534 12650 427 3810
547 13355 426 3818
515 12471 415 3869
506 12610 423 3835
520 12758 414 3841
519 12969 418 3826
547 13355 426 3818
529 12721 418 3826
483 11978 425 3908
529 11929 425 3900
532 13067 426 3819
491 12549 426 3873
497 12628 425 3854
558 13652 414 3813
496 12263 426 3876
497 12202 426 3846
478 11716 425 3910
510 12779 427 3827
555 13035 417 3812
493 11930 425 3904
472 11827 427 3897
492 12536 429 3836
513 12796 427 3817
484 12275 427 3842
477 11860 425 3909
472 11699 427 3898
518 12823 427 3811
498 12834 429 3833
513 12410 426 3825
511 12786 426 3824
489 11766 425 3907
466 11937 439 3914
489 11766 425 3907
497 12202 426 3846
466 11937 439 3914
475 12066 439 3885
478 11590 425 3912
492 12536 429 3836
492 12536 429 3836
466 11937 439 3914
569 12838 426 3819
558 13652 414 3813
569 12838 426 3819
569 12838 426 3819
569 12838 426 3819
547 13355 426 3818
497 12202 426 3846
590 13450 417 3812
573 13627 417 3812
542 12578 494 3776
535 13094 414 3825
527 12594 478 3773
515 11444 430 3780
471 11859 439 3914
484 12066 445 3869
502 11668 431 3900
536 12642 418 3846
512 12889 417 3832
487 12164 431 3878
471 11859 439 3914
485 12004 438 3869
481 12133 433 3883
492 11693 430 3777
488 11955 435 3873
483 12028 439 3893
563 13045 426 3818
555 13214 426 3814
561 13410 427 3808
555 13214 426 3814
562 13380 427 3802
543 12771 418 3826
573 13237 427 3812
484 11889 431 3888
520 12763 414 3841
524 12976 418 3826
541 13023 414 3840
562 13329 427 3805
520 12763 414 3841
562 13111 426 3818
540 13371 427 3811
543 12771 418 3826
535 13367 427 3816
562 13380 427 3802
520 12763 414 3841
591 13433 427 3808
584 14875 417 3812
535 13111 414 3825
508 11970 430 3777
499 11879 430 3787
495 12186 450 3792
483 12135 439 3914
494 12229 435 3872
520 12895 414 3852
563 13806 426 3820
562 13435 427 3802
533 13057 429 3834
549 13587 427 3817
570 13425 426 3815
533 13109 420 3830
529 13075 419 3831
542 13570 427 3818
524 13296 418 3826
524 13296 418 3826
539 13078 426 3827
533 13109 420 3830
524 13296 418 3826
601 13701 430 3795
573 13940 427 3813
559 13132 414 3825
525 12434 482 3779
512 12047 482 3780
511 11993 482 3782
503 12870 430 3820
503 12757 439 3929
512 12191 434 3858
534 12721 478 3782
528 12890 462 3789
566 13830 427 3816
521 12516 466 3784
516 12352 452 3790
548 13378 418 3828
535 13526 425 3836
537 12674 434 3805
570 13862 446 3790
555 13253 450 3795
581 13670 427 3802
510 12723 431 3839
548 13174 419 3826
591 13417 441 3791
597 13538 427 3802
514 12367 432 3808
520 12966 430 3800
548 13444 414 3825
509 12855 431 3822
552 13645 441 3794
552 12779 431 3809
547 12336 462 3787
522 12965 462 3782
595 13519 426 3818
521 12516 466 3784
510 12603 441 3816
577 12694 446 3795
507 12238 450 3799
527 12297 434 3838
523 12240 452 3791
539 13197 430 3799
513 12697 441 3796
592 13528 426 3819
511 12454 441 3797
547 13464 462 3780
513 12697 441 3796
504 12218 466 3788
572 12873 462 3782
534 13211 430 3798
525 12237 466 3786
577 12694 446 3795
539 13197 430 3799
505 12359 452 3790
520 12966 430 3800
505 12359 452 3790
616 14136 430 3795
593 14429 441 3800
557 13339 482 3779
557 13007 511 3780
548 13484 414 3825
532 12606 450 3797
508 12945 443 3922
570 13462 425 3893
536 13011 433 3846
547 12673 482 3782
575 13920 430 3801
514 13109 453 3903
528 12908 462 3789
585 13867 427 3819
542 13462 462 3785
547 13664 426 3837
546 13132 478 3782
518 12929 439 3904
559 12970 466 3784
597 13837 427 3805
524 13130 446 3815
548 13493 430 3819
568 13186 426 3835
518 13363 448 3903
558 13806 430 3807
534 13025 434 3833
538 12998 434 3825
548 13261 426 3832
562 13342 430 3809
551 12662 447 3819
522 12666 450 3811
556 13162 431 3828
597 13837 427 3805
519 13048 432 3828
519 12959 463 3831
530 13484 441 3827
531 13180 431 3808
529 12946 447 3837
642 15016 446 3804
565 13062 540 3790
555 13316 478 3782
550 13515 414 3825
519 13272 439 3897
605 14613 466 3786
533 13086 432 3834
550 13620 450 3799
574 14474 446 3810
548 13210 478 3787
633 14536 427 3821
592 13422 434 3809
566 13561 462 3787
527 13376 447 3826
573 13298 443 3812
540 13256 434 3813
543 13278 466 3790
547 13164 434 3831
534 13242 431 3821
561 13252 450 3806
562 13236 431 3823
543 13175 432 3829
549 13580 427 3825
614 14344 458 3804
598 15217 414 3830
582 13931 478 3784
575 13398 495 3797
534 13087 439 3856
522 13371 439 3918
591 14756 462 3788
598 14393 450 3806
550 13209 437 3847
575 14167 466 3797
574 14079 414 3838
608 14135 450 3806
582 14306 434 3814
560 13823 426 3828
568 13940 421 3826
577 13440 431 3822
598 13572 462 3803
547 13178 449 3835
548 13586 443 3816
541 13495 434 3820
569 14139 466 3799
554 13968 427 3826
546 13558 439 3819
541 13326 434 3836
558 13430 463 3826
581 13726 426 3832
565 13354 450 3811
574 13379 434 3834
611 13786 426 3825
563 13657 430 3829
551 13502 441 3813
553 13667 426 3853
560 13622 427 3834
553 13685 434 3816
568 13400 439 3825
564 13515 430 3835
626 14643 414 3838
614 15901 462 3801
610 15098 475 3793
542 13289 443 3933
541 13390 443 3861
619 14896 466 3796
607 14128 458 3816
558 13628 447 3841
578 14193 426 3845
597 13648 450 3823
582 14340 427 3841
549 13508 439 3846
575 14535 426 3857
568 13416 439 3825
595 13748 432 3826
573 13386 450 3830
571 14262 450 3811
586 13997 426 3838
590 14272 429 3829
592 13975 433 3836
569 14123 431 3846
577 13480 434 3826
613 13931 431 3829
553 13651 434 3826
575 14101 434 3817
552 13980 434 3821
596 13942 431 3825
568 13937 434 3820
667 14797 426 3853
630 15123 430 3832
597 14317 491 3814
584 15015 426 3855
569 13646 492 3843
551 13962 439 3911
549 13392 450 3880
579 13394 490 3838
569 13735 459 3825
630 14609 426 3860
616 14850 428 3843
584 14437 441 3818
564 13787 443 3842
587 14035 437 3826
586 14348 454 3816
576 14149 439 3824
596 14693 429 3844
559 14242 434 3849
606 14703 434 3817
613 13682 435 3827
569 14229 434 3828
580 13799 434 3834
573 13846 441 3825
566 14185 439 3852
571 13883 434 3832
585 14270 435 3827
620 14966 449 3826
619 15856 450 3823
619 14944 465 3821
608 15047 435 3828
574 13816 446 3848
578 13846 458 3841
589 14485 452 3828
615 14613 447 3832
606 14685 440 3829
600 13988 437 3837
605 14129 436 3838
584 13888 446 3836
576 14027 463 3837
634 15071 436 3839
619 15134 439 3828
610 14447 454 3839
591 14067 450 3841
585 14652 447 3840
617 14751 447 3837
601 14446 439 3840
613 14791 447 3838
671 15706 447 3840
630 15282 440 3846
600 14669 447 3853
630 14867 447 3847
675 16802 430 3751
583 14538 418 3832
514 11836 426 3903
510 11957 510 3715
502 12007 478 3694
485 11671 462 3741
485 11671 462 3741
499 11725 494 3721
623 15567 430 3752
539 12747 469 3700
499 11676 478 3727
649 14381 446 3739
568 14195 418 3858
520 12601 430 3883
609 15234 430 3758
581 13948 427 3802
578 14035 418 3846
571 13572 454 3739
506 12923 440 3806
537 13270 423 3830
584 13468 462 3731
527 12776 430 3787
553 13577 428 3782
568 14195 418 3858
547 12354 442 3887
524 12957 430 3810
645 13822 448 3738
527 13363 419 3835
623 15567 430 3752
536 13054 435 3756
631 14416 430 3753
485 11671 462 3741
587 14449 423 3822
546 13347 428 3815
612 14964 464 3724
624 14497 446 3740
530 12180 442 3890
557 13508 434 3768
545 13059 464 3729
530 12660 446 3804
557 13299 422 3842
518 12301 464 3733
546 12210 438 3888
579 13978 424 3787
585 13649 464 3726
573 14097 432 3767
514 11872 438 3898
550 12699 426 3884
539 12781 426 3893
565 13985 433 3770
562 13695 423 3825
530 12462 426 3900
504 12393 453 3751
544 12999 426 3885
578 14036 418 3837
521 12637 448 3744
617 14866 422 3831
645 13822 448 3738
540 13353 419 3842
533 13057 440 3762
501 12099 466 3739
517 12359 464 3734
572 14323 432 3765
618 14896 462 3730
520 12577 453 3747
549 12926 462 3733
514 11941 426 3901
597 15055 433 3755
501 12099 466 3739
504 12393 453 3751
556 13789 446 3742
519 12070 434 3896
590 13312 462 3732
605 14798 448 3738
616 13634 435 3753
512 11975 438 3893
594 14593 435 3753
581 14381 431 3759
612 13915 428 3771
631 14416 430 3753
573 13684 450 3738
584 13693 454 3737
625 13850 448 3738
606 13633 434 3766
541 12945 440 3769
618 14648 430 3757
599 14290 428 3778
609 13896 433 3760
531 12737 446 3745
570 14229 462 3732
573 13684 450 3738
569 13731 432 3771
511 11876 426 3903
606 14716 448 3738
597 15055 433 3755
601 14350 433 3759
580 14353 433 3763
562 13695 423 3825
601 14924 433 3752
571 14108 462 3732
599 14290 428 3778
588 13685 430 3761
594 14737 428 3770
552 12653 446 3755
584 13468 462 3731
595 14604 428 3774
533 12972 448 3740
604 14463 428 3777
502 12059 462 3738
631 14416 430 3753
571 13972 430 3776
557 13394 446 3741
521 12637 448 3744
587 14102 435 3754
555 13386 464 3727
520 12577 453 3747
555 13386 464 3727
595 14604 428 3774
595 14604 428 3774
625 13850 448 3738
537 12722 446 3747
604 14486 433 3752
520 12577 453 3747
604 14463 428 3777
579 13905 462 3732
595 14604 428 3774
587 14102 435 3754
584 13468 462 3731
557 13394 446 3741
595 14604 428 3774
573 13684 450 3738
521 12637 448 3744
520 12577 453 3747
703 16407 462 3731
696 17370 462 3730
644 15874 424 3787
608 14057 510 3704
569 14443 523 3727
485 11721 462 3741
702 16395 482 3715
500 11811 478 3735
685 16871 430 3751
591 13590 494 3711
562 13609 440 3774
532 12866 446 3747
654 14732 446 3739
557 12729 464 3740
551 13319 450 3746
567 13898 434 3784
599 13741 469 3730
543 13421 476 3729
625 15669 430 3752
609 15241 428 3770
590 14952 494 3727
615 14432 432 3764
603 14885 433 3766
617 15310 433 3755
608 15108 434 3756
554 13070 462 3734
647 15018 446 3740
550 12781 464 3735
577 13467 448 3744
617 15239 430 3758
581 14355 448 3740
588 14184 446 3744
584 13968 462 3732
633 15036 446 3743
641 14575 446 3742
635 14529 430 3753
636 14742 433 3752
583 13614 448 3742
694 14734 446 3742
685 16983 430 3751
678 16909 428 3770
650 14838 494 3716
609 15009 510 3722
570 13973 450 3789
495 11889 462 3741
489 11898 462 3741
549 13240 454 3757
587 13989 442 3780
595 14332 478 3730
654 14959 430 3760
600 13767 464 3734
619 15180 435 3768
643 15768 430 3756
571 13942 494 3731
630 16086 494 3727
670 15292 435 3753
574 13968 478 3734
679 16301 428 3781
565 13636 462 3740
589 13729 450 3750
651 16236 433 3754
573 13778 462 3736
683 16656 428 3770
606 14629 450 3744
587 13482 462 3737
618 15076 446 3745
637 14865 435 3757
673 16365 430 3752
648 15192 434 3769
584 14276 462 3732
642 14210 462 3733
595 13936 446 3752
596 13894 448 3752
595 14438 448 3746
625 14683 448 3740
579 13310 478 3735
571 13378 446 3753
639 14276 450 3748
630 14810 446 3747
578 13591 462 3736
608 14643 448 3741
685 16983 430 3751
716 16526 435 3752
684 17082 428 3770
678 17120 428 3770
662 15751 478 3730
588 14354 494 3731
500 11942 462 3743
568 13870 466 3740
640 15609 446 3746
531 12713 462 3741
525 12878 462 3742
608 14705 446 3752
658 16422 435 3758
618 14056 448 3759
653 16185 435 3766
677 16655 435 3755
598 13979 462 3736
596 14402 453 3755
657 16187 430 3763
685 16995 430 3751
602 14493 448 3750
707 16578 435 3753
668 15768 430 3756
581 13993 446 3761
590 14317 462 3732
695 17081 428 3770
576 13988 451 3764
602 14312 446 3757
617 14547 446 3756
593 14361 450 3758
580 14038 446 3764
650 14332 446 3755
751 16846 433 3756
723 17419 446 3747
710 15938 478 3731
686 17073 430 3751
607 14408 453 3779
540 13108 482 3742
501 11985 481 3749
588 14487 454 3762
696 17047 441 3772
542 12403 462 3752
628 14022 462 3738
590 14325 462 3732
670 16732 431 3773
661 16016 448 3747
554 12955 462 3741
619 15290 446 3755
519 12586 462 3754
611 15519 447 3777
614 14612 446 3759
629 15049 450 3757
654 15565 446 3754
631 14955 446 3757
740 17365 446 3747
668 15789 446 3751
757 18011 446 3747
697 17450 430 3753
679 16894 433 3785
590 14348 462 3732
566 12990 462 3743
560 13576 480 3758
558 13603 466 3750
621 14429 459 3781
695 17416 441 3772
567 13402 462 3742
650 15615 450 3759
610 14325 462 3738
713 16573 446 3757
607 15072 459 3762
723 17210 435 3752
692 16171 450 3748
612 14807 454 3769
701 17136 435 3753
618 15244 453 3766
641 15520 454 3757
590 14348 462 3732
690 16779 448 3748
701 17118 430 3762
615 14823 449 3767
620 15353 446 3760
694 17248 446 3752
791 19103 435 3753
749 17955 435 3755
675 14929 450 3787
599 13498 462 3742
590 14416 462 3732
582 13609 491 3747
569 13988 484 3766
695 17482 446 3780
731 16600 455 3762
594 14382 475 3738
578 13656 470 3749
587 13677 464 3744
576 14089 466 3748
575 13567 462 3753
591 13992 462 3748
656 15001 462 3734
622 15296 462 3734
607 14442 464 3732
605 14951 494 3732
599 13806 462 3750
591 13962 490 3771
584 14050 475 3763
628 14417 464 3736
602 14694 478 3733
596 14694 466 3763
618 15047 462 3739
594 14594 475 3759
598 14682 475 3755
606 14418 462 3740
591 14483 478 3737
621 14668 462 3735
694 16098 464 3733
678 16933 462 3735
638 14476 462 3740
605 15180 494 3732
601 14197 464 3766
623 14251 466 3750
603 14814 478 3734
603 14791 478 3737
607 14770 464 3746
613 15157 462 3740
636 15088 462 3740
707 16370 464 3742
678 17069 464 3740
675 14821 462 3750
654 14891 491 3776
606 15347 494 3732
603 15131 482 3739
612 15175 475 3755
682 16835 462 3748
643 15146 462 3763
628 15271 469 3752
706 16573 462 3743
630 15600 462 3749
641 15264 478 3735
634 15364 466 3742
724 17112 464 3743
649 15754 464 3759
634 15803 494 3733
623 15245 493 3745
641 15397 466 3743
688 16546 466 3750
674 15777 475 3743
671 16276 464 3759
656 16094 466 3759
652 15466 485 3748
646 15787 469 3745
727 17862 478 3776
614 15618 413 3842
546 13586 518 3682
520 12983 410 3925
499 12807 410 3936
487 11379 417 3771
477 12158 418 3917
500 11849 422 3765
567 14151 415 3870
544 13739 518 3682
481 12231 418 3903
511 12579 467 3726
540 13548 502 3687
529 13201 486 3695
607 15278 454 3717
534 13332 502 3689
485 12117 441 3905
595 14881 414 3881
566 14483 427 3750
547 13894 481 3698
499 12807 410 3936
601 15240 470 3703
552 13919 416 3893
599 14362 431 3749
489 12133 449 3732
524 13142 454 3721
484 12210 421 3914
533 12788 461 3730
568 14004 446 3733
574 14294 438 3738
580 14608 437 3744
515 13197 414 3931
542 13791 475 3709
508 12883 415 3919
506 12830 415 3924
590 14758 475 3704
526 13094 449 3730
557 13575 470 3708
595 15030 470 3704
567 14103 454 3719
580 14608 437 3744
571 14035 459 3720
534 13493 486 3693
587 14557 470 3705
579 13931 461 3716
610 14455 470 3706
541 13042 440 3738
518 13090 459 3725
531 13371 414 3911
546 13489 431 3752
528 13135 438 3749
537 13421 479 3710
579 14784 425 3758
550 13409 463 3718
534 13122 475 3723
554 13650 481 3702
572 14098 470 3707
595 14832 445 3727
516 13108 414 3922
559 14013 449 3724
572 13669 467 3715
573 14352 438 3739
589 14469 430 3763
573 14432 437 3749
546 13259 470 3714
595 14614 445 3729
595 14614 445 3729
543 13690 431 3760
579 14784 425 3758
595 15030 470 3704
589 14469 430 3763
536 13556 415 3908
574 14011 463 3711
534 13356 467 3717
556 13706 475 3710
540 13548 502 3687
559 14013 449 3724
587 14557 470 3705
518 13090 459 3725
572 13943 463 3712
552 13525 440 3736
552 13525 440 3736
546 13769 481 3700
552 13789 416 3907
537 13421 479 3710
595 14832 445 3727
559 14013 449 3724
529 13201 486 3695
537 13421 479 3710
534 13332 502 3689
536 13329 481 3720
529 13201 486 3695
534 13356 467 3717
546 13769 481 3700
550 13409 463 3718
536 13112 481 3721
546 13586 518 3682
546 13769 481 3700
550 13409 463 3718
534 13494 475 3715
536 13112 481 3721
546 13680 463 3715
587 14557 470 3705
537 13421 479 3710
534 13332 502 3689
662 16018 470 3705
575 14656 417 3810
546 13605 518 3682
494 12309 425 3898
487 12376 433 3902
508 12682 429 3871
531 12981 441 3824
515 13275 428 3856
644 15805 435 3757
640 15330 438 3744
639 15905 418 3778
540 13600 502 3687
629 15251 446 3733
521 13159 441 3795
550 13580 518 3688
559 13458 425 3791
580 13987 454 3724
561 13801 493 3693
564 14210 449 3728
621 14871 438 3757
551 13566 493 3699
608 14732 421 3774
560 13673 461 3725
578 14563 423 3809
597 15274 475 3704
589 14610 435 3763
523 13054 446 3768
556 13957 463 3717
581 15009 475 3709
650 14666 470 3709
571 14250 446 3738
612 15187 438 3753
540 13597 502 3703
578 14285 486 3695
549 13846 486 3713
584 14049 463 3716
540 13005 439 3767
606 15139 486 3694
564 13958 470 3710
596 14482 463 3713
558 13608 481 3723
596 14620 478 3705
586 14151 421 3775
613 15148 481 3698
577 14182 438 3767
555 13722 481 3707
618 14236 428 3766
586 14298 428 3770
581 14430 422 3768
549 13641 493 3694
586 14298 428 3770
616 14661 481 3698
581 14430 422 3768
550 13607 470 3730
556 13957 463 3717
613 15148 481 3698
555 13742 481 3703
555 13742 481 3703
616 14661 481 3698
616 14661 481 3698
556 13957 463 3717
716 17885 439 3748
619 14883 421 3774
605 14872 425 3804
558 13680 518 3689
547 13722 518 3682
541 13647 502 3722
540 13706 502 3712
708 16779 446 3748
656 15927 463 3714
585 14614 486 3696
603 15187 428 3790
567 14409 455 3730
562 14071 463 3718
654 16178 454 3725
598 14365 470 3714
635 14764 454 3784
589 14815 485 3707
544 13723 502 3699
631 15730 442 3763
617 15559 467 3713
627 15750 437 3767
641 16042 448 3754
604 15052 425 3804
607 15039 453 3740
605 14605 481 3708
641 15954 440 3755
615 15096 421 3774
638 15833 451 3734
624 15663 455 3727
603 15318 451 3740
600 15134 470 3711
619 14868 422 3768
612 14844 444 3767
606 14568 481 3708
620 16051 449 3738
550 13715 502 3687
618 14919 454 3735
565 13681 518 3687
604 14883 449 3749
611 15046 454 3738
718 18089 454 3733
616 15612 425 3796
605 14900 425 3804
553 13752 518 3682
550 13782 502 3690
675 16308 463 3728
645 16717 449 3739
578 14149 477 3758
647 16345 469 3720
623 15629 439 3776
645 16011 443 3771
645 15663 502 3689
625 15005 436 3773
616 15710 454 3793
602 14915 486 3698
598 15136 493 3701
601 15255 486 3703
584 14391 493 3721
586 14228 479 3751
630 15281 450 3764
632 14523 481 3720
625 15349 453 3745
588 14718 465 3735
589 14817 459 3732
592 14374 470 3721
635 15725 467 3727
596 14786 493 3708
607 15714 455 3743
634 15866 467 3722
590 14491 461 3759
580 14787 475 3769
628 16312 469 3726
596 15103 475 3720
632 14981 476 3716
586 14471 470 3755
626 15795 454 3735
635 15665 470 3713
621 15883 475 3714
603 14447 461 3743
612 15337 455 3747
610 15090 470 3716
623 14921 455 3747
632 15284 454 3749
621 15883 475 3714
627 15318 455 3732
691 17075 446 3777
673 17397 449 3760
619 15306 434 3805
615 15483 518 3682
568 13898 518 3683
565 13787 502 3701
557 13910 502 3705
647 16010 467 3731
636 15235 454 3781
588 14773 493 3772
644 16601 454 3743
599 14818 513 3698
560 14075 518 3694
642 15332 438 3779
621 15908 475 3714
610 14903 481 3724
682 16764 470 3713
611 15452 461 3771
594 14978 475 3762
599 14409 475 3729
681 15594 486 3704
603 14965 486 3706
628 15415 463 3732
596 14545 470 3734
607 14866 463 3753
595 15084 493 3756
686 16632 462 3737
597 15036 486 3721
638 15403 502 3692
603 15284 470 3723
620 15116 470 3720
617 15450 462 3739
596 15322 475 3724
590 15313 462 3754
638 15542 454 3754
620 15264 502 3693
726 17287 456 3746
672 17322 462 3740
654 15958 446 3781
646 16140 457 3789
587 14905 518 3688
568 13986 518 3694
691 16959 470 3720
573 14157 502 3701
609 14491 481 3729
664 15658 454 3784
598 14919 493 3776
627 15113 465 3765
648 16571 463 3748
610 14853 475 3734
643 15567 465 3756
602 15588 494 3752
662 16304 502 3692
604 15153 499 3742
636 15237 485 3725
641 16401 473 3728
649 15811 467 3737
618 15211 489 3715
661 15935 470 3726
607 15279 475 3753
606 15199 493 3770
617 15311 482 3728
613 15473 486 3708
641 16154 481 3714
644 16162 467 3739
644 16101 470 3722
650 16158 493 3706
612 15221 486 3716
624 15577 467 3744
610 15460 486 3718
626 15240 470 3735
613 15160 486 3718
748 18779 465 3742
708 17606 502 3692
705 17278 446 3781
679 16143 454 3793
578 14541 518 3695
572 14064 518 3701
586 14396 502 3710
698 16736 513 3695
606 15406 493 3773
630 15035 479 3751
689 16941 459 3791
620 14754 502 3709
639 15173 486 3731
610 14596 489 3745
621 15089 477 3761
705 17121 470 3721
682 15999 470 3726
673 16978 502 3704
642 15601 475 3762
658 15854 469 3765
655 15760 475 3735
663 16869 467 3742
630 15319 475 3764
661 15801 465 3774
656 16011 493 3722
632 15956 470 3741
655 15920 470 3742
713 17067 473 3752
649 16397 473 3772
600 14840 518 3695
590 15000 509 3764
687 16490 479 3731
615 15176 502 3747
648 16162 475 3764
630 15055 479 3751
645 16420 473 3763
668 16069 479 3751
664 16020 518 3701
642 16450 479 3769
638 15697 489 3755
636 16079 496 3758
655 16158 480 3754
726 16773 456 3762
520 13076 406 3823
476 11469 473 3750
468 11389 438 3919
462 11402 411 3865
638 16049 414 3813
468 11389 438 3919
614 15119 418 3807
611 15333 419 3804
636 16103 414 3813
488 12271 443 3781
638 16049 414 3813
605 14821 419 3805
561 13630 469 3759
555 13432 450 3774
512 13293 466 3762
501 12507 461 3764
579 14711 422 3794
598 14320 411 3818
636 16103 414 3813
544 13452 451 3772
559 12953 415 3855
583 14022 414 3814
488 12249 461 3781
538 13096 469 3760
579 14523 409 3818
530 12797 426 3836
565 13847 432 3798
580 14272 414 3814
539 12847 431 3829
579 14523 409 3818
588 13988 418 3808
516 13187 440 3784
505 12169 437 3838
520 12956 440 3784
503 12513 452 3769
482 11725 429 3858
493 12170 436 3847
468 11606 411 3860
494 12070 423 3856
595 14338 452 3766
520 12998 466 3762
549 13584 450 3773
483 12002 423 3858
523 13119 427 3813
481 11846 418 3859
547 13671 420 3802
462 11402 411 3865
558 12757 429 3817
473 11705 433 3851
548 13377 422 3802
563 12639 425 3810
520 12919 426 3815
524 12980 406 3823
497 12114 438 3844
547 12465 431 3829
575 13632 420 3799
490 11560 435 3859
522 12902 432 3811
564 13951 429 3795
485 11972 429 3850
491 12280 450 3776
524 12519 433 3822
503 12575 434 3793
492 11928 429 3853
532 13405 411 3819
534 13404 419 3806
495 12181 423 3852
486 11872 438 3848
536 12949 418 3824
515 12863 440 3792
595 14338 452 3766
503 12513 452 3769
499 12259 429 3842
534 13262 434 3779
508 11892 425 3858
552 13306 418 3809
528 13162 452 3767
510 12367 429 3839
536 13101 425 3804
525 13014 434 3784
571 13122 424 3810
497 12164 434 3843
533 13406 426 3800
520 12773 434 3787
473 11705 433 3851
569 13891 422 3797
552 13635 420 3799
490 11560 435 3859
552 13026 469 3761
553 12758 425 3812
517 12930 434 3788
558 12757 429 3817
488 12369 450 3779
548 12518 431 3821
517 13123 434 3787
571 13122 424 3810
499 12359 434 3797
563 12639 425 3810
569 13891 422 3797
501 12507 461 3764
613 14309 422 3793
516 12853 424 3821
488 12369 450 3779
568 13620 429 3798
547 12465 431 3829
521 12947 429 3813
515 12863 440 3792
488 12481 452 3770
488 12481 452 3770
549 13584 450 3773
503 12575 434 3793
533 13406 426 3800
532 13405 411 3819
575 13632 420 3799
510 12360 452 3775
524 13330 419 3817
527 13155 420 3810
542 13433 450 3775
555 13432 450 3774
527 13440 422 3799
517 12930 434 3788
542 13433 450 3775
488 12249 461 3781
539 12847 431 3829
568 13620 429 3798
552 13306 418 3809
524 12980 406 3823
548 13377 422 3802
524 13330 419 3817
488 12515 450 3776
547 13671 420 3802
536 12949 418 3824
555 13432 450 3774
531 13158 418 3813
531 13158 418 3813
552 13635 420 3799
503 12513 452 3769
571 13122 424 3810
517 13123 434 3787
510 12360 452 3775
499 12359 434 3797
638 16049 414 3813
547 12465 431 3829
488 12369 450 3779
488 12249 461 3781
655 16129 414 3813
636 16175 414 3813
557 13618 411 3819
476 11479 473 3750
560 13561 466 3765
518 12681 452 3780
488 12371 443 3786
618 15361 418 3807
592 14776 434 3785
583 14349 450 3775
619 15294 419 3805
533 12953 438 3797
567 14441 429 3807
598 14268 414 3814
510 12793 440 3796
535 13277 452 3770
500 12443 450 3781
605 14108 418 3808
554 13225 434 3787
624 14672 422 3793
544 13974 443 3779
508 13024 434 3819
590 14730 422 3794
570 14027 420 3810
558 13561 452 3767
598 14710 434 3786
584 14018 426 3799
548 14075 426 3812
503 12395 443 3781
573 13784 422 3802
628 14577 422 3800
584 13780 428 3813
580 14062 420 3801
575 13978 440 3780
544 13613 450 3779
626 14410 438 3786
600 14622 422 3799
534 13122 434 3794
533 13387 434 3800
559 13521 440 3786
548 13273 434 3793
573 14034 418 3813
624 14672 422 3793
639 15048 434 3785
636 16183 414 3813
594 14705 426 3834
495 11628 473 3750
483 11531 473 3752
618 15071 469 3766
496 12589 450 3799
561 13659 433 3822
527 12710 443 3781
625 15792 418 3807
506 12889 461 3787
485 11697 473 3750
556 13901 452 3777
538 13351 463 3776
563 13787 434 3790
582 14032 466 3768
549 13267 434 3795
515 12612 443 3785
550 14104 461 3780
592 14450 450 3779
613 15064 440 3781
554 13995 438 3788
538 13404 434 3794
577 13877 430 3813
634 15437 418 3807
595 14234 425 3819
600 15008 422 3794
597 15093 423 3810
605 15089 419 3811
600 14473 414 3814
581 14342 429 3802
585 14549 428 3805
633 14419 432 3801
587 14386 427 3809
604 14443 418 3815
578 14651 428 3812
615 14395 418 3808
595 14157 429 3806
605 14053 432 3810
596 14590 434 3789
673 15348 426 3807
622 14875 418 3808
607 15614 428 3805
548 13772 437 3817
499 12059 473 3750
488 11715 473 3751
595 14835 466 3774
545 13038 443 3793
523 13135 450 3792
624 14638 418 3808
616 15220 419 3811
574 14368 459 3779
578 13358 434 3804
587 13361 452 3785
569 14044 441 3791
579 14172 437 3790
559 13618 434 3796
563 13933 463 3778
594 14918 461 3778
605 14141 432 3810
558 13981 469 3779
588 13507 437 3795
584 14367 429 3806
551 13789 434 3794
559 13420 443 3781
550 14140 452 3784
556 13928 452 3782
597 14295 452 3778
647 15553 418 3808
637 15790 418 3816
627 15806 466 3777
591 13682 449 3821
539 13073 486 3752
503 11872 474 3754
624 15248 423 3810
544 13607 455 3801
566 13901 462 3788
636 15432 419 3811
591 13977 443 3783
605 14191 432 3810
577 14183 434 3794
575 14697 439 3806
602 14947 452 3778
575 13237 461 3795
561 14206 440 3796
588 14533 429 3809
597 14453 429 3811
586 14086 440 3799
554 13570 452 3800
573 13522 461 3797
587 14962 429 3808
587 13754 434 3806
575 13726 452 3781
573 13225 450 3809
574 13799 450 3782
567 13904 441 3808
569 14156 461 3782
576 13759 449 3794
692 15572 418 3808
683 16873 418 3818
572 13911 447 3830
570 13916 486 3753
555 13822 488 3784
505 12640 480 3803
664 15756 452 3779
657 15735 426 3810
632 14826 481 3773
600 13572 473 3811
569 13967 486 3758
637 15211 438 3799
570 13696 459 3819
565 13674 471 3810
601 14766 430 3814
576 14517 465 3788
569 14194 481 3776
622 14983 446 3792
586 14615 455 3791
624 15371 434 3801
589 14151 474 3780
592 14737 461 3781
599 15257 452 3791
588 14790 440 3796
636 14260 434 3805
601 14720 443 3801
614 15413 439 3805
617 15389 449 3788
582 14426 450 3792
609 13939 450 3804
618 14353 450 3788
581 14557 450 3797
633 14607 438 3802
576 14506 461 3811
587 13977 434 3806
587 13917 434 3815
586 14653 446 3803
589 14104 450 3796
600 14482 450 3783
601 14056 481 3783
579 14515 439 3811
719 16949 428 3816
667 16198 426 3818
609 15504 451 3790
603 13931 448 3819
594 14096 434 3822
577 14520 480 3800
584 14914 455 3792
612 15095 436 3820
591 15031 439 3806
636 14465 455 3796
641 14930 439 3812
648 14730 434 3815
596 14418 450 3804
597 14926 447 3799
585 14585 449 3817
583 14478 450 3793
670 15451 450 3795
635 16112 439 3806
627 14452 452 3810
624 15818 473 3790
624 15818 473 3790
607 14955 434 3826
598 15062 447 3817
603 14669 466 3802
604 14675 463 3810
625 14948 447 3822
618 15179 449 3815
653 15409 450 3797
624 15758 473 3793
642 15887 449 3806
651 15491 438 3816
624 15818 473 3790
667 16099 502 3804
661 16931 446 3811
652 15504 446 3825
650 16280 449 3815
