2588 49.1849
436 9725 431 3910
449 9581 443 3859
586 12422 406 3911
633 13361 612 3691
456 9659 455 3826
460 9607 443 3839
511 10423 503 3725
457 9681 455 3823
449 9598 443 3842
460 9607 443 3839
472 9803 471 3786
455 9635 455 3827
489 10211 487 3741
473 9763 471 3805
460 9616 443 3839
440 9674 431 3914
457 9735 455 3811
455 10401 431 3837
457 9735 455 3811
460 9607 443 3839
528 11595 434 3751
473 9779 471 3804
477 9897 471 3767
449 9726 443 3835
445 9648 431 3908
456 9659 455 3826
439 9635 431 3915
460 9616 443 3839
472 9851 471 3785
462 10024 455 3788
480 9997 471 3751
439 9635 431 3915
455 9636 455 3826
457 9719 455 3812
455 9636 455 3826
453 9594 443 3841
480 9997 471 3751
474 9871 471 3776
457 9681 455 3823
449 9593 443 3842
487 10126 471 3748
456 9659 455 3826
480 10068 471 3749
457 9735 455 3811
453 9585 443 3842
477 9921 455 3784
488 10107 487 3742
449 9613 443 3842
457 9735 455 3811
445 9956 422 3912
460 9626 443 3839
464 9819 455 3805
457 9735 455 3811
445 9648 431 3908
455 9636 455 3826
439 9610 431 3921
472 9803 471 3788
457 9719 455 3812
472 9851 471 3785
456 9813 455 3809
477 9922 471 3757
457 9681 455 3823
459 10404 431 3826
449 9583 443 3862
458 9617 443 3842
455 9664 455 3826
480 9997 471 3751
472 10055 471 3765
460 9607 443 3839
460 9607 443 3839
473 9779 471 3804
453 9580 443 3842
487 10355 455 3745
473 9763 471 3805
453 9575 443 3849
460 9716 443 3832
498 10356 471 3742
455 9636 455 3826
472 9851 471 3785
449 9613 443 3842
457 10030 415 3927
473 9779 471 3804
488 10115 487 3742
465 10042 455 3788
464 9930 431 3847
457 9681 455 3823
473 9779 471 3804
449 9613 443 3842
455 9651 455 3826
453 9594 443 3841
480 9965 471 3751
466 9956 443 3808
457 9681 455 3823
455 9634 455 3827
452 10001 424 3866
449 9583 443 3862
472 9803 471 3786
480 9965 471 3751
453 9594 443 3841
449 9583 443 3862
477 9900 471 3757
455 9651 455 3826
472 9833 471 3785
457 9681 455 3823
449 9593 443 3842
473 9779 471 3804
477 9922 471 3757
449 9588 443 3849
473 9763 471 3805
460 9616 443 3839
457 9681 455 3823
445 9626 431 3919
457 9719 455 3812
457 9735 455 3811
457 9777 431 3855
455 9636 455 3826
460 9679 437 3859
455 9636 455 3826
469 9998 459 3770
449 9618 443 3849
512 10354 503 3736
474 9871 471 3776
455 9651 455 3826
460 9607 443 3839
439 9596 431 3921
453 9585 443 3842
477 9900 471 3757
441 9781 419 3936
455 9634 455 3827
455 9636 455 3826
472 9803 471 3788
460 9607 443 3839
472 9851 471 3785
474 10062 471 3757
449 9581 443 3859
464 9889 431 3847
472 9851 471 3785
474 9871 471 3776
473 9779 471 3804
460 9616 443 3839
464 9871 443 3816
477 9910 471 3767
477 9900 471 3757
449 9613 443 3842
459 9985 424 3866
473 9779 471 3804
474 9871 471 3778
455 9636 455 3826
455 9636 455 3826
449 9613 443 3842
472 9803 471 3788
460 9607 443 3839
439 9607 431 3921
457 9681 455 3823
464 9803 455 3805
449 9593 443 3842
523 11642 503 3716
472 9840 471 3785
455 9651 455 3826
449 9581 443 3859
483 9979 455 3772
445 9626 431 3919
473 9779 471 3804
455 9664 455 3826
449 9598 443 3842
540 11542 446 3742
480 10068 471 3749
455 9634 455 3827
473 9763 471 3805
450 10166 431 3838
460 9679 437 3859
455 9636 455 3826
472 9803 471 3786
465 10042 455 3788
439 9610 431 3921
439 9599 431 3921
460 9727 443 3832
472 9851 471 3785
457 9735 455 3811
447 10086 431 3844
511 10423 503 3725
472 9803 471 3788
477 10092 459 3763
449 9598 443 3842
460 9607 443 3839
460 9607 443 3839
511 10423 503 3725
457 9681 455 3823
439 9596 431 3921
453 9594 443 3841
472 9803 471 3786
439 9596 431 3921
477 9897 471 3767
477 9922 471 3757
453 9580 443 3842
469 9928 455 3792
473 9779 471 3804
451 9771 443 3824
455 9651 455 3826
449 9583 443 3862
