10 4.68854
947 23755 620 4155
773 19992 506 4376
731 18674 657 4216
659 16679 590 4336
649 16967 610 4429
814 19672 565 4214
794 20472 560 4223
719 17088 634 4263
703 17584 626 4222
736 19069 622 4194
683 16705 541 4391
693 18338 623 4279
796 20291 523 4342
768 18728 514 4357
787 18305 599 4208
707 18230 599 4254
757 19958 509 4392
717 18584 537 4316
726 17301 590 4305
781 19316 553 4259
723 18070 543 4347
764 19667 549 4238
775 19584 553 4231
753 19035 585 4310
712 18731 549 4380
805 20387 518 4332
813 20426 525 4298
703 18311 614 4331
716 19001 577 4369
719 18768 591 4299
793 19619 535 4245
705 18659 540 4415
748 18407 530 4396
754 18802 613 4212
803 19014 573 4257
740 19077 532 4293
744 18640 516 4374
720 18129 619 4290
748 18407 530 4396
716 19001 577 4369
730 18081 571 4332
789 19085 557 4289
734 18670 564 4311
705 18659 540 4415
749 19429 561 4248
789 19085 557 4289
723 18070 543 4347
749 19429 561 4248
716 19001 577 4369
864 22640 537 4352
824 20154 565 4214
776 17911 697 4266
762 20225 509 4395
697 17870 583 4459
661 16821 626 4429
653 17193 610 4437
768 19160 530 4386
791 19559 569 4294
724 18262 680 4245
850 21477 541 4262
760 18025 697 4280
680 17185 626 4422
846 21809 549 4250
823 21330 549 4266
740 18328 642 4223
779 19206 618 4239
662 17349 591 4344
724 18287 657 4251
774 19747 596 4308
715 17741 581 4396
738 18410 651 4250
746 18996 566 4368
724 18262 680 4245
680 17185 626 4422
657 17234 610 4429
708 18530 599 4274
803 20948 599 4235
774 20366 631 4246
803 20948 599 4235
781 20029 578 4268
759 19986 536 4407
792 20754 547 4328
661 16821 626 4429
795 19378 554 4308
839 20557 555 4237
780 19928 606 4253
755 18383 547 4404
813 19912 559 4271
728 18732 634 4254
702 17658 566 4405
740 18155 632 4259
732 18925 641 4232
781 19382 532 4354
730 18465 583 4341
834 20623 545 4313
850 19507 540 4334
731 19054 573 4319
787 20518 599 4236
713 17876 591 4343
669 17223 626 4417
769 18878 592 4314
764 19097 550 4400
771 20133 561 4248
793 20204 545 4317
812 18998 548 4351
744 19898 556 4314
742 19329 550 4357
743 19808 540 4415
736 18292 559 4396
834 20623 545 4313
805 19213 573 4274
771 19989 587 4274
850 19507 545 4328
769 18478 639 4235
702 17658 566 4405
806 19060 548 4378
846 21809 549 4250
847 21712 549 4250
784 19088 549 4362
760 18025 697 4280
669 17223 626 4417
776 17911 697 4266
768 19249 563 4314
766 19734 571 4344
806 19060 548 4378
766 18404 567 4362
727 18960 562 4399
724 18287 657 4251
729 18715 599 4254
763 20161 541 4374
743 19808 540 4415
728 19373 540 4421
847 21712 549 4250
732 18128 571 4360
763 20161 541 4374
732 18128 571 4360
724 18372 657 4232
727 18960 562 4399
728 18528 641 4237
766 19734 571 4344
784 19088 549 4362
812 18998 548 4351
724 18372 657 4232
729 18715 599 4254
806 19060 548 4378
850 19507 545 4328
889 23380 537 4352
833 20242 565 4214
801 17402 725 4389
793 20596 512 4403
697 17946 583 4459
661 17077 626 4434
846 21862 549 4250
856 21461 548 4315
692 17505 642 4384
673 17326 626 4429
838 19885 596 4306
758 18361 697 4272
697 18304 610 4435
785 17527 725 4365
770 20259 516 4417
794 20083 672 4239
786 21102 530 4402
739 18845 680 4232
828 21014 614 4246
746 18989 665 4349
811 21061 590 4260
738 19027 599 4256
785 20137 686 4223
846 20848 560 4307
825 20596 634 4221
758 18361 697 4272
748 18710 660 4311
809 20244 572 4335
782 20255 595 4290
765 20159 595 4340
695 17615 634 4403
810 20470 515 4446
820 20733 581 4251
768 19098 657 4253
713 18366 625 4407
782 19662 536 4378
807 21549 512 4402
781 19967 546 4368
722 17908 580 4418
797 20824 680 4227
761 20486 537 4427
761 18972 626 4286
732 18823 574 4455
752 19506 569 4432
779 20359 576 4322
776 18192 697 4265
776 19160 566 4396
773 19593 572 4379
824 21177 622 4226
713 17834 583 4451
726 19002 617 4342
725 18678 626 4393
713 17834 583 4451
822 19436 563 4319
797 20145 556 4359
705 18129 583 4456
807 20018 589 4322
778 19076 568 4374
729 19404 597 4359
792 20655 577 4279
803 17655 725 4358
800 17468 725 4365
723 18150 614 4398
708 17961 626 4394
792 20655 577 4279
833 20242 565 4214
795 20407 562 4366
777 19593 542 4401
704 17780 590 4428
729 19404 597 4359
821 20663 547 4344
777 20427 542 4376
768 19098 657 4253
713 18494 580 4427
793 20235 568 4356
747 18781 623 4322
810 19500 569 4346
751 18249 620 4359
736 19152 583 4394
779 20361 564 4377
761 20473 539 4429
704 17780 590 4428
751 18249 620 4359
824 21177 622 4226
713 18494 580 4427
776 20043 565 4357
722 17908 580 4418
708 17961 626 4394
779 20359 576 4322
697 17946 583 4459
713 17834 583 4451
697 17946 583 4459
697 17946 583 4459
779 20359 576 4322
824 21177 622 4226
713 18494 580 4427
871 21849 564 4324
833 20250 565 4214
831 22269 512 4402
800 17595 725 4365
715 17726 649 4538
705 18278 610 4429
775 19243 692 4249
726 17747 649 4527
714 18404 583 4459
867 20748 547 4386
740 19260 667 4262
721 18560 632 4421
749 18974 644 4357
709 18234 591 4441
770 19324 659 4275
763 20518 601 4304
786 20192 652 4337
823 20706 559 4352
800 21236 527 4414
823 20939 538 4413
757 19471 617 4356
812 20460 622 4262
705 18010 626 4429
793 20048 577 4371
799 19900 549 4396
796 20862 610 4286
800 21236 527 4414
775 20480 603 4318
827 20857 575 4325
748 19823 587 4412
806 19458 623 4413
792 19665 566 4406
831 20365 626 4311
789 19800 600 4359
833 19821 567 4336
790 20701 566 4361
787 20290 581 4359
840 20457 565 4214
829 18473 727 4383
818 21851 610 4333
799 21089 557 4398
770 19378 751 4281
748 18844 583 4467
737 19046 610 4429
797 19854 615 4404
765 19064 673 4377
833 20833 637 4288
818 19645 668 4292
809 20606 600 4450
800 19326 697 4300
797 19974 692 4312
814 20238 598 4383
809 21204 581 4368
807 21847 630 4346
828 21684 634 4286
835 21269 635 4249
805 20166 670 4330
826 21044 679 4271
829 19324 697 4266
835 21269 635 4249
830 20587 583 4391
825 21039 610 4293
797 20478 626 4391
805 21150 607 4380
930 23426 607 4245
845 22053 570 4254
841 21292 622 4226
841 20359 616 4416
832 21003 713 4298
827 21698 604 4440
798 20989 670 4407
887 22498 575 4253
924 20889 585 4306
822 20768 698 4392
880 21082 601 4342
848 21181 681 4292
871 21372 573 4258
832 22148 612 4353
864 20692 661 4303
851 21210 655 4399
837 22116 639 4405
881 21919 610 4233
864 20994 644 4396
882 21201 610 4235
829 21209 642 4409
840 21329 616 4257
845 22053 570 4254
1063 25684 588 4311
939 24597 664 4249
898 20801 694 4385
884 22599 788 4257
867 22391 574 4413
846 21417 641 4482
823 20984 723 4408
887 21292 629 4354
879 22222 591 4268
848 21957 678 4391
880 21305 698 4331
840 22357 617 4382
857 21657 616 4263
846 21709 650 4401
879 21674 591 4321
855 21324 622 4404
948 22606 602 4277
936 23671 758 4272
894 21850 648 4279
884 22445 574 4447
871 23333 592 4494
861 22022 632 4293
933 23169 596 4349
910 23408 594 4374
910 23614 606 4288
888 22178 604 4465
884 22192 597 4350
961 24358 653 4283
925 24233 673 4334
924 23426 596 4399
916 22446 655 4429
891 22553 611 4383
924 23389 642 4372
1017 23916 647 4388
906 23229 677 4415
823 19748 519 4200
781 20463 496 4270
743 18430 531 4157
738 19267 667 4182
723 18143 506 4369
711 16527 573 4332
663 16572 531 4238
723 16858 617 4208
689 17771 566 4227
780 20454 496 4273
733 17235 530 4284
718 18230 593 4200
717 16558 547 4326
739 18518 503 4366
715 19474 564 4227
741 18317 512 4262
733 18848 511 4338
723 18253 530 4300
733 18849 511 4335
738 17858 528 4331
722 17910 531 4236
723 18253 530 4300
913 23033 511 4324
809 20404 609 4171
747 18830 506 4369
743 17684 677 4244
714 16557 573 4337
673 16831 539 4390
666 16620 540 4361
840 20507 522 4277
776 18477 617 4198
820 21301 528 4274
816 20002 658 4187
724 19396 642 4239
801 21279 519 4279
674 17939 593 4264
794 20277 576 4209
743 17684 677 4244
754 20561 591 4208
739 18270 655 4242
688 17485 550 4335
759 19520 522 4365
766 18479 519 4301
738 19020 605 4243
694 18116 570 4318
722 18675 558 4261
742 18053 646 4227
770 18484 606 4189
733 18251 582 4254
795 19639 563 4213
730 16710 573 4326
691 17319 534 4349
811 19309 557 4231
700 17045 573 4350
717 18234 540 4264
756 19131 533 4233
773 18617 581 4226
820 19891 563 4212
754 19229 560 4221
810 19915 569 4204
809 20114 605 4206
716 18470 585 4247
694 17132 548 4341
763 17538 585 4290
768 19184 589 4208
810 20276 556 4203
757 20421 591 4218
713 17527 547 4336
820 20144 551 4215
825 19635 528 4267
752 17585 556 4311
714 16576 573 4332
773 19600 518 4366
828 20513 522 4285
773 18595 528 4288
751 18874 531 4243
752 17585 556 4311
724 19396 642 4239
701 17126 548 4348
700 17045 573 4350
716 16689 583 4322
722 18518 534 4345
754 17853 561 4268
696 17756 534 4346
725 18052 534 4334
741 18586 575 4228
745 18619 530 4341
772 18546 522 4295
725 17692 583 4296
690 18251 561 4293
820 19908 563 4209
741 19094 531 4294
715 18649 544 4286
742 17875 553 4280
696 17756 534 4346
716 18470 585 4247
748 17836 530 4311
742 17875 553 4280
738 19020 605 4243
701 17126 548 4348
715 18649 544 4286
734 18105 540 4286
827 20554 548 4187
713 17527 547 4336
828 20513 522 4285
773 19600 518 4366
889 21431 593 4200
874 22623 577 4221
784 19648 656 4193
747 18925 506 4369
716 16694 573 4350
680 16981 539 4390
825 22018 542 4260
692 16820 547 4380
765 19737 628 4224
859 22382 536 4247
704 17358 546 4359
839 20768 573 4232
794 19082 568 4251
801 19673 646 4199
809 20140 605 4206
805 19618 596 4217
809 20494 519 4303
841 21077 566 4231
774 17897 585 4302
773 18517 523 4314
856 21350 522 4285
759 18653 618 4258
747 18882 530 4366
747 18925 506 4369
736 18513 582 4320
813 20698 566 4234
797 20720 574 4245
816 21066 544 4263
768 19232 621 4211
744 17849 566 4336
748 18412 560 4330
778 21280 591 4215
801 18647 567 4273
820 20351 592 4223
727 18041 537 4368
755 18240 553 4292
801 19673 646 4199
681 18507 593 4264
823 18568 542 4287
722 18895 611 4248
768 19232 540 4328
758 19251 534 4346
765 19231 543 4321
781 20518 534 4310
784 21157 591 4210
712 18193 534 4353
769 18796 553 4270
755 18240 553 4292
745 18855 575 4228
789 20001 593 4219
800 20478 545 4285
791 20212 611 4214
730 17565 558 4337
788 20324 549 4281
697 17708 588 4342
800 20621 555 4265
815 19340 617 4220
745 18128 574 4330
729 18897 587 4340
737 17276 558 4348
803 20275 551 4267
765 18407 544 4305
694 18094 593 4269
725 18418 534 4349
780 19639 560 4248
798 19784 605 4214
712 18193 534 4353
798 19784 605 4214
716 16694 573 4350
718 17340 549 4345
731 17301 548 4341
791 19382 536 4292
765 18407 544 4305
713 17656 595 4342
800 20640 589 4214
718 17340 549 4345
815 19340 617 4220
741 18837 544 4286
737 17276 558 4348
788 20324 549 4281
804 20606 566 4247
841 20179 591 4219
736 18110 551 4338
713 17656 595 4342
791 19382 536 4292
697 17708 588 4342
789 20001 593 4219
741 18837 544 4286
791 19382 536 4292
730 17565 558 4337
783 20202 522 4348
798 19784 605 4214
731 17301 548 4341
736 18110 551 4338
713 17656 595 4342
737 17276 558 4348
783 20202 522 4348
737 17276 558 4348
730 17565 558 4337
902 21934 565 4255
882 22717 592 4211
774 19873 679 4227
754 18981 506 4369
716 16817 573 4350
709 16915 547 4386
741 18264 662 4292
883 21579 522 4303
749 18014 551 4360
801 19519 646 4212
732 17301 573 4344
747 19039 531 4386
765 20256 621 4234
730 17483 548 4368
856 21323 559 4264
868 21414 589 4229
850 21759 589 4233
822 20049 537 4323
775 19147 605 4230
804 19313 557 4283
789 19537 623 4220
873 20823 550 4305
844 21197 553 4297
748 18958 535 4371
718 19218 630 4276
782 18941 532 4327
718 19218 630 4276
813 20700 544 4314
714 18400 672 4338
752 20123 599 4245
766 19192 566 4288
816 21227 564 4278
827 20647 524 4307
761 18447 578 4337
801 20561 562 4316
793 19670 579 4258
753 19722 586 4265
831 20538 593 4221
794 18525 563 4310
828 20844 588 4238
806 21279 565 4269
716 16817 573 4350
786 19702 578 4272
777 18748 533 4349
798 19798 605 4214
754 19266 567 4298
834 21606 544 4263
799 19303 571 4259
842 20994 591 4229
714 18400 672 4338
836 20041 587 4235
822 20336 546 4313
834 20064 577 4237
839 21321 554 4298
796 20943 598 4227
758 19116 573 4312
805 20719 566 4250
744 18481 593 4313
763 19010 598 4253
730 17483 548 4368
777 18748 533 4349
779 19014 595 4259
775 18910 590 4276
804 20452 591 4247
730 17483 548 4368
756 19556 601 4251
756 19556 601 4251
827 20396 579 4247
748 19628 605 4235
827 20396 579 4247
780 19312 604 4247
806 18927 599 4237
731 18421 597 4276
731 18421 597 4276
780 19312 604 4247
714 18400 672 4338
904 22049 529 4347
837 22956 546 4350
808 20088 506 4369
798 19817 605 4214
761 18647 598 4284
727 18652 672 4343
793 19895 642 4220
845 21637 596 4256
867 21014 594 4232
855 21745 544 4310
755 18656 631 4334
742 19375 603 4365
781 19474 618 4234
779 21328 621 4233
777 20111 582 4315
787 20474 614 4230
788 21060 568 4295
783 19578 540 4357
817 20819 574 4265
816 19643 559 4303
829 20105 547 4324
820 19033 613 4272
833 20900 592 4260
819 18800 585 4339
837 20277 586 4267
746 19214 635 4311
800 20406 582 4301
825 19526 581 4306
821 19804 612 4263
836 21020 562 4285
799 19562 548 4353
747 18951 601 4285
790 19236 581 4312
799 18999 567 4335
812 21046 594 4266
926 23233 602 4241
925 23244 669 4217
818 20383 551 4363
785 21074 563 4363
752 19135 622 4311
821 20685 565 4337
907 22836 669 4223
877 22054 608 4285
794 19801 591 4327
796 21490 628 4258
874 22159 558 4325
845 20522 653 4263
773 19958 599 4290
766 19501 598 4293
795 20419 664 4224
830 21241 644 4241
853 21043 562 4300
912 21739 597 4257
827 21076 618 4249
837 20675 648 4247
850 20535 621 4278
828 19618 636 4292
862 21758 560 4308
846 21824 560 4319
851 19722 592 4310
985 24217 612 4265
884 21250 558 4396
838 21138 669 4225
833 21208 699 4235
831 20392 610 4309
812 20624 623 4313
895 23316 648 4280
911 22986 572 4302
890 22320 578 4332
886 22674 566 4360
837 21473 597 4364
872 21923 574 4395
856 21940 615 4302
878 21585 589 4308
962 24490 617 4347
925 23102 586 4387
899 22578 685 4255
897 21777 590 4396
894 22403 713 4279
844 21494 628 4326
933 23312 629 4323
854 21952 686 4289
916 21792 597 4400
902 22080 538 4179
762 19770 615 4165
754 19064 505 4314
685 16544 551 4398
685 16032 668 4316
653 16439 612 4227
788 19457 656 4197
893 21430 520 4230
887 21691 548 4184
685 17207 533 4392
774 18372 540 4223
817 20501 524 4244
859 20763 554 4198
859 20763 554 4198
664 16555 592 4349
686 16438 628 4347
736 17642 571 4281
782 20409 521 4276
705 16607 567 4331
751 19794 511 4344
774 18667 534 4209
678 17277 591 4204
699 17839 578 4252
791 19871 514 4294
757 19100 543 4241
664 16555 592 4349
707 17799 547 4265
786 19347 520 4259
787 19978 527 4248
728 17595 557 4293
779 19953 587 4188
712 18636 543 4319
718 16880 527 4325
666 16767 554 4395
672 17211 573 4342
660 16838 586 4326
757 18787 533 4244
691 16359 612 4346
817 20501 524 4244
802 19613 543 4203
787 19915 568 4175
784 19743 582 4179
686 16438 628 4347
705 16405 612 4339
711 18953 545 4295
727 17977 522 4291
709 18002 522 4348
709 17561 548 4298
690 17856 555 4285
709 17561 548 4298
724 17259 580 4206
802 19613 543 4203
662 16570 580 4321
718 17215 556 4297
710 17986 547 4199
694 17865 533 4325
711 16585 581 4296
694 17865 533 4325
718 16880 527 4325
718 17215 556 4297
802 19613 543 4203
802 19613 543 4203
686 16438 628 4347
686 16438 628 4347
963 24539 539 4199
913 22234 572 4181
788 20236 511 4336
723 17443 723 4239
687 17432 533 4393
686 16440 628 4347
664 16565 592 4349
918 23177 539 4207
830 21018 673 4187
869 21976 577 4189
899 22697 539 4231
889 22651 524 4249
699 17627 533 4392
706 17903 573 4355
724 17484 698 4269
839 21505 527 4257
695 16968 652 4333
726 17770 694 4239
740 17365 723 4237
857 21128 554 4203
818 20404 534 4237
859 20762 554 4204
788 19884 521 4314
750 18579 545 4299
723 19412 603 4216
765 18944 556 4203
777 19936 511 4338
802 19775 543 4205
696 16721 596 4326
704 17526 607 4304
791 19201 530 4293
703 16508 615 4346
822 20151 511 4336
679 16698 643 4345
775 19367 523 4300
683 17415 647 4290
838 21034 528 4253
704 17556 597 4261
760 19100 546 4297
741 17767 571 4281
728 18077 586 4282
690 18155 631 4289
728 17585 580 4301
781 18499 552 4219
671 17123 619 4294
802 19775 543 4205
728 17700 639 4234
664 16565 592 4349
737 18080 571 4259
696 16486 640 4332
732 18139 564 4270
732 18466 547 4240
733 18396 532 4333
738 17518 585 4275
676 17017 623 4295
671 17123 619 4294
731 18484 601 4237
685 16800 628 4347
781 18499 552 4219
723 17632 534 4343
719 18112 574 4258
697 17315 592 4341
732 18139 564 4270
676 17017 623 4295
716 18154 635 4258
791 18788 549 4237
739 19044 594 4205
693 17507 592 4310
697 17315 592 4341
711 17424 592 4333
706 17903 573 4355
730 18224 635 4251
709 17866 548 4284
738 17518 585 4275
791 18788 549 4237
737 18235 604 4256
782 19147 534 4314
764 18963 547 4205
693 17507 592 4310
782 19147 534 4314
762 18164 554 4205
730 18224 635 4251
788 19884 521 4314
709 17343 623 4286
709 17866 548 4284
709 17343 623 4286
737 18235 604 4256
685 16800 628 4347
737 18235 604 4256
706 17903 573 4355
686 16440 628 4347
717 17397 592 4333
664 16565 592 4349
717 17397 592 4333
717 17397 592 4333
1013 23716 534 4269
963 24539 539 4207
945 22572 572 4181
788 20308 511 4336
741 17744 739 4237
699 17637 533 4392
697 16531 640 4335
683 17285 647 4294
828 19094 677 4204
945 22572 572 4181
877 21832 537 4261
866 21748 534 4301
702 16969 607 4367
771 20661 547 4267
687 16734 628 4355
721 17437 717 4293
963 24539 539 4207
734 17510 592 4312
735 18006 694 4239
699 17637 533 4392
724 17491 698 4269
723 17498 723 4242
808 20518 521 4314
747 19516 616 4213
726 18776 568 4353
787 19055 573 4226
709 17939 573 4340
721 18190 596 4321
695 17694 641 4328
712 17135 612 4338
748 18583 572 4252
759 19105 567 4287
814 20419 523 4308
761 19736 548 4360
746 18541 603 4248
798 18470 561 4207
729 18741 594 4281
717 17982 623 4299
765 20213 554 4257
804 19821 523 4316
802 19806 543 4211
768 19292 557 4266
784 18891 594 4231
708 17837 609 4327
786 20426 550 4219
814 20419 523 4308
738 17625 600 4262
765 19144 557 4272
774 18259 567 4236
735 18113 635 4258
796 19697 534 4308
772 18683 611 4226
732 17407 624 4316
775 19137 565 4212
779 19425 550 4260
778 19742 551 4244
780 18975 540 4333
732 18497 610 4283
739 19057 612 4234
748 17727 639 4245
706 17580 637 4297
727 17986 559 4315
765 20213 554 4257
706 17580 637 4297
787 18963 594 4223
780 18975 540 4333
732 17407 624 4316
765 19144 557 4272
735 18113 635 4258
768 18904 594 4237
787 18963 594 4223
963 24539 539 4207
732 17407 624 4316
1013 23728 534 4269
945 22615 572 4181
789 20338 511 4336
741 18345 571 4386
740 18381 723 4241
717 17253 663 4354
711 18186 580 4368
922 23623 543 4279
835 20693 546 4236
795 21102 556 4265
751 17927 676 4248
733 17692 698 4282
780 20253 643 4213
740 18011 698 4276
751 17499 652 4339
720 18235 656 4344
746 19068 622 4263
747 17299 628 4344
770 19346 566 4324
768 18678 664 4269
822 18801 569 4280
777 19285 559 4283
740 18622 647 4292
780 20188 643 4214
818 20470 559 4259
787 20134 558 4312
789 19451 554 4296
770 18592 629 4271
758 18806 648 4253
745 17995 609 4319
733 18605 596 4331
808 20534 552 4238
744 18561 647 4301
773 18858 604 4254
807 19285 574 4242
748 18298 613 4273
736 18826 603 4328
772 19818 597 4257
769 19927 559 4306
781 19460 578 4224
795 19594 590 4220
800 19269 580 4224
775 18282 581 4299
795 19594 590 4220
775 19974 573 4267
755 18598 577 4310
764 18858 573 4319
779 19927 601 4229
773 20162 586 4269
740 18360 577 4316
779 19927 601 4229
780 18352 616 4271
774 19588 571 4277
811 19513 580 4217
799 20229 571 4237
772 19321 616 4238
811 19513 580 4217
788 19749 571 4238
776 19509 572 4262
800 19269 580 4224
788 19749 571 4238
775 19541 559 4269
780 20253 643 4213
776 19509 572 4262
963 22989 572 4181
799 20640 511 4336
777 19125 723 4243
761 18327 611 4363
752 18216 698 4278
747 18828 592 4334
948 22662 587 4185
893 20990 644 4220
847 20498 581 4251
834 21242 559 4239
772 19108 668 4327
835 21060 550 4266
757 18283 617 4344
775 20629 631 4274
785 18593 654 4328
788 19435 612 4309
767 19761 652 4265
800 20081 557 4302
825 19208 643 4295
798 20265 587 4249
823 19695 602 4244
809 19987 589 4241
786 19839 570 4287
787 20013 599 4237
791 19831 566 4306
784 20743 594 4226
778 19653 591 4308
785 19341 561 4337
784 20743 594 4226
800 19370 577 4295
905 22360 566 4335
881 21894 707 4249
872 21905 617 4228
858 23173 581 4260
819 19420 591 4316
810 20988 511 4336
766 19422 602 4384
811 20645 525 4344
805 19790 579 4364
817 21086 673 4258
791 20456 577 4321
888 21867 596 4239
860 22363 582 4299
769 20054 605 4342
841 21567 608 4284
851 20834 627 4262
904 20319 633 4307
800 19977 653 4287
877 20326 635 4312
828 20725 583 4315
867 21203 595 4306
795 21018 609 4272
873 21655 593 4292
804 19918 658 4269
821 21410 606 4315
802 20477 617 4266
869 22652 593 4304
866 20983 681 4319
831 21057 609 4284
815 20740 529 4348
811 20585 578 4342
843 22068 575 4336
966 23558 580 4338
859 22449 607 4340
851 21654 633 4315
908 21951 679 4341
907 22986 645 4344
864 21855 683 4334
881 20806 637 4191
874 21742 534 4307
789 19782 657 4187
788 19616 698 4264
780 19048 509 4324
777 20029 534 4406
687 17003 567 4324
681 17266 567 4326
774 20483 541 4385
762 18151 657 4302
812 19574 567 4213
852 20161 554 4235
737 18608 617 4266
810 18332 603 4253
713 18459 553 4316
755 19028 551 4402
738 18548 595 4282
840 21292 537 4294
840 19249 577 4308
765 19278 577 4292
798 19710 558 4200
877 21736 535 4311
804 19711 578 4198
795 18804 588 4305
778 19072 588 4275
771 18260 591 4321
788 18459 589 4273
846 21024 553 4268
846 21024 553 4268
768 20301 548 4406
768 20301 548 4406
913 22074 572 4213
906 24186 554 4308
892 21295 610 4199
870 21826 846 4207
802 19681 509 4324
703 17342 625 4502
702 17181 641 4492
728 18473 649 4323
811 20199 756 4236
780 20864 548 4407
703 17436 567 4331
798 20106 534 4459
742 17335 594 4363
787 20786 563 4396
798 20106 534 4459
834 20220 677 4254
757 19452 637 4279
824 20838 720 4239
781 19086 668 4322
854 21701 558 4311
790 19302 554 4357
747 18474 594 4328
862 19837 629 4229
878 20799 574 4278
792 20056 726 4261
853 19212 509 4324
899 20973 590 4258
769 18777 633 4323
807 20005 565 4284
735 19306 590 4329
822 20102 611 4263
827 20700 742 4250
828 20789 615 4219
912 21968 582 4238
876 20865 610 4203
769 18777 633 4323
837 19688 599 4247
835 21127 588 4240
791 20247 601 4294
814 19935 597 4312
843 19590 629 4233
850 22005 559 4250
832 19675 628 4305
831 20061 625 4270
827 20745 742 4244
844 20713 579 4281
813 20373 753 4248
801 20115 566 4297
835 19841 578 4315
789 19156 644 4270
825 21288 577 4256
824 20962 720 4233
913 21991 572 4226
703 17342 625 4502
873 19938 594 4243
788 19116 645 4313
813 20971 602 4240
813 20373 753 4248
801 20137 756 4252
828 19435 594 4326
775 19446 675 4283
777 19155 674 4311
825 19961 593 4307
781 19086 668 4322
830 19953 753 4256
775 19446 675 4283
777 19155 674 4311
813 20373 753 4248
827 20745 742 4244
781 19086 668 4322
777 19155 674 4311
991 25085 557 4325
905 21593 610 4199
882 22502 519 4371
870 21867 846 4214
742 17358 594 4363
711 17449 625 4513
708 17550 625 4501
906 22768 544 4341
854 21506 846 4220
823 20032 534 4445
823 19259 768 4311
938 21111 605 4250
734 18397 609 4342
771 19652 592 4351
923 22371 563 4320
860 21572 720 4224
744 19198 617 4334
854 19969 549 4483
779 19802 654 4282
843 21853 538 4394
773 18967 617 4331
720 17653 625 4489
853 19630 629 4233
798 19894 566 4419
842 21062 753 4248
806 18421 586 4332
902 21983 624 4204
812 19267 687 4289
881 21167 522 4346
831 21336 665 4266
913 22014 572 4226
828 20577 704 4268
798 19894 566 4419
823 20049 698 4277
932 22745 576 4222
819 21541 643 4272
805 21049 743 4263
821 20589 753 4257
713 17886 567 4363
832 20417 576 4300
865 22701 560 4290
808 21027 541 4369
914 21256 577 4285
794 19316 651 4301
715 17874 567 4359
855 22135 589 4261
791 20783 585 4335
801 19249 691 4326
708 17550 625 4501
792 20244 555 4402
886 20613 603 4266
828 20684 551 4355
836 19296 636 4327
891 20725 615 4256
823 19444 743 4283
846 20897 648 4278
904 20880 640 4231
831 21336 665 4266
823 19259 768 4311
803 20555 568 4313
898 21672 589 4292
813 20298 638 4282
857 21674 578 4267
864 20696 602 4294
877 20559 600 4281
742 17358 594 4363
742 17450 594 4354
810 20235 607 4306
719 17717 625 4486
843 21592 538 4397
828 20242 632 4279
816 21220 557 4327
893 20552 574 4294
773 18967 617 4331
778 20106 614 4338
809 20203 592 4322
791 20783 585 4335
894 20181 607 4256
792 20244 555 4402
861 21188 599 4290
872 21605 598 4288
849 20137 549 4419
903 21910 568 4292
845 21860 549 4343
839 20117 650 4251
856 19986 611 4294
872 21605 598 4288
812 20070 611 4310
870 21867 846 4214
858 19946 628 4260
879 20249 607 4262
839 20117 650 4251
719 17717 625 4486
713 17886 567 4363
778 20106 614 4338
823 19444 743 4283
805 21049 743 4263
858 19946 628 4260
849 20137 549 4419
879 20249 607 4262
857 21674 578 4267
773 18967 617 4331
823 19444 743 4283
805 21049 743 4263
719 17717 625 4486
996 21973 597 4297
919 23788 556 4345
912 21908 610 4199
901 21868 538 4358
893 21939 846 4214
721 17804 625 4502
749 18149 612 4501
909 22767 591 4319
962 22028 605 4250
807 19917 777 4293
795 18749 581 4411
866 20953 727 4277
938 22112 572 4227
865 21385 559 4452
780 20336 577 4414
782 19083 660 4338
799 19903 687 4326
850 22500 552 4408
818 19600 576 4371
805 21049 743 4268
771 17960 627 4470
826 20753 768 4261
880 20211 562 4489
831 21039 756 4259
760 17920 641 4475
901 21868 538 4358
751 19235 604 4388
758 19507 595 4464
856 21245 645 4241
842 21635 672 4269
923 20041 650 4247
766 19204 597 4381
871 22361 563 4328
935 22376 574 4235
852 21474 570 4329
911 21757 629 4208
801 19213 594 4399
811 20057 667 4283
882 21159 637 4255
907 21419 640 4233
764 19953 677 4345
862 21349 603 4303
920 21802 621 4276
821 20231 650 4348
873 20194 632 4282
831 19845 605 4356
889 20422 663 4270
866 20318 683 4279
837 20505 648 4324
814 20789 618 4320
825 20545 652 4296
856 20174 616 4315
885 20684 600 4291
758 18793 598 4358
850 20527 610 4305
803 20981 607 4345
837 21128 618 4311
845 19948 616 4333
805 19336 662 4301
844 20459 654 4291
807 19917 777 4293
913 22071 572 4237
896 21394 562 4347
798 20681 654 4317
814 19324 662 4312
810 20916 654 4300
758 18793 598 4358
844 20439 630 4342
831 19845 605 4356
838 20446 577 4326
845 19226 603 4348
810 20916 654 4300
814 20419 652 4318
913 22071 572 4237
1001 25272 550 4375
974 22073 610 4199
957 23366 538 4467
915 23054 763 4236
780 18345 641 4477
793 19099 721 4380
908 22993 739 4242
924 23455 755 4233
837 20262 604 4447
944 24331 658 4242
960 22353 555 4398
911 23533 552 4417
920 24095 612 4275
808 20608 603 4371
934 23188 539 4392
845 20855 581 4432
886 22334 712 4257
851 21485 655 4340
805 19579 699 4308
914 21514 573 4363
827 21046 611 4345
787 19451 643 4360
864 21164 665 4309
862 22166 664 4288
925 21833 592 4330
969 22482 601 4292
945 21980 646 4244
833 20508 719 4288
839 21940 591 4426
875 20502 602 4351
929 21321 626 4300
890 20857 677 4299
924 23259 620 4261
888 22516 643 4303
845 20905 695 4325
840 20358 633 4377
896 21699 634 4320
897 21522 647 4324
847 21022 617 4357
888 23359 675 4279
885 22055 673 4300
878 21964 702 4294
890 22401 645 4314
973 23113 579 4312
901 21114 629 4308
900 20988 640 4330
898 21450 614 4293
837 21694 619 4327
805 19579 699 4308
972 23211 605 4242
878 22392 721 4261
919 22043 611 4342
878 21702 696 4300
877 21119 591 4361
875 20866 664 4325
1016 25586 616 4329
977 22149 676 4293
868 21114 606 4387
859 22062 822 4354
808 19591 685 4506
880 22680 629 4339
899 21228 711 4369
853 19848 648 4467
834 21014 654 4437
925 22076 666 4298
912 20901 691 4416
941 21942 682 4338
904 20226 671 4418
856 21530 618 4428
897 22216 629 4342
857 21096 610 4401
863 21286 616 4367
876 20959 653 4377
862 21893 609 4373
858 21125 629 4385
911 21909 652 4340
966 24647 629 4360
943 23679 622 4456
879 20825 654 4508
927 22076 639 4473
900 22402 629 4383
1013 24311 676 4408
925 23428 629 4494
873 20650 534 4210
862 20715 534 4215
795 19993 571 4141
769 18584 679 4205
717 18119 490 4254
711 18087 524 4462
688 17424 565 4383
685 17665 558 4306
688 17932 574 4290
813 19412 572 4215
807 20508 541 4192
754 17771 544 4456
783 19069 534 4218
716 18169 516 4341
801 20020 505 4250
854 19965 572 4202
795 19993 571 4141
713 18274 511 4401
703 18259 574 4262
761 19233 533 4252
686 17765 552 4382
696 17640 550 4389
757 17985 544 4229
713 18292 511 4390
854 19965 572 4202
854 20171 525 4218
854 20171 525 4218
711 18087 524 4462
754 17771 544 4456
912 22019 555 4210
855 22139 541 4237
804 20499 490 4254
795 20012 571 4151
757 18774 717 4252
730 18137 542 4502
700 17518 565 4383
700 17518 565 4383
732 17867 594 4329
875 22035 544 4212
843 20878 545 4211
905 20867 551 4250
806 21392 538 4250
795 19136 685 4230
814 20183 505 4426
848 19712 587 4223
741 18228 619 4323
781 18808 647 4238
736 18195 688 4254
908 21732 534 4211
763 19177 517 4440
775 19862 714 4244
816 19820 527 4290
716 18388 565 4365
781 18930 647 4237
714 17913 622 4328
798 19667 535 4276
782 20208 573 4244
726 18141 537 4464
703 17904 555 4392
787 19814 531 4312
771 19040 717 4247
731 17888 553 4488
727 18825 567 4311
765 19958 518 4290
712 18006 565 4382
788 19894 576 4247
740 18126 540 4428
715 18826 549 4406
778 18107 546 4449
760 18375 556 4249
718 18611 537 4376
813 19833 567 4239
722 18765 529 4399
747 18572 532 4292
747 18724 521 4410
855 22139 541 4237
746 19526 537 4274
710 18398 574 4288
731 17888 553 4488
733 18221 562 4385
788 19999 573 4248
796 18485 530 4459
719 18348 568 4273
778 18107 546 4449
723 18403 524 4463
773 18673 524 4416
805 19904 566 4224
773 18673 524 4416
737 18752 538 4264
806 19330 685 4228
772 19410 521 4407
721 18623 536 4383
737 18752 538 4264
795 19136 685 4230
719 18348 568 4273
806 19330 685 4228
714 17913 622 4328
747 18572 532 4292
717 18416 574 4285
717 18416 574 4285
796 18485 530 4459
733 18221 562 4385
741 18949 537 4289
796 19448 685 4229
747 18724 521 4410
746 19526 537 4274
741 18949 537 4289
757 18774 717 4252
772 19410 521 4407
714 17913 622 4328
772 19410 521 4407
796 19448 685 4229
757 18774 717 4252
781 18930 647 4237
772 19410 521 4407
986 25032 531 4255
886 21462 586 4176
854 22865 514 4309
825 21416 725 4190
800 19728 526 4490
700 17636 565 4383
918 22133 521 4289
746 18702 669 4300
739 18049 609 4331
776 18681 538 4460
857 22393 589 4220
826 20882 516 4437
803 19656 704 4250
734 18348 570 4350
731 17901 553 4488
769 18908 642 4252
760 19344 651 4251
808 20339 620 4197
905 21165 583 4202
800 20161 602 4207
869 21589 550 4224
799 20366 626 4210
768 19458 548 4373
764 18466 626 4266
741 19468 544 4359
751 19799 538 4355
894 21125 567 4234
815 20051 667 4246
836 21007 539 4277
774 18733 553 4416
807 20626 521 4401
769 19166 535 4293
839 19594 532 4378
862 22192 563 4240
828 22138 527 4317
719 18475 622 4302
845 21853 551 4255
818 20182 580 4250
858 20787 516 4414
912 21832 534 4211
714 17935 622 4328
762 18787 717 4254
736 18830 536 4399
803 19656 704 4250
912 22025 555 4210
757 18868 717 4252
801 20498 576 4233
833 21073 524 4305
764 18761 541 4389
740 18648 562 4386
765 18641 554 4470
762 20104 574 4287
856 21738 588 4221
815 20051 667 4246
830 20712 551 4272
743 18747 577 4297
757 19682 586 4271
741 18444 622 4325
860 21237 567 4240
833 20856 571 4222
765 18591 573 4287
874 22025 538 4250
765 19308 567 4254
874 22025 538 4250
812 20487 567 4249
765 18641 554 4470
714 17935 622 4328
764 18466 626 4266
813 20450 531 4329
813 20450 531 4329
860 21237 567 4240
741 18444 622 4325
812 20487 567 4249
803 19656 704 4250
975 24480 653 4179
858 20812 516 4414
762 18904 717 4252
749 18097 553 4488
703 17895 565 4383
890 23772 517 4362
912 21840 534 4211
773 20325 548 4459
755 18645 699 4316
868 22242 635 4222
753 19005 578 4329
807 20971 676 4230
855 21244 650 4228
847 20501 663 4237
869 21490 532 4317
768 20242 558 4435
902 23124 538 4275
900 22976 568 4228
769 20211 597 4282
853 22394 561 4281
797 20845 540 4405
817 20725 541 4368
757 18908 717 4252
740 19319 631 4311
766 19188 699 4301
782 19121 536 4426
744 19564 622 4323
891 22316 614 4232
785 19360 585 4257
840 20570 547 4388
797 20422 570 4292
853 21724 608 4238
739 19396 622 4327
872 22374 535 4297
714 18008 622 4328
807 18750 574 4297
839 21948 692 4208
829 21549 685 4210
714 18008 622 4328
772 19958 690 4273
787 19879 651 4255
843 21670 692 4205
775 19416 627 4325
830 20580 564 4417
777 19767 604 4265
896 22263 567 4249
822 20309 593 4254
801 19925 567 4279
824 21107 685 4228
832 21659 567 4261
777 19767 604 4265
836 20312 685 4234
842 22092 577 4249
797 20681 543 4293
853 20404 593 4250
912 21840 534 4211
778 19503 576 4256
813 19984 656 4253
858 20260 656 4237
902 23124 538 4275
843 21670 692 4205
813 19984 656 4253
925 21594 563 4323
904 23854 517 4370
861 20479 698 4236
858 20826 516 4414
845 21712 692 4205
764 18126 567 4455
725 18389 621 4473
912 21862 534 4211
894 22745 590 4252
865 21117 658 4244
762 19721 616 4365
729 18814 602 4384
894 21787 539 4389
780 20249 630 4258
784 19543 576 4292
800 20709 564 4323
837 21294 685 4238
791 19405 649 4320
742 18303 568 4444
761 19120 586 4368
837 21017 574 4318
727 18407 621 4469
828 21049 554 4383
830 20057 596 4285
792 20347 592 4277
799 19333 546 4439
751 18206 566 4434
812 20167 576 4260
862 20731 553 4431
854 21062 685 4255
795 20767 589 4262
838 20027 541 4434
810 20808 563 4366
838 21117 546 4388
837 21650 545 4432
978 23992 548 4211
942 24473 536 4273
842 20203 730 4283
813 19642 546 4449
771 19600 593 4370
887 22376 701 4241
912 22001 541 4221
839 21451 552 4393
861 22428 576 4268
831 20337 682 4261
821 20006 581 4348
863 21038 565 4333
812 20428 651 4264
830 20960 566 4332
793 19975 602 4310
786 20314 612 4317
810 20321 654 4265
799 20192 608 4294
834 21021 622 4270
818 21195 573 4371
856 21207 599 4268
826 21120 618 4277
837 21436 592 4263
788 20223 579 4298
842 20422 580 4282
812 20428 651 4264
971 22892 676 4255
934 23659 552 4287
921 23992 570 4254
876 21195 577 4436
807 20545 690 4294
794 20120 600 4426
889 21138 590 4368
874 21981 573 4353
951 23214 582 4296
797 20829 631 4324
840 21339 599 4400
857 21771 630 4273
932 22965 655 4264
837 20422 670 4266
844 21722 600 4292
822 20619 672 4273
880 21187 593 4306
855 21582 635 4291
872 21708 590 4282
806 21362 579 4302
856 21216 642 4273
1070 27713 582 4405
979 24271 627 4266
876 22694 577 4439
831 21817 707 4327
809 21099 646 4339
906 23307 636 4299
879 22421 649 4284
847 21338 686 4310
878 22097 589 4371
881 21215 676 4330
893 22062 598 4355
890 21299 610 4322
852 21745 607 4305
900 21680 597 4306
904 23173 585 4328
963 24236 651 4304
888 22582 591 4464
862 21665 734 4310
848 21718 673 4342
897 22324 654 4369
873 22940 720 4323
940 23464 591 4427
917 23733 635 4320
954 24007 633 4316
935 23209 599 4355
885 22010 673 4333
881 22345 600 4432
880 22039 669 4309
974 24430 671 4389
923 22464 691 4329
920 23274 713 4327
