3266 92.5825
731 15906 558 3608
725 17659 526 3614
673 15800 651 3587
663 16174 622 3585
560 14345 413 4036
520 13368 429 4079
483 12016 449 3961
483 12016 449 3961
712 17634 542 3611
710 17304 478 3676
649 15863 622 3592
598 13421 598 3693
661 15755 651 3588
648 15513 635 3595
693 17121 434 3746
706 16630 429 3946
544 13801 415 4038
617 14429 610 3634
621 15327 425 3968
688 16742 493 3651
674 16414 590 3597
537 12911 476 3842
655 16174 423 3999
528 12738 521 3836
695 16784 542 3612
633 15192 479 3671
651 15483 635 3593
676 15975 590 3598
523 13436 433 4072
712 17161 496 3645
616 14982 606 3596
704 16956 498 3643
617 14163 550 3654
682 16299 525 3622
704 16541 526 3616
489 12242 452 3932
536 13387 474 3782
516 12467 501 3849
526 13359 438 4055
644 14819 587 3625
557 13113 535 3771
661 15657 651 3590
663 15410 528 3627
592 14840 425 3984
703 16920 433 3738
594 13636 523 3687
699 16329 558 3606
526 12975 456 3884
527 12533 490 3855
563 14431 424 4016
509 12299 458 3906
487 12107 449 3935
531 13095 503 3806
566 14225 432 3991
521 12796 489 3866
561 13533 445 3792
534 13103 470 3874
503 12314 462 3925
557 13666 531 3742
703 16659 438 3731
583 13734 578 3692
656 15952 606 3590
500 12373 452 3930
638 14696 516 3660
498 12361 442 3954
524 13581 435 4048
654 15528 558 3624
690 16242 498 3644
601 14188 491 3708
529 12771 521 3830
623 14851 545 3655
554 13324 485 3817
522 13280 436 4075
533 12691 521 3826
591 14014 554 3668
494 12401 442 3954
564 14259 432 3995
501 12609 465 3923
519 12576 473 3887
577 13783 538 3684
652 15121 526 3636
588 13775 539 3675
541 13923 437 4026
543 13250 487 3816
551 13429 499 3775
631 15082 557 3635
640 15463 438 3747
597 14255 466 3739
554 13961 427 4032
645 15718 447 3697
546 13425 455 3914
568 13364 449 3901
628 14800 497 3665
556 13741 445 3794
576 15246 437 3961
518 12703 473 3876
666 15349 574 3599
612 14028 469 3719
515 12653 473 3882
513 12865 455 3915
510 12437 461 3893
695 16680 494 3649
587 13536 582 3651
530 13154 503 3802
540 12814 490 3851
670 15749 508 3643
580 13586 579 3667
486 12087 452 3940
573 14562 424 4013
542 13844 444 3911
643 14581 610 3630
574 13875 445 3779
610 13912 477 3703
494 12401 442 3954
568 13671 567 3709
605 14855 460 3694
562 14131 441 3761
548 14006 427 4008
541 13093 501 3815
486 12075 452 3948
559 14145 440 3799
589 14572 522 3681
571 13579 571 3698
550 13375 493 3813
547 13490 440 4000
603 14365 491 3689
602 14097 477 3706
506 12158 505 3862
586 13565 566 3656
615 14734 478 3686
620 14718 578 3646
578 14685 425 3987
659 16137 510 3635
664 16203 526 3617
512 13028 473 3883
483 12031 449 3950
569 14121 456 3740
558 13937 414 4034
585 14445 475 3719
539 13264 485 3819
599 14671 570 3655
505 12220 490 3870
530 13023 485 3820
646 15805 433 3757
571 14507 427 4004
608 14257 472 3700
511 12272 458 3891
591 14757 431 3775
548 13208 440 3985
514 12525 456 3904
538 13472 434 4045
537 13404 505 3773
654 16290 446 3716
522 12720 456 3896
607 15279 494 3659
506 12168 505 3861
642 15076 546 3628
536 13792 428 4041
581 13456 555 3725
502 12484 462 3911
674 15962 543 3613
532 12768 467 3886
586 14059 467 3712
583 14301 456 3729
583 14281 451 3736
643 15471 483 3661
643 16090 541 3627
604 13948 563 3670
559 14030 446 3753
504 12263 455 3922
579 14763 479 3720
532 13139 495 3778
566 13544 555 3713
680 16238 512 3629
599 13607 563 3672
579 13500 469 3723
638 14627 516 3664
677 16028 526 3626
543 13992 440 4011
616 14325 478 3677
579 14658 451 3734
572 13707 440 3802
593 14352 446 3748
679 16178 511 3634
502 12201 462 3931
507 12439 462 3920
581 14415 440 3770
582 13367 582 3698
642 14931 516 3659
664 15973 574 3604
609 13884 493 3697
557 13690 462 3750
522 13341 444 3918
549 13555 446 3765
653 15261 530 3625
549 13552 441 3957
651 16346 522 3632
541 13515 424 4053
616 14463 517 3668
559 14478 424 4027
511 12628 446 3951
582 13776 507 3682
603 15153 429 3959
661 16000 558 3607
610 15164 483 3664
645 15768 433 3758
542 13615 446 3768
501 12278 462 3927
621 14800 546 3667
677 16139 590 3594
507 12369 489 3870
638 14862 508 3662
679 16074 510 3639
628 15244 514 3655
668 15830 494 3657
578 13483 560 3711
623 14834 546 3641
578 13459 560 3714
658 16307 510 3623
616 13944 472 3718
669 15344 510 3647
541 13600 423 4043
666 15358 561 3605
641 15181 516 3651
653 15722 562 3617
666 15358 561 3605
648 15513 635 3595
602 14759 562 3638
664 15776 558 3610
621 14800 546 3667
669 16103 555 3622
604 14598 495 3676
663 16301 525 3627
680 16056 512 3640
657 15772 510 3648
606 14935 494 3665
643 14947 506 3652
651 15483 635 3593
629 14519 516 3670
629 14519 516 3670
651 16346 522 3632
680 16056 512 3640
668 15830 494 3657
632 15184 590 3601
628 15466 514 3654
616 14463 517 3668
604 14971 590 3602
643 14947 506 3652
610 14975 530 3646
651 15483 635 3593
616 14982 606 3596
628 15466 514 3654
604 14971 590 3602
616 14808 546 3667
638 14862 508 3662
604 14823 574 3607
632 15184 590 3601
648 15513 635 3595
632 15184 590 3601
616 14808 546 3667
651 15483 635 3593
616 14463 517 3668
604 14971 590 3602
788 19119 542 3613
661 15759 651 3588
661 15716 651 3590
643 14865 543 3685
606 14969 468 3985
658 16728 499 3905
758 18473 490 3675
680 15890 635 3594
624 15195 468 3981
749 17709 513 3634
626 15345 590 3602
684 17237 496 3921
648 15306 559 3646
674 16176 546 3641
623 15143 606 3596
620 15147 574 3607
705 17304 510 3646
691 17110 496 3917
736 17483 526 3616
718 16735 508 3663
671 15424 508 3670
621 14981 574 3613
750 17595 522 3629
695 16871 494 3649
671 15329 527 3662
647 14877 603 3616
731 16852 508 3648
664 16358 510 3672
646 15133 516 3664
672 16909 520 3655
678 16508 526 3631
678 16482 526 3645
674 16835 520 3655
682 16342 525 3622
682 16342 525 3622
674 16824 520 3662
680 16355 514 3634
682 16342 525 3622
682 16342 525 3622
682 16342 525 3622
790 18465 522 3629
770 18551 526 3616
667 15869 651 3588
613 15143 468 3985
659 15289 543 3673
679 16982 511 3910
640 15627 606 3596
724 17291 494 3653
703 17695 496 3918
682 16374 525 3622
662 15218 610 3672
696 17104 496 3921
684 17134 520 3655
681 15822 527 3670
688 15671 527 3666
855 19665 526 3621
725 17341 651 3592
715 17133 705 3595
671 15657 613 3700
657 15876 468 4007
640 15697 606 3596
813 19109 494 3664
699 17639 496 3921
703 16670 554 3798
767 18836 494 3665
710 16632 551 3769
711 16824 593 3633
676 16662 598 3736
729 18545 526 3640
692 17873 532 3683
752 17992 508 3658
736 17619 549 3622
728 18182 522 3659
750 18017 511 3671
725 17056 525 3667
728 17349 603 3625
743 17754 525 3624
731 17785 495 3686
752 17640 533 3658
717 16710 533 3662
727 17270 523 3663
845 20087 511 3658
767 18882 494 3665
735 18012 496 3911
680 16000 651 3599
671 16107 651 3605
668 16087 648 3619
706 16743 554 3798
703 16951 614 3727
690 16741 614 3744
732 18217 496 3907
814 19235 517 3660
670 16115 639 3605
748 17259 525 3671
756 19496 525 3660
746 18220 539 3697
730 17677 541 3690
736 17555 540 3683
676 16116 651 3602
803 18383 533 3658
788 18766 509 3664
778 17768 546 3653
752 19040 526 3630
783 18707 542 3628
787 19152 549 3622
803 17948 546 3642
747 18554 495 3694
750 18042 531 3665
759 17803 527 3662
796 17813 546 3648
792 17891 546 3648
785 17832 528 3660
792 17891 546 3648
861 20487 511 3662
860 22054 526 3640
754 17598 547 3810
673 16335 651 3611
723 17621 639 3734
765 19056 591 3679
751 17879 586 3797
829 19831 511 3666
744 17057 570 3802
762 18637 539 3714
814 21128 526 3670
795 18990 555 3646
805 19325 542 3628
735 18801 552 3691
820 21353 526 3660
731 17246 648 3644
759 18033 546 3684
800 17865 546 3653
740 17112 641 3654
795 19088 542 3635
739 17956 541 3690
805 18971 539 3658
796 19026 540 3663
895 23166 526 3646
850 20704 511 3681
761 18103 547 3807
750 17724 709 3628
791 20034 575 3688
750 18760 543 3704
867 22223 526 3654
823 21054 541 3667
836 21732 558 3633
826 19399 575 3659
804 20629 558 3639
885 22583 526 3657
820 20251 575 3696
