709 248.715
723 16801 560 3564
667 16815 456 3664
657 14745 646 3530
646 14923 646 3529
595 14876 402 3849
499 11281 434 3791
483 12110 413 3910
465 11764 417 3888
716 16422 490 3601
531 12101 518 3579
542 12296 534 3574
598 14958 510 3624
687 16312 542 3571
591 13919 480 3679
572 13257 428 3742
512 12576 413 3892
700 15951 516 3601
629 14760 586 3552
619 13618 512 3645
706 15805 516 3601
579 14107 504 3650
636 15090 493 3629
666 16588 498 3599
616 14747 570 3559
643 14338 634 3535
517 13085 420 3860
721 16195 614 3539
534 13041 454 3721
525 13589 429 3811
654 15592 534 3573
585 14294 475 3659
645 14458 618 3546
603 14208 467 3700
658 16758 418 3774
581 13806 483 3688
677 15192 598 3545
539 12671 441 3715
477 11932 424 3876
668 14940 558 3571
584 14817 416 3820
515 12878 423 3859
470 11644 442 3787
481 11949 442 3785
552 14006 425 3844
556 13748 420 3837
648 15278 602 3545
665 15747 408 3840
672 15424 566 3561
692 16640 486 3598
566 14546 413 3881
607 15640 470 3672
692 16265 504 3585
608 13473 438 3719
562 14411 415 3868
532 12724 486 3698
470 11601 458 3794
641 15543 546 3573
660 15353 486 3618
551 13361 470 3690
674 16002 566 3558
647 14437 579 3566
644 15846 427 3769
648 16181 502 3592
660 16265 411 3826
635 15793 550 3569
488 11903 462 3757
530 12919 470 3708
536 13357 418 3854
559 13680 428 3805
547 14261 481 3678
612 15177 454 3686
503 12172 448 3733
471 11560 471 3796
494 11509 431 3753
489 11885 435 3750
621 14311 514 3627
588 13645 467 3703
638 15069 598 3547
636 14941 630 3534
496 11830 448 3747
510 11499 449 3772
675 16697 486 3599
631 15136 462 3668
567 14603 473 3676
681 16806 485 3611
626 14530 618 3541
577 14268 485 3669
615 15797 466 3666
530 12486 430 3800
608 15334 439 3710
498 12253 415 3890
633 13968 482 3660
685 15769 566 3559
649 16074 495 3611
586 14719 451 3696
486 11401 434 3846
569 14131 419 3800
490 12311 427 3875
487 11454 451 3843
521 12398 441 3728
588 14359 414 3873
528 12375 431 3745
634 14121 501 3646
557 14654 422 3826
673 16091 517 3596
642 14439 507 3605
524 13429 416 3856
645 15878 408 3833
494 12010 446 3746
523 12548 453 3726
682 15798 563 3564
499 12541 424 3863
503 12137 459 3736
624 14822 460 3688
519 11995 472 3734
514 12279 430 3810
563 14449 427 3805
636 15234 459 3683
636 14941 630 3534
672 15879 582 3551
508 12011 454 3728
570 14782 429 3757
682 15122 550 3566
500 12111 448 3740
644 15666 512 3603
623 14452 585 3570
663 15750 560 3565
485 11407 441 3851
664 16060 505 3602
641 14248 634 3537
486 11564 433 3797
528 13447 427 3830
506 11952 454 3735
512 12309 453 3729
689 15305 582 3554
648 15278 602 3545
647 15315 440 3714
641 14594 581 3564
677 15661 582 3553
667 15550 489 3611
651 14733 630 3538
633 14685 618 3540
649 14360 560 3572
636 14707 614 3540
656 14646 602 3546
657 16126 505 3607
721 16195 614 3539
657 16126 505 3607
638 14228 602 3549
639 14725 582 3566
689 16189 550 3565
638 14228 602 3549
633 14685 618 3540
788 18193 582 3553
760 18322 582 3553
760 18175 501 3603
661 15303 646 3530
656 15361 646 3529
531 12141 518 3579
622 14411 570 3575
632 14490 554 3574
640 14991 552 3577
662 16148 542 3574
752 17696 630 3534
769 17307 582 3555
709 16301 618 3543
728 16867 578 3559
672 15736 630 3538
718 16598 614 3543
665 15543 600 3561
676 15238 598 3550
666 15583 645 3539
691 15545 554 3568
653 15018 614 3557
690 15676 588 3556
721 16703 560 3567
722 16947 566 3560
763 17578 614 3540
701 15624 570 3566
758 17735 614 3540
695 15613 598 3545
683 16028 614 3545
740 16461 566 3561
679 15991 630 3535
724 16280 566 3564
669 15996 586 3559
694 15734 598 3546
622 14411 570 3575
690 15933 582 3563
762 16727 566 3558
723 16765 582 3560
745 16582 582 3556
696 15415 545 3577
696 15415 545 3577
712 16469 566 3563
690 15874 598 3546
720 16529 566 3561
696 15415 545 3577
827 19052 582 3555
661 15446 646 3529
568 12779 518 3579
531 12212 518 3580
666 15356 614 3559
716 16934 630 3535
720 16722 554 3573
720 17541 566 3571
727 16989 618 3543
748 16621 566 3561
731 17279 568 3567
695 15576 598 3552
661 15446 646 3529
692 16015 597 3576
724 16253 582 3563
712 17247 577 3573
716 16533 563 3577
695 15634 598 3545
694 16254 587 3578
679 15989 598 3560
694 15920 598 3546
712 16402 566 3578
743 16758 566 3561
694 15920 598 3546
718 16426 582 3576
838 20501 560 3578
667 15469 646 3529
661 15446 646 3537
610 12802 610 3597
539 13204 518 3674
601 14617 518 3615
758 18688 630 3542
582 14124 542 3632
721 17456 570 3576
767 17099 630 3535
638 14831 586 3579
695 15652 598 3545
550 13482 518 3643
670 16061 633 3571
605 13200 546 3623
545 13431 518 3653
581 13880 566 3625
678 15371 614 3562
657 14661 518 3579
739 16999 645 3540
681 16385 602 3567
742 17107 596 3565
731 16742 566 3574
749 16682 597 3567
678 15392 614 3559
689 16709 601 3576
678 15392 614 3559
751 16698 566 3561
810 19042 630 3536
733 16804 518 3579
705 16618 646 3529
677 15495 646 3538
650 15235 545 3619
782 18138 630 3537
747 17227 581 3574
767 17467 630 3541
718 15685 643 3559
678 15439 614 3562
699 16510 602 3568
685 15942 527 3606
674 16164 558 3579
686 16221 527 3600
697 16583 630 3548
659 15684 542 3589
697 17083 537 3588
709 16567 522 3591
751 16707 566 3561
703 15858 598 3545
671 15818 602 3581
751 16707 566 3561
693 15784 599 3583
684 15898 534 3589
710 15906 646 3530
691 15770 646 3533
689 15872 646 3533
703 15858 598 3545
788 19155 549 3583
714 16826 523 3602
705 16425 539 3619
692 16183 646 3533
678 15598 614 3563
762 17049 566 3561
723 17657 524 3595
703 16168 598 3545
704 16503 582 3579
740 17194 534 3585
741 17600 558 3583
688 15915 542 3589
678 16015 595 3600
765 17079 566 3561
750 17851 523 3602
749 17953 573 3584
737 17717 646 3537
718 17715 545 3665
697 16462 649 3547
686 15672 614 3569
682 15683 614 3563
731 17209 589 3582
705 16546 598 3545
699 16112 569 3593
746 17430 534 3593
692 16280 549 3598
732 17523 566 3589
688 16167 554 3591
711 16349 602 3555
753 17842 533 3596
713 16352 598 3546
744 17760 550 3590
762 17838 582 3561
704 16173 614 3556
763 17774 581 3568
758 17764 587 3583
710 16480 602 3568
764 17745 586 3568
793 17907 598 3545
785 18280 534 3593
769 18004 646 3542
764 18609 597 3569
710 16525 570 3604
702 15777 615 3571
688 16584 627 3570
704 16768 549 3598
727 16810 581 3591
729 16255 614 3557
692 16072 614 3574
777 17453 566 3561
713 16862 602 3581
714 17154 614 3547
709 16919 558 3593
719 16999 602 3564
720 16517 630 3551
714 16512 646 3546
769 18120 566 3570
724 16400 598 3555
765 17844 598 3551
767 17028 598 3550
711 16638 630 3553
773 17965 646 3545
711 16302 614 3560
852 19965 535 3609
804 20119 598 3552
741 17220 634 3548
735 16860 577 3655
723 16326 627 3561
716 17450 630 3547
709 16910 595 3602
837 19056 598 3550
731 17617 590 3617
786 18712 570 3572
796 19739 602 3554
789 18179 566 3561
778 18888 594 3589
796 18119 553 3607
718 17272 602 3587
811 18033 567 3604
785 17796 589 3569
745 18027 614 3551
757 18039 554 3599
759 17554 583 3604
734 16951 614 3556
726 17071 595 3598
766 18035 567 3601
731 17111 611 3566
722 16527 630 3556
715 16585 595 3608
803 18058 581 3565
734 16463 598 3566
800 17734 581 3569
724 16681 602 3568
735 17113 598 3561
731 17464 592 3600
757 18039 554 3599
856 20204 535 3609
856 20204 535 3609
748 16850 659 3560
746 18390 630 3547
744 16653 620 3577
718 17151 595 3602
793 18551 596 3578
856 20204 535 3609
808 18357 586 3574
803 18431 581 3591
797 18417 554 3599
759 17141 614 3559
742 16984 634 3558
750 17610 630 3550
805 18400 566 3561
727 18050 630 3548
724 16812 602 3568
750 17107 600 3568
737 16899 599 3577
748 16964 630 3560
856 20204 535 3609
830 19425 554 3613
808 19565 566 3585
776 18447 630 3548
754 16809 632 3581
752 17704 646 3561
725 16885 617 3572
734 17405 595 3606
816 19454 569 3573
784 18408 600 3591
739 17517 595 3602
759 17842 618 3562
807 19254 600 3584
824 18772 598 3567
824 19225 597 3590
733 18065 605 3571
784 18225 604 3596
824 18542 598 3578
750 17480 613 3597
768 17755 632 3563
776 17793 614 3570
750 17830 634 3561
856 20204 562 3622
779 18806 664 3559
770 18308 676 3570
765 19506 597 3664
741 17159 654 3579
733 17768 645 3578
817 19469 588 3599
774 18958 629 3567
778 18195 613 3601
793 17263 618 3579
740 17286 654 3587
788 17583 631 3582
746 17527 617 3592
750 18143 615 3580
778 17923 649 3561
770 17871 641 3582
843 18531 643 3583
793 18543 654 3579
777 18030 654 3586
777 17395 550 3565
760 19102 566 3565
717 16466 675 3532
704 16559 646 3530
595 14876 402 3849
499 11281 434 3791
483 12110 413 3910
465 11764 417 3888
652 14553 646 3534
721 16552 675 3531
691 17066 630 3538
770 18640 506 3586
506 11952 454 3735
621 13611 614 3545
477 11932 424 3876
512 12576 413 3892
704 16254 630 3536
752 18573 537 3582
570 14782 429 3757
746 17993 502 3600
552 14006 425 3844
699 15957 437 3719
496 11830 448 3747
539 12671 441 3715
609 12834 609 3608
687 17212 482 3639
665 15747 408 3840
645 15878 408 3833
562 14411 415 3868
470 11644 442 3787
532 12724 486 3698
530 12919 470 3708
481 11949 442 3785
692 14888 598 3553
669 16210 574 3561
673 16021 434 3742
596 14705 498 3667
594 14339 542 3642
575 14252 480 3703
644 15846 427 3769
597 14893 556 3622
536 13357 418 3854
730 17032 586 3555
499 12541 424 3863
740 18428 534 3587
582 13797 582 3615
597 12406 594 3632
523 12548 453 3726
525 13589 429 3811
490 12311 427 3875
494 11509 431 3753
638 15822 467 3658
658 16758 418 3774
727 17862 510 3599
589 14185 472 3688
584 14817 416 3820
591 13919 480 3679
556 13748 420 3837
675 16838 490 3629
545 13431 518 3653
489 11885 435 3750
648 16066 570 3567
619 13618 512 3645
640 15563 545 3578
641 14616 530 3634
547 12877 438 3734
634 15199 460 3684
723 16394 590 3554
615 15089 462 3672
510 11499 449 3772
557 14654 422 3826
723 17281 542 3574
710 15956 438 3713
584 13497 552 3640
601 13378 534 3651
587 12641 546 3636
470 11601 458 3794
568 14105 414 3891
528 12375 431 3745
518 13039 428 3822
605 14881 561 3612
728 17532 570 3560
471 11560 471 3796
586 14928 462 3675
575 13655 531 3648
758 18938 534 3583
761 18825 534 3583
710 16475 566 3573
681 16765 494 3622
714 17727 474 3637
498 12253 415 3890
567 13174 422 3793
701 17453 503 3604
668 14762 489 3662
660 16265 411 3826
666 15234 579 3583
713 16919 465 3654
530 12486 430 3800
661 16282 487 3647
578 13531 566 3624
691 16364 458 3678
615 15510 477 3656
563 14449 427 3805
487 11454 451 3843
713 18129 484 3627
647 14983 587 3569
636 13681 562 3614
517 13085 420 3860
512 12309 453 3729
716 17952 450 3684
700 16939 454 3681
625 14495 534 3597
683 16712 494 3618
694 17038 534 3592
581 12459 578 3621
719 18414 491 3609
611 16151 473 3669
726 16192 514 3607
611 13949 611 3585
595 15114 478 3663
733 16025 506 3600
514 12279 430 3810
559 13680 428 3805
486 11401 434 3846
630 15431 577 3586
622 13247 578 3608
657 15437 598 3549
721 17600 538 3576
639 15390 455 3690
736 18153 526 3589
704 16893 517 3594
627 14231 516 3638
708 18048 475 3636
758 18938 534 3583
607 13729 476 3671
485 11407 441 3851
728 17422 598 3547
610 12802 610 3597
651 15658 490 3636
633 13129 551 3626
515 12878 423 3859
615 15341 522 3604
706 17808 486 3630
716 16217 451 3695
736 18153 526 3589
628 15514 519 3613
623 13036 562 3615
632 16239 455 3691
652 15352 482 3649
621 15337 535 3593
621 13617 614 3541
760 19102 566 3565
524 13429 416 3856
683 15738 469 3666
486 11564 433 3797
620 15550 583 3593
692 17320 490 3610
655 15731 570 3566
681 16730 566 3571
707 16753 504 3606
683 16712 494 3618
761 18825 534 3583
643 15106 587 3587
606 14771 527 3613
721 18325 537 3588
717 18275 538 3581
717 18275 538 3581
722 17513 566 3568
729 17763 534 3588
734 18393 630 3535
721 16317 675 3532
773 17824 598 3546
773 17824 598 3546
612 15672 587 3611
612 15672 587 3611
717 18275 538 3581
726 18379 562 3569
681 16730 566 3571
726 18379 562 3569
704 16254 630 3536
758 18938 534 3583
856 20559 491 3629
837 20632 491 3644
735 17767 521 3766
721 16322 675 3532
714 17270 646 3530
621 13618 614 3541
723 18950 511 3687
652 14565 646 3534
825 20096 491 3647
788 19334 503 3645
668 16292 539 3663
656 15967 555 3588
694 15515 603 3561
770 19352 566 3565
746 17669 502 3653
721 16322 675 3532
769 18638 550 3577
703 17912 527 3645
732 18729 518 3618
690 16433 602 3551
693 16864 534 3605
751 18314 630 3537
750 17903 516 3634
728 17130 570 3567
742 17501 598 3547
680 16866 539 3599
753 18715 630 3535
754 18919 566 3568
693 16996 545 3593
694 15515 603 3561
740 18376 507 3644
738 16363 595 3565
718 18604 531 3627
695 16385 582 3574
675 16682 598 3550
723 17107 581 3587
730 18326 586 3566
678 16491 538 3601
754 18797 537 3582
756 18222 510 3599
674 17034 585 3585
748 17350 520 3629
702 18539 554 3592
756 18222 510 3599
716 17269 554 3586
747 18438 538 3590
719 17192 538 3599
721 16322 675 3532
721 16322 675 3532
826 19011 570 3575
807 20728 523 3618
774 18929 503 3750
757 18468 509 3771
729 16546 675 3532
715 17300 646 3530
621 13681 614 3556
661 14793 646 3534
642 14269 614 3541
763 18299 513 3703
757 18097 532 3747
707 16183 570 3611
780 19988 514 3643
774 20215 514 3667
778 19412 566 3565
744 18768 522 3632
679 16901 606 3582
770 19127 630 3539
782 18717 630 3535
796 18928 598 3547
821 20504 535 3606
683 16660 579 3599
708 17772 589 3584
724 17431 613 3551
762 18923 545 3592
701 16822 593 3589
723 17640 598 3553
682 17104 555 3665
813 20600 523 3616
760 17932 521 3757
694 16990 603 3566
739 17965 561 3589
686 16878 570 3659
765 19067 538 3595
742 17270 602 3556
684 16858 573 3661
687 16986 538 3601
735 17967 590 3570
742 18638 556 3590
713 17293 535 3609
759 18514 521 3757
760 19066 566 3570
733 17067 570 3592
846 20267 523 3632
821 20564 566 3565
772 18510 521 3757
739 16757 675 3532
729 17638 646 3530
650 14337 647 3556
814 20360 524 3715
668 14684 635 3562
840 19376 554 3594
803 20104 526 3669
770 18032 535 3674
659 14416 659 3544
698 16381 627 3550
689 15561 646 3534
683 15449 630 3546
796 19167 598 3556
773 19362 566 3570
696 17362 584 3655
714 16388 579 3623
682 16386 619 3560
699 16683 614 3541
751 19000 571 3600
701 17005 541 3628
704 17249 606 3584
720 17401 593 3589
700 16954 609 3583
761 18450 589 3585
695 17764 539 3616
745 18279 590 3584
744 18644 561 3602
744 17924 598 3565
698 17384 557 3656
714 17857 576 3606
767 18914 561 3601
762 19014 573 3589
719 17205 538 3611
736 17376 566 3606
700 17140 561 3608
737 19076 537 3627
844 19959 586 3575
772 18670 521 3757
729 18120 646 3531
716 16207 675 3536
674 15588 659 3573
703 17877 549 3726
724 17869 545 3668
705 16771 615 3556
702 17212 599 3638
708 16448 659 3570
834 19762 570 3588
784 19435 579 3613
822 19587 606 3584
720 17527 554 3627
707 16968 614 3541
738 17864 538 3619
732 18263 541 3646
758 18090 583 3610
719 16293 647 3561
801 19720 583 3601
785 19771 602 3580
812 19680 577 3598
774 19499 589 3587
749 17655 586 3624
811 19848 570 3602
731 18472 580 3614
738 17683 571 3618
717 18039 587 3643
727 17270 571 3626
773 17594 598 3613
732 16719 646 3534
706 18335 539 3617
720 18148 599 3621
889 20136 587 3605
808 19906 646 3534
807 20518 552 3619
744 18171 539 3622
735 18570 550 3688
725 16443 675 3536
705 16774 615 3560
822 20076 599 3590
760 18866 614 3546
752 17333 614 3569
730 17714 556 3684
743 18429 548 3648
783 18525 595 3619
732 18272 630 3549
739 17969 659 3535
752 18148 563 3637
705 16771 615 3561
727 17949 583 3648
765 18138 643 3541
751 18095 618 3548
776 18861 614 3541
764 17756 563 3633
729 17757 646 3547
742 18549 599 3621
733 17716 555 3646
764 18642 583 3621
800 19008 614 3541
787 19395 630 3546
782 18872 539 3626
753 18496 539 3654
740 16768 675 3537
728 17060 662 3575
742 18563 599 3621
733 17853 583 3651
789 19179 614 3545
755 18716 570 3640
746 17274 635 3560
765 18259 646 3547
731 17106 615 3564
739 17565 675 3548
757 18352 599 3640
771 18751 663 3542
768 18586 555 3636
780 18570 549 3653
750 18005 646 3551
732 17464 627 3560
733 18343 555 3653
755 19008 653 3547
751 18847 659 3549
788 18561 627 3556
743 18000 663 3549
742 18563 599 3621
878 21198 599 3635
771 19506 539 3708
767 17412 675 3541
752 18593 579 3708
745 17472 675 3538
733 18241 647 3562
739 18215 587 3661
813 19778 581 3636
779 18444 624 3595
795 20584 556 3645
743 17530 634 3568
763 19121 628 3634
794 19978 659 3549
802 19067 614 3547
789 20019 567 3641
811 20152 599 3636
800 19282 629 3588
756 18889 583 3646
775 19426 583 3638
845 21321 659 3556
839 20335 573 3653
786 19877 592 3667
771 18794 675 3538
771 18280 675 3546
754 18366 643 3589
809 19075 615 3584
796 19162 635 3620
805 19666 615 3599
828 20043 631 3567
789 19268 583 3646
838 19923 627 3574
790 18739 675 3539
895 20192 615 3610
828 20614 595 3650
807 18748 675 3541
763 18916 670 3622
810 19871 635 3612
817 20825 642 3634
814 19986 675 3561
793 19786 441 3656
682 16270 646 3529
595 14876 402 3849
499 11281 434 3791
483 12110 413 3910
465 11764 417 3888
793 19768 442 3644
746 18739 486 3601
764 18006 467 3626
631 15193 630 3544
653 15628 646 3532
738 17783 502 3597
784 18651 598 3545
650 16090 630 3540
539 12671 441 3715
687 17582 485 3611
610 12802 610 3597
634 15199 460 3684
707 16638 614 3540
726 18468 462 3625
602 15322 423 3763
678 16307 598 3549
530 12919 470 3708
604 14592 570 3568
621 14781 524 3578
532 12724 486 3698
551 13996 422 3831
529 13383 405 3886
717 16371 486 3605
569 14131 419 3800
547 12877 438 3734
719 17858 457 3631
651 16115 586 3555
555 13547 424 3807
650 16248 510 3587
672 16930 602 3548
707 16876 545 3571
651 15986 518 3580
756 18404 480 3612
525 13229 412 3905
586 14424 407 3860
677 17478 454 3638
575 14252 480 3703
584 14817 416 3820
660 15397 582 3562
654 15842 418 3777
542 12427 430 3789
743 17955 502 3592
509 11340 450 3782
518 13039 428 3822
689 17829 478 3614
559 13680 428 3805
661 16242 466 3634
606 15063 411 3834
523 12548 453 3726
516 11889 490 3601
617 15388 554 3600
713 17645 458 3628
591 13919 480 3679
477 11932 424 3876
470 11685 440 3895
579 14771 409 3842
673 16021 434 3742
557 14654 422 3826
506 11952 454 3735
494 11509 431 3753
499 12541 424 3863
496 11830 448 3747
510 11499 449 3772
574 14266 403 3873
610 14677 420 3770
713 17088 506 3585
648 16572 446 3660
512 12549 413 3899
570 14782 429 3757
538 13726 427 3812
650 15417 563 3570
565 14471 410 3870
592 14991 414 3836
608 15225 443 3670
549 13882 423 3816
573 14909 470 3692
645 15740 534 3572
629 14507 523 3600
528 12375 431 3745
498 12253 415 3890
674 16167 582 3552
489 11885 435 3750
640 16600 550 3575
471 11560 471 3796
645 15740 534 3572
588 13631 413 3867
563 13816 427 3799
470 11644 442 3787
789 18544 450 3647
614 15777 412 3823
746 18190 550 3565
485 11407 441 3851
665 15747 408 3840
711 16807 563 3564
586 14719 451 3696
609 15434 445 3669
679 16129 630 3535
512 12309 453 3729
701 17171 498 3599
650 15250 474 3636
504 12402 424 3844
632 14917 472 3651
607 15471 471 3677
567 13174 422 3793
522 13137 423 3857
481 12033 423 3883
607 15519 447 3664
479 12153 417 3885
556 13748 420 3837
674 17241 436 3662
692 16957 602 3547
656 15378 474 3630
703 17304 539 3571
750 18232 518 3579
490 12311 427 3875
617 15463 554 3573
530 13114 418 3854
589 14908 404 3846
486 12208 413 3908
605 14759 586 3562
514 12279 430 3810
486 11564 433 3797
676 16614 614 3546
678 15526 458 3653
752 17253 451 3649
725 18456 472 3612
703 17304 539 3571
757 18619 470 3618
643 15943 489 3621
694 16785 521 3578
659 15296 518 3591
705 17354 506 3586
525 13589 429 3811
499 11282 439 3786
619 15800 463 3647
623 15577 554 3568
718 16739 550 3568
481 11887 426 3882
604 14592 570 3568
664 16708 502 3598
700 17166 566 3558
516 13164 413 3880
750 18232 518 3579
701 17171 498 3599
690 17127 454 3638
753 18698 486 3599
718 16739 550 3568
706 17145 566 3561
757 18619 470 3618
709 16533 598 3546
692 16856 554 3566
642 15355 504 3588
698 17017 550 3569
669 17052 550 3568
708 18552 502 3592
652 15935 614 3547
677 15956 488 3601
619 15800 463 3647
645 15790 566 3562
694 16785 521 3578
703 17157 486 3616
653 16535 474 3622
660 16459 503 3598
626 15271 598 3551
642 15355 504 3588
707 16638 614 3540
660 16459 503 3598
705 17354 506 3586
709 16533 598 3546
626 15271 598 3551
669 17052 550 3568
698 17017 550 3569
651 16115 586 3555
645 15790 566 3562
725 18456 472 3612
698 17198 486 3612
706 17145 566 3561
650 16090 630 3540
815 18947 493 3609
786 19779 538 3578
741 17940 630 3536
729 17640 464 3639
724 17500 634 3539
646 14958 534 3585
634 15255 490 3641
626 15280 545 3578
704 16900 474 3622
812 19242 534 3574
721 17130 498 3610
648 15069 554 3579
701 17434 582 3558
682 16408 522 3633
638 15454 534 3592
656 16279 630 3540
659 15964 614 3547
671 16243 598 3561
776 18386 598 3551
750 18962 486 3601
676 15832 582 3564
641 16100 614 3560
779 18520 518 3579
735 18939 550 3570
759 17979 582 3556
698 17176 550 3572
663 16801 518 3605
749 17310 511 3608
770 18266 502 3593
662 16297 586 3556
703 16421 533 3607
724 18077 614 3546
688 16650 522 3594
643 15207 534 3586
686 17270 522 3601
732 17805 506 3595
634 15242 598 3565
731 16828 527 3581
721 18328 506 3603
730 18266 538 3580
722 17542 534 3584
729 17626 522 3592
735 17961 539 3571
733 17303 527 3580
642 15279 586 3563
750 18462 502 3595
739 18438 502 3597
737 17929 506 3585
687 16701 522 3594
738 17361 614 3546
646 14958 534 3585
739 18438 502 3597
848 20592 518 3583
739 17391 630 3540
730 17753 474 3625
684 16630 522 3643
680 15635 534 3585
631 15774 551 3601
706 18791 494 3627
747 18015 614 3546
840 20104 570 3574
807 20238 534 3581
680 16112 586 3564
685 17211 490 3641
659 15983 614 3547
718 17497 503 3622
830 19119 493 3609
789 18994 598 3552
639 16184 538 3593
793 18237 516 3606
761 17837 506 3611
779 19547 486 3601
770 19436 502 3595
761 19723 502 3603
679 16856 566 3582
669 15825 555 3592
779 18709 598 3553
686 16532 550 3583
736 18205 582 3571
791 18401 542 3577
666 16278 542 3592
787 19125 582 3558
690 16769 522 3594
755 19252 498 3605
739 17332 581 3581
663 16759 554 3590
755 18703 506 3602
691 16950 582 3575
789 19162 506 3585
731 17460 570 3581
734 17749 554 3575
716 18391 498 3622
785 18400 493 3624
713 18400 498 3622
663 16996 554 3585
659 15983 614 3547
787 19138 486 3601
852 21547 480 3625
758 17942 630 3542
743 18278 503 3646
677 16674 653 3547
669 16026 565 3600
652 16304 550 3607
851 20997 480 3626
789 19512 486 3601
815 18781 511 3608
682 16560 598 3569
774 19361 490 3633
678 16468 614 3557
784 18895 629 3550
694 16841 526 3619
816 20136 522 3588
831 19971 506 3585
826 19283 493 3609
714 17625 505 3645
707 16829 618 3552
667 17108 577 3592
737 18135 554 3580
735 17397 586 3566
748 17977 614 3553
775 18465 508 3621
785 19270 502 3605
734 17855 557 3582
717 16890 598 3567
662 16430 554 3602
771 20050 518 3599
687 16688 543 3607
769 19465 534 3585
723 16123 549 3597
680 16764 550 3589
718 17253 585 3584
720 17086 541 3587
727 18416 538 3593
829 19371 486 3623
723 18072 534 3595
709 17480 522 3598
717 18299 582 3587
722 17322 529 3597
733 17325 522 3603
713 18453 498 3622
738 18408 522 3594
733 17739 524 3597
729 17298 586 3568
729 17358 524 3604
735 18354 522 3595
713 18453 498 3622
846 19552 493 3609
806 21279 494 3617
790 19248 630 3543
789 19480 490 3633
764 18472 630 3558
723 16129 549 3597
668 16313 551 3608
727 17309 602 3575
829 20781 538 3589
815 20320 510 3611
798 19710 533 3598
738 17531 586 3567
711 18080 625 3574
710 17525 522 3600
784 18900 614 3557
738 18771 498 3622
700 16819 613 3584
759 17882 570 3584
741 17693 617 3562
817 19516 629 3550
688 16916 630 3559
750 18261 547 3593
694 16860 583 3606
759 18719 554 3580
704 17237 558 3590
753 18374 534 3595
773 19257 550 3587
826 19286 493 3621
723 17632 586 3588
741 17139 553 3595
705 17878 557 3592
829 19525 494 3606
771 18456 557 3588
829 19371 511 3611
826 19421 511 3619
829 19371 493 3612
709 17649 534 3610
829 19371 493 3612
944 23844 634 3553
789 19709 490 3647
767 18458 669 3559
723 16161 549 3597
714 17856 547 3614
869 20146 521 3611
720 17421 583 3608
826 19503 507 3623
754 17572 659 3575
729 18146 643 3561
734 18399 602 3580
758 20009 503 3642
786 18952 557 3583
769 19009 566 3581
811 19318 550 3590
789 19787 490 3633
795 18447 593 3582
720 18126 534 3620
807 19534 550 3590
851 19567 493 3612
758 18192 553 3596
846 19737 493 3612
745 18669 602 3569
765 18966 598 3570
742 18848 522 3610
771 17994 522 3600
760 17960 537 3609
756 18418 534 3601
786 19780 498 3622
789 19719 490 3634
735 18600 534 3611
743 18747 602 3569
879 21197 618 3569
803 20208 490 3644
754 18234 646 3566
723 16179 549 3597
852 19698 493 3612
785 20517 589 3590
818 20278 643 3578
737 19246 538 3630
789 19719 513 3640
828 19381 612 3583
789 19013 611 3587
814 19422 569 3590
804 18501 537 3608
807 19544 550 3590
778 19630 522 3613
803 19124 540 3622
805 20007 530 3601
797 19497 538 3615
782 19362 545 3602
803 20081 522 3609
926 22842 516 3643
839 20352 550 3590
796 19868 611 3596
723 16211 549 3597
849 21004 534 3613
902 21447 538 3601
820 19911 550 3595
732 16825 549 3597
723 16215 549 3610
789 19619 550 3597
751 17306 563 3607
737 17930 599 3612
786 18395 564 3601
823 19936 649 3604
797 20105 595 3619
770 17579 573 3626
726 16664 502 3592
704 17430 502 3595
646 14519 646 3531
595 14876 402 3849
499 11281 434 3791
483 12110 413 3910
465 11764 417 3888
642 15006 614 3541
581 12459 578 3621
506 11952 454 3735
539 12671 441 3715
646 14509 646 3536
477 11932 424 3876
536 13357 418 3854
481 11949 442 3785
722 17257 563 3564
616 12598 594 3610
630 14815 630 3536
637 15154 582 3567
570 14782 429 3757
556 13748 420 3837
683 16870 524 3578
645 14552 630 3538
496 11830 448 3747
525 13589 429 3811
567 13174 422 3793
619 13618 512 3645
512 12576 413 3892
562 14411 415 3868
523 12548 453 3726
552 14006 425 3844
547 12877 438 3734
518 13039 428 3822
699 16626 534 3573
532 12724 486 3698
691 17115 474 3622
530 12919 470 3708
612 15916 470 3663
606 15529 474 3670
645 15878 408 3833
575 14252 480 3703
625 14282 614 3543
586 14719 451 3696
584 14817 416 3820
543 12893 522 3607
499 12541 424 3863
700 15975 545 3574
589 14225 498 3687
703 16342 538 3573
688 16727 566 3559
660 16265 411 3826
470 11601 458 3794
528 12375 431 3745
489 11885 435 3750
494 11509 431 3753
703 17396 506 3585
490 12311 427 3875
591 13919 480 3679
644 15846 427 3769
673 16021 434 3742
624 15336 554 3578
510 11499 449 3772
471 11560 471 3796
710 16277 479 3623
653 15236 478 3636
557 14654 422 3826
609 12834 609 3608
601 13949 514 3653
700 17043 582 3553
658 16758 418 3774
559 13680 428 3805
696 16403 491 3598
719 16842 524 3578
665 15622 481 3629
666 16002 586 3557
714 16114 474 3620
608 15000 602 3554
641 15849 474 3657
517 13085 420 3860
545 13431 518 3653
707 16520 582 3552
643 15295 570 3562
498 12253 415 3890
626 15167 490 3600
470 11644 442 3787
634 15199 460 3684
699 17349 548 3571
558 12859 518 3579
655 14947 498 3603
665 15747 408 3840
698 17270 504 3586
679 15326 550 3566
615 14906 484 3620
569 14131 419 3800
485 11407 441 3851
487 11454 451 3843
596 14209 490 3614
610 12802 610 3597
647 15475 462 3652
591 13997 514 3666
695 16658 534 3572
659 15439 550 3565
563 14449 427 3805
568 14105 414 3891
723 16985 480 3612
514 12279 430 3810
610 14590 486 3616
649 16798 454 3676
695 17163 466 3648
669 16070 602 3547
645 15694 516 3591
695 17163 466 3648
512 12309 453 3729
486 11401 434 3846
685 16030 470 3639
524 13429 416 3856
624 15345 554 3574
703 16319 478 3633
586 14928 462 3675
574 14229 486 3672
632 15806 548 3573
651 15186 597 3562
646 15619 480 3640
622 14423 490 3611
631 16212 441 3699
657 15309 598 3549
713 16481 598 3546
670 16206 570 3561
486 11564 433 3797
530 12486 430 3800
515 12878 423 3859
660 15330 510 3597
600 14482 506 3608
653 15862 459 3683
656 16468 474 3628
696 16089 454 3688
655 15990 506 3587
650 15645 598 3549
669 16434 586 3554
647 15705 486 3605
643 15878 473 3666
677 16432 566 3563
677 15863 582 3555
671 16414 582 3554
696 16066 502 3596
670 15920 486 3599
658 15951 566 3564
645 14552 630 3538
630 14815 630 3536
670 16935 534 3574
670 16935 534 3574
696 16066 502 3596
666 16002 586 3557
677 16432 566 3563
677 15863 582 3555
670 15920 486 3599
647 15158 598 3551
647 15158 598 3551
670 16206 570 3561
670 16935 534 3574
666 16002 586 3557
791 18836 566 3561
732 18562 462 3722
657 15355 646 3531
615 13123 594 3603
607 14523 564 3599
692 16986 506 3655
667 16000 482 3718
634 14862 630 3536
721 17049 493 3615
651 14749 614 3543
777 17565 598 3556
739 17876 602 3552
665 15764 581 3592
767 18372 534 3573
632 14825 630 3543
692 17862 518 3584
652 15455 510 3608
663 15582 614 3542
701 16026 545 3580
790 18602 504 3593
684 15941 598 3573
709 16857 550 3566
675 16581 535 3594
714 17418 534 3583
756 17432 490 3601
749 17443 490 3599
651 16341 554 3575
673 16572 538 3581
728 16579 486 3603
731 17042 570 3561
707 16955 558 3574
731 17072 518 3579
710 16471 566 3569
703 17390 506 3587
720 17253 534 3583
741 17066 602 3553
702 16355 498 3603
703 17403 506 3585
828 20888 586 3562
764 17990 487 3632
753 17777 646 3532
720 18229 501 3739
663 15155 646 3542
646 15385 630 3540
668 15772 522 3660
812 19288 490 3599
795 18357 614 3549
674 16085 586 3639
758 19006 504 3600
762 17670 602 3553
726 17672 598 3574
781 19134 582 3564
745 17449 630 3536
674 17033 548 3652
703 17469 506 3585
688 16940 525 3657
726 17240 517 3610
718 17249 573 3578
723 17314 543 3609
685 17634 566 3633
779 17988 490 3610
734 16761 614 3550
682 15397 614 3553
711 16710 534 3618
705 17252 561 3596
690 16502 566 3590
678 16032 614 3630
728 18227 503 3637
739 16850 495 3610
738 17271 533 3583
752 17013 618 3549
705 16600 538 3620
725 16747 582 3577
682 16370 630 3537
714 16747 554 3600
730 16997 550 3566
698 15845 630 3537
708 17431 522 3597
712 16604 505 3626
721 17101 550 3588
696 16442 566 3583
752 17462 618 3547
703 17445 525 3591
732 18346 518 3579
750 17327 518 3579
712 17064 506 3621
740 17132 618 3549
724 17974 504 3610
735 18313 518 3579
715 17980 518 3584
721 17448 549 3580
859 20492 602 3561
786 18273 491 3618
764 17955 646 3532
709 17138 522 3705
664 15351 646 3559
820 19356 614 3555
713 17336 536 3654
683 15905 630 3550
784 18723 501 3615
812 18913 602 3564
691 16710 583 3593
701 16249 630 3543
718 17093 554 3624
691 17300 572 3650
718 16555 618 3554
772 18512 570 3568
753 18211 550 3570
737 17428 558 3574
721 16741 634 3539
707 16070 634 3543
743 17959 613 3566
722 18621 518 3584
709 17085 573 3590
703 17482 506 3585
732 18349 518 3580
708 17404 597 3586
754 17743 566 3571
746 17341 512 3616
703 17469 525 3589
715 16497 646 3542
749 17230 582 3568
756 17789 518 3579
742 17355 534 3585
747 17338 566 3588
749 18345 550 3569
741 17236 598 3567
753 18418 518 3579
740 17375 566 3580
854 20670 550 3569
742 16872 634 3543
721 17630 506 3587
717 16370 646 3546
716 17153 592 3662
701 16678 645 3616
787 18874 550 3577
790 17912 598 3569
773 17931 618 3560
730 16767 598 3632
752 17381 570 3586
789 18240 550 3585
765 17775 614 3568
732 17513 539 3621
711 16436 630 3552
737 17484 558 3574
704 17565 525 3592
740 17476 550 3593
726 16975 630 3543
740 17448 586 3581
721 17493 611 3628
753 18722 518 3579
706 17538 506 3588
714 17646 518 3586
723 16854 592 3622
738 17462 601 3581
753 18722 518 3579
706 16925 614 3630
753 18722 518 3579
847 20491 630 3547
757 18048 506 3610
742 16903 634 3543
740 17126 641 3550
718 17574 524 3625
708 18213 518 3595
824 19245 618 3563
815 19177 598 3573
780 17514 614 3582
733 17724 534 3601
715 18405 550 3588
753 18736 518 3579
765 17486 585 3589
770 18045 630 3560
757 17614 570 3586
753 17970 558 3574
721 17840 517 3598
737 18165 534 3591
711 17657 554 3605
749 17684 522 3612
745 17789 586 3581
756 18485 512 3610
742 16903 634 3543
767 18183 512 3607
740 17589 534 3620
755 17593 512 3616
765 17743 601 3580
743 17725 526 3589
765 17743 601 3580
765 17743 601 3580
742 16903 634 3543
835 20345 614 3577
755 17602 512 3616
742 16950 634 3545
729 17945 525 3663
824 19315 518 3579
788 18759 582 3582
745 18238 548 3645
740 17947 554 3625
734 17920 608 3641
745 18543 517 3599
754 18126 567 3614
763 17941 528 3592
759 19221 580 3593
743 18378 599 3620
775 18125 586 3578
770 17787 579 3586
772 18074 570 3586
731 17960 590 3642
765 18920 518 3582
767 18228 512 3607
765 17750 601 3580
763 18308 522 3603
756 18308 583 3611
874 19548 518 3589
817 19498 586 3578
785 19986 518 3587
765 17775 601 3580
757 17794 512 3622
856 19879 538 3586
779 19477 558 3591
788 18542 549 3595
784 19744 533 3599
787 18903 571 3603
764 18196 512 3616
767 17950 512 3617
764 19064 547 3600
807 19011 566 3582
794 18333 566 3605
796 18779 535 3606
780 17812 595 3590
799 19570 554 3584
772 18264 590 3600
772 18300 512 3607
773 18291 512 3607
800 18270 552 3600
852 20519 517 3608
787 18355 512 3616
765 17802 601 3580
761 18627 525 3660
815 20415 582 3587
767 18427 526 3619
797 20097 533 3599
772 18719 550 3611
796 19392 561 3606
808 20013 554 3592
794 19712 553 3602
799 19111 555 3604
800 18770 512 3609
798 19418 518 3613
797 18690 595 3609
908 21507 595 3589
902 21802 582 3592
839 19234 519 3657
765 17809 601 3580
814 18909 522 3628
834 20388 563 3595
799 19018 551 3647
817 19036 566 3622
797 20119 533 3614
812 20327 533 3599
805 19965 533 3612
804 19868 574 3612
811 19004 571 3649
815 20289 533 3599
870 21042 531 3628
827 19972 587 3639
782 17833 605 3586
770 17845 601 3580
768 18774 601 3609
846 20365 545 3602
888 20686 579 3628
781 18756 601 3617
776 19118 628 3616
871 20376 599 3625
825 18947 630 3624
791 19260 601 3622
792 18868 480 3619
746 18950 582 3554
706 16263 646 3534
665 14339 661 3555
595 14876 402 3849
499 11281 434 3791
483 12110 413 3910
465 11764 417 3888
658 16758 418 3774
539 12671 441 3715
775 18814 554 3568
786 18609 509 3586
584 14817 416 3820
561 13860 454 3671
531 12971 438 3678
581 12459 578 3621
610 12802 610 3597
672 15999 649 3548
594 14261 523 3641
687 14764 661 3550
696 17605 542 3573
512 12576 413 3892
521 13225 418 3880
730 18467 432 3696
496 11830 448 3747
721 16874 558 3567
525 13589 429 3811
556 13748 420 3837
760 18142 534 3577
597 15171 497 3655
532 12724 486 3698
654 14314 634 3571
645 15878 408 3833
644 15846 427 3769
506 11952 454 3735
619 13618 512 3645
570 14782 429 3757
578 15008 493 3666
552 14006 425 3844
547 12877 438 3734
751 17563 491 3599
692 15575 629 3557
562 14411 415 3868
636 15958 468 3668
471 11560 471 3796
660 16265 411 3826
697 16424 506 3602
477 11932 424 3876
638 14721 620 3593
673 16021 434 3742
603 14684 503 3663
571 14028 430 3784
690 15961 630 3540
729 18380 430 3706
646 14603 644 3574
725 18640 432 3708
764 17198 502 3598
642 15146 602 3577
642 14358 550 3593
524 13429 416 3856
721 17742 436 3736
481 11949 442 3785
756 18343 472 3623
528 12375 431 3745
706 16944 528 3583
510 11499 449 3772
569 14131 419 3800
470 11601 458 3794
734 17250 614 3544
523 12548 453 3726
490 12311 427 3875
494 11509 431 3753
545 12906 506 3675
533 12943 426 3806
684 15564 613 3575
567 13174 422 3793
487 11454 451 3843
518 13039 428 3822
573 14399 514 3648
749 16848 462 3649
537 13318 428 3802
489 11885 435 3750
612 15441 538 3576
557 14654 422 3826
715 15631 646 3542
470 11644 442 3787
712 18262 534 3573
724 17868 474 3626
634 14461 634 3579
498 12253 415 3890
628 15739 522 3588
656 16150 474 3633
701 15693 597 3575
656 16086 566 3563
769 17783 472 3643
664 16329 507 3605
769 18219 538 3573
707 16992 504 3593
704 15742 458 3651
740 18540 563 3566
485 11407 441 3851
614 15220 484 3660
677 16123 516 3603
651 15809 478 3629
736 17297 498 3607
647 16367 490 3611
690 17414 570 3560
749 17684 518 3583
536 13357 418 3854
554 12690 526 3605
499 12541 424 3863
686 17053 454 3649
616 12598 594 3610
620 15321 486 3628
654 15863 476 3656
665 15747 408 3840
668 14884 599 3587
626 14289 618 3595
726 17269 550 3572
623 14988 574 3597
734 18617 563 3565
739 17894 554 3569
627 15642 533 3594
512 12309 453 3729
630 15216 589 3596
746 17903 472 3638
637 15082 573 3585
486 11401 434 3846
690 18030 470 3630
642 15149 585 3581
517 13085 420 3860
685 15016 590 3585
514 12279 430 3810
638 15759 473 3663
568 14105 414 3891
625 15671 482 3666
742 17453 504 3590
615 13123 594 3603
623 15399 483 3661
515 12878 423 3859
617 16065 505 3616
774 18470 502 3595
714 17206 524 3585
657 14595 586 3591
732 17466 486 3609
632 15075 502 3614
648 15789 598 3550
681 17327 454 3668
530 12919 470 3708
649 14538 645 3563
631 14529 570 3602
703 16225 504 3598
697 17979 432 3727
608 15891 502 3648
746 17450 518 3591
658 14423 649 3567
638 15366 484 3623
671 14626 645 3555
749 17469 486 3601
697 17979 432 3727
656 14940 649 3558
633 14881 506 3647
749 16848 462 3649
646 16143 490 3617
739 18196 432 3696
681 14903 629 3566
612 14958 501 3629
670 14488 661 3553
692 17395 506 3607
678 14917 629 3563
694 16362 518 3594
746 17450 518 3591
613 15691 506 3615
693 17436 502 3604
612 14958 501 3629
670 14488 661 3553
608 15891 502 3648
658 14423 649 3567
693 17292 442 3666
692 17395 506 3607
681 14903 629 3566
793 20455 438 3678
752 16445 661 3550
745 19177 432 3696
670 14417 661 3555
625 15295 442 3708
599 14328 523 3642
593 14559 454 3682
791 19435 550 3590
779 20098 438 3689
666 15560 569 3589
671 14729 645 3566
601 15284 469 3672
778 17784 454 3670
734 18996 440 3707
699 16755 446 3698
687 16929 566 3598
760 17704 633 3570
716 16743 597 3577
768 18633 477 3644
693 15359 613 3590
616 14892 491 3676
709 17602 474 3653
651 15823 588 3618
757 18566 494 3612
645 15857 485 3660
641 14807 620 3593
686 16141 541 3605
650 15704 553 3632
721 18087 444 3688
716 16572 534 3609
736 17915 472 3649
744 18161 442 3677
685 14752 661 3553
629 15955 490 3658
749 18723 432 3696
678 17105 490 3622
680 15737 629 3575
675 15615 488 3638
717 16691 518 3594
680 16652 538 3612
670 14417 661 3555
661 15730 589 3595
658 15950 503 3619
629 15615 506 3650
641 15303 502 3633
712 17281 486 3625
721 17621 506 3604
712 17281 486 3625
618 15315 454 3676
672 16695 454 3672
835 21033 630 3575
763 19113 432 3701
681 14688 661 3555
674 16857 470 3792
654 15326 520 3636
792 19531 477 3644
733 18063 445 3710
812 18830 645 3573
673 16079 541 3626
771 18516 597 3590
789 19334 614 3584
698 16457 550 3612
675 15788 617 3597
704 15994 566 3622
728 18089 589 3593
690 16814 566 3615
756 17349 538 3600
716 17463 645 3588
710 16292 649 3580
685 16929 522 3620
701 16585 486 3677
748 17789 627 3593
678 15909 506 3658
738 18381 474 3650
712 18214 446 3698
780 18974 442 3677
690 17024 455 3689
759 19061 468 3675
728 17337 490 3638
745 17308 508 3619
677 16960 604 3617
693 16815 462 3676
706 17459 494 3666
675 16435 496 3640
684 16283 601 3601
758 18228 442 3691
728 18184 458 3683
776 17977 458 3677
750 17360 505 3637
674 17434 514 3690
745 18146 550 3601
706 17627 494 3650
736 17617 629 3582
760 17929 617 3585
748 17944 490 3630
780 18914 506 3606
728 18100 502 3635
739 17104 629 3578
742 17068 522 3604
708 16585 538 3635
741 16855 645 3578
676 16835 506 3623
780 18937 442 3680
780 18974 442 3677
780 18974 442 3677
780 18974 442 3677
861 21488 549 3616
736 18268 445 3713
699 16977 474 3802
685 14695 661 3555
654 15996 550 3645
829 20297 646 3573
712 17987 457 3749
665 15357 520 3641
689 17495 490 3792
740 16775 617 3601
801 18276 595 3621
814 19425 630 3579
834 20296 518 3636
796 19423 581 3610
782 20024 454 3687
763 18763 566 3617
736 17653 645 3588
722 16380 551 3627
714 17771 486 3695
663 15783 521 3663
686 17179 498 3723
701 16655 645 3604
727 18484 475 3732
772 18376 491 3644
752 19407 462 3708
663 16812 535 3640
762 19330 474 3669
785 19584 550 3619
703 16503 506 3661
702 16767 569 3630
662 16378 534 3660
706 16557 502 3643
746 19153 497 3667
755 18548 490 3658
748 18223 494 3638
762 19096 490 3646
724 17845 478 3704
818 18893 550 3601
811 19690 477 3644
723 17367 534 3625
730 17957 474 3728
759 18952 458 3690
688 16767 518 3642
742 18479 475 3703
693 17114 493 3681
691 17101 505 3671
810 18633 550 3607
695 17725 490 3689
784 18387 487 3685
703 17146 529 3637
730 17521 490 3674
800 18878 534 3622
763 18688 521 3628
759 16710 493 3705
759 18893 525 3624
730 16740 490 3694
759 18444 461 3708
813 18587 550 3607
811 18429 550 3614
859 19459 645 3589
852 21659 476 3692
734 16575 661 3564
699 17078 474 3802
694 14982 690 3569
681 16043 521 3657
849 20003 630 3579
731 16615 509 3724
706 15939 674 3597
801 19440 617 3615
740 17047 613 3634
707 16904 565 3643
751 18939 491 3703
821 19938 477 3644
782 18047 658 3607
833 19869 492 3671
727 17458 563 3635
740 17921 554 3628
774 19570 531 3624
793 18015 517 3670
708 17783 493 3682
790 18964 502 3642
768 18471 502 3651
760 18890 504 3657
710 17338 523 3643
700 17073 534 3653
778 18610 496 3643
829 18875 522 3628
691 17504 526 3651
743 16956 506 3697
775 18152 518 3650
703 17546 521 3650
736 17343 509 3697
859 20836 645 3581
850 21030 659 3584
821 20172 477 3655
731 16645 509 3732
727 15303 690 3600
681 16962 537 3690
820 19968 601 3643
733 16217 674 3605
767 18717 503 3706
718 18198 546 3645
790 19614 506 3646
774 20082 538 3630
779 20174 514 3678
745 16380 541 3685
705 17639 522 3689
755 17154 509 3724
700 17187 534 3653
785 19747 519 3649
688 16841 534 3668
771 18702 535 3646
753 17212 520 3730
715 17896 527 3667
713 16671 538 3672
684 16906 534 3665
758 17975 519 3688
750 17071 521 3727
782 19933 509 3687
714 17077 524 3676
862 20642 499 3694
825 20164 601 3643
811 20934 510 3654
781 18802 508 3765
713 17194 557 3669
831 19751 571 3663
715 18016 522 3694
769 18485 525 3679
733 18006 533 3689
837 19873 601 3651
724 17255 539 3671
839 20374 518 3675
715 17817 534 3668
816 20481 538 3660
878 21675 515 3679
825 20164 601 3646
776 20826 536 3706
749 17758 567 3677
717 17940 583 3677
810 19801 550 3682
724 19203 558 3698
726 18528 558 3701
726 18094 546 3702
764 19976 547 3699
842 21432 544 3715
769 20065 547 3699
769 20302 547 3699
769 20068 547 3711
780 20437 547 3699
