165 46.2
636 15379 414 3778
552 12852 506 3671
513 12144 445 3817
492 11730 462 3794
491 11733 462 3794
598 15149 438 3727
540 12607 506 3675
573 14462 442 3718
527 12325 490 3690
614 15316 438 3722
614 15316 438 3722
569 13808 480 3687
523 12528 490 3690
585 14303 426 3740
595 14139 427 3744
554 14105 423 3763
502 12221 434 3808
495 11805 461 3802
578 13580 420 3764
514 11967 447 3808
570 13956 465 3699
513 12144 445 3817
544 12918 435 3755
510 12306 471 3735
555 14071 433 3743
530 13078 443 3734
505 12108 450 3786
552 13624 424 3780
562 13716 431 3746
507 12206 477 3751
557 13167 441 3728
517 12788 453 3731
506 12082 447 3797
567 14339 438 3728
534 12908 416 3785
533 13023 430 3767
544 13736 438 3738
568 13511 473 3694
549 13395 437 3733
496 11923 462 3792
568 14230 438 3730
509 12159 439 3795
511 12128 457 3776
542 13546 428 3748
515 12259 430 3773
528 12833 440 3741
535 12480 474 3693
520 12626 446 3740
539 12984 468 3697
552 13539 419 3783
525 13654 453 3728
492 12054 450 3801
534 12715 436 3772
499 11869 460 3789
508 12398 449 3779
576 14323 442 3718
516 12576 464 3720
571 13905 414 3793
520 12540 440 3752
507 12038 449 3796
591 13998 455 3708
587 14241 458 3701
523 13033 458 3709
578 13549 444 3714
512 12268 448 3776
571 13867 474 3691
522 12445 464 3732
531 12567 490 3683
498 11881 460 3789
536 12722 490 3681
561 13688 426 3760
539 13408 455 3724
518 12541 473 3705
546 13806 438 3735
501 12209 461 3760
533 13124 442 3725
503 12423 449 3778
563 13696 455 3711
541 12741 430 3769
563 13318 458 3702
588 13679 474 3688
535 12454 490 3686
510 12521 438 3756
546 12709 458 3703
539 12984 468 3697
521 12995 450 3733
559 13447 478 3688
533 13137 428 3749
563 13668 433 3745
560 13677 420 3769
536 13027 419 3784
548 13271 456 3707
548 13237 415 3787
525 12836 467 3706
500 11770 450 3793
570 13291 455 3716
573 13756 474 3688
524 12519 473 3714
501 11888 450 3791
559 12888 478 3691
563 13696 455 3711
548 13237 415 3787
569 13808 480 3687
540 13137 426 3781
507 12492 448 3784
522 12854 467 3706
535 13338 426 3764
531 13586 456 3727
591 13998 455 3708
541 13426 456 3715
494 12216 462 3779
558 13364 459 3700
532 13490 442 3722
548 13271 456 3707
558 13364 459 3700
544 13341 445 3713
516 12792 459 3707
559 12888 478 3691
536 12722 490 3681
532 13490 442 3722
544 13341 445 3713
591 13998 455 3708
558 13364 459 3700
546 12709 458 3703
614 15316 438 3722
532 13490 442 3722
656 15085 427 3751
620 15496 438 3722
573 13928 420 3783
553 12634 506 3677
553 12634 506 3677
552 12658 506 3675
534 13124 490 3686
626 14781 468 3704
577 13539 453 3763
546 12813 506 3679
536 12944 490 3686
638 14771 473 3695
548 13421 490 3684
540 13398 459 3716
585 14469 433 3753
576 13906 478 3693
536 13876 451 3747
596 14746 444 3717
557 13164 490 3681
610 15349 438 3727
602 14611 442 3722
590 14364 472 3702
577 13765 474 3700
565 13620 455 3724
567 13779 476 3707
560 14046 438 3734
625 15208 458 3702
615 14777 455 3708
543 13818 473 3701
583 14530 438 3728
573 14448 437 3739
574 13914 437 3737
606 14011 456 3722
565 14238 478 3699
620 15199 458 3707
582 14588 455 3719
588 14317 455 3714
570 14026 442 3739
594 14256 455 3712
605 14289 442 3726
550 13607 437 3746
559 14068 438 3739
608 14231 456 3718
587 14489 458 3709
552 12658 506 3675
571 13618 458 3710
595 14200 437 3733
582 14726 438 3728
595 14200 437 3733
562 14603 437 3737
562 14568 437 3739
550 13607 437 3746
553 13145 458 3711
562 14603 437 3737
552 12645 506 3677
550 13607 437 3746
552 12645 506 3677
552 12658 506 3675
685 16298 433 3754
663 16306 467 3707
609 14736 435 3776
552 12699 506 3675
543 13658 485 3749
622 15908 435 3769
572 13291 490 3683
636 15208 447 3719
659 15779 473 3698
561 13824 490 3689
611 15476 478 3695
642 15523 438 3722
558 13894 473 3703
577 13485 485 3724
579 14076 490 3681
572 14059 458 3722
569 14744 437 3737
642 15091 455 3708
603 14087 474 3700
598 14785 438 3728
613 14372 454 3726
569 13870 442 3752
584 14269 438 3758
608 14412 456 3715
586 13847 450 3755
610 15356 438 3727
590 14275 442 3735
608 14485 478 3697
602 14691 438 3731
601 15099 455 3721
582 14623 437 3755
602 14597 455 3713
573 13867 458 3710
592 13972 438 3756
558 13538 490 3697
596 13908 438 3757
570 13353 490 3682
610 14120 438 3734
571 14337 438 3735
592 14206 442 3735
570 14383 458 3726
577 14613 455 3726
664 16042 435 3789
558 13200 506 3677
572 13725 490 3709
625 15278 474 3702
597 14497 455 3753
612 14771 490 3688
644 15135 438 3751
622 15718 438 3727
593 13888 462 3742
580 13964 468 3714
575 13730 490 3689
641 15237 450 3727
560 13938 473 3720
589 14976 441 3740
618 15524 455 3722
642 15510 454 3722
629 14597 456 3717
594 15000 464 3721
612 14508 442 3735
610 15094 452 3732
583 14370 458 3725
613 14932 442 3733
602 14225 459 3716
593 14120 473 3707
631 14827 455 3728
639 14627 455 3721
610 14220 459 3714
632 15153 455 3713
593 14786 473 3706
604 14465 454 3739
611 14424 459 3711
608 14988 455 3725
573 14527 442 3738
581 14671 458 3725
582 14674 455 3736
613 14457 474 3705
599 14499 455 3751
610 15174 438 3728
631 15167 455 3722
658 15489 438 3740
643 16050 438 3727
592 14582 442 3745
586 13605 508 3678
558 13360 506 3695
577 13760 490 3701
562 14010 481 3722
575 14395 473 3723
584 14173 468 3714
591 13964 490 3690
632 15822 438 3732
618 15023 454 3735
619 15209 444 3730
597 14242 487 3709
594 13881 506 3679
640 15647 487 3708
581 14541 446 3741
611 15247 455 3728
608 14285 459 3718
603 14584 459 3716
591 14668 462 3727
594 14941 442 3739
608 14779 458 3733
639 15002 442 3735
638 15737 455 3726
609 14487 458 3726
610 14664 444 3743
657 16606 457 3726
619 14169 490 3698
610 14236 490 3692
600 14682 442 3746
598 14754 455 3749
587 14279 490 3705
611 15497 455 3742
620 14891 458 3738
589 14797 485 3720
598 15039 465 3732
611 14554 475 3716
596 14772 451 3747
607 14411 490 3699
593 14813 468 3727
604 15145 457 3744
604 14635 459 3716
610 14444 472 3735
587 14231 490 3710
591 14433 473 3719
590 14824 458 3741
610 14581 455 3748
589 14647 457 3746
671 16705 457 3740
642 15330 490 3693
621 14837 446 3758
620 15322 442 3757
613 14440 481 3738
598 14529 481 3741
612 14665 455 3748
618 14837 459 3716
609 15268 459 3733
608 14718 468 3724
615 15305 465 3731
602 15282 473 3719
619 14630 473 3722
605 14798 473 3719
658 15379 494 3708
643 15468 503 3715
613 14634 481 3748
612 14706 455 3748
610 14794 512 3748
609 15083 473 3732
644 14838 488 3723
629 14892 473 3727
625 15370 474 3716
622 14967 465 3731
640 15444 473 3718
616 15019 477 3720
619 14982 459 3720
622 14897 474 3725
746 17767 485 3719
687 16183 494 3708
649 14773 469 3799
621 15443 455 3756
613 15174 512 3752
643 15675 462 3728
626 15666 479 3744
667 15374 503 3717
631 15082 459 3735
657 15249 503 3732
629 15975 461 3740
623 15184 472 3750
664 16167 485 3722
675 15464 460 3722
707 15790 503 3717
651 16264 464 3751
645 15397 465 3735
640 15428 481 3740
692 16233 466 3760
652 15420 500 3757
647 15881 478 3753
674 16204 488 3753
641 16338 438 3756
638 16354 467 3710
605 14942 494 3703
566 14024 494 3708
555 13466 423 3939
549 13896 408 3864
497 11621 430 3807
482 11983 471 3841
555 13466 423 3939
555 13743 416 3865
504 12614 488 3787
492 12188 472 3825
540 13542 482 3746
602 15139 412 3857
548 12967 428 3812
596 14646 414 3852
564 13461 485 3736
622 15007 417 3825
618 16078 430 3761
540 13076 453 3765
482 11983 471 3841
622 15414 440 3756
497 11649 430 3800
536 13268 442 3782
641 16338 438 3756
632 15740 414 3833
541 13861 462 3744
627 15650 458 3722
545 13568 477 3714
561 13580 476 3734
506 12511 442 3786
499 12256 448 3791
555 13774 408 3864
632 15851 414 3831
629 16052 430 3761
519 12738 453 3770
537 12734 442 3783
503 12074 442 3795
583 14097 435 3763
552 13815 418 3812
611 15871 444 3750
631 15537 458 3725
593 14871 432 3768
589 14469 467 3711
621 15488 446 3741
494 11870 430 3807
497 11799 444 3793
535 12871 446 3775
526 12535 430 3792
568 14012 437 3762
587 14765 430 3776
528 13362 426 3857
516 12021 442 3791
618 15512 430 3763
532 13471 464 3748
518 12434 444 3783
564 13488 486 3724
523 12814 430 3784
531 13149 453 3759
567 14423 450 3734
553 14321 417 3854
557 13943 450 3741
611 15871 444 3750
598 13940 446 3767
611 15353 462 3718
577 14891 420 3805
553 13652 425 3804
482 11983 471 3841
580 14740 446 3748
559 13834 412 3858
607 15546 434 3761
583 14523 427 3788
562 13909 434 3781
598 14472 431 3774
581 14202 462 3721
627 15650 458 3722
482 12098 472 3831
484 12150 471 3835
520 12349 445 3789
564 14228 464 3716
486 12093 471 3834
578 14605 449 3729
512 11856 430 3794
610 14969 458 3726
587 15263 444 3755
577 14313 432 3773
539 13089 446 3772
528 13597 449 3754
588 14173 435 3760
624 15544 446 3734
577 14891 420 3805
512 11856 430 3794
562 14038 464 3720
542 13020 444 3777
523 12469 442 3787
603 14888 424 3805
499 12256 448 3791
545 13568 477 3714
569 13484 462 3745
572 14543 446 3750
484 12150 471 3835
555 13743 416 3865
590 14505 446 3752
550 13129 467 3755
568 14671 458 3732
547 13653 423 3858
549 13896 408 3864
554 13968 446 3758
548 13633 426 3853
575 14571 494 3705
591 14446 467 3711
548 13145 428 3810
554 13346 424 3811
543 13583 464 3747
608 14665 446 3742
568 14158 445 3754
577 14126 435 3779
520 12349 445 3789
559 13893 445 3770
564 14228 464 3716
578 14605 449 3729
574 14548 494 3706
559 13619 464 3725
609 15199 430 3775
594 14576 431 3777
581 14497 494 3705
641 16338 438 3756
594 14576 431 3777
564 13707 462 3732
609 15199 430 3775
631 15537 458 3725
486 12093 471 3834
566 14024 494 3708
559 13834 412 3858
574 14243 467 3712
568 14268 462 3725
554 13346 424 3811
557 13943 450 3741
482 11983 471 3841
574 14243 467 3712
574 14243 467 3712
564 13707 462 3732
641 16338 438 3756
641 16338 438 3756
611 15871 444 3750
566 14024 494 3708
545 13568 477 3714
652 16260 458 3722
646 16555 447 3736
612 14946 494 3703
549 13939 408 3864
500 12448 494 3841
516 12857 487 3823
532 13212 453 3766
504 12663 471 3841
556 14182 423 3827
633 15891 458 3732
549 13780 428 3863
581 14828 432 3780
624 15523 446 3750
611 15464 424 3814
584 14423 437 3763
588 15301 444 3757
571 14753 425 3807
572 13579 467 3757
595 14670 449 3739
601 14645 462 3725
592 14432 430 3802
641 16338 444 3750
588 14173 432 3788
565 14125 476 3720
563 13848 446 3780
591 14506 458 3755
594 13773 465 3748
566 13931 474 3737
593 14608 430 3786
566 14087 494 3708
555 14092 476 3748
566 14040 494 3720
642 16274 462 3722
566 14188 446 3758
566 14182 462 3733
566 13868 467 3753
612 14946 494 3703
565 14125 476 3720
572 14661 448 3752
572 14383 444 3780
572 14661 448 3752
572 14661 448 3752
695 16598 438 3768
670 16622 446 3753
613 15483 416 3865
612 14962 494 3703
600 14058 504 3744
541 13585 494 3848
652 16174 456 3748
580 14839 438 3829
583 14251 427 3851
642 16286 462 3722
585 14858 438 3798
677 14161 485 3743
588 14321 494 3708
613 15532 467 3733
568 14338 457 3759
619 15806 444 3765
627 15880 438 3774
587 14990 431 3840
603 14580 436 3790
613 15334 444 3782
606 14208 476 3726
587 14380 478 3731
572 14332 485 3773
601 14592 451 3772
635 16292 462 3729
597 15030 435 3835
595 14739 449 3751
606 15049 461 3739
604 15126 446 3760
605 14749 442 3783
636 15849 458 3742
583 14681 446 3763
588 14191 448 3775
572 14462 467 3743
605 14987 467 3736
636 15454 444 3757
598 14771 458 3747
609 15029 462 3735
635 15864 446 3759
585 14754 485 3724
587 14234 485 3773
698 16788 461 3743
671 16954 456 3748
612 15033 494 3703
594 15278 431 3848
584 14374 466 3760
579 14548 493 3779
632 16176 444 3788
620 15538 467 3736
649 16404 442 3798
639 16414 438 3776
657 15066 485 3726
688 16635 462 3737
604 15289 438 3827
620 14505 494 3708
580 14917 438 3829
598 14765 446 3765
586 14511 458 3801
668 16661 462 3730
586 14873 474 3752
612 14977 485 3728
592 14829 457 3793
618 15402 462 3742
594 14833 480 3756
597 15029 450 3761
617 15090 477 3737
607 14866 464 3756
585 14462 462 3767
616 14937 449 3754
595 15071 456 3772
615 14520 475 3748
599 15015 462 3750
617 15210 467 3738
608 14920 458 3759
616 14956 460 3751
617 15174 467 3742
698 17438 476 3734
636 15068 494 3708
623 15098 494 3703
604 15551 436 3853
591 14492 472 3828
586 15077 447 3857
584 15254 485 3777
641 16427 445 3816
684 17138 485 3729
670 17006 462 3736
649 16017 461 3756
592 15068 438 3829
608 14841 485 3766
612 15565 448 3786
653 16476 450 3756
604 15302 456 3771
622 15766 480 3741
600 14845 464 3765
614 14990 491 3741
628 15837 450 3758
657 15117 485 3736
592 15283 469 3774
633 15347 446 3778
618 15569 466 3749
627 15717 467 3736
633 15858 462 3749
614 15036 462 3753
612 15322 476 3756
620 15611 446 3772
619 15097 450 3765
708 17996 450 3779
660 16801 494 3706
632 15009 473 3773
618 15326 494 3744
610 15102 446 3851
588 15437 488 3804
674 17102 462 3746
687 16663 494 3714
598 15420 489 3793
614 15186 476 3784
662 16052 456 3759
626 15950 485 3741
639 15742 467 3736
626 15837 494 3726
656 16033 462 3757
625 16379 461 3771
674 16527 462 3750
644 16034 458 3758
631 15669 446 3780
633 15499 452 3775
610 15371 469 3783
618 15234 475 3770
632 15843 453 3768
624 15754 462 3792
621 16013 462 3766
625 15951 467 3757
626 15839 456 3767
691 17659 448 3780
647 16585 467 3736
641 15746 450 3824
640 15999 486 3772
626 16306 462 3766
626 15392 475 3809
674 17121 453 3779
675 16554 482 3741
647 16798 463 3758
661 16111 462 3767
634 16128 450 3781
629 15496 475 3778
664 16503 485 3737
632 16010 456 3773
643 16087 467 3742
637 16359 476 3757
642 16145 469 3762
642 16761 475 3756
641 16178 485 3772
703 16920 467 3760
699 18131 449 3789
676 16660 485 3748
665 16986 450 3849
652 16222 523 3768
636 15801 485 3790
689 16340 489 3765
681 17272 450 3817
673 17758 456 3808
640 16106 475 3813
684 16553 453 3781
661 16324 462 3770
703 16836 479 3758
671 16749 485 3753
660 16734 462 3766
666 16898 469 3748
683 16746 482 3749
708 17908 494 3764
705 18081 469 3772
665 16471 463 3785
674 16630 484 3770
771 19699 468 3793
668 16994 470 3847
816 20470 451 3770
640 15945 503 3723
636 15723 414 3928
576 13856 533 3758
560 14328 429 3933
529 12040 465 3931
497 12172 448 3838
714 18224 455 3764
808 19096 458 3757
701 17832 451 3771
808 19096 458 3757
652 16504 419 3883
628 15823 521 3729
694 17208 490 3729
576 13856 533 3758
609 14501 509 3742
653 16826 421 3867
619 15782 418 3896
621 13396 495 3804
594 14770 426 3848
592 14484 515 3748
636 16369 421 3874
676 16732 474 3741
549 14129 497 3761
558 13416 515 3766
571 14679 427 3854
692 16951 426 3806
505 12391 446 3833
561 13473 471 3795
643 16134 414 3921
614 15444 423 3899
585 15013 507 3738
587 14886 521 3731
540 13424 455 3821
631 15917 423 3877
570 13839 458 3786
541 13957 433 3926
549 14366 434 3918
535 13323 446 3825
554 13309 474 3814
530 13549 462 3810
663 16139 460 3757
522 12706 448 3829
587 15110 416 3917
552 12763 459 3825
628 14995 442 3784
554 13000 445 3911
523 13064 446 3831
624 15325 490 3730
632 15786 505 3727
577 14465 435 3914
594 15721 425 3860
544 14009 474 3777
645 15962 477 3744
497 12148 461 3835
512 12554 459 3829
582 14215 449 3802
646 15940 438 3808
512 12554 459 3829
579 14591 426 3858
577 14055 474 3768
587 14710 463 3764
624 15868 417 3905
671 16673 425 3820
582 13743 453 3791
502 12446 459 3832
622 14569 445 3797
599 15037 471 3762
668 16659 430 3829
569 13753 447 3816
661 15663 451 3772
685 17135 437 3780
627 15365 446 3793
654 16471 437 3782
529 12040 465 3931
617 15997 462 3754
522 12952 453 3825
559 14280 501 3749
598 14596 479 3757
654 15346 435 3798
581 13592 445 3904
595 13891 487 3759
650 15305 429 3835
584 14290 467 3775
674 16095 449 3781
687 16023 426 3809
605 14807 467 3746
634 15508 432 3815
617 15676 483 3743
604 14967 489 3741
647 16340 451 3781
627 15252 480 3739
525 12986 459 3819
612 15487 418 3907
567 13607 487 3773
619 14916 453 3790
631 15204 462 3773
602 15211 471 3750
612 14851 505 3743
572 14477 485 3765
524 12763 459 3828
673 16847 442 3776
584 14290 467 3775
564 13614 503 3768
646 16637 442 3780
664 17102 426 3832
559 13379 461 3808
563 13744 477 3772
540 14177 433 3932
604 15035 485 3733
631 15481 455 3770
559 14280 501 3749
586 14988 483 3764
564 13614 503 3768
576 13846 533 3763
673 16847 442 3776
612 15353 447 3815
654 16471 437 3782
633 15509 458 3765
597 14673 485 3762
596 15089 521 3730
639 15756 458 3764
627 15252 480 3739
665 15219 458 3772
563 14194 505 3760
597 14673 485 3762
664 17143 442 3775
649 15448 455 3772
604 15035 485 3733
615 15228 453 3776
603 14786 515 3739
646 16637 442 3780
622 14569 445 3797
628 15709 459 3765
633 15509 458 3765
615 15228 453 3776
586 14988 483 3764
628 15823 521 3729
612 14851 505 3743
619 15339 462 3765
798 19977 440 3790
684 16920 435 3798
667 15629 441 3817
644 15960 503 3723
576 13876 533 3758
572 13841 515 3766
741 18853 442 3776
757 18427 442 3775
622 15680 515 3742
575 13882 483 3796
640 15967 503 3723
713 17706 458 3764
607 14863 491 3753
704 17531 462 3754
655 15290 442 3810
653 16268 490 3730
662 15716 474 3757
678 16428 451 3785
597 15055 507 3753
658 16667 471 3747
592 15028 479 3789
653 16077 490 3734
610 14665 463 3787
696 17577 467 3751
595 14505 450 3812
595 14505 450 3812
691 16394 440 3805
642 15535 485 3759
711 18087 451 3778
711 18153 442 3783
605 15224 471 3777
631 16027 485 3740
632 16196 453 3793
635 15239 505 3743
684 16331 441 3800
637 15068 455 3788
655 16396 458 3779
590 14549 485 3771
695 17755 462 3767
637 16398 462 3772
702 16746 467 3748
630 15253 442 3817
617 15538 485 3753
626 15576 468 3761
649 15536 453 3788
632 15237 459 3800
626 15576 468 3761
596 14739 503 3766
634 15758 471 3748
596 15227 467 3770
701 16274 441 3807
632 16236 467 3767
701 16274 441 3807
711 18122 451 3771
711 18122 451 3771
711 18122 451 3771
808 19104 458 3768
741 19233 453 3772
684 17320 435 3798
662 15335 442 3829
658 16407 503 3723
609 14641 535 3765
595 15397 457 3816
760 18404 467 3767
808 19099 467 3751
666 15987 519 3752
605 14673 533 3758
691 17392 489 3740
615 14906 491 3757
756 18123 453 3773
666 16273 504 3742
675 15718 441 3817
694 17723 469 3778
728 16624 471 3793
651 16295 503 3753
706 17674 467 3776
725 18167 462 3770
659 16539 457 3808
625 15675 484 3782
646 16422 452 3817
620 15326 471 3794
745 16686 490 3742
610 15000 485 3772
632 14987 485 3785
656 15997 472 3787
670 16153 478 3761
646 15610 466 3804
715 16348 485 3746
657 16305 487 3755
691 16757 463 3796
707 17182 485 3745
673 15588 462 3801
671 15358 479 3782
709 16958 467 3769
652 15816 469 3794
645 15707 459 3799
680 16865 455 3787
646 15771 477 3778
636 15862 485 3768
684 17054 470 3769
662 16512 464 3798
657 16502 474 3763
639 15988 461 3801
681 16816 472 3776
657 16543 474 3760
659 16091 490 3748
649 16812 457 3802
672 17112 458 3781
648 16835 471 3748
630 15350 474 3787
678 17309 485 3741
671 16480 485 3746
643 16345 485 3752
677 15624 474 3781
674 16735 490 3740
708 17131 485 3741
765 17881 485 3743
760 19070 458 3773
737 17575 448 3812
682 17461 503 3735
672 16047 515 3763
618 15251 501 3772
615 15586 506 3795
711 17313 455 3794
727 18378 469 3769
702 16357 490 3776
752 17237 485 3751
627 15558 492 3766
679 16298 515 3742
662 15395 477 3808
620 15332 485 3785
686 16490 461 3803
707 17807 473 3756
720 18050 474 3752
730 17178 461 3787
695 17123 457 3804
725 18339 465 3775
708 16691 465 3799
659 16941 503 3751
646 15950 474 3787
623 15315 497 3765
757 17869 485 3746
638 16190 491 3771
675 16679 474 3762
623 15691 471 3809
654 16287 470 3794
641 15287 501 3770
693 17531 474 3753
659 15790 476 3787
666 16395 485 3755
664 15907 471 3794
657 16636 485 3752
669 16197 491 3753
662 16764 503 3742
662 16763 474 3765
818 20391 458 3802
765 17925 485 3746
715 17491 457 3810
683 15337 533 3767
657 15937 472 3824
620 15766 504 3791
807 19125 462 3778
623 15353 485 3786
670 16950 507 3760
781 18604 473 3761
737 17243 471 3808
674 16090 501 3770
726 17982 463 3798
714 17799 472 3814
688 16642 481 3797
655 16320 473 3810
679 16485 485 3757
770 17972 464 3806
665 17486 474 3776
699 16406 473 3807
675 16995 503 3763
707 17107 474 3762
657 16184 479 3805
622 15571 503 3777
716 17981 473 3772
713 16766 474 3789
665 16409 477 3806
668 16955 480 3767
685 16093 478 3804
684 16842 473 3802
670 16787 478 3790
797 18321 485 3746
744 18665 473 3800
722 17167 473 3835
703 17251 520 3773
640 15716 485 3787
653 15955 490 3786
749 17536 473 3813
677 17306 507 3774
719 17152 491 3767
708 18201 495 3771
691 17470 503 3774
722 17594 489 3772
732 17337 485 3767
707 17353 484 3776
743 18258 477 3774
776 19540 479 3776
763 18714 477 3789
729 17739 521 3770
655 15917 485 3815
693 16676 488 3806
720 17414 519 3783
741 17823 502 3789
683 16853 485 3790
735 18096 484 3781
765 18739 484 3775
828 19501 478 3797
769 19802 479 3823
748 18168 484 3781
684 16876 486 3790
664 17086 495 3821
754 18745 484 3781
719 18008 507 3792
706 17269 500 3833
713 18065 495 3825
718 17938 501 3816
808 18861 489 3781
741 18590 501 3845
734 18157 516 3824
604 14476 518 3737
522 12520 518 3741
502 11638 430 3827
491 11487 430 3828
479 11196 438 3804
475 11567 438 3808
565 13293 440 3794
560 13473 502 3742
537 12793 502 3743
531 12462 486 3751
517 12379 517 3750
548 13109 446 3787
527 12415 502 3746
494 11704 470 3778
545 13016 448 3781
504 12017 466 3766
560 13473 502 3742
488 11591 448 3791
562 13410 502 3742
494 11781 478 3774
537 12856 518 3738
501 12114 454 3776
496 12020 466 3775
478 11530 441 3805
510 11835 459 3774
531 12513 484 3755
531 12463 477 3759
531 12602 459 3772
503 11804 435 3816
479 11196 454 3798
515 12240 432 3819
483 11324 438 3800
481 11334 441 3801
506 11944 470 3762
493 11857 435 3813
543 12694 502 3744
535 12248 448 3782
505 11920 477 3767
484 11579 454 3785
513 12132 470 3760
475 11537 438 3811
499 11971 470 3768
510 11544 486 3773
493 11876 435 3812
548 13109 446 3787
533 12836 431 3820
496 11780 430 3823
501 11757 470 3769
496 11780 430 3823
489 11285 470 3788
492 11246 454 3796
533 12421 486 3752
490 11659 446 3793
520 12171 502 3752
509 11547 470 3780
503 11804 435 3816
524 12741 446 3788
502 12085 486 3759
481 11729 454 3783
543 12694 502 3744
509 11903 486 3762
480 11265 454 3793
499 11887 470 3770
488 11551 441 3797
495 12032 470 3772
526 12709 446 3788
514 12200 435 3809
511 12106 441 3794
481 11334 441 3801
495 11694 459 3777
513 12132 470 3760
518 12185 502 3750
498 11721 466 3775
512 12294 441 3792
523 12297 484 3759
493 11402 448 3792
534 12144 486 3757
512 12025 446 3790
524 12015 448 3784
515 12240 432 3819
522 12382 484 3759
546 13056 486 3749
519 12173 448 3784
531 12379 518 3746
526 12545 502 3748
530 12493 438 3797
525 12354 486 3754
527 12344 486 3754
529 12811 438 3797
533 12836 431 3820
483 11476 448 3792
546 13056 486 3749
534 12144 486 3757
546 12647 486 3750
517 12330 448 3785
531 12602 459 3772
498 11789 466 3771
516 12386 484 3757
479 11218 446 3800
525 12553 486 3752
532 12320 518 3741
493 11637 438 3799
508 11609 486 3776
531 12747 486 3750
514 12200 435 3809
513 12235 486 3755
484 11451 459 3781
491 11487 430 3828
508 11609 486 3776
533 12611 502 3745
526 12545 502 3748
496 11541 446 3796
479 11347 470 3781
527 12415 502 3746
527 12227 486 3756
502 11810 435 3812
479 11243 454 3797
498 11732 470 3771
532 12310 518 3745
483 11459 454 3790
496 11756 430 3827
522 12520 518 3741
537 12856 518 3738
493 11402 448 3792
495 11629 448 3787
496 11756 430 3827
530 12543 477 3759
506 11944 470 3762
479 11196 438 3804
546 12647 486 3750
527 12227 486 3756
484 11451 459 3781
528 12478 486 3752
528 12478 486 3752
548 13109 446 3787
532 12310 518 3745
481 11334 441 3801
479 11196 438 3804
511 12106 441 3794
523 12297 484 3759
512 12221 470 3760
532 12310 518 3745
532 12310 518 3745
522 12382 484 3759
543 12694 502 3744
532 12310 518 3745
532 12310 518 3745
526 12545 502 3748
604 14480 518 3737
496 11643 430 3830
493 11264 438 3804
475 11560 438 3811
577 13588 459 3775
566 14266 446 3791
486 11379 438 3804
533 12622 502 3745
502 12094 430 3823
558 13232 518 3742
539 12601 486 3753
534 12446 502 3749
517 12295 477 3764
517 12392 517 3750
490 11559 448 3801
504 12028 466 3766
531 12285 486 3758
498 11855 459 3777
507 11972 454 3791
537 12167 470 3760
547 12926 502 3743
562 13565 502 3742
539 12951 454 3782
550 12584 502 3748
508 11651 470 3783
530 12603 438 3797
503 11870 441 3797
495 11773 454 3797
573 13066 454 3776
516 12223 454 3787
501 11713 454 3798
502 11669 430 3827
519 12186 448 3784
547 13046 454 3781
504 12028 466 3766
548 13113 448 3782
518 12136 448 3788
532 12335 518 3745
516 12262 454 3785
519 12186 448 3784
628 15270 502 3744
604 14497 518 3737
583 13498 531 3743
502 11675 430 3827
502 11615 441 3831
494 11352 454 3807
588 13774 502 3745
512 12149 466 3766
626 14711 486 3755
523 12506 440 3814
564 13140 464 3781
517 12129 478 3782
551 12989 486 3756
543 12499 502 3754
507 11766 442 3807
518 12412 517 3750
562 13252 441 3802
564 12483 499 3763
538 12609 448 3794
508 11970 445 3801
533 12450 518 3746
535 12566 454 3793
551 13183 484 3761
571 12786 459 3781
523 12374 460 3785
576 13247 454 3787
548 13048 446 3799
517 12268 448 3797
543 12744 502 3746
532 12518 518 3745
552 12761 486 3763
546 12999 484 3763
532 12805 484 3764
532 12781 454 3789
521 12528 486 3764
517 12424 517 3750
517 12424 517 3750
604 14507 518 3737
596 13757 531 3743
502 11683 430 3827
518 12098 448 3816
544 12790 454 3794
589 14153 486 3757
512 12193 466 3779
585 13399 499 3761
504 11886 454 3808
549 13005 502 3747
524 12455 517 3750
509 12182 453 3815
567 13724 486 3759
520 12212 470 3770
565 13551 484 3762
567 13535 496 3756
547 12225 486 3768
555 12530 499 3765
520 12282 455 3801
538 12577 466 3774
562 13654 448 3800
548 13132 502 3754
560 13310 466 3769
530 12907 466 3777
524 12354 448 3804
541 13105 484 3765
525 12419 448 3801
561 13280 518 3745
561 13091 486 3763
518 12255 454 3805
548 12928 466 3773
533 12460 518 3746
531 12324 454 3803
532 12472 466 3775
622 14599 531 3743
609 14718 518 3737
502 11698 430 3827
516 11912 474 3815
594 14482 490 3757
545 13267 454 3794
588 13906 499 3761
549 12971 490 3768
559 13697 448 3806
521 12291 488 3802
526 12620 448 3811
559 13027 515 3760
588 13867 502 3747
573 13531 466 3770
578 13564 474 3769
580 13730 499 3764
560 13176 502 3748
567 13841 486 3762
574 13477 484 3767
558 12337 483 3783
535 12384 483 3776
536 12418 467 3796
526 12561 470 3790
522 12597 467 3779
541 12612 466 3774
527 12507 517 3750
533 12469 518 3746
520 12615 466 3785
530 12510 466 3789
524 12542 486 3778
527 12406 470 3770
529 12478 517 3750
536 12301 486 3774
649 15364 531 3743
508 11717 430 3827
526 12562 472 3800
625 14813 499 3759
582 14156 459 3796
619 14538 486 3764
544 12551 518 3746
548 12779 466 3789
596 14123 502 3747
583 13573 461 3794
590 14296 502 3757
581 13327 478 3770
595 14301 490 3765
557 13071 515 3769
592 13681 515 3753
543 12622 518 3746
588 13967 499 3761
539 12551 470 3783
565 13233 502 3760
568 13638 470 3771
534 12929 484 3772
557 12581 486 3780
553 12952 466 3777
595 13974 502 3752
536 12720 474 3777
533 13260 484 3774
529 12681 470 3778
537 13007 470 3774
534 12655 477 3780
543 13093 502 3770
657 15477 515 3749
614 13943 531 3746
546 12806 533 3750
516 11980 448 3833
513 12078 430 3827
615 14395 518 3748
571 13805 502 3760
535 13096 492 3806
591 13487 484 3773
568 13123 466 3793
551 12753 518 3750
549 13155 466 3820
538 12753 484 3781
564 13402 470 3774
546 12840 470 3789
550 13034 478 3774
560 13544 467 3777
560 13617 466 3779
547 13103 470 3775
629 15259 518 3748
559 12905 531 3755
521 12095 455 3834
519 12210 430 3827
596 14261 467 3783
558 13084 478 3817
575 13883 470 3774
554 12808 489 3782
570 13452 499 3776
549 13286 470 3780
591 13107 515 3779
561 13322 505 3775
555 12971 518 3750
622 14185 477 3787
591 14187 486 3777
561 13084 531 3758
557 13088 518 3750
587 14069 515 3774
564 13355 486 3782
594 13774 486 3783
587 13789 521 3769
559 13229 531 3751
579 13640 525 3755
730 17304 420 3746
726 17472 462 3674
706 16881 518 3642
605 15532 418 3760
567 12949 533 3651
534 12293 427 3977
493 11563 450 3730
493 11563 450 3730
600 13746 437 3906
573 14289 428 3784
562 13225 518 3658
714 17101 502 3650
678 16941 420 3753
525 12635 479 3701
577 13410 506 3664
499 11910 470 3719
558 12846 517 3681
594 13858 431 3938
514 12197 470 3702
580 13231 437 3925
653 16431 420 3754
587 13694 486 3669
674 16501 438 3705
596 14094 486 3662
577 13404 435 3952
509 11874 442 3726
545 13189 452 3717
548 13273 454 3698
527 12582 465 3712
611 15731 435 3735
532 12192 440 3970
559 13613 472 3678
546 12473 441 3959
510 11777 443 3737
645 14684 482 3672
585 14031 434 3772
540 12442 440 3963
651 15986 418 3755
493 11654 450 3723
602 14475 474 3676
572 13521 493 3670
674 16291 462 3676
613 13540 433 3957
602 14805 482 3673
568 14208 499 3668
589 14804 423 3765
535 12164 458 3708
568 13006 506 3671
656 16323 452 3689
528 12304 464 3710
570 12820 437 3927
677 15530 458 3677
547 12699 437 3929
628 15841 431 3731
534 12293 427 3977
568 13094 490 3678
623 16234 425 3744
592 13753 445 3712
572 13521 493 3670
548 12925 502 3687
537 12650 457 3720
579 13620 490 3673
623 15276 429 3750
581 13039 481 3689
555 12851 479 3695
578 13901 458 3689
591 14165 436 3734
537 12730 454 3713
661 15477 458 3682
671 15172 432 3736
590 13811 502 3654
583 12891 427 3967
629 15662 426 3749
594 14515 434 3765
614 15322 439 3708
584 14551 428 3779
615 15597 432 3748
642 15386 432 3721
664 17065 426 3725
551 13083 464 3694
632 14724 464 3680
636 15857 438 3728
676 16171 424 3741
572 14076 499 3658
630 14763 442 3707
585 14894 430 3759
591 13376 518 3645
660 16047 425 3752
639 15944 427 3727
606 14334 470 3683
621 15085 474 3673
541 12296 431 3966
584 14591 423 3770
555 13034 447 3717
617 14204 464 3688
634 15040 474 3668
565 14283 438 3742
568 13746 467 3687
498 11631 458 3723
510 11777 443 3737
657 15128 469 3676
652 15061 450 3690
555 13034 447 3717
651 16102 432 3718
552 13397 440 3723
612 14283 468 3684
631 16047 430 3728
667 16121 452 3684
606 14364 470 3676
658 17063 430 3723
641 15230 438 3723
598 14454 454 3683
626 14895 482 3663
620 14956 486 3659
558 12846 517 3681
641 15230 438 3723
604 14186 455 3689
676 16171 424 3741
669 15970 438 3708
558 13092 469 3685
575 14420 430 3778
678 16941 420 3753
591 14264 450 3708
562 13758 486 3676
584 14591 423 3770
621 14980 474 3675
568 14208 499 3668
674 16501 438 3705
604 14186 455 3689
575 13377 518 3649
573 14289 428 3784
638 15366 430 3736
665 16116 464 3677
574 13435 502 3676
620 14956 486 3659
573 14289 428 3784
651 16003 454 3679
626 14466 474 3675
617 14204 464 3688
498 11631 458 3723
658 17063 430 3723
575 14420 430 3778
509 11878 454 3721
626 14895 482 3663
638 15366 430 3736
575 13377 518 3649
509 11878 454 3721
606 14364 470 3676
574 13435 502 3676
678 16941 420 3753
572 13521 493 3670
498 11631 458 3723
741 17311 420 3746
716 17181 518 3642
681 17640 426 3725
651 15996 418 3755
575 13169 533 3660
573 14392 428 3784
509 12183 450 3731
540 12924 468 3711
598 14298 502 3660
583 14568 449 3762
580 13199 533 3651
543 13166 498 3705
591 13378 518 3645
678 16396 436 3740
730 17408 420 3750
623 15164 490 3674
580 14166 468 3698
591 13378 518 3645
603 14620 485 3684
690 17101 432 3724
694 16723 438 3708
571 13568 454 3729
721 17379 502 3650
617 14712 478 3687
555 13863 462 3703
705 15561 442 3718
685 16664 462 3676
558 13231 464 3717
594 14501 464 3693
578 13632 499 3680
660 16168 482 3673
665 17005 427 3730
611 15077 482 3680
593 14275 458 3702
627 15952 438 3744
646 15892 441 3745
631 15795 453 3711
637 15304 454 3695
642 14997 483 3678
653 16359 482 3672
653 15856 446 3720
615 14757 451 3728
706 17008 518 3644
675 17509 426 3735
623 13874 458 3712
633 14924 458 3686
650 15382 449 3711
602 14992 446 3727
585 13413 468 3707
674 16095 482 3669
670 15597 482 3675
676 15692 482 3670
667 16086 442 3733
674 16117 462 3680
583 13912 464 3697
620 14511 454 3715
592 14020 464 3695
614 14742 464 3688
694 16383 430 3730
581 13228 479 3707
683 17492 426 3725
671 15573 483 3676
626 14962 450 3718
617 14599 454 3719
631 15573 454 3693
591 13378 518 3645
764 18358 438 3717
733 17722 518 3642
692 16441 533 3649
680 16871 418 3755
514 12258 450 3738
557 13118 483 3712
535 12707 470 3732
749 17905 502 3650
692 16338 518 3657
584 14095 464 3703
643 15038 501 3682
707 17010 432 3738
549 13415 468 3713
683 17535 426 3725
648 15654 533 3653
660 16557 443 3748
622 14469 458 3709
700 15867 482 3681
586 14425 462 3736
603 13709 502 3692
697 17189 462 3676
741 17451 420 3746
664 15630 502 3667
635 15504 470 3686
704 16829 442 3744
653 14799 474 3689
594 14951 473 3702
621 13680 518 3665
650 15634 446 3739
634 15997 450 3725
616 15163 464 3688
651 15597 455 3719
657 16140 458 3694
680 15926 454 3697
611 14776 458 3715
608 14727 464 3695
652 15979 502 3660
671 15840 482 3685
604 14289 482 3696
644 15736 454 3701
633 14872 470 3694
741 17451 420 3746
616 14475 502 3688
644 15539 463 3698
703 16749 462 3676
646 15929 464 3686
670 16406 482 3685
703 16972 456 3696
697 17189 462 3676
662 14987 470 3689
703 16749 462 3676
741 17451 420 3746
741 17493 420 3746
701 17812 486 3682
698 16793 533 3651
688 17467 428 3797
624 14299 533 3667
518 12491 459 3741
725 17166 437 3755
676 15814 518 3666
556 13013 494 3736
584 14240 482 3730
731 17725 502 3665
560 13836 498 3715
658 15585 470 3696
569 13493 502 3727
607 14952 464 3703
556 13240 450 3749
714 17325 462 3676
691 17078 478 3691
627 15010 468 3699
679 17462 450 3728
642 16165 500 3696
622 14788 464 3737
698 16791 471 3689
709 16920 482 3685
634 14476 500 3701
662 16047 533 3653
628 14392 489 3704
731 16473 482 3685
666 15874 470 3693
704 16736 461 3711
721 17404 454 3705
681 16420 458 3717
728 17224 454 3699
664 16069 457 3742
646 14808 464 3704
625 14472 464 3721
683 17607 426 3725
683 16852 502 3680
636 15863 461 3736
626 14338 467 3706
693 16745 461 3708
680 16008 458 3738
683 17607 426 3725
706 17672 458 3709
623 14951 464 3716
753 18394 502 3666
741 17494 420 3746
662 16059 533 3653
662 15512 547 3684
589 13991 453 3750
614 14412 491 3732
694 17937 426 3725
703 17013 509 3698
632 15008 468 3718
681 16353 470 3706
716 17790 468 3679
719 17408 464 3697
671 15800 454 3749
641 15449 496 3699
706 17090 464 3709
628 15130 477 3700
654 15468 470 3712
627 15240 477 3708
660 15887 472 3705
718 17455 464 3697
778 18866 468 3706
741 17513 420 3746
672 16230 533 3653
658 14910 477 3750
642 15191 468 3723
698 16928 483 3703
695 18230 450 3749
670 16411 486 3708
708 17622 464 3724
695 16630 470 3711
674 16063 461 3749
710 16303 482 3707
672 15786 472 3721
763 17552 468 3707
662 15998 468 3720
773 19747 432 3747
709 17452 533 3653
652 15486 468 3737
642 15917 539 3736
734 17280 533 3659
676 16513 491 3708
763 17923 468 3714
694 16012 468 3730
675 16455 490 3731
646 15964 468 3732
679 16768 468 3739
655 15996 475 3756
718 17201 474 3755
716 17330 468 3780
