19 1.2928
735 17584 539 4201
849 21591 493 4348
722 18370 568 4166
718 18292 595 4179
810 20421 493 4356
809 19835 595 4133
780 18842 536 4201
830 21626 492 4342
720 18080 544 4293
765 18517 563 4196
762 19065 620 4143
786 20199 618 4145
771 19489 503 4171
908 22802 587 4074
743 18213 612 4176
718 18292 595 4179
908 22802 587 4074
822 20134 589 4098
725 17371 521 4292
709 17848 584 4195
720 18080 544 4293
828 21350 499 4248
738 19094 524 4258
673 16601 547 4201
738 18215 537 4248
733 17956 616 4194
761 18724 536 4223
823 19560 596 4163
800 18421 522 4181
915 23550 496 4290
743 18625 527 4247
710 18066 534 4297
653 16240 540 4387
781 20085 618 4146
646 17434 545 4342
745 17666 539 4201
820 19501 596 4166
820 20126 576 4166
820 20126 576 4166
738 18742 588 4182
838 21261 493 4356
862 21890 493 4348
795 20092 518 4323
821 19538 517 4259
796 20816 577 4200
798 19838 527 4246
808 20456 510 4257
795 19927 518 4331
809 19656 515 4234
801 19503 517 4366
834 20356 508 4253
817 19856 507 4330
852 21244 548 4179
808 19891 510 4362
789 19546 517 4435
792 20230 531 4219
805 19803 641 4177
740 18384 595 4193
796 19988 659 4181
1012 24953 588 4160
843 20173 617 4099
843 20278 617 4098
851 20670 595 4126
791 19453 521 4456
765 18762 523 4341
729 18070 523 4380
781 18338 605 4195
786 19368 585 4199
834 21501 502 4350
760 19367 526 4365
757 19521 524 4297
707 17107 591 4375
714 18056 551 4255
694 17120 616 4377
714 18056 551 4255
714 18056 551 4255
677 17125 565 4259
719 18748 589 4227
704 18160 588 4249
735 17584 554 4216
735 17584 554 4216
735 17584 554 4216
677 17125 565 4259
712 17924 551 4268
707 17584 577 4229
733 17066 583 4254
735 17680 554 4210
741 18402 537 4292
741 18431 548 4279
880 21201 565 4198
795 19478 538 4247
798 19792 527 4247
721 18234 534 4411
713 18343 534 4411
728 18413 539 4350
721 18521 534 4409
766 19289 535 4308
713 16952 577 4424
712 17672 543 4437
667 17322 567 4405
684 17564 561 4398
750 17581 555 4441
728 18196 549 4404
745 17707 539 4201
829 22124 649 4166
846 20616 579 4174
754 19098 589 4193
774 19578 659 4185
745 19059 612 4192
786 19424 606 4187
754 19098 589 4193
777 19931 631 4185
795 20092 518 4328
795 20092 518 4328
795 20092 518 4328
816 21114 510 4260
795 19977 518 4331
812 19731 522 4340
834 20218 523 4271
842 20041 521 4316
811 20361 523 4266
856 20587 517 4318
835 20985 513 4348
808 19900 510 4362
814 20871 531 4228
807 20476 659 4183
1012 24989 588 4160
861 20575 617 4102
899 20496 652 4150
844 20995 653 4172
901 22652 596 4153
851 21163 641 4173
1058 24243 608 4149
780 19192 532 4341
801 19514 523 4353
729 18079 523 4380
796 18773 605 4195
858 22168 503 4353
907 22297 505 4352
817 19796 526 4330
792 20338 527 4309
792 19531 534 4334
792 20338 527 4309
789 19963 530 4351
774 19855 534 4373
788 20532 525 4313
792 20338 527 4309
830 19681 534 4318
835 19709 525 4298
702 17979 627 4333
689 17903 626 4365
712 17159 591 4375
699 18171 617 4354
704 18405 587 4393
723 17223 623 4279
706 17784 588 4291
678 17167 616 4372
724 17937 555 4321
742 18161 551 4270
724 18129 570 4291
727 18446 565 4293
729 18268 587 4281
725 17664 616 4371
727 17931 587 4307
724 18362 615 4266
722 18557 631 4245
716 18368 631 4246
718 17903 605 4289
728 18230 599 4283
709 18322 649 4260
724 18206 623 4244
715 17738 644 4273
736 17562 586 4326
741 17934 554 4215
737 18669 589 4213
737 18669 589 4213
737 17853 668 4225
738 17955 644 4260
736 18117 565 4308
740 17849 616 4265
738 18035 561 4217
740 17826 577 4373
809 18541 537 4364
801 20454 537 4282
857 21031 530 4261
721 18433 534 4411
713 18523 543 4424
743 18463 539 4350
821 20204 536 4324
776 19459 538 4378
712 17789 543 4437
712 17789 543 4437
691 17324 571 4465
705 18307 567 4410
720 18266 561 4398
695 17806 572 4444
717 17687 575 4434
728 18346 549 4404
757 19175 544 4266
763 19015 539 4238
790 18944 548 4204
968 23800 544 4209
746 18170 546 4238
769 19783 584 4209
748 17802 554 4214
796 19510 547 4235
838 21333 545 4203
835 18803 545 4231
763 19015 539 4238
796 19510 547 4235
791 20114 542 4219
829 22124 649 4173
868 21195 609 4184
851 21124 641 4177
855 21198 585 4200
777 19668 659 4185
795 20493 638 4196
835 20380 653 4185
889 20382 633 4192
800 20335 518 4328
831 21146 510 4260
795 20092 518 4331
844 20239 533 4279
842 20349 533 4279
826 20535 530 4293
813 20635 523 4293
865 20918 528 4287
856 21061 513 4348
808 19914 510 4362
808 19914 510 4362
908 21430 536 4230
860 21907 536 4228
826 21553 533 4241
862 20624 640 4108
881 22372 619 4119
866 21237 626 4173
770 19418 532 4400
796 19560 530 4405
770 19418 532 4400
747 18788 534 4408
843 20365 605 4199
806 20107 622 4200
843 20365 605 4199
1021 26000 504 4395
817 19941 531 4336
789 19963 530 4354
787 20296 536 4377
803 20419 529 4315
689 18198 626 4365
689 18198 626 4365
689 18198 626 4365
726 17717 611 4377
704 18281 617 4360
704 18281 617 4360
699 18304 617 4357
704 18281 617 4360
712 18228 605 4312
714 18255 601 4369
710 18349 591 4371
720 18232 604 4292
708 18135 639 4337
708 18135 639 4337
708 18135 639 4337
721 18765 591 4370
717 18064 616 4377
732 17589 616 4377
717 18064 616 4377
730 18094 555 4349
725 18312 555 4333
724 18132 575 4433
735 18203 603 4306
731 18448 565 4293
731 18448 565 4293
727 18837 584 4309
728 18634 596 4317
724 18397 615 4272
722 18504 631 4246
721 18711 665 4255
727 17942 605 4294
719 18005 637 4335
729 17926 616 4371
736 18029 605 4291
723 18015 620 4428
736 17564 586 4329
744 17939 583 4226
743 18484 635 4216
745 17935 578 4302
741 18741 589 4213
743 17867 668 4225
745 17905 621 4274
739 18186 565 4312
741 18129 569 4219
740 18250 593 4302
801 20473 537 4282
801 20473 537 4282
743 18948 553 4401
724 18163 543 4440
692 18021 571 4465
763 17501 611 4512
763 17501 611 4512
763 17501 611 4512
754 17472 632 4500
754 17378 632 4504
692 18021 571 4465
763 17450 611 4516
712 18410 567 4410
708 17912 666 4466
876 20629 677 4119
889 21021 677 4110
808 19843 693 4202
968 24369 626 4171
870 21957 604 4202
926 21952 536 4230
781 20021 541 4440
749 17844 571 4224
770 18320 555 4437
862 21654 519 4261
754 17495 632 4500
898 21555 614 4193
801 19753 536 4449
737 18480 565 4297
754 17380 632 4504
776 19856 549 4245
859 22291 512 4345
860 22061 536 4235
758 18676 549 4338
793 19591 574 4207
754 17380 632 4504
737 18480 565 4297
787 20622 541 4272
774 20074 550 4254
805 21104 543 4267
727 18961 585 4358
919 21106 528 4302
825 21977 527 4299
746 19280 551 4245
731 18488 565 4297
742 18557 565 4293
743 18829 623 4251
809 20822 573 4206
865 21140 528 4287
777 20115 565 4219
882 21564 524 4268
765 19453 589 4213
744 19556 710 4242
828 19833 542 4259
812 19281 548 4204
857 21186 528 4297
734 18554 644 4277
747 18719 660 4272
754 19131 566 4215
774 18537 552 4317
726 18784 665 4267
771 18682 561 4272
746 19280 551 4245
728 18886 665 4255
739 18741 631 4246
748 19278 654 4240
894 20648 633 4192
789 20919 629 4210
797 20030 619 4204
726 18335 576 4382
813 19921 664 4195
742 18182 598 4429
845 21894 660 4187
749 18450 550 4330
831 20636 656 4202
743 18513 562 4427
873 22382 638 4183
813 19921 664 4195
732 18004 612 4415
747 18294 557 4373
836 21650 660 4188
724 18747 567 4420
866 21277 626 4189
870 21704 660 4181
711 18228 571 4465
792 19971 614 4210
749 18450 550 4330
792 21312 649 4205
741 18689 561 4396
730 18240 562 4434
866 21277 626 4189
881 20830 665 4192
740 18205 571 4316
872 23137 655 4163
732 17589 616 4383
732 18241 644 4302
719 18046 637 4335
740 18307 593 4302
797 19928 537 4402
753 17597 608 4387
795 20142 518 4337
740 18293 605 4294
780 20379 542 4351
731 18464 594 4326
747 18584 587 4281
769 19136 545 4278
732 18013 606 4359
793 20550 536 4382
