3 0.0196982
865 21299 824 4640
897 21183 771 4536
915 22535 837 4462
927 23262 686 4467
977 23732 813 4445
953 22689 810 4533
923 22968 719 4499
986 24710 702 4443
937 22773 753 4513
883 23311 752 4474
986 24573 750 4450
911 22695 795 4514
1014 25773 929 4431
887 22898 830 4513
899 23951 708 4511
851 22236 827 4529
871 22078 720 4550
855 22527 795 4563
1047 25987 721 4396
927 23084 885 4432
842 21767 675 4594
952 22723 733 4488
865 21299 824 4640
883 23311 752 4474
842 21767 675 4594
887 22898 830 4513
927 23084 885 4432
871 22078 720 4550
887 22898 830 4513
887 22898 830 4513
953 22689 810 4533
927 23262 686 4467
986 24710 702 4443
952 22723 733 4488
923 22968 719 4499
1014 25773 929 4431
953 22689 810 4533
986 24573 750 4450
865 21299 824 4640
851 22236 827 4529
927 23084 885 4432
897 21183 771 4536
842 21767 675 4594
915 22535 837 4462
887 22898 830 4513
1047 25987 721 4396
855 22527 795 4563
871 22078 720 4550
851 22236 827 4529
883 23311 752 4474
915 22535 837 4462
871 22078 720 4550
887 22898 830 4513
855 22527 795 4563
923 22968 719 4499
1014 25773 929 4431
842 21767 675 4594
887 22898 830 4513
927 23084 885 4432
887 22898 830 4513
887 22898 830 4513
953 22689 810 4533
842 21767 675 4594
986 24710 702 4443
952 22723 733 4488
986 24573 750 4450
865 21299 824 4640
851 22236 827 4529
897 21183 771 4536
871 22078 720 4550
851 22236 827 4529
883 23311 752 4474
871 22078 720 4550
923 22968 719 4499
851 22236 827 4529
927 23084 885 4432
883 23311 752 4474
923 22968 719 4499
915 22535 837 4462
842 21767 675 4594
855 22527 795 4563
1014 25773 929 4431
952 22723 733 4488
851 22236 827 4529
871 22078 720 4550
851 22236 827 4529
851 22236 827 4529
887 22898 830 4513
842 21767 675 4594
927 23084 885 4432
986 24710 702 4443
952 22723 733 4488
855 22527 795 4563
887 22898 830 4513
952 22723 733 4488
842 21767 675 4594
986 24710 702 4443
915 22535 837 4462
915 22535 837 4462
1016 25722 688 4552
923 22968 719 4499
851 22236 827 4529
851 22236 827 4529
887 22898 830 4513
851 22236 827 4529
887 22898 830 4513
865 21299 824 4640
842 21767 675 4594
971 24795 794 4518
851 22236 827 4529
871 22078 720 4550
851 22236 827 4529
851 22236 827 4529
887 22898 830 4513
887 22898 830 4513
983 25008 729 4680
842 21767 675 4594
887 22898 830 4513
986 24710 702 4443
952 22723 733 4488
923 22968 719 4499
983 25008 729 4680
887 22898 830 4513
971 24795 794 4518
851 22236 827 4529
851 22236 827 4529
887 22898 830 4513
1099 28179 926 4571
