710 65.3283
601 13487 426 3675
485 12022 462 3688
545 12355 426 3751
525 12443 475 3643
474 11347 453 3818
480 11960 453 3766
505 12841 450 3679
557 12724 522 3625
507 12092 425 3760
465 11359 435 3813
558 13365 458 3647
510 11598 455 3773
587 15143 430 3670
501 12996 430 3709
553 13431 426 3702
626 14694 415 3699
620 15527 414 3749
606 14350 470 3631
504 12113 443 3704
681 17199 566 3567
748 17804 538 3576
653 15138 522 3584
583 14094 506 3625
574 14767 468 3625
477 11612 462 3751
507 13183 414 3779
529 12218 506 3648
562 14045 538 3599
560 12874 406 3813
509 12755 468 3648
619 15059 586 3562
499 12169 462 3672
505 11408 433 3832
655 15921 450 3641
593 14396 404 3818
520 12511 404 3863
553 12433 440 3691
469 11758 435 3807
676 14915 407 3785
570 14922 490 3629
521 12748 407 3850
550 12620 440 3691
641 15705 407 3792
703 16602 538 3577
599 13731 426 3670
580 14506 442 3652
597 14654 516 3600
462 11417 435 3812
540 12356 406 3815
653 16546 450 3640
629 14519 409 3763
514 12857 450 3676
543 13112 408 3799
562 14045 538 3599
622 14870 554 3586
484 11548 446 3790
492 11960 428 3756
529 12280 490 3654
635 15469 554 3573
490 11352 433 3836
548 13333 458 3650
530 13146 421 3731
588 13121 416 3752
545 12730 506 3633
627 14670 415 3704
513 11593 455 3769
488 11749 472 3747
521 12730 468 3650
495 12427 446 3693
596 12980 421 3754
530 12376 506 3636
474 11825 452 3785
486 11859 435 3804
558 14139 430 3691
646 15247 538 3580
530 12069 478 3675
610 14539 415 3713
507 13183 414 3779
519 12430 474 3644
599 13731 426 3670
587 15143 430 3670
525 12966 405 3853
691 15690 408 3748
474 11699 449 3792
521 12730 468 3650
504 12113 443 3704
527 12746 425 3752
513 11666 455 3758
511 12291 421 3828
471 11714 437 3790
465 11401 435 3812
557 13021 426 3731
540 12356 406 3815
547 13376 408 3790
477 11612 462 3751
626 14598 415 3711
480 11959 461 3770
700 17224 486 3602
522 12006 497 3682
576 13283 541 3600
530 12398 490 3638
553 12634 426 3748
553 12433 440 3691
597 14633 472 3621
674 16528 566 3571
644 16369 450 3641
554 13215 522 3628
585 14256 538 3590
489 11731 431 3864
579 13980 458 3634
524 12699 446 3675
586 13967 519 3626
652 15263 510 3591
562 14045 538 3599
528 12634 442 3685
543 12448 404 3829
624 15636 504 3593
545 12851 424 3757
509 12584 404 3863
652 15497 406 3795
523 12295 490 3652
601 14673 440 3661
480 11960 453 3766
488 11749 472 3747
498 12388 450 3703
531 12667 458 3652
537 12101 418 3794
520 13010 462 3653
595 14703 502 3598
605 13949 450 3653
605 14023 410 3785
490 12643 430 3721
628 15217 472 3620
574 13479 538 3620
465 11401 435 3812
668 17110 450 3636
510 11598 455 3773
486 11859 435 3804
501 12998 414 3782
529 11532 431 3834
593 14536 569 3579
517 12761 442 3671
466 11460 446 3806
536 12769 442 3666
676 16011 494 3602
646 15247 538 3580
505 12228 478 3671
516 12300 490 3650
633 15474 554 3573
505 11408 433 3832
491 12194 454 3755
652 15497 406 3795
605 14023 410 3785
530 12069 478 3675
604 14669 570 3571
660 15765 470 3620
651 15121 538 3578
484 11204 456 3859
602 14177 450 3642
522 13025 421 3732
526 12192 426 3752
574 13479 538 3620
540 12356 406 3815
465 11401 435 3812
521 12801 454 3666
512 13033 414 3775
521 12748 407 3850
499 11535 446 3784
575 14101 522 3619
558 14139 430 3691
541 12470 426 3750
488 11749 472 3747
572 13943 464 3641
475 11607 435 3806
531 13085 472 3635
570 14922 490 3629
674 16116 494 3602
554 13215 522 3628
587 15008 430 3671
488 12032 446 3787
537 12433 440 3697
576 14235 422 3696
537 12433 440 3697
572 14548 442 3661
652 15379 509 3591
474 11814 466 3769
497 12858 417 3775
665 16561 486 3609
651 15205 522 3584
469 11758 435 3807
559 12879 424 3747
549 13124 448 3665
499 11853 446 3765
522 11860 478 3686
465 11401 435 3812
521 12651 408 3801
586 14166 404 3822
492 11416 432 3836
516 11885 427 3745
643 15938 538 3579
491 12126 459 3754
655 15921 450 3641
474 11699 449 3792
500 12688 468 3656
536 13020 424 3766
617 15108 586 3562
541 13250 440 3688
541 12165 406 3815
586 13967 519 3626
530 12356 506 3638
504 12660 446 3684
472 11708 453 3771
642 15087 527 3583
497 12810 419 3855
492 11416 432 3836
501 12475 440 3694
499 11664 446 3768
515 12587 443 3687
474 11606 449 3794
465 11401 435 3812
590 14524 424 3690
643 15763 570 3566
521 12730 468 3650
522 11860 478 3686
523 12295 490 3652
593 14500 405 3809
591 13949 498 3623
558 14139 430 3691
497 12918 417 3774
650 16570 442 3642
575 13706 457 3646
673 16267 504 3590
613 15240 522 3582
488 12646 430 3725
622 15001 411 3744
570 14922 490 3629
556 12830 424 3748
537 12101 418 3794
508 12589 406 3867
575 13706 457 3646
515 12077 490 3655
484 11204 456 3859
633 15474 554 3573
521 12730 468 3650
619 15059 586 3562
465 11401 435 3812
744 17904 538 3576
558 14139 430 3691
570 14918 490 3633
522 13025 421 3732
651 15205 522 3584
492 11333 432 3842
593 14822 517 3605
522 12006 497 3682
474 11814 466 3769
539 13137 408 3792
520 11970 434 3739
552 14490 441 3666
668 17110 450 3636
510 12665 442 3686
599 14086 411 3786
513 11593 455 3769
495 12427 446 3693
545 12355 426 3751
593 14536 569 3579
646 15247 538 3580
480 11959 461 3770
538 12517 426 3750
607 15047 538 3583
508 12073 427 3745
504 12113 443 3704
510 12665 442 3686
497 12858 417 3775
500 12688 468 3656
595 13739 529 3618
474 11699 449 3792
597 14633 472 3621
567 14197 454 3642
549 13214 415 3746
518 12762 425 3752
597 15441 446 3650
673 16267 504 3590
529 12330 490 3639
668 17110 450 3636
570 13677 426 3672
522 11860 478 3686
499 11535 446 3784
501 12627 417 3855
505 11575 431 3838
559 12879 424 3747
601 14711 454 3626
519 12441 462 3656
521 12734 454 3668
576 14171 490 3609
488 12749 437 3712
522 12720 407 3856
668 17110 450 3636
499 11535 446 3784
673 16267 504 3590
564 13884 416 3705
646 15247 538 3580
529 12330 490 3639
484 11204 456 3859
547 13076 406 3799
511 12291 421 3828
568 13938 458 3642
487 11899 449 3782
499 11566 441 3797
642 15257 538 3580
622 15307 586 3560
582 14598 414 3774
501 12110 450 3683
580 14506 442 3652
552 13525 426 3692
522 11860 478 3686
501 12475 440 3694
656 15494 570 3570
660 15555 470 3621
640 15799 488 3606
642 15087 527 3583
659 16366 518 3587
530 12398 490 3638
474 11814 466 3769
501 12627 417 3855
605 14023 410 3785
513 11593 455 3769
786 18350 570 3564
576 14077 526 3611
607 14610 439 3650
507 13036 410 3835
484 11301 447 3856
515 12587 443 3687
511 12291 421 3828
545 12355 426 3751
505 11408 433 3832
531 12667 458 3652
660 15765 470 3620
484 11204 456 3859
603 14016 410 3786
536 12188 426 3756
566 14238 461 3646
534 12960 442 3670
521 12748 407 3850
492 11350 433 3833
622 14870 554 3586
537 12101 418 3794
786 18350 570 3564
660 15320 534 3579
572 14472 494 3632
474 11814 466 3769
644 15670 470 3621
552 14490 441 3666
613 15240 522 3582
515 12587 443 3687
501 12434 440 3697
516 12300 490 3650
499 11577 446 3781
522 11860 478 3686
492 11416 432 3836
474 11814 466 3769
603 14890 424 3682
526 12192 426 3752
660 15765 470 3620
596 13058 414 3754
499 11853 446 3765
764 18236 554 3571
585 14266 522 3594
567 14197 454 3642
530 12398 490 3638
587 14768 474 3616
534 12055 441 3728
646 15247 538 3580
520 12902 407 3850
491 12126 459 3754
541 13612 430 3699
530 12069 478 3675
595 14877 570 3574
474 11398 453 3806
521 12801 454 3666
681 17199 566 3567
505 12841 450 3679
549 13214 415 3746
484 12096 446 3787
576 14107 486 3610
499 11664 446 3768
544 14129 446 3654
505 12622 468 3665
599 14793 516 3588
552 13525 426 3692
514 12659 417 3845
544 14072 456 3657
599 13678 557 3594
521 12111 418 3770
499 12160 450 3681
515 12077 490 3655
646 15247 538 3580
484 11548 446 3790
764 18236 554 3571
523 12295 490 3652
474 11699 449 3792
