141 12.1745
791 20175 470 3655
662 16351 566 3623
654 16128 413 3895
640 14994 595 3657
524 13232 448 4159
495 12526 471 4144
495 12526 471 4144
744 18922 470 3656
791 20175 470 3655
511 12704 469 4137
724 17772 506 3638
714 17578 427 3744
568 14347 435 3976
548 13261 535 3871
533 13668 515 4052
524 13232 448 4159
581 13559 574 3764
594 13735 586 3724
722 18080 458 3676
549 13396 491 4064
514 13001 482 4076
724 18177 474 3661
655 16229 418 3886
596 14904 423 3952
529 13020 464 4090
651 17140 444 3708
560 14036 452 3943
568 13921 530 3859
502 12743 482 4108
503 12846 455 4092
636 14711 579 3660
586 13520 586 3729
616 15259 554 3659
596 13954 595 3665
615 14342 541 3721
553 14126 434 4009
539 13162 511 3914
600 15103 425 3830
617 15958 415 3923
584 13698 570 3742
578 14545 437 3794
546 13911 518 3863
533 13788 496 4041
679 16507 538 3623
658 15839 493 3674
495 12724 459 4114
569 14602 422 3988
613 14887 561 3663
574 14749 458 3742
690 17531 454 3679
534 13734 478 4083
550 13617 503 4001
557 13509 523 3887
577 14232 497 3728
606 15101 416 3893
729 18581 430 3737
741 18749 454 3678
562 13760 494 4027
613 14049 537 3756
580 13113 574 3767
620 15546 550 3634
693 17010 518 3631
611 14075 441 3899
700 17470 506 3646
666 15915 426 3779
726 18443 470 3657
560 13842 546 3852
592 14512 430 3815
685 16912 478 3668
738 16137 431 3733
557 14164 440 3984
671 16178 428 3768
602 13646 545 3767
555 13327 527 3908
546 13851 438 4018
708 18533 451 3702
611 14654 432 3800
627 15454 431 3796
588 13436 562 3787
539 13651 450 4144
501 12836 482 4108
680 16656 522 3643
720 16910 447 3696
503 12846 455 4092
619 13827 553 3748
602 14292 579 3682
603 14688 515 3674
616 14394 563 3666
633 14263 567 3685
634 16311 462 3685
542 13895 434 4021
628 15266 476 3700
596 14450 429 3805
563 14070 445 3797
701 16401 430 3739
646 16137 499 3657
699 17353 509 3641
555 13327 527 3908
741 18346 438 3716
667 16851 422 3819
628 15015 547 3663
612 15012 417 3908
676 16551 491 3662
495 12526 471 4144
643 15147 450 3752
584 14031 476 3786
595 13687 533 3796
568 13959 546 3837
617 15676 481 3677
551 13426 494 4034
577 14476 435 3808
678 16696 460 3688
605 14603 460 3730
687 17079 486 3663
563 14007 469 3944
558 14438 426 4002
744 17417 449 3695
614 15284 420 3843
638 16637 425 3775
741 18346 438 3716
632 15485 522 3646
693 17169 469 3663
549 14157 471 3996
675 14004 506 3718
647 15968 481 3666
641 15725 442 3716
614 16188 415 3923
558 14358 510 3770
704 17162 493 3646
610 15426 446 3706
641 16020 534 3642
733 18792 457 3676
609 15175 502 3696
619 15519 494 3689
541 13515 466 4070
589 14882 464 3722
696 16802 486 3659
678 16602 426 3774
729 17320 458 3694
641 15743 422 3821
620 15546 550 3634
707 16878 502 3652
591 15428 422 3980
681 16837 534 3638
535 13814 482 4069
645 15345 467 3675
596 14904 423 3952
606 13508 553 3751
539 13162 511 3914
513 13067 482 4076
638 15565 534 3644
628 14825 451 3736
495 12720 467 4110
696 16802 486 3659
534 13623 484 4067
683 17397 486 3660
654 16313 427 3803
733 18792 457 3676
609 15175 502 3696
686 16302 534 3625
542 13655 484 4038
542 13655 484 4038
619 15366 509 3675
733 18792 457 3676
669 16609 491 3660
596 14253 466 3722
590 13652 562 3779
614 15284 420 3843
708 16897 493 3645
729 17320 458 3694
702 16980 518 3636
590 14801 478 3736
617 15676 481 3677
701 16252 518 3644
696 16802 486 3659
653 15430 579 3650
702 16980 518 3636
549 13709 482 4067
686 16302 534 3625
495 12724 459 4114
614 15284 420 3843
602 14292 579 3682
741 18522 438 3705
741 18522 438 3705
688 16909 518 3638
693 16911 467 3674
653 15430 579 3650
646 15112 502 3661
699 17353 509 3641
513 13067 482 4076
646 15112 502 3661
638 15790 494 3658
638 15790 494 3658
495 12526 471 4144
619 15366 509 3675
693 16911 467 3674
788 19153 506 3639
769 19698 470 3656
749 17500 518 3632
690 16162 420 3843
628 15031 595 3669
495 12788 459 4118
597 13678 562 3784
550 14029 478 4076
614 14895 531 3702
620 14941 475 3874
624 15034 563 3687
633 15216 550 3665
643 15843 448 3751
607 15315 475 3961
585 15412 487 4028
527 13589 459 4109
594 14640 455 4088
516 13261 482 4099
697 16964 518 3654
744 18907 470 3659
619 15309 480 3990
773 19688 470 3656
605 14934 472 4068
574 14241 482 4070
572 14651 482 4070
508 13045 473 4113
639 16641 466 4013
702 18287 470 3673
519 13022 482 4109
766 19075 486 3656
606 15599 501 4021
660 17107 460 3744
683 15521 474 3761
651 15886 496 3729
694 15782 490 3729
637 16074 467 3756
730 17839 518 3634
716 18133 470 3668
718 16830 481 3699
672 16431 505 3664
596 15312 502 3965
661 17300 463 3685
742 18250 506 3640
666 16373 486 3712
638 15892 487 3712
628 16219 494 3749
731 17789 518 3634
655 16760 493 3682
703 17376 486 3681
690 17697 454 3679
705 16871 481 3672
712 17198 493 3646
678 16744 488 3677
668 15838 496 3691
686 16652 474 3747
646 15801 489 3744
676 16714 502 3673
690 17697 454 3679
669 17219 490 3667
646 15488 505 3666
712 17198 493 3646
785 18592 493 3657
780 19741 489 3659
758 18467 522 3632
690 18029 454 3679
653 15873 570 3669
550 13674 466 4110
541 13894 482 4108
646 14993 556 3803
574 14497 482 4070
563 14186 507 4095
614 15376 503 4006
624 16412 498 3909
660 15921 543 3872
638 16376 493 3999
722 18112 538 3651
694 17057 454 3894
769 19102 493 3656
661 16889 473 4051
632 15636 487 4017
693 16088 475 3754
734 15342 539 3721
642 16180 510 3900
705 16728 497 3705
673 16284 550 3666
664 16102 544 3678
748 18265 518 3634
655 17280 469 4071
738 18849 498 3677
681 15132 478 4032
677 17399 499 3673
702 17209 469 3752
754 18620 506 3640
622 15983 487 4031
653 16608 509 3728
689 15752 505 3677
656 16968 476 4009
780 19032 493 3657
682 16179 519 3743
703 15054 494 4035
721 17089 494 3718
718 16419 490 3726
673 16275 538 3743
710 17618 490 3691
712 17666 480 3687
767 18523 506 3640
743 18091 506 3648
711 17811 541 3667
748 18265 518 3634
639 15697 496 4015
712 17625 486 3691
711 17706 489 3681
644 16320 495 3733
675 16156 473 3751
716 17376 490 3725
722 16339 502 3727
745 17667 503 3658
692 17877 454 3679
691 15919 487 3737
676 17384 490 3696
799 20312 489 3659
759 18607 522 3632
721 18735 454 3679
680 16111 579 3675
552 13880 472 4114
599 15059 502 4075
562 14248 491 4109
651 16397 499 3931
666 16973 493 4014
727 17243 471 3866
644 15242 491 4096
780 19154 493 3657
640 16256 501 4075
703 16596 547 3701
654 16568 532 3798
677 16615 485 3806
686 17180 560 3729
699 17882 454 3684
755 18381 540 3669
702 17497 567 3672
771 19142 506 3640
680 16576 475 3978
697 18053 476 3717
785 18272 533 3667
702 17962 470 3679
720 16717 485 3762
724 17695 490 3691
744 17989 515 3675
671 16457 521 3750
770 18500 518 3636
680 16168 562 3778
711 16197 535 3761
739 17293 494 3718
699 16785 512 3678
724 17072 487 3737
707 17453 495 3709
716 16811 506 3711
731 17990 535 3677
684 16517 562 3722
683 17036 475 3754
762 18558 522 3632
722 16455 506 3734
706 16236 517 3750
721 17188 496 3718
722 16525 490 3726
845 21312 509 3643
769 18097 458 3698
768 19172 522 3632
703 16337 610 3693
633 16723 504 4155
804 19653 506 3655
668 16798 501 4034
691 16811 514 3943
684 17452 492 4024
703 17051 592 3731
772 18308 463 3693
708 16438 563 3805
740 17473 581 3684
685 16839 548 3887
732 17307 485 3858
755 19119 551 3678
787 19466 509 3660
686 17154 563 3778
747 19301 460 3745
716 16912 544 3716
725 18275 475 3692
700 17301 516 3790
755 17464 569 3688
711 17751 475 3754
767 18587 535 3660
721 17242 485 3866
722 16563 490 3727
792 19161 493 3657
728 18938 481 3683
716 17856 505 3710
737 18564 551 3684
751 18652 481 3688
760 18876 534 3645
722 16844 529 3725
764 18643 519 3682
690 17396 475 3758
709 17006 513 3772
716 17854 496 3746
761 18774 551 3680
716 17576 533 3689
707 17311 531 3693
710 17540 511 3720
710 17229 513 3698
755 17831 506 3722
864 20430 535 3654
818 21273 479 3726
786 19569 471 3795
745 18114 576 3690
743 17443 484 4036
722 16756 490 3728
706 18218 479 3938
798 19273 551 3660
709 17660 501 3911
709 17448 513 3985
773 17954 480 4023
789 20198 510 3663
756 18873 501 3689
737 18581 551 3691
725 18247 475 3761
714 18078 542 3720
710 18380 541 3738
783 20425 486 3695
786 18655 510 3702
710 17878 482 3771
750 18377 489 3706
719 18218 478 3765
741 18337 487 3729
752 18930 483 3702
716 17483 513 3702
752 18930 483 3702
865 21679 503 3718
843 20611 570 3681
831 21322 535 3669
765 19645 475 3762
761 18381 485 3877
722 16756 490 3729
718 17891 513 3714
758 19015 529 3689
730 17737 515 3710
821 20650 551 3683
723 17519 547 3703
781 19338 512 3716
845 20279 509 3712
816 19803 507 3722
798 19715 513 3701
838 21308 487 3724
827 19264 544 3703
797 20276 583 3709
749 18562 586 3708
739 16865 490 3729
732 18102 525 3821
736 18267 509 3744
805 19635 533 3705
869 19995 570 3707
837 20974 490 3730
766 17678 551 3730
751 18764 490 3783
742 18261 509 4038
740 17796 510 3745
750 18979 509 3813
753 19081 503 3760
757 17728 500 3742
759 17793 494 3730
943 22188 494 3760
816 19435 519 3735
770 18143 601 3939
753 19066 497 3979
741 18318 560 3799
758 19364 497 3902
751 18456 525 3823
746 18588 546 3758
789 18545 499 3818
754 19023 509 3784
765 18660 525 3762
757 18983 501 3766
767 18823 523 3749
760 19204 498 3746
865 21353 513 3783
853 20937 507 3887
785 18877 570 3750
762 18818 525 3839
803 19794 530 3752
830 21105 517 3775
776 19383 522 3813
785 19830 509 3821
810 20529 525 3835
809 19805 533 3764
800 20067 509 3845
787 20075 541 3818
766 19063 525 3850
791 19607 525 3836
834 21028 533 3776
781 19298 549 3863
810 19906 538 3791
821 20055 541 3826
768 19251 506 3642
662 16351 566 3623
650 16228 413 3895
612 14250 611 3660
524 13232 448 4159
491 12499 471 4144
491 12499 471 4144
608 14249 595 3665
548 13261 535 3871
594 13735 586 3724
568 14347 435 3976
735 17742 477 3665
612 14250 611 3660
739 18337 454 3676
617 15958 415 3923
758 19081 470 3668
514 13039 482 4083
616 15285 554 3659
596 14904 423 3952
726 18554 428 3748
730 18714 428 3744
752 18832 437 3711
581 13559 574 3764
539 13162 511 3914
508 12762 482 4109
568 13921 530 3859
553 14126 434 4009
495 12724 459 4114
535 13328 512 4076
747 18632 522 3637
759 18643 522 3632
603 14688 515 3674
596 14904 423 3952
574 14749 458 3742
613 15058 422 3828
502 12775 455 4141
655 16229 418 3886
539 13651 450 4144
579 13975 547 3738
592 14512 430 3815
613 14887 561 3663
620 15520 420 3842
601 15181 432 3758
715 17515 540 3631
524 13232 448 4159
602 13779 545 3767
625 14806 579 3665
514 12745 473 4099
587 14411 465 3754
708 17454 478 3666
749 19155 470 3666
543 13678 496 4046
599 13715 563 3764
529 13020 464 4090
569 14602 422 3988
651 15587 550 3636
584 14031 476 3786
542 13855 439 4028
565 13681 508 3894
638 16637 425 3775
697 16692 486 3670
557 14164 440 3984
525 12690 469 4133
589 14195 446 3784
614 16188 415 3923
741 17594 454 3680
709 17265 486 3663
513 13119 473 4086
601 13862 553 3735
628 15309 519 3671
606 15731 420 3843
589 14930 541 3687
713 17992 474 3670
560 13842 546 3852
673 16916 438 3717
715 18069 458 3676
549 14157 471 3996
533 13788 496 4041
597 13557 562 3775
555 13327 527 3908
511 12704 469 4137
701 17056 458 3683
641 15813 589 3630
687 17163 481 3671
690 16810 490 3656
657 15659 461 3701
623 15572 566 3637
662 16109 534 3635
525 12690 469 4133
619 15088 452 3732
576 13919 481 3809
634 15645 498 3663
712 18177 454 3693
641 15743 422 3821
605 14429 457 3770
681 15919 505 3653
752 18832 437 3711
503 12853 455 4092
569 13799 468 3862
639 15757 419 3891
704 17341 438 3694
647 15106 483 3681
675 16472 492 3675
578 14545 437 3794
551 13426 494 4034
608 14249 595 3665
685 16945 442 3698
595 13421 570 3746
622 15077 501 3705
514 12938 482 4089
567 13942 546 3848
546 13851 438 4018
534 13558 496 4055
611 14075 441 3899
577 14476 435 3808
611 14654 432 3800
688 18209 469 3674
612 15012 417 3908
720 16910 447 3696
534 13623 484 4067
659 16577 451 3704
669 17219 490 3666
562 13645 502 4022
627 14998 495 3695
551 14285 435 4008
585 14562 450 3789
678 16996 489 3671
563 14070 445 3797
694 17383 475 3670
558 14438 426 4002
503 12853 455 4092
528 13457 452 4071
567 14553 426 3903
654 16128 413 3895
550 13617 503 4001
549 13396 491 4064
555 13327 527 3908
592 14789 450 3779
620 15366 534 3649
639 16144 432 3753
603 14865 470 3707
659 15902 506 3653
706 17646 469 3671
586 13455 570 3745
561 14459 430 3987
647 16503 458 3695
724 16231 455 3685
678 16887 437 3720
537 13367 503 4061
696 16412 474 3682
726 18177 474 3668
495 12724 459 4114
684 16284 486 3680
667 16337 518 3643
625 14806 579 3665
634 16311 462 3685
693 17603 437 3719
733 16557 486 3668
551 13856 497 3865
643 15483 504 3668
652 15848 522 3658
676 15969 456 3704
666 16657 463 3675
656 15651 518 3653
659 16140 573 3635
719 17639 470 3670
528 13457 452 4071
610 15315 445 3737
641 15813 589 3630
644 15996 506 3654
715 17569 540 3630
658 16432 458 3702
651 16799 490 3667
546 13911 518 3863
764 16928 474 3665
643 15483 504 3668
614 15365 444 3757
625 15340 494 3684
644 16097 474 3684
631 15053 563 3658
698 17369 458 3686
537 13367 503 4061
631 15053 563 3658
713 17992 474 3670
668 16561 502 3647
636 15316 534 3640
700 16925 534 3632
763 17235 454 3685
705 16980 458 3687
640 14929 595 3657
685 16372 510 3647
762 18558 522 3632
699 16985 458 3688
495 12724 459 4114
677 16055 469 3697
666 16657 463 3675
685 16372 510 3647
677 16055 469 3697
762 18558 522 3632
636 15316 534 3640
614 15365 444 3757
678 16887 437 3720
625 14806 579 3665
668 16561 502 3647
639 15942 474 3705
715 17569 540 3630
699 16985 458 3688
651 16799 490 3667
495 12724 459 4114
644 16097 474 3684
612 14250 611 3660
612 14250 611 3660
803 19882 435 3777
672 15721 589 3636
621 15555 420 3842
612 14261 611 3661
509 12729 471 4151
549 14093 491 4079
652 15346 504 3995
616 15649 454 3918
525 13311 472 4110
585 15253 455 4091
643 16031 461 3791
778 19551 506 3642
650 14888 583 3675
615 14396 611 3660
757 18907 522 3637
599 15111 541 3689
527 13149 455 4092
770 19335 437 3711
513 13140 473 4088
681 16858 458 3832
729 18995 518 3651
697 16023 569 3657
638 16105 497 3747
715 18167 470 3674
726 17918 565 3637
628 15680 482 3764
749 19198 470 3666
725 18319 557 3640
704 16809 502 3656
640 14994 595 3657
659 15067 529 3836
641 15419 508 3690
709 18005 437 3739
744 17417 449 3695
658 16918 475 3753
717 17491 445 3721
666 16323 541 3672
695 17086 491 3657
640 15703 547 3658
774 17478 454 3685
620 15490 440 3841
747 18578 472 3670
677 15994 495 3692
682 16155 554 3657
624 15771 519 3691
673 15927 483 3699
735 17705 518 3653
701 17655 474 3707
650 16183 473 3769
686 16981 446 3760
655 16465 472 3765
732 17197 489 3677
723 17994 442 3703
674 16569 487 3682
624 15070 534 3681
746 18485 437 3719
683 16534 534 3643
640 14994 595 3657
661 16306 497 3682
708 17485 486 3680
722 18301 456 3699
717 18089 446 3705
720 17348 457 3720
685 17000 458 3757
675 16559 566 3641
661 16349 534 3649
731 18507 474 3669
683 17258 490 3674
739 17485 455 3692
660 16226 471 3720
696 17372 490 3670
722 18080 458 3676
703 17695 458 3692
683 16984 518 3654
786 18338 472 3704
749 19893 469 3696
703 17371 618 3641
647 15867 647 3673
630 15943 420 3843
528 13449 455 4092
585 14354 500 4087
635 15833 446 3859
548 13940 497 4090
655 15784 611 3686
679 15793 569 3664
670 16009 611 3662
755 19496 443 3751
778 19670 506 3642
666 16943 486 3838
785 19397 522 3647
693 16019 555 3707
674 16440 541 3682
768 18894 474 3680
713 18440 462 3781
668 16397 516 3760
727 17960 450 3734
749 19203 470 3666
710 17299 563 3644
684 16898 480 3758
688 16156 483 3781
702 16488 509 3684
752 18003 534 3648
652 16447 492 3816
721 17569 460 3768
695 16817 499 3696
747 17669 481 3745
737 17602 475 3752
725 17284 473 3821
740 18805 538 3648
756 17181 482 3746
708 17454 450 3806
738 18640 458 3710
759 17812 472 3705
719 18081 469 3718
700 17512 474 3796
741 18369 457 3724
686 16702 506 3683
700 16573 490 3713
653 16042 499 3781
727 17277 458 3786
768 18026 486 3704
691 17347 518 3670
744 19445 470 3679
687 16620 521 3688
756 17232 482 3732
679 16317 494 3721
712 17379 534 3656
707 17288 487 3703
679 16577 494 3719
723 17810 458 3737
705 17603 481 3752
739 18063 490 3690
708 17407 474 3802
684 17287 475 3773
718 17378 518 3655
754 18713 474 3681
725 17819 458 3717
749 17798 472 3716
716 17801 493 3664
740 18789 457 3704
709 17315 518 3677
750 17459 483 3716
799 19633 578 3653
782 19735 506 3642
733 17591 579 3660
639 16526 446 3848
555 13540 469 4133
539 14038 469 4159
534 13907 475 4101
568 14694 455 4128
716 16056 472 3955
632 16383 491 4084
679 16278 457 3848
653 16478 503 4046
688 17115 536 3685
680 15871 569 3664
653 16633 510 3817
556 14548 514 4091
772 18701 550 3661
742 19097 458 3761
552 14126 474 4105
728 19165 465 3820
711 17092 563 3684
716 17523 518 3676
697 16617 554 3786
737 17462 490 3708
567 13728 485 4128
685 16569 498 3790
790 18541 518 3659
736 18221 476 3747
540 13762 484 4123
757 19203 457 3717
548 13855 492 4099
750 18845 470 3732
724 17857 504 3678
701 16900 550 3691
751 19409 470 3670
735 18107 477 3777
704 16565 566 3684
775 18495 551 3675
727 18822 482 3788
716 18370 483 3762
722 17775 508 3701
753 18689 468 3770
786 18415 569 3663
685 16806 499 3782
711 18091 493 3784
726 18667 493 3734
755 19210 470 3666
723 17513 494 3728
717 16875 513 3707
686 16687 499 3722
734 17762 458 3820
718 18491 499 3684
722 17100 494 3733
830 21132 459 3811
785 19825 506 3647
682 16810 608 3700
657 16580 446 3848
572 13910 471 4139
643 16550 464 4035
711 16503 583 3698
723 16941 531 3742
811 18951 595 3674
791 19893 470 3667
721 18399 485 3792
704 16749 515 3772
702 17138 499 3725
733 17857 507 3704
737 17496 491 3711
745 17468 490 3784
756 19324 470 3670
729 18031 504 3692
760 19206 464 3724
741 18111 504 3678
765 19241 490 3671
851 19675 592 3674
805 20187 522 3658
792 20635 474 3679
657 16750 446 3848
714 17786 506 3769
796 18935 490 3795
810 19463 486 3703
762 19328 488 3847
792 19870 470 3758
752 18222 503 3742
781 19465 498 3722
773 19264 484 3759
765 18489 502 3770
741 18126 504 3678
759 18545 502 3732
765 18082 509 3768
780 19871 486 3708
866 21826 480 3693
844 20454 505 3681
789 18839 580 3689
707 17556 446 3854
666 17417 456 4032
663 17080 496 3851
663 16768 470 3869
719 18147 533 3821
667 17985 466 3921
832 19866 502 3757
781 20118 492 3765
705 18897 468 3881
743 18456 476 3853
845 21411 502 3692
842 20107 487 3739
689 17339 491 3860
741 18133 504 3690
787 18924 551 3690
761 19550 516 3695
734 18006 456 4025
711 18259 455 3891
680 17269 528 3961
674 17508 506 4013
741 18499 505 3726
722 18209 515 3856
704 18061 479 3916
747 18725 526 3708
699 18250 485 3957
684 17402 497 3881
721 17349 498 3947
737 18920 494 3859
813 20312 521 3701
792 18925 576 3703
745 18146 500 3909
716 18579 474 4074
774 18554 535 3784
774 19470 557 3728
723 18267 479 3952
777 18938 483 3915
731 18606 510 3918
746 18604 510 3735
840 21276 505 3977
780 19752 488 4054
764 18780 520 3750
763 18907 536 3812
757 18758 494 4046
763 19493 518 3928
774 19345 510 3779
776 18930 534 3777
765 19038 541 3835
769 19201 552 3960
754 17810 467 3674
728 18636 454 3677
662 16351 566 3623
654 16128 413 3895
604 14191 595 3669
524 13232 448 4159
497 12492 471 4131
495 12526 471 4144
594 13735 586 3724
728 18093 454 3691
617 15958 415 3923
495 12694 459 4114
542 13895 434 4021
551 13426 494 4034
588 14069 579 3675
596 14904 423 3952
580 13113 574 3767
553 14126 434 4009
533 13788 496 4041
651 17140 444 3708
606 13508 553 3751
690 16503 540 3635
573 13382 545 3760
548 13261 535 3871
576 13919 481 3809
503 12853 455 4092
627 15454 431 3796
529 13020 464 4090
514 12938 482 4089
535 13328 512 4076
586 13520 586 3729
640 14787 502 3667
682 14571 461 3741
596 14904 423 3952
715 17359 540 3630
620 15497 492 3648
533 13668 515 4052
543 13678 496 4046
564 13169 558 3773
745 18372 457 3670
503 12768 467 4097
604 14191 595 3669
623 15571 566 3637
530 13659 489 4079
514 12938 482 4089
634 16311 462 3685
601 13852 529 3765
497 12492 471 4131
548 13433 535 3869
560 13919 532 3849
720 17884 439 3699
702 17357 475 3662
568 14347 435 3976
611 14654 432 3800
707 17554 506 3644
549 13396 491 4064
655 16229 418 3886
558 14438 426 4002
534 13623 484 4067
615 15163 473 3682
665 16372 521 3645
681 17330 418 3779
641 15743 422 3821
568 13921 530 3859
568 13959 546 3837
736 18259 506 3640
557 14164 440 3984
655 16644 502 3646
557 13509 523 3887
601 15181 432 3758
524 13232 448 4159
612 15012 417 3908
594 14244 446 3749
586 13455 570 3745
613 15058 422 3828
650 16691 426 3772
569 14602 422 3988
675 16205 486 3663
640 15886 415 3897
592 14512 430 3815
741 16993 527 3631
703 17679 522 3629
495 12717 467 4110
665 17075 421 3773
597 14390 475 3730
745 17939 521 3636
720 16910 447 3696
709 16783 465 3676
630 15764 420 3843
711 16918 509 3638
569 13799 468 3862
746 18567 506 3637
714 17578 427 3744
605 15110 561 3656
670 15842 522 3640
691 17468 455 3696
560 13842 546 3852
667 16851 422 3819
549 14157 471 3996
617 14930 474 3691
642 16045 442 3714
578 14545 437 3794
659 16140 573 3635
677 16998 424 3750
615 14023 563 3736
631 15053 563 3658
526 13294 482 4083
555 13327 527 3908
581 14056 452 3777
646 15744 518 3647
693 16277 534 3637
644 15326 534 3642
638 14474 579 3661
615 15239 487 3671
736 17678 506 3642
585 14337 483 3731
497 12492 471 4131
571 13697 465 4073
565 13681 508 3894
678 16602 426 3774
568 14347 435 3976
667 16562 486 3654
532 13555 455 4090
606 14989 442 3791
539 13162 511 3914
741 18522 438 3705
703 17908 470 3665
495 12526 471 4144
614 16188 415 3923
667 16337 518 3643
631 15600 450 3705
671 14744 461 3741
495 12526 471 4144
574 14749 458 3742
539 13162 511 3914
663 17231 418 3784
556 13580 466 4073
728 18636 454 3677
603 14688 515 3674
606 15101 416 3893
642 16045 442 3714
681 16837 534 3638
653 15324 450 3712
736 17678 506 3642
564 13402 558 3769
609 14503 547 3673
706 17646 469 3671
582 14216 531 3684
708 17629 550 3632
539 13608 471 4084
640 16025 478 3666
628 14878 561 3661
612 15460 437 3748
651 16952 457 3676
690 16503 540 3635
611 15275 457 3687
663 17231 418 3784
660 15868 478 3664
639 16029 429 3741
638 16637 425 3775
744 17417 449 3695
580 14006 477 3742
592 13385 570 3752
744 17417 449 3695
570 14164 453 3770
631 15600 450 3705
603 15538 469 3672
708 17629 550 3632
583 14325 467 3739
619 14694 579 3667
741 18522 438 3705
692 15994 534 3638
503 12768 467 4097
638 14474 579 3661
609 14503 547 3673
592 13385 570 3752
630 15764 420 3843
587 14205 477 3741
648 16309 415 3894
664 16302 550 3633
503 12853 455 4092
583 14325 467 3739
728 18636 454 3677
720 17884 439 3699
514 12938 482 4089
713 17853 506 3641
628 14878 561 3661
659 16140 573 3635
746 18567 506 3637
713 17853 506 3641
693 16277 534 3637
741 16993 527 3631
495 12526 471 4144
715 17359 540 3630
702 17357 475 3662
681 16837 534 3638
630 15764 420 3843
655 16644 502 3646
604 14191 595 3669
783 20140 461 3695
782 19966 522 3632
644 16007 435 3900
616 14483 595 3676
504 12652 471 4144
495 12712 459 4114
600 14451 453 4013
514 12982 482 4089
577 14539 486 4052
553 14207 475 4104
645 16079 443 3835
761 19066 490 3662
620 14728 579 3671
661 14470 553 3747
746 18576 506 3637
732 18882 448 3803
607 15071 506 3761
558 13593 482 4087
751 17380 477 3680
557 13635 473 4074
625 15629 492 3648
611 14377 583 3701
713 17943 522 3636
675 15958 457 3779
689 17030 534 3645
690 16594 540 3635
612 14646 595 3669
634 15370 546 3677
682 16238 474 3693
688 16691 465 3752
663 16972 458 3786
728 18327 506 3645
630 15257 490 3721
706 18224 469 3671
639 15307 482 3832
657 15417 534 3651
714 17672 474 3672
775 17790 467 3681
699 15399 465 3727
731 17861 450 3702
668 15679 474 3701
626 15418 475 3683
662 16487 490 3672
697 17852 469 3674
657 15885 490 3682
780 17936 467 3674
798 21057 459 3794
713 17276 589 3636
685 17286 442 3907
622 14682 595 3670
511 13035 459 4114
545 13888 498 4104
571 14482 477 4092
768 19423 506 3642
674 16877 473 4020
671 15601 550 3661
683 16692 451 3888
657 16159 482 4066
629 15539 507 3697
664 16406 534 3662
748 18281 474 3795
780 17940 467 3674
631 16277 483 3746
734 18806 461 3814
723 17685 490 3682
645 15982 522 3683
702 16945 502 3651
627 15607 518 3707
632 14924 595 3669
658 16607 474 3850
637 15898 487 3706
702 16891 484 3718
679 16816 478 3737
723 17945 534 3642
651 16775 464 4093
729 18509 461 3825
695 15758 595 3659
778 18024 467 3684
726 18387 476 3832
669 15820 498 3690
741 18721 461 3818
661 16690 492 3655
689 16666 522 3666
694 17123 491 3684
679 16543 518 3687
648 16219 482 3844
747 18453 459 3818
735 18764 461 3818
796 19370 537 3653
774 19684 522 3647
626 14707 599 3677
539 13876 459 4117
527 13529 471 4131
527 13085 485 4133
639 16546 501 4042
641 15248 595 3700
741 18822 461 3818
709 17111 561 3651
654 16809 491 3880
677 16596 483 3964
735 18632 491 3686
711 17274 486 3837
753 17714 550 3655
646 15691 510 3753
645 16586 490 4006
793 18215 467 3674
703 17280 471 3968
746 17383 480 3865
677 15898 513 3745
696 17605 490 3789
701 16570 579 3669
664 16635 586 3688
671 16922 480 3869
707 18205 488 3719
636 16311 526 3705
660 16172 497 3770
780 18213 467 3678
675 16388 499 3722
675 16736 547 3690
683 16910 495 3736
701 16832 538 3664
665 16545 518 3751
698 16727 531 3675
691 17201 493 3674
652 16131 492 3814
676 16815 550 3656
669 16649 528 3698
680 16226 579 3674
659 16180 519 3712
676 17088 491 3812
706 17506 496 3658
679 17304 507 3662
683 16749 508 3707
652 16676 505 3812
676 16820 504 3670
829 19279 467 3674
770 20053 506 3660
683 16135 602 3695
678 16826 550 3656
542 13780 471 4131
663 16046 515 3754
680 15902 522 3806
743 17867 483 4054
708 16532 579 3675
701 16699 570 3712
773 18332 484 3907
701 17097 486 3961
708 16286 553 3729
680 16704 485 3998
722 18245 529 3665
699 16437 504 3780
675 17332 488 4077
751 19679 474 3855
778 18499 491 3754
792 19384 475 3698
702 16871 541 3700
716 17453 490 3839
736 18321 486 3861
732 17067 506 3671
705 17462 495 3683
691 17304 513 3677
812 18802 467 3677
681 17337 534 3744
789 19638 487 3695
801 18410 494 3687
806 18922 467 3678
685 16719 503 3722
682 16880 499 3730
676 16855 550 3679
790 19805 489 3688
807 18678 467 3684
732 18681 486 3843
712 17365 502 3690
670 16830 522 3752
736 16913 531 3682
682 16928 534 3673
712 17288 522 3689
740 18370 522 3664
712 17288 522 3689
837 19554 467 3674
787 20310 480 3883
767 19079 553 3665
733 17603 595 3673
542 13818 471 4151
665 16387 538 3899
560 14335 471 4145
794 19458 489 3944
741 18599 490 4041
683 17449 511 3805
725 17053 550 3775
690 17850 504 4070
808 18951 491 3680
711 16806 570 3725
742 17928 525 3686
797 20054 510 3670
724 16948 579 3682
763 19231 512 3671
693 17665 586 3683
707 17141 499 3739
781 19350 538 3668
715 18260 507 3700
742 18790 533 3680
691 17322 501 4059
732 17755 595 3668
787 18270 567 3669
713 17311 531 3717
698 17592 499 3745
685 17118 563 3711
698 17352 523 3692
736 17730 561 3675
712 17353 515 3704
722 17471 518 3692
696 17797 506 3735
684 17078 518 3744
726 17666 567 3676
712 17288 538 3696
736 17681 561 3680
723 17651 499 3728
842 19589 473 3678
829 20215 491 3712
828 19578 492 4081
719 17872 586 3694
678 16646 539 4019
707 17479 508 3906
812 19092 576 3686
762 18641 561 3690
772 19368 579 3681
728 17705 503 3827
724 17251 505 3979
697 16732 539 4006
759 17808 515 3733
691 18092 522 4025
714 16986 570 3739
686 17086 528 3755
766 18218 519 3702
735 18114 523 3692
733 17575 499 3742
731 18935 516 3714
715 17365 529 3702
730 17793 522 3785
716 17914 501 3784
710 17841 504 3766
724 18979 519 3740
903 22160 509 3749
857 20673 515 3680
729 18091 587 3745
727 18301 501 3784
711 16906 539 4019
703 17441 551 4032
690 17689 544 3865
824 19579 586 3689
758 17098 555 4001
713 17365 568 3928
750 19083 518 3715
842 20199 525 3689
741 18328 537 3693
750 17799 503 3779
704 17392 549 3956
716 18136 501 3799
710 17633 529 3796
712 18002 515 3945
715 16918 539 4007
712 18143 513 3792
751 17699 544 3747
868 21486 554 3700
737 19229 503 3910
723 17719 569 3800
711 16913 539 4019
712 17555 554 4014
836 20721 530 3724
782 19498 526 3731
824 19691 531 3722
755 18903 507 3779
739 18302 532 3904
737 18651 512 3833
728 17928 533 3853
751 19001 554 3744
863 19098 531 3725
728 18478 515 3802
720 18916 505 3869
718 18563 522 3800
734 17890 536 3819
735 18381 531 3822
796 19094 520 4030
792 20087 545 3851
778 19703 548 3819
759 19437 518 3931
757 18369 577 3912
717 17039 558 4037
711 17174 539 4026
741 18655 525 3870
841 21228 527 3870
757 19326 547 3986
750 18772 613 3977
762 18880 532 3883
794 19134 544 3960
813 20273 556 3998
