8 3.97562
885 22661 577 4257
880 22904 577 4258
876 21745 506 4406
840 19024 654 4239
829 19560 515 4478
815 20015 701 4265
689 17451 647 4403
689 17304 647 4405
733 17742 660 4353
815 20026 701 4252
802 19090 571 4304
714 18643 535 4386
836 20755 521 4413
744 17934 587 4463
772 18525 574 4332
768 18827 558 4372
691 17488 643 4408
876 21745 506 4406
806 21123 598 4271
885 22661 577 4257
819 21072 612 4254
737 18111 624 4443
863 21087 515 4464
845 20469 601 4260
792 18691 528 4343
737 18905 543 4342
785 18380 650 4271
723 17310 634 4412
832 19084 635 4285
813 20366 601 4268
716 17872 644 4371
777 19695 534 4279
769 19536 550 4277
753 19239 534 4281
756 18593 645 4351
751 18152 624 4435
751 18152 624 4435
827 20414 592 4274
828 20376 611 4261
770 18625 567 4465
733 18056 660 4344
770 18625 567 4465
841 21082 598 4264
733 18056 660 4344
827 20414 592 4274
815 20015 701 4265
885 22661 577 4257
885 22661 577 4257
1012 25632 534 4361
845 21081 730 4252
829 19672 515 4478
781 18776 568 4517
691 17496 643 4408
691 17496 643 4408
944 24506 517 4437
892 22943 577 4257
910 22112 516 4462
828 20405 701 4254
955 22499 528 4458
985 24883 532 4371
993 25034 532 4364
828 19703 556 4322
788 19095 610 4361
778 19705 550 4281
872 21411 628 4258
823 19680 536 4489
879 21628 541 4328
733 17813 675 4354
747 18649 590 4447
781 18776 568 4517
812 19704 574 4330
828 20528 621 4261
713 17878 647 4403
796 19476 588 4298
717 17997 648 4377
774 18589 679 4347
886 22503 524 4425
732 18535 647 4394
815 21437 539 4415
816 21073 588 4279
738 18062 660 4353
785 18380 650 4272
785 18745 567 4465
823 20821 627 4274
881 22665 524 4410
761 20189 572 4362
769 19282 625 4384
796 19476 588 4298
779 20210 544 4430
802 19438 542 4488
743 17853 660 4363
846 21259 598 4264
846 21259 598 4264
774 18589 679 4347
766 18993 632 4394
785 19310 546 4368
829 19560 515 4483
846 21259 598 4264
691 17496 643 4408
757 18807 590 4441
757 18435 624 4435
764 20467 579 4354
778 19255 631 4350
764 18918 645 4381
885 22677 540 4329
733 17879 654 4395
775 18968 644 4357
733 17879 654 4395
828 20887 542 4352
761 18742 572 4406
753 18668 679 4352
774 18768 632 4374
816 19468 542 4482
785 18745 567 4465
753 18668 679 4352
743 17853 660 4363
829 19560 515 4483
846 21259 598 4264
998 25212 532 4364
874 22606 617 4268
859 20527 515 4483
792 18537 632 4513
778 18550 701 4362
709 17538 643 4408
703 17754 643 4408
934 21949 552 4407
974 22252 626 4275
908 23231 524 4425
748 19253 599 4455
868 21362 561 4319
717 18014 648 4384
841 20111 686 4279
897 23068 543 4399
782 18506 660 4354
877 21817 547 4409
889 22993 543 4430
830 19259 698 4309
792 18665 632 4501
833 20526 584 4323
775 19155 585 4472
829 19560 530 4489
912 21720 592 4282
919 23149 544 4363
871 21260 569 4295
789 20214 555 4386
892 23072 615 4273
788 18931 679 4349
717 18014 648 4384
767 18812 606 4442
797 19267 567 4477
772 19447 581 4450
765 19940 588 4506
795 19493 558 4378
833 20590 627 4268
813 19980 610 4337
772 19702 625 4391
782 20201 571 4367
813 19321 700 4335
829 19766 515 4486
898 22384 543 4432
908 23231 524 4425
709 17538 643 4408
777 18929 639 4418
825 19787 624 4343
797 19388 670 4297
827 19203 657 4339
761 19430 604 4425
756 18729 679 4362
800 21038 603 4343
784 19941 617 4305
896 22389 543 4435
831 19027 682 4291
801 21052 582 4350
782 20800 582 4363
834 19303 663 4283
841 19482 653 4364
797 19388 670 4297
778 19466 593 4444
831 19027 682 4291
811 19633 645 4343
830 20099 555 4367
834 19303 663 4283
811 19633 645 4343
817 19879 588 4299
805 18903 648 4374
807 19619 650 4372
801 19780 636 4301
801 19780 636 4301
786 18927 599 4437
798 20047 640 4285
774 19848 590 4425
814 20187 663 4280
817 19879 588 4299
775 19844 599 4434
807 19619 650 4372
786 19483 560 4415
800 19430 595 4408
772 19447 581 4450
782 20800 582 4363
783 19738 654 4373
841 20111 686 4279
807 19105 700 4340
758 18807 679 4352
805 18903 648 4374
798 20047 640 4285
797 19492 560 4412
758 18807 679 4352
797 19492 560 4412
774 19848 590 4425
783 19738 654 4373
800 19430 595 4408
778 19466 593 4444
775 19844 599 4434
908 23231 524 4425
825 19787 624 4343
778 18550 701 4362
798 20047 640 4285
807 19105 700 4340
807 19105 700 4340
798 20047 640 4285
831 19027 682 4291
908 23231 524 4425
831 19027 682 4291
807 19105 700 4340
798 20047 640 4285
772 19447 581 4450
1012 25632 532 4364
1004 26337 532 4379
912 22008 543 4534
906 21499 638 4270
860 19222 711 4291
716 17770 690 4441
947 24301 564 4326
943 23754 554 4372
921 23084 543 4435
1012 25482 532 4368
883 23315 625 4299
749 18523 671 4433
807 19105 700 4343
737 18749 654 4422
788 18507 657 4409
801 18782 632 4513
792 20099 617 4307
778 18978 639 4418
783 19222 632 4525
892 21694 584 4348
892 22678 643 4299
782 19532 588 4487
911 21060 556 4499
822 20348 564 4478
872 22236 571 4301
819 21164 595 4394
835 19588 682 4290
899 22625 567 4336
849 20641 587 4357
841 20143 686 4279
854 20317 568 4463
844 19527 560 4500
738 19003 646 4417
888 21659 561 4353
857 19650 648 4406
827 20025 598 4355
806 19592 595 4448
829 19960 588 4311
897 21821 556 4405
816 19592 674 4313
805 19580 689 4332
905 22458 561 4348
864 20718 574 4419
868 22314 576 4337
849 18959 663 4383
868 22314 576 4337
838 21371 663 4275
783 18534 669 4403
1006 25492 532 4371
835 19857 630 4364
809 19485 596 4468
822 19531 639 4414
797 19770 612 4392
833 19855 686 4292
791 20168 629 4358
838 21371 663 4275
811 20909 560 4442
796 19360 660 4399
800 20036 645 4317
797 19770 612 4392
821 21121 604 4355
858 21532 558 4428
804 19837 632 4387
801 19432 596 4472
796 19962 607 4403
802 20216 576 4398
818 20825 628 4304
831 19078 682 4297
840 19814 639 4375
787 19856 628 4458
814 21327 559 4475
787 19856 628 4458
872 21608 557 4425
796 19962 607 4403
823 20171 674 4304
842 21496 557 4431
823 21540 572 4367
809 19679 626 4400
814 21327 559 4475
854 20751 572 4367
821 21121 604 4355
798 19494 674 4346
831 19078 682 4297
809 19940 659 4315
839 19383 669 4365
800 20036 645 4317
811 20909 560 4442
799 20108 570 4431
1012 25632 532 4364
872 21608 557 4425
799 20108 570 4431
809 19940 659 4315
809 19824 573 4423
839 19383 669 4365
809 19824 573 4423
809 19679 626 4400
809 19940 659 4315
835 19588 682 4290
809 19679 626 4400
796 19962 607 4403
1023 25910 532 4364
1017 25936 532 4364
1017 25329 709 4277
932 22597 543 4534
788 19019 656 4439
747 19151 663 4452
917 23526 583 4327
946 21881 684 4281
875 22726 640 4312
897 22536 598 4301
781 19071 639 4419
877 20939 686 4285
755 20031 665 4424
890 22021 561 4353
808 19545 610 4497
834 19929 702 4362
1019 25882 532 4371
848 20149 588 4476
804 19816 632 4396
822 20565 603 4467
886 22309 589 4365
793 20347 645 4400
832 20807 683 4339
841 20960 573 4425
853 21280 560 4452
843 19424 705 4403
888 21853 620 4376
810 20171 588 4522
853 21280 560 4452
867 20223 675 4336
841 20839 649 4375
807 19917 628 4505
836 20564 582 4512
880 20489 594 4434
892 21518 576 4408
854 21639 624 4346
835 21474 610 4389
822 20955 590 4432
829 19761 625 4456
785 20445 628 4513
847 20543 621 4410
842 21788 576 4382
858 21018 623 4333
822 21114 660 4336
856 21051 630 4345
835 19666 673 4402
826 19926 662 4393
750 19628 674 4421
868 19646 663 4384
811 20622 627 4433
860 20243 587 4455
843 20591 597 4422
841 20512 583 4456
828 20429 607 4436
813 19783 626 4401
828 20429 607 4436
860 20243 587 4455
815 20554 663 4382
1019 25882 532 4371
792 20817 663 4402
842 21788 576 4382
1019 25882 532 4371
1019 25882 532 4371
955 24990 611 4301
934 22080 698 4348
927 23038 561 4353
880 22432 686 4285
812 19696 655 4449
810 20062 629 4532
782 20287 644 4432
882 23940 655 4359
860 21382 568 4518
894 22584 574 4382
842 21793 619 4464
842 19795 648 4458
806 20200 637 4437
898 22974 616 4308
876 20465 661 4415
899 22137 623 4392
879 21833 674 4394
862 21140 598 4422
876 22165 591 4416
851 21184 658 4401
863 20965 649 4428
929 22936 637 4356
862 20799 655 4396
872 22218 619 4388
861 22249 648 4402
989 24443 726 4312
927 23159 561 4353
919 23077 728 4337
797 20565 688 4432
887 22806 674 4431
892 23066 646 4409
918 23510 578 4400
924 23621 666 4380
935 21116 696 4431
938 23118 693 4343
927 23159 561 4353
927 23178 590 4367
1005 25253 646 4375
957 23489 606 4403
948 23957 688 4443
939 24145 688 4384
948 24469 643 4437
959 23582 687 4400
1034 25145 633 4510
1025 26328 633 4422
996 24345 654 4411
1016 25375 662 4478
910 22282 622 4247
855 21982 726 4214
852 21425 803 4219
818 20604 549 4358
802 20043 549 4531
715 17519 671 4402
689 18581 602 4521
869 21467 755 4214
752 19457 573 4434
787 19826 590 4293
717 18766 623 4508
749 18437 646 4324
758 18773 553 4416
731 18101 701 4400
793 20278 551 4256
799 20999 592 4248
753 18896 629 4224
775 19654 575 4404
732 18577 580 4303
731 18101 701 4400
728 19146 672 4333
709 18805 653 4339
707 18681 623 4509
795 20184 578 4368
726 19222 653 4325
710 18403 623 4509
730 19219 653 4331
795 20184 578 4368
710 18403 623 4509
726 19222 653 4325
710 18403 623 4509
731 18101 701 4400
910 23409 648 4229
894 22008 755 4214
842 20644 549 4542
745 18199 685 4406
710 18409 623 4509
854 22310 580 4263
906 23222 664 4224
872 22065 574 4278
829 20410 708 4234
848 21146 695 4248
853 21947 674 4241
842 21523 737 4226
804 19797 569 4466
731 18204 701 4405
733 19114 623 4508
838 21316 677 4244
814 21127 556 4308
710 18409 623 4509
813 20977 569 4341
813 21525 613 4280
819 19821 664 4314
784 19070 584 4410
747 19703 653 4330
771 20239 651 4300
735 19215 626 4460
732 18722 685 4405
710 18409 623 4509
791 19531 580 4363
767 18580 638 4383
830 20757 595 4290
789 19870 603 4390
792 20053 720 4239
742 18794 614 4370
821 20375 581 4341
802 19506 608 4378
884 20810 576 4394
773 18785 635 4346
801 20859 632 4296
758 20069 571 4427
884 20810 576 4394
796 19272 599 4401
758 20073 571 4423
844 19998 644 4271
767 18605 638 4376
763 18908 616 4346
805 20755 613 4326
812 21484 642 4295
844 21507 621 4267
786 18930 720 4324
756 18586 638 4381
794 19902 642 4328
808 20350 553 4447
740 18971 701 4400
776 19515 593 4412
800 20824 607 4310
736 18876 628 4448
740 18936 593 4444
808 20342 591 4323
814 19873 662 4311
762 19080 573 4420
789 20758 636 4303
802 20034 654 4278
834 19986 625 4330
846 20279 569 4399
796 19272 599 4401
736 18876 628 4448
802 20297 591 4360
762 20026 653 4323
779 18904 720 4337
834 19986 625 4330
779 18904 720 4337
802 20297 591 4360
740 18936 593 4444
774 19237 662 4320
792 20053 720 4239
774 19237 662 4320
786 18930 720 4324
812 21484 642 4295
779 18904 720 4337
736 18876 628 4448
710 18409 623 4509
990 24739 737 4230
908 22403 755 4214
842 20667 549 4542
835 20821 554 4557
731 18278 701 4413
710 18445 623 4515
932 23519 566 4414
910 22120 737 4234
917 23293 650 4269
710 18445 623 4515
787 19607 710 4377
875 22220 679 4252
750 18808 644 4386
813 20448 743 4247
897 22841 634 4279
908 22403 755 4214
863 22887 620 4275
809 19996 613 4404
888 21920 571 4422
736 18956 628 4457
744 19165 685 4417
866 22666 674 4241
842 21908 689 4283
833 21552 647 4292
854 21159 598 4366
862 21889 607 4300
931 21693 587 4346
806 19314 704 4337
903 22357 574 4280
869 21633 559 4436
782 19675 662 4322
766 19183 640 4391
799 20385 620 4353
788 21253 670 4313
796 20226 593 4403
767 18585 638 4383
840 20715 606 4332
850 20507 641 4334
759 19461 628 4448
884 20955 588 4381
790 19117 668 4362
845 22041 573 4346
826 21711 665 4287
829 20426 571 4478
829 20426 571 4478
766 19769 589 4438
787 20657 579 4431
777 20475 649 4350
826 20264 662 4320
818 19265 581 4496
759 19461 628 4448
793 19819 651 4349
880 22604 573 4341
782 19675 662 4322
835 20821 554 4557
886 22474 580 4281
870 21450 590 4310
857 21417 708 4241
798 19531 638 4371
818 19265 581 4496
817 19799 625 4377
869 21715 596 4356
787 19094 606 4411
818 20018 583 4403
748 19020 631 4417
829 20741 708 4246
823 21617 620 4307
767 19503 573 4433
828 21381 601 4370
808 21509 643 4303
872 21683 679 4268
733 19154 623 4508
872 21683 679 4268
838 19846 610 4369
876 20906 583 4400
843 20613 649 4337
772 20453 673 4306
807 21344 673 4304
794 19405 622 4397
826 20631 569 4551
736 18956 628 4457
826 20631 569 4551
909 22576 566 4435
906 21174 581 4358
882 21390 641 4312
710 18533 623 4509
748 19020 631 4417
829 20902 610 4379
818 20018 583 4403
793 19819 651 4349
827 21901 596 4397
736 18956 628 4457
864 20701 609 4400
794 19405 622 4397
710 18489 623 4511
787 19607 710 4377
772 20453 673 4306
906 21174 581 4358
799 20385 620 4353
828 21422 610 4367
864 20701 609 4400
733 19154 623 4508
827 20895 611 4370
827 20895 611 4370
838 19846 610 4369
909 22576 566 4435
710 18471 623 4514
787 19094 606 4411
872 21683 679 4268
710 18471 623 4514
827 20895 611 4370
827 20895 611 4370
827 20895 611 4370
782 19675 662 4322
967 24272 579 4402
966 24562 589 4281
908 22405 755 4216
873 20576 833 4270
847 21685 556 4555
770 18660 724 4426
758 19799 623 4528
913 23012 622 4294
873 20576 833 4270
874 22541 662 4327
856 21308 708 4246
778 19299 692 4439
828 21515 603 4391
805 20699 595 4473
911 22201 737 4236
786 18755 682 4399
865 20338 581 4498
818 20261 629 4385
785 20150 597 4458
776 20150 625 4517
845 22602 715 4283
806 20390 658 4356
837 20126 726 4394
768 19913 736 4401
884 22265 641 4335
884 22192 611 4341
871 19462 636 4398
789 20627 589 4483
833 21273 588 4417
898 22061 583 4358
820 21198 585 4478
790 19796 621 4421
778 19299 692 4439
888 21970 721 4243
824 20997 579 4463
843 20436 610 4373
811 20184 642 4394
859 21364 620 4357
869 21043 663 4352
866 22156 670 4291
847 21140 639 4349
824 20554 573 4548
894 21738 721 4245
912 22699 575 4429
842 20690 569 4542
903 22679 702 4289
786 18755 682 4399
762 19912 720 4402
766 20155 613 4545
841 21229 608 4362
810 20932 618 4413
904 22440 609 4355
871 21968 571 4449
849 20883 605 4406
816 20486 589 4447
842 20690 569 4542
787 20741 640 4387
849 20883 605 4406
778 19638 659 4430
896 20945 627 4353
903 22679 702 4289
871 21968 571 4449
778 19638 659 4430
873 21349 575 4501
770 18660 724 4426
866 22156 670 4291
816 20486 589 4447
817 20787 594 4411
817 19815 581 4506
817 19794 596 4505
838 22672 627 4351
770 19682 689 4429
811 20184 642 4394
911 22201 737 4236
841 20898 612 4397
894 21738 721 4245
839 21344 611 4369
857 19891 616 4395
770 19682 689 4429
857 19891 616 4395
839 21344 611 4369
817 20787 594 4411
772 19809 689 4428
790 19796 621 4421
772 19809 689 4428
911 22201 737 4236
817 19815 581 4506
817 19794 596 4505
817 19815 581 4506
817 19815 581 4506
817 19815 581 4506
817 19815 581 4506
817 19815 581 4506
770 18660 724 4426
1009 25154 583 4361
957 23739 766 4224
946 23458 766 4230
842 20759 569 4542
794 19143 682 4405
782 19381 698 4491
982 24021 591 4370
804 20184 644 4423
830 20271 683 4386
929 24432 573 4463
1009 25154 583 4361
856 20703 734 4357
803 20771 616 4520
930 23105 704 4299
867 20473 581 4503
857 21437 708 4246
857 21404 737 4254
799 19796 631 4465
846 21108 653 4403
915 22347 737 4236
937 24122 626 4336
887 21952 647 4352
901 22483 587 4438
934 23233 632 4302
930 23881 672 4317
880 22554 594 4412
953 24189 578 4446
801 19716 659 4455
882 22252 606 4393
791 20758 619 4489
846 21543 662 4394
919 21822 693 4358
840 21827 637 4399
846 21518 594 4427
888 22216 680 4329
871 22914 680 4388
874 22107 611 4362
831 21499 639 4397
925 23604 609 4358
788 19243 682 4402
916 23890 696 4323
916 22989 674 4328
874 21319 618 4443
894 22914 609 4362
791 20432 628 4455
870 21438 589 4451
856 21742 593 4443
943 23125 631 4356
899 22488 609 4361
915 22347 737 4236
943 23491 766 4230
915 22347 737 4236
857 21437 708 4246
857 21437 708 4246
915 22347 737 4236
857 21437 708 4246
1011 25234 587 4433
961 23887 766 4230
850 21018 569 4552
822 19366 682 4409
790 21147 757 4472
975 23270 634 4335
857 21547 708 4246
803 19826 641 4494
792 20642 647 4502
950 23559 632 4302
864 21863 605 4493
935 22760 610 4436
861 21290 689 4391
796 19370 724 4413
892 22564 674 4460
886 23325 661 4422
953 22094 657 4369
903 21645 595 4542
911 22910 587 4527
950 23559 632 4302
899 23102 609 4368
916 22892 737 4239
892 23099 668 4378
916 22892 737 4239
961 23887 766 4230
934 23031 673 4410
859 21621 569 4551
1014 25246 769 4230
917 23183 620 4372
879 21668 737 4272
832 21998 775 4546
979 23939 707 4363
951 24075 639 4330
976 24105 737 4243
906 23712 634 4433
901 22191 711 4324
850 21805 725 4463
1014 25232 769 4235
946 24086 766 4264
885 21799 721 4279
865 21808 714 4455
1014 25433 769 4230
958 25526 640 4371
949 23498 628 4445
890 21894 728 4370
912 23002 737 4277
938 24476 630 4427
957 23897 698 4375
925 24040 647 4443
934 22428 722 4398
890 21938 744 4328
904 23384 725 4306
954 24063 714 4343
1092 26901 711 4416
995 24896 793 4279
983 24485 657 4470
932 23061 769 4288
913 23239 769 4458
928 23604 745 4346
891 21476 642 4211
810 20208 736 4181
798 18919 527 4358
762 19420 762 4220
713 16690 617 4361
694 17823 600 4488
691 16734 655 4385
851 21283 663 4203
776 19646 718 4222
820 20610 735 4189
755 17628 621 4246
794 20724 599 4226
818 18918 527 4357
743 17904 574 4251
706 18417 606 4428
726 18060 608 4297
695 17932 637 4273
797 20295 747 4216
812 21338 699 4197
814 19833 632 4216
716 17925 591 4470
762 19420 762 4220
757 18871 690 4230
726 18387 564 4374
810 20163 736 4185
760 18535 538 4239
736 18570 544 4290
728 18066 550 4393
714 18702 586 4384
738 17701 611 4404
733 17786 543 4379
757 18871 690 4230
706 18459 606 4420
716 17896 591 4474
728 18066 550 4393
724 18050 620 4357
726 18387 564 4374
727 17867 611 4406
706 18459 606 4420
714 17955 600 4484
714 18049 600 4482
714 18049 600 4482
728 17718 611 4406
714 17955 600 4484
716 17925 591 4470
727 17867 611 4406
727 17867 611 4406
714 17955 600 4484
714 17955 600 4484
728 17718 611 4406
727 17867 611 4406
970 24743 677 4214
819 18980 527 4358
810 20235 736 4183
790 19765 765 4244
718 17789 625 4501
691 16734 655 4387
891 21310 642 4217
825 19869 541 4357
712 18574 653 4293
748 19490 570 4307
798 20748 718 4234
863 20712 639 4229
723 17886 625 4480
785 20207 542 4333
810 20712 699 4240
716 18838 635 4444
877 20906 642 4227
733 18001 559 4435
769 18403 633 4369
693 16754 655 4385
734 18413 614 4354
726 19047 631 4410
818 20137 667 4226
720 17132 647 4381
777 19020 579 4304
718 17722 641 4496
744 19526 688 4271
784 20289 734 4222
722 18681 637 4273
720 17285 647 4366
810 20235 736 4183
746 18459 589 4264
788 19168 551 4259
790 20000 732 4225
797 18234 628 4388
745 18748 564 4373
781 19549 554 4247
813 19987 690 4239
720 18075 591 4485
731 18141 550 4393
735 18037 636 4401
810 20849 643 4238
735 18030 611 4406
716 17999 600 4484
716 17999 600 4484
777 19333 574 4250
745 18917 576 4368
777 19333 574 4250
777 19035 574 4267
735 18030 611 4406
716 18001 655 4361
728 18066 550 4397
718 17789 625 4501
745 18097 552 4396
745 18097 552 4396
728 18066 550 4397
728 18066 550 4397
728 18066 550 4397
918 23317 572 4260
900 23610 550 4340
819 19070 527 4358
810 20300 736 4190
784 20079 748 4262
718 17893 625 4501
710 17123 655 4395
710 17123 655 4395
755 18053 610 4452
852 20697 581 4316
720 17298 647 4381
860 22631 557 4335
826 20892 713 4253
878 21349 667 4226
793 20072 618 4264
774 20382 567 4387
819 21712 557 4345
767 19375 685 4302
838 21113 670 4234
891 21350 642 4217
769 19659 612 4289
862 22840 552 4354
866 21070 573 4299
751 18647 698 4275
835 20947 676 4236
734 18153 600 4431
821 21034 699 4227
813 19870 564 4324
801 19845 558 4356
754 19048 658 4344
746 19381 637 4264
812 20709 732 4243
816 21155 695 4257
770 20091 577 4379
735 18046 611 4406
734 18758 614 4354
763 19093 550 4393
784 20348 734 4224
765 18126 599 4419
756 19459 600 4389
825 21611 556 4340
728 18210 550 4399
891 21350 642 4217
862 20846 601 4252
809 21382 680 4255
812 19785 627 4271
805 21117 681 4260
765 19080 585 4368
731 18388 550 4396
784 20079 748 4262
863 20729 697 4236
824 21664 557 4351
767 19403 592 4333
749 20719 635 4325
735 18046 611 4406
767 19403 592 4333
823 19746 587 4256
765 18126 599 4419
808 21207 681 4249
749 20719 635 4325
731 18388 550 4396
765 19080 585 4368
728 18210 550 4399
812 20709 732 4243
812 19785 627 4271
764 20073 587 4389
770 20091 577 4379
808 21187 681 4252
754 19048 658 4344
784 20303 734 4226
891 21350 642 4217
823 19746 587 4256
808 21207 681 4249
891 21350 642 4217
765 18126 599 4419
957 22311 755 4212
905 23607 630 4254
891 21066 797 4200
744 18421 550 4397
733 19044 578 4485
710 17141 655 4395
710 17124 655 4398
917 22702 641 4253
728 18211 600 4484
861 21949 763 4209
803 20346 778 4234
739 18829 592 4446
900 23592 552 4354
851 22040 573 4327
837 21437 732 4243
737 18940 583 4408
820 20349 600 4337
912 22430 591 4260
765 18143 617 4422
787 19520 647 4264
769 19573 637 4274
775 19199 706 4314
878 21349 667 4231
790 20112 610 4383
908 21853 667 4220
829 19243 700 4286
844 21807 557 4352
807 20745 748 4262
808 19912 592 4375
733 17722 655 4394
710 17141 655 4395
831 21942 596 4284
837 21437 732 4243
751 20029 691 4301
794 19472 706 4310
772 19408 692 4326
779 18850 623 4365
770 19560 686 4295
796 21478 614 4347
878 21356 688 4229
732 19461 606 4431
831 20179 604 4276
741 18765 658 4355
750 19768 673 4316
831 21256 689 4253
845 21505 747 4216
823 19710 607 4395
741 17925 655 4390
765 19133 674 4347
741 18420 550 4400
845 21505 747 4216
749 19806 747 4333
814 19987 565 4355
779 18850 623 4365
807 20745 748 4262
811 20303 747 4226
762 18795 747 4329
838 21100 699 4227
896 21355 667 4225
814 19987 565 4355
778 19769 566 4395
827 21962 557 4351
775 17729 655 4391
730 18561 613 4430
741 17925 655 4390
756 18965 747 4329
734 18858 614 4354
838 21100 699 4227
730 18561 613 4430
770 19560 686 4295
827 21962 557 4351
831 20082 617 4329
765 19133 674 4347
730 18561 613 4430
772 19408 692 4326
775 19199 706 4314
756 18965 747 4329
744 18421 550 4397
845 21505 747 4216
775 17729 655 4391
976 24366 591 4280
900 23610 552 4354
845 21563 747 4216
792 19697 756 4287
732 18223 602 4501
714 17569 655 4410
714 17569 655 4410
956 24149 695 4221
769 18811 616 4448
745 18518 579 4472
855 22526 597 4321
730 18361 600 4487
908 21715 667 4226
893 23523 638 4281
737 18222 625 4501
824 20077 612 4417
762 17723 655 4395
775 19199 706 4325
784 19510 630 4386
868 20672 698 4265
907 23611 718 4226
877 21981 726 4252
868 21947 716 4263
844 21807 557 4357
831 21473 572 4395
873 23116 616 4291
788 20025 705 4269
819 20978 608 4391
778 19898 679 4318
816 19086 627 4370
885 21686 673 4239
900 23610 552 4354
827 20538 597 4376
837 21657 581 4367
801 21071 640 4302
845 21491 747 4234
844 21677 732 4246
877 21981 726 4252
775 19649 651 4339
840 20454 620 4336
785 20154 683 4285
759 19003 614 4413
741 19024 640 4371
855 21144 644 4292
873 23116 616 4291
791 21297 673 4293
835 21608 610 4358
789 19660 659 4323
822 21454 748 4234
829 20270 644 4339
844 21677 732 4246
766 19625 614 4354
846 21123 610 4369
831 20388 670 4300
798 19870 656 4319
777 19862 686 4306
784 19667 686 4292
799 20658 669 4301
837 20366 622 4300
756 19520 614 4368
749 18274 655 4390
777 19862 686 4306
819 20272 651 4333
819 20272 651 4333
908 21574 667 4227
749 18274 655 4390
822 21454 748 4234
791 21297 673 4293
756 19907 686 4322
908 21715 667 4226
908 21715 667 4226
756 19907 686 4322
908 21715 667 4226
908 21715 667 4226
986 23667 583 4379
964 25988 634 4317
957 23356 574 4409
910 22345 667 4226
759 19381 757 4383
744 18656 627 4501
739 17575 684 4410
965 24713 579 4376
763 19088 623 4419
763 19442 616 4466
831 21064 599 4468
859 21967 652 4354
928 21928 727 4250
751 18921 580 4476
779 17974 720 4408
807 20769 736 4274
815 21456 710 4277
916 22651 662 4294
899 22871 704 4242
892 23104 655 4305
843 22344 633 4344
898 21934 694 4257
907 22099 588 4372
870 23098 641 4314
752 19096 645 4396
824 20630 741 4302
877 22192 726 4252
801 20395 748 4284
792 20023 614 4371
890 21489 638 4328
840 21497 686 4301
883 21765 602 4389
792 20684 693 4292
783 20151 721 4317
881 21735 603 4409
907 23552 688 4282
773 20044 627 4404
903 22329 709 4247
822 21457 748 4237
822 20673 671 4328
778 19708 668 4341
805 19764 621 4364
778 19532 747 4326
806 20089 698 4303
789 19744 644 4399
776 19907 663 4381
781 19867 730 4314
782 18680 730 4393
822 19437 732 4362
881 22527 585 4409
792 20440 640 4358
790 19731 629 4362
783 20042 686 4323
932 22608 772 4242
927 23175 726 4248
910 21716 806 4287
819 19206 650 4398
792 19982 582 4494
754 19641 614 4509
923 21690 657 4328
861 22001 735 4295
828 20869 682 4344
771 19737 694 4402
759 19399 757 4383
873 22215 790 4289
805 20279 617 4447
825 20181 704 4350
877 22261 726 4252
843 22587 673 4347
790 20488 632 4365
807 19265 633 4440
889 22273 622 4368
836 20754 669 4355
888 21846 618 4373
820 20700 625 4376
812 19807 655 4393
800 20394 635 4366
837 19718 675 4373
806 20258 636 4375
806 19811 632 4394
1002 25024 711 4345
908 22445 774 4252
856 21767 629 4440
814 19967 634 4420
921 22450 672 4381
887 23238 641 4392
893 23048 644 4368
831 20595 674 4394
839 20903 640 4400
853 21950 659 4383
859 20889 655 4394
818 20147 674 4419
915 23054 647 4396
897 23124 650 4372
845 21318 672 4445
821 20531 647 4479
905 22972 654 4411
917 23715 669 4456
908 23153 561 4264
890 20709 532 4382
876 23275 692 4224
781 19847 537 4482
775 19833 746 4268
718 17750 577 4457
687 17801 555 4477
904 22600 599 4266
872 21793 628 4237
782 19316 730 4275
705 17982 567 4470
743 18807 707 4276
832 21165 562 4315
819 18167 610 4398
720 18462 619 4307
747 19152 654 4280
851 21502 559 4285
833 19455 607 4299
805 20374 687 4243
824 19676 555 4365
768 19338 583 4411
785 19760 535 4347
750 18913 686 4288
860 22446 558 4297
777 18619 542 4371
757 19346 574 4408
807 19945 648 4241
800 20011 637 4298
744 18073 669 4355
741 19033 642 4296
763 18371 591 4440
774 18934 562 4435
793 20090 585 4312
741 18727 585 4313
812 20335 548 4327
713 18455 592 4447
863 20591 532 4390
866 21746 541 4337
717 18638 566 4464
794 18779 578 4335
890 20709 532 4382
744 18073 669 4355
846 21734 628 4289
756 18760 550 4445
803 20336 557 4321
774 18621 586 4358
846 21734 628 4289
745 18702 576 4451
858 22459 558 4305
775 19445 538 4391
812 20335 548 4327
821 20629 621 4305
770 18418 591 4436
890 20709 532 4382
770 18418 591 4436
821 20629 621 4305
781 19847 537 4482
821 20629 621 4305
781 19847 537 4482
781 19847 537 4482
1082 26726 553 4358
890 20788 532 4382
871 21450 653 4242
807 20259 741 4245
798 20488 537 4484
694 17925 555 4477
961 24225 543 4378
766 19367 730 4283
763 19013 669 4344
713 18475 592 4447
904 23474 628 4289
741 19033 642 4301
849 20915 663 4253
909 22907 552 4367
916 21874 577 4298
744 19605 628 4422
835 21759 564 4374
789 18821 585 4348
762 19442 730 4293
864 22029 568 4304
770 19883 585 4459
786 19007 654 4373
861 21202 663 4251
857 19961 623 4318
769 19510 593 4434
825 20267 611 4326
881 22413 566 4335
806 20747 582 4331
845 21083 557 4338
845 20370 605 4312
789 20229 543 4438
858 22506 558 4305
768 19114 615 4419
751 19692 597 4391
778 19377 592 4441
779 20158 584 4473
785 19598 599 4391
886 20827 575 4401
864 21392 626 4306
770 19883 585 4459
780 19347 599 4398
825 20047 621 4312
794 19303 596 4330
815 19966 571 4416
841 19750 576 4388
815 19966 571 4416
796 19846 667 4300
783 19355 559 4419
807 19175 576 4408
844 19719 579 4335
779 19522 607 4362
853 20070 653 4291
881 20848 558 4401
785 19907 576 4368
762 19680 612 4407
810 19723 583 4405
825 20047 621 4312
841 19670 576 4400
794 20046 653 4299
796 19211 607 4328
814 19361 607 4327
779 20158 584 4473
796 19211 607 4328
810 19723 583 4405
864 21392 626 4306
779 20158 584 4473
814 19361 607 4327
841 19670 576 4400
1003 25077 630 4309
907 23463 776 4247
898 20952 532 4382
760 18326 667 4519
713 18480 592 4447
909 24142 658 4291
958 23796 577 4335
743 19093 642 4301
942 22896 581 4334
782 19473 730 4283
907 23463 776 4247
870 21181 697 4298
858 21310 674 4264
762 18454 667 4503
838 20433 712 4299
877 21611 546 4440
807 20259 741 4249
881 21503 605 4323
854 22596 584 4387
813 19323 615 4343
892 21374 566 4427
800 18932 585 4366
858 22102 561 4430
863 22572 578 4390
754 19028 555 4484
905 22197 558 4366
861 21800 621 4331
749 19963 636 4428
883 22287 558 4414
843 19710 596 4353
834 20348 631 4326
760 18326 667 4519
829 19583 576 4418
823 19224 627 4337
777 20878 612 4394
872 22819 569 4374
819 20186 576 4462
765 20015 623 4409
755 19650 580 4481
807 20259 741 4249
807 19861 573 4475
803 20804 581 4388
820 20555 683 4299
872 22819 569 4374
796 19818 585 4361
808 19309 626 4329
862 21615 573 4408
799 20047 581 4432
861 21202 663 4253
795 19590 589 4416
820 20555 683 4299
793 20594 598 4362
792 20284 555 4482
873 20493 585 4339
842 19882 576 4398
861 21202 663 4253
826 21233 563 4433
777 20878 612 4394
770 20335 635 4398
816 19985 601 4354
780 19493 599 4406
785 20170 593 4425
802 20645 569 4471
802 20645 569 4471
874 20180 603 4332
877 21596 564 4374
883 22287 558 4414
819 20186 576 4462
780 19493 599 4406
827 20326 578 4425
792 20284 555 4482
754 19028 555 4484
785 20170 593 4425
856 20522 585 4336
770 20335 635 4398
770 20320 620 4406
816 19985 601 4354
820 19846 596 4341
826 21233 563 4433
770 20320 620 4406
811 19606 622 4334
811 19606 622 4334
820 19846 596 4341
843 19710 596 4353
827 20326 578 4425
861 21202 663 4253
1028 26052 584 4363
908 21141 532 4382
907 23463 776 4249
814 19036 793 4457
780 18501 667 4515
745 19960 596 4469
927 21119 606 4336
824 20703 741 4254
822 20021 683 4312
782 19552 759 4308
756 18552 667 4507
886 22317 608 4331
905 23287 563 4454
872 21884 582 4410
831 22712 599 4358
873 21581 566 4439
821 19347 616 4345
754 19191 642 4313
858 21377 674 4286
899 22110 621 4332
869 22312 577 4451
772 19603 555 4486
862 21476 576 4462
891 21219 675 4295
837 20624 654 4309
753 19558 659 4351
794 20318 555 4484
772 19103 671 4431
784 20385 632 4432
793 20545 623 4433
890 21983 586 4337
814 19036 793 4457
875 21075 576 4398
770 20335 635 4399
759 19753 598 4478
801 19477 591 4437
810 20834 636 4332
847 21352 594 4374
774 19210 640 4453
797 20524 589 4378
745 19960 596 4469
853 21199 583 4433
830 21272 580 4465
816 20213 589 4404
861 21250 663 4253
861 21349 593 4373
816 20133 609 4405
759 19753 598 4478
858 21377 674 4286
840 20400 601 4354
835 19953 600 4405
799 20314 640 4391
871 20833 598 4360
840 20400 601 4354
891 21219 675 4295
758 20013 580 4482
794 20318 555 4484
822 20021 683 4312
874 21419 595 4358
873 20613 587 4397
806 20307 590 4399
772 19103 671 4431
799 20314 640 4391
833 21117 555 4482
806 20307 590 4399
816 20133 609 4405
873 20613 587 4397
891 21219 675 4295
1017 26447 710 4264
927 21355 532 4385
848 20793 748 4280
847 21352 741 4254
785 18697 679 4513
759 19413 728 4607
747 19996 674 4534
1011 25709 729 4270
987 23496 616 4339
924 23810 569 4383
762 19087 728 4586
774 19924 555 4520
927 21383 532 4382
877 21977 721 4277
779 20050 563 4490
830 19774 635 4425
881 22234 577 4418
836 20732 627 4360
806 19944 642 4436
902 22804 642 4317
872 21780 593 4391
862 21508 674 4284
891 22074 587 4400
906 23134 659 4310
817 21454 593 4458
927 21383 532 4382
791 20106 661 4452
861 20511 657 4317
752 20235 651 4533
925 23633 580 4387
865 23281 729 4271
799 20003 603 4487
759 19413 728 4607
847 21368 648 4319
845 20100 623 4356
814 20400 599 4405
772 19191 666 4421
808 20838 594 4385
861 22518 594 4376
799 19638 676 4314
823 19836 630 4379
861 22020 737 4304
788 20333 651 4379
798 20784 617 4454
825 19871 621 4420
912 22314 569 4398
811 20455 606 4425
767 20044 663 4474
912 22314 569 4398
808 19776 650 4337
845 21365 745 4263
878 22023 670 4313
909 20811 590 4380
861 22020 737 4304
783 19315 664 4316
781 20638 664 4414
911 22314 593 4372
779 20158 607 4488
807 20659 596 4476
847 21352 741 4254
845 20100 623 4356
904 22758 593 4386
767 20044 663 4474
763 19254 672 4407
911 22295 587 4390
911 22295 587 4390
763 19254 672 4407
806 20700 623 4413
747 19996 674 4534
779 20158 607 4488
808 19776 650 4337
807 20659 596 4476
904 22758 593 4386
927 21383 532 4382
861 22020 737 4304
759 19413 728 4607
1004 24738 618 4367
948 24803 729 4272
940 21677 532 4382
907 23529 776 4255
783 19164 728 4603
754 20507 661 4537
938 23825 563 4411
877 21611 654 4319
827 20129 634 4495
916 22173 685 4291
845 21681 707 4314
794 20873 572 4490
897 22878 599 4385
760 20364 662 4552
809 20242 592 4539
763 20088 682 4468
784 20728 751 4342
771 19720 692 4588
857 20107 627 4359
786 19957 613 4534
939 24327 729 4276
788 21091 721 4384
772 19191 666 4425
847 21437 741 4259
913 22559 696 4295
779 20183 607 4488
807 20776 675 4394
848 21418 621 4398
834 20424 667 4316
885 22777 689 4301
815 20552 627 4469
900 22610 703 4293
784 19402 678 4419
889 22179 722 4280
825 20729 727 4339
820 20901 615 4406
820 20698 625 4418
878 21645 691 4306
769 19813 692 4588
817 21627 599 4410
816 20533 612 4420
889 22179 722 4280
769 19813 692 4588
772 19191 666 4425
969 24637 569 4431
957 24867 729 4275
952 23007 547 4436
853 21707 748 4261
775 19263 678 4493
942 23665 654 4368
792 19987 676 4455
916 24350 600 4393
823 21634 612 4472
861 21570 741 4271
887 23273 687 4319
921 23376 701 4317
839 21931 606 4459
837 20651 664 4481
902 23414 612 4420
906 21812 705 4338
957 24867 729 4275
836 20793 719 4333
836 20793 719 4333
914 21902 657 4334
957 24867 729 4275
978 24812 707 4317
958 24895 729 4283
958 24895 729 4283
886 22490 747 4437
871 22147 648 4486
814 20000 700 4483
955 22682 660 4357
892 23432 697 4343
938 24133 697 4326
866 22617 744 4317
956 23499 648 4441
974 24381 736 4396
928 23151 774 4361
957 23465 570 4181
837 21704 514 4435
818 19090 727 4232
724 18776 544 4443
684 17399 655 4308
680 17721 567 4419
929 22348 571 4234
892 22911 617 4194
746 19222 682 4210
879 22169 520 4391
786 19549 637 4250
860 21852 573 4273
743 18104 655 4305
766 17721 591 4280
788 20496 581 4222
728 18734 561 4358
834 20008 634 4191
740 19078 608 4326
891 21430 622 4190
784 18631 574 4284
781 19889 673 4246
783 20703 535 4385
841 21256 540 4328
798 19407 549 4344
816 20615 622 4204
872 20739 613 4200
750 19404 581 4297
759 18859 557 4405
819 20810 570 4276
825 19667 676 4238
705 18051 586 4336
721 17931 586 4340
747 18830 518 4420
778 19629 579 4279
831 21371 617 4215
691 18027 546 4415
865 21983 529 4280
743 18918 536 4352
688 17804 567 4415
753 19045 554 4336
735 18985 529 4439
830 19787 616 4241
803 19637 546 4331
829 21186 545 4282
801 18917 534 4335
758 19180 557 4332
739 18999 542 4436
737 18674 557 4413
735 18985 529 4439
721 17931 586 4340
782 18747 559 4280
829 21186 545 4282
721 17931 586 4340
737 18674 557 4413
735 18985 529 4439
995 25701 540 4284
962 23979 908 4185
801 19638 518 4423
735 19007 529 4439
707 17436 655 4308
691 18027 567 4419
753 19406 727 4257
736 18291 591 4383
839 22433 636 4214
882 21465 620 4208
739 18439 586 4340
759 18886 557 4405
860 21923 545 4286
902 21441 616 4236
749 19258 711 4263
743 18946 536 4352
722 18814 557 4428
770 20054 684 4213
943 20922 603 4281
707 17436 655 4308
691 18027 567 4419
902 21175 598 4268
813 21233 611 4239
816 19608 676 4265
741 19061 547 4416
796 19203 562 4311
841 20375 657 4260
784 18954 632 4320
850 20600 639 4262
784 18954 632 4320
811 19038 646 4304
857 22197 605 4222
943 20922 603 4281
753 19406 727 4257
808 20781 673 4269
757 19321 683 4236
875 20721 622 4229
722 18814 557 4428
793 19712 568 4347
772 19893 623 4298
803 20847 577 4288
794 20501 578 4300
875 20721 622 4229
834 20002 581 4308
857 22197 605 4222
806 19800 540 4350
832 21323 574 4309
841 21039 632 4271
792 19181 584 4288
832 18959 603 4296
772 20049 604 4308
847 20151 676 4239
840 21031 616 4280
787 19721 518 4420
786 20373 607 4295
786 20373 607 4295
847 20151 676 4239
743 18946 536 4352
787 19721 518 4420
840 21031 616 4280
838 20751 620 4282
838 20751 620 4282
832 18959 603 4296
965 25168 609 4273
927 23263 760 4211
757 19711 529 4439
743 19568 542 4456
691 18031 567 4419
900 23769 609 4279
928 22039 654 4233
903 21898 636 4235
794 20729 698 4254
740 19282 659 4365
919 21185 662 4285
844 20506 685 4269
927 23263 760 4211
818 21223 683 4297
840 22449 670 4220
785 18570 746 4393
800 21234 713 4223
774 19940 744 4301
879 22211 555 4336
767 19439 557 4402
804 20121 538 4366
747 18985 577 4414
921 22773 566 4289
876 21305 616 4263
751 19535 545 4441
776 20014 547 4382
781 19398 536 4381
853 21954 609 4298
799 19945 545 4370
823 20069 573 4311
742 18749 609 4344
858 21719 613 4282
860 20018 634 4299
833 20645 684 4279
789 19470 600 4350
824 20089 569 4325
773 20178 727 4331
785 18570 746 4393
820 21549 582 4358
841 21591 565 4341
843 21024 625 4293
781 19565 596 4352
839 22230 601 4306
778 19367 557 4414
871 21348 625 4275
747 19173 557 4428
776 20530 636 4321
841 22114 627 4282
885 22167 601 4294
757 19490 529 4440
888 20553 589 4304
785 19789 722 4262
799 20241 719 4343
783 19164 571 4359
802 20223 587 4329
921 22773 566 4289
746 19628 557 4421
878 21518 670 4256
839 22460 636 4214
802 19395 625 4305
841 20216 706 4304
747 19173 557 4428
868 19626 603 4291
760 19706 529 4439
874 21700 654 4261
868 19626 603 4291
750 19318 557 4417
888 20553 589 4304
773 20178 727 4331
781 19824 546 4359
823 21254 636 4271
785 18570 746 4393
841 20216 706 4304
823 21333 685 4214
740 19282 659 4365
767 19355 571 4363
874 21700 654 4261
773 20178 727 4331
740 19282 659 4365
767 19355 571 4363
878 21518 670 4256
820 20690 720 4301
820 20690 720 4301
799 20241 719 4343
767 19355 571 4363
878 21518 670 4256
878 21518 670 4256
927 23263 760 4211
927 23263 760 4211
927 23263 760 4211
927 23263 760 4211
927 23263 760 4211
927 23263 760 4211
878 21518 670 4256
785 18570 746 4393
740 19282 659 4365
951 24075 760 4211
918 24238 609 4279
884 21587 781 4241
757 19731 529 4439
691 18049 567 4419
743 18759 667 4387
927 23263 760 4212
845 20206 552 4407
821 22236 541 4368
865 22087 713 4224
921 22818 566 4289
859 21867 575 4330
859 21910 713 4237
815 20206 644 4317
827 20655 606 4318
838 21054 721 4287
862 20997 589 4334
924 22290 632 4290
795 19489 600 4361
780 18876 745 4378
765 18906 688 4348
801 19228 643 4374
747 19269 659 4353
881 21478 766 4251
853 22250 756 4267
915 22608 670 4261
857 21223 737 4269
799 20050 566 4425
780 20452 727 4344
857 22703 636 4214
823 20815 603 4358
765 18906 688 4348
859 20180 626 4340
834 20754 661 4307
793 19909 638 4353
898 21591 654 4266
793 20446 552 4433
827 21501 676 4288
808 20522 655 4308
881 21478 766 4251
856 20925 717 4295
904 22721 624 4273
840 20996 698 4278
884 21587 781 4241
825 20693 538 4374
836 20551 596 4313
802 19957 622 4351
779 20089 597 4418
885 22033 635 4271
779 20089 597 4418
873 20005 632 4304
840 20433 538 4432
843 21658 593 4353
780 20163 610 4348
894 21211 619 4296
850 21484 641 4302
859 21649 703 4259
856 21018 732 4271
915 22608 670 4261
867 21802 682 4277
851 20943 773 4259
780 18876 745 4378
911 21765 688 4257
853 20692 619 4311
909 20042 603 4296
830 21327 685 4292
817 20330 706 4311
873 20005 632 4304
815 20509 583 4362
867 21802 682 4277
841 22040 666 4292
830 21327 685 4292
911 21765 688 4257
890 19959 656 4300
844 21116 708 4274
890 19959 656 4300
785 19474 571 4363
844 21116 708 4274
815 20509 583 4362
853 19426 706 4345
893 21416 669 4273
851 20943 773 4259
853 19426 706 4345
898 21591 654 4266
817 20330 706 4311
921 22818 566 4289
747 19269 659 4353
841 20175 713 4344
893 21416 669 4273
785 19474 571 4363
785 19474 571 4363
785 19474 571 4363
785 19474 571 4363
841 22040 666 4292
825 20693 538 4374
840 20433 538 4432
898 21591 654 4266
898 21591 654 4266
943 22646 664 4284
925 24439 609 4279
901 22869 636 4214
868 21097 777 4283
787 19731 537 4443
757 19755 529 4439
695 18059 567 4419
865 22152 713 4224
792 18880 682 4400
830 20787 735 4321
940 23316 538 4436
902 22804 636 4276
780 19064 720 4372
765 19585 689 4364
895 22209 543 4415
825 21084 604 4359
841 20296 716 4331
814 21671 661 4344
933 22926 566 4289
894 22956 674 4309
834 20492 646 4325
930 22514 578 4352
848 21357 579 4366
803 19734 573 4369
852 21910 604 4323
915 22593 708 4283
881 21305 631 4329
901 22165 566 4384
889 21186 703 4297
849 21523 613 4317
877 21588 706 4304
927 22669 649 4281
836 21649 620 4317
848 21812 679 4307
889 21186 703 4297
846 21587 626 4342
846 21587 626 4342
1029 25495 793 4228
1024 26112 568 4346
984 23891 888 4218
954 24064 924 4227
882 21507 537 4443
776 18318 711 4487
717 18369 567 4420
791 19409 624 4419
769 20348 539 4443
986 25383 649 4278
867 21154 537 4447
816 20155 577 4376
814 21256 633 4378
861 21688 699 4332
865 22012 585 4373
954 22273 844 4263
903 22031 872 4287
958 22561 903 4262
915 23680 755 4240
932 22655 746 4294
940 23312 682 4242
908 22402 724 4302
910 22878 780 4266
910 23392 670 4256
930 23175 626 4324
985 23745 624 4307
921 21691 649 4328
908 21869 635 4330
905 23028 717 4274
887 23130 717 4243
936 22772 717 4243
930 22732 785 4235
954 24064 924 4227
910 23392 670 4256
919 22870 708 4264
936 22772 717 4243
930 22732 785 4235
954 24064 924 4227
954 24064 924 4227
1068 27414 826 4236
935 23627 920 4278
882 21604 537 4443
740 18431 729 4523
1008 26389 870 4238
973 24036 640 4328
796 20306 578 4426
1064 27278 826 4239
961 23316 628 4373
842 18933 775 4441
914 23929 722 4290
863 22142 597 4389
762 19551 639 4424
999 25124 758 4243
904 22749 698 4385
786 18702 711 4471
845 21775 585 4392
957 24110 689 4250
773 19427 582 4496
948 24382 801 4243
774 19958 604 4442
993 24365 874 4242
741 18799 729 4499
943 24183 742 4264
788 18933 727 4461
926 23977 759 4268
942 23047 896 4251
892 21788 628 4386
744 19512 585 4444
940 24765 758 4257
932 23954 783 4247
939 23168 892 4238
1094 27565 826 4236
1084 27878 826 4236
1015 25824 947 4238
867 20745 579 4488
741 18450 729 4523
740 18589 729 4523
947 25044 865 4284
758 19653 642 4449
855 21840 588 4426
864 22069 714 4395
895 22686 656 4403
989 24742 742 4253
958 23890 945 4239
1084 27878 826 4236
1028 26168 947 4240
987 25033 964 4251
