3 0.682582
958 23399 661 4305
940 22903 571 4562
902 21881 773 4298
810 20694 610 4652
759 18212 702 4440
748 19233 730 4500
875 21740 746 4355
818 21129 751 4354
761 19769 627 4630
850 21752 634 4434
770 19496 714 4386
821 20137 587 4525
954 23081 652 4382
837 22173 676 4326
918 22704 608 4406
932 22494 661 4313
831 19841 622 4486
757 18863 675 4455
821 20105 597 4536
796 20075 668 4373
753 19321 730 4495
828 21397 655 4371
950 21359 630 4411
784 19845 663 4403
814 20267 596 4446
923 22245 628 4400
792 20397 690 4360
769 18539 687 4416
809 19616 697 4392
755 19703 656 4650
792 19099 675 4434
760 19186 668 4425
785 19129 682 4399
764 18551 624 4453
751 18746 690 4497
842 21371 628 4436
813 18770 657 4417
793 18637 688 4399
809 19616 697 4392
961 23628 649 4421
952 23215 661 4313
829 20580 587 4525
818 21136 751 4354
810 20757 610 4652
759 18394 702 4440
757 19357 746 4490
903 22906 655 4385
874 22498 724 4356
813 21211 633 4597
761 19777 627 4630
864 23036 604 4514
880 23087 734 4346
790 20237 646 4569
876 21535 614 4468
819 20434 618 4475
896 21789 673 4420
766 18576 697 4454
858 21902 654 4439
773 19898 714 4412
785 19185 682 4414
846 20660 664 4446
846 20002 651 4490
836 20141 652 4459
775 19434 708 4426
863 21002 610 4523
809 19650 697 4392
961 23287 652 4385
795 18928 687 4437
862 21344 746 4368
788 19075 687 4436
858 21354 746 4363
846 20253 731 4383
790 20237 646 4569
824 19234 659 4500
800 19291 697 4402
817 20513 628 4456
884 23062 712 4368
887 21803 652 4441
830 19543 671 4426
787 18776 697 4444
809 20607 678 4374
799 20329 659 4459
768 19275 678 4499
831 19485 659 4493
823 19870 659 4450
814 19630 697 4399
790 19459 671 4432
818 21136 751 4354
977 23831 652 4385
969 23339 661 4313
948 24108 746 4347
862 21333 791 4362
848 20615 587 4525
810 20810 610 4656
759 18436 702 4440
795 18960 687 4437
786 20001 656 4638
841 21276 771 4404
936 22341 690 4387
833 20657 671 4560
811 20458 664 4626
826 20512 666 4584
954 23461 661 4321
939 23398 609 4514
913 23675 639 4456
875 22937 734 4365
772 19470 678 4499
823 21300 751 4366
920 23713 663 4443
916 23190 625 4512
905 23039 643 4464
893 22940 724 4356
915 22644 791 4355
818 19897 697 4413
811 21120 659 4573
841 20673 657 4526
885 22666 680 4420
955 23305 661 4314
873 21973 635 4481
873 21816 630 4504
869 21521 747 4390
899 22044 672 4426
853 19664 750 4401
802 19374 687 4436
842 22184 646 4565
943 20922 633 4514
788 19484 716 4429
888 22192 708 4403
855 22573 658 4492
827 19403 717 4405
857 22929 746 4377
858 20712 651 4485
919 23157 687 4407
821 21003 652 4504
847 20692 646 4499
805 19528 707 4408
898 20343 666 4465
807 20477 696 4430
895 22661 681 4422
887 21564 652 4459
855 20545 657 4518
806 20283 675 4502
811 19763 675 4433
887 21523 652 4468
874 21610 667 4483
888 21533 628 4488
895 20594 657 4490
806 20283 675 4502
874 21610 667 4483
857 22929 746 4377
809 19563 675 4435
869 21521 747 4390
809 19563 675 4435
802 19374 687 4436
809 19669 687 4429
809 19669 687 4429
874 21610 667 4483
874 21610 667 4483
1022 23415 671 4417
960 23942 706 4327
940 24953 669 4456
898 21666 818 4394
880 21981 610 4528
831 20686 664 4648
781 18892 721 4448
772 19470 678 4502
863 22259 634 4600
849 21742 643 4558
877 21527 629 4530
999 23438 686 4415
866 22014 787 4383
893 23009 724 4356
955 24663 691 4432
855 20889 646 4518
924 22085 732 4405
982 23881 702 4396
986 24126 652 4385
936 22631 717 4402
947 24897 639 4489
892 21927 764 4370
849 21646 650 4622
916 22550 727 4407
774 19372 712 4464
829 21171 652 4512
870 23248 746 4383
834 21569 777 4395
826 21627 768 4410
845 20646 698 4427
906 23224 629 4520
955 22971 705 4407
808 19812 716 4416
867 21627 634 4633
843 20553 711 4408
921 23123 643 4464
810 20053 675 4447
989 23246 701 4418
772 19485 707 4492
834 20107 675 4435
791 19897 707 4484
795 19052 687 4437
874 21691 667 4483
795 19052 687 4437
831 20686 664 4648
887 21557 652 4468
912 23661 631 4502
780 18923 716 4445
840 20620 675 4433
892 22214 631 4505
876 21680 752 4403
957 23678 669 4402
888 22044 759 4381
867 21173 667 4486
772 19470 678 4502
888 22044 759 4381
884 23421 658 4496
876 21812 747 4393
884 23421 658 4496
820 19862 687 4436
808 19812 716 4416
876 21812 747 4393
820 19862 687 4436
843 20553 711 4408
867 21173 667 4486
876 21812 747 4393
1057 24848 686 4398
993 25620 650 4505
907 22870 621 4612
895 23431 782 4360
894 22486 871 4377
890 23278 631 4653
797 19158 687 4437
780 19181 767 4545
822 20886 806 4432
894 22486 871 4377
1057 24848 686 4398
935 24181 753 4379
900 21990 643 4558
782 20163 760 4492
922 23111 775 4367
860 20997 671 4592
1019 24038 686 4402
994 25339 665 4484
1006 25086 662 4410
963 25009 672 4421
859 20937 681 4443
814 20586 684 4473
944 22312 671 4469
876 21818 747 4395
973 22859 715 4411
984 24102 705 4428
948 22839 652 4486
915 22293 698 4432
1015 23926 686 4422
819 20311 678 4495
840 21432 667 4617
789 20181 678 4502
902 22268 636 4527
865 21642 675 4482
888 21680 711 4415
898 22999 781 4373
824 21137 677 4624
843 21348 671 4554
876 21115 724 4424
905 22189 778 4387
832 20938 675 4492
874 21174 670 4513
942 23281 728 4362
849 21157 732 4410
882 21773 656 4632
856 21417 766 4408
906 22645 629 4529
847 21196 671 4602
867 20569 731 4430
906 22570 629 4536
851 21365 669 4603
868 21940 679 4433
860 20812 677 4470
887 22569 637 4544
886 21122 656 4634
899 22075 667 4474
892 21119 656 4538
1017 23926 686 4405
782 20163 760 4492
933 23308 669 4471
981 24925 678 4436
848 21786 652 4513
894 22468 777 4390
899 23367 731 4395
891 22041 663 4507
1019 24038 686 4402
981 24925 678 4436
894 22468 777 4390
886 21122 656 4634
882 21773 656 4632
933 23308 669 4471
891 22041 663 4507
899 22075 667 4474
1061 25206 672 4434
1035 26619 665 4500
906 22645 629 4530
904 23643 805 4367
894 22659 871 4377
819 20471 683 4655
798 19449 710 4489
796 19567 796 4560
879 20524 853 4443
977 25706 675 4474
830 20402 690 4620
1019 24020 686 4413
900 22447 653 4566
907 23170 781 4373
962 24637 772 4402
835 20888 683 4647
998 25481 739 4378
952 23379 731 4427
809 19764 702 4446
893 23002 664 4601
938 23566 715 4418
931 21780 686 4480
856 21384 687 4448
1040 24849 686 4406
839 21211 689 4554
977 24902 763 4377
969 25366 731 4392
992 22468 659 4528
906 22645 629 4530
1057 24926 686 4398
942 22087 677 4488
1008 25146 686 4414
863 21451 692 4442
904 23643 805 4367
853 21916 660 4640
941 22402 737 4435
947 24580 691 4436
874 21511 680 4599
799 20500 707 4496
887 21557 671 4587
892 22451 722 4437
809 19764 702 4446
869 21905 674 4540
868 21736 747 4411
995 25035 678 4427
874 22004 669 4538
884 21866 656 4633
797 19580 796 4553
796 19567 796 4560
854 21619 785 4414
895 21916 666 4513
819 20471 683 4655
881 22001 656 4640
868 21736 747 4411
888 21316 688 4476
903 22476 667 4479
831 21228 691 4495
798 19449 710 4489
887 21557 671 4587
895 21916 666 4513
865 21645 687 4438
797 19580 796 4553
895 22646 784 4390
884 21866 656 4633
947 24580 691 4436
895 22646 784 4390
1095 26037 686 4409
1061 26779 674 4456
1005 26011 642 4534
905 23673 805 4367
877 22521 833 4426
844 21125 683 4658
809 19648 796 4547
798 19651 773 4551
1019 24094 686 4413
975 24029 730 4428
821 20531 803 4520
837 20275 759 4465
920 22747 800 4392
959 25075 777 4412
1003 25815 673 4480
833 20710 747 4556
959 24702 645 4540
944 23371 647 4656
1076 25721 674 4435
842 21087 712 4599
867 22173 700 4486
815 19819 796 4545
899 22316 656 4633
1010 25513 706 4417
934 22539 766 4436
843 21200 708 4560
901 21974 690 4596
921 23567 675 4499
1095 26037 686 4409
916 23170 749 4425
934 23733 693 4455
909 21856 789 4453
924 23046 727 4443
844 21222 683 4647
896 21239 718 4462
840 21201 735 4464
907 23189 781 4373
889 22367 656 4636
954 22886 687 4499
909 23550 663 4559
850 20904 720 4558
893 23121 783 4412
853 21587 703 4459
859 21200 725 4456
881 22246 760 4453
897 22408 797 4418
873 21059 702 4498
886 22019 690 4543
888 21081 707 4478
855 21899 781 4449
904 23235 666 4531
857 20941 728 4545
901 23557 686 4528
904 23235 666 4531
874 22266 692 4460
872 22263 705 4445
852 21625 690 4598
844 21131 683 4652
957 24094 702 4454
901 21893 703 4445
899 22316 656 4633
852 21625 690 4598
873 21993 683 4635
873 21993 683 4635
1103 27380 674 4446
1047 27549 673 4501
969 24175 781 4373
933 23675 880 4439
910 22355 656 4633
872 21979 683 4647
799 19769 796 4559
851 21033 730 4606
1066 24547 740 4424
801 19816 796 4551
1088 27378 674 4451
1016 25935 704 4499
917 23697 827 4405
847 21572 715 4591
893 22924 709 4486
958 23551 690 4586
995 25657 702 4507
951 23861 817 4402
900 21783 739 4481
952 24792 675 4536
991 23952 671 4531
939 23997 784 4390
1079 25529 686 4413
1024 24566 686 4414
901 22375 724 4446
961 23714 788 4392
872 22233 719 4483
935 23596 689 4518
937 24609 666 4541
922 22363 702 4598
930 23821 667 4545
931 24312 711 4447
934 22208 705 4446
1079 25529 686 4413
1134 28280 674 4451
1066 27022 670 4558
997 26435 807 4388
904 23179 711 4583
894 22412 818 4502
799 19769 796 4560
874 22348 770 4521
935 23459 744 4483
962 24632 784 4390
914 22610 747 4452
1079 25483 686 4416
1062 25534 686 4416
1011 26320 678 4571
1029 25490 701 4447
948 22530 707 4469
979 24842 696 4580
1029 25380 690 4452
1079 25505 686 4416
1008 25653 818 4424
987 25604 863 4409
964 24700 732 4573
956 23170 734 4511
934 23776 778 4549
1018 25164 707 4489
978 24280 710 4539
964 24707 727 4486
972 23657 716 4489
960 24820 723 4516
1079 25620 686 4416
990 23725 736 4489
989 25235 766 4487
986 24465 735 4513
1037 27493 813 4504
1009 25751 819 4490
1099 27402 860 4517
963 25083 724 4339
893 22475 575 4427
812 20361 600 4577
768 18911 669 4573
763 19044 689 4394
831 21295 680 4368
871 21932 607 4471
810 21665 640 4481
885 23385 672 4344
787 19689 669 4563
826 19736 581 4514
795 20162 660 4462
780 20005 699 4383
865 21706 640 4448
815 20423 724 4351
883 23252 695 4357
826 20361 643 4424
869 22217 588 4391
765 19889 602 4495
819 20333 724 4353
812 20361 600 4577
1038 26868 720 4346
1016 26971 720 4355
819 20437 724 4353
812 20379 600 4583
797 19224 669 4582
772 20226 683 4544
976 24765 639 4418
991 25227 603 4552
889 23815 652 4441
938 22959 646 4397
776 19318 708 4402
861 22040 697 4387
824 21829 620 4541
914 23237 658 4417
845 19828 700 4560
791 20796 640 4527
873 22665 649 4452
850 22503 674 4459
906 23558 658 4417
810 21880 644 4486
871 22290 607 4471
803 20394 663 4506
867 22257 654 4444
849 21580 611 4523
833 20596 696 4482
937 23171 669 4411
872 21414 694 4498
850 20468 692 4503
816 20240 666 4539
825 21000 607 4540
821 20687 706 4500
815 20509 650 4521
802 20243 669 4559
870 21523 674 4483
802 19856 669 4571
857 20935 652 4502
814 21602 639 4551
816 20106 650 4552
829 20683 639 4506
853 20979 694 4502
820 19922 669 4570
937 23196 669 4409
825 20077 669 4563
820 19922 669 4570
825 20077 669 4563
825 20077 669 4563
825 20077 669 4563
1145 28562 693 4404
876 21911 787 4382
875 22322 607 4471
871 22027 724 4353
828 20763 640 4608
776 19440 708 4402
997 24117 646 4419
1016 26974 720 4358
1016 26974 720 4358
890 21889 773 4360
882 21624 739 4394
820 19868 669 4571
937 23178 669 4411
866 20978 692 4503
832 22185 620 4541
906 22071 640 4516
840 21217 726 4395
841 20842 622 4585
900 23322 651 4460
914 23317 658 4417
885 21972 626 4558
803 20571 669 4584
869 22319 697 4387
963 23100 669 4429
962 23018 676 4405
802 20874 661 4555
908 22027 682 4487
914 23223 683 4444
960 23181 694 4406
889 23780 677 4458
828 21853 663 4532
859 21272 688 4532
849 20398 669 4551
880 21486 659 4538
961 23327 685 4405
889 23852 677 4445
827 21765 643 4553
883 21956 696 4487
857 22095 689 4520
963 23100 669 4429
854 20268 669 4551
889 23781 677 4449
825 20083 669 4563
825 20367 669 4561
881 21928 659 4522
825 20083 669 4563
881 21928 659 4522
825 20367 669 4561
883 21956 696 4487
825 20367 669 4561
1036 24859 669 4417
963 24311 822 4354
893 22386 607 4472
862 21767 643 4616
795 19529 708 4457
786 19669 768 4506
929 22852 775 4392
817 21160 691 4589
904 22395 795 4370
825 20117 669 4567
1007 24181 662 4426
832 22210 620 4541
836 19921 717 4430
912 20807 684 4555
946 23818 700 4388
878 23260 724 4355
939 22048 680 4529
880 23097 749 4369
997 24479 646 4421
862 21767 643 4616
878 21432 694 4509
880 23097 749 4369
859 21370 688 4533
912 22179 695 4496
893 22534 607 4471
889 23815 677 4449
990 24698 669 4418
953 23440 663 4438
872 21993 692 4505
873 21347 669 4554
877 22519 650 4475
799 20025 708 4407
972 23273 679 4467
887 22043 696 4487
909 22470 697 4414
786 19669 768 4506
863 22182 685 4537
979 23573 669 4423
967 23585 670 4434
799 20025 708 4407
973 23556 683 4420
952 23642 669 4428
799 20025 708 4407
887 22478 696 4479
958 23620 669 4428
967 23351 670 4456
967 23351 670 4456
893 22534 607 4471
893 22534 607 4471
799 20025 708 4407
1020 24690 694 4422
999 25382 733 4393
923 24361 765 4358
893 22969 607 4471
862 21774 643 4616
822 19772 783 4460
797 19932 768 4506
854 22500 642 4541
805 21152 727 4581
831 20573 669 4568
888 23391 749 4364
937 22262 693 4560
878 22779 688 4502
1000 25148 658 4445
893 22584 607 4472
966 24421 684 4429
806 20159 708 4407
808 19881 737 4476
1006 24506 702 4414
901 22159 696 4487
987 23907 669 4429
801 20246 731 4441
805 21152 727 4581
915 22510 681 4491
888 23126 665 4487
970 23357 670 4456
888 22344 650 4546
845 22431 643 4552
906 24325 677 4449
974 24223 697 4424
892 22264 703 4514
920 24320 677 4455
918 22866 705 4417
981 23955 669 4424
888 23391 749 4364
798 20009 760 4476
974 24091 669 4429
798 20009 760 4476
890 22495 705 4507
892 22264 703 4514
847 22491 643 4548
801 20061 732 4551
847 22491 643 4548
801 20061 732 4551
798 20009 760 4476
1020 24625 669 4426
1012 26970 765 4359
956 23623 627 4613
923 24215 633 4618
827 20028 737 4555
807 21231 788 4477
807 21231 788 4477
999 26464 749 4364
957 25266 681 4472
840 20359 776 4454
939 24936 765 4362
977 23927 691 4467
919 22388 706 4529
817 21233 715 4605
900 23463 636 4484
862 21840 643 4616
818 20402 708 4407
908 23185 662 4504
921 24353 749 4365
949 23098 659 4536
985 24135 683 4442
1004 24377 669 4428
866 21121 675 4587
819 20158 753 4500
835 20592 685 4568
862 22570 658 4552
833 21440 691 4593
818 20402 708 4407
990 23913 670 4443
894 22417 673 4547
922 24216 706 4448
903 23270 667 4501
847 22491 643 4559
815 20816 758 4474
870 21715 669 4587
896 23428 660 4519
1020 24625 669 4426
851 21093 679 4570
807 21231 788 4477
851 21093 679 4570
921 22683 674 4518
875 22515 698 4551
992 24653 668 4472
833 21440 691 4593
887 23034 698 4503
845 20681 669 4590
983 24583 669 4428
887 23034 698 4503
817 21233 715 4605
815 20051 760 4476
816 20577 760 4475
887 23034 698 4503
819 20158 753 4500
862 22784 643 4547
847 22491 643 4559
862 22784 643 4547
921 24353 749 4365
847 22491 643 4559
807 21231 788 4477
887 23034 698 4503
847 22491 643 4559
817 21233 715 4605
817 21233 715 4605
1014 22814 721 4451
1002 25033 636 4573
989 25859 708 4436
939 24877 749 4366
932 24386 913 4412
890 22225 677 4661
815 20142 797 4514
932 24386 913 4412
898 22051 643 4616
845 22278 762 4416
867 20409 787 4536
979 24161 751 4410
994 25689 648 4513
939 24841 749 4369
972 23105 674 4527
949 24516 670 4486
877 22614 738 4417
902 24346 661 4557
963 24673 713 4420
824 21275 795 4421
921 22589 679 4577
959 23717 686 4530
828 21900 709 4487
979 23979 696 4471
887 23230 648 4604
856 21672 727 4438
919 22842 714 4464
995 24899 648 4502
841 20416 730 4441
841 21502 706 4578
914 22156 670 4589
952 24131 708 4460
893 21441 693 4568
843 20733 726 4498
856 20929 745 4413
929 24051 689 4513
833 20680 737 4471
930 23822 691 4492
942 24826 681 4499
937 24021 687 4507
980 24375 670 4547
943 23469 670 4550
888 22720 644 4592
910 23718 698 4517
819 20997 727 4594
1014 22814 721 4451
821 20665 735 4492
939 23564 690 4543
992 24986 669 4428
932 22791 703 4543
909 22215 723 4446
905 23160 697 4561
871 20601 715 4610
900 23409 688 4574
1004 24421 669 4428
823 21718 712 4535
869 20629 714 4539
851 21093 698 4571
871 20601 715 4610
1004 24421 669 4428
851 21093 698 4571
908 23150 674 4566
832 20542 729 4492
855 21745 695 4574
897 23475 688 4574
818 21150 722 4456
916 24262 694 4504
915 23258 665 4561
1003 24940 669 4450
915 23258 665 4561
908 20976 722 4523
939 24877 749 4366
818 21150 722 4456
855 21727 695 4593
916 24262 694 4504
908 20976 722 4523
832 20542 729 4492
1004 24421 669 4428
1004 24421 669 4428
1004 24421 669 4428
1004 24421 669 4428
1033 25934 663 4539
980 22945 878 4435
939 24841 749 4376
898 22131 643 4616
898 22131 643 4616
844 20707 741 4514
835 21581 739 4463
922 24387 811 4420
966 25307 692 4512
937 23455 845 4421
985 25791 723 4448
909 23873 795 4425
945 25160 698 4525
921 22631 680 4584
972 23572 674 4527
869 20953 763 4482
856 22362 711 4539
927 23334 654 4600
860 21453 737 4443
1004 24444 669 4428
999 25045 709 4457
926 22501 765 4436
933 24566 688 4574
941 23995 665 4561
921 23130 804 4437
930 24372 721 4480
910 21841 723 4545
877 20861 834 4471
906 23339 703 4572
882 22787 722 4490
861 22170 729 4549
931 23727 664 4597
903 21522 714 4559
877 20861 834 4471
867 21628 725 4486
874 21915 695 4574
943 23007 718 4490
898 22131 643 4616
888 23267 710 4547
929 24478 679 4579
859 22020 715 4580
999 25045 709 4457
863 21975 727 4566
866 20767 737 4504
967 25147 688 4545
860 20796 741 4501
860 20903 741 4492
1004 24421 669 4436
940 23670 665 4565
940 23314 724 4467
926 22501 765 4436
1004 24444 669 4428
888 23267 710 4547
865 22246 713 4507
865 22246 713 4507
869 20953 763 4482
1055 26449 749 4420
1048 27027 818 4416
1010 26057 868 4379
944 24119 675 4574
938 20786 902 4505
907 22624 677 4661
858 22479 725 4625
987 25366 687 4557
866 21449 799 4610
911 23810 704 4636
1032 26197 677 4545
950 24358 786 4473
971 23991 724 4518
888 22142 790 4450
1011 24882 682 4430
949 23045 845 4442
1006 25325 710 4502
989 25204 854 4423
949 23462 712 4584
899 21085 854 4489
881 22050 729 4536
925 21959 714 4567
914 22418 715 4520
955 23281 747 4447
869 20849 737 4505
877 21549 756 4489
863 21561 766 4475
953 23384 862 4436
869 22790 733 4553
922 24269 795 4425
918 21784 723 4577
943 22604 759 4482
912 23040 722 4550
909 23253 731 4488
901 21745 765 4475
942 24168 731 4477
861 22883 788 4475
902 22874 787 4445
1010 24902 747 4429
1010 24888 747 4433
1044 26158 897 4419
990 26161 676 4576
906 22809 906 4475
895 22068 766 4498
873 22267 801 4589
927 24445 862 4445
1022 25584 831 4430
891 22377 773 4482
1015 25028 690 4436
969 23825 760 4493
1022 25914 687 4547
909 23313 765 4522
953 22751 745 4532
957 25120 734 4513
948 23887 715 4525
906 23201 734 4548
1005 25791 809 4447
937 24295 733 4527
995 25745 747 4486
932 22936 808 4457
972 23911 766 4461
944 24316 763 4512
1041 25068 733 4430
1007 23951 764 4459
1186 30386 763 4450
1032 26630 696 4515
989 23189 966 4458
943 23355 758 4575
914 22512 783 4559
1170 30055 944 4458
1094 26878 758 4463
1036 25639 711 4494
1004 24554 782 4472
974 25200 745 4518
962 24915 762 4544
928 23204 768 4501
963 24959 762 4527
1096 27575 698 4629
1076 27352 721 4496
950 23880 772 4589
1096 26710 747 4593
991 24267 781 4589
1061 26441 831 4601
1023 26709 791 4351
949 24144 949 4309
921 23976 603 4583
756 19031 638 4463
756 19031 638 4463
872 21029 811 4333
944 25323 770 4363
945 22478 913 4314
880 23000 715 4388
862 21826 651 4421
770 19762 734 4415
788 19814 614 4524
852 22012 689 4457
813 19782 728 4440
756 19031 638 4463
807 19860 614 4513
892 22006 645 4367
844 20366 732 4386
775 20715 703 4415
802 20129 614 4523
799 20298 638 4458
1083 28318 646 4446
985 26639 896 4353
816 19130 763 4558
810 20712 614 4526
756 19178 638 4463
802 20129 637 4535
885 21914 626 4522
1020 26896 646 4455
1047 27526 646 4450
1062 25803 815 4384
918 23033 662 4418
962 25326 867 4354
839 21789 769 4422
820 21047 792 4446
915 22241 691 4422
941 23074 703 4412
1003 24194 830 4364
998 25382 820 4372
991 24600 825 4376
893 23483 752 4405
870 20823 709 4445
859 20679 757 4454
892 22456 744 4443
973 24938 717 4388
956 25199 867 4376
923 21792 785 4413
903 22586 842 4378
917 21859 845 4388
1080 26722 815 4376
848 22009 799 4413
904 23834 721 4430
889 22807 691 4435
928 24910 717 4390
938 21934 832 4399
891 24027 732 4428
930 22174 695 4436
931 21938 804 4395
883 21815 764 4403
829 20379 806 4431
904 22570 735 4386
901 22170 729 4389
907 21952 749 4387
956 25209 867 4375
1002 23904 830 4365
846 20185 762 4415
829 20379 806 4431
804 20889 763 4452
894 22138 831 4401
845 20323 757 4455
845 20323 757 4455
1083 28437 646 4452
1002 24010 830 4365
907 22207 896 4416
891 22635 621 4584
887 23023 617 4552
811 19571 638 4463
785 19737 757 4469
870 21029 709 4445
805 20286 645 4511
1018 25897 820 4378
988 24547 677 4431
955 25634 851 4382
1063 27989 662 4444
798 19871 642 4553
892 22467 744 4443
1070 27076 749 4413
1080 26720 815 4388
841 21232 637 4529
933 23820 633 4523
837 20745 806 4431
833 21806 833 4434
924 22320 845 4404
917 22544 691 4424
820 21226 792 4460
971 25659 867 4376
1002 24010 830 4365
1047 27526 646 4454
963 23464 877 4388
849 21455 776 4419
891 22851 617 4552
922 24295 684 4428
851 21155 787 4429
1047 27526 646 4454
905 22530 764 4400
936 23409 679 4458
919 21705 769 4430
935 23121 764 4395
921 22066 780 4418
965 22782 832 4391
961 23677 862 4386
889 23276 818 4418
961 23677 862 4386
804 21135 638 4463
971 25659 867 4376
936 23409 679 4458
1047 27526 646 4454
1097 26981 815 4388
1047 27544 675 4455
1002 24232 830 4365
961 23716 862 4386
891 22881 617 4552
835 20084 757 4470
833 20248 804 4560
810 20361 655 4511
1031 26073 820 4386
1091 26852 815 4397
1048 25209 777 4399
969 24175 780 4399
831 20427 643 4528
874 21290 656 4488
947 24328 662 4478
915 22843 640 4547
948 24975 647 4511
930 23426 642 4539
917 24720 764 4440
843 20750 734 4465
950 23619 645 4494
888 21459 753 4452
912 23375 776 4408
862 21430 796 4432
870 20883 806 4431
892 22568 744 4443
931 24518 684 4428
816 20850 703 4508
868 22056 697 4499
932 22744 691 4424
915 22410 747 4455
847 21939 833 4432
891 22881 617 4552
908 21636 716 4466
904 21948 652 4498
838 20519 702 4506
933 23052 801 4414
898 21916 678 4476
964 22967 767 4417
857 21557 776 4419
864 20192 682 4501
935 23230 764 4400
931 23931 765 4415
822 20319 754 4465
911 23286 723 4453
936 23425 679 4458
873 21893 762 4462
851 20603 742 4470
813 20415 642 4553
835 21750 692 4507
846 21478 722 4489
963 23000 661 4470
851 20603 742 4470
847 21939 833 4432
908 22874 719 4455
873 22492 744 4460
871 21897 695 4466
911 22475 722 4459
932 23030 679 4467
847 21939 833 4432
847 21939 833 4432
1097 27060 815 4388
1082 26360 854 4365
1026 27427 896 4379
942 23819 910 4413
933 24175 630 4589
833 20262 804 4560
818 21615 686 4605
1067 25910 839 4376
948 24617 880 4400
1008 26748 896 4384
985 25334 821 4409
989 24869 684 4428
1011 24940 650 4548
821 21781 725 4598
936 24396 863 4408
966 23712 774 4415
914 22786 744 4448
913 23439 657 4521
957 24145 847 4406
926 22259 675 4530
898 21455 866 4444
961 24552 792 4411
884 21112 854 4457
888 20665 709 4513
826 21702 756 4480
829 20603 703 4521
932 23292 729 4447
849 20434 711 4576
843 20702 684 4591
872 22962 783 4444
889 21906 806 4431
860 21195 681 4562
869 21732 661 4556
867 21598 734 4484
848 20448 772 4563
971 25259 683 4501
911 23159 768 4460
915 23134 742 4471
982 24956 677 4475
833 20402 804 4555
903 22872 799 4435
866 22324 680 4535
864 20535 743 4548
835 20451 711 4576
918 22942 789 4439
900 22658 802 4427
971 25259 683 4501
839 20941 700 4538
941 23047 691 4424
874 22955 799 4434
1008 26748 896 4384
971 24257 652 4528
949 23985 792 4416
908 21677 829 4463
904 20993 694 4518
890 22403 729 4477
903 22201 666 4537
835 21149 688 4514
940 21869 850 4427
846 20585 773 4517
894 21851 680 4541
868 21359 759 4491
862 21315 762 4485
882 20693 814 4483
964 25282 683 4488
971 24257 652 4528
883 21780 686 4495
916 22499 716 4473
892 23069 727 4481
852 22094 692 4513
852 22094 692 4513
867 21364 717 4513
889 21844 843 4462
1018 24604 685 4481
828 20843 811 4488
894 21441 667 4545
862 22702 847 4441
908 21898 792 4419
906 22500 771 4458
889 20966 697 4538
867 21667 760 4466
917 22178 789 4462
838 20863 766 4467
838 20863 766 4467
925 23744 693 4486
1018 24604 685 4481
898 21455 866 4444
941 23888 824 4407
889 22494 790 4441
982 24956 677 4475
908 21677 829 4463
976 23896 685 4484
976 23896 685 4484
921 22439 759 4475
894 21441 667 4545
914 21714 717 4494
828 20843 811 4488
949 23985 792 4416
906 22500 771 4458
915 21439 850 4440
925 23744 693 4486
941 23888 824 4407
921 22439 759 4475
848 21174 763 4479
848 21174 763 4479
882 20693 814 4483
888 20665 709 4513
835 20451 711 4576
1008 26748 896 4384
915 21439 850 4440
849 20434 711 4576
835 20451 711 4576
1154 27811 683 4490
1055 27760 896 4382
978 24656 652 4534
886 21079 693 4599
835 20465 711 4576
1097 27128 815 4394
1012 26841 896 4384
1001 25848 684 4507
994 25294 784 4416
915 21617 850 4440
1018 24940 685 4484
936 24397 799 4429
903 22366 666 4537
895 21758 753 4541
954 24042 687 4519
961 24594 792 4411
886 22972 823 4462
844 20799 711 4564
997 23856 845 4417
908 22044 807 4426
878 21884 764 4474
899 22871 797 4454
1042 26903 781 4417
904 22497 734 4483
969 23368 681 4532
868 21532 727 4556
879 20826 759 4539
896 21501 694 4517
886 22972 823 4462
885 21945 701 4548
984 23838 681 4529
1042 26903 781 4417
946 23250 808 4421
919 22816 744 4448
884 22245 776 4469
846 21837 770 4470
915 24515 709 4495
976 23098 742 4469
879 22430 737 4507
984 23838 681 4529
905 22814 723 4515
864 21548 723 4561
918 23096 733 4487
961 24594 792 4411
856 21760 766 4471
917 23528 722 4498
837 21760 817 4522
941 23123 691 4431
919 22816 744 4448
884 22354 705 4523
917 23528 722 4498
949 23287 691 4424
858 21853 734 4549
900 22821 707 4502
871 22005 709 4553
842 21866 766 4470
899 22312 687 4530
885 23192 799 4434
915 21617 850 4440
871 22005 709 4553
915 21617 850 4440
900 23168 799 4435
997 23856 845 4417
948 22278 690 4514
948 22295 690 4511
896 21501 694 4517
977 22832 690 4499
977 22832 690 4499
948 22295 690 4511
948 22278 690 4514
900 23168 799 4435
915 21617 850 4440
1098 29748 896 4382
974 24430 666 4537
886 21195 693 4599
852 21008 711 4573
849 22032 796 4574
1059 26818 701 4436
1035 25924 842 4417
976 24815 864 4416
1018 24966 685 4492
861 22672 775 4558
935 24242 674 4571
975 25359 752 4430
896 21501 694 4526
982 24598 876 4421
959 24306 689 4544
871 21891 806 4510
986 24739 793 4427
980 23695 681 4532
990 24265 847 4425
930 23091 825 4443
1000 24069 815 4434
885 23219 815 4437
949 24156 778 4440
907 21804 694 4517
912 23145 875 4446
908 23292 766 4471
918 22376 770 4472
946 23572 727 4461
998 23911 730 4445
860 21861 833 4510
943 23507 721 4490
998 25240 720 4454
913 22741 809 4456
925 22875 806 4457
891 22196 795 4486
894 21820 802 4476
923 22263 854 4464
969 23440 738 4442
906 23180 856 4436
901 23286 799 4442
919 23416 830 4430
922 22357 768 4481
963 23246 707 4501
857 22086 793 4487
952 23352 734 4503
948 23711 701 4479
952 24170 707 4467
929 23229 744 4457
964 24157 696 4465
971 24580 815 4434
954 24353 693 4487
963 24040 744 4444
952 23352 734 4503
998 25240 720 4454
961 24317 696 4455
962 23525 707 4492
948 23711 701 4479
963 24040 744 4444
1055 25485 701 4465
1046 26823 937 4421
991 24894 666 4538
944 24434 692 4642
867 21053 728 4630
888 23335 875 4440
898 22503 741 4602
921 21993 764 4528
927 21664 697 4555
904 23039 696 4617
1011 25704 810 4427
951 22324 723 4540
1000 26049 767 4433
895 22408 848 4496
932 23315 748 4497
998 24082 681 4554
977 23192 835 4467
1036 25480 701 4476
935 25063 792 4466
923 23421 849 4435
927 23843 823 4445
961 23644 806 4454
1044 24095 757 4450
937 23569 763 4460
1033 24981 782 4443
986 24459 726 4473
973 24586 729 4465
988 24217 770 4446
926 23621 709 4539
990 25424 781 4430
963 24040 744 4452
998 25975 767 4441
945 23489 749 4464
968 24562 744 4444
960 24584 748 4464
1033 24981 782 4443
974 24315 742 4467
927 23470 830 4430
990 25424 781 4430
1088 26648 711 4475
1053 25854 684 4575
1025 27249 764 4450
946 23887 835 4487
945 24331 899 4437
932 24038 860 4498
950 24090 798 4534
937 24173 710 4541
960 24532 752 4520
1003 25257 737 4513
980 25882 734 4484
1032 24966 759 4460
1013 26230 767 4441
942 25494 847 4458
983 24250 894 4455
1050 25415 782 4443
1026 26281 752 4461
969 24221 744 4468
973 23975 887 4469
1044 25233 782 4448
972 25039 880 4437
939 25191 855 4440
972 25058 777 4463
1091 25418 851 4457
1049 26765 774 4485
1004 25600 752 4528
1003 24006 843 4512
985 25973 811 4552
1025 26639 803 4499
1041 26008 797 4468
999 26222 814 4526
1175 30556 777 4503
1138 27013 776 4552
1010 25306 932 4634
1060 26605 804 4540
1093 28618 799 4517
1116 29076 798 4514
