8001 300.015
646 12709 646 3529
436 11160 409 4009
789 17009 410 3719
464 11523 398 3754
439 10063 424 3885
427 10686 423 3995
738 18240 432 3649
762 17229 414 3709
720 16579 445 3639
714 16861 470 3613
773 17121 410 3719
646 12641 646 3532
671 16239 420 3674
619 12991 614 3539
630 12529 630 3550
630 12605 630 3534
681 14928 550 3565
616 12742 602 3544
450 11184 415 3956
692 15789 470 3614
589 12768 586 3572
615 13081 598 3549
699 15997 467 3625
452 10647 417 3929
690 16064 449 3638
619 12991 614 3539
481 11017 441 3837
699 16230 445 3640
640 15075 504 3585
575 12508 534 3585
517 11810 479 3740
612 14233 513 3590
578 12806 560 3564
582 13178 578 3558
634 13629 521 3578
651 15062 454 3626
526 11953 461 3712
524 12112 458 3713
489 11216 425 3840
642 14485 426 3682
621 14155 433 3658
434 10733 423 3986
662 15923 438 3642
438 10927 426 3970
428 10785 421 3979
476 11280 429 3776
474 11230 450 3803
632 15274 412 3745
445 11364 409 4000
550 11856 526 3640
481 11075 425 3851
648 15394 432 3658
474 11284 450 3784
588 13745 468 3622
575 12828 507 3612
472 11193 450 3805
444 10205 421 3874
467 10808 419 3892
493 11342 493 3762
478 11336 417 3769
551 11969 537 3618
458 10476 413 3913
620 14822 456 3630
571 12304 556 3603
687 17086 410 3721
529 11450 498 3747
530 12892 429 3695
643 14602 418 3688
510 11951 474 3707
606 14322 400 3750
593 13271 502 3601
684 15627 445 3644
625 14632 422 3660
553 13246 523 3650
594 14053 506 3600
670 15604 418 3675
520 11819 497 3718
455 10518 408 3926
581 13148 570 3563
498 11293 493 3762
583 13535 436 3673
664 17043 432 3652
559 13279 499 3644
430 10765 421 3991
455 11245 406 3915
605 12603 598 3553
638 13770 539 3572
540 11784 494 3734
532 12201 442 3707
471 11150 445 3827
617 13409 566 3558
586 13175 542 3581
605 13888 487 3620
594 13066 484 3670
563 13564 479 3637
634 13433 582 3551
540 11684 494 3735
627 13845 510 3593
572 12358 513 3654
584 13215 542 3571
633 15562 400 3738
448 10367 430 3866
461 10637 419 3895
578 12971 550 3571
469 10852 413 3901
614 12700 602 3546
455 11245 406 3915
602 13054 534 3574
622 15290 411 3739
547 12091 445 3728
441 10198 424 3870
566 12166 553 3607
629 14381 431 3669
547 12441 475 3699
644 13974 581 3557
568 12691 545 3588
632 13808 518 3591
610 14702 431 3684
507 12613 418 3740
609 13329 522 3594
570 12448 556 3603
595 12905 566 3561
600 13310 490 3614
603 13869 436 3666
543 12612 431 3729
547 12201 439 3719
464 11361 398 3761
566 12166 553 3607
487 11604 409 3748
625 13978 486 3598
597 13278 490 3617
483 11248 408 3907
459 10519 437 3863
520 11901 474 3709
473 11312 445 3815
607 13388 486 3636
446 10921 418 3960
498 11581 414 3748
443 10121 437 3879
581 13148 570 3563
559 12045 525 3642
448 10367 430 3866
471 11150 445 3827
524 12082 472 3712
654 15558 420 3682
472 10880 410 3904
646 14795 467 3633
462 10567 437 3858
443 10121 437 3879
439 10851 421 3966
475 11262 417 3782
473 11312 445 3815
659 13963 518 3579
568 12678 545 3594
436 11160 409 4009
569 12926 511 3659
659 13963 518 3579
630 12549 630 3537
537 12085 473 3704
462 10735 437 3856
595 13428 586 3557
537 12085 473 3704
646 14903 450 3632
580 12745 526 3627
654 15558 420 3682
540 11639 494 3745
439 10063 424 3885
478 11211 425 3851
603 13831 444 3669
637 14457 426 3685
550 13219 523 3653
458 10595 421 3871
