48 1.38813
850 20195 567 4109
834 20336 579 4098
815 19140 597 4062
753 19894 512 4157
709 17760 680 4147
645 15507 538 4255
639 15663 531 4276
631 15664 559 4272
804 19571 517 4189
807 19432 597 4089
727 18629 546 4150
826 19315 585 4109
687 17461 680 4161
689 17115 664 4181
695 17303 664 4177
834 20336 579 4098
787 19645 579 4113
735 19525 520 4173
682 16155 532 4268
638 15519 538 4251
721 17404 615 4135
715 17166 631 4147
687 17529 651 4157
807 19614 581 4105
772 18552 560 4115
825 20142 581 4092
777 19975 553 4136
824 19683 559 4137
719 18296 539 4168
720 17469 631 4143
697 17811 641 4183
645 15507 538 4255
687 17529 651 4157
733 19007 542 4165
697 17811 641 4183
666 16763 518 4221
747 19822 514 4168
743 18351 592 4137
733 17609 615 4124
697 17147 563 4193
690 16619 532 4214
766 18177 578 4120
672 16487 580 4210
741 18847 583 4139
650 16410 601 4216
646 15860 531 4272
654 15832 563 4242
644 15914 568 4240
765 17867 597 4097
683 16251 549 4229
787 19645 579 4113
707 16970 540 4209
736 18785 558 4140
806 19034 597 4092
807 19448 542 4153
655 16642 549 4208
772 19727 595 4108
675 17037 521 4216
680 16332 549 4245
775 19272 534 4161
650 16410 601 4216
701 17088 578 4197
775 19272 534 4161
700 17676 573 4184
644 15914 568 4240
663 16025 580 4231
642 15596 563 4246
780 17746 569 4121
751 17966 597 4097
737 18126 607 4133
737 19115 538 4177
699 18102 573 4157
743 18361 592 4134
670 16186 555 4234
676 16849 563 4201
765 17867 597 4097
757 19793 553 4139
659 16292 556 4226
713 18084 611 4135
733 17609 615 4124
700 16893 595 4156
807 19432 597 4089
650 15590 563 4244
770 18805 583 4110
775 18397 518 4206
711 17880 518 4207
715 17103 525 4196
737 18126 607 4133
707 17068 563 4188
693 17622 521 4185
761 19784 553 4139
737 18126 607 4133
746 17718 597 4108
703 17939 558 4164
700 16893 595 4156
726 16885 569 4144
761 19784 553 4139
703 17112 578 4196
738 18176 612 4119
687 17529 651 4157
684 16388 527 4226
668 16521 537 4226
760 17253 557 4152
711 17251 595 4145
673 16181 563 4215
657 15738 549 4246
724 18166 540 4180
713 18084 611 4135
748 17654 560 4122
705 16106 569 4152
719 18827 580 4146
676 16849 563 4201
668 16521 537 4226
683 16159 549 4242
780 17746 569 4121
668 16588 537 4223
775 18397 518 4206
770 18805 583 4110
660 16090 563 4216
696 17454 556 4204
703 17946 558 4160
749 17370 560 4122
695 17303 664 4177
670 17026 530 4208
657 15738 549 4246
665 16555 547 4232
807 19614 581 4105
670 16237 553 4232
715 17166 631 4147
724 18166 540 4180
684 16029 580 4228
720 17469 631 4143
687 17424 613 4195
760 17253 557 4152
687 17424 613 4195
694 17880 558 4166
670 16186 555 4234
695 17202 578 4196
665 16555 547 4232
711 17842 518 4220
676 16849 563 4201
675 17037 521 4216
752 17756 585 4110
715 17103 525 4196
662 15847 531 4269
684 16388 527 4226
670 17026 530 4208
739 16867 569 4144
662 15847 531 4269
711 17842 518 4220
721 17382 615 4136
761 19780 558 4133
738 18176 612 4119
670 16186 555 4234
694 17880 558 4166
662 15715 531 4274
663 16025 580 4231
705 17784 558 4147
639 15663 531 4276
662 15715 531 4274
661 16538 556 4220
657 15738 549 4246
722 17358 615 4135
700 17676 573 4184
639 15663 531 4276
741 18847 583 4139
678 16506 537 4223
737 18126 607 4133
678 16506 537 4223
695 17202 578 4196
693 17622 521 4185
670 17034 530 4205
684 16388 527 4226
709 17760 680 4147
722 17358 615 4135
650 15590 563 4244
744 17122 569 4141
684 16029 580 4228
752 17756 585 4110
703 17112 578 4196
744 17122 569 4141
678 16506 537 4223
662 15715 531 4274
753 17054 569 4140
744 17122 569 4141
719 18827 580 4146
713 18084 611 4135
697 17811 641 4183
670 16186 555 4234
748 17654 560 4122
725 18104 540 4180
703 17946 558 4160
739 16867 569 4144
715 17166 631 4147
705 17784 558 4147
721 17382 615 4136
668 16588 537 4223
727 17653 615 4119
711 17842 518 4220
726 16885 569 4144
696 17454 556 4204
661 16538 556 4220
744 17122 569 4141
737 19115 538 4177
725 18104 540 4180
699 18102 573 4157
709 17771 680 4135
727 17653 615 4119
726 16885 569 4144
721 17404 615 4135
711 17842 518 4220
696 17454 556 4204
807 19432 597 4089
749 17370 560 4122
737 18126 607 4133
724 18166 540 4180
722 17358 615 4135
721 17404 615 4135
665 16555 547 4232
661 16538 556 4220
721 17404 615 4135
721 17382 615 4136
683 16159 549 4242
721 17404 615 4135
753 17054 569 4140
661 16538 556 4220
753 17054 569 4140
753 17878 597 4097
749 17370 560 4122
749 17370 560 4122
722 17358 615 4135
807 19432 597 4089
807 19432 597 4089
770 18805 583 4110
753 17054 569 4140
749 17370 560 4122
741 18847 583 4139
739 16867 569 4144
739 16867 569 4144
738 18176 612 4119
737 18126 607 4133
737 18126 607 4133
724 18166 540 4180
724 18166 540 4180
722 17358 615 4135
722 17358 615 4135
722 17358 615 4135
722 17358 615 4135
721 17404 615 4135
721 17404 615 4135
721 17404 615 4135
721 17404 615 4135
721 17382 615 4136
715 17166 631 4147
703 17112 578 4196
700 17676 573 4184
699 18102 573 4157
696 17454 556 4204
687 17424 613 4195
684 16388 527 4226
684 16388 527 4226
668 16588 537 4223
668 16588 537 4223
662 15715 531 4274
662 15715 531 4274
662 15715 531 4274
662 15715 531 4274
661 16538 556 4220
661 16538 556 4220
657 15738 549 4246
650 16410 601 4216
881 21030 597 4070
879 20671 613 4067
825 21970 514 4168
796 21113 512 4173
710 17919 680 4145
650 15521 555 4262
640 15935 532 4283
639 16016 540 4276
700 17444 664 4177
876 21118 597 4072
654 15782 555 4258
862 20591 567 4109
870 19877 578 4120
666 16581 547 4237
697 17968 641 4181
840 20046 597 4077
697 17719 680 4157
722 17380 615 4135
779 20089 519 4189
671 16127 591 4223
677 16501 580 4214
817 19211 597 4085
744 19170 539 4176
813 20161 520 4187
829 19562 597 4080
749 17404 560 4122
743 18361 592 4137
739 17542 584 4187
809 19514 542 4153
697 17683 641 4186
687 16866 584 4201
753 18532 619 4104
667 16975 526 4227
806 20913 512 4173
642 15597 563 4246
669 17008 526 4225
757 17296 569 4140
750 19675 531 4178
691 16730 532 4214
749 18885 558 4141
770 19910 542 4161
767 19957 558 4136
692 17218 556 4205
689 17345 518 4236
771 17601 557 4152
682 16165 532 4268
817 19181 597 4092
805 18588 518 4214
706 16829 631 4159
756 18044 597 4097
706 16829 631 4159
825 20000 581 4105
725 17867 579 4187
712 17975 558 4160
727 18760 546 4151
758 17910 597 4108
711 17375 595 4145
753 18532 619 4104
642 15597 563 4246
863 20480 597 4074
863 20480 597 4074
743 18616 558 4158
710 17919 680 4145
727 18760 546 4151
682 16165 532 4268
727 18760 546 4151
758 17168 569 4141
687 17519 530 4207
704 17179 563 4193
687 17519 530 4207
682 16165 532 4268
756 18044 597 4097
825 20142 581 4101
642 15597 563 4246
704 17179 563 4193
706 16829 631 4159
704 17179 563 4193
825 20142 581 4101
863 20480 597 4074
687 17519 530 4207
704 17179 563 4193
753 18532 619 4104
753 18532 619 4104
710 17919 680 4145
706 16829 631 4159
704 17179 563 4193
704 17179 563 4193
704 17179 563 4193
863 20631 597 4074
799 21406 512 4173
750 17989 631 4130
682 16164 547 4277
680 15865 584 4261
656 16015 578 4250
836 21060 534 4192
675 17210 528 4229
798 18689 560 4122
711 17375 595 4148
703 17113 584 4201
735 18283 532 4218
696 17514 556 4212
825 20162 581 4101
771 19054 619 4104
817 19252 626 4099
829 19612 597 4080
677 16538 580 4214
744 18030 615 4135
682 16223 532 4268
721 18017 587 4169
665 15933 615 4253
804 17815 569 4140
743 18973 562 4157
763 18857 619 4113
755 19002 569 4139
817 19266 597 4085
725 18045 558 4160
749 17865 630 4140
722 18090 533 4210
764 18886 619 4105
801 19382 597 4102
881 21030 597 4074
765 18898 648 4109
693 16293 532 4268
689 16347 543 4274
707 17573 556 4245
704 17353 584 4201
721 18361 641 4188
805 19204 577 4139
856 20386 597 4080
738 18617 566 4160
836 19835 567 4122
844 19859 615 4104
759 18706 629 4140
772 19036 619 4105
863 20514 597 4082
834 20702 648 4109
814 19667 578 4143
773 19107 668 4187
724 17807 607 4214
811 20291 638 4136
747 19137 587 4170
