4 0.154312
940 24562 817 4376
845 21913 627 4391
819 21444 658 4544
773 18028 701 4380
793 18304 716 4379
865 20582 636 4522
799 19438 676 4400
861 21232 645 4447
781 20449 666 4440
867 21428 645 4445
822 19715 663 4392
808 19317 701 4379
808 19317 701 4379
853 20786 645 4531
840 21674 645 4535
822 21277 658 4536
847 21641 658 4528
853 20786 645 4531
831 21620 658 4532
831 21620 658 4532
847 21641 658 4528
831 21620 658 4532
831 21620 658 4532
847 21439 645 4531
831 21620 658 4532
831 21620 658 4532
909 22914 634 4437
818 21264 694 4548
817 19361 701 4379
773 18052 701 4386
897 22911 690 4419
852 20823 695 4460
875 21365 636 4527
847 21758 658 4528
853 20786 645 4539
808 19386 701 4385
815 19669 701 4379
867 21863 674 4425
829 21378 681 4437
868 21323 674 4442
871 21438 645 4456
823 21425 658 4544
827 22174 699 4451
875 21301 636 4533
858 22213 674 4444
860 21076 680 4456
868 21508 645 4445
860 21076 680 4456
827 21270 694 4541
823 21425 658 4544
875 21347 636 4528
823 21425 658 4544
860 21076 680 4456
925 23191 634 4437
821 19527 701 4379
818 21269 694 4548
793 18811 713 4386
780 19017 701 4406
881 21238 680 4461
875 21391 636 4528
865 21249 645 4539
849 21932 658 4539
829 21378 681 4440
892 21336 645 4535
835 22093 677 4547
814 19413 701 4385
799 19063 701 4394
905 22396 674 4445
915 22634 659 4445
897 22755 674 4425
886 23026 674 4433
881 21845 680 4453
870 21951 663 4537
912 22753 674 4429
849 22087 658 4528
893 22103 674 4450
818 21269 694 4548
872 22456 674 4445
874 21622 680 4457
870 21951 663 4537
903 22407 658 4447
799 19188 701 4391
799 19195 701 4388
886 21609 680 4450
881 21528 680 4456
909 22634 674 4440
897 22755 674 4425
909 22634 674 4440
849 22087 658 4528
849 22000 658 4536
905 22396 674 4445
799 19188 701 4391
909 22634 674 4440
799 19188 701 4391
799 19188 701 4391
799 19188 701 4391
954 23132 636 4528
914 24092 846 4379
903 21964 636 4536
818 21271 694 4548
799 19208 701 4393
799 19190 701 4397
808 19317 730 4387
885 21629 699 4464
814 19888 701 4387
909 22632 697 4440
905 21175 701 4380
944 23571 645 4446
829 22259 699 4448
889 21531 680 4456
847 21652 682 4534
860 22130 690 4443
868 21716 645 4541
934 23245 658 4447
880 22350 663 4537
943 22975 674 4440
849 22087 658 4539
931 23243 659 4446
892 21336 645 4547
920 23303 659 4446
878 23171 674 4446
921 22984 690 4440
892 21826 647 4537
901 22510 645 4532
917 22990 674 4442
898 21834 645 4535
893 22214 645 4538
917 22990 674 4442
909 22579 674 4445
818 21271 694 4548
799 19237 701 4389
905 22463 674 4450
921 21915 645 4529
799 19208 701 4393
905 22463 674 4450
906 23147 674 4446
892 21939 645 4540
892 21978 645 4539
905 22346 645 4529
799 19208 701 4393
892 21978 645 4539
917 22990 674 4442
905 22463 674 4450
818 21271 694 4548
818 21271 694 4548
799 19208 701 4393
1001 25215 650 4514
954 23132 636 4533
952 25203 846 4379
818 21310 694 4550
801 19248 701 4393
799 19495 701 4407
810 19646 701 4389
940 24021 846 4380
981 24326 652 4495
944 23658 690 4441
885 21629 699 4469
860 22724 697 4445
902 21966 665 4547
892 22148 645 4539
869 22901 693 4454
952 25203 846 4379
950 23735 659 4446
833 21505 694 4548
889 22044 680 4456
863 23059 693 4463
944 23972 658 4457
829 22259 699 4451
905 22518 674 4455
905 22303 645 4535
934 23280 674 4445
917 22990 674 4446
917 22990 674 4446
831 21769 694 4548
885 23445 674 4446
934 23280 674 4445
833 21505 694 4548
804 19577 701 4392
804 19577 701 4392
885 23445 674 4446
804 19577 701 4392
952 25203 846 4379
991 24493 652 4495
954 23413 636 4537
952 25307 846 4379
898 21576 695 4633
823 19416 701 4394
799 19495 701 4408
934 23711 846 4390
837 21759 694 4548
886 23475 674 4446
806 19693 701 4392
908 22006 689 4627
955 24001 659 4446
898 21576 695 4633
895 22130 680 4456
829 22433 699 4452
945 25163 846 4381
931 23243 674 4450
921 22343 645 4535
908 22006 689 4627
921 22159 645 4539
810 19607 701 4393
886 23475 674 4446
905 22268 645 4547
799 19495 701 4408
931 23243 674 4450
901 22321 645 4539
952 24126 846 4386
952 24126 846 4386
921 22343 645 4535
905 22346 645 4535
905 22346 645 4535
921 22343 645 4535
1070 28386 894 4380
921 22368 645 4535
835 19551 701 4398
813 21323 709 4610
812 21172 718 4572
969 25304 862 4385
815 21004 787 4523
952 24126 846 4392
913 22326 680 4457
864 20306 701 4397
910 23006 754 4393
821 19642 730 4407
899 23283 694 4548
944 24273 846 4390
833 21764 703 4588
944 23571 674 4446
844 22043 694 4563
834 21242 701 4408
944 23571 674 4446
826 21607 718 4568
853 21847 694 4552
900 22145 684 4534
944 23571 674 4446
921 22368 645 4535
919 22853 645 4538
921 22368 645 4535
835 19551 701 4398
905 22269 645 4550
921 22368 645 4535
919 22346 645 4539
921 22368 645 4535
919 22346 645 4539
921 22368 645 4535
919 22346 645 4539
921 22368 645 4535
921 22368 645 4535
921 22368 645 4535
921 22368 645 4535
919 22346 645 4539
969 25319 862 4385
921 22693 645 4535
849 19971 701 4402
813 21187 738 4627
963 24937 846 4390
910 23024 754 4397
815 21019 787 4547
856 20301 701 4398
833 21770 703 4588
929 22669 645 4535
836 20214 760 4481
836 20557 710 4446
836 20273 760 4480
944 23658 674 4446
935 23765 754 4393
912 22173 689 4613
834 21504 701 4408
969 25319 862 4385
919 22360 645 4539
815 21023 787 4536
944 23658 674 4446
818 21448 718 4579
835 21274 718 4554
935 23765 754 4393
842 20524 740 4542
818 21448 718 4579
920 22349 689 4609
818 21448 718 4579
944 23658 674 4446
855 22376 694 4554
920 22349 689 4609
944 23658 674 4446
837 20457 755 4539
921 22460 645 4536
842 20524 740 4542
855 22376 694 4554
837 20457 755 4539
969 25319 862 4385
944 23658 674 4446
818 21448 718 4579
1008 25325 862 4386
969 25448 862 4385
933 22792 645 4535
923 22869 894 4418
897 22965 702 4594
860 20118 707 4467
815 21040 787 4547
945 23760 674 4446
969 25189 846 4392
832 21810 718 4579
880 22715 778 4442
887 21789 827 4438
944 23658 674 4461
836 20214 760 4483
900 22070 792 4447
919 22364 645 4539
896 23444 704 4532
910 23083 754 4402
893 22358 754 4436
836 20557 710 4448
833 21787 703 4588
969 25189 846 4392
899 22943 770 4431
896 23302 704 4541
897 22175 703 4454
909 22822 770 4431
836 20214 760 4483
836 20557 710 4448
969 25216 846 4390
933 22792 645 4535
836 20214 760 4483
896 23444 704 4532
897 22965 702 4594
969 25216 846 4390
969 25216 846 4390
969 25216 846 4390
969 25216 846 4390
969 25216 846 4390
969 25216 846 4390
969 25189 846 4392
994 26054 862 4385
937 22873 894 4426
919 22367 645 4539
876 20280 731 4477
860 22009 709 4605
815 21251 787 4547
955 23977 674 4450
871 22919 703 4589
969 25241 846 4390
934 23422 648 4538
873 21381 760 4485
969 25082 825 4409
900 24301 745 4459
881 21503 728 4520
928 23243 789 4427
950 24770 854 4422
886 22048 825 4448
919 22887 705 4506
905 22067 784 4462
837 20599 739 4546
957 24947 825 4412
842 22155 703 4600
850 22627 786 4538
871 21824 813 4457
895 21774 792 4463
894 20832 707 4467
890 21376 890 4471
837 20684 755 4544
910 22515 792 4452
879 21619 813 4467
842 20595 740 4542
947 23037 786 4449
914 22892 705 4515
969 25193 846 4392
871 21732 813 4470
947 23378 882 4419
947 23378 882 4419
969 25241 846 4390
969 25241 846 4390
969 25241 846 4390
1051 27857 894 4391
921 22595 645 4540
920 22400 689 4609
858 20783 769 4556
973 25060 860 4413
884 22039 836 4459
922 22261 714 4518
891 20912 760 4480
920 22589 684 4561
900 24177 733 4471
935 22826 645 4539
941 23892 724 4482
957 23818 804 4431
961 23798 882 4427
921 23010 792 4452
903 22256 792 4470
948 22828 835 4464
947 23426 882 4429
1081 27234 756 4474
1060 28099 894 4398
954 23132 658 4545
939 22673 695 4628
930 23304 671 4685
922 22858 689 4615
938 24636 694 4548
929 24105 699 4547
941 23693 685 4672
936 23001 689 4609
930 23440 687 4684
971 24378 661 4547
939 22682 695 4633
925 23406 700 4686
943 23201 689 4609
959 22995 695 4629
978 23565 695 4628
964 23196 743 4657
960 23803 689 4609
964 23306 695 4630
996 24361 718 4622
