2 0.133028
830 20933 654 4412
897 21805 678 4384
874 22676 633 4527
823 19949 688 4493
854 20941 777 4388
845 19964 720 4482
948 23264 827 4371
783 19698 624 4601
822 19482 730 4563
783 19698 624 4601
868 21016 810 4458
886 19551 821 4529
962 23272 783 4545
954 24096 699 4421
917 23577 671 4514
826 19560 736 4483
935 23630 799 4590
958 22111 876 4449
895 23342 715 4512
984 25038 870 4549
985 25301 812 4567
1015 26825 979 4447
1064 26942 834 4461
935 22237 791 4565
935 22946 692 4554
1135 26706 710 4610
1030 25394 895 4498
872 21126 645 4516
904 22394 752 4597
915 22615 805 4564
992 25289 846 4464
985 24912 934 4478
981 25407 785 4627
1043 24885 760 4514
951 23067 856 4437
914 22911 752 4583
1015 26463 843 4573
972 24959 786 4469
940 24582 912 4500
1064 25454 789 4571
1022 24170 879 4407
861 21286 636 4465
1121 28656 908 4579
1008 25223 812 4415
903 23021 831 4640
994 23775 688 4619
1052 25813 1013 4449
946 22078 799 4552
889 22321 737 4458
966 23173 805 4525
931 23035 737 4586
939 23500 734 4498
782 21164 646 4545
1085 24784 942 4453
1053 25726 691 4551
1023 26153 857 4604
924 22170 764 4522
965 23481 965 4386
918 22659 796 4450
1072 24955 913 4509
1007 24601 752 4597
943 23191 695 4527
919 24240 796 4474
946 23992 640 4436
906 22619 784 4435
898 23344 721 4637
911 23069 806 4569
990 24586 734 4494
930 22747 808 4570
937 23327 876 4524
958 23189 878 4397
977 25420 735 4482
1053 25785 842 4548
887 20851 830 4555
1005 24798 848 4420
941 23519 839 4519
1001 25761 908 4519
1090 26353 1033 4444
783 19393 749 4407
880 20906 765 4514
990 23562 981 4485
935 21947 709 4436
921 22472 848 4405
933 25149 827 4556
1002 24071 804 4677
939 22868 814 4481
967 24573 929 4559
910 23615 848 4455
873 21252 711 4462
926 23166 709 4540
1028 25518 790 4528
1078 27526 839 4397
946 23634 681 4529
989 24893 727 4394
1080 26489 802 4704
1004 24737 948 4588
1005 24175 829 4478
1052 25845 927 4599
970 24261 741 4544
855 21641 746 4602
909 21108 756 4492
1024 25748 935 4463
1023 24331 862 4561
1000 24466 805 4549
911 21623 793 4458
975 23339 782 4376
1063 24850 952 4452
991 24413 871 4493
925 23583 789 4661
893 21646 591 4596
1084 25499 922 4394
895 21501 767 4504
1073 26047 845 4535
977 24271 857 4534
1035 26506 803 4557
937 23095 780 4523
967 23732 728 4554
943 23866 821 4486
1006 23611 896 4468
1016 25617 760 4682
987 23917 768 4525
971 24878 784 4606
1110 27073 788 4571
985 24223 830 4558
1004 24012 962 4516
1139 26924 898 4641
982 25393 816 4515
1056 26384 834 4498
969 23363 828 4465
840 21440 767 4554
1019 23935 670 4503
904 21426 685 4453
864 20291 832 4540
996 23177 883 4430
1011 25884 873 4582
974 24477 824 4538
1027 25811 779 4562
884 22598 816 4451
950 23834 724 4475
914 22061 746 4527
979 24649 825 4539
981 24894 735 4548
963 25682 767 4495
954 23838 713 4461
937 22580 756 4475
989 25548 843 4573
1002 25475 722 4495
959 22491 905 4425
897 22450 883 4514
1000 24764 715 4622
845 21136 725 4505
976 24371 800 4531
908 21945 862 4490
904 22004 704 4386
902 22478 754 4533
870 20940 837 4392
1032 26159 796 4508
1030 26363 982 4545
1058 28005 847 4609
1039 24454 689 4441
988 22892 801 4616
960 24875 803 4498
934 23748 866 4538
950 22763 855 4607
1003 26071 800 4509
921 21569 765 4510
1029 24869 808 4536
1146 26904 963 4545
861 22152 725 4577
877 22059 811 4474
939 23093 896 4539
842 21751 717 4538
940 23907 835 4389
918 23308 715 4598
951 24443 861 4559
1042 26666 772 4548
938 23223 758 4667
996 24798 783 4616
926 22859 764 4601
1022 24511 945 4474
982 23133 775 4465
1008 25358 873 4608
923 22720 674 4583
953 21911 810 4553
1024 27128 827 4556
991 26263 923 4625
995 23639 670 4604
1006 25084 691 4498
788 21348 614 4537
998 24404 768 4492
1045 25963 683 4509
908 22634 821 4476
981 23252 863 4532
957 23799 828 4376
1013 25172 868 4607
1003 24776 794 4578
1043 24832 731 4476
940 23725 784 4510
917 21557 789 4467
1015 25486 680 4546
879 23282 834 4552
1000 23964 721 4617
1040 25689 664 4565
1043 25909 944 4559
1006 25080 857 4409
892 22345 778 4368
967 25608 638 4576
1036 25175 822 4458
844 21062 844 4424
860 20792 805 4470
855 20876 694 4516
909 23073 754 4382
889 23452 783 4599
974 24243 706 4614
874 20477 756 4487
948 22364 773 4445
1040 26147 858 4623
1026 24222 775 4518
927 23670 815 4543
942 22797 904 4416
964 23543 775 4533
1022 26038 767 4415
969 22447 788 4497
1056 27226 838 4564
1022 24395 810 4583
1006 25471 817 4587
900 22390 800 4505
901 22429 809 4463
905 22513 785 4438
856 20635 830 4442
1027 24447 783 4547
977 25232 867 4547
936 22888 720 4461
1022 24862 903 4411
1066 26596 897 4525
969 22309 756 4555
1162 28430 799 4435
1018 25390 861 4444
1012 25925 765 4507
995 25809 750 4670
1015 25040 920 4501
867 22005 740 4423
1006 26447 928 4487
936 23695 705 4661
990 23736 713 4480
1065 25915 880 4482
961 24849 742 4524
924 22925 848 4630
914 22503 831 4407
1072 26631 979 4430
880 21808 666 4451
981 24849 683 4640
916 23028 742 4591
1002 25770 819 4485
920 24939 849 4450
805 20273 633 4473
962 24606 712 4548
944 24085 906 4459
946 23839 721 4512
1173 31308 726 4525
938 23988 750 4436
885 20892 791 4423
948 22382 880 4479
864 20831 748 4516
1011 24313 779 4650
1071 24949 835 4533
1090 26948 853 4622
964 24079 858 4600
1056 25085 907 4479
1024 24764 808 4572
1102 26929 1006 4463
1027 24837 738 4617
900 23903 811 4519
1058 26783 755 4465
1026 25681 975 4561
1069 27206 855 4630
922 23095 851 4380
991 23343 789 4444
897 22064 717 4516
1063 25748 950 4440
1111 27597 889 4466
900 21465 690 4520
981 25021 705 4488
1014 26723 746 4613
950 24329 719 4415
1024 26525 706 4587
938 22969 809 4461
909 20971 815 4549
1026 25009 924 4433
1089 27058 791 4416
818 21284 765 4548
1027 25371 881 4611
1011 26174 800 4425
905 23021 684 4356
963 24117 889 4458
1111 26208 733 4615
1035 25507 887 4443
973 24479 843 4644
990 25149 853 4606
982 24116 905 4503
1019 24224 908 4440
918 22261 889 4495
965 21976 701 4464
1118 27321 754 4465
1020 26755 872 4498
919 23442 818 4535
885 20875 739 4471
1005 24683 786 4488
813 19319 727 4483
1052 24994 829 4669
1009 24833 896 4495
1006 26361 831 4488
895 20919 766 4533
941 23392 829 4560
883 20875 748 4401
968 24029 841 4594
876 21875 769 4459
1030 25333 970 4427
1125 28034 712 4570
996 24666 931 4457
1061 26206 883 4526
974 22457 835 4447
979 24755 754 4533
1023 25904 859 4637
1072 26951 849 4597
960 23068 757 4582
962 23413 767 4412
1059 25513 737 4552
902 21877 738 4478
807 21335 742 4395
864 21375 839 4557
906 22668 898 4603
903 21099 823 4470
1045 24747 701 4503
1069 25885 815 4452
973 22743 754 4501
1141 28022 821 4646
909 23790 734 4617
1024 25447 763 4630
927 22019 656 4545
988 24520 894 4466
1001 25559 857 4529
898 22223 759 4479
1009 24776 736 4551
1056 26619 890 4576
1059 27228 725 4607
944 23438 865 4495
1023 24447 925 4478
923 22951 752 4499
922 21614 828 4579
915 22554 896 4463
893 23278 714 4569
1138 27846 1014 4545
823 20939 750 4498
862 21368 630 4495
978 24675 849 4624
1054 25771 826 4653
951 22959 741 4398
973 24547 712 4629
923 22521 749 4502
958 24675 838 4623
918 21844 732 4624
969 23282 855 4428
1143 27886 992 4529
926 22466 849 4438
846 21861 705 4460
968 24246 862 4616
949 23514 799 4453
933 22944 787 4382
947 23752 774 4443
831 21130 764 4443
957 23509 898 4586
995 24215 749 4419
910 22432 772 4607
922 22424 823 4614
1070 27339 601 4605
1043 24374 838 4549
941 22607 730 4541
1026 25041 687 4448
996 24235 844 4546
957 22545 736 4499
963 24291 864 4452
1085 26438 693 4544
1044 26212 794 4444
908 23323 716 4496
964 24877 649 4591
939 22341 725 4612
941 23413 875 4478
925 22841 833 4624
995 24009 729 4636
966 23468 808 4559
1038 25904 828 4480
916 23217 788 4444
1118 27244 741 4520
846 20568 777 4441
1017 25241 999 4442
870 21912 740 4558
1029 24828 839 4555
922 22806 758 4618
884 21763 747 4530
985 25229 894 4443
1011 24505 882 4666
890 22905 834 4515
1032 25421 720 4630
1053 25391 860 4586
986 24322 919 4615
974 24839 816 4545
1021 26789 901 4594
928 24332 775 4604
842 21813 819 4501
910 22453 755 4597
959 22380 666 4571
993 23374 753 4604
954 24459 807 4566
944 22542 938 4376
935 23747 687 4515
918 22428 699 4463
999 25594 700 4491
1098 24651 760 4585
894 21984 772 4431
999 24410 837 4485
884 21872 770 4634
816 20918 729 4505
897 21120 857 4495
950 22206 733 4588
925 23981 712 4422
894 21048 858 4416
1037 26639 995 4469
951 24013 690 4539
926 22270 807 4509
912 22954 793 4577
930 23982 807 4492
1081 27062 970 4586
973 24562 882 4407
1136 28264 992 4544
934 22208 818 4442
1068 28565 779 4638
878 22380 722 4655
956 25336 844 4587
922 22262 851 4526
954 23102 898 4373
1053 25237 703 4490
1079 24645 692 4447
1060 28081 872 4544
1003 25234 770 4571
1023 23898 788 4579
976 23776 856 4574
1061 24073 803 4580
994 25455 860 4472
934 23353 658 4551
974 23032 825 4634
857 21526 635 4504
957 23480 859 4586
850 22471 801 4399
958 24982 839 4630
845 21397 733 4437
926 24003 784 4563
963 24525 727 4529
1016 24896 791 4575
1081 27140 961 4441
990 23632 711 4567
950 24142 741 4354
957 23420 925 4520
923 23558 760 4544
955 23850 620 4567
887 21917 701 4598
936 22116 678 4484
877 21445 682 4600
1047 25811 804 4449
828 21280 651 4546
897 21214 812 4458
905 22910 731 4288
1003 24318 759 4437
949 23187 807 4517
835 20589 798 4496
1059 27578 911 4558
1085 25808 778 4571
940 21155 685 4530
1030 25953 681 4556
866 21795 866 4424
