83 2.32569
756 19191 733 5111
734 19162 694 5123
719 18717 719 5160
746 19513 707 5116
808 20422 746 5079
758 18404 707 5189
879 22241 720 5085
871 22216 759 5066
758 19427 694 5120
768 19584 733 5084
720 18424 707 5207
748 19208 707 5104
871 22216 759 5066
822 20392 720 5088
740 18844 720 5118
861 22498 720 5085
736 19312 719 5121
719 18426 719 5174
747 19369 733 5111
817 20997 694 5106
843 21492 694 5101
874 22042 759 5066
719 18426 719 5174
736 19312 719 5121
764 19177 733 5085
753 19174 694 5122
756 19728 694 5115
808 20422 746 5079
761 19086 733 5091
780 19096 758 5089
745 19220 707 5122
875 21521 848 5051
765 20153 707 5097
765 19641 733 5084
843 21492 694 5101
769 20004 694 5108
808 20422 746 5079
773 19539 733 5081
737 18271 727 5198
769 19063 733 5094
884 22196 785 5054
751 19337 720 5090
738 19016 720 5120
814 20920 720 5086
890 22875 798 5049
827 21462 785 5057
946 24493 798 5042
874 22042 759 5066
745 19183 733 5117
761 19086 733 5091
811 20891 772 5061
825 21043 746 5076
734 19162 694 5123
883 22516 785 5053
836 21770 694 5098
867 22840 772 5056
857 21514 707 5086
775 19934 694 5107
817 20997 694 5106
765 19641 733 5084
797 21181 707 5091
864 21135 835 5057
808 20422 746 5079
879 22241 720 5085
773 19539 733 5081
765 19159 733 5085
843 21492 694 5101
874 22042 759 5066
742 18436 707 5187
842 20842 746 5072
871 21588 848 5051
998 26531 759 5062
728 18822 694 5128
888 22143 785 5054
726 18282 719 5155
768 18661 707 5184
754 19159 745 5088
817 20997 694 5106
957 24178 823 5040
822 20392 720 5088
761 19206 733 5085
1000 26056 694 5096
851 21942 785 5056
765 19159 733 5085
797 21181 707 5091
957 24683 785 5050
773 19539 733 5081
769 20004 694 5108
748 19208 707 5104
923 23744 759 5063
825 21968 694 5101
890 22875 798 5049
726 18282 719 5155
728 18724 694 5129
891 22637 733 5076
888 22143 785 5054
736 19312 719 5121
874 22304 759 5064
843 21492 694 5101
719 18732 719 5158
929 23090 835 5048
795 20189 707 5094
994 26590 759 5062
851 21942 785 5056
740 18844 720 5118
719 18504 719 5163
759 19098 733 5091
817 21095 772 5058
896 23185 798 5043
846 21665 798 5053
771 19742 733 5083
753 18740 733 5114
999 25599 733 5075
848 21437 733 5078
719 18426 719 5174
845 22041 772 5057
797 20981 707 5093
976 25059 785 5049
764 18148 732 5188
863 22387 720 5085
735 18910 720 5126
719 18644 719 5161
773 19539 733 5081
810 20218 810 5060
870 22641 733 5076
808 20422 746 5079
739 17549 707 5190
874 22042 759 5066
832 21181 746 5067
929 24028 720 5083
755 18572 694 5192
753 18740 733 5114
988 26280 694 5094
810 20218 810 5060
822 20392 720 5088
871 22216 759 5066
822 20392 720 5088
766 19435 746 5082
756 19728 694 5115
845 22041 772 5057
957 24683 785 5050
902 23442 772 5054
883 22586 785 5052
859 22088 798 5051
817 21250 733 5079
800 20527 759 5067
767 18988 745 5095
747 19369 733 5111
981 25618 733 5075
734 19162 694 5123
822 20392 720 5088
765 19159 733 5085
944 23044 885 5049
737 18273 727 5210
946 24494 798 5042
1003 25643 733 5075
856 22167 694 5106
739 17593 707 5190
719 18520 719 5163
994 26599 759 5062
871 21597 848 5051
929 23178 835 5048
987 25948 694 5101
895 23006 797 5054
728 18779 694 5134
861 22521 772 5057
832 20724 810 5064
755 18581 694 5192
768 18669 707 5186
747 19583 707 5122
728 18330 719 5155
726 18434 719 5155
