684 254.265
985 18628 886 5032
977 20717 911 5022
938 19675 911 5024
866 21355 836 5028
718 17484 694 5096
707 17944 694 5095
769 18583 745 5074
912 19806 797 5046
734 18142 720 5077
780 19693 733 5070
936 19382 873 5030
861 20491 811 5030
856 20700 759 5054
962 17978 860 5036
750 18128 732 5080
831 20740 759 5054
942 19139 861 5026
929 20382 886 5024
855 20148 798 5036
950 18702 848 5038
851 21010 798 5036
782 19635 746 5064
800 19689 772 5048
742 18386 707 5083
719 17652 707 5087
766 18241 707 5084
895 18649 822 5051
719 17652 707 5087
839 20333 759 5056
853 20191 785 5044
822 20416 785 5042
906 19463 848 5039
711 17886 694 5090
844 20975 811 5030
918 17574 835 5044
755 18873 720 5072
977 20717 911 5022
889 19217 822 5052
710 17813 694 5095
789 18942 772 5057
815 20703 759 5056
711 17886 694 5090
784 19437 746 5062
788 19490 733 5066
920 18105 822 5044
933 17528 847 5048
878 20262 759 5055
791 19336 733 5066
919 19342 898 5030
923 19666 848 5032
818 20317 746 5060
889 19217 822 5052
925 18740 848 5039
985 18628 886 5032
919 19342 898 5030
894 20025 798 5036
755 18873 720 5072
963 19509 809 5056
878 20262 759 5055
963 19509 809 5056
754 19036 733 5071
800 19689 772 5048
744 17872 732 5086
843 20056 785 5046
933 17528 847 5048
924 18857 860 5036
853 20191 785 5044
715 17943 694 5089
739 18696 707 5081
710 17813 694 5095
792 19356 759 5057
763 18610 707 5078
894 18815 822 5050
860 19528 810 5040
906 19463 848 5039
818 20317 746 5060
763 18610 707 5078
860 19528 810 5040
754 19036 733 5071
839 20410 810 5042
894 18815 822 5050
782 19635 746 5064
786 19428 746 5070
735 18339 707 5084
793 18374 707 5081
735 18339 707 5084
823 20405 759 5056
942 19139 861 5026
744 17872 732 5086
920 18105 822 5044
766 18241 707 5084
977 20717 911 5022
895 18649 822 5051
918 17574 835 5044
793 18374 707 5081
715 17943 694 5089
843 21002 811 5030
789 18942 772 5057
942 19139 861 5026
792 19356 759 5057
822 20416 785 5042
855 20148 798 5036
923 19666 848 5032
839 20333 759 5056
894 20025 798 5036
843 20056 785 5046
843 20288 811 5032
843 20288 811 5032
839 20410 810 5042
860 19528 810 5040
977 20717 911 5022
843 20056 785 5046
1037 20279 848 5032
991 20848 911 5022
987 23519 772 5048
944 19758 911 5024
718 17513 694 5096
718 17513 694 5096
718 17513 694 5096
718 17513 694 5096
1023 23455 772 5048
879 22029 811 5030
797 19461 733 5066
743 18638 694 5089
745 18771 707 5087
963 20993 886 5024
788 19232 707 5078
936 19831 835 5045
855 21551 785 5042
772 19384 720 5072
948 19809 861 5026
924 19403 898 5030
738 18145 720 5077
749 18872 707 5081
985 18444 873 5038
898 18998 822 5052
841 21006 759 5054
881 20196 798 5036
867 20352 797 5057
772 19384 720 5072
829 20731 759 5056
946 20303 823 5034
891 20567 785 5048
873 21406 836 5028
831 20580 771 5062
832 20726 746 5060
721 18108 694 5095
1037 20279 848 5032
887 19762 784 5053
721 18108 694 5095
869 20696 746 5060
906 20447 848 5032
914 19535 809 5060
917 19500 822 5050
862 21351 784 5052
978 18339 822 5044
734 18212 720 5077
967 19487 860 5038
879 20897 797 5046
989 18292 860 5036
907 21082 785 5044
749 18872 707 5081
985 18444 873 5038
815 20768 759 5056
785 19587 746 5063
924 20752 873 5031
868 21484 836 5028
909 20482 797 5052
785 19587 746 5063
815 20768 759 5056
867 21245 785 5042
989 18292 860 5036
867 20711 759 5054
867 21245 785 5042
870 20756 798 5036
989 18292 860 5036
785 19587 746 5063
718 17513 694 5096
985 18444 873 5038
832 20726 746 5060
867 20711 759 5054
718 17513 694 5096
1019 24560 772 5048
994 21108 911 5022
718 17541 694 5096
718 17541 694 5096
773 19266 707 5086
926 23325 784 5052
951 23127 784 5052
862 21867 746 5060
748 18885 694 5092
1001 18618 860 5036
981 20492 873 5030
985 19157 898 5042
832 20539 719 5082
776 18814 745 5078
774 19555 694 5089
910 20673 821 5058
869 21531 836 5028
794 19874 720 5074
989 18724 860 5036
972 21440 886 5024
731 18639 694 5095
848 21177 759 5058
842 21482 759 5056
923 21283 798 5036
988 19894 822 5050
964 19101 860 5076
829 20351 733 5066
875 21345 785 5042
892 20200 784 5062
884 21116 835 5055
804 20050 746 5065
817 19705 733 5076
942 21172 860 5038
860 21171 784 5055
907 19743 867 5052
909 21708 798 5036
785 20022 746 5070
976 21102 886 5024
817 19592 746 5064
844 20045 733 5071
990 21115 861 5028
904 20812 771 5060
900 21837 798 5041
899 20951 797 5047
834 20229 720 5072
822 20715 720 5072
921 21070 797 5046
987 18657 873 5038
921 21070 797 5046
918 21320 822 5046
863 21634 759 5054
832 20884 771 5060
790 20015 733 5072
865 21414 759 5055
866 21625 785 5042
1045 23297 810 5040
1028 21473 886 5024
999 24899 785 5042
981 20827 898 5034
718 17603 694 5096
778 19797 694 5089
1002 18677 860 5036
952 22961 746 5060
983 24856 798 5036
899 22301 836 5028
846 20911 719 5083
932 21493 847 5047
938 21277 822 5048
972 21623 886 5024
913 21519 785 5044
852 21009 771 5065
811 19952 732 5079
952 20588 797 5063
890 21665 798 5042
872 21573 759 5055
1011 20345 834 5056
836 21271 733 5070
853 20767 720 5073
850 21319 759 5058
797 20507 720 5078
1010 20179 835 5053
806 20045 720 5079
969 21556 836 5028
855 20740 745 5070
810 20297 720 5077
910 22000 797 5048
856 20179 733 5072
971 21837 835 5038
848 20961 733 5068
893 21871 759 5054
863 20829 746 5064
866 20853 733 5071
844 20203 733 5072
905 20570 733 5066
1019 21515 886 5024
850 21282 733 5066
972 21623 886 5024
972 21623 886 5024
1062 22671 873 5030
1040 25732 810 5040
972 21717 886 5024
731 17852 694 5096
725 17719 694 5113
829 20793 732 5081
1005 18828 860 5036
998 23988 785 5044
859 21235 720 5081
927 23211 836 5028
986 22497 797 5046
1037 22616 848 5032
903 22044 759 5054
1041 23849 835 5038
958 20833 797 5063
1019 21667 886 5024
884 22354 720 5080
946 21813 812 5054
895 21159 796 5067
932 21625 796 5056
1048 22156 797 5052
1007 22095 823 5042
873 21283 746 5065
993 22657 873 5034
896 21447 694 5089
885 21182 733 5074
894 22796 720 5076
901 22036 733 5066
863 22066 745 5075
908 21322 733 5066
863 21759 694 5089
995 21741 822 5044
996 23044 873 5030
867 21249 746 5066
863 21759 694 5089
1085 21858 860 5036
985 22032 886 5024
971 24830 733 5066
743 18208 694 5096
1035 21256 860 5042
889 21971 770 5070
918 23060 733 5082
973 21482 758 5075
1007 22861 822 5048
1001 24149 848 5038
1022 21660 872 5042
1016 24351 785 5044
1002 23740 810 5047
955 23394 746 5067
939 22300 821 5055
959 21298 797 5063
1054 22386 847 5043
914 22113 771 5058
925 22151 746 5072
956 21891 833 5065
905 22275 809 5058
991 21940 797 5057
1024 22465 822 5044
1049 24654 847 5042
892 22334 770 5068
934 22448 809 5056
1088 23335 860 5036
1029 24741 785 5044
1025 21737 911 5045
988 22036 886 5024
783 19373 694 5113
938 23170 733 5083
914 22891 771 5062
1003 22349 809 5058
952 23527 746 5073
1086 24488 860 5038
948 22640 783 5070
1024 21898 797 5063
1011 21952 797 5070
1089 25143 835 5044
1056 22443 847 5072
1053 26018 809 5054
1042 23555 886 5024
956 23176 771 5067
960 23956 771 5064
1029 25684 822 5055
1070 22915 796 5062
1039 22835 797 5063
991 24487 771 5065
1036 18636 1036 5012
1036 18636 1036 5012
818 20587 798 5037
737 15553 720 5086
694 16189 694 5137
694 16014 694 5152
694 15987 694 5157
694 16261 694 5099
694 16221 694 5135
832 19814 798 5036
986 17571 986 5016
1011 17628 1011 5014
1011 17628 1011 5014
986 17571 986 5016
861 19261 861 5026
961 17265 961 5018
961 17265 961 5018
903 18462 861 5027
750 15815 733 5068
746 18778 707 5078
916 18543 886 5024
848 18789 836 5028
956 17155 948 5030
759 16113 759 5056
707 16028 707 5080
882 19199 861 5027
897 18287 886 5025
823 17520 823 5035
805 19565 798 5039
771 16051 771 5060
784 16242 784 5054
814 16465 797 5048
853 17989 836 5028
802 16688 785 5044
845 18777 811 5030
720 15887 720 5074
797 16511 797 5048
700 16956 694 5087
746 17361 746 5061
948 17447 936 5020
758 15952 758 5066
916 18543 886 5024
737 15553 720 5086
738 18407 694 5084
823 17520 823 5035
911 17906 898 5028
789 16363 772 5050
827 19193 798 5040
919 18739 911 5022
707 16785 694 5093
951 17446 923 5029
827 16763 810 5042
775 15880 758 5066
943 17736 936 5022
831 18091 810 5041
911 19632 911 5022
694 16844 694 5091
770 18939 733 5066
785 16704 785 5044
694 16149 694 5147
812 19347 811 5030
936 18071 936 5021
720 17443 720 5072
786 18670 772 5048
922 18715 911 5022
789 18496 733 5066
947 17664 923 5026
780 17795 759 5055
784 18348 746 5060
760 17928 759 5055
935 18340 861 5026
948 17181 948 5024
836 19269 836 5028
713 17216 707 5079
811 17656 811 5031
700 16956 694 5087
726 15804 707 5092
785 19125 772 5048
733 15908 733 5068
911 17906 898 5028
746 15968 746 5062
694 16156 694 5142
780 17295 772 5049
810 16817 810 5042
830 19609 798 5038
713 17196 694 5085
720 15865 720 5080
893 18712 861 5026
750 15716 733 5074
911 19021 911 5023
734 17060 733 5067
694 16156 694 5142
694 16149 694 5147
861 19258 861 5027
737 15626 720 5080
790 18391 733 5066
836 17676 836 5029
925 18040 911 5022
802 19011 785 5042
772 18809 759 5054
936 18461 936 5020
772 16393 772 5050
799 18422 759 5054
886 18898 886 5024
734 17060 733 5067
886 18898 886 5024
908 18447 861 5026
851 18055 810 5040
726 15804 707 5092
785 17579 785 5043
772 17427 772 5049
814 16465 797 5048
904 18691 861 5026
949 17969 911 5024
847 18720 798 5036
694 16189 694 5137
746 17361 746 5061
720 17166 720 5073
925 18040 911 5022
812 19347 811 5030
694 16221 694 5135
750 15716 733 5074
707 16785 694 5093
1148 22198 1036 5012
1105 20349 1036 5014
1099 27653 733 5066
930 23511 719 5136
901 24037 707 5078
737 15671 720 5086
967 17441 961 5018
1038 19156 986 5016
852 20242 733 5080
1125 21899 1011 5015
1065 25528 822 5046
1066 26817 796 5056
1018 24664 797 5053
1001 19850 948 5026
961 20513 858 5074
875 19883 783 5076
939 21956 733 5072
1143 22544 1036 5012
920 22536 759 5063
938 23110 872 5041
1083 23155 898 5028
1053 20174 936 5020
1060 22303 885 5034
914 21366 822 5054
896 21847 809 5057
990 20534 922 5037
933 20681 835 5043
925 23502 746 5068
879 20869 745 5077
913 20721 835 5059
922 21631 884 5044
1009 19952 936 5031
1031 22763 911 5028
1041 21008 923 5026
973 22822 784 5057
997 24226 797 5055
979 23453 860 5040
933 23169 758 5073
1067 23939 898 5031
1041 20416 896 5062
852 20453 783 5075
1044 22275 860 5037
1003 21774 935 5032
975 21890 822 5047
888 21796 784 5059
1020 22645 897 5038
1019 22543 910 5032
1026 21858 935 5031
1110 21510 948 5025
1098 27889 783 5069
1083 21403 1011 5017
1039 21313 1023 5019
737 15674 720 5086
737 15674 720 5086
871 21403 757 5085
1048 19622 1011 5026
986 23402 733 5080
1019 26930 745 5073
917 22539 796 5062
1052 26046 746 5077
917 21821 796 5069
1102 24770 745 5073
1077 22691 910 5042
1070 24107 860 5041
976 21625 872 5046
1029 20243 998 5033
890 22503 746 5083
1033 24436 847 5048
1005 20537 973 5035
1045 23285 822 5051
1022 22744 783 5076
1017 21126 986 5022
946 23074 796 5059
1038 19878 1011 5022
994 23020 809 5061
999 22075 872 5045
1026 20835 961 5020
966 22558 822 5056
1055 22129 923 5038
957 21460 834 5055
1012 21502 934 5043
954 21607 859 5054
896 21675 745 5084
1066 21692 922 5041
991 23092 835 5049
1054 22597 948 5024
976 22132 810 5059
1015 20900 960 5031
988 20347 973 5038
1049 21601 935 5030
1041 24367 910 5037
1044 22352 923 5026
1001 21857 821 5059
1080 23075 936 5020
953 22368 745 5078
1028 22431 935 5032
951 21773 860 5049
994 22169 859 5046
1014 21106 948 5037
1020 24651 923 5037
1042 21055 936 5026
1174 26688 783 5076
1164 24649 1011 5017
1141 28332 898 5041
1102 21861 1023 5018
737 15680 720 5086
928 22980 832 5073
1005 20583 973 5037
953 23935 796 5077
993 22662 821 5067
1024 25032 758 5081
1082 21145 1011 5020
1002 23316 796 5061
1085 25403 847 5051
1018 21123 960 5031
1033 21748 973 5028
1018 23911 758 5082
1156 23178 910 5044
1039 24759 782 5079
1078 25855 834 5054
943 22511 821 5070
937 23581 822 5074
987 22761 897 5049
1071 25594 885 5045
1002 22938 859 5055
1034 21759 948 5037
1055 24699 871 5051
999 22546 897 5052
1114 23200 948 5024
979 23290 885 5054
1069 22965 922 5041
980 22946 822 5056
1003 23581 884 5054
1066 21424 973 5024
1078 23164 948 5025
1039 20866 973 5028
1040 21677 935 5044
1055 21538 973 5022
1043 23149 935 5037
1044 22332 948 5026
1048 22688 935 5032
1019 20683 973 5035
1053 22186 935 5036
982 22704 921 5054
1052 23325 884 5051
1024 20590 973 5035
1167 24199 973 5022
1130 22835 1036 5018
1052 26611 796 5065
737 15686 720 5086
993 23865 822 5080
1016 20666 973 5052
1100 24720 923 5043
1019 23618 796 5076
1102 21313 986 5029
1140 24547 948 5024
1076 25356 872 5056
998 23304 833 5070
1075 25476 821 5068
1006 22668 924 5062
1021 21009 973 5035
1058 22973 935 5032
1075 23620 934 5050
1068 21532 985 5026
1106 25304 859 5055
1018 25031 859 5063
1040 21857 935 5044
1035 21960 960 5031
1040 24191 834 5057
1111 26183 833 5060
1028 23185 847 5059
1117 23187 961 5029
1085 21716 973 5024
1075 26028 872 5052
1070 22146 973 5029
1032 23628 871 5057
1024 23909 871 5059
1026 20730 973 5035
1072 24252 821 5069
1072 23221 973 5027
1027 20707 973 5035
1149 25631 973 5031
1123 22910 986 5024
1049 26782 835 5058
740 15962 720 5086
1013 23459 871 5072
1098 25151 834 5057
1035 20871 973 5035
1089 23009 935 5043
1084 26496 886 5063
1026 21365 973 5035
1031 23291 884 5076
1067 23212 935 5032
1082 23128 935 5032
1027 21059 973 5035
1029 20899 973 5035
1157 25143 935 5032
1109 23848 985 5032
1096 26178 885 5074
746 16210 720 5086
1048 20878 973 5035
1099 25913 834 5057
1110 23680 935 5049
1086 24086 960 5035
1059 21861 973 5035
1058 21337 1000 5035
748 16457 720 5086
1064 21899 973 5035
755 16799 720 5086
1080 21905 973 5035
1074 22644 973 5038
853 17542 720 5086
784 17619 745 5101
946 21874 720 5089
931 21655 745 5087
911 22788 732 5089
876 21186 820 5134
836 19371 757 5149
888 21401 796 5089
921 22164 720 5105
869 21861 733 5101
916 22349 720 5093
880 21741 732 5090
1032 23580 821 5090
974 24889 758 5103
962 22263 909 5095
932 22781 720 5117
908 20179 757 5149
895 22177 770 5138
951 22148 834 5097
1011 24290 732 5105
937 23049 771 5092
941 22635 733 5115
987 22561 771 5095
913 22460 759 5097
944 22331 758 5105
1059 24782 783 5093
1058 26841 770 5097
1001 22814 846 5106
998 23831 784 5103
1042 26317 783 5096
1036 18726 1036 5012
802 19783 746 5060
737 15563 720 5086
694 16844 694 5091
694 16014 694 5152
694 15987 694 5157
694 16261 694 5099
694 16152 694 5142
963 17992 923 5026
1011 17628 1011 5014
986 17571 986 5016
1011 17628 1011 5014
897 18287 886 5025
861 19258 861 5027
956 17155 948 5030
911 19632 911 5022
836 19269 836 5028
780 17795 759 5055
961 17265 961 5018
986 17571 986 5016
784 16242 784 5054
944 18875 911 5022
861 19261 861 5026
886 18898 886 5024
936 18114 936 5021
936 18114 936 5021
823 17520 823 5035
760 17928 759 5055
733 15908 733 5068
814 16465 797 5048
911 19021 911 5023
818 17335 810 5041
775 15880 758 5066
812 19347 811 5030
983 18142 936 5020
720 17443 720 5072
771 16051 771 5060
738 18371 694 5084
882 19199 861 5027
836 17676 836 5029
700 16956 694 5087
780 17295 772 5049
845 18777 811 5030
798 17435 798 5043
737 15563 720 5086
961 17265 961 5018
802 16688 785 5044
823 17520 823 5035
747 18601 707 5078
746 17361 746 5061
778 19715 733 5066
750 15716 733 5074
810 17379 810 5041
738 15875 707 5086
798 17456 798 5036
746 15968 746 5062
694 16844 694 5091
797 16511 797 5048
707 16028 707 5080
921 18957 911 5022
893 18712 861 5026
700 16956 694 5087
944 18875 911 5022
713 17216 707 5079
983 18142 936 5020
793 17480 785 5043
785 16704 785 5044
746 15968 746 5062
789 16363 772 5050
827 16763 810 5042
759 16113 759 5056
785 19125 772 5048
750 18510 707 5078
720 15887 720 5074
720 15809 720 5080
694 16152 694 5142
771 16051 771 5060
750 15815 733 5068
713 17196 694 5085
737 18394 694 5084
809 19651 785 5042
809 19651 785 5042
772 18809 759 5054
886 18898 886 5024
734 17060 733 5067
786 18670 772 5048
836 17676 836 5029
853 17989 836 5028
811 17656 811 5031
802 19783 746 5060
694 16020 694 5147
737 15624 720 5080
882 19199 861 5027
694 16020 694 5147
789 16363 772 5050
936 18284 936 5020
772 16393 772 5050
814 16465 797 5048
734 17060 733 5067
853 17989 836 5028
758 15952 758 5066
778 19715 733 5066
750 15716 733 5074
747 18601 707 5078
750 18510 707 5078
845 18777 811 5030
917 18995 911 5022
707 16028 707 5080
921 18957 911 5022
827 16763 810 5042
747 18601 707 5078
812 19347 811 5030
720 17166 720 5073
810 16817 810 5042
759 16113 759 5056
917 18995 911 5022
746 18778 707 5078
811 17656 811 5031
797 16511 797 5048
758 15952 758 5066
733 15908 733 5068
911 19632 911 5022
944 18875 911 5022
1180 24368 986 5016
1097 25738 873 5030
1036 18733 1036 5012
890 22929 694 5084
849 21563 707 5161
758 16515 720 5086
853 21988 694 5115
1027 19384 961 5018
957 19399 923 5026
1118 22843 1011 5014
1065 21311 1011 5015
950 23433 746 5068
987 21250 898 5045
1104 24830 860 5036
1053 20604 986 5017
1113 25308 848 5033
1034 20363 898 5028
899 21733 707 5105
968 22731 719 5095
1016 25405 720 5072
1055 24833 771 5067
884 20028 783 5075
1039 22021 885 5034
882 21601 834 5078
977 24897 771 5061
888 22201 812 5051
895 20988 809 5058
916 22693 772 5056
896 22963 719 5082
964 23758 707 5082
946 23598 732 5076
932 21017 720 5083
959 21909 733 5078
911 22113 797 5052
874 22898 733 5082
957 24078 707 5083
900 22465 796 5069
929 24018 720 5078
894 21654 810 5040
930 22184 785 5043
942 22769 733 5069
910 21638 783 5073
920 22229 733 5082
904 22570 785 5042
946 21930 720 5080
905 22504 785 5042
910 22043 796 5061
911 22886 771 5073
919 22225 771 5083
1281 27509 910 5032
1050 26720 694 5084
1036 18735 1036 5012
885 22552 707 5154
772 16730 720 5086
766 16836 720 5086
1109 23576 973 5024
1180 25400 885 5034
918 23420 707 5112
1041 19707 1023 5035
925 23069 694 5137
997 20051 923 5026
989 23306 707 5093
930 21310 859 5072
988 22437 935 5031
902 22422 719 5150
1105 26438 860 5036
1005 24665 872 5048
1056 25306 785 5042
986 23195 758 5077
1035 26395 772 5063
1039 23668 835 5049
915 22347 821 5070
942 22721 796 5068
996 25678 707 5082
952 23315 733 5072
1028 24071 884 5044
970 24224 784 5060
1018 26288 860 5044
992 25118 796 5056
898 23172 809 5078
965 23507 746 5068
1011 21923 859 5051
904 22950 797 5050
977 22180 859 5054
1056 24231 784 5058
920 21731 873 5048
983 23042 745 5083
948 21613 809 5070
908 23116 733 5084
1032 22734 847 5042
1034 25252 810 5040
929 23482 707 5088
952 22567 861 5049
915 22461 811 5080
1003 22798 847 5049
924 24010 720 5085
1020 22180 720 5080
1010 22801 796 5062
1034 25394 707 5085
1226 28175 885 5034
1043 18936 1036 5012
976 25039 707 5095
776 16740 720 5086
1050 21861 973 5026
928 23407 847 5056
1140 25922 872 5046
974 21649 872 5083
1095 24294 885 5042
1019 26012 796 5067
1003 21698 923 5027
978 21957 910 5055
1022 24695 759 5071
1012 25710 797 5061
964 22967 834 5058
1062 23658 834 5056
1038 25420 733 5076
1003 23768 822 5050
1000 25396 772 5071
1026 22770 922 5049
1059 25985 872 5040
1002 23983 784 5075
999 24322 784 5069
998 24077 836 5051
995 25116 847 5050
1035 22375 923 5026
969 23394 733 5080
1041 24078 861 5048
964 24708 733 5077
1040 24630 808 5064
964 23369 809 5064
1002 23080 809 5065
984 23014 796 5081
984 23331 861 5049
973 22967 861 5055
1111 28526 796 5069
1049 19177 1036 5012
991 25859 707 5111
846 20263 720 5087
1042 22774 960 5039
928 21539 834 5086
1069 22869 923 5026
1099 25504 861 5048
1025 26108 797 5061
948 23108 758 5086
1073 25273 836 5051
977 23947 733 5082
1003 25668 834 5056
1041 25620 771 5071
1007 24311 836 5052
986 23580 861 5049
1068 25946 745 5080
987 23394 810 5069
1014 25006 809 5075
1007 23937 783 5082
1021 25769 808 5075
1015 25880 809 5064
1011 24015 809 5079
988 26073 746 5079
1013 23569 861 5049
1098 23501 923 5028
1076 19322 1036 5012
1074 19852 1036 5012
1028 26306 707 5118
1026 26711 770 5082
867 21963 757 5134
861 22301 732 5117
1039 24604 861 5049
1093 23605 923 5026
1014 26191 834 5061
990 24234 821 5069
966 23848 745 5087
902 22287 720 5089
1012 23827 861 5053
872 21898 745 5104
878 20823 745 5091
1053 20345 1036 5012
1052 26399 823 5065
884 22821 720 5104
900 23423 720 5094
869 22429 807 5088
973 23697 796 5086
1019 24514 796 5084
887 22145 720 5097
1013 24337 784 5085
896 23741 720 5096
877 22157 720 5110
882 22169 758 5089
1097 25582 909 5050
1097 20272 1036 5012
1093 25847 822 5069
1078 23063 1037 5050
908 23082 720 5095
875 23025 732 5125
1097 23737 923 5026
1079 20782 1036 5013
1060 25421 824 5077
1074 25092 884 5069
955 24684 770 5091
1013 25151 821 5084
1029 24343 758 5088
905 23260 733 5114
884 22107 745 5092
927 21636 795 5095
1076 24891 910 5054
940 22876 821 5091
932 21228 745 5097
906 21589 745 5098
1018 23723 733 5090
918 23033 732 5123
1092 24567 822 5082
1116 24333 923 5026
1065 26715 745 5091
955 23521 720 5095
905 23848 732 5125
891 22556 747 5093
1106 23819 923 5027
898 22839 745 5110
940 23505 745 5101
919 22781 745 5104
1150 25785 923 5026
1128 26669 934 5053
965 23554 720 5127
943 22661 771 5098
905 22997 745 5139
1073 24523 834 5094
1055 26162 759 5093
1007 23796 720 5097
911 23734 785 5113
967 26077 720 5103
931 23566 745 5124
917 23374 771 5099
948 23246 745 5109
933 23306 758 5095
965 23357 745 5106
1039 24734 720 5097
972 24021 760 5106
967 25809 773 5102
1095 27468 770 5122
1040 25043 785 5098
1082 25678 785 5111
1047 25111 810 5110
1036 17726 1036 5012
1036 17726 1036 5012
825 21357 733 5066
737 15585 720 5086
734 18258 694 5084
694 16014 694 5152
694 15987 694 5157
694 16261 694 5099
694 16233 694 5145
818 20587 798 5037
832 19814 798 5036
963 17992 923 5026
986 17571 986 5016
986 17571 986 5016
1011 17628 1011 5014
836 20710 733 5066
861 19261 861 5026
956 17155 948 5030
1011 17628 1011 5014
911 19632 911 5022
720 17443 720 5072
733 15908 733 5068
771 16051 771 5060
836 17676 836 5029
961 17265 961 5018
746 15968 746 5062
886 18898 886 5024
832 21286 733 5066
733 18297 694 5084
897 18287 886 5025
861 19258 861 5027
799 19459 785 5042
707 16028 707 5080
911 18153 911 5023
784 16242 784 5054
811 17656 811 5031
853 17989 836 5028
759 16113 759 5056
823 17520 823 5035
882 19199 861 5027
758 15952 758 5066
936 18461 936 5020
785 19125 772 5048
802 16688 785 5044
746 17361 746 5061
760 17928 759 5055
707 16028 707 5080
737 15585 720 5086
797 16511 797 5048
961 17265 961 5018
700 16956 694 5087
805 19565 798 5039
694 16113 694 5150
789 16363 772 5050
786 18670 772 5048
775 15880 758 5066
952 17794 936 5020
823 17520 823 5035
694 16844 694 5091
1021 17527 1011 5014
917 19015 911 5022
851 18055 810 5040
750 15815 733 5068
933 18227 911 5022
952 17794 936 5020
746 18778 707 5078
843 19280 798 5038
938 18153 911 5022
737 15663 720 5080
750 15716 733 5074
772 16393 772 5050
694 16844 694 5091
893 18712 861 5026
713 17216 707 5079
951 17946 936 5020
700 16956 694 5087
921 18957 911 5022
780 17795 759 5055
814 16465 797 5048
780 17295 772 5049
713 17196 694 5085
936 18114 936 5021
694 16014 694 5152
1021 17527 1011 5014
797 16511 797 5048
772 18809 759 5054
810 16817 810 5042
851 18055 810 5040
694 16149 694 5147
812 19347 811 5030
859 18751 785 5042
830 19609 798 5038
810 17446 810 5041
734 17060 733 5067
720 15865 720 5080
903 18709 886 5024
903 18709 886 5024
845 18777 811 5030
734 17060 733 5067
886 18898 886 5024
814 16465 797 5048
785 17579 785 5043
897 18287 886 5025
827 16763 810 5042
802 19728 746 5060
750 15716 733 5074
832 21286 733 5066
785 16704 785 5044
882 19199 861 5027
802 19728 746 5060
921 18957 911 5022
772 17408 772 5049
720 17166 720 5073
694 16149 694 5147
825 21357 733 5066
694 16233 694 5145
827 16763 810 5042
812 19347 811 5030
933 18227 911 5022
1036 17726 1036 5012
951 17946 936 5020
1036 17726 1036 5012
1036 17726 1036 5012
1036 17726 1036 5012
1124 25585 822 5049
1036 17810 1036 5012
1031 17722 1011 5014
924 23140 694 5084
832 19713 757 5149
799 20884 733 5070
867 21780 720 5138
948 21897 822 5052
1097 23839 898 5030
902 22900 694 5106
999 19047 985 5038
908 22870 758 5064
943 23607 822 5061
896 21354 860 5039
859 20488 758 5068
896 21784 719 5100
971 20898 935 5032
1055 24861 835 5045
1007 19264 936 5023
1032 22293 961 5018
980 20769 922 5036
985 20867 948 5030
914 21406 847 5044
1080 22627 986 5016
1037 21617 998 5022
1047 19882 936 5020
865 21813 707 5078
1028 25114 835 5040
1003 22665 873 5038
1027 20858 910 5042
1059 24892 986 5016
843 22077 720 5076
1053 22694 911 5024
865 22582 720 5074
972 23811 835 5047
832 22110 720 5076
1031 22696 986 5019
1189 25193 986 5018
1036 17854 1036 5012
993 25794 824 5058
942 23425 707 5082
848 19771 757 5149
824 21534 733 5070
913 20629 796 5099
878 20709 796 5096
908 21344 821 5094
1067 18392 1023 5018
856 22135 720 5076
1123 24940 948 5024
1141 21606 998 5020
1014 24021 847 5054
1069 20529 947 5034
1057 21207 960 5028
1054 19372 1011 5014
1033 23684 834 5067
956 21762 897 5044
979 22381 883 5054
1108 22479 961 5019
1044 20432 1011 5014
1017 21702 910 5048
1068 21856 973 5022
999 23154 847 5059
1028 22785 935 5041
1012 22582 884 5051
1045 23092 860 5058
1063 19539 1010 5024
1002 23770 872 5046
1046 23235 922 5036
1008 23227 897 5038
1032 21484 961 5041
1003 22879 872 5048
1033 22209 922 5037
1040 22945 986 5020
1040 21842 936 5025
1271 28042 973 5022
1038 17881 1036 5012
968 24175 719 5082
864 22109 770 5075
864 20262 757 5149
970 22083 833 5092
936 23432 795 5070
1203 26137 998 5020
1056 24785 858 5060
1142 25186 986 5022
1016 21959 897 5055
991 22439 847 5071
1069 19785 1023 5018
1028 22817 884 5051
1074 18584 1023 5018
1047 21848 947 5043
1051 20959 1011 5014
1107 23852 948 5028
1120 25981 973 5026
1035 23125 935 5047
1072 18849 1023 5018
1036 17889 1036 5012
1039 23714 922 5042
1053 22163 985 5032
1086 22734 922 5046
1081 22387 973 5030
1137 23307 936 5025
1095 24968 884 5046
1078 20429 1010 5024
1111 23580 998 5021
1037 23771 897 5040
981 22043 897 5050
1045 21855 997 5046
1125 23508 973 5028
1102 20833 1011 5014
1099 23242 935 5036
1099 20525 1011 5019
1086 20758 1011 5022
1051 23763 922 5036
1099 21982 998 5042
1201 22960 1010 5030
1197 26782 985 5031
1042 17969 1036 5012
1016 24930 770 5097
951 22379 833 5128
923 22627 834 5084
1149 26114 960 5037
1122 21069 1011 5014
1091 25976 859 5066
927 22667 783 5116
963 22268 859 5117
1019 23346 934 5063
1078 18930 1023 5018
1073 19354 1023 5018
1060 23880 884 5051
1003 24719 822 5071
1036 17997 1036 5012
1006 22067 961 5061
977 22655 808 5076
951 24013 796 5073
1103 24417 909 5048
1022 22856 911 5050
987 24317 772 5082
949 23118 783 5087
994 24235 784 5077
949 22522 897 5093
1115 23807 998 5022
1048 22355 897 5077
1063 21429 1011 5026
1112 22268 1010 5039
1073 22401 985 5035
1099 23352 1011 5014
1038 22394 910 5055
1063 22235 1023 5025
1083 23094 1011 5021
1066 21847 1023 5022
1107 23744 1010 5029
1067 23650 1011 5014
1101 22147 1011 5019
1117 22022 1011 5014
1149 25222 998 5027
1071 25995 847 5076
1057 18062 1036 5012
1048 18172 1036 5012
997 24159 796 5101
975 23312 808 5091
1141 24557 960 5051
1107 23562 934 5066
1091 21237 1023 5023
1141 22351 1011 5014
1006 23850 821 5077
1035 25401 808 5082
981 22701 833 5088
1093 25244 909 5055
1064 24052 884 5069
1100 20059 1023 5018
1038 18846 1036 5018
1056 25353 859 5071
1097 24786 898 5052
1073 23366 1011 5026
978 22739 847 5081
1045 19923 1036 5012
1047 18188 1036 5012
1036 20007 1036 5012
1188 26233 959 5055
1176 27997 972 5062
1049 18200 1036 5012
1036 20072 1036 5012
1025 25391 835 5079
990 23220 859 5110
1107 27481 922 5070
1151 23265 1011 5014
1176 27719 998 5032
1170 27290 947 5068
1141 25371 1023 5030
1182 22610 1011 5014
1123 23248 1025 5029
1048 18304 1036 5013
1167 24133 1011 5014
1060 18320 1036 5012
1057 19190 1036 5012
1049 18447 1036 5014
1059 18467 1036 5012
1192 25025 1023 5018
1060 18555 1036 5012
1051 21252 1036 5014
1071 18789 1036 5012
1061 20738 1036 5012
1055 21526 1036 5014
1079 18972 1036 5012
1071 22103 1036 5014
1106 19714 1036 5012
1105 20189 1036 5029
1104 20400 1036 5012
1082 20923 1036 5012
1111 20102 1036 5012
1104 20535 1036 5017
1102 22524 1036 5012
1097 21893 1036 5014
1094 21992 1036 5022
1124 20607 1036 5012
1111 22197 1036 5012
1104 23199 1036 5013
1142 20713 1036 5012
1127 21158 1036 5012
1126 22726 1036 5012
1123 24280 1036 5014
1151 21289 1036 5012
1131 21901 1063 5016
1130 22824 1036 5012
1174 21512 1036 5012
1151 22581 1036 5012
1148 24548 1036 5023
1245 22582 1036 5012
1171 23113 1036 5012
1154 24351 1036 5012
1152 24664 1036 5012
1176 23417 1036 5019
1169 24577 1036 5012
1166 24738 1036 5012
1154 24968 1036 5014
1223 23740 1036 5025
1185 25177 1036 5012
1214 25520 1036 5012
1298 30772 1036 5013
1227 26221 1036 5018
1036 17596 1036 5012
1036 17596 1036 5012
818 20587 798 5037
737 15570 720 5088
694 16014 694 5152
694 15987 694 5157
694 16261 694 5099
694 16123 694 5135
832 19814 798 5036
1036 17596 1036 5012
973 17016 973 5022
886 18898 886 5024
897 18287 886 5025
853 17989 836 5028
956 17155 948 5030
871 19230 861 5027
784 16242 784 5054
694 16123 694 5135
861 19261 861 5026
694 16065 694 5147
998 17155 998 5020
720 15865 720 5080
936 18114 936 5021
733 15908 733 5068
1011 17332 1011 5014
823 17520 823 5035
986 17244 986 5016
986 17244 986 5016
1011 17332 1011 5014
766 18145 746 5060
811 17656 811 5031
945 18895 911 5022
805 19565 798 5039
713 17196 694 5085
802 16688 785 5044
750 16556 733 5067
969 17569 923 5026
998 17155 998 5020
911 19021 911 5023
944 17756 898 5028
836 17676 836 5029
1011 17332 1011 5014
721 16964 720 5072
746 15968 746 5062
771 16051 771 5060
694 16456 694 5093
789 18630 759 5054
789 16363 772 5050
961 17265 961 5018
962 17366 935 5030
911 19632 911 5022
882 19199 861 5027
963 17935 911 5022
823 17520 823 5035
772 16393 772 5050
845 18777 811 5030
827 16763 810 5042
893 18712 861 5026
739 18245 707 5078
961 17265 961 5018
797 16511 797 5048
766 18145 746 5060
812 19347 811 5030
750 15716 733 5074
797 16511 797 5048
707 16028 707 5080
694 16844 694 5091
759 16113 759 5056
937 18263 923 5026
785 16704 785 5044
925 17954 898 5028
739 18245 707 5078
760 17928 759 5055
775 15880 758 5066
756 18401 746 5060
775 15880 758 5066
737 15570 720 5088
730 18194 694 5084
734 17060 733 5067
936 18461 936 5020
871 19230 861 5027
694 16261 694 5099
694 16065 694 5147
713 17216 707 5079
836 19269 836 5028
730 18194 694 5084
925 17954 898 5028
700 16936 694 5087
830 19609 798 5038
780 17295 772 5049
700 16936 694 5087
789 18630 759 5054
772 18809 759 5054
750 15815 733 5068
752 18431 733 5066
851 18055 810 5040
785 19125 772 5048
737 15580 720 5080
750 15716 733 5074
810 16817 810 5042
814 16465 797 5048
746 17361 746 5061
707 16028 707 5080
804 17717 759 5055
816 17835 810 5041
917 19015 911 5022
861 19258 861 5027
720 17443 720 5072
780 17795 759 5055
851 18055 810 5040
785 17579 785 5043
802 19011 785 5042
938 17456 936 5020
816 17835 810 5041
921 18957 911 5022
921 18957 911 5022
827 16763 810 5042
720 17166 720 5073
940 17662 923 5026
812 19347 811 5030
1036 17596 1036 5012
998 17155 998 5020
1011 17332 1011 5014
1036 17596 1036 5012
1036 17596 1036 5012
1036 17596 1036 5012
1036 17596 1036 5012
1011 17332 1011 5014
1122 26336 797 5046
1036 17612 1036 5012
1036 17596 1036 5015
973 17074 973 5022
909 22917 694 5084
857 19403 720 5086
797 20722 720 5076
1067 23925 809 5053
818 21498 733 5070
1016 24194 772 5048
1023 20241 923 5026
928 21552 835 5038
1002 20727 872 5042
1001 19386 948 5030
1004 18546 986 5016
878 21979 758 5068
977 20485 885 5034
931 22961 720 5073
1033 18250 998 5020
918 21886 746 5060
946 21998 784 5059
884 22166 771 5058
1037 20452 961 5018
1024 17598 1011 5014
910 21931 783 5064
1012 18341 936 5020
936 22341 834 5050
1064 20518 898 5028
1053 22418 873 5030
974 22123 822 5044
973 17074 973 5022
1016 23342 898 5029
984 20643 898 5030
933 21515 796 5056
910 20276 745 5084
1049 22274 898 5028
1138 22198 961 5018
1046 25459 746 5060
1036 17621 1036 5012
955 23513 694 5084
873 19418 720 5086
838 22011 720 5076
906 21677 795 5077
1040 24366 847 5045
1005 25222 746 5067
891 21230 820 5080
930 23551 771 5058
1043 18626 1011 5014
1097 23265 872 5040
1016 18085 973 5022
1000 23385 821 5056
1134 24725 961 5018
969 21549 871 5076
1022 21839 922 5036
1079 20377 935 5030
1014 20893 934 5043
935 22851 783 5062
1082 24813 809 5050
1057 19778 960 5028
1045 17767 1011 5014
1031 19725 998 5020
869 20756 745 5086
1060 21222 923 5032
852 21705 745 5074
1017 21501 948 5026
1042 19535 961 5023
986 23376 872 5046
1050 23929 884 5045
1064 21360 898 5028
965 22505 910 5044
1002 23152 885 5034
1040 20554 936 5020
942 24727 733 5074
999 23130 872 5058
952 22341 733 5070
1090 22861 961 5019
992 22750 808 5062
1054 25079 809 5050
937 23547 745 5070
958 21878 872 5072
994 22666 884 5050
1058 23567 898 5028
950 22815 884 5048
1051 23408 872 5040
1063 22150 986 5017
1075 19442 986 5016
1059 22576 986 5016
1033 21245 910 5049
1038 17993 1011 5017
1006 21729 923 5043
1034 21523 1011 5015
1001 21474 923 5049
1036 21534 923 5026
1059 21905 898 5045
1155 27349 923 5026
1036 17626 1036 5012
888 19918 720 5086
878 20821 720 5093
914 23596 732 5076
953 23244 770 5084
1098 26528 809 5052
1031 24986 809 5067
1030 25505 834 5060
913 21619 845 5080
1048 23900 796 5058
1124 23466 961 5019
1013 23499 720 5082
969 23592 720 5083
1033 23573 871 5063
1089 22215 898 5046
1064 22874 898 5028
1029 23911 885 5040
1065 18253 1011 5014
1019 21751 923 5044
1038 22455 947 5036
1076 22308 986 5017
1107 20905 998 5020
1037 24093 923 5030
1018 20283 973 5022
1026 21733 960 5034
1047 19401 1023 5018
1056 19202 1011 5014
1094 21289 986 5016
1043 21917 936 5020
1041 21218 948 5025
1059 20204 973 5022
1051 18715 1023 5018
1057 21070 998 5020
1051 20019 998 5031
1054 21636 936 5020
1089 23147 986 5016
1051 18799 1011 5031
1146 24363 909 5056
1046 25694 834 5060
1036 17665 1036 5012
898 20623 720 5091
980 25314 770 5076
955 23507 770 5084
907 20635 720 5086
1034 24466 909 5043
1100 25351 808 5060
1026 22241 923 5049
1059 18788 1023 5018
1029 24929 795 5082
1080 23940 922 5036
1085 21578 948 5028
1039 22564 936 5045
1116 20399 1010 5024
1061 19603 1011 5034
1129 22509 936 5020
1067 19639 1011 5014
1088 22478 986 5017
1048 20972 1010 5024
1101 22205 986 5016
1066 20676 985 5028
1029 21127 973 5022
1031 22531 961 5035
1101 21025 973 5025
1141 22142 973 5022
1113 26426 947 5042
1071 26105 847 5064
1047 17759 1036 5012
1040 17797 1036 5012
1036 17958 1036 5012
1134 25728 922 5044
1069 20026 1011 5017
1092 20379 1011 5014
1123 23627 986 5016
1140 21915 1010 5024
1094 23037 948 5029
1122 21931 973 5031
1131 22936 936 5020
1099 22965 998 5020
1118 22665 986 5022
1060 21985 973 5023
1114 22196 998 5022
1046 22095 973 5023
1183 23801 986 5016
1177 24543 936 5020
1127 24572 986 5016
1052 24138 986 5037
1047 17775 1036 5012
1046 17990 1036 5012
1036 18107 1036 5012
1107 20548 1011 5014
1114 23491 960 5030
1082 21992 1023 5024
1143 22039 998 5024
1162 22976 948 5024
1072 22100 973 5034
1061 22268 1010 5026
1053 22979 986 5030
1093 20787 1011 5014
1092 22747 1011 5018
1087 22971 973 5025
1059 22173 973 5032
1062 22114 998 5024
1243 24710 986 5016
1079 22736 973 5042
1054 18096 1036 5012
1036 18654 1036 5012
1134 23222 998 5026
1107 21534 1023 5018
1059 22640 985 5038
1151 23270 986 5025
1115 20623 1011 5014
1111 21190 1011 5016
1042 18199 1036 5012
1178 23758 1011 5018
1167 22825 1011 5031
1124 24202 1011 5019
1062 18244 1036 5012
1043 18383 1036 5012
1127 23640 1023 5018
1141 24114 1011 5015
1069 18362 1036 5012
1067 18249 1036 5013
1055 18493 1036 5012
1049 19062 1036 5012
1047 19378 1036 5012
1044 19429 1036 5015
1058 18611 1036 5012
1057 18930 1036 5012
1053 19102 1036 5012
1082 18833 1036 5012
1080 19119 1036 5012
1056 19149 1036 5012
1055 19804 1036 5012
1095 19263 1036 5017
1081 19341 1036 5012
1063 19648 1036 5012
1070 19652 1036 5012
1085 20003 1036 5012
1125 20605 1036 5012
1097 21228 1036 5012
1130 22598 1036 5013
