448 300.16
911 18675 911 5022
861 20832 811 5030
744 16604 694 5100
695 15118 694 5115
695 15118 694 5115
694 15143 694 5115
886 20561 886 5024
886 20561 886 5024
861 20089 861 5026
854 19779 836 5028
866 20360 811 5032
861 20089 861 5026
823 18919 772 5048
809 18976 798 5036
867 19454 733 5066
745 16128 745 5095
758 16905 758 5089
702 15552 694 5110
812 18994 772 5053
853 18776 746 5061
796 18751 785 5042
766 18663 733 5081
827 18076 694 5095
713 15896 694 5106
771 17708 759 5074
809 18976 798 5036
764 17231 707 5090
835 19318 746 5060
814 19154 772 5048
816 18459 784 5061
769 17501 720 5081
773 18415 720 5074
819 19479 733 5067
717 15305 707 5109
849 18996 823 5034
788 17822 733 5077
848 19465 848 5032
848 17932 694 5095
790 16326 707 5099
722 15540 707 5100
794 19066 785 5042
773 17089 720 5086
861 20832 811 5030
772 16846 733 5094
784 18411 746 5064
804 19877 694 5084
825 19063 823 5034
794 19066 785 5042
839 18804 746 5060
838 19762 733 5066
748 17312 707 5086
848 19465 848 5032
766 18663 733 5081
781 17359 720 5080
713 15845 694 5109
814 17740 746 5063
764 17231 707 5090
760 17025 720 5093
811 18225 733 5073
813 19122 759 5058
785 17676 746 5071
788 18554 707 5080
842 18917 733 5070
849 18996 823 5034
717 15305 707 5109
758 16905 758 5089
762 17344 720 5084
735 16331 707 5097
779 19050 707 5084
793 19227 720 5072
790 16326 707 5099
702 15552 694 5110
731 16498 694 5101
745 16128 745 5095
721 16513 694 5103
813 19250 759 5055
804 19877 694 5084
721 15607 720 5103
713 15845 694 5109
811 18225 733 5073
795 19844 707 5078
728 16501 720 5098
731 16498 694 5101
773 18415 720 5074
773 17089 720 5086
743 17050 707 5094
758 17144 694 5098
695 15118 694 5115
721 15607 720 5103
808 19421 733 5068
736 16920 733 5093
814 18737 759 5058
729 16339 694 5105
772 17023 707 5096
719 16359 707 5100
812 19262 759 5055
790 19816 707 5079
842 18917 733 5070
787 18658 694 5085
748 17312 707 5086
788 16586 707 5096
719 16359 707 5100
808 19421 733 5068
811 18996 733 5068
785 17676 746 5071
787 18658 694 5085
743 17050 707 5094
714 16501 707 5100
736 16920 733 5093
729 16339 694 5105
838 19762 733 5066
784 18411 746 5064
812 18994 772 5053
790 19816 707 5079
736 16920 733 5093
821 18950 798 5036
842 18917 733 5070
821 18950 798 5036
814 18760 759 5054
814 18760 759 5054
816 18459 784 5061
825 19766 746 5060
762 17344 720 5084
818 19051 720 5072
818 19051 720 5072
816 19072 772 5048
766 18663 733 5081
758 17129 720 5093
816 19072 772 5048
744 16604 694 5100
796 18751 785 5042
818 19051 720 5072
787 18658 694 5085
728 16501 720 5098
825 19063 823 5034
721 16513 694 5103
886 20561 886 5024
838 19762 733 5066
821 18950 798 5036
818 19051 720 5072
816 18459 784 5061
811 18225 733 5073
804 19877 694 5084
745 16128 745 5095
729 16339 694 5105
721 15607 720 5103
713 15845 694 5109
702 15552 694 5110
695 15118 694 5115
940 23147 759 5054
911 20920 911 5022
695 15240 694 5115
886 20793 886 5024
736 16779 707 5098
799 18272 694 5110
754 16473 745 5095
769 16638 720 5103
760 17077 720 5093
907 21574 733 5066
881 20848 861 5026
763 17843 707 5086
844 19830 772 5048
927 22371 785 5042
915 22228 811 5030
858 19618 848 5032
861 21455 759 5055
841 19283 823 5034
752 16737 694 5114
934 22357 785 5042
880 20731 785 5045
829 19113 798 5039
814 18693 694 5090
852 20008 798 5036
840 20062 784 5052
833 20390 707 5080
812 18500 746 5074
869 20190 836 5028
822 19387 759 5060
840 18903 733 5077
869 21128 720 5073
861 20938 811 5033
838 19175 733 5068
826 18956 720 5081
741 16702 707 5098
806 18992 720 5082
869 20190 836 5028
845 19069 733 5069
849 19216 746 5060
819 18387 720 5084
852 19187 746 5061
917 20768 720 5076
864 20273 720 5079
836 19933 733 5075
832 19611 720 5080
842 19706 707 5081
862 19870 836 5030
812 20160 694 5084
866 19166 746 5060
849 19216 746 5060
974 23294 798 5038
911 20936 911 5022
876 19623 694 5090
769 17049 707 5106
796 18596 720 5092
772 17178 707 5104
941 23090 811 5030
903 21361 861 5026
898 21164 886 5024
803 17727 720 5093
883 20617 836 5028
848 19982 784 5056
851 19034 796 5079
848 19529 848 5036
924 21457 720 5082
861 20507 759 5064
902 21039 886 5024
955 21605 798 5039
944 22411 707 5082
932 21837 707 5083
954 22058 720 5076
877 20222 772 5048
850 20266 823 5034
865 20186 772 5052
820 18735 707 5100
905 22095 727 5080
866 20280 746 5071
848 19268 720 5087
907 22639 759 5059
861 20017 822 5053
870 19406 758 5073
841 19722 694 5091
770 17433 720 5094
944 22765 720 5080
838 19519 745 5080
902 21488 798 5046
855 20530 733 5068
880 19653 733 5083
910 21560 798 5040
826 19339 720 5085
821 17626 707 5099
816 20239 694 5085
862 20084 836 5030
870 19462 746 5060
849 19765 733 5073
871 20162 733 5070
866 19720 694 5096
834 19600 733 5084
818 19616 707 5098
909 21001 732 5083
859 19588 707 5091
855 20097 720 5084
839 19270 733 5084
862 20084 836 5030
876 20054 707 5085
979 22431 707 5085
973 23275 720 5081
911 20962 911 5022
862 20192 694 5092
820 17466 720 5096
802 17903 720 5105
959 22331 810 5041
862 20167 836 5030
934 21428 823 5034
850 18806 733 5094
884 19567 746 5060
863 20811 759 5072
902 21575 823 5034
880 20632 785 5050
818 19047 732 5097
825 19007 720 5093
874 21237 809 5056
883 20973 772 5048
855 20432 707 5099
852 19868 733 5076
880 21009 733 5069
873 19679 746 5060
904 20954 836 5028
909 20930 784 5055
897 20940 707 5089
859 20438 720 5087
882 21015 707 5087
976 23763 732 5083
938 21831 911 5022
887 19617 746 5060
886 20288 707 5099
868 20591 694 5093
856 19651 733 5096
963 22639 810 5046
868 20680 848 5032
878 20391 771 5069
912 21618 835 5041
919 21698 809 5053
880 19681 746 5060
946 22462 707 5089
892 21879 784 5057
913 22439 822 5050
891 22194 733 5080
942 22240 836 5028
869 20250 746 5083
945 21370 720 5089
887 20919 797 5055
898 20779 733 5080
862 20339 733 5086
896 20940 745 5083
869 20190 836 5030
864 20415 719 5094
940 21402 772 5048
918 21719 772 5048
1060 25785 898 5028
963 22350 911 5022
931 22594 694 5098
900 19777 746 5065
899 20720 694 5104
876 20835 848 5032
999 23048 835 5043
992 22178 772 5056
924 22253 772 5048
886 21453 720 5096
925 22506 733 5081
883 21120 873 5030
883 20697 707 5099
928 21117 745 5085
907 19834 746 5060
896 20774 836 5030
883 19960 746 5060
881 19889 746 5082
898 19947 746 5060
1053 25219 835 5046
1029 24567 911 5022
981 22562 745 5083
896 19980 759 5075
882 21322 758 5087
966 22900 911 5029
986 24086 810 5058
890 20882 848 5032
1006 24221 797 5054
941 22132 836 5035
944 22495 784 5059
913 21612 746 5070
1002 24265 809 5058
892 20616 759 5075
894 21085 758 5067
925 21037 773 5064
965 21666 746 5064
887 21910 771 5071
968 22718 771 5060
917 20843 746 5071
884 20892 746 5079
933 22517 746 5062
1069 24124 745 5084
959 22756 848 5032
909 22040 861 5033
898 20496 770 5085
959 23097 746 5063
898 21843 848 5042
930 22125 791 5066
944 21400 758 5072
939 22783 784 5070
913 21728 758 5076
921 21597 758 5072
1052 26213 758 5068
934 22589 758 5075
931 22219 885 5034
1004 24070 821 5067
911 18867 911 5022
798 19112 798 5036
696 15387 694 5107
696 15387 694 5107
694 15589 694 5101
911 18584 911 5023
886 18974 886 5024
823 17588 823 5035
746 15724 746 5081
836 18051 836 5029
759 16127 759 5058
836 18717 836 5028
785 16752 785 5046
709 16044 707 5087
823 17517 823 5036
801 17352 798 5040
767 16879 759 5055
861 18948 861 5027
746 16359 746 5060
811 18014 811 5031
891 18911 861 5026
862 18824 861 5027
810 17090 810 5044
839 18704 836 5028
728 16691 720 5072
781 16628 772 5048
737 16505 733 5074
736 16552 733 5074
755 16858 733 5066
703 15717 694 5099
759 17061 759 5054
749 16320 733 5075
874 18751 861 5027
797 16494 797 5051
776 17234 772 5048
740 17398 733 5068
797 16494 797 5051
785 18940 785 5042
721 16970 720 5073
723 16811 707 5078
720 15491 720 5090
711 17254 694 5084
746 16359 746 5060
695 15960 694 5097
849 17933 836 5029
850 17823 836 5029
805 17158 785 5044
705 15705 694 5095
815 17106 798 5040
727 16436 720 5076
850 17823 836 5029
696 15426 694 5105
829 19039 811 5030
698 16661 694 5090
861 19082 861 5026
695 16913 694 5089
765 16903 759 5054
772 17174 772 5049
869 18970 861 5026
723 16811 707 5078
798 17519 798 5037
748 17526 733 5067
707 16632 707 5086
813 18609 785 5042
785 17345 785 5043
694 15519 694 5107
839 18704 836 5028
759 17061 759 5054
746 16022 746 5070
721 16970 720 5073
810 17177 810 5041
862 18824 861 5027
694 16382 694 5098
781 16628 772 5048
694 15589 694 5101
731 16631 707 5083
750 16807 733 5068
772 16380 772 5052
696 15426 694 5105
720 16848 720 5077
770 16802 759 5055
810 16730 797 5046
829 19039 811 5030
694 16448 694 5096
776 17234 772 5048
711 17254 694 5084
697 16691 694 5094
707 16555 707 5092
703 15717 694 5099
849 17933 836 5029
811 18014 811 5031
695 15960 694 5097
733 16578 733 5073
755 16858 733 5066
734 17164 733 5069
850 17823 836 5029
891 18911 861 5026
869 18970 861 5026
732 16571 707 5083
747 16862 733 5069
740 16631 733 5071
810 17114 810 5042
720 16785 720 5078
707 16555 707 5092
862 18824 861 5027
733 16655 733 5071
874 18751 861 5027
694 16727 694 5095
811 19070 811 5030
697 16691 694 5094
785 18940 785 5042
874 18751 861 5027
772 18933 772 5048
836 18051 836 5029
874 18751 861 5027
829 19039 811 5030
811 19070 811 5030
772 18933 772 5048
836 18717 836 5028
861 19082 861 5026
861 18948 861 5027
850 17823 836 5029
850 17823 836 5029
839 18704 836 5028
836 18717 836 5028
1013 23142 772 5048
883 19401 861 5027
811 18050 811 5031
832 20027 785 5042
945 21735 798 5036
896 21479 798 5037
869 19859 810 5040
847 18978 836 5028
887 21775 798 5037
830 19902 811 5030
846 19066 836 5028
1040 24796 785 5042
921 22640 785 5043
899 19601 861 5027
817 18588 811 5031
842 19912 836 5030
888 20332 810 5040
995 24010 798 5036
899 20240 836 5028
959 22530 785 5043
910 20984 811 5030
891 20005 861 5027
945 21931 798 5037
1007 23579 798 5036
934 21979 798 5042
907 21993 798 5037
891 21370 811 5030
1005 23934 798 5036
1003 24000 798 5036
1061 24919 785 5042
1005 24948 798 5036
965 22820 785 5047
921 20487 861 5027
888 19780 811 5031
857 20432 837 5045
932 22100 836 5028
1007 24286 798 5036
882 20606 811 5037
910 22320 810 5040
1040 24817 785 5043
907 23163 798 5037
907 20959 810 5047
917 22219 798 5044
958 22228 798 5037
945 21812 836 5028
895 20813 836 5030
948 21701 811 5030
912 22500 811 5030
917 20440 836 5029
947 23055 798 5043
948 22668 798 5037
886 20897 811 5031
1071 24509 798 5036
1047 25403 785 5043
1042 25648 798 5036
1006 24134 786 5060
988 21271 861 5027
935 20862 861 5028
920 20477 836 5029
888 20794 811 5031
923 23056 810 5046
972 22485 861 5027
958 22353 798 5037
907 20756 811 5031
952 23701 810 5040
919 21137 836 5029
1016 23766 836 5028
920 20481 811 5031
954 23428 811 5030
917 20771 836 5030
1138 25841 785 5044
1099 26249 798 5036
1060 26035 861 5027
948 20547 836 5030
895 21142 823 5034
966 23637 811 5030
963 22815 798 5037
907 21062 823 5041
937 22262 836 5029
913 21342 811 5031
931 20655 811 5031
940 20711 836 5029
897 21084 823 5035
924 20643 836 5034
1132 27105 798 5036
1095 27281 811 5030
988 20734 836 5029
965 22840 798 5048
959 20742 836 5029
906 22209 823 5035
1077 26179 798 5037
966 24375 798 5044
984 22858 798 5042
908 21624 823 5043
989 21199 811 5031
915 22196 836 5035
921 21466 811 5031
1111 26990 811 5030
931 21051 836 5034
956 21360 811 5032
1132 27105 798 5036
940 20913 811 5037
927 21359 836 5035
945 20968 836 5029
940 21014 836 5029
1132 27124 798 5036
1062 23753 810 5053
1044 24421 798 5045
995 20869 836 5035
981 21021 836 5029
960 21921 861 5029
935 21632 811 5037
1132 27105 798 5038
950 22187 836 5029
954 23102 823 5035
955 21731 811 5031
957 21569 823 5034
941 21355 836 5030
976 21484 811 5037
973 21534 836 5029
1191 28645 798 5037
1185 28711 798 5036
1115 26799 798 5053
1057 24582 799 5060
1009 21262 836 5029
952 21734 863 5038
940 21861 811 5048
945 22793 836 5034
1006 21596 823 5034
955 22096 811 5031
948 21574 836 5041
966 21944 836 5030
983 21434 836 5029
976 22085 836 5029
979 21920 811 5038
977 22039 836 5029
1012 22161 836 5036
987 22294 836 5029
978 22191 811 5031
976 22698 836 5029
967 23115 811 5031
957 22200 836 5034
1007 22163 836 5030
982 22391 836 5029
1021 22614 811 5031
996 22452 836 5029
994 23557 811 5031
993 22578 823 5041
986 22315 838 5035
963 22229 838 5037
968 22293 836 5036
995 22419 823 5035
989 22706 836 5034
975 23211 811 5037
978 23146 811 5036
986 23029 836 5034
967 22871 836 5035
994 23203 836 5029
1043 22624 836 5029
1019 23433 811 5048
1001 24392 823 5034
970 22453 886 5039
993 22878 836 5034
1042 23042 823 5035
1006 24145 811 5031
989 22458 836 5036
1001 23993 811 5036
1017 22709 836 5029
1019 22513 836 5034
1063 22744 836 5034
1059 24211 811 5042
1055 22737 863 5032
1029 22467 836 5036
1018 23909 836 5029
1010 24562 811 5031
1008 23891 836 5060
995 23521 838 5035
1032 23081 836 5035
1022 23489 836 5030
1050 24238 811 5031
1013 23348 836 5035
1012 24244 811 5031
1051 24234 811 5031
1083 24502 836 5029
1056 25007 836 5030
1053 22698 836 5041
1038 24355 811 5036
1028 23631 838 5035
1012 24362 811 5031
1046 22805 836 5036
1025 23632 836 5034
1018 23917 836 5035
1053 23583 836 5035
1143 25528 836 5029
1070 24409 811 5031
1056 23342 836 5043
1013 24609 811 5040
1020 24656 811 5031
1027 23969 836 5035
1047 23521 836 5038
1026 24520 811 5036
1046 24418 811 5031
1091 24479 811 5031
1082 24136 836 5041
1042 24049 838 5035
1026 24834 811 5031
1085 24574 836 5040
1062 24649 811 5031
1047 24723 811 5031
1074 24765 811 5031
1057 24560 838 5035
1030 24941 811 5031
1030 24941 811 5031
1064 24831 811 5031
1084 24792 811 5036
1040 24943 811 5031
1039 25142 811 5035
1032 25130 836 5034
1067 24897 836 5035
1061 24969 836 5035
1043 25086 811 5031
1041 25113 811 5037
1040 25269 811 5031
1115 25135 811 5031
1059 25187 811 5033
1045 25362 811 5031
1043 25397 811 5031
1129 25211 811 5031
1064 25447 811 5031
1129 25225 811 5031
1084 26690 811 5031
1069 25925 836 5037
1088 25805 823 5034
1132 26541 811 5031
1119 27187 811 5037
1101 25879 823 5034
1121 26696 823 5034
1109 26792 823 5034
1106 26680 836 5034
911 18867 911 5022
911 18584 911 5023
795 20126 720 5072
697 15282 694 5107
697 15282 694 5107
694 15772 694 5092
886 18974 886 5024
808 19098 720 5072
823 17331 823 5034
874 18415 861 5026
861 18929 861 5027
853 18001 836 5029
811 19599 811 5030
850 18228 836 5029
824 18924 811 5030
759 16127 759 5058
809 18612 798 5036
759 17061 759 5054
757 16616 746 5062
775 17552 772 5049
779 17207 772 5049
734 16630 733 5070
765 16702 733 5068
861 19646 861 5026
842 18861 811 5035
696 15420 694 5105
707 16138 707 5086
836 18447 836 5028
813 18609 785 5042
705 15705 694 5095
720 16103 720 5081
810 17177 810 5041
788 17208 785 5043
746 16085 746 5064
798 17519 798 5037
776 16997 772 5051
724 15544 707 5096
797 16494 797 5051
707 15414 707 5101
836 18367 836 5029
781 16628 772 5048
755 16858 733 5066
815 17106 798 5040
772 18137 772 5049
795 20126 720 5072
790 19866 707 5078
697 15760 694 5095
874 18415 861 5026
727 16436 720 5076
843 19703 707 5078
751 16988 733 5067
817 19831 707 5078
707 15414 707 5101
837 18321 836 5029
772 16380 772 5052
694 15309 694 5107
797 19011 707 5079
785 16582 785 5051
696 15420 694 5105
770 16802 759 5055
850 18228 836 5029
740 17398 733 5068
712 15618 707 5091
745 16845 733 5069
803 17198 785 5044
737 16802 707 5081
712 15952 707 5088
720 15491 720 5090
707 17023 707 5083
801 17352 798 5040
740 16606 733 5073
709 16044 707 5087
722 16514 694 5087
750 17319 746 5060
732 15857 720 5084
726 15870 720 5084
767 16879 759 5055
736 16552 733 5074
711 15649 707 5093
843 19703 707 5078
733 15931 733 5076
695 16913 694 5089
810 16730 797 5046
761 16291 733 5075
716 16728 694 5089
718 16325 707 5084
761 16291 733 5075
713 16692 694 5090
746 16022 746 5070
773 17214 772 5051
805 17158 785 5044
720 16672 720 5079
785 16752 785 5046
749 16216 707 5085
805 19735 720 5072
746 16085 746 5064
724 15544 707 5096
749 16216 707 5085
769 16720 746 5061
756 16426 733 5069
790 19866 707 5078
785 17345 785 5043
746 16815 746 5061
798 17431 798 5040
810 17114 810 5042
751 16777 720 5074
711 17254 694 5084
731 16382 720 5076
843 19703 707 5078
711 15649 707 5093
836 18447 836 5028
748 16389 694 5087
809 18612 798 5036
805 19735 720 5072
750 17319 746 5060
712 16906 707 5083
817 19831 707 5078
843 19703 707 5078
843 19703 707 5078
843 19703 707 5078
1020 24227 759 5054
1009 24695 733 5067
940 21760 836 5028
834 17373 823 5034
801 18525 694 5106
998 22662 720 5078
958 23791 785 5042
829 18648 694 5104
857 20023 810 5048
810 19636 784 5063
976 23411 707 5083
935 21812 707 5091
903 21697 797 5046
834 17373 823 5034
901 22032 720 5090
907 21910 772 5049
973 21938 785 5042
966 22224 720 5080
934 23931 707 5083
828 19573 746 5079
862 19972 746 5078
819 19321 759 5072
846 20417 732 5096
888 21041 746 5061
829 20023 733 5075
915 22887 733 5073
863 20833 771 5060
823 17517 823 5034
977 22179 746 5060
826 20407 798 5036
819 20109 758 5077
872 20817 732 5090
880 22113 720 5098
883 19977 798 5036
883 20559 771 5058
918 20971 746 5063
862 20564 758 5072
913 20461 771 5064
832 20042 732 5102
871 20602 797 5052
848 21264 772 5063
832 19611 733 5088
855 21450 771 5071
825 20021 733 5084
875 20897 784 5052
874 21862 746 5068
974 24402 707 5078
902 20741 746 5071
916 21435 797 5046
823 17517 823 5034
1206 28499 733 5072
976 22364 836 5028
949 22197 836 5029
836 19907 694 5104
816 19720 786 5076
1077 25777 759 5054
1006 24003 707 5095
1039 25295 784 5054
1014 24323 720 5082
882 21337 732 5091
970 23028 707 5099
848 20633 745 5087
954 24547 771 5058
901 20073 810 5040
975 24204 797 5046
845 20657 809 5062
963 22748 772 5056
1029 23500 733 5074
868 20316 823 5034
926 23103 720 5096
890 20165 823 5034
933 22060 784 5059
865 20282 733 5079
884 20346 798 5036
929 22514 785 5050
940 22483 836 5028
907 21578 758 5076
897 21027 771 5076
876 21877 798 5038
908 21537 746 5071
926 22062 771 5069
920 21651 797 5047
898 22466 771 5065
863 20012 784 5070
912 21518 784 5064
905 22821 746 5072
886 21841 797 5057
919 21988 733 5075
908 21947 784 5063
852 20343 746 5077
852 20528 732 5096
852 20528 732 5096
838 20300 746 5078
905 21731 759 5076
944 23076 784 5058
900 22038 758 5071
953 23063 758 5064
901 20309 733 5078
941 23069 771 5064
1080 27658 772 5058
906 22078 732 5094
881 20480 823 5034
852 20607 732 5096
839 20918 758 5094
993 24941 758 5064
865 20652 745 5090
1032 24566 758 5070
931 23095 798 5043
913 21364 810 5040
846 20571 746 5084
961 22350 785 5062
1065 24857 797 5046
954 23644 771 5064
1013 23516 797 5049
984 22241 797 5052
925 22884 759 5072
887 21814 822 5055
969 24168 784 5058
1051 24136 733 5074
941 22806 797 5052
878 21675 745 5082
928 20822 733 5078
926 22231 809 5056
967 24131 784 5059
966 22072 798 5036
973 22414 797 5051
856 20950 746 5078
974 23266 771 5067
956 23478 759 5067
862 20754 759 5077
891 22239 733 5079
887 21907 810 5040
916 22011 746 5073
898 20513 746 5078
992 22225 784 5064
977 23022 784 5058
971 23606 784 5057
848 20522 758 5083
910 21563 810 5040
915 21904 784 5065
852 20758 758 5077
926 21853 733 5079
1093 25508 797 5046
881 20532 823 5034
881 20532 823 5034
857 20925 732 5096
852 20794 758 5077
1065 25181 798 5048
981 24071 797 5055
994 23627 784 5057
918 21918 810 5040
898 22494 733 5084
968 23661 771 5067
864 20981 746 5078
916 22036 745 5088
906 22583 810 5049
990 23044 746 5073
977 23679 784 5057
928 23616 758 5075
935 22421 759 5075
940 23253 746 5074
968 22837 797 5063
966 22017 784 5070
910 22039 810 5041
1164 28185 746 5077
895 20732 823 5034
888 20822 823 5034
881 21309 732 5096
852 20812 758 5077
1043 24412 809 5055
925 22012 810 5040
989 24303 784 5059
1039 24183 771 5067
1009 22967 733 5088
1006 23720 733 5087
864 20983 746 5078
999 24104 758 5073
977 21979 810 5040
1044 25318 758 5073
895 20818 823 5034
892 21331 732 5096
864 21002 746 5081
989 22538 810 5040
927 22259 821 5064
950 23344 810 5041
928 22756 810 5051
938 22713 811 5069
866 21149 758 5077
916 21048 746 5078
971 23070 810 5042
954 23161 810 5040
979 22964 810 5042
990 22669 810 5040
972 24538 810 5043
905 22146 732 5096
895 20964 823 5034
873 21360 746 5092
886 21589 758 5077
952 24036 822 5055
916 22146 746 5078
964 23773 810 5046
892 21350 746 5084
981 23288 810 5040
937 21513 746 5078
1012 22840 810 5040
963 24081 758 5077
949 21344 823 5040
936 21442 746 5088
918 21432 823 5034
909 21491 823 5034
908 22429 766 5080
979 23839 810 5054
975 21995 771 5077
998 23179 810 5040
985 23426 810 5040
910 22328 746 5087
927 22467 758 5082
964 21410 758 5084
912 21446 823 5036
1012 22989 810 5040
989 24367 810 5043
936 21598 823 5034
922 22494 835 5044
933 22090 823 5040
1037 23502 810 5040
1019 23919 810 5046
940 21937 823 5034
939 21960 823 5034
1020 23601 810 5040
1076 25895 810 5040
968 22148 823 5034
948 22474 823 5039
945 22400 823 5040
1096 24674 823 5034
1078 26056 822 5053
979 24988 823 5036
945 22499 823 5040
1036 25532 823 5037
1022 22575 823 5049
974 24380 835 5043
973 23281 823 5053
991 22919 823 5040
987 23401 823 5040
1007 23629 860 5041
911 18867 911 5022
911 18584 911 5023
861 20470 861 5026
696 15387 694 5107
696 15387 694 5107
694 15399 694 5107
886 18974 886 5024
873 18175 873 5031
823 19160 823 5034
823 17588 823 5035
854 18580 848 5033
836 19530 836 5033
811 19792 811 5030
772 18137 772 5049
895 18594 836 5029
757 16616 746 5062
767 16879 759 5055
759 16127 759 5058
805 18711 746 5061
772 16380 772 5052
759 17061 759 5054
709 16044 707 5087
815 17106 798 5040
839 19673 836 5030
813 18609 785 5042
797 16494 797 5051
720 15491 720 5090
781 16628 772 5048
785 17345 785 5043
723 16811 707 5078
749 16320 733 5075
809 18677 720 5072
746 15724 746 5081
810 16730 797 5046
727 16436 720 5076
755 16858 733 5066
734 17164 733 5069
863 19678 861 5027
801 17352 798 5040
822 19706 811 5030
836 19530 836 5033
810 17090 810 5044
746 16022 746 5070
799 18978 720 5072
854 19109 836 5029
770 16802 759 5055
694 15659 694 5101
773 17214 772 5051
698 16661 694 5090
798 17519 798 5037
785 16752 785 5046
732 16571 707 5083
721 17396 720 5079
711 17254 694 5084
696 15406 694 5105
740 17430 733 5067
797 18982 746 5060
746 16639 746 5065
823 18441 720 5072
751 16988 733 5067
704 15849 694 5095
714 15944 707 5089
781 16628 772 5048
705 15705 694 5095
712 15644 694 5101
736 16552 733 5074
707 16878 707 5087
704 15849 694 5095
695 15944 694 5097
694 16382 694 5098
895 18594 836 5029
709 15997 707 5093
810 17177 810 5041
822 19706 811 5030
857 18959 836 5028
696 15406 694 5105
784 19156 746 5060
869 18899 861 5027
755 16858 733 5066
694 15659 694 5101
810 16730 797 5046
726 17002 720 5073
854 19109 836 5029
869 18899 861 5027
723 16811 707 5078
712 15644 694 5101
823 17517 823 5036
707 16555 707 5092
863 19678 861 5027
759 17061 759 5054
737 16811 720 5073
694 15399 694 5107
799 18978 720 5072
711 17254 694 5084
805 17158 785 5044
823 18441 720 5072
810 17090 810 5044
811 19758 811 5032
836 19678 836 5028
809 18677 720 5072
707 17023 707 5083
750 16807 733 5068
695 15944 694 5097
810 17114 810 5042
714 15944 707 5089
695 16913 694 5089
746 16597 746 5069
811 19758 811 5032
805 18711 746 5061
740 17398 733 5068
740 16606 733 5073
857 18959 836 5028
709 15997 707 5093
712 16906 707 5083
707 16555 707 5092
798 19112 798 5036
798 19112 798 5036
694 16382 694 5098
734 17164 733 5069
785 16752 785 5046
811 19792 811 5030
740 17430 733 5067
694 15399 694 5107
836 19678 836 5028
836 19530 836 5033
1056 25417 861 5026
1054 25649 861 5026
876 20457 694 5103
810 17319 810 5053
957 23533 733 5066
836 20119 707 5099
849 19646 746 5061
857 20405 707 5078
866 21196 798 5036
839 19798 836 5028
889 22173 823 5035
881 21628 733 5067
939 22649 720 5075
892 20777 784 5057
916 21790 759 5054
939 22782 811 5030
944 22334 772 5048
923 20819 785 5047
851 21047 759 5059
930 22660 746 5060
902 21744 785 5044
951 22763 785 5042
841 20455 720 5077
937 23131 785 5043
839 19892 772 5061
891 20837 772 5049
870 21850 785 5048
889 22841 772 5055
1071 25115 733 5071
1067 26157 785 5042
886 20463 707 5086
880 20139 772 5062
863 20906 707 5088
852 20390 836 5028
1035 24886 798 5036
1016 25484 811 5031
1007 24506 772 5049
954 23385 720 5076
882 22067 720 5079
991 23981 823 5035
941 22691 746 5060
984 22926 772 5050
902 20898 746 5069
926 21809 759 5057
909 21829 785 5044
1017 23577 772 5048
956 21679 823 5040
853 21218 746 5064
925 22311 759 5054
937 22055 823 5041
869 20926 746 5069
964 23837 772 5050
946 21755 810 5053
890 21730 797 5060
911 21785 771 5062
907 22417 798 5038
919 22211 772 5051
902 21515 772 5061
948 21380 772 5054
890 21723 746 5063
937 22119 759 5054
1075 26506 772 5049
917 21704 836 5028
915 21930 847 5048
913 21224 707 5108
875 21946 757 5084
1072 25630 823 5035
909 21491 746 5080
906 22498 720 5080
964 23715 707 5086
1007 24376 746 5060
1023 23787 772 5050
915 22332 746 5063
985 23523 798 5038
973 23929 798 5038
1002 24008 772 5051
929 22536 759 5054
960 22594 784 5052
965 23705 823 5039
981 24257 746 5062
942 22446 772 5056
955 22488 797 5051
935 22819 810 5040
939 22142 809 5051
936 23235 784 5053
925 21935 785 5056
927 22892 759 5059
965 22088 835 5051
921 22629 784 5058
914 22505 836 5030
950 22806 784 5053
916 22535 785 5044
944 23663 772 5053
911 22499 810 5046
935 22501 823 5040
1069 27438 746 5062
963 22988 733 5084
954 24225 720 5080
926 23341 836 5028
926 22177 810 5069
921 23249 798 5044
976 24151 823 5038
1059 25072 810 5040
1022 24287 772 5051
1035 24703 772 5050
961 22342 759 5070
945 22761 759 5055
967 22586 771 5061
957 22899 785 5044
923 23037 720 5083
969 22641 797 5047
963 23126 810 5041
1063 24174 798 5038
971 24188 823 5039
924 22579 785 5048
933 22663 772 5057
934 22854 772 5056
963 22558 810 5053
971 23117 772 5054
1092 24301 772 5053
1085 26030 836 5028
1007 24754 861 5031
977 22753 822 5056
925 23074 720 5083
976 24440 720 5080
960 24147 759 5070
1066 25513 848 5032
1044 25641 784 5052
974 24257 823 5040
964 23089 765 5075
955 23846 771 5067
1026 25383 759 5055
1012 23427 772 5056
1008 24424 836 5033
1043 24916 772 5053
1013 22897 810 5049
943 23200 797 5058
991 23886 772 5061
1054 25401 784 5052
979 24057 785 5054
994 23759 848 5033
991 23917 797 5046
1007 23734 785 5050
1008 23264 798 5050
989 22755 810 5053
983 24004 759 5059
948 23105 810 5052
989 24857 759 5056
1001 23943 772 5055
965 23319 810 5048
981 22977 810 5047
970 24327 772 5058
1019 23269 785 5045
1021 23941 785 5044
956 22780 797 5052
978 23750 810 5042
980 24023 810 5041
1007 24773 785 5044
1008 23763 784 5058
969 23762 798 5044
1116 27002 836 5028
996 24574 720 5080
992 23083 810 5053
934 23300 720 5083
1096 26655 772 5053
991 24883 759 5067
959 23441 811 5052
1058 24645 836 5033
1030 25846 772 5057
993 23663 835 5051
971 24154 759 5073
1053 25398 759 5055
1032 25613 836 5034
1037 25080 784 5058
1004 24141 765 5075
1003 24869 771 5060
1054 23735 797 5049
1020 25088 785 5057
1001 24105 810 5041
981 24120 772 5068
984 23171 797 5059
960 23803 810 5052
988 23141 810 5059
1028 24191 797 5046
997 24070 810 5047
1010 24427 772 5059
1022 24986 785 5044
1013 25814 797 5047
990 24828 810 5043
1020 24478 797 5046
983 23200 810 5053
1055 24951 784 5057
1156 27756 772 5066
1133 27966 836 5034
1128 28106 772 5068
1039 24220 848 5045
991 23226 810 5058
987 23607 720 5083
948 23779 720 5085
997 24206 765 5075
1004 26107 810 5041
959 23532 822 5057
1061 25594 785 5044
1055 24550 797 5060
1030 25707 785 5049
1056 24963 784 5063
1031 25482 772 5072
997 24306 835 5056
1040 25267 778 5069
1004 23570 810 5053
1027 25688 798 5045
1042 25112 785 5045
1001 24226 810 5044
1079 26012 785 5044
1078 25537 860 5044
1067 24545 758 5085
1031 26223 810 5041
1015 23855 822 5055
1011 24536 765 5075
1042 25919 791 5063
1067 25145 785 5054
1058 25658 785 5068
1012 24084 810 5053
1027 24309 810 5047
1077 26160 785 5047
1100 24919 810 5052
1079 26126 785 5044
1045 25641 765 5075
1033 25662 792 5075
1024 24218 810 5053
1073 25757 797 5055
1105 26135 823 5048
1079 26230 785 5044
1035 24424 810 5054
1031 24556 810 5053
1079 26248 785 5044
1089 26406 785 5044
1088 26713 785 5044
1111 27045 797 5048
911 18867 911 5022
911 18584 911 5023
861 20470 861 5026
696 15387 694 5107
696 15387 694 5107
694 15452 694 5106
886 18974 886 5024
862 18618 861 5026
836 18415 836 5028
759 16127 759 5058
811 19792 811 5030
727 16436 720 5076
861 18360 836 5028
827 17659 811 5031
746 16022 746 5070
772 19632 772 5048
810 16730 797 5046
836 17006 836 5029
694 15589 694 5101
746 16639 746 5065
785 16752 785 5046
827 18137 811 5030
772 18137 772 5049
770 16802 759 5055
823 17517 823 5036
746 15724 746 5081
794 19116 785 5042
767 18226 720 5072
749 16320 733 5075
810 17177 810 5041
755 16858 733 5066
707 16555 707 5092
753 17174 733 5066
823 18185 823 5034
798 18964 785 5042
801 17352 798 5040
767 16879 759 5055
707 17015 707 5085
774 19521 772 5048
757 16616 746 5062
695 15930 694 5097
720 15491 720 5090
798 17519 798 5037
780 19421 772 5048
698 16661 694 5090
732 16571 707 5083
696 15426 694 5105
823 18185 823 5034
805 17158 785 5044
810 18607 798 5036
814 17937 798 5036
740 17430 733 5067
797 16494 797 5051
814 17937 798 5036
707 16555 707 5092
772 16380 772 5052
714 16553 694 5094
720 17654 720 5079
736 16552 733 5074
695 16913 694 5089
780 19421 772 5048
768 17290 746 5060
694 16382 694 5098
786 16952 759 5054
798 19112 798 5036
709 16044 707 5087
785 17345 785 5043
823 17588 823 5035
817 18968 811 5030
723 16811 707 5078
767 18226 720 5072
694 15662 694 5100
721 17568 707 5078
773 17214 772 5051
709 17216 694 5084
786 16952 759 5054
759 17061 759 5054
694 15589 694 5101
720 17199 720 5081
810 17090 810 5044
737 17573 733 5067
726 17002 720 5073
701 15695 694 5095
734 17164 733 5069
712 16906 707 5083
827 17659 811 5031
815 17106 798 5040
707 15693 707 5095
695 15930 694 5097
740 16606 733 5073
707 16878 707 5087
768 17290 746 5060
740 17398 733 5068
711 17121 694 5084
774 19521 772 5048
794 19116 785 5042
753 17491 746 5061
701 15695 694 5095
753 17491 746 5061
751 16988 733 5067
711 17093 694 5086
861 18360 836 5028
750 16807 733 5068
785 19742 785 5042
785 19742 785 5042
714 16553 694 5094
707 17015 707 5085
781 16628 772 5048
707 15624 707 5100
811 19792 811 5030
746 16597 746 5069
755 16858 733 5066
723 16811 707 5078
696 15426 694 5105
694 15452 694 5106
707 15624 707 5100
813 18609 785 5042
836 17006 836 5029
711 17093 694 5086
861 18360 836 5028
836 18415 836 5028
781 16628 772 5048
810 18607 798 5036
1022 22995 785 5043
967 24607 785 5042
873 18713 836 5028
760 18229 694 5087
754 17455 707 5093
795 19114 720 5073
1016 24290 746 5060
978 23468 785 5042
844 17821 811 5031
826 20192 707 5081
898 22938 798 5036
939 22039 707 5078
863 19959 772 5061
852 20905 759 5054
906 21942 746 5065
898 21036 810 5040
919 21322 733 5067
840 20971 797 5046
871 20565 759 5057
885 20867 720 5072
935 23180 733 5066
821 20873 772 5048
824 20026 771 5059
915 21636 733 5071
953 23454 785 5043
891 23142 798 5036
873 20614 785 5044
937 21954 733 5066
846 20427 772 5048
915 20937 746 5061
937 23462 811 5030
1138 27113 811 5030
879 18826 836 5028
844 18443 811 5031
794 19101 694 5087
1096 26546 785 5043
1048 24466 746 5060
820 19501 733 5080
905 21835 720 5077
908 20579 745 5075
1002 23889 746 5061
983 22516 810 5040
923 23708 798 5036
874 18863 836 5028
854 20787 771 5059
918 22597 746 5065
913 21441 720 5072
873 21310 759 5057
940 21792 733 5068
840 21293 772 5048
945 23342 733 5066
935 21227 797 5046
877 21009 759 5071
847 20949 772 5048
962 23166 798 5037
889 20694 797 5056
936 23334 759 5054
949 21633 745 5071
997 23150 759 5054
938 22844 759 5055
939 22181 759 5056
910 21306 810 5046
973 23195 733 5066
970 23250 759 5054
1003 23663 733 5066
945 23993 798 5036
919 21992 707 5093
889 19063 836 5028
800 19752 732 5092
856 21603 784 5053
921 20671 745 5075
922 22091 720 5072
873 19098 811 5031
866 21079 758 5086
872 20823 823 5035
901 21662 733 5089
885 21515 836 5029
935 21967 759 5059
995 22898 758 5065
945 22006 797 5046
1003 23051 810 5040
962 22404 745 5071
868 20992 772 5048
972 22710 733 5071
957 23546 758 5069
992 23735 733 5066
920 21646 771 5058
912 20764 804 5065
955 23981 759 5054
905 21559 771 5059
997 23665 810 5041
913 20968 745 5075
949 22432 745 5071
1047 24584 798 5037
985 24585 720 5072
921 19849 836 5028
905 19225 836 5029
904 21752 733 5089
896 19568 836 5029
873 21818 772 5055
896 20061 823 5035
907 21101 797 5048
1013 23367 810 5041
915 22445 758 5081
877 21104 772 5048
995 24343 733 5067
940 22479 720 5078
960 22257 759 5073
950 22935 745 5071
1032 24409 759 5054
900 20008 811 5031
908 21582 771 5074
1002 24103 798 5038
1034 24064 810 5040
957 22472 745 5071
959 23130 759 5060
957 22704 797 5046
1006 24155 733 5066
988 23668 733 5071
931 21565 771 5060
914 19940 836 5028
938 22551 771 5058
928 21785 771 5061
916 19936 836 5028
1050 24704 759 5055
1038 25545 720 5072
949 22844 745 5078
930 20304 836 5028
905 19290 836 5029
877 21313 784 5053
1010 24755 758 5066
1032 24505 810 5040
922 21213 823 5034
889 21415 772 5048
962 22490 745 5071
948 23701 771 5059
1013 24592 797 5046
990 23724 759 5063
1045 24718 733 5071
980 24265 810 5046
1025 24736 766 5062
908 21634 823 5034
1000 23720 797 5047
909 22195 811 5036
944 21562 811 5031
963 21426 811 5031
943 22151 811 5031
1107 26335 810 5041
1045 24725 733 5071
961 23117 746 5083
943 21881 836 5028
923 19939 836 5029
906 22417 843 5037
902 21954 772 5048
1000 22705 745 5071
954 21739 797 5049
1043 24184 797 5047
939 21294 823 5035
914 20108 836 5029
980 23110 745 5071
913 21846 772 5048
953 22317 811 5031
970 22203 811 5031
1045 24725 733 5071
912 22001 823 5034
943 21524 823 5034
924 21746 823 5034
1045 24781 733 5071
993 23940 836 5028
925 19949 836 5029
909 22978 772 5053
924 22362 791 5060
978 24147 818 5039
947 22253 772 5051
965 21656 823 5035
915 20376 836 5029
951 21723 823 5034
923 20126 836 5046
933 22646 772 5048
915 22739 823 5035
949 22196 823 5035
1045 24794 733 5071
1030 25105 772 5049
975 21208 836 5029
938 21587 836 5029
918 21498 836 5034
975 22396 772 5054
966 23523 784 5063
1012 24799 784 5052
957 23321 823 5035
970 21814 823 5035
994 23116 823 5034
958 22698 823 5035
972 21366 836 5029
958 21511 836 5029
1048 24950 733 5071
994 25346 823 5034
984 21891 836 5029
938 21955 836 5029
984 22397 784 5057
1008 22908 823 5043
1041 25299 797 5052
1014 23768 804 5054
968 23310 823 5035
1010 24103 823 5034
992 23244 823 5039
1013 23307 823 5035
1093 25353 759 5077
1092 26149 817 5055
985 21978 836 5029
952 22202 836 5029
994 23393 823 5035
954 22054 836 5029
1022 23899 823 5035
977 22698 836 5029
960 23326 848 5033
975 22941 836 5029
1048 24196 823 5035
1034 24812 823 5038
980 22784 836 5029
1072 24427 823 5035
1063 25954 823 5036
1009 22826 836 5029
997 23868 836 5029
984 23668 836 5030
994 23354 836 5030
996 22947 836 5035
1000 22976 836 5029
1003 22880 836 5029
1086 26111 823 5035
1004 23012 836 5029
1004 22941 836 5034
1000 23013 836 5029
1000 23026 836 5029
1000 23088 836 5029
1003 23181 836 5029
1032 23326 836 5029
1019 23673 836 5029
1029 23841 836 5029
1049 25007 836 5029
1164 27693 836 5029
