332 5.19734
1000 24950 936 5046
989 23503 961 5055
769 16849 769 5266
716 19070 694 5231
698 18369 694 5267
924 22612 910 5063
977 24241 956 5048
910 21615 893 5069
976 24635 746 5104
944 23892 910 5058
982 24284 936 5051
967 24803 746 5102
897 21477 880 5075
876 22000 860 5070
964 23651 936 5057
848 20194 843 5119
809 21073 733 5159
903 22760 810 5080
963 24023 797 5079
719 18255 707 5255
716 19070 694 5231
854 21849 798 5094
777 18729 714 5205
848 20839 830 5089
770 19821 714 5214
786 17459 782 5236
757 20003 740 5187
859 21786 848 5080
793 20998 707 5171
982 24284 936 5051
989 24082 961 5053
788 20355 753 5183
823 20237 818 5130
782 17363 782 5238
803 20397 772 5143
919 23851 823 5073
989 24082 961 5053
888 22566 810 5084
764 19417 753 5184
764 17216 764 5248
727 18938 727 5221
843 20095 838 5137
707 17988 694 5261
823 19966 818 5141
740 19577 720 5203
819 20936 740 5162
910 23187 885 5060
869 21962 835 5074
844 21884 720 5160
870 20948 855 5087
910 23187 885 5060
934 23234 785 5080
828 20408 746 5152
769 20165 707 5205
872 22106 796 5092
953 23226 936 5058
771 17171 744 5246
908 23056 733 5112
780 20578 720 5176
719 18255 707 5255
715 18644 694 5251
919 23863 823 5071
953 23226 936 5058
769 16958 769 5260
806 21044 759 5135
743 18468 707 5245
772 19681 766 5173
826 20297 759 5147
791 20715 766 5166
892 22837 810 5082
727 18908 727 5223
850 20789 830 5090
719 18201 719 5249
749 19373 720 5207
820 20829 785 5109
922 23662 746 5106
769 16849 769 5266
740 19577 720 5203
843 19924 843 5125
769 16973 769 5242
761 17515 757 5238
767 20389 727 5190
875 22405 797 5088
707 17988 694 5261
748 18620 745 5229
880 23010 733 5126
744 17389 744 5250
773 20948 707 5182
934 23234 785 5080
899 22193 885 5065
779 17633 777 5219
727 18959 727 5216
790 20358 779 5156
943 23191 785 5080
876 22000 860 5070
778 20652 720 5172
746 18699 745 5214
735 19141 727 5206
719 18201 719 5249
851 21229 823 5082
797 21347 733 5165
759 19889 720 5199
897 21477 880 5075
789 21288 753 5164
899 22193 885 5065
884 23120 810 5078
813 19851 746 5153
849 21131 746 5149
855 20496 822 5127
727 18908 727 5223
907 23336 810 5077
894 23494 733 5123
867 21056 746 5144
982 24462 936 5049
826 21324 759 5099
857 22030 733 5128
805 17760 790 5203
805 17760 790 5203
768 20115 733 5195
769 17069 769 5239
752 20019 720 5201
758 19671 720 5201
718 18535 714 5233
726 19469 707 5225
910 21673 881 5074
874 22515 785 5086
893 22936 835 5067
921 23762 746 5106
861 21710 847 5074
799 20465 720 5193
834 22032 733 5131
824 21853 733 5154
882 23167 784 5088
827 21425 746 5129
779 17660 777 5214
813 20597 772 5138
700 18338 694 5253
834 22032 733 5131
854 22349 797 5090
734 18418 707 5251
754 19153 719 5229
886 22710 746 5111
896 23584 823 5074
728 18642 707 5240
766 19454 766 5179
908 22917 772 5084
782 17496 782 5232
717 18703 694 5244
729 19157 727 5207
784 18718 714 5211
824 21408 759 5124
908 23299 810 5076
816 20536 785 5110
750 19231 707 5230
902 22357 746 5122
772 20002 733 5188
768 19842 740 5193
981 24505 936 5049
805 20091 772 5149
879 22535 784 5093
964 23651 936 5057
792 20440 746 5162
790 20358 779 5156
764 17216 764 5248
764 17546 764 5225
910 22521 758 5100
861 21710 847 5074
872 21052 855 5077
858 21096 746 5148
700 18338 694 5253
899 22841 885 5063
751 19222 740 5198
704 18325 694 5261
902 23049 810 5078
765 19164 740 5198
715 18669 694 5246
766 19454 766 5179
872 22052 796 5093
776 19973 714 5208
863 22088 759 5095
981 24496 936 5050
815 20742 785 5110
863 20507 785 5136
772 17863 757 5225
704 18325 694 5261
921 22949 822 5075
718 18535 714 5233
726 19469 707 5225
905 22935 759 5090
878 22945 797 5082
754 19596 720 5202
805 17760 790 5203
784 18718 714 5211
744 17106 744 5263
744 17107 744 5257
865 22597 746 5125
726 19469 707 5225
791 20428 753 5178
818 20526 772 5138
863 21635 810 5085
907 23336 810 5077
878 21685 746 5127
826 21324 759 5099
733 19589 720 5214
798 17946 790 5196
774 20828 740 5165
789 17703 770 5206
759 18918 758 5208
838 20822 746 5150
779 17633 777 5219
857 20377 835 5122
698 18369 694 5267
853 21970 759 5098
826 20221 772 5139
886 22710 746 5111
769 17885 757 5225
744 17107 744 5257
744 17106 744 5263
789 17703 770 5206
835 21044 810 5108
867 21067 855 5087
885 22065 771 5097
801 20731 694 5230
798 17946 790 5196
733 19603 720 5209
841 20766 746 5150
813 20486 772 5140
897 22131 771 5094
905 23552 810 5077
919 23863 823 5071
853 21970 759 5098
801 20731 694 5230
893 22936 835 5067
838 20822 746 5150
874 22515 785 5086
894 23494 733 5123
779 20802 720 5166
727 18959 727 5216
755 19920 720 5197
779 20521 720 5177
764 17546 764 5225
859 22379 733 5127
921 23762 746 5106
858 22143 759 5096
885 22065 771 5097
888 22566 810 5084
761 17515 757 5238
835 21044 810 5108
841 21345 784 5097
899 22841 885 5063
859 22379 733 5127
858 22143 759 5096
882 23167 784 5088
820 20829 785 5109
989 23503 961 5055
888 22566 810 5084
838 20822 746 5150
835 21044 810 5108
733 19603 720 5209
727 18908 727 5223
981 24496 936 5050
908 23056 733 5112
964 23651 936 5057
857 22030 733 5128
766 19454 766 5179
943 23191 785 5080
872 22106 796 5092
896 23584 823 5074
755 19920 720 5197
944 23892 910 5058
777 17646 777 5219
865 22091 835 5072
865 22091 835 5072
899 22193 885 5065
865 22091 835 5072
857 22030 733 5128
943 23191 785 5080
755 19920 720 5197
981 24505 936 5049
750 19231 707 5230
982 24462 936 5049
733 19603 720 5209
905 23552 810 5077
754 19153 719 5229
789 17703 770 5206
841 20766 746 5150
779 17660 777 5214
989 23503 961 5055
902 23049 810 5078
872 21052 855 5077
989 24082 961 5053
989 23503 961 5055
919 23863 823 5071
841 20766 746 5150
801 20731 694 5230
727 18908 727 5223
726 19469 707 5225
726 19469 707 5225
1000 25038 936 5046
990 25443 720 5161
980 24350 961 5053
786 17431 782 5240
772 19783 707 5230
752 20019 720 5206
799 18785 741 5238
910 21740 893 5069
848 21008 740 5189
811 18131 790 5208
870 22596 733 5130
832 20069 714 5214
767 17917 764 5225
825 20783 785 5110
889 22499 847 5074
915 23196 860 5068
943 23884 823 5077
964 23719 936 5057
786 20574 720 5202
770 19788 766 5179
877 21269 855 5087
980 24350 961 5053
897 21497 880 5080
841 21463 759 5099
865 22291 759 5098
947 24336 810 5080
986 24823 746 5104
981 24750 771 5094
892 23670 733 5126
872 22269 796 5092
899 22716 885 5065
966 24522 810 5077
892 22854 810 5082
943 24176 797 5081
964 23651 936 5062
941 23559 784 5088
901 23398 733 5126
930 23732 746 5106
913 23234 797 5082
930 23732 746 5106
874 22515 785 5089
930 23732 746 5106
930 23732 746 5106
1017 25171 784 5088
1011 24752 961 5057
813 18199 790 5208
778 20052 719 5249
762 20136 720 5218
785 20061 766 5179
873 20909 838 5137
917 21835 893 5069
948 23083 880 5085
810 19245 741 5238
935 23666 860 5068
883 22801 812 5095
800 20876 740 5212
853 22112 759 5116
828 21049 785 5110
927 24630 733 5129
918 23194 885 5065
834 20960 719 5236
945 24182 746 5106
890 22330 771 5099
916 23126 810 5084
947 24350 810 5080
870 22615 733 5131
869 21881 759 5105
902 23129 810 5082
861 21933 785 5106
862 22382 759 5099
998 26017 822 5080
924 23130 910 5069
921 23361 885 5065
839 20259 741 5244
820 18521 810 5210
779 20386 754 5232
799 20645 766 5182
934 24208 759 5102
833 21115 785 5110
854 19540 809 5238
914 23548 810 5084
813 18522 809 5240
920 21988 893 5079
780 20394 754 5227
923 22134 893 5070
934 23869 759 5108
834 21076 785 5110
922 23421 810 5082
964 23621 936 5066
962 24285 759 5109
961 24773 797 5107
934 23997 885 5065
830 18931 809 5240
893 22460 826 5195
854 19560 809 5238
906 23116 797 5112
924 23720 792 5111
932 24171 824 5086
929 24256 810 5093
1012 24937 948 5076
998 23871 961 5074
986 25387 910 5066
933 23902 797 5130
830 19016 809 5240
830 19016 809 5240
893 22629 826 5195
1012 24842 948 5086
1022 25274 948 5076
995 25453 910 5071
986 25750 910 5071
882 20592 809 5258
865 19619 829 5244
1032 25495 968 5078
995 25454 910 5094
