2100 3.83359
735 18765 707 5190
854 22163 707 5144
735 18765 707 5190
770 19743 720 5153
730 19309 694 5190
777 20399 720 5139
854 22163 707 5144
777 20399 720 5139
738 18895 707 5187
777 20583 707 5146
787 20199 694 5162
803 19901 694 5168
741 19385 694 5179
789 20005 720 5147
789 20005 720 5147
789 20005 720 5147
743 19170 694 5185
755 19455 720 5155
803 19901 694 5168
770 19743 720 5153
755 19455 720 5155
789 20005 720 5147
745 19051 720 5168
735 18765 707 5190
777 20399 720 5139
777 20583 707 5146
770 20316 694 5165
743 19170 694 5185
730 19309 694 5190
787 20199 694 5162
751 18921 707 5156
770 19743 720 5153
735 18765 707 5190
735 19046 707 5171
745 19051 720 5168
770 20316 694 5165
770 19743 720 5153
770 20316 694 5165
751 18921 707 5156
744 19138 707 5170
770 19743 720 5153
782 19365 707 5155
787 20199 694 5162
782 19365 707 5155
738 18895 707 5187
770 19743 720 5153
743 19170 694 5185
744 19138 707 5170
738 18895 707 5187
787 20199 694 5162
777 20583 707 5146
735 18765 707 5190
770 20316 694 5165
777 20399 720 5139
803 19901 694 5168
751 18921 707 5156
738 18895 707 5187
770 20316 694 5165
789 20005 720 5147
745 19051 720 5168
735 18765 707 5190
777 20399 720 5139
735 18765 707 5190
735 18765 707 5190
787 20199 694 5162
789 20005 720 5147
789 20005 720 5147
777 20583 707 5146
735 18765 707 5190
735 18765 707 5190
735 18765 707 5190
803 19901 694 5168
782 19365 707 5155
789 20005 720 5147
730 19309 694 5190
777 20399 720 5139
777 20399 720 5139
787 20199 694 5162
734 19510 694 5174
735 18765 707 5190
738 18895 707 5187
738 18895 707 5187
787 20199 694 5162
745 19051 720 5168
745 19051 720 5168
770 19743 720 5153
782 19365 707 5155
787 20199 694 5162
782 19365 707 5155
770 19743 720 5153
751 18921 707 5156
735 19046 707 5171
735 18765 707 5190
751 18921 707 5156
730 19309 694 5190
743 19170 694 5185
743 19170 694 5185
755 19455 720 5155
770 19743 720 5153
803 19901 694 5168
789 20005 720 5147
787 20199 694 5162
738 18895 707 5187
854 22163 707 5144
777 20399 720 5139
770 19743 720 5153
854 22163 707 5144
789 20005 720 5147
787 20199 694 5162
738 18895 707 5187
735 18765 707 5190
734 19510 694 5174
777 20399 720 5139
730 19309 694 5190
782 19365 707 5155
803 19901 694 5168
735 18765 707 5190
777 20583 707 5146
745 19051 720 5168
789 20005 720 5147
735 18765 707 5190
777 20399 720 5139
789 20005 720 5147
770 20316 694 5165
738 18895 707 5187
777 20399 720 5139
735 18765 707 5190
787 20199 694 5162
