14 0.732859
894 23321 834 5161
764 20262 746 5239
835 20664 746 5221
826 21720 796 5202
776 19892 720 5243
849 21777 821 5182
1041 25100 1012 5147
910 22834 694 5320
776 19892 720 5243
764 20262 746 5239
910 22974 746 5250
858 22876 720 5237
873 22223 720 5245
832 21784 733 5251
878 22914 733 5231
970 24744 746 5226
800 21106 733 5237
983 26923 809 5203
895 22732 821 5184
1013 25953 821 5203
856 21894 746 5243
932 23135 796 5196
868 22015 759 5233
884 23156 796 5224
829 21588 733 5229
883 23192 834 5185
1187 28050 714 5317
861 22231 809 5200
907 23507 746 5239
799 20552 720 5245
851 22370 746 5230
1084 26656 1025 5167
977 25001 796 5203
935 24210 796 5209
1100 26724 1012 5157
808 20183 746 5244
891 22963 821 5183
903 23420 796 5212
840 21837 733 5235
1030 25968 694 5349
1027 25665 694 5320
818 21425 733 5239
902 22695 733 5226
849 21508 746 5249
1079 26633 1025 5158
994 25604 809 5204
944 24585 771 5251
871 22471 720 5243
931 23730 841 5189
934 23846 733 5262
863 22364 746 5245
898 23100 733 5250
787 20699 720 5246
849 21900 733 5243
913 23065 809 5185
851 21485 733 5248
950 24887 821 5178
796 20302 733 5239
894 23395 753 5244
948 24944 796 5169
1066 26547 714 5337
825 21082 809 5227
1073 26026 992 5183
802 20866 720 5254
968 25535 753 5239
1046 25831 1012 5152
1045 25722 1012 5171
1114 27566 987 5156
851 22199 733 5244
863 23371 796 5192
982 23925 694 5311
972 25116 796 5193
974 23253 714 5333
948 24183 821 5177
872 22526 746 5248
845 21240 733 5242
861 21402 759 5250
924 24923 809 5162
879 22507 795 5192
943 23816 758 5233
867 22211 733 5242
938 23971 753 5229
956 23429 821 5193
800 20961 733 5245
855 22628 746 5256
886 21959 746 5233
965 23881 694 5311
1049 25801 992 5155
844 21919 746 5235
840 20858 733 5245
973 24978 746 5233
900 22946 746 5233
863 21692 821 5182
983 24518 848 5183
791 19793 746 5232
785 20425 733 5237
913 22412 834 5171
840 21397 733 5241
980 24480 694 5316
1008 24733 796 5213
856 22125 720 5238
991 25784 707 5308
883 22822 733 5236
831 21619 720 5256
1030 25612 694 5320
873 22938 758 5245
860 21217 746 5239
980 25619 821 5192
848 20986 733 5240
989 26636 796 5174
842 22289 809 5199
998 24199 727 5317
921 21585 733 5235
911 23447 834 5180
804 20955 733 5230
838 20806 746 5238
1042 25843 987 5163
888 22588 771 5237
814 20603 733 5232
938 24787 809 5208
925 23485 809 5212
929 24050 746 5241
899 23181 779 5229
843 22154 733 5230
848 22046 733 5226
872 22661 720 5232
1100 26690 1012 5147
951 24556 809 5178
849 22198 771 5250
880 22570 720 5249
813 21498 733 5244
900 22731 746 5226
954 24446 796 5197
1050 25211 1012 5147
971 26000 836 5192
998 25583 694 5346
802 20860 746 5241
817 20429 746 5243
816 20496 733 5262
1054 25980 1012 5152
916 22097 746 5267
832 21717 733 5226
873 21319 746 5259
890 22545 720 5265
791 20718 746 5244
980 23689 746 5233
865 21289 746 5262
1080 26429 1012 5169
851 22377 796 5202
880 23481 759 5231
1097 26281 727 5331
1055 25555 1012 5155
880 22476 809 5212
808 20330 746 5224
879 23002 784 5196
867 22804 733 5240
1036 25888 694 5324
1015 25554 714 5318
981 25835 821 5189
919 24951 808 5182
805 20953 733 5245
873 22949 796 5201
891 22274 766 5238
1030 25817 694 5328
804 20971 733 5245
973 24674 809 5204
1065 26130 967 5173
920 22981 796 5202
929 23788 746 5247
800 21024 746 5235
883 23534 796 5193
1021 24913 714 5319
807 19938 720 5248
950 24925 746 5231
918 24505 834 5181
928 22937 746 5233
954 24287 821 5186
848 22475 759 5243
931 23995 821 5182
947 25197 821 5187
849 22858 758 5239
839 21366 746 5236
886 23241 809 5207
1157 28220 1012 5161
851 21572 720 5237
863 22172 796 5201
899 22936 720 5236
913 23560 733 5243
1075 26637 967 5178
979 24150 821 5180
869 21891 746 5257
808 21261 733 5251
926 24497 821 5185
853 22360 720 5235
891 23644 821 5204
859 23233 796 5209
1020 26352 821 5171
988 25067 821 5166
808 21088 796 5210
1001 25801 741 5331
1024 25788 714 5340
938 24597 861 5191
855 21376 733 5240
947 22847 822 5214
851 21994 720 5238
844 21909 720 5240
834 21243 707 5315
1068 26617 1012 5164
888 22537 808 5219
991 24222 987 5152
938 24164 821 5196
866 21209 720 5245
871 21669 746 5256
854 22950 809 5207
835 21803 733 5250
975 24521 746 5233
949 24358 821 5188
853 22058 733 5251
937 24520 733 5245
902 23411 808 5201
871 21973 733 5251
947 23773 809 5193
1084 26976 1025 5143
996 25477 721 5312
973 24921 707 5314
843 22095 745 5249
1107 27430 796 5222
876 22357 809 5169
859 22255 733 5237
928 23704 834 5183
945 24836 809 5204
827 21589 720 5256
921 23067 809 5207
1072 26112 987 5152
844 21725 733 5226
888 23004 746 5237
963 23580 809 5221
828 20548 720 5237
879 22681 746 5227
933 22691 746 5245
1008 24440 721 5340
790 20224 733 5244
822 20925 746 5241
1124 28662 1012 5157
902 22300 733 5245
845 21894 746 5244
792 20972 733 5239
892 23844 733 5246
867 21652 733 5241
823 21578 720 5249
823 21678 733 5254
887 21711 733 5237
802 21067 733 5237
1086 26795 987 5157
1192 30344 1012 5147
924 25074 849 5170
893 22593 821 5196
778 20519 733 5235
833 21218 771 5245
795 20300 720 5245
850 21415 733 5237
812 20744 733 5219
886 22541 733 5234
895 23622 796 5188
925 23825 727 5317
843 21544 733 5253
821 21211 746 5240
869 22404 759 5234
968 26149 720 5243
971 25707 809 5192
944 24182 809 5168
878 22189 759 5233
849 21692 733 5245
848 21322 720 5243
967 24921 821 5200
884 23651 796 5196
904 23020 746 5232
1001 23429 714 5329
888 22653 733 5239
841 21530 746 5236
826 20489 733 5245
987 24702 796 5179
982 25255 694 5343
895 23530 821 5206
1047 26138 836 5166
840 21143 733 5240
873 22827 720 5247
783 20181 733 5244
872 22466 746 5247
842 21479 759 5227
896 22959 746 5238
799 20779 733 5236
894 23214 796 5205
837 21269 733 5239
1092 27075 1025 5146
828 21686 746 5236
824 20746 720 5252
917 23351 733 5234
1046 28532 796 5211
899 22068 733 5236
862 23108 808 5183
855 21889 809 5220
878 22712 821 5194
932 23407 808 5216
856 22415 733 5236
887 23317 821 5181
861 21778 694 5328
868 22649 733 5237
975 24592 694 5331
923 23734 746 5235
1032 25531 1012 5169
920 23100 746 5267
1003 24277 714 5329
905 23922 720 5245
1021 24613 714 5330
825 20895 746 5226
1017 26044 821 5183
854 22669 733 5237
917 23514 821 5181
882 23189 740 5242
983 25026 727 5323
1079 26529 987 5157
898 23242 720 5239
992 24634 694 5331
880 22908 733 5228
1070 26344 1012 5152
836 21652 809 5204
918 24470 796 5179
841 22389 720 5239
852 22513 733 5264
925 23795 796 5201
1006 24987 739 5314
896 24022 796 5224
798 20074 733 5251
916 23696 746 5239
998 25259 714 5371
915 23177 753 5227
822 20502 746 5244
1009 24533 834 5205
850 21457 746 5247
954 25271 847 5160
842 20647 733 5261
935 23995 821 5190
967 24422 809 5211
905 23906 809 5170
991 25358 808 5211
997 24924 784 5229
1009 25253 821 5180
801 20473 746 5230
851 22287 720 5240
910 23286 759 5239
807 21161 733 5241
905 23492 809 5207
844 20987 720 5237
942 24904 809 5168
1023 24875 992 5153
826 21345 746 5243
852 21511 759 5235
813 21442 733 5234
854 22226 796 5211
847 22245 733 5250
951 24682 746 5245
813 21120 784 5237
872 22671 733 5235
843 21615 759 5233
967 23921 714 5326
873 22414 766 5244
904 23970 796 5192
1042 27480 796 5204
902 22944 771 5243
919 22745 733 5255
897 23136 821 5166
897 22903 821 5188
865 21821 746 5235
945 24678 796 5184
883 22220 809 5179
976 25201 796 5179
975 24242 707 5306
878 22463 766 5221
954 24389 834 5225
922 23445 848 5180
912 22963 797 5195
863 21543 733 5235
865 22191 746 5239
825 20535 720 5255
843 21788 753 5233
946 23627 746 5231
893 23250 771 5245
912 24073 733 5245
845 21996 746 5245
1057 26017 987 5155
1004 25510 796 5228
930 23577 746 5225
880 22860 746 5239
803 20720 720 5248
802 21503 796 5201
931 22995 746 5224
838 21778 746 5269
885 21871 759 5239
872 22370 821 5202
886 22410 809 5180
902 23302 809 5198
878 23064 809 5192
1000 25877 746 5232
809 21177 733 5245
876 21782 746 5231
900 22939 821 5191
939 24537 796 5174
875 22837 733 5235
994 25948 847 5158
972 25542 809 5171
807 21182 733 5228
922 23927 758 5238
941 23709 821 5195
1033 25398 694 5343
945 25536 809 5162
802 20539 746 5239
822 21641 733 5256
883 22877 809 5169
872 22881 821 5199
786 20403 746 5244
870 23099 783 5212
906 23304 694 5331
917 23368 796 5212
1081 27704 992 5170
864 22621 822 5199
830 21216 759 5235
879 22318 766 5236
829 20388 746 5284
862 21836 746 5249
921 23454 821 5212
866 21088 746 5248
836 22628 733 5247
865 21073 746 5247
857 22336 796 5195
831 21669 733 5244
878 21438 753 5258
854 22361 720 5251
891 22574 733 5245
938 23257 746 5239
841 21694 733 5263
863 21987 759 5236
860 21925 746 5242
998 24963 714 5322
866 22752 720 5243
955 23329 834 5167
1078 25961 1012 5164
813 21394 733 5255
910 22734 733 5240
823 21281 733 5235
1020 26308 694 5342
832 21310 720 5251
962 24337 733 5268
804 21368 733 5248
907 23461 821 5187
966 24438 759 5233
838 21142 733 5245
922 24354 733 5243
849 21679 733 5233
925 23642 809 5205
972 25217 758 5251
929 24316 720 5234
924 24535 766 5247
910 23184 759 5235
814 21586 733 5243
856 21759 746 5233
817 21519 733 5245
921 23386 835 5193
1021 24805 1012 5161
864 22144 746 5239
963 24353 694 5327
857 22403 733 5228
945 25278 848 5177
882 23082 808 5202
891 22880 720 5250
893 23898 861 5187
930 24257 771 5241
1042 25292 1012 5160
847 21597 733 5231
857 22432 796 5210
