73 1.34455
694 16423 694 5327
699 16392 694 5310
699 16443 694 5333
785 18515 785 5237
719 16385 719 5327
699 16398 694 5321
739 16649 739 5260
700 16364 694 5308
700 16342 694 5303
714 16455 714 5329
694 16342 694 5294
700 16399 694 5303
700 16541 694 5274
700 16377 694 5303
699 16398 694 5321
694 16310 694 5319
694 16257 694 5311
700 16539 694 5296
700 16342 694 5303
714 16456 714 5312
707 17145 694 5273
700 16377 694 5303
700 16461 694 5303
714 16436 714 5335
721 16409 719 5327
700 16377 694 5303
694 16257 694 5311
719 16369 719 5322
694 16320 694 5288
700 16394 694 5291
702 16531 694 5286
721 16409 719 5327
694 16257 694 5311
700 16348 694 5303
694 16229 694 5312
699 16343 694 5305
739 16560 739 5277
694 16367 694 5311
694 16423 694 5327
699 16358 694 5305
739 16560 739 5277
717 16311 694 5305
700 16541 694 5274
700 16342 694 5303
699 16343 694 5305
699 16374 694 5321
739 16579 739 5277
699 16398 694 5321
699 16374 694 5321
700 16342 694 5303
694 16437 694 5305
694 16437 694 5305
714 16455 714 5335
694 16257 694 5311
694 16127 694 5305
699 16358 694 5305
699 16374 694 5321
700 16377 694 5303
697 16346 694 5279
699 16376 694 5305
702 16446 694 5298
700 16358 694 5274
703 16543 694 5288
714 16431 714 5335
699 16358 694 5305
699 16376 694 5305
702 16531 694 5286
714 16560 714 5274
699 16358 694 5305
699 16358 694 5305
694 16127 694 5305
700 16380 694 5298
700 16358 694 5274
699 16358 694 5305
700 16308 694 5303
714 16431 714 5341
739 16673 739 5272
719 16385 719 5327
694 16357 694 5311
700 16394 694 5291
699 16392 694 5310
714 16431 714 5335
700 16541 694 5274
703 17121 694 5275
699 16443 694 5333
699 16376 694 5305
700 16315 694 5303
699 16398 694 5321
699 16376 694 5305
699 16398 694 5338
702 16531 694 5286
714 16465 714 5284
699 16398 694 5321
721 16409 719 5327
700 16348 694 5303
699 16358 694 5305
714 16448 714 5286
700 16494 694 5287
700 16308 694 5303
714 16431 714 5335
714 16434 714 5285
699 16376 694 5305
714 16463 714 5339
714 16431 714 5335
694 16257 694 5311
694 16372 694 5343
694 16320 694 5288
699 16374 694 5321
714 16434 714 5285
714 16436 714 5335
694 16372 694 5343
694 16357 694 5311
700 16377 694 5303
700 16342 694 5303
714 16483 714 5328
717 16311 694 5305
694 16310 694 5319
719 16388 719 5327
725 16441 719 5303
702 16446 694 5298
739 16675 739 5272
694 16345 694 5311
694 16229 694 5312
700 16308 694 5303
714 16431 714 5335
699 16393 694 5321
714 16465 714 5284
700 16364 694 5308
714 16431 714 5335
694 16127 694 5305
714 16434 714 5285
700 16308 694 5303
714 16436 714 5335
714 16833 714 5269
719 16457 719 5327
714 16454 714 5329
694 16342 694 5294
697 16346 694 5279
700 16342 694 5303
702 16446 694 5298
724 16451 719 5309
700 16338 694 5303
697 16346 694 5279
699 16358 694 5305
699 16398 694 5338
694 16345 694 5311
700 16338 694 5303
699 16398 694 5321
714 16450 714 5302
700 16394 694 5291
694 16342 694 5294
719 16388 719 5327
700 16399 694 5286
700 16377 694 5303
700 16315 694 5303
714 16431 714 5335
740 17493 739 5251
714 16455 714 5329
694 16229 694 5312
700 16308 694 5303
714 16448 714 5286
699 16358 694 5305
694 16372 694 5343
699 16407 694 5321
714 16431 714 5335
714 16833 714 5269
702 16531 694 5286
694 16437 694 5305
700 16377 694 5303
700 16377 694 5303
694 16310 694 5319
699 16358 694 5305
694 16320 694 5288
703 17121 694 5275
700 16399 694 5286
700 16399 694 5286
700 16358 694 5274
694 16345 694 5311
714 16431 714 5341
700 16377 694 5303
754 17033 752 5254
694 16367 694 5311
703 16543 694 5288
714 16434 714 5285
700 16399 694 5286
719 16388 719 5327
739 17501 739 5252
699 16358 694 5305
699 16358 694 5305
699 16398 694 5338
702 16400 694 5338
699 16398 694 5338
739 16475 739 5310
700 16315 694 5303
700 16308 694 5303
699 16374 694 5321
700 16348 694 5303
699 16407 694 5321
700 16342 694 5303
700 16380 694 5298
