5 0.27744
1275 33003 1165 5266
1063 27037 1038 5301
987 25826 952 5351
987 26038 925 5387
1053 26167 903 5329
1011 25675 993 5404
1067 27094 1045 5288
1100 26483 1049 5306
1007 23812 1007 5378
994 25213 962 5456
1102 27958 1012 5298
1103 26815 1075 5269
1024 25098 968 5337
979 24423 979 5408
1040 25525 940 5400
1000 24487 898 5407
1097 28883 1031 5303
987 26038 925 5387
1134 28636 1134 5268
1082 26296 1020 5323
1053 25857 1027 5325
995 26455 950 5314
1003 25815 974 5357
1079 26986 1039 5283
1190 31282 889 5429
1289 33095 1165 5266
1001 26113 967 5360
997 26188 976 5375
1139 27670 929 5373
1057 26330 958 5367
1060 27739 929 5375
1132 29619 923 5387
1071 27439 1047 5306
1032 24902 1007 5383
1249 32395 1012 5313
1200 31676 1113 5281
1253 32920 1091 5282
1058 25602 1031 5381
1028 25873 999 5355
1050 25565 982 5387
1016 25308 974 5416
1001 24924 978 5433
1045 25861 957 5427
1064 26556 913 5434
1060 27110 924 5442
1195 29771 1036 5313
1254 31970 1034 5310
994 26046 951 5388
1156 29487 1140 5276
1053 25881 1027 5325
1041 28465 1039 5326
1043 27852 968 5338
1038 27544 1038 5345
1045 26783 960 5364
1057 26921 966 5362
1092 26921 1002 5347
1067 26668 989 5349
1148 30135 963 5354
1068 26879 1014 5329
1061 26988 1011 5336
1119 28062 999 5320
1069 26501 1005 5315
1101 28136 1037 5314
1047 27518 971 5325
1047 26772 1024 5323
1109 29124 969 5333
1045 26783 960 5364
1039 25874 980 5396
1027 26103 998 5367
1016 25858 980 5415
1004 26112 980 5361
1021 26044 998 5379
1200 29643 1040 5292
1099 28027 1096 5294
1156 29311 1044 5310
1112 28113 1084 5286
1141 27227 1108 5297
1148 28459 1077 5287
1128 28922 1053 5301
1145 29347 1043 5308
1127 27258 1075 5306
1174 30811 1069 5300
1140 28406 1045 5301
1203 31383 889 5429
1345 34190 1165 5274
1345 34348 1165 5271
1345 34190 1165 5274
1345 34348 1165 5271
1036 26499 975 5385
1023 27087 976 5384
1041 27750 978 5376
1139 27699 929 5373
1057 26495 974 5382
1057 26495 974 5382
1134 28966 948 5399
1074 28000 955 5384
1087 28700 948 5407
1087 28309 1047 5306
1104 27958 1079 5310
1102 28080 1069 5307
1071 27484 1047 5311
1088 28103 1049 5310
1125 28039 1080 5307
1032 25168 1007 5383
1239 32141 1131 5285
1028 25907 999 5355
1020 25492 981 5422
1004 24952 1004 5446
1015 25098 978 5433
1132 26606 931 5450
1102 27966 937 5450
1005 26052 977 5392
1067 28539 951 5425
1064 26075 955 5432
1156 29489 1140 5276
1069 26299 1036 5334
1056 26088 1036 5353
1065 26700 1051 5328
1085 26210 1033 5337
1119 27368 1000 5354
1142 28716 999 5320
1123 28184 1029 5318
1154 29773 1027 5318
1151 29024 1029 5317
1094 27818 1007 5338
1059 28207 982 5341
1099 29377 975 5358
1059 28207 982 5341
1085 28111 989 5336
1099 27724 980 5342
1168 30115 998 5325
1094 27818 1007 5338
1170 28307 1013 5327
1049 27589 1026 5329
1058 28570 1039 5326
1066 27167 1036 5351
1067 28115 1026 5323
1175 28058 1045 5325
1069 27414 1028 5347
1078 27370 961 5394
1085 26917 970 5389
1142 30550 971 5365
1119 28034 962 5380
1051 27198 973 5369
1128 28635 964 5375
1045 27632 981 5374
1075 27040 998 5379
1132 28168 1104 5288
1112 28249 1099 5292
1126 28467 1084 5286
1134 29659 1059 5305
1138 27593 1075 5306
1177 30664 1046 5308
1165 30036 948 5391
1165 30036 948 5391
1143 29771 931 5415
1159 28905 961 5383
1179 30370 971 5374
1206 30674 1049 5307
1122 27917 1049 5315
1078 27760 1051 5322
1078 29008 1068 5317
1174 29135 1061 5314
1104 28976 1063 5315
1111 29350 1056 5321
1118 29024 1056 5317
1147 28661 1074 5313
1033 25782 1033 5410
1028 26146 999 5355
1094 26018 1076 5366
1072 25920 1031 5381
1028 26146 999 5355
1004 25343 1004 5446
1018 25716 1002 5486
1040 26068 992 5409
1005 26223 977 5392
1067 28847 951 5442
1301 34668 1207 5276
1277 32533 1204 5280
1276 32661 1221 5283
1310 33272 1159 5283
1086 26792 1036 5334
1075 27298 1045 5346
1086 26792 1036 5334
1082 27119 1036 5351
1065 26796 1051 5331
1065 26796 1051 5331
1093 26780 1089 5336
1221 31119 1027 5322
1167 30934 1044 5319
1112 29761 975 5358
1113 28206 990 5341
1123 30058 1001 5339
1117 28751 988 5350
1121 28449 988 5358
1119 30040 982 5347
1105 28974 993 5359
1106 29153 1019 5339
1171 29011 1014 5328
1065 27623 1028 5347
1049 27730 1026 5329
1100 29229 1026 5323
1139 28952 1040 5327
1095 28198 969 5400
1093 28481 964 5463
1088 27889 983 5371
1160 27430 976 5396
1087 29757 975 5372
1082 27444 987 5391
1154 28307 1103 5297
1133 28329 1115 5306
1133 28334 1104 5292
1322 36221 1137 5287
1172 29134 1104 5288
1174 31818 1145 5286
1279 32839 1138 5287
1198 31564 1089 5302
1364 34827 1092 5297
1196 31062 1089 5305
1140 28130 1092 5309
1146 28304 1082 5313
1140 28953 1079 5309
1163 30732 973 5389
1216 29643 963 5422
1133 28205 1115 5317
1138 28670 1080 5321
1128 28664 1105 5325
1130 28941 1076 5322
1187 32097 1063 5316
1132 29826 1066 5317
1147 28667 1074 5313
1072 25939 1031 5381
1028 26213 999 5355
1038 26200 1002 5382
1045 25697 1015 5488
1052 25891 1028 5482
1062 26175 1034 5438
1010 26903 995 5433
1006 27407 978 5426
1060 26722 987 5404
1147 27191 983 5436
1114 28247 979 5396
1058 26437 997 5487
1102 27793 977 5418
1023 27577 979 5413
1115 28475 977 5397
1050 27959 983 5403
1050 26518 993 5472
1006 27407 978 5426
1059 26637 994 5418
1198 30769 965 5456
1301 34620 1207 5282
1075 27456 1045 5351
1075 27246 1065 5337
1099 27685 1051 5336
1164 29546 1011 5343
1129 28792 1022 5346
1209 32370 1006 5342
1178 30111 1007 5344
1213 30108 1004 5340
1186 30724 1007 5342
1133 29583 1013 5352
1143 29224 994 5350
1238 31232 982 5357
1184 29418 1014 5328
1173 29225 1021 5328
1073 27627 1028 5347
1065 27647 1028 5347
1065 27647 1028 5347
1060 27935 1026 5329
1116 27744 1091 5335
1112 29296 1056 5326
1172 31033 1064 5325
1201 29803 1063 5324
1142 29897 1053 5327
1139 29734 972 5407
1159 29621 975 5401
1100 28356 981 5400
1180 30360 964 5489
1113 28290 985 5379
1112 29012 996 5373
1103 29033 996 5373
1185 30392 989 5378
1153 28954 1130 5303
1154 30229 1113 5292
1151 29240 1132 5301
1139 28715 1127 5305
1161 29881 1107 5303
1161 29881 1107 5303
1174 28958 1123 5303
1166 29059 1143 5297
1135 28448 1135 5310
1189 31508 1124 5288
1176 29550 1159 5294
1193 30886 1138 5291
1274 32020 1200 5287
1140 28130 1092 5312
1164 28936 1101 5311
1159 28337 1088 5316
1167 30974 1089 5312
1206 30955 973 5389
1162 30060 1066 5317
1198 29485 1076 5318
1150 29535 1076 5322
1098 26133 1069 5407
1032 26315 1010 5500
1110 27594 1016 5368
1059 26429 1016 5380
1093 27053 1018 5356
1060 26520 1060 5362
1074 26955 1026 5355
1097 27822 1004 5366
1074 26513 1000 5417
1079 27682 1015 5361
1110 27594 1016 5368
1062 27432 1046 5360
1057 27971 999 5385
1114 27261 999 5389
1057 27971 999 5385
1066 26461 1028 5355
1034 26818 1034 5399
1078 26986 1022 5371
1097 27822 1004 5366
1035 27249 1015 5426
1118 28421 1000 5367
1049 26666 1015 5377
1060 26520 1060 5362
1108 29570 1001 5356
1072 27404 1019 5368
1062 27053 1008 5401
1062 26228 1012 5435
1052 26468 1047 5398
1056 26451 1047 5388
1042 26694 1002 5422
1112 26288 1069 5385
1082 26813 1003 5386
1052 26305 1004 5427
1072 27531 993 5405
1076 26879 1006 5405
1071 26837 1010 5406
1076 26879 1006 5405
1091 26727 989 5405
1070 27546 987 5413
1067 26785 989 5426
1102 27873 977 5418
1059 26664 994 5418
1218 31297 965 5456
1301 34719 1207 5282
1096 27334 1088 5340
1097 27347 1065 5339
1110 27262 1077 5341
1175 30226 1011 5346
1177 30050 1011 5343
1178 30234 1007 5344
1218 32537 1006 5342
1165 29833 994 5350
1203 32312 1015 5337
1065 27660 1028 5347
1062 28190 1026 5334
1130 28663 1044 5332
1171 29731 1033 5330
1153 28719 1066 5329
1124 28153 1060 5334
1153 28719 1066 5329
1114 28830 1060 5330
1084 27979 1047 5336
1101 28415 1088 5332
1116 27748 1091 5335
1122 29330 982 5404
1180 30391 964 5489
1112 29247 1003 5379
1154 30238 1113 5292
1161 29694 1132 5301
1139 28751 1127 5322
1159 29796 1133 5308
1185 29219 1178 5299
1253 31814 1131 5290
1237 32240 1125 5291
1203 30225 1186 5298
1237 31805 1144 5291
1237 31805 1144 5291
1150 29036 1105 5314
1150 29036 1105 5314
1152 28491 1118 5319
1146 29049 1115 5320
1146 29921 1146 5316
1177 29690 1102 5315
1190 28476 1111 5319
1184 31394 1091 5315
1221 30334 994 5398
1032 26647 1010 5500
1081 28380 994 5432
1297 35309 1209 5290
1067 27538 999 5446
1301 34736 1207 5282
1098 26756 1045 5382
1056 26452 1047 5389
1307 31341 1231 5296
1205 31637 1124 5299
1108 27206 995 5408
