93 58.5899
859 21462 759 5061
747 17083 746 5074
722 18950 694 5097
694 17482 694 5243
721 17716 720 5200
857 20666 759 5063
698 17868 694 5141
701 18115 694 5134
773 18137 733 5073
737 17701 720 5217
768 18030 733 5075
742 19564 720 5079
827 20708 759 5063
725 18190 707 5119
811 20999 746 5066
816 20154 746 5068
802 20166 746 5068
731 19140 707 5089
718 17827 707 5232
823 21257 759 5063
797 20275 746 5067
752 20047 694 5090
705 17536 694 5235
721 17716 720 5200
785 19225 720 5078
735 18749 694 5128
724 18605 707 5108
747 17083 746 5074
763 19718 694 5091
722 18950 694 5097
705 17536 694 5235
743 18438 707 5093
772 20759 707 5084
802 20166 746 5068
747 18789 694 5124
859 21462 759 5061
727 18894 694 5110
698 17868 694 5141
799 19344 694 5093
785 18600 746 5069
782 20250 707 5084
769 19422 694 5094
719 17819 707 5232
725 18190 707 5119
701 18115 694 5134
733 19335 733 5075
729 18294 694 5132
725 18190 707 5119
764 19199 694 5096
782 19542 733 5072
729 18294 694 5132
698 17868 694 5141
762 19675 707 5087
758 19473 694 5094
762 19675 707 5087
731 19105 707 5095
742 19564 720 5079
732 18819 694 5120
724 18413 707 5119
816 20154 746 5068
816 20154 746 5068
818 20064 746 5066
758 19473 694 5094
727 18894 694 5110
732 18819 694 5120
698 17868 694 5141
767 18772 733 5073
768 20067 746 5070
766 19146 733 5086
750 19174 720 5083
750 19174 720 5083
729 18294 694 5132
750 19174 720 5083
742 19564 720 5079
802 20166 746 5068
720 18910 720 5091
720 18910 720 5091
768 18030 733 5075
782 20250 707 5084
782 19260 746 5072
797 20275 746 5067
731 19105 707 5095
773 18137 733 5073
782 19260 746 5072
818 20064 746 5066
758 19473 694 5094
750 19679 707 5085
733 19335 733 5075
731 19105 707 5095
766 19146 733 5086
724 18413 707 5119
768 20067 746 5070
772 20759 707 5084
758 19473 694 5094
731 19140 707 5089
727 18894 694 5110
731 19140 707 5089
731 19140 707 5089
785 18600 746 5069
750 19679 707 5085
773 18137 733 5073
772 20759 707 5084
768 18030 733 5075
731 19140 707 5089
782 20250 707 5084
724 18413 707 5119
818 20064 746 5066
797 20275 746 5067
768 20067 746 5070
742 19564 720 5079
782 19542 733 5072
818 20064 746 5066
816 20154 746 5068
802 20166 746 5068
785 18600 746 5069
785 18600 746 5069
785 18600 746 5069
782 20250 707 5084
782 19542 733 5072
768 20067 746 5070
768 18030 733 5075
758 19473 694 5094
750 19174 720 5083
742 19564 720 5079
729 18294 694 5132
724 18413 707 5119
859 21465 759 5061
694 17528 694 5243
694 17528 694 5243
759 18412 694 5232
724 18655 707 5113
710 18017 694 5237
785 19591 720 5078
799 20560 759 5067
750 19300 707 5094
811 21023 746 5066
780 19283 707 5095
739 18960 694 5235
765 19404 745 5085
800 20615 733 5072
705 17545 694 5241
827 20712 759 5063
724 18655 707 5113
800 20275 733 5077
765 19163 694 5097
827 20291 746 5068
788 21049 707 5085
767 19777 694 5092
813 19652 694 5093
802 19465 746 5076
780 20728 707 5086
805 20243 707 5087
763 20172 694 5090
788 20067 707 5090
767 19777 694 5092
800 20067 694 5091
767 19777 694 5092
767 19777 694 5092
881 21509 720 5078
859 21467 759 5061
813 19694 694 5093
807 21637 707 5085
721 18333 694 5242
724 18663 707 5122
771 19592 694 5222
814 21003 733 5072
835 21216 759 5063
743 18525 694 5238
840 20946 746 5075
759 18701 707 5113
738 18489 719 5241
774 19427 694 5097
812 20309 707 5090
811 21044 746 5066
752 19449 707 5107
822 20445 707 5089
769 19717 694 5097
796 20173 694 5091
816 19945 720 5082
786 21109 694 5091
803 19892 694 5093
789 20565 694 5091
808 20715 707 5089
793 20771 720 5086
813 20781 694 5090
794 21048 720 5081
809 21536 707 5087
810 20957 707 5087
813 19694 694 5093
813 19694 694 5093
813 19694 694 5093
903 22446 746 5066
897 23758 720 5079
859 21594 759 5061
800 19489 694 5097
779 19580 694 5097
762 19853 707 5113
827 21428 733 5072
868 20379 745 5082
774 19789 707 5108
797 20494 694 5091
822 20610 720 5083
848 22586 707 5085
850 21581 759 5063
830 22008 707 5087
770 20233 694 5110
813 20415 694 5093
851 22523 746 5067
889 22053 746 5067
777 20392 707 5102
839 20901 707 5089
856 22340 707 5085
903 21971 720 5080
801 21069 720 5081
852 21502 746 5070
804 21049 720 5084
835 20969 707 5088
832 20998 707 5090
860 21976 746 5069
859 22062 746 5067
858 22059 746 5069
912 24433 707 5086
859 22245 759 5061
818 19782 694 5108
816 19706 720 5100
793 19995 694 5114
776 20390 694 5111
888 22736 746 5067
800 20331 733 5098
852 20631 720 5084
857 21628 759 5063
780 20047 720 5103
829 21259 745 5089
793 19903 707 5104
871 21444 733 5072
846 20564 732 5092
906 22130 759 5061
866 22491 733 5073
834 21727 733 5075
826 21096 694 5095
806 19913 694 5100
834 22057 720 5084
841 21723 733 5080
824 21449 720 5091
781 20042 707 5111
847 21707 733 5081
818 20472 707 5095
842 21110 707 5088
787 20369 694 5100
838 21507 745 5088
838 21849 720 5081
839 20429 694 5093
847 21618 746 5085
859 22245 759 5061
899 23327 746 5067
898 23374 733 5072
859 22255 759 5061
806 19935 694 5100
792 20594 694 5222
782 20636 694 5178
795 20087 707 5114
782 20140 707 5113
886 22234 720 5082
856 21830 746 5076
861 22906 707 5088
833 21413 707 5098
880 22011 733 5075
860 21258 720 5088
835 21881 733 5080
847 21187 707 5089
835 20833 720 5095
845 21575 707 5092
899 22969 733 5074
839 20613 694 5093
845 21862 746 5075
929 23763 746 5067
908 24015 746 5069
904 22735 759 5064
811 20058 694 5100
808 21184 707 5100
808 21110 694 5229
809 21121 720 5102
848 21483 719 5090
854 22328 707 5092
886 22600 733 5080
875 22918 732 5088
899 23198 719 5088
900 22734 720 5085
916 23676 733 5073
849 21703 694 5094
908 23538 733 5079
866 21119 694 5094
911 22596 733 5085
873 21221 720 5093
879 21699 707 5089
943 24615 733 5073
927 23643 746 5079
835 20770 694 5100
823 20795 694 5116
812 20825 694 5101
826 21108 707 5100
928 22784 745 5084
903 23064 720 5087
917 23701 720 5086
880 23419 707 5090
881 22335 733 5092
871 21814 694 5099
899 21974 720 5090
862 21888 707 5097
851 22034 720 5093
849 21904 694 5094
890 22907 733 5080
884 22562 733 5089
895 22578 707 5092
887 22985 733 5087
959 24263 707 5095
931 23265 733 5080
912 23914 746 5082
858 20859 694 5100
821 21373 707 5111
896 23811 746 5086
843 21560 694 5102
873 22226 719 5098
896 22411 720 5097
824 21044 707 5109
885 22769 707 5097
831 21450 694 5104
854 21155 694 5107
882 22383 707 5099
826 20886 720 5108
999 25956 694 5104
931 24101 733 5087
848 21810 694 5128
846 21468 707 5154
821 21526 732 5119
866 22906 707 5102
953 23810 733 5091
910 24163 732 5100
852 22005 720 5110
852 22215 720 5107
845 22130 694 5135
893 22226 733 5098
890 21761 732 5106
843 21975 732 5102
930 21768 707 5101
971 25444 707 5105
947 24650 733 5087
907 22296 694 5182
878 22301 758 5121
871 22118 707 5140
851 22309 733 5117
862 23093 694 5165
933 23906 732 5101
883 22118 745 5109
924 23390 707 5108
881 22243 720 5128
891 23864 732 5102
892 23128 720 5123
881 23079 694 5153
903 22603 720 5120
904 22340 720 5114
1011 26140 732 5116
978 23594 749 5147
913 23251 733 5155
1046 25337 898 5031
954 25577 772 5049
707 17567 707 5299
706 18860 694 5160
704 17709 694 5300
694 17981 694 5287
967 24559 772 5049
886 24050 798 5043
918 22438 848 5035
743 18706 694 5199
907 22035 848 5037
736 18773 707 5237
868 21506 823 5042
775 18543 733 5129
706 18860 694 5160
903 22556 873 5032
736 18790 694 5201
904 22391 873 5032
966 25058 772 5049
925 22322 848 5035
720 17986 720 5253
717 18288 694 5265
887 22172 823 5036
899 21006 785 5055
901 23330 798 5043
800 21354 772 5051
849 22380 810 5043
770 20391 720 5092
820 20201 707 5097
859 22896 785 5044
837 21084 784 5057
819 19838 759 5087
774 19078 720 5146
735 19946 707 5139
767 20202 733 5081
810 20596 758 5070
819 21450 746 5062
789 21153 771 5061
740 19348 707 5152
747 19909 707 5122
760 19787 707 5116
799 21050 797 5053
867 21811 720 5073
823 21950 694 5092
816 20107 746 5072
727 19568 707 5144
821 20748 810 5046
748 19761 694 5149
913 23674 798 5038
732 19411 694 5155
729 18402 707 5244
870 23633 759 5056
706 17632 694 5282
707 17875 707 5269
694 17883 694 5291
821 21787 694 5112
798 21185 733 5067
696 17915 694 5278
883 22850 746 5061
766 21000 720 5107
875 22806 759 5055
798 17795 798 5052
720 18810 694 5247
699 17968 694 5274
841 21883 823 5039
743 18649 720 5241
826 21386 694 5100
833 21596 707 5082
773 20252 759 5079
854 22589 772 5050
770 20391 720 5092
792 18353 785 5058
862 22520 720 5075
762 20079 694 5148
856 20496 746 5071
803 20769 759 5060
732 19681 694 5153
864 21482 707 5089
782 19645 720 5121
788 20500 707 5114
819 20811 720 5077
777 20547 694 5124
780 19896 733 5081
707 17832 707 5270
703 17963 694 5276
717 18288 694 5265
747 20240 694 5142
784 20907 707 5104
818 18619 772 5069
807 20654 720 5085
784 20907 707 5104
820 22105 694 5099
815 21143 785 5045
817 20154 707 5098
823 22157 707 5079
827 21874 707 5094
807 20654 720 5085
875 21588 873 5038
784 20688 707 5109
790 20583 707 5110
813 21853 785 5045
819 21450 746 5062
785 18695 785 5067
913 23674 798 5038
832 21149 772 5059
835 22021 694 5087
872 22173 759 5059
694 17981 694 5287
791 20706 759 5068
777 20547 694 5124
875 22300 772 5050
838 22759 720 5075
720 18810 694 5247
747 19909 707 5122
811 21083 798 5049
845 20745 785 5056
799 21050 797 5053
694 18326 694 5276
845 20745 785 5056
827 21874 707 5094
902 22204 785 5043
865 22681 720 5073
823 21950 694 5092
782 19645 720 5121
810 20596 758 5070
762 20079 694 5148
821 20748 810 5046
867 21811 720 5073
816 20107 746 5072
865 22668 810 5042
865 22681 720 5073
736 18790 694 5201
838 22759 720 5075
865 22668 810 5042
886 22772 759 5057
833 21596 707 5082
835 22021 694 5087
902 22204 785 5043
886 22772 759 5057
767 20202 733 5081
838 22759 720 5075
799 21050 797 5053
1076 27458 733 5067
1069 25939 898 5031
705 17908 694 5293
694 17959 694 5293
694 17959 694 5293
739 19243 694 5204
758 19203 694 5199
726 19506 694 5160
788 19999 714 5141
1000 24164 823 5036
839 21885 746 5131
810 20477 797 5077
856 22974 694 5101
784 20437 707 5132
925 22412 873 5033
867 21018 759 5092
975 24369 823 5037
965 23153 848 5035
749 20300 694 5144
910 22563 873 5032
989 24911 772 5049
850 22035 759 5062
906 23884 746 5061
817 21476 759 5064
910 23523 835 5041
845 21323 733 5070
968 25161 772 5049
928 23506 823 5041
858 22779 707 5081
902 22811 848 5036
848 21694 720 5098
834 21446 810 5054
962 25261 759 5055
892 22026 784 5060
921 23963 810 5041
941 25229 798 5043
865 22455 772 5052
944 25109 835 5040
866 23038 785 5044
898 24216 720 5073
953 25076 694 5097
830 21641 785 5045
879 23130 707 5079
908 23397 759 5058
836 21301 797 5052
881 21755 873 5038
936 22970 823 5042
825 21468 785 5048
919 24021 823 5041
860 21976 746 5064
959 24275 848 5035
890 22456 873 5037
946 24320 759 5056
896 21830 848 5044
925 22707 848 5040
939 24013 759 5057
890 22643 873 5036
940 24300 848 5035
1075 26974 746 5063
1069 25944 898 5031
697 18142 694 5293
800 19949 694 5167
755 20200 694 5271
778 19782 707 5279
749 20300 694 5147
1028 26279 873 5032
1069 25944 898 5031
864 21444 771 5086
858 21708 720 5121
850 22297 758 5138
952 25172 848 5037
946 23618 860 5038
1002 25250 798 5043
761 20172 694 5160
961 24336 823 5042
868 21909 810 5048
991 25003 823 5037
962 24604 746 5067
830 21631 759 5073
961 24201 848 5036
898 22850 719 5083
879 22487 733 5098
968 25992 720 5073
889 22087 873 5038
919 23975 707 5088
876 22584 733 5089
905 22712 772 5066
877 22363 745 5086
941 23492 784 5060
883 22997 707 5100
852 22899 745 5108
989 25373 772 5049
887 23525 759 5062
844 21775 797 5049
884 23212 707 5093
853 23009 785 5048
859 22303 796 5058
946 24094 772 5055
989 25373 772 5049
893 23472 707 5090
933 24573 720 5075
905 23038 759 5063
928 23532 772 5056
880 21549 772 5070
944 24463 720 5077
861 21941 785 5045
852 22948 745 5102
995 25267 772 5049
870 23593 758 5089
903 23612 746 5072
921 24363 707 5079
939 24384 758 5065
891 21871 785 5046
892 23087 759 5065
898 23499 772 5058
921 24363 707 5079
989 25373 772 5049
1084 28235 746 5073
1083 26264 898 5031
779 20157 707 5286
756 20596 694 5160
894 22166 873 5038
781 21155 694 5156
1002 25329 823 5037
848 22068 797 5053
1050 26587 746 5076
1031 27577 720 5074
927 23041 707 5117
995 25652 707 5079
958 24823 785 5045
933 24532 732 5085
1019 26011 772 5049
940 25273 720 5085
957 25400 783 5065
900 22109 810 5051
860 21762 772 5088
855 22539 758 5138
870 22703 785 5046
884 23322 707 5110
909 23765 707 5095
856 22363 707 5150
912 22909 745 5097
877 23202 758 5088
856 21998 759 5101
890 23682 784 5072
904 23216 733 5086
909 22925 771 5085
852 23084 745 5102
914 22610 784 5074
907 23234 759 5066
905 23077 771 5087
1011 25507 823 5037
1006 25471 848 5037
963 25927 772 5066
899 22361 873 5041
795 20625 694 5173
770 20960 694 5161
870 22611 797 5098
1004 24869 785 5052
879 23415 707 5152
983 23691 720 5124
871 22188 797 5066
947 25587 707 5133
975 24830 810 5049
964 24187 835 5049
875 22794 784 5107
896 23884 796 5086
1005 24808 835 5048
921 23633 759 5080
912 22682 873 5038
879 22980 797 5050
991 25749 732 5087
890 22695 771 5119
955 23845 758 5097
986 25873 784 5065
915 23692 759 5075
902 23846 707 5134
956 23616 746 5092
909 23402 770 5088
927 24414 745 5107
926 24457 732 5114
931 25774 733 5108
930 23558 759 5067
950 24420 733 5114
903 23263 759 5112
950 23324 746 5112
911 23872 746 5091
1105 26762 823 5037
1014 27150 796 5057
951 24341 847 5050
936 23289 707 5191
871 21149 720 5192
853 22307 720 5171
1018 24850 732 5131
1025 26621 835 5042
905 23863 707 5152
882 23699 797 5090
1008 26141 759 5076
864 22972 720 5170
912 23291 822 5051
993 24649 798 5060
964 25084 785 5067
957 26099 772 5069
906 22896 835 5070
986 23955 772 5082
1011 25529 823 5043
880 23651 810 5058
953 24943 783 5082
941 24351 808 5063
969 24364 835 5049
977 24920 760 5073
980 24345 835 5049
1084 26818 783 5077
1010 25175 835 5049
977 25081 783 5091
926 24219 810 5069
1014 25703 822 5053
978 24392 835 5054
1004 24929 835 5053
1064 26562 809 5093
1015 25325 835 5049
956 24914 822 5099
922 23941 694 5092
831 21102 810 5049
828 20880 810 5051
733 17310 733 5088
729 18864 694 5147
695 17827 694 5233
695 17827 694 5233
922 23941 694 5092
864 22395 785 5049
720 18798 694 5183
748 19743 732 5132
695 18056 694 5216
724 19214 707 5140
798 19407 759 5078
746 17412 746 5082
832 21592 785 5050
835 20618 720 5087
814 20663 772 5059
728 18764 694 5158
711 17929 694 5227
733 17310 733 5088
772 18988 720 5090
815 19887 785 5070
830 20520 707 5091
862 22169 694 5093
788 20305 745 5080
806 19298 771 5074
807 21073 759 5061
695 17842 694 5231
817 20667 797 5057
844 20991 805 5051
718 18701 694 5199
762 19591 694 5120
775 19507 694 5122
817 20667 797 5057
809 20384 694 5096
749 19703 707 5117
711 18180 694 5204
695 18056 694 5216
849 22050 707 5085
770 19478 694 5137
812 20689 810 5052
712 18647 694 5202
844 20991 805 5051
786 19727 707 5107
838 21439 733 5073
724 19214 707 5140
823 21752 694 5095
734 18853 694 5152
838 20193 694 5115
815 22002 733 5073
790 21319 720 5079
805 20526 694 5110
763 18384 720 5091
718 18701 694 5199
864 22395 785 5049
807 20063 772 5071
785 19030 733 5084
711 18180 694 5204
810 20837 772 5057
823 19654 759 5076
729 18864 694 5147
824 20839 772 5055
728 18764 694 5158
827 20943 733 5074
767 19242 720 5090
794 20701 746 5070
777 18425 746 5080
818 21557 746 5067
801 21092 694 5114
764 19895 707 5116
742 17745 733 5085
746 17540 746 5081
830 21735 733 5073
738 17484 733 5086
734 18853 694 5152
812 20313 733 5077
801 21200 733 5074
847 20472 797 5061
804 20876 759 5062
800 20963 746 5069
695 17980 694 5228
782 19549 720 5088
806 19298 771 5074
781 20395 759 5064
776 20011 694 5119
738 17484 733 5086
772 18988 720 5090
787 20560 746 5076
743 17615 733 5085
712 18647 694 5202
743 17615 733 5085
742 17745 733 5085
807 21073 759 5061
786 19727 707 5107
818 21557 746 5067
818 21557 746 5067
777 18425 746 5080
789 20285 772 5065
783 20560 733 5081
800 20564 707 5090
792 20592 707 5089
789 20285 772 5065
779 20879 720 5081
792 20592 707 5089
776 20011 694 5119
728 18764 694 5158
786 20661 707 5086
785 19030 733 5084
794 20701 746 5070
849 22050 707 5085
847 20472 797 5061
789 19936 733 5079
781 20395 759 5064
831 21199 805 5051
711 17929 694 5227
695 17980 694 5228
789 19936 733 5079
824 20839 772 5055
804 20876 759 5062
785 19030 733 5084
815 22002 733 5073
831 21199 805 5051
824 20839 772 5055
712 18647 694 5202
849 22050 707 5085
817 20667 797 5057
806 19298 771 5074
743 17615 733 5085
718 18701 694 5199
712 18647 694 5202
923 24352 707 5086
841 21426 810 5049
825 21066 810 5052
720 18866 694 5186
720 18866 694 5186
810 20851 785 5059
887 23097 785 5049
752 19157 707 5152
744 19176 694 5158
770 19519 694 5137
874 22864 694 5101
905 22918 772 5055
837 21199 733 5112
837 20477 694 5132
825 20974 810 5053
722 19161 694 5183
770 19519 694 5137
830 20760 759 5065
886 23006 746 5067
861 22384 746 5068
812 21112 759 5062
820 21153 772 5057
851 22610 720 5079
827 21508 733 5080
869 21770 785 5051
858 22685 733 5073
810 21527 746 5125
819 21561 720 5080
814 21481 707 5091
836 22628 720 5079
868 22352 720 5079
818 21388 746 5069
828 21229 733 5085
868 22352 720 5079
833 21701 785 5052
833 21701 785 5052
722 19161 694 5183
825 21524 733 5086
836 22628 720 5079
836 22628 720 5079
980 25644 772 5055
842 21509 810 5049
825 21067 810 5052
770 19561 694 5137
729 19222 694 5188
752 19711 694 5183
946 24276 785 5049
824 21912 707 5095
826 21526 759 5062
892 22955 805 5051
833 21846 720 5100
936 23832 733 5073
835 21631 707 5128
915 23345 746 5072
871 21816 785 5057
930 23227 785 5051
835 21941 740 5081
847 21705 772 5059
875 23428 707 5091
912 23024 733 5075
865 22471 785 5052
880 23151 707 5091
844 21593 720 5080
844 21101 694 5134
852 21822 746 5073
841 22087 720 5080
900 23486 746 5067
898 23722 733 5079
903 22716 772 5057
904 23546 785 5050
840 22071 785 5054
841 22087 720 5080
867 21963 772 5058
894 23750 772 5057
1076 26768 707 5095
842 21554 810 5049
825 21079 810 5052
778 19640 694 5137
777 19800 694 5137
767 19826 694 5201
946 24067 733 5073
770 20097 714 5139
910 24424 759 5062
859 21907 733 5116
892 22895 785 5052
902 23513 772 5059
825 21079 810 5052
912 23109 746 5074
876 21579 797 5062
880 23745 746 5079
873 22852 753 5077
842 22381 720 5092
837 21783 771 5066
838 21965 707 5108
860 22012 720 5085
857 22518 759 5089
888 23043 707 5104
877 22928 759 5064
864 21688 759 5070
860 22280 720 5080
910 23539 746 5068
1022 26714 759 5062
842 21598 810 5049
782 19701 694 5137
774 20901 720 5147
838 22079 759 5120
985 25118 792 5057
869 22431 720 5094
861 21947 733 5127
955 25708 746 5071
938 23970 707 5120
884 22280 707 5131
950 24533 784 5059
930 23664 772 5061
891 22828 746 5082
957 25351 733 5073
921 22452 797 5064
941 24796 772 5059
921 23387 746 5079
873 22701 732 5085
915 22579 779 5071
979 25037 733 5073
894 22664 772 5066
893 22837 784 5067
863 22295 733 5087
864 22150 759 5094
919 23682 746 5074
913 22709 759 5074
873 22970 720 5080
877 22968 759 5064
877 22968 759 5064
999 25637 733 5073
842 21622 810 5049
799 19948 707 5152
796 20370 694 5162
782 20675 694 5171
936 24218 772 5063
871 22902 759 5110
955 24096 746 5077
807 21024 694 5158
950 24815 720 5081
822 21541 733 5141
827 20738 694 5137
883 22331 733 5088
906 23206 720 5085
866 23026 733 5096
899 23329 720 5093
925 23767 746 5081
789 20389 694 5167
878 23008 759 5064
926 24312 733 5080
880 22977 746 5082
884 23217 733 5084
877 22969 759 5070
871 23074 733 5094
1011 25077 745 5083
1001 25731 733 5086
864 21699 810 5055
842 21798 810 5049
818 21435 694 5202
802 20884 707 5174
868 22209 694 5137
940 24714 758 5080
896 23075 772 5093
822 21811 733 5147
850 21168 707 5167
910 22564 733 5096
939 24581 746 5085
808 21514 694 5189
926 23065 772 5065
911 23970 740 5087
848 22499 707 5142
932 23884 720 5087
908 23491 720 5093
891 23242 759 5064
891 22665 733 5094
920 22912 733 5088
820 21437 707 5163
906 23255 733 5088
1011 23866 746 5088
964 25518 745 5088
887 22262 810 5049
826 21643 694 5195
877 22518 810 5049
916 24069 759 5064
834 22200 707 5165
924 23875 720 5100
956 25050 733 5089
977 25197 746 5086
916 22313 694 5140
900 23554 694 5157
878 23186 707 5142
890 22802 707 5156
909 23384 759 5065
917 23835 733 5091
892 23356 759 5071
891 23099 733 5094
910 24044 733 5091
997 25457 784 5065
940 24115 720 5101
904 23480 772 5114
884 22724 810 5049
962 23955 772 5067
932 24471 720 5100
922 23545 759 5075
891 24229 746 5099
927 24118 733 5091
899 23638 733 5095
953 23581 784 5074
906 23824 759 5071
936 24119 759 5070
972 25479 766 5089
932 24210 810 5053
932 23621 759 5097
921 23850 733 5100
945 24766 733 5091
944 24289 771 5079
945 23985 810 5066
929 24151 784 5096
968 24614 733 5094
933 24490 759 5090
1033 25277 733 5114
1011 26699 779 5081
951 23920 797 5101
923 24179 772 5114
979 25357 733 5100
934 24166 771 5098
1009 24345 784 5096
1008 25319 784 5096
1076 28314 759 5110
1016 25516 733 5112
961 25330 772 5111
955 25042 772 5114
867 19993 733 5072
854 20303 772 5051
788 21143 720 5077
713 18447 694 5121
709 16895 694 5158
694 17199 694 5155
694 16967 694 5158
719 18109 719 5115
759 19089 759 5074
742 18589 720 5089
733 18805 733 5110
772 17704 772 5058
694 17199 694 5155
832 20079 733 5071
783 20687 758 5070
753 18711 745 5084
731 18835 707 5104
806 19898 772 5052
800 19571 746 5070
805 20454 707 5081
829 20495 772 5051
721 18198 694 5130
783 20704 720 5078
837 20008 733 5069
788 21143 720 5077
854 20303 772 5051
726 18877 707 5097
707 17918 707 5131
714 18081 694 5138
694 18203 694 5122
867 19993 733 5072
694 17417 694 5153
719 18049 719 5119
740 18398 694 5117
778 20654 707 5083
856 20286 772 5051
705 17936 694 5145
837 19824 694 5088
772 19638 772 5053
696 17253 694 5153
836 19442 759 5062
795 20344 720 5078
753 19046 694 5095
764 17944 759 5064
735 18931 733 5082
800 19591 746 5068
694 17540 694 5150
802 20287 759 5057
710 17344 694 5150
709 16997 694 5155
756 19191 746 5075
761 18971 746 5076
748 19306 746 5076
744 19388 707 5091
786 20248 759 5059
766 20114 746 5074
696 17253 694 5153
727 18261 694 5121
694 17636 694 5147
747 19050 707 5093
751 19544 694 5101
720 18816 694 5108
755 19173 694 5089
746 19106 720 5085
797 20546 720 5077
709 16895 694 5158
788 19487 733 5075
789 19623 772 5053
730 18811 694 5116
727 17810 707 5143
727 17810 707 5143
714 18081 694 5138
740 18551 707 5105
805 20454 707 5081
741 18515 707 5102
751 19544 694 5101
766 19576 720 5079
694 18158 694 5141
720 18765 694 5119
753 18711 745 5084
752 19366 707 5092
792 18873 746 5072
740 18551 707 5105
804 20233 746 5063
790 20026 746 5065
731 18835 707 5104
694 17636 694 5147
710 17344 694 5150
772 17704 772 5058
790 20026 746 5065
774 19389 707 5086
736 18813 707 5109
793 19944 707 5085
805 19840 707 5084
802 19974 720 5075
705 17936 694 5145
769 20277 733 5072
768 19382 733 5077
776 20609 746 5071
748 19353 720 5081
789 20183 759 5059
733 18805 733 5110
694 18158 694 5141
761 18588 733 5078
832 20079 733 5071
795 20568 720 5077
836 19442 759 5062
707 17918 707 5131
854 20303 772 5051
727 17810 707 5143
794 20105 733 5070
765 19587 759 5063
709 17996 707 5121
741 18515 707 5102
803 20496 707 5081
802 20019 694 5087
694 17540 694 5150
709 17996 707 5121
793 20099 746 5064
776 20609 746 5071
774 19389 707 5086
783 20687 758 5070
736 18813 707 5109
786 20248 759 5059
727 18261 694 5121
742 18589 720 5089
789 20183 759 5059
805 20454 707 5081
720 18765 694 5119
789 19623 772 5053
714 18081 694 5138
696 17253 694 5153
932 22926 720 5077
854 20318 772 5051
714 17133 694 5155
709 16979 694 5158
694 18283 694 5122
694 17322 694 5158
869 21919 733 5073
896 22540 694 5096
739 19066 720 5111
700 17725 694 5150
858 21479 759 5059
746 19438 707 5091
839 21023 746 5065
806 19930 772 5052
835 21439 746 5063
731 18401 719 5117
712 18204 694 5122
822 20284 707 5086
777 19786 733 5077
792 18552 719 5115
770 19678 759 5063
765 18507 694 5117
844 20558 707 5081
712 18204 694 5122
807 19636 720 5085
770 19189 720 5102
713 17694 694 5155
794 20221 694 5103
820 20588 733 5074
705 17362 694 5156
778 20200 720 5079
797 20297 694 5099
781 20811 707 5083
796 20638 694 5097
788 19471 733 5077
797 19806 720 5087
770 19678 759 5063
781 20811 707 5083
788 19471 733 5077
694 18283 694 5122
705 18221 694 5122
933 24043 759 5059
888 21100 772 5051
822 20146 779 5069
705 18280 694 5134
705 17385 694 5158
696 18303 694 5122
736 18666 719 5119
759 19695 720 5091
904 22845 733 5075
904 23057 746 5067
843 19960 719 5111
705 18280 694 5134
816 20175 759 5073
777 19874 733 5077
831 21097 746 5075
870 21416 707 5083
780 19363 720 5109
872 23291 694 5097
908 21715 759 5061
797 20325 694 5100
845 21513 707 5086
867 22264 707 5085
705 18285 694 5122
880 22125 746 5070
775 19813 719 5116
917 22854 733 5074
808 20416 772 5054
781 20260 720 5089
826 20239 772 5052
776 20084 707 5107
858 21229 707 5087
818 20906 707 5098
850 21578 720 5081
822 20634 772 5052
853 21064 720 5079
826 20973 707 5094
811 20532 759 5070
845 21387 707 5091
828 21277 720 5082
810 21246 707 5095
830 20373 694 5099
1122 27125 759 5060
919 21875 772 5051
836 20578 784 5072
746 17414 694 5158
705 18302 694 5122
981 24356 746 5070
778 19385 719 5119
958 23980 759 5066
857 21472 720 5079
892 22814 707 5084
786 20047 733 5077
889 22014 772 5069
830 20952 784 5061
869 21156 732 5093
813 20537 707 5106
817 20469 694 5105
900 22736 707 5086
829 20001 746 5083
870 22123 694 5104
916 24034 694 5101
952 22804 707 5083
772 20131 733 5111
838 21199 720 5091
773 19901 720 5097
799 20251 707 5108
781 20512 707 5112
800 20831 694 5107
828 21299 707 5096
818 20436 707 5107
868 21243 707 5092
832 21310 720 5086
814 20851 707 5103
987 23179 772 5051
890 22154 792 5064
747 18728 694 5148
735 18613 707 5135
714 19071 694 5126
787 19533 719 5119
837 20142 746 5081
934 22540 772 5067
934 22626 772 5057
810 20406 753 5080
877 22805 720 5082
920 23173 772 5052
792 21008 732 5102
748 19181 694 5122
828 21433 707 5098
743 18943 694 5144
806 20346 733 5082
826 20801 694 5107
778 20688 720 5107
859 21818 720 5085
799 20507 733 5077
841 21902 720 5086
874 21667 720 5088
821 21628 720 5097
893 22353 720 5079
819 21111 694 5105
799 21334 707 5111
826 20594 694 5113
872 22387 720 5083
794 20845 720 5098
804 20427 733 5079
1004 24190 772 5051
784 19848 694 5139
772 20326 694 5127
926 23363 772 5052
820 20890 759 5082
802 20839 733 5105
808 21022 733 5078
880 22680 720 5086
847 21755 719 5100
807 20599 733 5088
902 22535 720 5092
833 21515 707 5107
891 22812 694 5109
853 21210 707 5107
865 22297 720 5094
829 22083 694 5110
790 20437 720 5123
837 21260 694 5112
786 21129 720 5117
860 22280 707 5100
800 21058 720 5113
820 21249 707 5120
858 21621 707 5105
1025 23782 825 5071
1021 26502 792 5066
826 20724 694 5144
794 20210 707 5142
941 24247 733 5082
979 23804 733 5080
856 21118 746 5081
857 21724 707 5132
842 21911 694 5113
883 23088 740 5085
916 23586 720 5088
823 21079 694 5138
912 22447 720 5099
849 21955 745 5079
905 23167 720 5091
835 22296 707 5113
803 21194 694 5138
832 21092 745 5091
871 21903 720 5103
928 23358 694 5109
819 21297 733 5113
853 21901 732 5106
880 23006 733 5086
929 22685 733 5088
852 22239 694 5111
868 22824 707 5101
858 21552 707 5113
865 21757 707 5107
861 22512 707 5107
850 21868 707 5112
857 22610 720 5104
866 22865 707 5104
824 21089 733 5106
989 25103 694 5112
881 22043 758 5082
877 23344 760 5085
864 22089 694 5144
863 22179 694 5119
841 21666 733 5116
838 21749 707 5144
941 23367 720 5102
913 23939 720 5099
869 21913 694 5139
881 22094 746 5089
846 22154 720 5125
900 23313 733 5087
884 22759 707 5109
900 22224 720 5103
891 23981 707 5102
892 21959 720 5104
885 21875 752 5113
883 22875 707 5113
873 22093 720 5107
945 22003 721 5162
939 24101 733 5088
921 23704 746 5096
900 22696 694 5147
890 22979 720 5111
910 22993 707 5121
907 23575 733 5106
936 23619 707 5110
916 23321 707 5116
968 24910 719 5110
900 23046 733 5111
823 18677 771 5060
807 18793 771 5060
720 16875 720 5083
696 17015 694 5112
695 17095 694 5112
815 18489 771 5061
746 17835 746 5063
771 18373 746 5062
726 17750 694 5086
744 17997 733 5068
696 17114 694 5095
784 18004 746 5062
746 17747 746 5065
751 18038 720 5074
733 17353 733 5069
768 18739 746 5062
735 18060 720 5074
823 18677 771 5060
707 17280 707 5081
720 17274 720 5075
717 17264 707 5081
751 18038 720 5074
705 17355 694 5089
712 17125 694 5093
732 17827 707 5080
747 17471 746 5065
747 17568 746 5063
725 17146 720 5075
747 17471 746 5065
733 17285 733 5071
747 17568 746 5063
707 16891 707 5089
708 16978 707 5083
725 17992 707 5080
720 16973 720 5077
735 18060 720 5074
696 17141 694 5093
707 16891 707 5089
709 17208 694 5087
717 17264 707 5081
725 17992 707 5080
707 17332 694 5087
747 17471 746 5065
720 16973 720 5077
696 17114 694 5095
720 17274 720 5075
718 17064 707 5081
733 17285 733 5071
720 16973 720 5077
717 17264 707 5081
712 17125 694 5093
707 17206 707 5087
734 17351 733 5069
712 17125 694 5093
707 17332 694 5087
718 17064 707 5081
707 17280 707 5081
734 17351 733 5069
720 17274 720 5075
705 17355 694 5089
717 17264 707 5081
708 16978 707 5083
735 18060 720 5074
735 17121 694 5087
720 17274 720 5075
707 17280 707 5081
720 16973 720 5077
707 17280 707 5081
705 17355 694 5089
747 17471 746 5065
747 17471 746 5065
735 18060 720 5074
735 18060 720 5074
735 18060 720 5074
735 18060 720 5074
720 17274 720 5075
718 17064 707 5081
708 16978 707 5083
707 17332 694 5087
707 17280 707 5081
705 17355 694 5089
696 17114 694 5095
823 18717 771 5060
807 18799 771 5060
769 18837 746 5062
720 16888 720 5083
696 17025 694 5112
695 17101 694 5112
695 17101 694 5112
823 18717 771 5060
746 17858 746 5063
738 17943 707 5080
698 17155 694 5095
695 17101 694 5112
735 18345 694 5086
788 17707 746 5063
773 18596 746 5062
735 18075 720 5074
748 18813 733 5068
720 17280 720 5075
733 17512 733 5069
707 16896 707 5089
755 18156 733 5068
700 17018 694 5112
750 18164 733 5068
784 18018 746 5062
768 17830 746 5063
707 16896 707 5089
725 16980 707 5083
720 17011 720 5077
708 17031 707 5083
746 17777 746 5065
747 17530 746 5065
744 17378 733 5069
696 17169 694 5095
709 17259 694 5093
771 18706 746 5062
711 17409 694 5087
705 17371 694 5089
714 17466 707 5081
731 17276 707 5081
733 17379 733 5071
727 18012 707 5080
735 18075 720 5074
716 17295 694 5087
746 17858 746 5063
709 17259 694 5093
747 17530 746 5065
733 17379 733 5071
729 17239 694 5087
711 17787 707 5081
745 17309 733 5071
723 17284 707 5081
734 17467 733 5069
700 17018 694 5112
719 17309 707 5081
695 17101 694 5112
729 17239 694 5087
698 17155 694 5095
710 17292 694 5089
700 17018 694 5112
727 18012 707 5080
748 18813 733 5068
696 17025 694 5112
823 18717 771 5060
700 17018 694 5112
695 17101 694 5112
695 17101 694 5112
807 18838 771 5060
769 18903 746 5062
720 16921 720 5083
700 17024 694 5112
695 17101 694 5117
695 17101 694 5117
708 17529 694 5095
720 17123 720 5077
748 17578 746 5065
717 17589 707 5081
700 17024 694 5112
795 18512 746 5062
732 18058 707 5080
745 18155 720 5074
727 17354 720 5075
733 17382 733 5071
750 18333 733 5068
718 17401 694 5087
764 18281 733 5068
780 18659 746 5062
695 17106 694 5112
757 17896 746 5063
733 17545 733 5069
708 17065 707 5083
782 18634 746 5062
747 17766 746 5065
748 18003 707 5080
752 18412 694 5086
753 17926 746 5063
746 18062 746 5063
746 17782 746 5065
752 18412 694 5086
782 18634 746 5062
746 17782 746 5065
782 18634 746 5062
782 18634 746 5062
752 18412 694 5086
746 17782 746 5065
746 17782 746 5065
823 18854 771 5060
807 18960 771 5060
769 19052 746 5062
720 16925 720 5083
700 17044 694 5112
695 17128 694 5112
723 17303 719 5110
747 17776 746 5065
722 17493 694 5104
726 17703 694 5087
720 17512 694 5093
720 17130 720 5077
759 18621 733 5068
736 17954 707 5081
743 18085 707 5080
744 17593 733 5069
752 18442 694 5086
782 18644 746 5062
710 17551 707 5083
772 18792 720 5074
771 19020 746 5062
735 17496 707 5087
746 17796 746 5065
734 17530 733 5071
779 18965 746 5062
756 17981 746 5063
731 17540 720 5075
732 18064 707 5081
761 18522 733 5068
780 18660 746 5062
766 17974 746 5063
745 18888 720 5074
764 18503 733 5068
771 18465 733 5068
752 18442 694 5086
831 18868 771 5061
807 19017 771 5060
787 19848 746 5062
720 16955 720 5083
718 17189 694 5112
712 17570 694 5112
746 17836 746 5065
760 18298 707 5081
787 19088 720 5074
770 18932 694 5086
807 19017 771 5060
740 17375 733 5077
729 17994 694 5095
792 19511 733 5068
734 17538 733 5071
729 17654 707 5089
797 19407 746 5062
743 17599 720 5075
756 18597 707 5080
732 17441 720 5077
761 18091 746 5063
732 17559 707 5106
746 17518 694 5093
807 19017 771 5060
727 17658 707 5106
753 18493 707 5081
747 17274 720 5081
737 17900 694 5092
746 17799 733 5069
735 17861 694 5093
731 17938 694 5087
735 17675 720 5075
746 17809 707 5087
842 19557 746 5062
807 19186 771 5060
796 19818 733 5068
772 18889 694 5088
737 17359 720 5083
726 17785 694 5112
720 17360 720 5094
772 18664 707 5080
734 18002 694 5095
799 19619 746 5062
824 19703 733 5068
791 19226 720 5074
750 18015 746 5065
752 17988 733 5069
778 18321 694 5087
733 17476 720 5077
741 17589 733 5071
738 17876 707 5089
781 17966 694 5087
761 17851 746 5065
722 17372 720 5083
735 18161 720 5075
743 17983 694 5089
744 18053 720 5075
801 19213 746 5063
758 17895 746 5065
804 19576 746 5062
740 18075 720 5075
827 19691 746 5062
820 19226 771 5060
799 19717 746 5062
754 17719 733 5071
743 18055 694 5089
736 18156 694 5100
731 18198 721 5093
780 18959 694 5087
768 17930 707 5100
802 19410 720 5074
798 18534 707 5087
774 18581 746 5065
737 17777 720 5077
746 17753 746 5071
752 18161 733 5069
776 19385 707 5082
754 18096 733 5070
778 19294 707 5081
747 17803 733 5071
827 19359 746 5063
836 18439 746 5069
820 19288 771 5060
796 19921 694 5087
754 18356 694 5116
747 17831 746 5080
738 18208 721 5099
756 18875 694 5089
809 19430 758 5068
832 19184 771 5066
770 18723 707 5089
766 18522 733 5071
793 17891 745 5073
739 17901 720 5077
749 18371 694 5112
753 18111 733 5076
776 18339 694 5095
750 18180 707 5098
827 19370 746 5064
815 19647 694 5087
743 18431 694 5095
821 19546 720 5075
819 19883 720 5074
795 19436 707 5082
767 18216 733 5070
865 19968 771 5061
862 20076 771 5060
803 20725 694 5087
763 18511 694 5095
756 18658 707 5106
754 17896 746 5080
739 17997 720 5081
767 18462 733 5070
834 19209 694 5089
814 19776 707 5088
760 18277 707 5098
743 18087 720 5077
746 17929 720 5080
880 20632 798 5064
786 18812 694 5104
766 18860 694 5112
745 18189 720 5080
790 18965 707 5098
821 19065 733 5075
786 19255 733 5071
752 18396 747 5079
776 18309 720 5077
789 18491 745 5072
769 18554 745 5075
844 19446 720 5078
809 20273 760 5072
789 19334 694 5112
775 18249 732 5094
755 18714 734 5093
757 18373 720 5083
822 19181 732 5078
897 20851 720 5081
792 20106 720 5083
759 18598 734 5084
849 20596 720 5083
825 19431 747 5087
819 19813 747 5085
