7 0.0959322
1215 30832 1059 5378
1025 25545 975 5276
1173 30216 1029 5272
1037 25002 911 5280
1081 28145 971 5337
1224 30246 985 5296
1165 27647 1018 5351
1106 28533 1092 5298
1172 28937 1065 5325
1153 30054 995 5337
1077 27819 1024 5368
1076 27181 955 5381
990 25351 928 5357
946 24589 908 5357
1034 24750 823 5330
1165 29456 994 5327
1129 29333 971 5323
1210 29652 1051 5318
1061 26936 923 5364
1137 28235 986 5336
963 25073 896 5347
1168 28851 1058 5317
948 25456 832 5263
1099 28244 1020 5342
955 24590 885 5396
1058 28337 999 5322
1028 25925 1009 5320
1101 29032 992 5289
1124 29466 928 5306
1088 27306 992 5359
1190 30539 1002 5319
1051 27019 1000 5304
985 25981 942 5331
1125 28364 1016 5305
1069 26677 1052 5383
1006 26262 899 5336
991 25758 970 5336
1055 27622 1027 5331
1123 28644 1016 5329
1129 29083 1055 5311
1059 27142 892 5369
1124 28481 927 5266
1045 25466 987 5306
1053 27694 1022 5246
1047 26193 1047 5318
1085 27835 949 5340
1106 28578 925 5383
1200 30689 1026 5355
1091 27666 1028 5412
1151 29233 979 5343
1015 26065 943 5325
1095 27618 1010 5345
1059 27246 984 5371
1082 28918 1024 5306
1153 28802 1013 5334
1222 30922 1033 5323
1062 26917 1000 5357
1034 26651 930 5339
1024 24503 949 5318
1092 28224 1012 5371
1186 29967 960 5318
1167 30397 1075 5350
1172 28769 1172 5366
1068 28781 929 5317
1214 31379 1067 5389
1134 28250 1014 5379
1009 26686 961 5429
1064 26485 970 5299
1083 27332 1003 5367
1064 26663 1000 5320
1134 28524 952 5308
1104 29130 989 5372
1220 30588 920 5344
1158 30577 1028 5336
1144 29134 1095 5350
1074 28690 1072 5376
999 25492 958 5321
1089 28286 1052 5342
1156 29984 1004 5371
1165 28333 1010 5364
1000 26313 920 5259
1067 27931 1011 5242
998 25369 937 5425
1089 27925 948 5344
1110 28794 1029 5362
1138 28697 949 5350
1138 27893 993 5383
1011 25251 962 5371
1123 27742 1049 5346
1136 29835 1081 5345
1142 28687 1102 5346
1054 26267 1007 5307
1090 28588 919 5348
1058 25765 1036 5347
1064 25300 955 5319
1102 29063 888 5339
1159 30809 963 5370
1146 30314 1060 5320
979 25534 885 5302
1107 28341 980 5324
