0 0.210093
1320 34107 1176 5270
1103 27683 966 5512
1050 27770 941 5379
1046 25178 1014 5424
988 26236 982 5440
1148 30282 1088 5303
1080 27570 1023 5318
1110 27057 974 5400
1049 25542 1001 5330
1430 35269 1259 5310
1142 27852 963 5407
1090 26380 1063 5334
1062 27707 1041 5468
1055 26655 1052 5347
1222 32061 1112 5318
1277 31043 1124 5321
1225 30445 1191 5325
1244 31657 1127 5324
1148 30786 1018 5394
1193 29464 1012 5348
1168 28937 1086 5327
1070 27289 1014 5434
1105 26875 1004 5417
1139 29802 998 5414
1139 28700 1047 5369
1066 27740 1010 5442
1243 30231 1038 5327
1145 28069 1050 5365
1118 30643 1048 5335
1085 28195 1007 5399
1128 29124 1041 5329
1085 27909 1047 5412
1346 33512 1003 5413
1257 31803 1001 5504
1255 32159 1202 5318
1115 26823 1058 5356
1071 27411 1062 5479
1289 32495 1178 5324
1219 30509 1153 5336
1233 31963 1120 5340
1180 28973 1008 5442
1155 29911 1060 5353
1102 27843 1077 5342
1116 29147 1024 5419
1135 27641 1021 5458
1247 31438 1045 5388
1093 26921 1061 5374
1081 27253 1067 5405
1111 28351 1039 5413
1128 28135 1053 5401
1255 31257 1051 5402
1084 27489 1043 5436
1084 28090 1059 5387
1073 27299 1060 5461
1115 28351 1052 5364
1109 27866 1051 5419
1103 28240 1042 5413
1073 27616 1064 5402
1092 27865 1023 5440
1325 34494 1204 5325
1259 31326 1234 5336
1209 30507 1040 5448
1131 27148 1084 5408
1082 27646 1082 5471
1267 32426 1149 5341
1242 32292 1168 5345
1165 29292 1132 5362
1102 29434 1094 5346
1317 31598 1201 5339
1231 31801 1207 5341
1294 31917 1049 5407
1094 27268 1075 5377
1118 29953 1072 5392
1200 28838 1135 5360
1195 31553 1046 5460
1107 28481 1058 5446
1182 29491 1080 5361
1147 27178 1147 5370
1115 27927 1085 5371
1106 29014 1045 5466
1115 28859 1072 5427
1132 28739 1054 5451
1160 30830 1076 5362
1137 28879 1060 5391
1138 29354 1051 5436
1144 28510 1071 5406
1160 29357 1061 5372
1103 28790 1071 5430
1144 30157 1052 5372
1132 27487 1080 5372
1356 34709 1051 5505
1339 34762 1280 5341
1230 30943 1049 5536
1165 27651 1080 5383
1104 29224 1094 5402
1266 31801 1183 5347
1349 32311 1144 5349
1259 30992 1222 5348
1172 29520 1060 5459
1108 28422 1095 5491
1246 29071 1160 5371
1136 29986 1074 5437
1240 30490 1063 5380
1113 27907 1083 5417
1163 28916 1070 5449
1187 31065 1132 5351
1155 28045 1128 5404
1208 32054 1153 5347
1152 27663 1099 5427
1149 27776 1111 5445
1223 31190 1095 5356
1139 29393 1057 5498
1114 28534 1114 5396
1125 29049 1125 5388
1145 30065 1122 5382
1158 29281 1104 5373
1204 29637 1086 5363
1206 29511 1152 5372
1216 30996 1078 5368
1197 30712 1095 5365
1219 30637 1084 5369
1163 29002 1067 5399
1142 29218 1079 5383
1130 28506 1075 5392
1204 30832 1112 5359
1194 29555 1116 5356
1153 28440 1088 5381
1191 31189 1081 5363
1204 30538 1052 5396
1163 30999 1057 5374
1187 30970 1122 5358
1129 29532 1129 5355
1131 30750 1074 5403
1128 29576 1086 5403
1339 32660 1221 5349
1205 30600 1053 5414
1184 28127 1169 5469
1182 30544 1064 5491
1122 28173 1116 5469
1267 31880 1207 5354
1219 32452 1077 5384
1241 31228 1079 5368
1171 29131 1171 5407
1246 31498 1076 5400
1163 29441 1159 5379
1203 30856 1096 5373
1257 30165 1112 5385
1133 28962 1112 5451
1153 28578 1128 5418
1139 29042 1087 5447
1208 31276 1096 5365
1143 29223 1082 5456
1174 29627 1106 5391
1144 28679 1127 5424
1168 30442 1129 5389
1192 30572 1135 5362
1195 29548 1123 5379
1201 29854 1070 5409
1163 29977 1137 5356
1142 29157 1100 5441
1177 29183 1148 5399
1127 30299 1102 5431
1141 29262 1119 5429
1179 29186 1141 5398
1148 30302 1092 5407
1133 29783 1093 5433
1181 28582 1102 5433
1147 30050 1081 5425
1148 29096 1075 5409
1155 29243 1091 5400
1146 29258 1117 5395
1349 33841 1275 5351
1312 34288 1094 5379
1256 30737 1062 5490
1239 28644 1139 5429
1178 30246 1102 5498
1132 29870 1126 5481
1288 34177 1242 5354
1209 29231 1197 5408
1227 32818 1142 5364
1273 32287 1128 5372
1221 31079 1080 5413
1213 31976 1122 5379
1264 32550 1084 5409
1183 29745 1181 5390
1149 29450 1120 5455
1172 30092 1104 5471
1154 28873 1138 5445
1234 31450 1069 5423
1193 31628 1132 5397
1251 30948 1158 5359
1199 30455 1185 5367
1138 30079 1131 5466
1202 29795 1163 5392
1166 28887 1159 5434
1257 32753 1112 5386
1212 29941 1071 5421
1157 30366 1093 5410
1141 29429 1129 5437
1212 29219 1134 5432
1204 30138 1155 5381
1203 29570 1099 5438
1190 31360 1114 5406
1229 30661 1151 5396
1163 30127 1106 5461
1189 29646 1087 5459
1243 32769 1096 5369
1161 29883 1110 5413
1188 29543 1150 5418
1210 30257 1162 5356
1195 29728 1113 5419
1240 30700 1144 5370
1232 31075 1125 5393
1177 30122 1158 5378
1155 30773 1129 5407
1187 28773 1112 5433
1186 30669 1115 5401
1192 30997 1088 5435
1236 30478 1134 5387
1270 32762 1095 5402
1186 30492 1120 5404
1176 29856 1144 5436
1242 30222 1121 5391
1177 30144 1137 5403
1200 30527 1126 5401
1165 29538 1158 5435
1201 31049 1095 5405
1390 36860 1106 5397
1302 33478 1070 5525
1250 32073 1086 5545
1240 30478 1162 5358
1239 30383 1220 5382
1202 29212 1163 5457
1161 29701 1125 5457
1282 34185 1109 5374
1307 32153 1148 5390
1181 30675 1115 5503
1260 30418 1202 5364
1205 29691 1110 5479
1251 33543 1089 5468
1231 32962 1145 5365
1263 31837 1151 5400
1267 32735 1086 5447
1196 29234 1185 5473
1229 29700 1216 5436
1281 32822 1082 5427
1203 30326 1167 5412
1196 30516 1196 5401
1205 31424 1093 5453
1277 31166 1132 5419
1193 30936 1137 5402
1211 30513 1174 5373
1191 30750 1161 5406
1221 29984 1097 5442
1223 30736 1158 5418
1252 30902 1151 5414
1168 29900 1147 5438
1211 29789 1178 5429
1172 30033 1148 5433
1177 31155 1106 5448
1198 30503 1098 5454
1271 31980 1098 5431
1228 32078 1105 5429
1176 30161 1120 5470
1176 30106 1142 5429
1175 30807 1122 5451
1185 29504 1185 5453
1217 30488 1147 5422
1200 30466 1184 5400
1186 30417 1114 5427
1269 32810 1132 5392
1225 29566 1175 5453
1180 30165 1123 5430
1218 29889 1178 5393
1207 30696 1177 5392
1195 30014 1132 5425
1332 33352 1231 5361
1324 35039 1162 5371
1298 33302 1084 5466
1244 29640 1169 5457
1229 30319 1136 5520
1174 31851 1126 5470
1255 34186 1106 5444
1211 29974 1187 5482
1294 33487 1133 5426
1189 30860 1177 5508
1262 33439 1094 5460
1268 32105 1208 5374
1277 32920 1122 5437
1311 32404 1182 5379
1310 33360 1139 5402
1213 32711 1132 5431
1286 32995 1143 5411
1269 31369 1187 5365
1249 32156 1106 5454
1248 31705 1115 5451
1186 31254 1127 5436
1329 32458 1229 5364
1220 30520 1152 5476
1209 31491 1147 5405
1193 30817 1155 5480
1261 33144 1184 5372
1224 30709 1224 5384
1251 30985 1218 5394
1198 30760 1160 5451
1178 31155 1158 5452
1197 31871 1151 5414
1234 30007 1196 5430
1244 31742 1175 5396
1252 33020 1109 5452
1266 30754 1220 5392
1216 30354 1204 5414
1237 30942 1197 5405
1210 31165 1139 5418
1254 30841 1168 5389
1224 30549 1173 5440
1231 30255 1184 5412
1250 31521 1230 5370
1325 32837 1136 5393
1241 31024 1176 5382
1230 31254 1147 5409
1237 30368 1144 5468
1232 30040 1178 5415
1210 30044 1174 5430
1217 31059 1182 5386
1216 31048 1163 5448
1188 30976 1148 5477
1218 30664 1141 5452
1252 30398 1228 5393
1250 30950 1120 5440
1210 31026 1118 5454
1217 31151 1184 5378
1210 30759 1129 5481
1249 31052 1163 5445
1456 39146 1171 5390
1355 35053 1333 5366
1268 33114 1106 5489
1262 30034 1196 5471
1256 32269 1116 5495
1186 31324 1186 5438
1414 37087 1250 5368
1309 31841 1292 5369
1385 34271 1110 5453
1408 36915 1140 5413
1303 30233 1282 5442
1304 34007 1115 5473
1271 31386 1119 5470
1221 30393 1220 5421
1253 32013 1126 5480
1263 32159 1164 5406
1212 31170 1174 5459
1234 31283 1228 5418
1244 32540 1131 5449
1205 31012 1182 5471
1246 32021 1147 5412
1286 32425 1209 5377
1210 32164 1174 5426
1237 31508 1213 5399
1290 32208 1188 5373
1231 31592 1158 5443
1250 31580 1177 5384
1217 31381 1139 5445
1307 32134 1240 5370
1212 30898 1196 5487
1255 31145 1237 5393
1246 31659 1204 5398
1247 31443 1199 5393
1268 30614 1211 5415
1250 30701 1193 5423
1289 32413 1189 5381
1261 32086 1203 5379
1211 31926 1133 5443
1244 31822 1159 5413
1238 30969 1176 5450
1249 30793 1207 5442
1254 31337 1183 5416
1209 32087 1185 5450
1405 37573 1172 5418
1296 32758 1130 5470
1290 33663 1203 5374
1258 30875 1199 5429
1257 31732 1246 5405
1234 32289 1144 5493
1213 31459 1198 5487
1312 34040 1133 5453
1250 33190 1223 5395
1239 31880 1239 5428
1300 32231 1191 5407
1243 32555 1188 5436
1216 31628 1216 5476
1286 33599 1177 5388
1245 31271 1209 5456
1223 32093 1150 5460
1256 32468 1165 5447
1220 32587 1206 5486
1257 32295 1181 5418
1259 31609 1159 5465
1283 31721 1228 5415
1256 32160 1231 5388
1269 32234 1178 5384
1266 32645 1150 5442
1269 32896 1152 5430
1245 31854 1219 5452
1259 31951 1197 5449
1270 32015 1152 5455
1283 32388 1153 5429
1293 31912 1200 5395
1268 32239 1199 5400
1264 31706 1154 5466
1290 32148 1214 5395
1223 31626 1155 5454
1351 32373 1270 5394
1300 33902 1205 5377
1273 33934 1200 5390
1265 31352 1208 5465
1255 32184 1160 5469
1238 31676 1166 5471
1327 32639 1198 5429
1259 33563 1259 5407
1275 31760 1249 5431
1306 32763 1190 5384
1296 33576 1178 5440
1331 32275 1190 5411
1258 33055 1186 5422
1298 32103 1228 5406
1255 32326 1183 5461
1249 32276 1243 5436
1250 31991 1181 5465
1291 33787 1183 5395
1293 32929 1216 5438
1270 33761 1218 5421
1272 32311 1220 5396
1300 32731 1217 5401
1272 33685 1244 5389
1274 33754 1212 5385
1376 34834 1193 5385
1372 35702 1183 5481
1330 33286 1308 5393
1290 32487 1264 5433
1283 32914 1207 5508
1247 33059 1191 5489
1346 33032 1228 5425
1292 32746 1270 5413
1286 34587 1253 5421
1275 33112 1200 5470
1306 32945 1306 5396
1281 33665 1186 5454
1374 34884 1195 5442
1320 33909 1197 5395
1307 32831 1250 5397
1309 33413 1214 5387
1308 33200 1223 5406
1309 33844 1203 5422
1319 32780 1201 5441
1294 33298 1196 5423
1278 33119 1193 5450
1462 36359 1200 5455
1320 33136 1254 5436
1314 33433 1219 5394
1290 33412 1235 5476
1285 33185 1245 5452
1326 33173 1203 5447
1287 34116 1231 5460
1313 33653 1208 5436
1300 34028 1231 5453
1395 34728 1227 5394
1391 36423 1252 5404
1369 36411 1302 5397
1335 34548 1214 5449
1332 33568 1279 5462
1316 34477 1261 5481
1321 34004 1219 5438
1342 34468 1229 5406
1346 33832 1261 5448
1320 34120 1236 5447
1317 34526 1245 5481
1317 34107 1280 5398
1333 33618 1228 5452
1434 35227 1251 5412
1418 36551 1220 5471
1358 35875 1303 5398
1342 33622 1270 5495
1334 35688 1333 5403
1322 35029 1277 5443
1389 34322 1313 5430
1342 35519 1251 5483
1384 35568 1248 5416
1373 34750 1308 5435
1351 34611 1328 5425
1368 34681 1327 5410
1388 35445 1329 5434
1363 35649 1285 5448
1415 37810 1329 5451
1388 36408 1334 5458
1369 35874 1309 5471
1441 36420 1342 5514
1212 31667 1112 5278
1194 29065 1165 5297
1080 25270 1014 5405
1049 27520 937 5465
1009 26089 1008 5391
1124 29788 1069 5333
1163 29683 1129 5304
1047 26340 966 5367
1014 27408 986 5360
1086 28195 1086 5337
1118 28697 1090 5320
1108 28380 1074 5325
1116 27602 1116 5355
1113 27803 1009 5337
1241 31073 1125 5328
1235 30947 1187 5302
1233 30688 968 5446
1232 31913 1126 5290
1106 27789 995 5479
1088 26003 1084 5462
1050 26293 1048 5396
1152 29323 974 5431
1078 27525 1021 5369
1111 28413 1100 5363
1215 28587 1122 5357
1200 31489 1065 5367
1108 27020 1062 5393
1147 28962 1112 5340
1063 26676 1005 5448
1184 30848 1020 5390
1134 27735 993 5419
1178 28732 1078 5340
1057 28108 997 5416
1135 30075 970 5411
1071 26479 1015 5404
1162 28955 1103 5334
1155 29983 1084 5350
1125 28018 1104 5368
1132 28602 1087 5353
1194 30575 1077 5368
1191 31080 1014 5409
1181 31206 1102 5331
1156 30897 1108 5347
1197 30720 1073 5357
1066 26628 1005 5411
1245 32833 1190 5315
1143 29009 993 5432
1115 28687 1001 5463
1114 26951 1058 5454
1079 27608 1079 5396
1234 32192 1109 5334
1081 27476 1071 5417
1163 31226 1023 5411
1181 29994 1181 5346
1184 30711 1040 5376
1214 31806 1086 5344
1174 29608 1122 5360
1205 30264 1161 5335
1173 29878 1130 5361
1209 28016 1148 5374
1119 27540 1040 5438
1132 28629 1046 5370
1237 31680 1101 5340
1139 29278 1031 5397
1165 29229 1161 5366
1113 28920 1014 5413
1093 27589 1032 5385
1238 30481 1111 5335
1128 28348 1029 5411
1104 28138 1092 5378
1104 27696 1104 5379
1092 28398 1074 5397
1126 29061 1124 5367
1116 27981 1090 5382
1116 28918 1087 5380
1350 33202 1209 5347
1339 34515 1209 5327
1333 33126 1293 5332
1216 27641 1116 5452
1170 30053 1013 5434
1142 30729 1022 5507
1097 28172 1091 5393
1289 33397 1243 5341
1259 32747 1102 5351
1227 31359 1227 5353
1112 27745 1068 5480
1118 28489 1065 5455
1098 28300 1046 5467
1207 30956 1191 5355
1344 33045 1220 5342
1205 28759 1032 5419
1197 30423 1156 5366
1141 28136 1072 5412
1177 29214 1056 5383
1107 27664 1047 5484
1107 28110 1106 5436
1231 31131 1183 5357
1121 28818 1042 5428
1169 28034 1163 5381
1137 30557 1027 5462
1243 31616 1174 5358
1242 32186 1070 5379
1252 31739 1026 5422
1210 29656 1146 5369
1156 28912 1100 5377
1249 32238 1097 5366
1161 28849 1088 5376
1247 32675 1105 5348
1193 30196 1125 5368
1161 29776 1054 5382
1183 30511 1141 5360
1191 31220 1047 5393
1183 30115 1134 5372
1129 28232 1050 5389
1254 31723 1210 5348
1149 29385 1093 5373
1144 29435 1119 5382
1109 28108 1093 5413
1146 28896 1132 5385
1141 29701 1126 5388
1140 28144 1140 5386
1129 27646 1106 5452
1374 35649 1200 5365
1371 38383 1351 5332
1231 30345 1021 5460
1147 27799 1078 5521
1110 27961 1048 5486
1340 34300 1109 5381
1356 35124 1261 5339
1283 32088 1275 5351
1303 33431 1079 5389
1256 32320 1212 5363
1278 32223 1244 5364
1294 32911 1265 5348
1203 29509 1159 5384
1182 29034 1043 5428
1211 30490 1022 5450
1224 31464 1155 5373
1238 32869 1144 5370
1137 28562 1091 5465
1288 32409 1232 5349
1282 31049 1206 5355
1190 30711 1127 5375
1197 31749 1062 5395
1184 28585 1052 5439
1146 28386 1084 5414
1120 28994 1094 5397
1151 29233 1053 5456
1153 29416 1065 5408
1146 29175 1075 5424
1156 28648 1063 5425
1169 29119 1058 5398
1193 29775 1124 5377
1172 30444 1047 5444
1137 30371 1137 5389
1123 28928 1058 5446
1236 32433 1211 5364
1132 29844 1089 5445
1210 28399 1118 5395
1145 28254 1145 5427
1184 31066 1122 5385
1211 30254 1156 5371
1190 28337 1149 5409
1132 28918 1094 5427
1136 28385 1109 5401
1203 29468 1121 5387
1153 28647 1093 5401
1189 30430 1119 5383
1147 28993 1079 5391
1148 28452 1146 5389
1365 34425 1049 5452
1358 36858 1163 5375
1332 32917 1240 5351
1297 31613 1278 5369
1169 30142 1054 5511
1141 28298 1132 5498
1136 29834 1115 5451
1138 29462 1100 5480
1321 33231 1268 5368
1304 32866 1053 5456
1243 33681 1144 5387
1268 31007 1075 5422
1275 33216 1220 5372
1319 34088 1058 5413
1233 29457 1177 5397
1152 29048 1096 5404
1208 32337 1066 5418
1148 29197 1105 5415
1220 29786 1200 5384
1174 30065 1094 5433
1162 28432 1138 5436
1320 32543 1230 5369
1299 31909 1135 5386
1216 30863 1191 5377
1200 31632 1188 5380
1192 31523 1172 5382
1143 28765 1133 5410
1303 33263 1233 5371
1207 31199 1162 5393
1323 33200 1176 5373
1222 30227 1155 5384
1176 30201 1062 5442
1164 29357 1092 5439
1192 28999 1117 5408
1182 28966 1182 5394
1168 30357 1089 5422
1183 30401 1059 5435
1212 31291 1192 5374
1184 30388 1074 5441
1170 30937 1082 5416
1200 30359 1058 5456
1184 29805 1121 5394
1209 30166 1155 5389
1302 31395 1142 5385
1207 29858 1165 5384
1209 31247 1146 5387
1178 29688 1139 5395
1162 29629 1095 5410
1177 29799 1083 5395
1218 31231 1164 5375
1424 35969 1136 5395
1418 34718 1375 5369
1277 33269 1058 5507
1161 28997 1161 5417
1143 30848 1125 5456
1388 34603 1321 5370
1331 35323 1290 5371
1314 33227 1261 5372
1173 29186 1148 5474
1287 34308 1070 5450
1221 31519 1205 5374
1319 33490 1155 5385
1328 32528 1190 5383
1201 32061 1090 5442
1255 32107 1192 5374
1246 32425 1183 5385
1217 32884 1112 5398
1149 29273 1143 5466
1232 31086 1085 5397
1296 30501 1124 5403
1181 29633 1093 5470
1165 29423 1116 5427
1183 29048 1108 5438
1264 30902 1086 5422
1200 31030 1070 5451
1153 29413 1152 5434
1189 29322 1133 5420
1156 29119 1156 5460
1158 29701 1102 5430
1224 31343 1156 5387
1272 30056 1169 5394
1220 30980 1201 5391
1237 29856 1135 5396
1210 30337 1149 5399
1226 30097 1204 5388
1195 30058 1119 5412
1176 29657 1131 5410
1181 29944 1122 5405
1259 30885 1167 5391
1187 29096 1136 5409
1260 30770 1182 5393
1180 29300 1160 5456
1208 30574 1112 5427
1186 29258 1180 5415
1158 29971 1128 5413
1199 30650 1129 5402
1180 30387 1174 5404
1155 29851 1151 5412
1163 31448 1153 5409
1204 30379 1145 5397
1186 30740 1177 5400
1161 29680 1113 5430
1180 30620 1102 5403
1222 29170 1204 5401
1156 30054 1123 5417
1181 30146 1125 5403
1187 30247 1180 5397
1188 30918 1156 5397
1219 30610 1123 5396
1422 37362 1263 5373
1358 34157 1301 5378
1256 32873 1087 5488
1202 30472 1101 5489
1185 29235 1185 5459
1160 30222 1149 5431
1294 34334 1162 5392
1362 33860 1203 5383
1306 33842 1288 5382
1335 33392 1261 5379
1264 32122 1128 5408
1222 29645 1222 5402
1242 31574 1242 5392
1162 30118 1116 5479
1177 29678 1154 5465
1257 30817 1245 5393
1344 33017 1103 5454
1320 33607 1113 5400
1291 33725 1152 5403
1179 32567 1114 5449
1188 29825 1105 5475
1195 31389 1126 5439
1249 33404 1099 5408
1244 31683 1213 5384
1213 29582 1213 5412
1230 31923 1167 5389
1297 31500 1146 5396
1226 30695 1187 5397
1218 31152 1128 5448
1196 29640 1169 5455
1318 33671 1124 5406
1199 30354 1179 5424
1202 29606 1195 5451
1235 30726 1156 5406
1230 29952 1104 5437
1233 31761 1116 5418
1190 30931 1153 5420
1206 29959 1137 5424
1186 30957 1152 5429
1187 29293 1178 5478
1210 30255 1201 5407
1161 29724 1133 5437
1215 29392 1138 5462
1233 29434 1120 5478
1179 30651 1129 5463
1207 31170 1150 5411
1205 31391 1103 5477
1194 31768 1109 5410
1216 30534 1144 5409
1189 31133 1162 5407
1231 31735 1110 5429
1214 30359 1144 5419
1201 30453 1166 5404
1199 30386 1196 5410
1177 31767 1106 5460
1215 33017 1128 5404
1218 30398 1107 5459
1378 34946 1240 5383
1283 31577 1279 5403
1230 31030 1105 5453
1210 30863 1124 5512
1205 29253 1199 5459
1193 31562 1146 5437
1319 34132 1191 5398
1253 33093 1199 5392
1239 31415 1226 5422
1289 32247 1257 5384
1216 30928 1113 5502
1291 31845 1213 5389
1217 29971 1217 5441
1199 30508 1125 5483
1265 32768 1217 5411
1199 30308 1156 5475
1256 30486 1185 5412
1196 31268 1175 5454
1219 31838 1142 5430
1232 30829 1106 5466
1208 30190 1129 5479
1278 32164 1150 5411
1285 32565 1208 5404
1215 32008 1113 5463
1194 32079 1123 5448
1263 32152 1109 5431
1227 30128 1158 5431
1219 30603 1171 5436
1209 31526 1202 5448
1223 32434 1127 5418
1224 31437 1195 5414
1289 32546 1199 5406
1280 31705 1215 5391
1208 31807 1168 5418
1224 30720 1144 5440
1193 30211 1169 5455
1282 30778 1158 5416
1255 32082 1127 5416
1332 33719 1125 5441
1291 32154 1291 5396
1258 33627 1207 5393
1255 30376 1159 5441
1244 32348 1105 5482
1212 30382 1212 5507
1195 31408 1182 5472
1329 31722 1248 5406
1206 30953 1147 5489
1225 30660 1165 5504
1283 33304 1214 5396
1308 31932 1228 5398
1263 32905 1204 5418
1288 33504 1159 5428
1248 31482 1107 5473
1226 30977 1167 5442
1233 31153 1201 5440
1279 31579 1151 5454
1269 31157 1233 5412
1320 32510 1222 5410
1295 33697 1119 5452
1304 32816 1235 5394
1318 32555 1118 5456
1305 31722 1195 5414
1219 32170 1219 5460
1295 32746 1133 5433
1222 30687 1177 5441
1238 32281 1219 5416
1311 32184 1151 5422
1267 32110 1174 5430
1236 32303 1150 5465
1280 33562 1134 5424
1229 32712 1173 5433
1268 31970 1178 5419
1279 33569 1142 5452
1268 32141 1112 5469
1280 32308 1182 5414
1291 32838 1173 5413
1251 32428 1205 5414
1252 30966 1114 5471
1389 34092 1196 5425
1367 35531 1189 5417
1350 34984 1248 5394
1304 33494 1294 5405
1295 35214 1158 5470
1280 31019 1202 5447
1218 31595 1199 5483
1302 34334 1217 5410
1327 32849 1250 5398
1317 31964 1264 5399
1227 31165 1169 5471
1342 31942 1269 5413
1378 34225 1233 5402
1258 31524 1180 5455
1337 34046 1183 5438
1262 31200 1214 5449
1274 32613 1194 5438
1275 33411 1177 5462
1240 31022 1201 5478
1307 32277 1237 5431
1288 33061 1235 5422
1245 32403 1158 5479
1249 31662 1243 5441
1249 31848 1180 5468
1307 33491 1173 5452
1335 33060 1244 5406
1278 33394 1191 5452
1348 34194 1200 5427
1250 32492 1234 5426
1291 32430 1212 5416
1306 32396 1243 5430
1278 32357 1245 5415
1288 32444 1244 5416
1291 32355 1195 5447
1401 35915 1309 5401
1317 33932 1315 5400
1251 33052 1161 5485
1240 31183 1240 5477
1345 33407 1276 5406
1315 34396 1282 5414
1304 34992 1199 5443
1317 31914 1207 5462
1278 32474 1262 5418
1291 33625 1192 5470
1318 33002 1259 5431
1344 34710 1234 5449
1308 33653 1236 5423
1325 34789 1203 5439
1314 34096 1257 5419
1280 32092 1228 5463
1298 32688 1200 5454
1314 34633 1180 5478
1279 32403 1177 5482
1328 33453 1280 5405
1327 32303 1228 5456
1299 32216 1193 5457
1416 33777 1223 5463
1367 33133 1316 5418
1330 34667 1245 5432
1299 33910 1181 5524
1295 32618 1192 5497
1285 34067 1285 5423
1346 33711 1304 5442
1385 34279 1257 5456
1311 34158 1209 5467
1331 32935 1280 5444
1347 34344 1237 5459
1316 34514 1270 5431
1327 32948 1216 5484
1297 33067 1213 5496
1290 32971 1262 5443
1408 34782 1315 5426
1363 34959 1289 5425
1342 33734 1342 5481
1318 34578 1239 5472
1369 34707 1296 5429
1448 38192 1257 5476
1432 37532 1405 5427
1387 35114 1278 5487
1396 35510 1305 5463
1407 35765 1291 5482
1414 36216 1355 5508
1221 29662 1145 5313
1173 30104 1166 5311
1017 25032 951 5419
1013 26846 976 5395
1133 29658 1003 5378
1022 25310 1022 5328
1144 27912 1112 5320
1047 28465 955 5411
1032 26359 970 5415
1044 27394 1014 5388
1166 29957 975 5405
1168 27946 954 5402
1350 33110 1159 5320
1320 32121 1318 5311
1130 27970 978 5413
1117 26755 1043 5404
1073 27557 997 5488
1047 27098 1047 5380
1230 31382 1196 5320
1253 31625 1020 5398
1128 30219 1096 5339
1100 28729 1012 5438
1117 29376 1066 5349
1198 31888 1156 5334
1212 30826 1128 5321
1179 29305 1049 5336
1083 27476 1083 5372
1232 30863 1174 5320
1095 28212 1019 5417
1155 27693 1042 5363
1067 28849 1061 5378
1090 28678 1039 5387
1215 30810 1027 5382
1083 27628 1014 5437
1113 28474 1026 5401
1149 27827 1028 5401
1134 26866 1048 5338
1069 26950 1042 5411
1301 33471 1213 5322
1139 28482 1017 5413
1089 28149 1035 5483
1072 27149 1042 5431
1229 30829 1161 5333
1240 27358 1111 5426
1113 28239 1033 5470
1139 29636 1139 5362
1223 32709 1080 5344
1235 31963 1051 5353
1205 31407 1043 5402
1163 30118 1127 5339
1206 29623 1089 5375
1128 28883 1029 5422
1148 27945 1127 5345
1218 31129 1057 5383
1188 28167 1024 5415
1142 28901 1072 5382
1167 27788 1124 5348
1119 27551 1097 5386
1134 30444 1094 5338
1181 30318 1048 5390
1095 29305 1037 5426
1174 27492 1111 5401
1121 27679 1081 5427
1187 30766 1086 5348
1234 30780 1083 5355
1172 29313 1046 5407
1177 29538 1094 5349
1099 27825 1067 5411
1104 27860 1054 5399
1135 27398 1066 5406
1141 29475 1058 5388
1096 28140 1076 5397
1115 28149 1062 5386
1111 28319 1076 5394
1109 28174 1078 5383
1224 28376 1076 5383
1102 28161 1050 5395
1444 35505 1393 5326
1199 31345 1030 5422
1146 27282 1123 5453
1127 29275 1044 5468
1083 27856 1048 5441
1243 32393 1220 5339
1301 34500 1054 5367
1228 33694 1107 5353
1272 34480 1180 5338
1131 27604 1048 5447
1174 28455 1067 5431
1266 32151 1178 5342
1119 29168 1077 5416
1249 31699 1218 5337
1252 31488 1210 5333
1170 28134 1128 5375
1216 30333 1197 5344
1200 31005 1093 5360
1188 30333 1095 5381
1158 28771 1092 5396
1207 30644 1207 5345
1144 29365 1106 5400
1130 29444 1128 5412
1268 29756 1216 5351
1191 29168 1158 5366
1150 28643 1046 5433
1194 30268 1109 5372
1164 30803 1063 5399
1211 30294 1170 5349
1257 31399 1085 5389
1223 27808 1146 5415
1183 30512 1109 5373
1172 30015 1137 5366
1211 31545 1038 5418
1188 30568 1088 5405
1166 30881 1145 5348
1236 31562 1089 5386
1191 28540 1150 5368
1161 29187 1138 5385
1188 29858 1082 5407
1149 29086 1137 5406
1258 31000 1121 5351
1147 29254 1117 5410
1123 27942 1094 5413
1232 30621 1115 5357
1161 28491 1152 5392
1202 30467 1051 5393
1243 28696 1100 5392
1151 30641 1103 5356
1235 30867 1114 5353
1153 28684 1065 5432
1165 29933 1039 5417
1201 29377 1125 5395
1122 29308 1039 5432
1148 29175 1127 5394
1122 29290 1051 5414
1342 34770 1104 5359
1334 35247 1256 5335
1180 29568 1047 5438
1165 27871 1104 5467
1107 27902 1086 5443
1263 32638 1235 5346
1110 28154 1077 5446
1222 32794 1100 5392
1144 28255 1065 5467
1253 32043 1118 5364
1201 29390 1193 5370
1249 28761 1205 5395
1233 31392 1110 5377
1190 29648 1062 5428
1125 28990 1092 5442
1221 31101 1219 5352
1225 30359 1221 5356
1214 31106 1177 5350
1133 28537 1110 5433
1176 29659 1176 5379
1184 30022 1145 5389
1169 31254 1160 5392
1206 28737 1132 5411
1185 30637 1123 5387
1141 29415 1079 5437
1226 29134 1151 5403
1180 28821 1131 5421
1126 28859 1107 5414
1159 29754 1097 5397
1146 30075 1101 5417
1263 30704 1177 5354
1193 30194 1136 5382
1133 29583 1069 5432
1227 30859 1124 5360
1167 29787 1070 5424
1151 29631 1073 5415
1229 30344 1199 5363
1173 29710 1116 5401
1154 29120 1137 5406
1204 30284 1115 5377
1250 31672 1159 5358
1213 31248 1194 5362
1184 31224 1155 5385
1192 31198 1142 5386
1172 31762 1137 5362
1230 30911 1102 5393
1197 29309 1176 5380
1170 29441 1109 5406
1161 29298 1136 5410
1230 31602 1079 5406
1201 31154 1093 5410
1153 28808 1123 5424
1156 29283 1104 5437
1383 36482 1229 5350
1362 36835 1296 5345
1292 34020 1047 5513
1150 28061 1145 5451
1128 28717 1124 5445
1339 35079 1202 5351
1314 31054 1259 5355
1258 33529 1053 5486
1306 33191 1075 5415
1163 29770 1121 5430
1143 28511 1097 5482
1268 34275 1216 5358
1238 31723 1238 5373
1143 29122 1081 5457
1285 30591 1176 5382
1273 31438 1118 5407
1320 33533 1221 5355
1322 32589 1139 5371
1243 32690 1154 5392
1206 31595 1063 5470
1149 29777 1147 5442
1269 31086 1197 5365
1233 31158 1176 5390
1228 30521 1185 5383
1177 28759 1104 5447
1217 29329 1065 5471
1156 30927 1082 5454
1198 31388 1063 5479
1185 29977 1137 5414
1201 30394 1104 5421
1258 32329 1233 5358
1214 31874 1163 5364
1222 30178 1203 5392
1250 30228 1199 5384
1176 29841 1108 5418
1259 31084 1141 5376
1173 30840 1081 5455
1192 30782 1147 5395
1216 30097 1134 5404
1158 29403 1142 5415
1266 31848 1062 5479
1248 31832 1146 5360
1147 29286 1122 5450
1189 30229 1156 5405
1217 29358 1167 5417
1218 30241 1199 5399
1207 30957 1131 5395
1198 32277 1091 5424
1225 30026 1107 5412
1158 29812 1096 5424
1169 30019 1123 5423
1263 32629 1105 5396
1288 32241 1176 5359
1292 32433 1200 5358
1219 30439 1183 5392
1221 32049 1105 5404
1235 31931 1155 5390
1210 32593 1123 5410
1199 29818 1164 5409
1222 32299 1095 5419
1446 35550 1266 5354
1249 28179 1197 5451
1229 33538 1093 5519
1144 29491 1144 5448
1321 31621 1123 5413
1274 31568 1250 5371
1290 33409 1203 5362
1168 31551 1129 5483
1248 33648 1173 5381
1188 29974 1102 5455
1183 30651 1141 5478
1170 29217 1150 5446
1236 32067 1182 5394
1243 32883 1116 5405
1290 33272 1154 5379
1299 33498 1161 5374
1179 29454 1179 5443
1247 30720 1190 5386
1220 31828 1160 5409
1260 31779 1109 5414
1262 32423 1094 5430
1279 32520 1153 5382
1267 31149 1181 5376
1213 29761 1165 5431
1260 31961 1164 5363
1270 32627 1117 5410
1225 30885 1188 5398
1203 30399 1121 5436
1174 29530 1134 5479
1231 31331 1150 5399
1209 30528 1146 5432
1249 32578 1137 5413
1229 31262 1110 5427
1233 31565 1197 5386
1194 31026 1163 5423
1210 30294 1133 5426
1194 31665 1149 5420
1231 30256 1148 5435
1209 31309 1099 5438
1190 31283 1172 5405
1216 29987 1152 5419
1173 30752 1169 5422
1201 30782 1186 5412
1175 30075 1166 5439
1169 30420 1146 5441
1242 31614 1139 5412
1200 31595 1162 5416
1189 30925 1162 5429
1176 29527 1170 5418
1175 30094 1151 5438
1235 30775 1140 5410
1261 30762 1187 5417
1169 30307 1148 5430
1415 34202 1201 5367
1326 35191 1102 5439
1294 33205 1098 5495
1268 32506 1266 5393
1180 29580 1166 5447
1177 31133 1156 5453
1361 34147 1226 5376
1206 30059 1119 5483
1346 33293 1237 5368
1269 31633 1238 5378
1287 34406 1133 5406
1207 30153 1132 5460
1310 32447 1182 5391
1261 32214 1221 5402
1278 31915 1196 5384
1301 33746 1162 5391
1266 32926 1204 5388
1327 34229 1222 5376
1218 30967 1154 5441
1226 32665 1139 5436
1233 30560 1123 5447
1189 30260 1109 5460
1221 31486 1206 5406
1250 33499 1133 5428
1183 29804 1158 5485
1286 33406 1104 5430
1222 30603 1132 5454
1259 32783 1114 5446
1212 30705 1174 5421
1252 31243 1231 5405
1295 32254 1176 5400
1281 33226 1186 5394
1274 32360 1227 5380
1221 31416 1184 5415
1190 30275 1163 5439
1206 30467 1103 5486
1246 32051 1166 5434
1253 31139 1199 5409
1246 32543 1147 5415
1240 31525 1169 5404
1240 32328 1161 5421
1213 31818 1147 5445
1253 31603 1159 5423
1209 31818 1143 5446
1183 30523 1153 5448
1215 30057 1200 5436
1279 32506 1167 5397
1223 30382 1151 5446
1266 31987 1152 5438
1301 32458 1158 5423
1216 30174 1186 5446
1407 34510 1269 5375
1397 36465 1303 5370
1235 31584 1112 5463
1210 29949 1164 5486
1196 32098 1165 5505
1189 31098 1168 5448
1376 32575 1247 5385
1308 33040 1283 5389
1198 30312 1145 5464
1350 33501 1171 5435
1244 31249 1130 5477
1326 33217 1241 5386
1295 31549 1140 5457
1259 31888 1194 5429
1228 31128 1118 5479
1247 31113 1142 5499
1316 32769 1245 5397
1293 33800 1196 5386
1225 31833 1210 5414
1292 33436 1265 5389
1306 32100 1177 5410
1196 32494 1158 5467
1279 32407 1236 5399
1321 33746 1182 5392
1233 30949 1215 5462
1270 33520 1152 5419
1238 32577 1136 5448
1267 33786 1153 5445
1254 31915 1184 5408
1243 31083 1207 5439
1288 31931 1250 5399
1283 31603 1217 5419
1285 33142 1180 5403
1277 31870 1227 5406
1235 31667 1174 5432
1289 31646 1221 5414
1236 31586 1228 5438
1243 30974 1215 5435
1283 32446 1214 5398
1233 31615 1134 5462
1426 34750 1210 5415
1351 34339 1295 5388
1338 35756 1192 5404
1325 33632 1316 5391
1244 31264 1118 5487
1207 31336 1151 5522
1204 30500 1204 5472
1198 31227 1180 5449
1234 30617 1145 5495
1402 33253 1299 5390
1357 33837 1195 5425
1263 31925 1122 5464
1307 32334 1290 5419
1290 33567 1166 5453
1290 33760 1153 5437
1203 32426 1170 5483
1328 31969 1266 5414
1285 33142 1243 5407
1272 32079 1224 5427
1285 32046 1184 5444
1328 33707 1256 5404
1241 30653 1153 5465
1298 32904 1199 5429
1263 31712 1176 5449
1322 33495 1242 5405
1314 33856 1293 5399
1271 34074 1197 5429
1259 32784 1213 5411
1234 32373 1234 5425
1300 33875 1145 5450
1314 32848 1201 5421
1250 32274 1212 5447
1237 32686 1214 5428
1247 30633 1183 5468
1300 32729 1217 5414
1265 32210 1215 5428
1331 32061 1172 5448
1333 32332 1299 5404
1524 37011 1212 5414
1364 33668 1319 5392
1316 32803 1133 5478
1254 32716 1142 5499
1242 31170 1189 5490
1222 31243 1201 5461
1422 36422 1235 5405
1382 35868 1304 5401
1325 32929 1270 5412
1227 31972 1184 5449
1347 35009 1178 5437
1309 33241 1298 5407
1273 31959 1166 5482
1393 34012 1231 5431
1380 36432 1198 5418
1288 31712 1158 5475
1352 34497 1156 5441
1296 32899 1241 5420
1243 32577 1171 5466
1323 34669 1230 5428
1342 34255 1215 5435
1308 33515 1219 5443
1255 31849 1191 5471
1302 31458 1175 5465
1322 36237 1216 5413
1301 32932 1139 5468
1295 33773 1234 5421
1310 34572 1236 5415
1300 33827 1212 5447
1300 33721 1300 5410
1378 34489 1318 5414
1377 35818 1172 5456
1311 33659 1168 5470
1308 32635 1184 5534
1238 31461 1211 5491
1256 31631 1212 5467
1340 34644 1273 5433
1349 35802 1303 5431
1351 34389 1257 5422
1304 33001 1304 5451
1334 34048 1236 5436
1319 34087 1244 5442
1375 32911 1258 5431
1305 33320 1263 5445
1331 33025 1273 5452
1306 33152 1241 5448
1308 32976 1259 5459
1454 37036 1246 5452
1398 34588 1183 5516
1344 34428 1263 5444
1343 33449 1268 5461
1277 31831 1241 5481
1265 32883 1215 5496
1370 35048 1195 5498
1279 32161 1215 5473
1272 33686 1233 5488
1323 34580 1210 5497
1408 35809 1228 5490
1369 37074 1309 5454
1336 32894 1284 5498
1305 33827 1246 5520
1343 35715 1269 5471
1345 33639 1309 5461
1380 35749 1261 5475
1459 37993 1352 5457
1431 36270 1250 5493
1387 35674 1315 5489
1435 36068 1272 5483
