34 0.959673
1108 27551 878 5341
1092 27916 1015 5251
1083 28763 952 5291
1059 26722 1040 5261
984 24434 880 5428
948 22993 948 5385
945 24593 845 5358
930 24114 923 5371
1096 28357 853 5341
1077 27585 853 5342
964 24495 873 5400
942 23932 898 5420
1027 25069 1027 5287
1063 27273 903 5315
1092 27761 866 5327
966 25908 938 5304
1056 26729 1040 5258
1011 26488 989 5281
1087 28669 952 5291
987 24344 987 5357
984 24434 880 5428
977 25491 977 5297
1005 23979 1001 5350
956 23161 948 5379
957 24933 923 5347
1001 25115 964 5297
980 25578 964 5296
930 24114 923 5371
1084 27312 901 5354
956 23083 948 5382
998 25428 973 5310
1050 27260 1014 5261
960 23573 925 5410
949 24454 911 5415
1042 26942 1014 5262
975 24205 974 5363
964 23525 925 5410
940 24473 923 5352
975 24205 974 5363
960 25645 958 5297
1019 26156 919 5335
946 24499 911 5417
1030 25557 943 5314
1056 27960 919 5327
988 25810 976 5292
1036 27166 919 5328
1017 25968 919 5338
1059 27582 919 5323
1001 26125 989 5286
1033 26980 1014 5271
967 23582 900 5412
960 23573 925 5410
1016 26330 1014 5277
945 24593 845 5358
992 24033 992 5324
957 25741 923 5340
1042 26784 1014 5265
1016 26330 1014 5277
991 24654 989 5294
930 24114 923 5371
1016 26187 1014 5280
991 23836 974 5363
1008 23862 1001 5350
1039 27127 919 5334
1092 27884 1015 5260
1008 23862 1001 5350
998 25428 973 5310
960 23645 900 5410
991 24959 989 5289
1001 24511 964 5308
1029 25924 989 5276
992 24033 992 5324
966 24485 946 5311
1039 27127 919 5334
1033 26991 1014 5262
956 23161 948 5379
992 24033 992 5324
940 25053 923 5341
1042 26784 1014 5265
1039 27127 919 5334
997 25491 943 5315
1036 27166 919 5328
997 25491 943 5315
1016 26330 1014 5277
1001 24511 964 5308
1056 27960 919 5327
1033 26991 1014 5262
966 24478 946 5328
1036 27166 919 5328
967 23582 900 5412
984 24434 880 5428
949 24454 911 5415
1016 26330 1014 5277
991 24654 989 5294
1008 23862 1001 5350
960 23573 925 5410
1029 25924 989 5276
1001 26125 989 5286
991 24654 989 5294
967 23582 900 5412
1042 26784 1014 5265
960 23573 925 5410
1029 25924 989 5276
967 23582 900 5412
1042 26784 1014 5265
1033 26991 1014 5262
1033 26991 1014 5262
1033 26991 1014 5262
1016 26330 1014 5277
1008 23862 1001 5350
1008 23862 1001 5350
1008 23862 1001 5350
992 24033 992 5324
991 24654 989 5294
991 24654 989 5294
967 23582 900 5412
967 23582 900 5412
967 23582 900 5412
967 23582 900 5412
960 23573 925 5410
956 23161 948 5379
1144 29555 880 5327
1103 28175 1040 5253
1056 26786 1040 5258
984 24542 880 5437
956 23087 948 5385
954 25169 845 5358
938 24213 923 5371
1119 28095 893 5331
1130 27925 853 5348
1043 25805 943 5314
966 25968 938 5304
1087 28677 952 5291
1095 29030 906 5340
1033 26991 1014 5271
964 23562 925 5410
1073 27607 906 5346
992 25146 873 5400
1019 26362 919 5335
1107 28534 853 5342
1008 23953 1001 5350
967 23629 900 5412
974 26072 958 5297
956 23187 948 5379
1002 25111 905 5409
992 24068 992 5324
1059 27211 919 5334
1027 25105 1027 5287
989 24603 880 5428
942 23997 898 5420
954 25169 845 5358
948 23125 948 5388
977 25491 977 5299
1073 28052 919 5323
1038 26864 989 5281
946 24598 911 5415
1124 27569 878 5341
1104 27532 901 5354
1001 25321 964 5297
992 25146 873 5400
1092 27916 1015 5260
1001 25687 964 5296
1008 23953 988 5377
1059 27211 919 5334
983 24703 880 5422
998 25450 973 5310
1052 27561 919 5334
1092 27916 1015 5260
1008 23953 988 5377
1107 28534 853 5342
987 24365 987 5357
1042 26962 1014 5262
977 25491 977 5299
1001 26225 989 5286
963 24464 911 5414
1027 25105 1027 5287
966 24570 946 5311
998 25450 973 5310
991 24804 989 5294
991 24020 974 5363
1043 26094 989 5276
1101 28815 906 5340
957 25487 923 5341
1027 25105 1027 5287
1042 26962 1014 5262
956 24907 923 5369
1078 27548 906 5346
1101 28815 906 5340
1016 26297 1014 5280
994 25266 989 5289
1056 26786 1040 5258
1017 26029 919 5338
993 24714 989 5294
984 24416 974 5363
987 24365 987 5357
1016 26297 1014 5280
956 23087 948 5385
1078 27548 906 5346
940 24973 923 5366
1073 27929 919 5329
940 24973 923 5366
948 23125 948 5388
957 25265 923 5347
963 24464 911 5414
1043 26094 989 5276
1042 26962 1014 5262
987 24756 880 5411
1059 27211 919 5334
940 24973 923 5366
957 24937 923 5352
1017 26029 919 5338
956 24527 911 5415
957 24937 923 5352
994 25266 989 5289
1042 26962 1014 5262
987 24365 987 5357
987 24756 880 5411
1104 27532 901 5354
1073 27929 919 5329
957 25487 923 5341
1104 27532 901 5354
1042 26962 1014 5262
957 24937 923 5352
1016 26297 1014 5280
948 23125 948 5388
984 24416 974 5363
956 23087 948 5385
1016 26297 1014 5280
954 25169 845 5358
1008 23953 988 5377
1017 26029 919 5338
1016 26297 1014 5280
1104 27532 901 5354
1059 27211 919 5334
1042 26962 1014 5262
1042 26962 1014 5262
1042 26962 1014 5262
1042 26962 1014 5262
1017 26029 919 5338
1016 26297 1014 5280
1016 26297 1014 5280
1016 26297 1014 5280
1016 26297 1014 5280
1008 23953 988 5377
992 25146 873 5400
987 24365 987 5357
987 24365 987 5357
987 24365 987 5357
954 25169 845 5358
948 23125 948 5388
940 24973 923 5366
940 24973 923 5366
1164 29778 880 5333
1154 29928 880 5327
1103 28403 1040 5253
1054 26132 1054 5285
1003 25004 880 5428
975 25442 845 5358
956 23134 948 5385
940 24975 923 5366
1124 27732 878 5341
1108 28919 906 5340
1012 24621 1012 5321
1119 28173 893 5331
1027 25124 1027 5287
948 23135 948 5388
977 25516 977 5299
1119 28708 880 5345
1164 29778 880 5333
942 24188 898 5420
992 24086 992 5324
967 23634 900 5412
1008 23954 988 5377
1033 27041 1014 5271
1001 25811 964 5296
1051 26033 943 5314
1019 26513 919 5335
982 24944 946 5311
987 24384 987 5357
991 24107 974 5369
956 23345 948 5379
964 23566 925 5410
1078 27561 906 5346
1073 27982 919 5329
1042 26962 1014 5265
964 23566 925 5410
974 26132 958 5297
1043 26314 989 5276
1041 25468 977 5308
1068 27377 1040 5258
1087 28875 952 5291
1087 28875 952 5291
955 25399 923 5358
1023 26370 919 5335
1074 27359 1040 5258
949 24598 911 5415
994 25885 989 5291
1068 27377 1040 5258
1051 26033 943 5314
984 24426 974 5363
1010 25746 989 5289
1016 26298 1014 5280
1073 27607 906 5355
949 24598 911 5415
1124 27732 878 5341
957 25008 923 5352
957 25276 923 5347
1038 26296 989 5287
1042 26990 1014 5262
1016 26298 1014 5280
1038 27026 989 5281
957 25276 923 5347
956 23134 948 5385
991 24970 989 5294
964 23566 925 5410
991 24130 974 5363
964 23566 925 5410
1074 27359 1040 5258
1051 26033 943 5314
1165 28616 880 5342
1096 28977 952 5291
1088 27552 1040 5258
1047 27156 860 5415
956 23163 948 5385
940 25091 923 5366
992 25452 873 5400
1012 24607 1012 5324
1149 28539 880 5345
964 23574 925 5410
1002 24344 974 5363
1043 26531 989 5277
1073 27984 919 5329
1094 28254 943 5316
1035 26437 919 5335
1053 27292 1014 5262
977 24933 911 5414
1055 26902 943 5319
1101 28941 952 5291
1027 25443 1027 5292
1119 28209 893 5331
986 26568 958 5306
1008 24033 988 5377
1033 25305 1027 5287
1026 26732 919 5335
969 23792 948 5380
957 25214 923 5352
991 24121 974 5369
981 23708 900 5412
1119 28209 893 5331
986 26568 958 5306
1038 27056 989 5281
1036 27122 1014 5277
1088 28057 906 5346
957 25347 923 5347
991 24121 974 5369
1008 24033 988 5377
1088 28057 906 5346
1119 28209 893 5331
1088 28057 906 5346
1008 24033 988 5377
986 26568 958 5306
986 26568 958 5306
1119 28236 893 5331
1094 28393 943 5316
1088 27765 1040 5258
1037 26450 880 5421
956 23258 948 5385
991 24274 974 5369
1070 26025 1001 5350
1063 27345 1014 5265
1033 25409 1027 5287
1019 25773 905 5409
1060 27965 1034 5285
1016 24857 900 5412
964 23593 925 5410
957 25219 923 5352
981 23835 900 5414
1119 28236 893 5331
1073 27892 1014 5262
1094 28393 943 5316
1094 28393 943 5316
1165 28372 904 5343
1155 29274 907 5337
1092 27916 1015 5277
1080 28565 1034 5280
1018 25148 900 5430
972 23815 925 5410
1104 27815 1007 5372
1057 25565 988 5377
985 25848 923 5378
1033 25594 1027 5287
1011 25335 911 5414
1080 28565 1034 5280
1040 26073 1029 5287
998 24677 925 5410
1003 24789 925 5410
