2376 32.9052
567 15130 435 4706
624 15730 396 4797
665 17431 423 4763
762 20116 507 4904
736 18414 457 4845
765 18573 427 4975
654 16708 445 4807
759 18852 429 4803
626 15389 432 4728
648 16804 405 4800
641 17043 420 4780
662 17527 391 4837
625 15994 431 4724
670 16535 419 4774
603 14606 456 4726
608 15541 402 4804
613 16514 420 4764
615 15584 423 4789
595 15190 414 4732
611 15377 416 4743
654 16795 413 4825
700 18656 480 4843
713 17588 488 4748
669 16407 502 4899
639 16102 481 4774
732 17447 417 4813
564 14417 423 4814
833 21169 465 4788
591 15397 439 4725
639 16080 415 4836
693 16562 412 4783
882 22436 505 4780
662 17079 429 4802
601 15643 420 4805
653 16918 441 4886
653 15547 439 4752
630 16685 419 4748
606 15385 419 4731
792 18766 435 4762
712 18717 458 4738
723 19449 485 4777
595 14913 440 4724
738 19612 444 4756
598 15204 433 4705
703 17461 440 4740
670 16581 455 4863
586 15366 427 4708
733 18420 420 4817
660 16859 424 4813
634 16723 440 4757
558 14153 428 4706
740 19401 417 4825
670 17173 474 4783
603 15514 419 4768
654 17060 419 4752
664 17338 451 4840
596 14945 435 4703
609 16500 433 4747
636 15288 408 4787
593 15381 471 4751
628 16104 460 4758
602 15360 415 4737
614 15362 419 4772
736 18488 409 4813
607 15529 423 4835
626 16135 437 4874
715 18008 417 4812
607 16012 488 4750
614 16134 458 4726
656 16533 417 4809
633 16208 430 4833
662 16553 439 4761
690 16785 418 4860
685 16967 433 4705
586 15325 435 4737
604 15422 423 4891
584 15032 405 4754
597 15394 419 4729
741 19763 474 4878
621 15662 402 4809
684 17144 462 4803
686 17844 502 4853
699 17954 414 4857
672 16609 406 4823
644 16906 433 4717
686 17492 435 4713
672 17564 382 4846
648 16624 417 4803
638 15951 407 4782
709 17814 454 4737
677 16971 433 4759
647 16864 402 4824
740 18839 433 4742
725 17947 440 4734
700 18393 423 4940
677 17691 403 4744
620 15954 419 4742
775 19155 505 4873
632 15959 444 4778
718 18365 445 4803
