53 1.77963
847 21858 517 4947
765 20048 415 5137
650 16656 571 5056
597 15678 448 5240
596 15306 472 5218
586 15554 478 5220
765 20048 415 5137
781 19584 418 5071
711 17847 494 5006
678 16649 533 5053
736 19178 420 5115
662 17696 431 5134
748 19230 418 5077
724 18378 470 4949
666 16984 512 4977
649 16798 549 5062
693 17949 505 4974
671 17240 528 4967
625 16347 487 5157
603 16056 443 5158
651 16819 495 5094
653 16401 529 5071
754 18895 425 5085
781 19358 418 5074
594 15372 462 5188
654 16752 571 5055
635 16621 560 5072
708 18418 453 5031
715 18645 481 4961
684 18032 472 5047
586 15554 478 5220
616 15755 461 5179
644 16693 550 5075
729 18709 481 4948
715 18517 483 4954
651 16140 465 5122
649 16918 560 5059
643 16237 440 5219
703 18122 441 5042
625 16203 489 5150
771 19878 424 5049
736 18278 440 5064
711 17823 494 5010
699 17910 511 5027
590 15757 462 5167
711 17823 494 5010
644 16889 468 5102
618 15708 458 5214
656 17593 480 5065
685 18002 464 5074
631 16373 462 5129
696 18086 423 5110
599 15677 448 5240
615 15664 446 5229
666 17016 512 4976
754 18895 425 5085
661 16293 515 5084
773 19812 416 5135
606 15354 461 5186
661 16898 517 5033
591 15652 478 5200
632 15742 451 5224
675 16793 525 5059
642 15825 458 5210
625 16203 489 5150
627 16117 521 5112
616 16279 521 5099
715 18219 421 5090
606 15354 461 5186
693 17949 505 4974
615 15664 446 5229
712 18532 428 5095
669 16676 533 5058
658 16579 463 5109
697 17832 421 5144
772 19782 416 5140
593 15661 462 5165
660 17538 468 5079
701 17603 441 5060
670 16709 507 5089
649 16650 465 5108
694 17618 463 5038
648 15725 468 5114
648 15725 468 5114
626 15880 468 5114
661 16898 517 5033
642 15825 458 5210
694 17618 463 5038
674 18105 472 5051
712 18532 428 5095
699 17910 511 5027
666 16766 525 5080
666 16984 512 4977
728 18878 440 5056
700 18020 456 5085
699 17910 511 5027
672 17346 464 5077
591 15652 478 5200
699 17827 528 4958
596 15329 462 5205
728 18878 440 5056
699 18060 483 4965
598 15696 448 5237
596 15735 448 5233
615 15763 446 5224
660 17575 441 5134
641 17010 480 5089
632 15742 451 5224
604 15860 461 5232
627 16579 455 5142
591 15650 478 5219
598 15696 448 5237
765 20048 416 5126
773 19812 416 5135
663 16585 507 5101
715 18219 421 5090
673 17006 440 5138
699 17827 528 4958
615 15763 446 5224
662 16722 469 5098
591 15650 478 5219
636 16897 457 5140
668 17425 462 5128
658 16579 463 5109
664 17005 440 5161
596 15329 462 5205
664 17319 464 5081
649 16798 549 5062
729 18585 416 5144
654 16315 468 5112
664 17319 464 5081
627 16117 521 5112
586 15554 478 5220
639 16765 480 5099
668 16771 463 5097
634 16768 506 5099
657 17652 472 5061
650 17381 480 5085
771 19878 424 5049
664 17005 440 5161
618 15708 458 5214
674 18105 472 5051
771 19878 424 5049
627 16579 455 5142
700 18020 456 5085
662 17362 482 5060
604 15860 461 5232
706 17478 440 5071
684 18032 472 5047
642 16831 560 5064
657 17652 472 5061
729 18585 416 5144
712 18532 428 5095
662 16722 469 5098
663 16585 507 5101
590 15757 462 5167
635 16621 560 5072
656 17332 560 5055
666 16766 525 5080
666 16766 525 5080
669 17973 478 5054
634 16768 506 5099
772 19782 416 5140
668 16771 463 5097
606 15354 461 5186
618 15708 458 5214
596 15329 462 5205
650 16656 571 5056
656 17471 480 5083
656 17430 480 5084
639 16765 480 5099
699 17910 511 5027
706 17478 440 5071
736 18278 440 5064
662 17362 482 5060
642 16831 560 5064
773 19812 416 5135
641 17010 480 5089
656 17471 480 5083
669 17973 478 5054
644 16702 550 5074
669 16676 533 5058
626 16673 521 5094
706 17478 440 5071
697 17832 421 5144
636 16897 457 5140
627 16117 521 5112
596 15306 472 5218
772 19782 416 5140
765 20048 416 5126
699 18060 483 4965
639 16765 480 5099
606 15354 461 5186
649 16918 560 5059
656 17471 480 5083
590 15757 462 5167
697 17832 421 5144
644 16693 550 5075
598 15696 448 5237
636 16242 517 5085
627 16950 480 5094
596 15735 448 5233
670 16709 507 5089
627 16950 480 5094
636 16242 517 5085
772 19782 416 5140
644 16702 550 5074
699 18060 483 4965
599 15677 448 5240
597 15678 448 5240
728 18878 440 5056
648 15725 468 5114
626 15880 468 5114
736 18278 440 5064
706 17478 440 5071
654 16315 468 5112
626 15880 468 5114
650 17381 480 5085
626 16673 521 5094
656 17430 480 5084
666 16766 525 5080
773 19812 416 5135
773 19812 416 5135
773 19812 416 5135
772 19782 416 5140
772 19782 416 5140
772 19782 416 5140
772 19782 416 5140
736 18278 440 5064
736 18278 440 5064
736 18278 440 5064
736 18278 440 5064
736 18278 440 5064
736 18278 440 5064
736 18278 440 5064
736 18278 440 5064
729 18585 416 5144
728 18878 440 5056
728 18878 440 5056
728 18878 440 5056
711 17823 494 5010
706 17478 440 5071
706 17478 440 5071
699 17910 511 5027
699 17910 511 5027
697 17832 421 5144
697 17832 421 5144
697 17832 421 5144
670 16709 507 5089
670 16709 507 5089
666 16766 525 5080
663 16585 507 5101
662 17362 482 5060
656 17430 480 5084
650 17381 480 5085
650 16656 571 5056
649 16918 560 5059
644 16693 550 5075
644 16693 550 5075
636 16897 457 5140
636 16242 517 5085
635 16621 560 5072
632 15742 451 5224
632 15742 451 5224
596 15735 448 5233
596 15306 472 5218
586 15554 478 5220
586 15554 478 5220
814 20413 517 4951
814 20413 517 4951
772 19270 418 5077
659 16875 571 5055
613 16067 455 5226
596 15413 462 5205
593 15730 462 5167
711 17861 494 5006
666 16996 512 4979
765 19401 425 5078
784 19799 418 5072
814 20413 517 4951
624 15492 461 5186
671 17266 528 4967
781 19870 418 5074
651 16864 495 5094
682 18246 478 5055
740 19163 467 5036
646 16589 560 5093
682 17149 440 5160
729 18797 481 4952
734 18451 481 4952
646 16693 539 5122
642 16029 458 5214
653 17013 549 5062
699 18176 423 5110
741 18687 425 5094
740 19163 467 5036
727 18646 481 4957
741 19198 420 5115
703 17771 440 5147
677 17222 512 4978
641 16210 458 5212
687 16696 529 5071
701 17968 463 5038
654 16736 571 5068
625 16323 487 5158
654 16539 550 5077
657 17641 483 5067
593 15730 462 5167
687 16661 515 5090
771 19289 425 5087
700 18150 462 5124
706 17519 445 5071
712 17621 440 5073
678 16649 533 5058
654 17421 451 5191
672 17443 464 5083
635 16096 446 5223
650 16623 446 5197
668 17485 462 5129
667 17729 441 5150
628 16319 448 5208
628 16319 448 5208
721 18652 441 5042
721 18652 441 5042
657 16458 533 5082
669 16583 533 5073
635 16096 446 5223
699 18176 423 5110
721 18652 441 5042
678 17150 453 5149
655 16685 465 5117
625 16323 487 5158
677 17533 441 5150
637 16397 462 5159
668 17485 462 5129
652 16799 446 5193
650 16773 453 5194
650 16773 453 5194
637 16397 462 5159
741 19198 420 5115
654 17421 451 5191
655 16685 465 5117
654 16539 550 5077
741 19198 420 5115
652 16799 446 5193
741 19198 420 5115
668 17485 462 5129
651 16864 495 5094
772 19270 418 5077
741 19198 420 5115
772 19270 418 5077
651 16864 495 5094
652 16799 446 5193
625 16323 487 5158
814 20413 517 4951
814 20413 517 4951
772 19270 418 5077
741 19198 420 5115
741 19198 420 5115
741 19198 420 5115
741 19198 420 5115
741 19198 420 5115
721 18652 441 5042
654 16539 550 5077
650 16773 453 5194
826 20826 517 4951
781 19584 421 5082
665 16851 550 5081
650 16743 448 5233
596 15799 481 5229
755 19662 438 5127
679 17359 537 5043
617 16105 512 5171
631 16360 512 5170
653 17064 521 5112
707 18261 468 5114
682 18023 457 5149
711 19027 440 5146
687 17215 533 5059
690 17419 512 4979
729 18691 481 4957
729 18691 481 4957
623 16117 462 5207
714 17682 440 5073
691 17796 512 4978
666 17452 462 5172
687 16832 515 5090
625 16103 462 5194
679 16892 533 5073
700 17439 465 5117
652 16840 446 5193
729 18691 481 4957
729 18691 481 4957
729 18691 481 4957
729 18691 481 4957
789 20142 425 5085
708 17686 512 4993
683 17888 571 5073
624 16263 472 5213
745 19785 481 5008
625 16315 512 5171
722 18210 468 5119
707 18563 546 5052
659 17241 521 5112
694 17043 472 5204
727 19264 480 5094
707 18817 522 5073
727 19151 471 5107
796 20148 494 5024
717 18545 534 4995
673 17560 539 5134
669 17336 512 5171
