34 1.08106
751 16720 490 5101
718 19171 457 5029
701 18340 467 5028
698 19081 434 5103
652 15679 542 5084
612 15870 496 5235
605 15249 522 5199
601 15960 508 5226
707 18369 466 5033
692 17764 443 5095
670 16800 513 5074
645 15874 480 5131
650 16706 457 5162
618 15737 519 5222
629 15452 470 5138
627 15842 529 5167
663 16245 529 5070
714 18228 462 5037
629 17428 494 5119
664 17886 455 5088
650 16016 538 5094
708 18310 451 5036
695 17319 511 5039
743 17682 489 5061
643 16370 459 5133
657 16268 435 5140
681 16855 540 5042
667 17790 456 5051
611 15872 508 5214
727 17637 540 5038
746 19111 465 5033
687 17844 449 5075
704 17439 503 5042
616 15994 508 5208
702 17050 512 5096
652 16040 450 5147
735 17742 489 5062
718 17516 489 5080
666 18207 434 5104
737 18034 540 5033
628 15757 529 5150
727 17637 540 5038
622 15985 477 5134
619 16188 477 5122
643 15766 470 5136
624 16191 459 5140
704 17439 503 5042
742 17714 489 5071
635 16149 480 5103
737 18034 540 5033
643 15766 470 5136
601 15960 508 5226
685 17822 526 5036
627 15751 504 5227
669 16279 525 5063
648 17349 449 5106
684 16920 526 5056
619 16146 508 5202
627 15842 529 5167
684 17165 458 5111
648 17493 467 5095
635 16149 480 5103
627 15793 504 5223
657 17859 478 5077
684 17320 458 5100
657 16268 435 5140
661 16000 542 5075
627 15751 504 5227
684 17145 458 5112
627 16173 457 5164
684 16910 526 5061
646 17329 449 5110
652 16089 542 5075
657 17859 478 5077
684 16920 526 5056
619 16039 508 5205
616 16012 508 5206
684 17145 458 5112
669 16279 525 5063
650 16087 513 5076
652 15679 542 5084
664 17830 467 5084
669 16279 525 5063
664 17830 467 5084
622 15985 477 5134
646 17329 449 5110
648 17493 467 5095
649 17393 449 5097
619 16146 508 5202
649 17393 449 5097
622 15985 477 5134
622 16051 477 5133
649 17393 449 5097
649 17393 449 5097
643 16016 470 5133
684 17145 458 5112
650 16706 457 5162
622 15985 477 5134
622 16051 477 5133
652 16089 542 5075
684 17320 458 5100
669 16279 525 5063
650 16706 457 5162
684 17320 458 5100
684 17320 458 5100
684 16920 526 5056
684 16920 526 5056
664 17830 467 5084
650 16706 457 5162
650 16706 457 5162
649 17393 449 5097
649 17393 449 5097
649 17393 449 5097
648 17493 467 5095
646 17329 449 5110
643 15766 470 5136
627 15751 504 5227
622 15985 477 5134
784 17762 540 5038
746 19247 465 5029
736 19273 461 5038
698 19081 434 5104
652 16089 542 5084
618 15498 522 5199
612 15874 496 5239
601 15960 508 5231
650 16809 457 5164
627 15882 529 5177
751 17758 489 5073
669 16483 525 5063
784 17762 540 5038
666 18049 478 5079
634 15606 500 5147
610 15537 522 5199
702 17055 512 5096
690 18376 486 5064
633 16243 463 5155
729 18908 461 5049
683 17090 513 5074
619 16146 508 5205
687 17899 449 5075
624 16085 494 5221
657 16140 538 5087
743 17823 540 5039
601 15966 508 5226
646 15935 470 5136
619 16210 477 5122
664 17918 455 5088
611 15911 508 5214
628 15757 529 5154
676 18251 438 5131
709 18839 456 5051
627 15905 504 5227
704 18666 438 5116
703 17970 443 5095
648 17497 467 5095
719 18258 456 5054
656 17692 449 5097
716 17949 503 5045
649 17411 449 5102
749 17695 489 5079
695 17319 511 5046
612 15874 496 5239
698 19081 434 5104
664 17843 467 5084
652 15679 542 5087
722 18731 466 5035
691 18435 486 5059
682 17121 450 5145
726 18510 465 5047
698 18753 434 5112
657 16157 513 5076
651 16372 459 5133
636 16197 503 5108
703 17970 443 5095
670 16045 470 5133
684 17201 458 5111
628 15757 529 5154
735 17825 489 5061
664 17918 455 5088
629 17428 494 5121
640 15779 480 5144
684 17170 458 5112
728 18511 462 5037
695 17288 526 5059
705 18315 437 5130
652 16071 450 5147
708 18310 466 5043
746 17823 489 5064
704 17831 526 5036
629 15978 493 5233
727 17609 540 5042
633 17548 494 5119
651 16372 459 5133
727 17609 540 5042
695 17296 526 5056
691 18605 438 5123
640 15848 480 5140
705 18315 437 5130
707 18458 467 5073
722 18731 466 5035
716 18441 461 5068
712 18564 438 5124
716 18441 461 5068
629 15978 493 5233
684 18461 438 5127
646 15935 470 5136
643 16067 470 5133
676 18251 438 5131
636 16243 480 5103
640 15779 480 5144
643 16067 470 5133
704 18660 438 5118
637 15797 480 5142
630 15958 492 5226
643 15783 480 5142
657 16155 513 5078
630 15958 492 5226
640 15848 480 5140
657 16140 538 5087
692 18787 438 5120
712 18564 438 5124
692 18787 438 5120
619 16210 477 5122
712 18462 438 5126
712 18462 438 5126
707 18458 467 5073
695 17319 511 5046
637 15797 480 5142
682 17121 450 5145
704 18666 438 5116
692 18787 438 5120
630 15958 492 5226
618 15498 522 5199
636 16243 480 5103
676 18251 438 5131
601 15960 508 5231
652 16071 450 5147
640 15779 480 5144
651 16372 459 5133
628 15757 529 5154
643 15783 480 5142
652 16071 450 5147
784 17762 540 5038
712 18462 438 5126
707 18458 467 5073
707 18458 467 5073
705 18315 437 5130
651 16372 459 5133
630 15958 492 5226
628 15757 529 5154
628 15757 529 5154
618 15498 522 5199
618 15498 522 5199
618 15498 522 5199
838 21298 462 5037
764 19802 477 5030
741 18148 540 5038
722 19436 434 5109
620 15916 508 5237
618 15498 522 5213
611 15924 508 5227
650 16821 470 5167
628 15760 529 5154
638 17527 494 5119
634 15858 522 5197
652 16151 450 5147
675 16473 459 5133
710 18774 486 5064
732 19211 461 5058
722 19293 443 5098
636 16197 503 5112
698 19001 434 5112
656 17729 449 5097
666 18163 478 5079
706 18423 462 5085
629 16069 493 5233
762 19580 477 5032
720 18105 526 5039
701 17693 526 5047
673 16673 525 5063
680 16670 512 5110
618 15541 522 5212
732 18949 443 5095
685 17233 513 5074
640 15853 480 5140
752 17856 489 5061
716 18162 504 5049
737 18790 465 5041
619 16146 508 5206
749 17706 489 5082
686 18566 438 5129
746 17829 489 5071
676 18276 438 5131
746 19308 477 5034
630 15814 522 5199
651 16612 459 5135
711 18411 437 5137
625 16223 477 5122
732 18949 443 5095
637 15830 480 5142
613 16046 508 5226
624 15937 519 5222
621 16364 477 5136
685 17233 513 5074
737 18548 438 5126
707 18458 467 5076
617 16067 508 5215
712 18720 438 5125
624 15937 519 5222
686 18566 438 5129
624 16177 494 5221
711 18413 466 5049
657 16177 513 5076
620 15916 508 5237
657 16177 513 5076
709 18839 467 5062
746 19111 465 5040
751 19545 466 5035
751 17859 489 5061
746 19308 477 5034
706 18814 478 5077
713 18565 437 5130
637 15830 480 5142
698 19001 434 5112
752 17856 489 5061
620 15916 508 5237
686 18566 438 5129
657 16177 513 5076
657 16177 513 5076
732 18949 443 5095
686 18566 438 5129
686 18566 438 5129
657 16177 513 5076
657 16177 513 5076
657 16177 513 5076
657 16177 513 5076
657 16177 513 5076
620 15916 508 5237
764 19830 477 5030
698 19001 438 5119
629 15706 522 5212
628 15773 529 5154
624 16192 494 5221
755 18776 489 5049
638 16138 516 5169
657 16225 513 5076
666 17921 449 5102
655 16728 455 5152
632 15864 522 5199
692 17164 470 5136
684 18485 438 5142
737 19117 443 5098
734 19653 443 5098
713 16224 480 5127
668 16516 482 5134
762 19580 477 5039
664 16561 463 5155
689 17663 459 5133
630 17528 494 5128
706 18568 462 5085
630 16304 477 5138
706 18568 462 5085
764 19830 477 5030
686 18566 438 5130
786 20525 477 5030
706 18601 438 5131
634 15969 529 5155
633 15918 529 5167
632 16517 496 5239
764 19830 477 5034
683 18496 449 5109
640 16443 492 5226
669 16263 513 5076
655 16952 457 5166
676 18251 458 5138
643 17617 494 5137
676 16692 480 5146
667 16292 513 5076
639 16631 517 5237
759 19361 453 5121
680 16432 513 5076
644 16586 496 5239
633 15972 529 5167
633 15972 529 5167
650 16482 504 5231
813 21407 483 5155
813 21210 483 5163
694 17091 513 5076
636 16064 529 5167
813 20110 512 5167
702 16481 513 5078
813 21391 483 5157
749 17473 517 5205
725 17733 523 5090
666 16799 535 5195
