1030 30.5166
398 9871 356 4786
409 9590 363 4707
411 9900 352 4765
559 13423 439 4553
409 9663 384 4669
409 9638 372 4682
443 10711 405 4585
420 9669 384 4665
409 9604 372 4683
409 9607 372 4683
424 9806 384 4631
418 9643 374 4678
437 10171 398 4607
424 9733 374 4644
409 9604 372 4683
409 9635 363 4694
424 9733 374 4644
413 9999 368 4652
424 9733 374 4644
409 9604 372 4683
499 11632 378 4615
424 9733 374 4644
424 9874 384 4624
409 9702 384 4667
409 9616 360 4709
409 9663 384 4669
409 9616 360 4709
409 9638 372 4682
424 9815 384 4631
415 9931 384 4624
424 10007 385 4619
409 9616 360 4712
418 9643 374 4678
423 9714 384 4662
418 9643 374 4678
409 9604 372 4683
437 10077 398 4616
424 9840 384 4627
420 9669 384 4665
409 9604 372 4683
437 10168 398 4607
420 9668 384 4665
437 10108 398 4615
424 9733 374 4644
409 9597 372 4695
424 9818 384 4625
443 10186 398 4611
409 9607 372 4683
424 9733 374 4644
407 9639 363 4707
418 9643 374 4678
424 9733 374 4644
424 9733 374 4644
404 9633 360 4721
418 9643 374 4678
409 9612 372 4695
424 9733 374 4644
423 9714 384 4662
424 9806 384 4631
416 9815 385 4645
426 9956 387 4621
420 9669 384 4665
413 9968 368 4649
409 9594 363 4707
409 9604 372 4683
420 9669 384 4665
437 10077 398 4616
423 10089 385 4616
409 9604 372 4683
409 9604 372 4683
424 9733 374 4644
409 9601 372 4695
437 10171 398 4607
424 9733 374 4644
409 9594 363 4707
420 9669 384 4665
435 10410 387 4603
418 9643 374 4678
424 9806 384 4631
409 9604 372 4683
409 9666 357 4718
424 9733 374 4644
443 10186 398 4611
419 10237 387 4618
423 9801 372 4648
424 9675 384 4665
424 9733 374 4644
409 9604 372 4683
409 9663 384 4669
409 9607 372 4683
424 10007 385 4619
424 9960 374 4636
420 9669 384 4665
418 9643 374 4678
413 9968 368 4649
409 9594 363 4707
424 9806 384 4631
424 10007 385 4619
409 9607 372 4683
409 9590 363 4707
415 9931 384 4624
409 9655 384 4670
424 9806 384 4631
420 9678 384 4666
409 9607 372 4683
424 9733 374 4644
424 9963 385 4621
408 9604 372 4702
424 9733 374 4644
409 9634 372 4683
420 9669 384 4665
409 9616 360 4709
423 9714 384 4662
423 9714 384 4662
420 9756 367 4683
418 9643 374 4678
420 9648 374 4679
409 9663 384 4669
424 9963 385 4621
408 9615 372 4702
448 10430 398 4599
424 9840 384 4627
420 9669 384 4665
409 9607 372 4683
409 9592 363 4711
409 9601 372 4695
424 9874 384 4624
407 9679 359 4749
409 9642 372 4682
409 9663 384 4669
424 9733 374 4644
409 9607 372 4683
424 9806 384 4631
420 10365 387 4609
409 9590 363 4707
424 9821 368 4669
424 9806 384 4631
424 9840 384 4627
424 9733 374 4644
409 9634 372 4683
424 9733 374 4644
424 9874 384 4624
424 9952 385 4621
409 9611 372 4687
424 9893 363 4683
424 9733 374 4644
424 9840 384 4627
409 9655 384 4670
420 9668 384 4665
404 9612 369 4717
424 9733 374 4644
409 9604 372 4683
409 9605 363 4707
420 9669 384 4665
424 9733 374 4644
409 9604 372 4683
478 11644 434 4579
424 9806 384 4631
420 9668 384 4665
409 9597 372 4695
415 9931 384 4624
409 9605 363 4707
424 9733 374 4644
409 9663 384 4669
409 9607 372 4683
438 10467 387 4602
437 10108 398 4615
418 9643 374 4678
424 9733 374 4644
412 9951 368 4662
418 9643 374 4678
409 9653 384 4670
424 9804 384 4639
419 10237 387 4616
409 9592 363 4711
409 9594 363 4707
420 9669 384 4665
424 9806 384 4631
423 9714 384 4662
404 9868 384 4666
443 10711 405 4585
424 9733 374 4644
423 10089 385 4616
409 9604 372 4683
409 9634 372 4683
409 9607 372 4683
453 10950 416 4580
420 9669 384 4665
409 9594 363 4707
409 9604 372 4683
424 9792 385 4642
409 9594 363 4707
424 9874 384 4624
424 9963 385 4621
409 9604 372 4683
424 9818 384 4625
424 9733 374 4644
414 9738 376 4661
409 9663 384 4669
409 9597 372 4695
