547 16.5881
774 19724 392 4659
766 19966 411 4590
647 16306 367 4694
630 16871 538 4466
608 16008 544 4504
549 13636 419 5031
532 13865 411 5043
517 14028 418 4944
774 19548 375 4685
591 16097 430 4795
738 19089 456 4527
553 13835 419 5027
740 18911 414 4588
695 18233 379 4676
758 19679 419 4573
754 18932 377 4677
596 15323 373 4754
766 19940 408 4595
535 14463 393 4997
551 14811 425 4845
709 18683 422 4571
544 14820 450 4809
556 14931 428 4823
581 15306 383 4910
744 18421 491 4502
714 17432 477 4518
555 14735 393 4874
618 15772 482 4561
616 16214 544 4503
645 16542 531 4502
563 14394 456 4639
580 15599 385 4926
734 18470 446 4535
656 17223 500 4516
602 15527 487 4552
571 15433 377 4961
725 18364 387 4666
598 15819 531 4507
641 15917 394 4711
615 15289 493 4541
533 14513 432 4832
578 15082 450 4800
600 15163 464 4593
538 14446 400 4982
575 14972 416 4821
593 14876 446 4629
630 16014 373 4731
566 15166 428 4817
596 15323 373 4754
662 16759 419 4586
728 17980 457 4529
703 17248 488 4521
573 15092 397 4869
727 18997 405 4614
630 16769 525 4482
531 13673 419 5037
675 16720 538 4466
740 18650 443 4553
529 14331 470 4828
713 17355 472 4530
528 14101 418 4938
519 14196 436 4933
650 16410 367 4686
547 14658 400 4948
587 15479 392 4895
703 18063 422 4573
568 14847 404 4851
642 15992 394 4694
583 15697 374 4974
549 14776 403 4943
578 14815 474 4610
537 13895 418 4933
544 14387 393 4993
636 15454 439 4616
585 15253 384 4918
628 16350 452 4546
676 16702 525 4477
525 14295 429 4941
553 14700 388 4920
614 15026 441 4635
650 16376 378 4690
620 16181 455 4592
595 14739 458 4610
517 13969 418 4958
605 15237 488 4556
599 15324 373 4748
552 14264 405 4859
634 15983 394 4701
639 16147 496 4531
693 17083 387 4668
689 17990 407 4602
723 17831 465 4521
719 18543 419 4577
631 15694 419 4646
677 17635 505 4507
664 16534 388 4671
553 14613 399 4856
673 16450 409 4654
627 15626 521 4511
618 15060 476 4562
585 15348 397 4855
582 15740 374 4988
626 15553 418 4698
623 16343 455 4578
606 14921 517 4530
655 17099 505 4512
648 15796 431 4594
623 16095 484 4550
628 15458 510 4522
632 16933 535 4470
705 17905 461 4517
588 15467 392 4888
582 15845 374 4974
631 15871 489 4535
519 14196 436 4933
704 17816 467 4527
715 17584 461 4529
589 15358 392 4866
552 14834 383 4952
684 16960 409 4653
574 14776 384 4928
599 14669 438 4640
646 16809 461 4536
639 16615 367 4708
630 16803 538 4468
519 13976 406 4949
525 14295 429 4941
619 15929 471 4562
734 18297 411 4593
725 18138 459 4527
553 14147 467 4632
596 15430 373 4737
744 18421 491 4502
737 18566 503 4509
546 14369 405 4848
599 15170 502 4539
548 14565 393 4983
569 15566 377 4961
656 16400 434 4567
638 16665 513 4504
587 15384 383 4904
586 14420 456 4614
676 16722 519 4491
619 16467 513 4523
612 15340 501 4535
647 16681 452 4543
625 15803 511 4515
612 14797 469 4574
679 17423 518 4502
614 15902 373 4732
666 17513 408 4620
587 15479 392 4895
635 15462 441 4624
598 14898 432 4651
683 16753 472 4541
596 14522 477 4605
592 15526 519 4595
637 16247 507 4517
535 14479 400 4989
534 14450 405 4862
632 16278 496 4530
666 17272 411 4628
611 16086 484 4555
587 15310 392 4902
686 16493 407 4652
611 14996 505 4551
633 16490 544 4498
646 16809 461 4536
627 15626 521 4511
663 16606 419 4589
653 16651 393 4676
631 16732 525 4482
622 16387 515 4511
675 17704 446 4543
570 14361 456 4643
656 17029 416 4644
616 15064 466 4587
531 14165 418 4936
654 16126 503 4524
536 14491 393 4993
676 16722 519 4491
688 18184 433 4560
606 14564 469 4576
620 16102 515 4515
614 15667 491 4536
721 18278 459 4528
667 17621 408 4598
632 16920 535 4471
670 17237 426 4575
637 16247 507 4517
719 18665 470 4515
688 17736 407 4625
709 18683 422 4571
668 17553 416 4603
691 17721 407 4621
737 18566 503 4509
679 17423 518 4502
596 15430 373 4737
588 15467 392 4888
665 17311 398 4629
722 18254 459 4530
650 17130 433 4570
531 13673 419 5037
707 17095 446 4551
621 16026 472 4556
650 16410 367 4686
664 16534 388 4671
635 15830 472 4565
663 16976 388 4681
625 16083 437 4573
621 16235 544 4500
721 18278 459 4528
674 16312 443 4557
723 17961 411 4596
721 17180 434 4559
656 17223 500 4516
628 16132 378 4701
706 17342 452 4534
665 17567 408 4606
690 17538 470 4528
625 16068 434 4589
670 17237 426 4575
663 17028 388 4679
703 18192 405 4625
621 15668 461 4569
671 17345 444 4560
672 16333 446 4558
675 17145 445 4545
633 16388 411 4674
650 17071 398 4632
632 16920 535 4471
704 16733 472 4538
739 18669 422 4571
620 16256 444 4587
667 17621 408 4598
691 17721 407 4621
630 16871 538 4466
675 17145 445 4545
676 16702 525 4477
721 17180 434 4559
665 17526 408 4613
723 17961 411 4596
640 15996 367 4701
685 16988 503 4511
641 16707 525 4499
688 17736 407 4625
671 17307 452 4541
625 15810 373 4732
683 16781 472 4539
608 16008 544 4504
625 16083 437 4573
653 16777 393 4675
666 17272 411 4628
632 16278 496 4530
694 17054 452 4536
632 16920 535 4471
632 16933 535 4470
663 16076 433 4563
685 16988 503 4511
654 16331 503 4517
665 17567 408 4606
669 17629 477 4510
694 17054 452 4536
674 16312 443 4557
669 17629 477 4510
654 16126 503 4524
679 17423 518 4502
598 15819 531 4507
663 16606 419 4589
608 16008 544 4504
677 17635 505 4507
740 18650 443 4553
706 17342 452 4534
666 17513 408 4620
632 16278 496 4530
650 17071 398 4632
665 17567 408 4606
706 17342 452 4534
630 16769 525 4482
721 17180 434 4559
706 17342 452 4534
694 17054 452 4536
674 16312 443 4557
670 17237 426 4575
663 16606 419 4589
650 16410 367 4686
632 16920 535 4471
598 15819 531 4507
834 21327 470 4530
736 18026 367 4696
649 17074 558 4476
602 15398 373 4748
602 15398 373 4748
756 19774 399 4692
738 19327 405 4614
617 16253 544 4506
695 18012 411 4628
706 17797 381 4731
708 18801 415 4622
715 18172 367 4704
622 15911 531 4513
680 16652 394 4741
727 17401 434 4559
677 17416 509 4523
709 18202 427 4622
723 18412 452 4537
668 16253 526 4534
687 17502 496 4545
660 16818 501 4545
690 17201 483 4554
685 16665 434 4571
688 17614 461 4536
734 18345 411 4593
692 17273 519 4491
631 16495 520 4531
734 18345 411 4593
683 17693 452 4541
699 17157 472 4551
625 16026 472 4556
724 18536 409 4696
650 16662 518 4512
724 18524 503 4518
726 18201 477 4529
629 16801 531 4511
645 16760 520 4527
705 17013 434 4566
638 16965 525 4482
704 16734 472 4538
641 16763 525 4486
637 16969 525 4482
683 17774 410 4693
644 16758 471 4569
688 17120 525 4477
641 16763 525 4486
865 21791 478 4533
705 17551 525 4477
621 16259 544 4506
619 15836 388 4764
791 20156 414 4634
726 18881 411 4661
795 20076 414 4618
758 19879 398 4700
708 18299 420 4729
689 17946 432 4700
712 17680 394 4747
706 17002 443 4573
681 17314 518 4513
754 19567 427 4611
747 18689 452 4538
670 17144 544 4499
654 16428 472 4558
725 18502 503 4536
721 18049 452 4545
632 16326 531 4517
681 17880 535 4484
758 18813 470 4537
695 18130 496 4540
644 16824 533 4514
703 17882 483 4556
688 17591 501 4545
648 16294 474 4608
722 18235 490 4542
663 16887 531 4512
758 19618 427 4599
792 20076 424 4593
704 17892 525 4492
705 18234 452 4591
661 16987 533 4513
827 21112 478 4538
804 21218 430 4606
701 17911 531 4514
676 17345 418 4783
659 17300 430 4974
643 16351 544 4515
629 16419 544 4523
708 18103 432 4704
796 20143 426 4620
774 19573 452 4546
688 17805 501 4545
815 19977 463 4540
758 19604 496 4550
723 18094 452 4558
714 17919 493 4559
652 16743 531 4517
657 16943 493 4599
820 20905 478 4582
735 18884 425 4853
673 16718 544 4517
653 17059 544 4523
643 16770 544 4543
736 18818 455 4617
691 17817 501 4555
774 20349 512 4551
763 19420 436 4760
752 19603 425 4837
725 18795 531 4525
760 19357 436 4776
731 18093 529 4550
785 19544 436 4762
773 19545 436 4760
771 19368 436 4784
748 18969 458 4802
743 19445 553 4521
657 17410 544 4528
734 18467 514 4562
754 19079 455 4617
743 18983 531 4525
784 19616 436 4776
782 19436 476 4783
708 17838 562 4529
806 20272 436 4782
810 20548 476 4790
