467 88.1389
813 19009 495 4377
761 20440 493 4381
675 17933 623 4301
642 16646 630 4336
556 14689 341 4645
540 13437 397 5153
486 12534 440 4818
483 12589 440 4821
541 13749 403 5127
534 14367 398 4927
806 20094 417 4455
544 13743 427 4756
537 14030 407 4687
514 13619 482 4546
786 19942 607 4305
508 12981 453 4789
562 14182 350 4876
715 18488 563 4328
725 16944 413 4462
586 14645 395 4507
621 16101 362 4566
574 13881 392 4657
681 16170 611 4326
598 15855 598 4354
539 13287 436 4785
521 14156 473 4523
760 19919 441 4429
525 13838 412 4911
546 14485 431 4490
551 13997 372 4839
580 14207 346 4852
567 15079 347 4637
547 14888 459 4479
745 19607 429 4441
592 15756 568 4364
635 16307 377 4504
791 19758 607 4306
501 13476 456 4547
530 14269 432 4532
598 15740 357 4583
809 18824 472 4398
490 12742 424 4812
638 16704 409 4477
537 14030 407 4687
527 13349 400 5149
632 16506 536 4372
550 13835 422 4608
575 14362 461 4447
600 15497 365 4529
582 15549 582 4356
686 18722 527 4356
732 19087 497 4378
721 18050 439 4434
586 15356 494 4413
774 19285 508 4366
498 13477 468 4552
644 17235 347 4628
778 19434 465 4406
657 17085 575 4333
684 15609 418 4453
719 18226 559 4329
690 17303 384 4502
610 15834 354 4575
706 18242 542 4344
553 14926 366 4596
722 18884 515 4359
665 17179 491 4388
563 14731 341 4641
603 16199 507 4380
595 15570 521 4401
698 18586 478 4398
761 19726 540 4346
607 15781 593 4351
733 19768 415 4460
577 15465 350 4618
611 15302 524 4403
528 13767 403 5130
702 17652 595 4317
530 13690 404 4857
712 18393 369 4517
565 14096 388 4613
642 16646 630 4336
772 20346 499 4374
736 19332 431 4436
695 17593 386 4495
693 17233 554 4339
483 12589 440 4821
529 13475 415 5141
648 16344 447 4423
535 14416 383 4580
682 17736 553 4335
627 16189 475 4413
661 15914 485 4411
788 20279 607 4304
492 12827 440 4795
787 20293 489 4383
491 12926 454 4788
531 13287 453 4783
739 18139 543 4339
661 17022 623 4302
524 13404 428 4789
770 18999 467 4410
673 16803 492 4400
704 17548 483 4392
654 17095 591 4341
617 16562 484 4420
570 14820 439 4449
722 16869 405 4475
636 16440 421 4448
741 18853 503 4371
582 15549 582 4356
711 18581 483 4384
753 19423 527 4351
614 16083 549 4349
527 13551 443 4770
572 14419 346 4868
560 14061 389 4520
624 16921 531 4364
559 15121 545 4381
491 12744 417 4799
588 15211 445 4424
696 18346 575 4320
701 17805 351 4573
668 16842 552 4340
762 19144 607 4310
495 12807 440 4798
551 13997 372 4839
544 13743 427 4756
629 16055 501 4396
778 19933 607 4306
508 12981 453 4789
616 16002 495 4397
553 14926 366 4596
660 17406 607 4327
617 16091 352 4587
775 19068 442 4427
564 14248 350 4867
654 17095 591 4341
534 14367 398 4927
612 16382 495 4411
578 14794 380 4558
574 13881 392 4657
768 19142 511 4364
525 13838 412 4911
687 16344 611 4322
578 14794 380 4558
672 17036 532 4349
660 17406 607 4327
527 13551 443 4770
768 19142 511 4364
679 17052 385 4499
749 19193 502 4372
655 17115 519 4360
671 16884 481 4397
701 18338 544 4348
688 17132 515 4365
749 20391 467 4407
588 15211 445 4424
733 17978 483 4384
656 17254 517 4374
753 19423 527 4351
701 17556 469 4409
687 16465 391 4498
699 17805 595 4312
623 16139 501 4387
630 16983 480 4404
662 16664 485 4402
646 16543 545 4350
790 20399 575 4315
778 19534 518 4356
738 19043 504 4371
623 15682 527 4378
490 12742 424 4812
712 18393 369 4517
744 19544 566 4320
631 16981 559 4344
646 16675 529 4350
648 16344 447 4423
736 19573 547 4343
668 18192 501 4383
744 19544 566 4320
656 16464 529 4352
539 13287 436 4785
619 16256 515 4379
699 18370 591 4311
619 16256 515 4379
611 16703 480 4422
736 19573 547 4343
677 18196 485 4391
761 20440 493 4381
749 19193 502 4372
738 19043 504 4371
656 17065 554 4346
677 18196 485 4391
631 16981 559 4344
696 18346 575 4320
701 17556 469 4409
808 19613 591 4314
807 19725 473 4419
796 19505 623 4309
776 20890 493 4381
743 18758 623 4310
662 16289 501 4393
623 16291 515 4387
687 17111 485 4416
645 16462 591 4357
694 17995 491 4404
710 17704 582 4342
658 16559 529 4361
702 18585 492 4402
667 16871 529 4350
746 19991 566 4326
762 19732 540 4346
752 18966 544 4348
697 17868 609 4335
759 20380 505 4377
740 19732 559 4347
778 19927 607 4316
790 20400 575 4315
729 18248 518 4378
626 16387 503 4393
785 18881 561 4338
709 17724 595 4329
735 17588 497 4392
730 19124 483 4384
647 17191 544 4371
782 20709 493 4383
804 20725 499 4378
695 17468 606 4347
751 19385 575 4325
726 19384 528 4371
700 17344 609 4341
660 16366 531 4381
739 19425 571 4346
672 16518 515 4385
679 17743 623 4314
780 19339 515 4367
684 17566 498 4417
752 18950 508 4376
704 17991 519 4378
701 16906 499 4404
751 19157 511 4380
748 18697 483 4384
744 19396 515 4365
705 17503 515 4382
700 17921 591 4333
721 19179 591 4329
736 19227 515 4372
721 18732 511 4382
695 17928 528 4374
736 19213 575 4329
788 19956 591 4314
709 17779 519 4381
703 17226 515 4384
704 17166 515 4384
704 17166 515 4384
843 21892 566 4338
813 19929 483 4400
810 21910 493 4381
803 20944 623 4310
691 17844 646 4319
691 17318 485 4416
646 16465 515 4387
645 17488 566 4395
735 17648 497 4392
710 18302 598 4349
673 16927 543 4365
682 17936 559 4361
712 17074 529 4357
802 20612 607 4320
729 19104 595 4335
666 17049 575 4383
720 18099 609 4330
754 19290 581 4339
817 20206 517 4365
792 20025 630 4318
714 18585 641 4346
795 20291 570 4345
768 19416 598 4332
771 20096 540 4346
763 19919 575 4329
680 18175 529 4370
749 19796 515 4374
761 20440 505 4377
774 18874 630 4329
684 18006 501 4397
786 19829 517 4372
684 16824 582 4368
778 19016 607 4333
728 18146 519 4378
757 19786 515 4379
759 19008 582 4346
683 17434 529 4350
728 18733 511 4386
714 18780 509 4394
761 20329 493 4394
804 20262 515 4365
729 17933 515 4384
717 18009 519 4383
778 18968 607 4339
792 20328 515 4365
881 22655 591 4334
813 19947 483 4400
732 18403 490 4447
691 17891 646 4319
646 16469 515 4387
706 17969 498 4417
838 21171 515 4370
835 21477 570 4345
816 20670 614 4320
774 18950 630 4339
764 19478 493 4426
674 17882 547 4366
836 20497 598 4332
728 17487 566 4362
773 19135 490 4437
689 17119 579 4372
791 20354 561 4347
806 19992 519 4378
781 20650 591 4340
694 18124 541 4355
760 19366 591 4349
735 17664 497 4392
761 18975 614 4336
741 19207 516 4385
686 18258 531 4364
694 17216 561 4384
815 20322 517 4377
803 20353 575 4339
688 17747 543 4354
697 17607 529 4350
692 17561 545 4351
688 18276 529 4370
686 18282 529 4365
826 20962 614 4332
813 20041 483 4400
794 21043 504 4395
706 17979 498 4417
691 17918 646 4319
683 16567 515 4403
667 16860 532 4413
820 20950 607 4339
762 19231 511 4404
771 20402 591 4349
772 19831 575 4350
696 18192 543 4358
771 19592 508 4409
743 18458 530 4370
704 18650 529 4353
691 17991 559 4354
719 18295 531 4374
745 17789 579 4352
695 17656 591 4368
699 18063 531 4375
691 17794 515 4387
675 17255 535 4393
673 17654 535 4396
686 16863 515 4399
718 18262 543 4355
677 17185 538 4390
703 18609 529 4370
680 17750 533 4406
680 17137 535 4409
679 17941 591 4368
863 22194 506 4411
788 18823 655 4345
719 18692 502 4440
675 17349 535 4400
803 21090 529 4371
715 18353 620 4355
703 17999 591 4368
771 20035 540 4355
707 18072 559 4359
699 17809 525 4394
781 19894 511 4420
732 18745 518 4437
781 19440 529 4384
746 18917 514 4420
695 18421 527 4409
762 18934 517 4407
699 18031 600 4384
712 18246 551 4388
765 19711 598 4355
699 18761 543 4374
727 18447 547 4365
782 19538 515 4387
734 18442 556 4363
741 18324 531 4379
742 18965 517 4393
745 18631 598 4357
721 18965 511 4437
717 18270 547 4372
740 18949 531 4357
730 18920 531 4393
710 18934 531 4364
841 20966 547 4358
828 22208 531 4364
751 19237 525 4403
723 18483 625 4355
720 19168 525 4412
690 17861 537 4411
684 18373 540 4405
814 21166 531 4369
742 19067 598 4358
736 18525 583 4361
798 20385 538 4376
788 20027 598 4355
709 19188 550 4393
742 18392 567 4362
767 19859 531 4379
778 19983 541 4368
744 18383 547 4380
786 19180 531 4388
770 20408 540 4362
757 19128 527 4397
714 19508 532 4388
713 18050 538 4395
711 18476 559 4364
735 18895 547 4388
717 18424 582 4364
789 19492 560 4362
725 19296 550 4375
717 18458 535 4398
726 18934 543 4369
723 19310 540 4392
891 21612 554 4363
840 22144 598 4358
825 21397 531 4376
805 20550 534 4425
717 18696 636 4408
695 18034 559 4425
735 18388 615 4405
787 19747 582 4362
769 20201 538 4393
814 21189 531 4389
853 20441 542 4364
754 18430 588 4372
732 18969 629 4358
719 18906 543 4421
733 18850 565 4365
728 19315 550 4379
803 21557 538 4386
781 20008 575 4362
728 18709 577 4399
729 19174 575 4367
719 18911 540 4398
761 19411 559 4364
816 20034 541 4388
759 19241 559 4369
741 18546 579 4368
749 18713 554 4383
738 19294 543 4369
735 19144 543 4383
745 18718 579 4364
868 21820 531 4392
804 19700 541 4416
762 19046 653 4366
754 18894 591 4370
748 19722 652 4361
720 19189 550 4398
833 20660 543 4369
738 19013 625 4393
782 18905 568 4410
766 19891 543 4378
768 19298 554 4382
756 20578 563 4372
761 19422 559 4364
730 19694 550 4393
740 19308 565 4373
802 20604 547 4369
759 18987 575 4367
756 19098 575 4368
877 23515 542 4403
817 21153 559 4366
772 19068 656 4366
732 19813 550 4393
781 19456 637 4368
829 21113 554 4390
773 20217 598 4375
788 19275 602 4367
805 19413 553 4402
784 20527 584 4386
790 20599 588 4381
793 20721 591 4371
827 20814 578 4366
878 22650 577 4371
870 22435 591 4370
738 19858 550 4393
839 22231 575 4377
826 20224 552 4398
809 19934 591 4459
782 20226 563 4403
764 20017 570 4413
799 20024 575 4403
816 19986 558 4420
831 22062 583 4414
841 20951 575 4320
675 17933 623 4301
642 16646 630 4336
562 14568 341 4654
540 13437 397 5153
486 12534 440 4818
483 12589 440 4821
541 13749 403 5127
534 14367 398 4927
544 13743 427 4756
813 19009 495 4377
841 20951 575 4320
537 14030 407 4687
501 13476 456 4547
598 15855 598 4354
749 20391 467 4407
508 12981 453 4789
490 12742 424 4812
539 13287 436 4785
574 13881 392 4657
767 20186 503 4371
582 15549 582 4356
577 15465 350 4618
772 20346 499 4374
598 15740 357 4583
621 16101 362 4566
745 19324 591 4309
492 12827 440 4795
806 20094 417 4455
562 14182 350 4876
644 17235 347 4628
514 13619 482 4546
634 17030 539 4349
754 19067 481 4389
667 16719 529 4350
782 20641 495 4375
530 14269 432 4532
648 16344 447 4423
525 13838 412 4911
682 17736 553 4335
762 20196 578 4315
733 18520 607 4306
727 18760 563 4328
529 13680 403 5139
617 16091 352 4587
595 15570 521 4401
567 15079 347 4637
537 14030 407 4687
635 16307 377 4504
760 19919 441 4429
561 14853 363 4562
801 20716 489 4383
521 14156 473 4523
736 19332 431 4436
584 15602 570 4373
660 17462 623 4312
527 13349 400 5149
790 19397 566 4325
590 14692 369 4548
722 16869 405 4475
551 13997 372 4839
652 15339 392 4485
563 14731 341 4641
681 16170 611 4326
607 15781 593 4351
547 14888 459 4479
531 13287 453 4783
565 14096 388 4613
712 18393 369 4517
526 13942 477 4445
741 19641 559 4330
732 19561 493 4381
614 16083 549 4349
511 13845 496 4540
719 18074 511 4363
548 14565 463 4455
626 15552 411 4467
535 14416 383 4580
603 15923 386 4509
708 18863 454 4422
612 16239 497 4375
636 16440 421 4448
695 17325 541 4345
607 15975 506 4386
809 18824 472 4398
778 19434 465 4406
761 19238 517 4360
572 14419 346 4868
524 13404 428 4789
559 15121 545 4381
638 16799 473 4410
553 14926 366 4596
553 14926 366 4596
552 15092 450 4439
696 18265 527 4355
684 15609 418 4453
614 16268 381 4519
757 18692 528 4349
655 17588 577 4328
629 16498 540 4354
580 14207 346 4852
712 18111 578 4316
491 12744 417 4799
774 19285 508 4366
647 16630 543 4340
801 20716 489 4383
538 14145 408 4612
725 16944 413 4462
527 13551 443 4770
687 16465 391 4498
564 14248 350 4867
551 13997 372 4839
653 16900 614 4334
570 14820 439 4449
623 15682 527 4378
556 14689 341 4645
690 17303 384 4502
575 14362 461 4447
528 13767 403 5130
692 17803 559 4334
605 16127 511 4364
786 19942 607 4305
781 18933 490 4384
642 16688 630 4333
674 18041 491 4387
617 15162 486 4397
693 17716 561 4332
778 19534 518 4356
602 15252 485 4397
534 14367 398 4927
615 15126 515 4426
721 19297 469 4416
672 16904 479 4403
527 13551 443 4770
679 17052 385 4499
491 12926 454 4788
580 14207 346 4852
733 19768 415 4460
586 14645 395 4507
645 16584 515 4362
655 17115 519 4360
704 18221 540 4346
592 15305 479 4407
721 18050 439 4434
698 18308 506 4370
775 19035 483 4384
786 20933 478 4401
665 16642 575 4326
733 19648 480 4397
661 17022 623 4302
733 19768 415 4460
525 13838 412 4911
652 17494 561 4333
687 18425 575 4322
702 18504 607 4310
638 16963 528 4353
586 14645 395 4507
638 16704 409 4477
641 16691 618 4345
692 17857 483 4400
677 18196 485 4391
483 12589 440 4821
641 16691 618 4345
657 17515 607 4318
660 17524 591 4311
676 17517 566 4331
786 20946 478 4398
790 19397 566 4325
733 18520 607 4306
699 18207 566 4327
698 18315 575 4323
676 17815 472 4418
686 17157 485 4393
703 18611 528 4350
686 17157 485 4393
687 17823 516 4361
703 18611 528 4350
667 16719 529 4350
642 16646 630 4336
677 18196 485 4391
801 20716 489 4383
648 16447 529 4354
786 20933 478 4401
864 21529 566 4326
825 22202 483 4386
749 17784 469 4432
718 18737 623 4310
625 16221 497 4401
853 21321 575 4320
660 17568 591 4311
782 20709 493 4383
727 19301 607 4310
836 21137 547 4340
799 19614 559 4335
766 19845 540 4346
732 18713 578 4316
766 18919 473 4413
668 17257 479 4424
710 18591 566 4332
795 21030 493 4381
759 19345 532 4349
690 18644 481 4406
647 17218 560 4366
646 16469 515 4387
776 19193 493 4396
741 18338 503 4391
722 17909 528 4357
679 17633 492 4408
747 19627 504 4375
715 18358 566 4327
757 19786 515 4365
672 16502 479 4410
696 18669 504 4382
772 19106 544 4343
656 17065 554 4346
795 21203 489 4390
661 16842 543 4353
676 16583 515 4370
646 17382 543 4372
667 17066 529 4350
765 19001 483 4402
780 19758 483 4400
656 16670 543 4359
715 18695 517 4365
697 17598 542 4346
737 18798 553 4342
714 18801 501 4390
767 19334 527 4356
655 16774 515 4385
739 18483 501 4388
723 17790 501 4392
663 16764 531 4355
738 19606 527 4355
720 17725 516 4365
739 19052 527 4364
724 19021 483 4402
735 19257 543 4341
767 19334 527 4356
766 19845 540 4346
739 19052 527 4364
860 21456 575 4326
844 22124 491 4395
743 18758 623 4310
686 17703 479 4413
665 17127 653 4346
647 17391 563 4383
674 18017 591 4311
670 17626 623 4321
743 19669 527 4356
736 19192 578 4336
702 19308 511 4387
810 21861 493 4381
829 20518 517 4365
683 17877 607 4311
778 21152 516 4379
764 20640 504 4396
681 18463 529 4367
845 21039 508 4381
817 20214 517 4371
784 18097 499 4409
752 19161 543 4346
800 19831 483 4407
654 17261 501 4405
758 18964 554 4342
691 17437 529 4350
722 19243 575 4339
760 19068 508 4394
688 18154 529 4363
736 19213 575 4329
770 19864 485 4408
697 18221 499 4406
813 20041 483 4400
682 17919 559 4361
704 17166 515 4384
711 17636 518 4382
769 20607 556 4341
684 17269 547 4380
682 17802 517 4374
713 18971 527 4371
708 18130 561 4347
649 17302 560 4373
813 20041 483 4400
813 20041 483 4400
862 21111 566 4341
810 21910 493 4381
786 18614 485 4418
721 18703 479 4413
699 18370 591 4311
672 17198 653 4350
814 20068 483 4407
853 21733 531 4352
677 18036 607 4332
700 18015 630 4346
712 17944 609 4333
686 18598 538 4396
697 17441 531 4388
697 17815 531 4366
770 19844 579 4342
739 19080 503 4405
754 19163 527 4371
735 19167 528 4373
810 19643 554 4352
808 19997 528 4360
768 18806 515 4394
776 19706 575 4332
744 19014 517 4394
678 18301 561 4409
714 18191 541 4355
715 18128 576 4360
699 18118 593 4360
700 18504 559 4359
764 19700 544 4348
729 18701 529 4353
681 18008 501 4406
707 18155 524 4390
739 19049 522 4391
810 21910 493 4381
703 18707 530 4376
691 18454 548 4375
682 18481 550 4379
688 17867 542 4383
693 17898 560 4380
772 19999 544 4346
737 19145 563 4348
723 19120 516 4384
742 18990 528 4381
774 19653 526 4375
775 18657 517 4378
769 19111 515 4384
742 19740 559 4352
810 21910 493 4381
895 21933 517 4393
846 22908 519 4382
816 20029 483 4416
773 19135 490 4437
718 17591 534 4410
717 18460 648 4328
705 18704 591 4311
688 17901 565 4387
708 18197 630 4335
860 21709 578 4345
772 20628 517 4397
823 22375 497 4389
782 19165 505 4432
731 18541 607 4320
891 21606 554 4350
832 21310 578 4348
744 19536 529 4359
708 18315 513 4417
798 20286 563 4350
713 18568 591 4338
786 19879 572 4349
702 17935 531 4366
811 19666 487 4415
783 20037 540 4355
720 18456 607 4326
762 19606 525 4403
760 19719 579 4348
894 22673 559 4347
774 19746 526 4375
733 18883 550 4365
726 18926 552 4362
696 18471 550 4383
826 21439 561 4350
816 19975 524 4393
723 19173 559 4365
732 18889 543 4360
762 19737 527 4376
715 18437 607 4364
851 21441 529 4381
794 19260 490 4438
782 20122 591 4311
735 18768 648 4323
714 18037 531 4369
699 18999 556 4395
824 20687 530 4399
808 19796 586 4353
763 18610 515 4417
800 20849 563 4359
770 20408 540 4362
731 19380 616 4332
716 18813 639 4359
771 19918 607 4312
755 19141 525 4417
758 19218 623 4322
743 19090 517 4436
708 18419 559 4371
758 19787 554 4361
706 18510 563 4370
789 20024 545 4363
709 18105 531 4366
747 18682 591 4341
752 18627 598 4340
730 18877 609 4340
727 18947 563 4363
745 18567 607 4348
709 18069 531 4380
744 19158 607 4328
731 18601 607 4333
739 18480 609 4333
743 19025 591 4340
740 19242 607 4332
709 18069 531 4380
871 22921 591 4340
825 20504 494 4449
766 19460 623 4323
725 18717 650 4367
723 18182 598 4385
710 19073 546 4366
780 20738 554 4361
723 19285 532 4398
771 20402 591 4349
853 20441 542 4364
763 19671 595 4344
753 18681 531 4367
739 18384 563 4370
741 19155 630 4341
712 18363 554 4379
732 18490 547 4391
739 19529 630 4355
736 18584 620 4367
761 20573 591 4351
747 18780 607 4340
726 18856 607 4376
753 18919 591 4360
714 19453 533 4398
735 18961 537 4387
739 19376 540 4373
711 18907 559 4370
744 18627 623 4340
714 19508 532 4388
726 18934 543 4369
749 19166 531 4385
771 20402 591 4349
731 19651 531 4390
733 19103 531 4390
824 21033 591 4351
783 21051 531 4369
753 18927 660 4378
748 19064 607 4343
743 18992 544 4436
727 18498 604 4398
715 18547 577 4381
799 20815 539 4376
761 20242 553 4372
799 20754 563 4365
768 19441 591 4362
792 18780 572 4368
780 19008 586 4373
734 19604 579 4371
786 19881 554 4368
720 19126 550 4379
728 19694 575 4366
767 20098 534 4384
740 20101 563 4366
785 19990 537 4390
743 20027 532 4392
749 19190 563 4370
747 19483 591 4370
814 21166 531 4369
795 20180 607 4345
728 18952 591 4422
721 18848 630 4402
806 20422 563 4368
745 20173 566 4374
759 19352 581 4404
770 19194 600 4383
761 19612 566 4376
723 19712 550 4379
792 20802 538 4394
757 19314 586 4388
790 21140 554 4376
787 20671 541 4401
786 20615 549 4389
783 19686 605 4374
770 20828 591 4368
723 19261 582 4401
877 23515 542 4403
792 20505 629 4375
757 19658 639 4409
735 19079 623 4427
732 19813 550 4393
817 21067 582 4377
735 19336 627 4410
784 20752 584 4379
792 20789 549 4389
768 19718 559 4380
803 20381 566 4379
809 20257 558 4380
808 20898 555 4393
792 20815 549 4397
760 20345 563 4424
751 19508 639 4413
787 20158 595 4412
769 20618 563 4411
843 22061 637 4403
813 19009 495 4377
810 21743 529 4352
675 17933 623 4301
636 16545 630 4336
562 14568 341 4654
540 13437 397 5153
486 12534 440 4818
483 12589 440 4821
534 14367 398 4927
541 13749 403 5127
772 20696 493 4381
544 13743 427 4756
787 19800 481 4389
537 14030 407 4687
806 20094 417 4455
681 16170 611 4326
754 20307 478 4398
781 19781 540 4348
539 13287 436 4785
498 13477 468 4552
490 12742 424 4812
521 14156 473 4523
514 13619 482 4546
562 14182 350 4876
598 15855 598 4354
582 15549 582 4356
598 15740 357 4583
701 17805 351 4573
578 14794 380 4558
729 19120 607 4304
592 15756 568 4364
626 15552 411 4467
603 15923 386 4509
652 15339 392 4485
718 18165 575 4331
508 12981 453 4789
560 14061 389 4520
765 19354 511 4361
537 14030 407 4687
611 15302 524 4403
547 14888 459 4479
550 13835 422 4608
656 17037 554 4346
529 13475 415 5141
595 15570 521 4401
600 15497 365 4529
661 17022 623 4302
607 15975 506 4386
525 13838 412 4911
687 18229 591 4324
572 14419 346 4868
567 15079 347 4637
610 15834 354 4575
722 16869 405 4475
695 17580 563 4336
527 13349 400 5149
508 12981 453 4789
740 19256 516 4357
511 13845 496 4540
556 14689 341 4645
712 17928 559 4341
530 14269 432 4532
586 14645 395 4507
778 19534 518 4356
552 15092 450 4439
706 18322 559 4329
614 16083 549 4349
669 17428 543 4353
580 14207 346 4852
690 17303 384 4502
548 14565 463 4455
526 13942 477 4445
553 14926 366 4596
570 14820 439 4449
528 13767 403 5130
574 13881 392 4657
697 18094 552 4339
734 18401 579 4316
551 13997 372 4839
551 13997 372 4839
607 15781 593 4351
563 14731 341 4641
530 13690 404 4857
563 14512 368 4570
745 19607 429 4441
736 19332 431 4436
708 18863 454 4422
760 19919 441 4429
671 17272 532 4349
565 14096 388 4613
660 16381 499 4397
768 19142 511 4364
575 14362 461 4447
759 20620 527 4356
742 18230 466 4407
535 14416 383 4580
546 14485 431 4490
577 15465 350 4618
774 19285 508 4366
632 15798 503 4395
585 15396 429 4450
637 16537 630 4336
531 13287 453 4783
564 14248 350 4867
753 18204 453 4419
683 17965 543 4346
492 12827 440 4795
661 16956 469 4414
638 16704 409 4477
588 15211 445 4424
684 15609 418 4453
647 17153 508 4369
676 17082 545 4343
635 16307 377 4504
646 16429 535 4358
565 15032 547 4384
754 20140 578 4315
778 19434 465 4406
713 18624 503 4369
527 13551 443 4770
757 19786 515 4365
621 16101 362 4566
687 16344 611 4322
777 20102 489 4383
692 18672 480 4410
698 17464 578 4320
525 13838 412 4911
687 16465 391 4498
746 18462 543 4340
760 19919 441 4429
727 18760 563 4328
809 18824 472 4398
495 12807 440 4798
623 15682 527 4378
718 18556 567 4328
720 18896 493 4382
615 15126 515 4426
588 15211 445 4424
709 18342 542 4345
619 16609 497 4375
677 18196 485 4391
527 13551 443 4770
732 19079 575 4322
629 16985 527 4370
621 16101 362 4566
491 12744 417 4799
524 13404 428 4789
544 13743 427 4756
661 17022 623 4302
663 17189 529 4354
604 15699 577 4356
617 16583 495 4408
672 17683 565 4338
706 18678 490 4385
633 15652 486 4406
491 12926 454 4788
680 17741 578 4327
721 18818 527 4359
635 16307 377 4504
574 13881 392 4657
696 18115 566 4333
694 16629 485 4415
659 16864 535 4354
644 17235 347 4628
553 14926 366 4596
658 17172 492 4402
726 19012 543 4341
745 18986 543 4343
636 16553 420 4453
699 18370 591 4311
641 16688 607 4306
644 17235 347 4628
645 16782 495 4396
745 19324 591 4309
641 16504 543 4373
640 16758 495 4402
731 18460 483 4384
662 16679 529 4355
759 20620 527 4356
672 17683 565 4338
768 19142 511 4364
690 18644 481 4406
633 16765 543 4374
731 18460 483 4384
641 16504 543 4373
662 16679 529 4355
713 18624 503 4369
746 18462 543 4340
882 24187 501 4375
761 18718 623 4302
749 20391 467 4407
648 15836 486 4410
638 15956 469 4433
636 16558 630 4342
631 16899 550 4406
784 21370 527 4356
814 20102 517 4364
786 20350 469 4431
632 16491 614 4352
707 18177 598 4334
736 19200 575 4337
752 20092 578 4320
677 16690 556 4395
662 17380 623 4307
673 17537 607 4327
773 20176 591 4311
710 17166 483 4416
748 19057 591 4315
686 17964 515 4383
680 17461 534 4384
801 20716 489 4383
726 18662 511 4369
808 20283 492 4387
665 17181 547 4359
721 18236 575 4345
654 17016 540 4390
730 19316 595 4316
775 19184 518 4365
785 20889 493 4381
656 17065 554 4346
714 16862 485 4415
795 19432 483 4400
677 17656 529 4355
672 17683 517 4371
773 20551 508 4375
780 20852 499 4378
754 20325 478 4398
709 17809 506 4395
642 16646 630 4336
754 20310 478 4402
777 20044 485 4397
646 16893 618 4348
684 18029 511 4370
710 17943 598 4336
740 19468 503 4392
737 19594 493 4392
724 18785 499 4393
784 19131 577 4339
746 19357 575 4329
753 19380 575 4326
741 18935 497 4392
751 18935 540 4349
710 18775 483 4406
675 17420 547 4357
645 16850 495 4396
646 16836 543 4370
745 19585 575 4335
759 19296 528 4357
777 20062 501 4377
752 18966 544 4348
749 20391 467 4407
636 16613 630 4338
756 19311 577 4335
850 21636 575 4329
842 22662 491 4394
805 20818 623 4306
763 20580 478 4398
689 17404 646 4320
654 16143 486 4424
638 16956 565 4412
730 17948 598 4338
817 20206 517 4365
849 21779 499 4378
762 19403 623 4315
676 17237 581 4359
695 18820 529 4355
845 21645 607 4313
667 17298 554 4346
665 17571 538 4410
703 16628 486 4410
752 19414 575 4335
808 20550 623 4306
657 17596 558 4385
673 17657 508 4419
683 17846 525 4394
796 19505 623 4309
785 20664 511 4373
785 20948 493 4381
714 18037 531 4369
742 19702 527 4370
757 19752 515 4371
717 18752 511 4382
657 16896 540 4397
787 18494 515 4382
671 18023 549 4374
649 16977 565 4370
731 18395 623 4319
679 17896 623 4321
706 17013 517 4398
671 17723 495 4396
705 18184 529 4357
761 20288 493 4396
686 17983 517 4371
679 18282 517 4377
805 20818 623 4306
845 22262 478 4398
689 17604 646 4320
671 16722 498 4424
795 20603 623 4328
763 20163 598 4337
687 18034 572 4351
810 21910 493 4381
800 21470 501 4395
759 18771 607 4343
772 19978 541 4361
714 18585 641 4346
824 22068 530 4366
681 17434 565 4370
695 17905 529 4418
837 20917 517 4368
786 20933 478 4401
681 18008 501 4406
729 18888 528 4384
786 20933 478 4401
743 19503 545 4367
681 17681 559 4387
766 20168 515 4380
747 18384 524 4378
699 18761 543 4374
809 19703 531 4367
703 18182 550 4380
764 19210 518 4380
723 19484 543 4372
691 17715 567 4349
693 18177 554 4350
770 19867 517 4392
672 17816 559 4381
694 18855 508 4397
682 18443 497 4399
709 18273 531 4373
751 18820 522 4390
689 19033 534 4380
685 17972 518 4402
712 17942 511 4399
695 18194 522 4394
752 18973 527 4372
695 17631 561 4347
726 18934 543 4369
723 19582 528 4372
744 18888 541 4370
689 18258 538 4399
765 19897 529 4371
748 19876 530 4368
839 22110 508 4401
726 18026 503 4426
703 17654 646 4320
681 18254 512 4418
807 21530 528 4374
700 18322 646 4330
714 18588 641 4346
683 18010 584 4395
789 20155 630 4347
772 20628 517 4397
816 21376 520 4381
715 18353 620 4355
697 18333 506 4410
798 19956 554 4366
814 21166 531 4369
733 17840 565 4372
788 20743 553 4366
712 18118 575 4359
761 19347 527 4376
712 19185 600 4349
741 18246 544 4417
823 20537 575 4348
700 18755 512 4406
737 18435 607 4348
725 19047 540 4378
825 20502 538 4372
765 18599 531 4390
744 19533 593 4348
789 20649 564 4349
816 20863 534 4369
698 18219 559 4365
746 19619 549 4373
717 18573 537 4384
718 18963 559 4353
729 18041 591 4353
762 20376 554 4368
755 18541 538 4377
704 18673 510 4401
748 19847 531 4391
710 18846 550 4375
738 18356 607 4348
748 18778 535 4399
749 18899 531 4379
732 18490 547 4391
705 18166 565 4368
704 18916 550 4393
732 18628 575 4352
729 18595 538 4377
895 22678 571 4355
729 19919 506 4415
704 17848 646 4327
692 18408 535 4428
868 20872 586 4356
795 21093 553 4366
718 18266 614 4372
800 19956 554 4366
745 18567 607 4348
760 20275 565 4369
768 19441 591 4362
694 18583 584 4399
767 19484 525 4403
762 19231 511 4404
722 18988 539 4411
780 20781 559 4372
726 18856 607 4376
719 18906 543 4421
709 19052 550 4393
783 19872 530 4376
733 19187 577 4375
700 18580 575 4386
738 19517 541 4378
739 18782 538 4395
751 19930 575 4361
732 18493 547 4391
776 18537 559 4373
748 19665 554 4373
765 19898 565 4367
781 19440 529 4384
762 19231 511 4404
718 18978 559 4384
718 19475 536 4418
796 19465 556 4378
735 19204 566 4377
720 18682 543 4394
719 19639 550 4392
726 18793 547 4391
729 18884 529 4415
771 19486 552 4377
769 19651 531 4377
754 19503 543 4384
846 21442 531 4378
825 22021 554 4372
789 19704 646 4331
784 19886 512 4437
745 18571 607 4353
714 19394 535 4428
787 20860 572 4367
770 19589 524 4430
750 20309 575 4374
811 21303 542 4377
781 20885 517 4422
756 19596 558 4379
737 18978 543 4413
728 18894 548 4402
792 20220 530 4408
783 19675 591 4362
781 19350 530 4414
784 20002 582 4368
721 19784 550 4393
719 19434 602 4399
780 19543 552 4384
732 19390 598 4387
816 20034 541 4388
752 19831 547 4382
812 20205 542 4397
816 20034 541 4388
850 22345 534 4416
805 21042 591 4364
753 18872 639 4423
742 19300 568 4449
732 19813 550 4393
765 19865 614 4386
824 21451 546 4404
792 20605 559 4379
757 19002 627 4409
737 19726 598 4387
847 21054 572 4376
826 21172 582 4370
794 20317 591 4372
820 21254 582 4371
755 20401 623 4381
732 19771 550 4402
793 20508 588 4389
793 20721 591 4371
887 22750 541 4434
823 20655 561 4380
765 19428 639 4410
750 20395 598 4391
773 20118 559 4393
768 20206 598 4390
757 20201 559 4422
758 20432 550 4393
836 21527 554 4394
816 20158 568 4449
784 20637 550 4396
769 20652 607 4414
772 20886 591 4417
858 22039 616 4421
829 21010 623 4401
828 20705 614 4469
826 21871 639 4418
797 20771 565 4425
855 21040 604 4446
