6232 14.9692
602 15803 396 4680
509 13145 416 4701
587 14343 399 4670
571 14281 374 4748
612 14562 383 4711
520 13049 396 4730
602 15803 396 4680
541 13669 395 4757
531 13206 402 4687
609 15450 388 4697
557 14078 385 4707
517 13402 397 4713
588 14995 382 4743
587 14343 399 4670
588 14995 382 4743
540 13810 387 4729
542 13315 423 4682
593 14808 386 4699
533 13601 398 4684
541 13669 395 4757
569 14781 409 4677
569 14781 409 4677
609 15450 388 4697
612 14562 383 4711
551 13813 397 4692
571 14281 374 4748
612 14562 383 4711
581 14433 391 4705
541 13801 395 4732
533 13704 380 4747
588 14995 382 4743
509 13145 416 4701
524 13227 401 4706
520 13049 396 4730
542 13315 423 4682
542 13787 426 4675
559 14079 420 4678
517 13402 397 4713
609 15450 388 4697
533 13704 380 4747
530 13386 396 4705
588 14995 382 4743
612 14562 383 4711
524 13227 401 4706
573 13400 386 4748
581 14433 391 4705
559 14079 420 4678
540 13810 387 4729
520 13049 396 4730
612 14562 383 4711
540 13810 387 4729
551 13813 397 4692
541 13669 395 4757
559 14079 420 4678
509 13145 416 4701
609 15450 388 4697
588 14995 382 4743
581 14433 391 4705
581 14433 391 4705
541 13669 395 4757
587 14343 399 4670
602 15803 396 4680
530 13386 396 4705
540 13810 387 4729
593 14808 386 4699
559 14079 420 4678
517 13402 397 4713
509 13145 416 4701
612 14562 383 4711
609 15450 388 4697
569 14781 409 4677
551 13813 397 4692
524 13227 401 4706
541 13669 395 4757
524 13227 401 4706
541 13669 395 4757
569 14781 409 4677
517 13402 397 4713
541 13669 395 4757
541 13669 395 4757
533 13601 398 4684
602 15803 396 4680
551 13813 397 4692
542 13315 423 4682
509 13145 416 4701
542 13315 423 4682
602 15803 396 4680
533 13704 380 4747
588 14995 382 4743
602 15803 396 4680
609 15450 388 4697
524 13227 401 4706
517 13402 397 4713
531 13206 402 4687
593 14808 386 4699
533 13704 380 4747
587 14343 399 4670
609 15450 388 4697
559 14079 420 4678
612 14562 383 4711
540 13810 387 4729
533 13704 380 4747
609 15450 388 4697
609 15450 388 4697
588 14995 382 4743
581 14433 391 4705
581 14433 391 4705
517 13402 397 4713
542 13787 426 4675
530 13386 396 4705
540 13810 387 4729
542 13315 423 4682
520 13049 396 4730
587 14343 399 4670
533 13704 380 4747
569 14781 409 4677
569 14781 409 4677
517 13402 397 4713
541 13669 395 4757
541 13669 395 4757
602 15803 396 4680
551 13813 397 4692
542 13315 423 4682
602 15803 396 4680
602 15803 396 4680
609 15450 388 4697
524 13227 401 4706
593 14808 386 4699
