97 10.4482
737 18330 415 4491
725 18481 415 4491
723 17864 463 4471
655 16984 346 4695
526 13654 507 4581
480 12268 377 4772
467 12606 417 4820
521 13673 491 4597
480 12268 377 4772
468 12569 397 4811
707 18004 432 4476
521 13453 476 4668
521 13309 490 4669
555 14180 459 4508
613 16185 347 4673
718 18327 423 4479
581 14680 451 4488
521 13969 465 4628
512 13572 435 4636
541 14233 475 4504
695 16955 398 4511
626 16315 353 4619
701 17923 418 4492
519 12908 385 4722
547 14372 380 4604
619 15952 346 4705
577 14444 427 4530
518 13925 392 4658
498 13173 462 4683
526 14055 447 4523
625 16500 363 4576
682 17476 354 4567
602 15238 352 4620
501 13503 389 4671
591 15122 355 4634
490 12721 377 4756
499 12995 377 4726
564 13998 352 4706
484 12365 397 4763
506 12949 405 4734
534 14124 410 4612
632 15595 413 4503
475 12276 377 4772
510 13126 396 4717
596 15319 423 4487
534 14362 373 4646
576 14813 441 4500
689 17077 420 4482
554 14127 359 4611
589 15153 401 4528
597 15813 395 4516
540 13709 411 4573
561 13862 421 4534
545 13815 373 4710
642 16585 360 4556
496 13187 382 4732
549 14022 426 4554
495 12779 397 4739
515 12685 377 4733
633 15851 364 4584
531 13349 490 4663
637 16408 387 4535
578 14612 442 4502
621 16674 382 4521
657 17141 423 4483
505 13280 476 4677
627 16734 360 4569
565 15026 426 4529
670 17155 365 4549
659 17670 369 4548
537 13946 372 4679
555 14628 379 4600
522 13754 373 4715
588 15736 365 4564
493 12840 382 4750
584 15130 355 4644
485 12532 383 4765
609 15352 347 4689
598 15165 391 4518
574 14755 403 4523
677 17761 354 4573
685 17753 369 4546
652 16801 370 4544
467 12606 417 4820
643 16623 448 4474
648 16137 369 4558
586 14653 414 4517
526 13611 383 4684
600 15491 346 4714
607 15182 367 4562
712 17379 418 4487
582 15268 354 4587
518 13778 387 4660
674 17221 420 4482
543 13940 370 4687
520 13805 386 4714
521 13991 465 4626
577 14522 371 4554
492 12589 397 4761
577 14922 366 4579
659 16004 435 4472
490 13053 377 4747
710 17263 434 4478
533 13404 476 4674
511 12957 383 4718
588 15395 389 4530
531 14251 382 4694
690 16837 381 4537
674 17051 406 4495
679 17495 397 4512
645 16685 418 4493
666 16451 421 4490
640 16810 357 4568
551 14079 396 4586
675 17968 381 4535
632 15676 366 4571
532 13933 381 4639
486 12589 377 4767
572 14731 394 4537
535 13834 368 4703
609 15562 374 4552
583 14662 442 4497
608 15876 364 4560
551 14281 356 4666
569 14808 378 4568
643 16789 358 4574
566 14325 357 4627
705 17550 381 4533
553 14506 434 4507
478 12424 383 4769
553 14171 365 4701
643 16407 423 4486
561 14600 475 4502
709 17866 463 4471
609 15562 374 4552
567 14827 377 4542
478 12424 383 4769
570 15228 434 4505
468 12569 397 4811
528 13333 382 4714
666 16466 423 4480
491 12635 377 4752
592 15281 389 4530
503 12785 377 4751
711 17704 415 4494
658 16946 381 4539
504 13647 393 4636
663 16061 370 4543
505 12643 377 4738
581 14958 402 4523
468 12569 397 4811
712 17379 418 4487
551 14405 383 4552
579 14824 353 4658
648 16137 369 4558
564 14698 408 4534
623 16418 405 4513
581 15265 407 4504
663 16061 370 4543
627 15860 360 4572
562 14285 393 4560
562 14880 372 4576
690 16837 381 4537
582 14971 433 4482
490 13053 377 4747
654 16908 346 4698
705 17550 381 4533
671 16478 381 4541
654 16908 346 4698
607 15182 367 4562
643 16623 448 4474
536 13767 433 4525
660 17015 423 4483
632 16492 365 4550
654 15872 435 4478
623 16418 405 4513
569 14858 405 4528
576 14813 441 4500
599 15623 368 4573
536 13767 433 4525
588 15395 389 4530
581 14695 416 4546
660 17015 423 4483
599 15623 368 4573
706 17536 418 4487
551 14405 383 4552
541 14218 475 4505
567 14827 377 4542
706 17536 418 4487
573 14879 423 4510
573 14879 423 4510
564 14698 408 4534
581 14695 416 4546
480 12268 377 4772
671 16478 381 4541
627 15860 360 4572
563 14824 405 4533
541 14218 475 4505
576 14813 441 4500
775 19003 433 4479
723 17896 463 4471
619 16077 346 4705
548 14332 475 4505
474 12704 397 4815
520 13630 382 4733
537 13046 397 4761
611 15943 353 4627
585 14682 442 4497
557 14334 459 4512
757 18522 415 4491
545 14440 475 4505
538 14033 387 4732
577 15233 405 4528
695 18952 412 4502
712 17987 365 4549
738 18485 434 4476
670 17491 405 4519
566 14867 374 4614
729 17773 420 4482
696 16920 418 4501
562 14332 420 4612
585 15303 354 4596
572 14784 397 4713
587 15001 435 4483
545 14132 384 4722
639 16631 364 4582
587 14597 431 4532
664 17075 418 4493
645 15820 396 4522
610 15097 391 4605
650 16212 352 4620
680 16250 381 4543
684 17699 413 4500
626 16415 353 4619
568 14142 427 4539
723 18321 379 4542
574 14720 416 4600
650 17301 384 4543
723 18444 369 4546
659 16013 435 4472
595 15727 392 4542
684 16914 423 4480
718 17328 434 4478
568 14142 427 4539
608 15632 423 4492
692 18263 360 4556
614 16040 365 4573
602 15341 371 4567
635 15638 389 4532
587 15586 360 4591
671 18269 369 4548
616 15513 393 4546
596 15860 412 4513
692 18263 360 4556
689 16768 423 4483
602 15461 376 4563
621 16329 418 4505
604 15319 415 4519
664 17422 360 4565
665 17704 376 4546
633 16631 366 4555
588 15792 376 4563
636 16536 391 4531
612 16656 389 4545
633 16631 366 4555
652 16200 434 4486
647 15814 382 4545
639 16675 365 4550
666 16747 423 4491
654 15874 435 4478
651 15800 365 4568
601 15531 384 4556
649 16611 376 4550
625 16070 370 4565
636 15885 370 4566
637 16494 376 4551
651 16557 417 4503
664 17422 360 4565
652 16200 434 4486
637 16494 376 4551
651 16557 417 4503
649 16611 376 4550
692 18263 360 4556
692 18263 360 4556
786 19826 415 4494
723 17992 463 4471
651 16555 346 4705
548 14343 475 4505
494 12767 397 4837
529 14063 397 4799
561 14674 397 4745
668 16962 352 4633
519 13567 397 4834
505 13633 417 4819
642 16606 346 4705
595 15002 451 4485
740 18160 415 4503
572 14979 459 4513
582 15405 396 4722
725 18442 423 4482
729 19150 388 4549
631 15617 373 4574
568 15272 442 4588
731 19091 421 4498
668 17277 405 4532
592 15885 356 4606
585 14726 442 4497
621 15557 364 4598
704 17326 463 4476
604 15731 445 4494
680 16716 435 4477
645 16890 353 4620
620 16564 372 4605
652 15382 382 4578
699 18236 409 4519
647 16761 365 4550
723 17887 463 4474
693 17906 413 4508
656 17364 396 4527
645 15866 428 4506
627 15887 435 4483
659 16416 418 4520
636 16207 389 4557
626 15727 395 4590
609 15577 356 4618
627 16360 406 4544
608 15966 407 4536
654 16591 384 4564
613 16029 431 4503
672 16396 393 4533
587 15398 382 4598
608 16138 423 4512
633 16232 430 4498
641 16997 418 4518
735 19138 408 4521
693 17633 418 4507
654 16626 384 4556
648 15594 406 4579
686 17804 405 4522
606 16089 389 4560
688 17779 397 4525
729 18137 421 4502
652 16737 393 4533
622 16393 405 4554
669 16149 409 4525
692 17677 423 4483
697 17646 423 4499
641 15769 420 4521
703 18052 420 4503
610 15740 420 4550
616 15656 431 4494
607 16015 431 4551
616 16213 389 4556
645 16981 420 4505
732 18110 435 4487
722 18275 420 4503
657 16281 357 4641
629 15617 372 4703
609 15055 451 4485
571 14524 475 4519
593 15617 401 4639
676 17724 420 4505
608 15645 398 4664
655 17275 409 4572
644 16970 410 4574
659 17071 419 4530
621 15970 372 4685
629 16114 369 4614
638 15842 390 4596
629 16516 434 4538
641 16188 364 4680
617 16079 428 4540
662 17196 365 4550
635 15875 442 4501
635 16819 376 4581
621 15623 383 4608
614 16293 440 4576
654 16853 392 4577
671 16536 435 4488
640 16065 383 4583
657 17256 423 4514
608 16717 394 4597
614 16632 447 4505
616 16053 409 4596
642 15997 420 4523
672 16213 409 4527
638 16703 450 4486
662 17196 365 4550
663 16132 409 4539
608 16135 442 4516
754 19604 369 4614
636 15745 452 4502
634 16208 386 4743
630 15904 451 4485
621 16539 475 4497
611 16273 398 4721
628 16626 383 4702
744 19269 372 4553
723 18649 400 4556
630 16389 369 4617
620 16197 467 4500
678 18237 439 4499
706 16783 405 4591
696 17382 390 4559
701 17668 420 4524
665 17503 371 4568
642 16863 416 4593
718 18293 445 4498
684 16942 418 4551
652 17164 376 4616
658 16002 420 4532
685 16662 409 4528
666 16760 430 4527
673 17361 409 4551
655 17064 385 4596
722 18350 420 4513
697 17223 376 4562
666 17454 404 4551
640 16480 442 4505
675 17063 426 4525
652 17472 423 4523
658 17377 402 4591
658 16117 442 4509
698 17589 422 4525
698 18319 420 4516
639 16983 441 4595
654 16507 440 4591
675 18262 441 4516
723 17896 486 4490
722 18841 456 4495
664 16440 429 4576
655 16672 371 4717
650 17119 488 4557
631 16601 377 4630
708 18402 394 4576
713 18767 409 4528
641 17408 468 4522
681 18041 442 4512
689 16958 409 4529
699 18120 419 4528
659 16789 453 4554
702 17472 389 4600
671 17855 421 4614
704 17699 378 4594
669 17252 460 4507
686 18030 452 4531
631 16508 384 4627
646 16524 423 4624
653 17429 448 4590
671 17247 446 4559
642 16443 417 4626
684 17315 446 4557
657 17366 372 4626
711 18330 414 4569
701 18840 418 4617
694 18287 445 4512
684 16606 383 4648
666 16519 385 4642
653 17729 488 4537
642 16809 395 4660
709 18641 410 4574
689 17540 434 4549
696 17698 423 4611
643 16838 453 4627
664 17178 441 4611
645 16972 383 4641
643 16661 385 4633
665 16927 441 4626
767 18559 434 4557
694 18291 445 4512
682 18144 385 4636
654 17157 498 4645
647 16946 397 4713
726 18406 428 4581
713 18125 423 4611
696 17727 423 4618
735 18462 443 4554
660 17623 409 4640
670 17371 409 4639
700 18504 436 4551
691 17460 399 4644
708 17257 390 4640
701 18158 431 4611
693 18317 385 4633
745 19368 436 4589
740 19368 447 4522
707 18660 473 4530
701 18603 385 4639
698 18412 411 4690
701 18625 385 4633
777 20383 474 4546
701 18765 385 4640
727 19387 385 4637
767 19267 385 4634
731 19472 385 4640
723 18768 385 4650
743 18316 403 4502
723 18626 433 4476
639 16806 448 4463
586 15129 346 4641
526 13654 507 4581
480 12268 377 4772
467 12606 417 4820
475 12276 377 4772
468 12569 397 4811
520 13667 491 4597
521 13419 476 4672
548 14269 475 4505
595 15509 489 4491
543 13940 370 4687
581 15374 360 4595
521 13991 465 4626
530 13243 372 4700
632 14987 445 4498
719 17555 407 4500
683 18006 423 4477
710 17351 423 4478
640 17099 447 4470
498 13173 462 4683
518 13778 387 4660
677 17761 354 4573
729 18140 391 4514
684 17832 370 4549
730 17803 415 4494
535 13834 368 4703
695 16955 398 4511
592 16127 412 4525
505 13280 476 4677
627 16496 353 4585
546 14095 442 4540
522 13903 373 4646
478 12424 383 4769
556 14554 459 4512
570 14733 379 4580
662 17512 389 4528
607 15585 403 4512
618 15653 437 4482
485 12532 383 4765
668 16871 418 4488
490 12721 377 4756
636 16325 420 4495
556 14467 451 4515
687 16692 365 4543
671 17228 376 4545
604 15989 437 4490
499 12995 377 4726
689 16243 352 4624
702 18211 392 4522
503 13094 384 4721
568 14142 427 4539
602 15425 405 4523
653 16230 406 4510
573 14999 354 4618
531 13349 490 4663
467 12606 417 4820
586 14554 361 4597
515 12685 377 4733
513 12756 377 4734
586 15129 346 4641
484 12307 397 4763
646 16643 357 4565
612 15063 429 4498
563 14422 374 4601
560 14696 366 4601
586 14653 414 4517
564 14698 408 4534
545 14327 352 4712
646 16414 387 4529
589 14549 376 4571
636 16746 350 4621
495 12779 397 4739
687 17747 392 4526
559 14291 431 4508
535 14092 386 4637
551 14020 359 4607
641 16761 358 4574
666 15927 352 4628
618 15653 437 4482
572 14508 402 4536
669 17511 352 4598
550 14566 421 4537
493 12840 382 4750
484 12394 397 4759
512 13572 435 4636
528 14133 381 4640
501 13503 389 4671
588 15736 365 4564
577 14811 415 4499
523 13521 490 4666
599 15212 401 4533
658 16754 435 4472
511 12957 383 4718
615 15970 433 4477
597 15813 395 4516
519 12908 385 4722
668 17964 369 4541
670 17227 397 4508
658 16307 423 4479
647 16845 435 4472
541 14265 405 4560
701 16797 415 4496
596 16038 412 4520
549 14022 426 4554
624 15281 415 4497
521 13309 490 4669
468 12569 397 4811
649 17023 380 4532
555 13710 352 4708
540 14201 410 4628
510 13210 372 4738
693 17328 415 4496
560 14312 389 4561
645 16692 391 4531
491 12635 377 4752
570 15347 356 4627
710 17351 423 4478
522 13754 373 4715
556 14382 426 4521
557 14473 372 4585
554 14431 439 4519
481 12412 377 4766
668 16652 396 4515
493 12840 382 4750
599 16054 358 4604
532 14248 373 4633
504 12913 377 4743
692 18243 394 4518
601 15084 429 4498
594 15509 376 4569
558 15116 410 4543
555 14409 451 4519
529 13908 459 4521
640 16919 357 4568
684 15867 398 4512
600 14908 403 4525
553 14260 397 4555
549 14180 407 4546
669 17636 395 4514
641 16384 406 4510
627 16496 353 4585
648 16222 423 4491
628 15407 383 4533
521 13969 465 4628
508 13041 397 4714
550 14369 386 4629
594 15263 365 4595
638 16938 394 4522
577 14811 415 4499
516 13791 386 4638
595 15287 423 4492
564 13998 352 4706
548 14293 393 4573
640 16260 352 4607
525 13080 372 4722
552 14777 461 4516
508 13041 397 4714
498 12637 397 4744
586 14920 354 4630
554 14431 439 4519
649 17023 380 4532
552 14223 389 4564
625 16051 352 4638
497 13191 395 4724
692 18250 394 4514
645 17069 403 4511
598 15014 407 4503
586 14920 354 4630
552 14777 461 4516
497 13191 395 4724
730 17803 415 4494
668 17964 369 4541
552 14530 421 4531
599 16054 358 4604
568 15103 377 4534
598 15014 407 4503
594 15509 376 4569
613 15124 434 4494
599 15212 401 4533
573 14999 354 4618
532 14248 373 4633
613 15124 434 4494
551 14020 359 4607
570 15347 356 4627
669 17636 395 4514
636 16746 350 4621
522 13964 373 4644
702 18211 392 4522
498 12637 397 4744
628 15407 383 4533
636 16746 350 4621
556 14467 451 4515
636 16746 350 4621
586 14554 361 4597
645 17069 403 4511
540 14201 410 4628
549 14022 426 4554
522 13964 373 4644
687 16692 365 4543
710 17351 423 4478
669 17636 395 4514
540 14201 410 4628
532 14248 373 4633
761 18535 415 4494
723 19056 423 4477
639 16841 448 4468
601 15807 348 4697
598 15469 505 4494
536 13881 409 4685
636 16780 448 4479
598 15469 505 4494
555 14653 363 4652
555 14262 389 4572
689 18578 373 4582
574 15199 426 4536
603 15839 366 4637
731 18700 423 4477
708 18285 420 4492
664 18075 382 4533
702 18201 392 4526
563 14412 389 4561
607 15588 356 4626
628 17180 442 4477
614 16232 393 4547
600 14894 378 4635
672 17537 353 4586
566 14709 442 4560
706 17853 376 4549
654 16487 403 4512
617 15782 365 4607
719 16969 401 4520
651 16319 407 4507
623 14881 445 4518
641 15823 376 4601
604 15262 413 4516
643 17000 394 4527
589 15210 377 4555
640 16698 353 4616
594 15616 401 4541
659 17175 421 4500
639 16794 353 4589
677 17983 431 4482
666 17954 447 4470
707 17549 415 4496
684 16623 432 4483
617 15694 390 4542
647 17047 447 4473
617 15456 431 4501
590 15208 377 4569
648 16369 435 4477
646 16765 417 4504
675 16547 415 4503
731 18700 423 4477
681 16740 423 4483
608 15525 423 4497
612 15595 403 4519
604 15482 389 4554
627 15564 393 4536
640 16911 377 4540
647 16874 435 4476
681 16740 423 4483
645 16569 352 4636
637 16749 433 4477
648 16369 435 4477
645 16569 352 4636
639 16841 448 4468
606 15557 423 4492
606 15557 423 4492
731 18700 423 4477
761 20472 448 4468
608 15701 360 4637
598 15572 363 4656
598 15469 505 4503
567 14511 400 4561
555 14621 393 4573
723 19080 423 4477
630 16494 491 4502
649 16570 451 4477
641 15405 385 4582
569 14671 397 4567
694 18231 375 4605
713 18926 394 4526
685 18272 375 4605
610 15686 370 4633
601 15638 389 4615
562 14808 391 4610
716 17815 415 4496
565 15006 420 4561
624 16441 498 4505
692 17987 403 4513
683 17355 431 4490
618 15725 439 4518
677 17563 393 4554
615 15951 505 4494
620 15896 409 4537
723 19056 423 4484
661 17074 431 4499
636 17177 375 4612
620 16190 421 4535
632 16057 427 4524
622 16505 365 4614
654 16506 419 4510
680 17728 379 4544
670 17721 392 4556
619 15869 379 4557
668 17725 383 4543
644 16445 435 4492
625 16307 395 4551
645 16792 435 4478
639 16224 417 4528
672 16908 394 4547
676 16595 435 4479
650 16738 418 4516
634 16939 405 4521
662 17765 416 4507
610 15586 448 4542
664 17311 405 4516
666 16318 417 4517
609 15731 433 4523
642 16268 426 4510
636 16533 403 4546
661 15443 421 4516
615 16024 423 4558
651 16937 433 4481
618 16001 407 4550
638 16226 432 4506
620 16279 407 4520
642 16216 403 4519
651 16866 395 4542
650 16044 423 4503
616 16221 427 4522
752 19967 423 4477
634 15950 505 4518
627 16096 372 4689
560 14742 393 4573
556 14857 393 4573
594 15808 391 4639
733 19122 423 4490
602 15482 402 4561
615 15980 475 4544
625 16037 379 4582
686 16888 377 4658
615 16144 454 4550
645 16624 491 4502
671 18383 395 4545
694 18701 447 4502
700 16311 381 4573
746 18039 415 4512
729 18781 415 4500
679 17198 375 4642
673 17633 448 4480
666 17788 385 4559
715 17971 415 4517
654 16896 438 4517
623 16207 381 4643
647 16415 413 4528
679 17036 429 4514
724 17892 379 4551
648 16491 391 4557
674 16774 419 4524
660 16615 435 4506
640 16336 421 4526
664 17084 448 4481
643 17059 405 4522
625 16113 438 4536
660 16653 403 4527
631 15996 437 4523
687 17939 379 4551
660 16184 431 4517
661 16448 405 4528
643 16834 405 4524
752 19117 429 4519
684 17530 373 4712
664 17099 454 4499
631 16413 505 4544
570 14972 393 4573
643 16106 379 4615
618 15884 406 4562
694 18205 379 4551
683 17705 382 4597
729 17834 430 4514
670 16894 447 4510
658 17279 417 4533
709 17498 421 4523
705 18064 391 4553
704 17774 381 4582
719 17124 426 4536
666 16397 433 4523
681 17244 401 4558
669 16749 429 4558
723 17796 396 4562
644 16980 444 4532
660 17170 442 4512
651 17503 405 4522
687 17109 442 4522
775 18965 407 4540
755 19404 421 4526
750 18649 459 4511
706 18458 379 4551
676 16906 467 4523
656 16699 385 4714
591 15113 395 4680
573 15173 406 4577
592 15469 397 4649
690 17866 437 4529
667 16985 448 4530
689 17647 410 4539
758 18326 397 4555
668 16364 428 4564
658 16502 393 4607
665 17299 426 4533
598 15559 394 4627
605 15992 397 4616
677 16462 440 4534
635 16374 397 4585
611 15526 405 4593
670 17658 408 4543
627 16559 407 4562
622 15845 395 4619
595 15814 404 4622
664 16932 394 4573
665 16480 402 4574
624 16439 404 4578
670 16906 394 4591
609 15826 405 4586
758 19354 419 4545
717 19086 390 4622
690 18025 486 4525
665 17516 392 4724
609 15367 423 4608
589 15729 444 4582
669 16929 406 4597
732 18701 394 4638
667 17457 426 4534
619 16200 418 4705
641 16683 411 4562
702 17940 396 4607
726 18528 416 4552
622 16376 444 4581
624 16446 402 4653
720 18159 416 4556
712 17104 395 4612
626 16585 394 4682
652 17364 400 4603
693 18584 395 4667
600 15794 425 4681
635 16289 410 4639
604 16075 416 4720
663 17378 399 4617
603 15949 424 4662
633 15847 423 4604
655 16606 419 4611
637 16596 425 4580
716 18621 395 4558
743 19057 397 4703
731 19412 394 4631
727 18371 435 4534
674 17391 474 4562
617 15534 423 4608
612 16248 432 4617
623 16176 445 4582
678 17978 410 4678
698 18168 449 4566
722 18665 402 4599
691 18208 400 4648
641 17087 421 4586
655 16866 411 4608
710 17849 434 4561
642 16804 416 4584
691 17536 405 4617
699 18008 435 4546
728 18133 399 4613
745 19441 396 4641
732 18950 440 4535
643 16007 481 4719
616 16575 443 4634
710 18088 434 4561
698 17578 421 4676
698 18140 421 4589
659 17392 427 4648
648 16762 437 4662
674 17163 422 4657
702 17613 423 4611
680 17582 436 4609
667 17480 438 4619
671 17609 435 4641
727 19365 421 4624
711 18266 434 4564
647 16640 458 4752
694 18380 454 4626
691 17849 424 4681
661 17198 440 4724
665 17145 437 4685
748 18950 422 4481
736 19225 454 4454
634 16468 346 4695
526 13654 507 4581
480 12268 377 4772
467 12606 417 4820
518 13687 491 4608
472 12520 397 4806
718 18137 405 4497
695 16955 398 4511
521 13309 490 4669
713 17991 405 4500
505 13280 476 4677
688 18522 360 4561
498 13173 462 4683
688 18522 360 4561
706 17284 454 4464
603 14293 480 4482
568 14936 353 4597
613 16185 347 4673
531 13349 490 4663
705 17464 407 4487
543 13873 365 4582
602 15456 376 4556
578 14037 427 4532
658 15893 445 4495
683 17586 358 4567
510 13210 372 4738
493 12840 382 4750
501 13503 389 4671
490 12721 377 4756
519 12908 385 4722
535 13834 368 4703
495 12779 397 4739
613 15073 474 4482
572 15123 439 4524
588 15736 365 4564
672 17226 364 4566
671 17813 403 4503
628 15866 352 4622
683 18160 407 4499
512 13572 435 4636
615 15546 352 4651
564 14698 408 4534
515 12685 377 4733
639 14861 463 4489
577 15197 431 4519
626 15891 403 4509
645 16605 448 4477
584 15092 435 4507
662 17058 447 4466
553 14742 443 4527
499 12995 377 4726
485 12532 383 4765
609 14567 469 4484
545 13815 373 4710
526 13611 383 4684
617 16116 423 4480
686 17856 454 4461
534 14124 410 4612
560 13743 395 4665
568 14142 427 4539
623 16094 407 4506
629 16526 352 4598
650 16504 431 4478
690 17648 467 4459
610 15903 352 4647
521 13969 465 4628
522 13754 373 4715
533 13493 435 4637
615 16682 420 4501
653 16829 377 4537
617 15934 435 4494
521 13991 465 4626
484 12365 397 4763
570 14912 438 4527
662 16396 451 4472
628 16681 442 4469
698 17831 447 4459
586 14653 414 4517
620 15777 365 4546
490 13053 377 4747
565 14619 417 4528
641 15374 469 4479
491 12635 377 4752
538 13891 475 4521
550 14170 352 4700
677 15918 454 4491
468 12568 397 4814
595 15254 477 4469
625 15902 415 4493
468 12576 397 4806
643 16316 395 4517
615 15957 407 4513
588 14741 390 4571
644 17094 370 4545
607 15089 412 4505
545 14327 352 4712
511 12957 383 4718
537 13426 377 4720
618 15886 369 4549
550 14511 459 4526
667 16821 387 4517
569 15248 379 4533
649 16204 451 4479
597 14583 480 4478
700 17834 407 4484
676 17067 377 4530
555 13710 352 4708
554 14109 359 4615
624 15087 455 4487
640 16806 357 4568
562 14285 393 4560
640 16806 357 4568
540 13709 411 4573
685 17157 420 4485
598 15620 394 4532
478 12424 383 4769
576 14402 459 4508
628 16494 419 4490
667 16821 387 4517
525 13483 377 4723
653 15852 467 4482
478 12424 383 4769
621 16674 382 4521
599 14197 468 4491
596 15591 377 4559
551 14281 363 4597
468 12569 397 4811
592 14522 467 4487
556 14478 451 4515
550 14511 459 4526
618 16271 382 4525
595 15560 354 4570
524 13963 365 4619
610 16472 366 4551
585 15526 426 4517
548 14269 475 4505
685 17687 413 4503
573 14868 371 4576
604 15507 396 4525
467 12606 417 4820
573 14868 371 4576
521 13402 490 4663
511 12977 377 4733
540 14246 365 4609
632 15922 382 4528
480 12310 377 4766
601 15033 438 4514
685 17687 413 4503
597 15268 426 4514
632 16593 377 4545
548 14356 363 4602
601 15033 438 4514
647 16516 407 4504
554 14109 359 4615
662 16396 451 4472
569 15248 379 4533
548 14564 450 4546
645 17148 403 4504
611 15835 407 4518
595 15539 406 4531
603 15173 377 4551
603 15404 391 4531
484 12365 397 4763
540 14246 365 4609
598 15620 394 4532
490 13053 377 4747
595 14574 366 4578
480 12268 377 4772
548 14356 363 4602
480 12310 377 4766
683 18160 407 4499
594 14443 454 4512
548 14564 450 4546
475 12276 377 4772
624 15087 455 4487
561 14742 379 4537
524 13963 365 4619
604 15507 396 4525
556 14478 451 4515
556 14478 451 4515
595 15560 354 4570
644 17094 370 4545
639 14861 463 4489
603 15173 377 4551
565 14379 392 4570
595 14574 366 4578
475 12276 377 4772
594 14443 454 4512
603 15097 391 4532
628 15400 468 4482
628 15400 468 4482
565 14379 392 4570
611 15835 407 4518
592 14522 467 4487
585 15526 426 4517
551 14281 363 4597
662 17058 447 4466
597 15268 426 4514
468 12576 397 4806
603 14356 480 4478
603 14356 480 4478
490 13053 377 4747
615 16682 420 4501
475 12276 377 4772
468 12576 397 4806
767 19698 415 4493
696 17913 467 4459
636 16810 485 4476
583 15243 353 4643
487 12350 377 4786
498 12537 377 4772
543 13940 370 4687
543 13942 365 4582
587 15069 358 4698
601 15284 363 4606
609 14684 469 4484
715 18954 360 4565
718 18212 405 4497
572 15152 381 4548
583 15243 353 4643
584 14917 406 4552
627 15123 480 4478
655 16323 395 4544
626 16383 383 4527
684 18113 442 4475
686 17621 447 4466
643 16426 403 4511
614 16195 413 4525
650 15210 463 4489
618 16052 438 4503
624 15148 456 4494
667 16999 454 4471
619 15810 404 4545
649 16022 396 4539
716 18559 431 4478
679 16920 417 4503
646 15461 469 4482
667 16520 372 4554
707 17513 420 4488
634 16483 376 4557
693 17303 433 4480
611 15431 433 4535
688 18508 360 4572
641 16203 445 4484
640 16368 426 4518
711 17623 420 4485
645 16016 426 4526
638 16958 424 4505
633 15851 432 4538
702 18297 358 4567
667 17135 423 4481
693 17878 405 4504
701 17923 418 4492
712 17370 415 4500
659 16379 382 4547
709 18179 377 4531
628 16186 429 4503
692 17916 360 4570
652 16348 423 4482
672 16637 370 4547
639 15811 372 4558
626 16759 429 4487
716 17459 415 4498
695 18141 467 4463
702 18297 358 4567
700 18461 358 4567
632 16426 431 4494
672 16637 370 4547
717 18472 454 4463
701 17469 382 4542
712 18476 454 4461
654 16541 377 4548
700 18461 358 4567
656 16976 377 4543
709 18179 377 4531
640 16885 371 4548
701 17220 420 4491
701 17220 420 4491
626 16759 429 4487
640 16885 371 4548
656 16976 377 4543
711 17623 420 4485
765 19260 420 4485
738 19735 407 4499
696 17949 467 4459
622 15412 473 4490
591 15466 359 4643
507 12913 377 4772
494 13288 422 4809
551 14370 417 4659
591 14979 378 4748
570 14005 387 4584
497 13270 397 4807
710 18731 367 4575
576 14631 382 4653
761 19096 383 4534
594 15887 374 4609
608 15827 365 4602
739 19589 407 4504
660 17594 442 4513
692 17060 463 4480
699 18369 417 4504
658 16384 423 4518
600 16123 431 4562
711 17908 407 4515
629 16619 457 4505
643 17411 413 4514
647 16688 372 4562
604 15766 411 4553
636 15978 437 4551
635 16021 432 4543
698 18093 391 4535
650 17167 403 4516
603 15940 384 4563
681 16733 377 4550
693 17907 449 4476
664 17135 379 4549
622 16508 405 4555
629 16837 445 4489
679 16943 417 4509
652 16180 459 4526
695 18175 447 4478
640 16164 378 4594
641 16576 449 4486
665 16420 423 4482
696 17934 467 4474
675 18030 407 4513
627 15913 469 4495
634 16495 394 4542
641 15418 469 4491
631 16212 422 4551
651 16482 409 4523
648 16477 413 4539
659 17003 393 4552
638 16479 447 4528
653 17145 408 4517
650 16532 443 4516
681 16928 403 4528
641 16576 449 4486
763 20044 373 4607
736 18967 472 4467
711 16458 481 4497
640 16401 365 4619
507 12951 377 4772
499 13431 422 4816
587 15343 444 4689
598 14793 391 4646
731 19220 407 4515
648 16851 450 4502
652 16328 469 4505
678 16606 435 4483
623 16198 377 4677
713 17814 416 4533
607 16523 382 4611
615 16339 388 4595
730 18983 447 4479
636 16378 365 4640
707 17389 417 4541
595 15602 394 4616
665 16614 423 4482
635 15525 395 4631
690 17274 377 4571
623 16557 398 4571
632 16913 470 4549
611 15768 403 4590
667 16881 412 4546
682 18183 403 4532
724 18803 376 4569
689 18096 376 4580
654 16658 442 4537
703 18241 419 4512
723 18381 419 4511
658 16594 437 4544
611 15882 389 4594
736 18544 379 4549
598 16057 388 4609
657 16822 443 4527
715 18545 419 4504
664 17308 406 4548
601 15801 394 4612
640 16349 418 4563
680 17919 377 4612
712 18733 376 4575
662 16788 419 4529
632 16334 436 4556
668 16810 378 4569
706 18107 419 4512
638 16829 447 4551
668 16685 395 4552
653 16689 378 4578
665 16614 423 4482
777 21005 402 4550
691 17677 473 4482
675 17073 365 4637
517 14019 392 4814
509 13071 397 4814
562 15277 397 4780
608 16044 420 4705
732 19043 419 4507
661 17585 458 4586
742 18745 404 4555
563 13696 422 4807
524 13886 397 4806
637 15158 421 4667
699 17873 371 4623
638 16895 386 4642
620 16190 417 4687
668 18290 470 4496
715 18910 442 4484
652 16779 391 4609
668 16873 378 4569
671 16982 447 4486
686 18338 417 4546
620 16343 435 4654
677 17372 423 4513
678 17999 426 4505
617 16559 410 4597
636 15904 392 4599
673 17346 376 4627
627 16142 437 4594
625 15980 396 4632
633 16550 397 4607
718 17698 423 4495
688 17506 431 4491
674 17756 431 4504
621 16090 401 4596
631 16586 407 4591
684 16807 405 4591
634 16573 393 4627
631 16650 420 4589
691 17870 431 4489
687 17835 423 4497
806 21306 420 4520
724 19115 442 4484
682 17308 462 4555
668 17272 380 4740
538 14095 397 4806
622 16266 431 4620
745 19633 422 4543
635 16660 394 4699
644 16484 405 4620
702 18721 435 4490
649 16658 393 4625
645 16998 394 4647
662 16842 431 4589
627 16398 398 4641
673 16991 381 4571
695 18489 426 4565
690 17557 442 4530
677 17902 433 4513
699 17302 447 4551
697 17264 452 4528
720 17428 432 4543
668 17354 431 4576
676 17667 457 4506
696 17689 455 4496
698 18434 431 4501
671 17554 461 4516
771 18925 414 4578
724 19326 442 4487
720 18675 475 4497
697 17445 381 4591
582 15411 397 4812
640 17113 396 4712
741 18873 442 4524
685 16450 412 4712
724 18240 418 4587
736 17787 468 4528
686 18108 459 4555
725 17243 390 4633
677 17002 398 4628
674 17654 408 4681
693 18033 457 4514
670 17791 415 4630
684 18300 405 4600
709 19088 442 4490
677 17088 387 4691
695 18501 409 4584
686 17975 382 4607
691 17971 382 4594
726 17738 396 4582
718 19127 442 4499
711 19029 398 4684
693 17478 448 4632
678 17742 447 4629
711 17916 401 4605
692 18037 447 4623
719 19255 442 4500
703 18243 447 4628
679 17889 447 4630
788 19786 459 4510
692 18037 447 4630
692 18083 447 4630
692 18041 447 4637
