0 0.050155
892 23154 699 5332
794 19997 602 5420
852 21263 565 5398
869 22315 502 5356
830 19961 625 5404
884 21844 508 5173
881 23324 663 5308
800 21254 600 5312
938 24250 626 5174
873 23459 562 5403
837 21342 576 5337
789 20840 556 5362
1009 24930 603 5410
918 22734 587 5331
878 22322 572 5311
854 21833 562 5402
970 24467 594 5292
872 22352 602 5332
945 22718 673 5397
820 20639 602 5184
813 21690 596 5427
807 20455 578 5384
993 23937 628 5361
985 25783 579 5332
821 21186 540 5322
803 20230 596 5356
882 22240 617 5280
830 21337 530 5348
892 23232 593 5319
903 22515 555 5360
850 21441 700 5331
1050 27711 664 5295
1050 27624 595 5372
812 21447 555 5298
1022 26245 633 5418
892 22526 537 5433
892 23551 608 5291
994 25248 619 5439
893 22197 630 5337
832 21135 660 5387
841 21149 532 5315
845 22161 580 5353
1008 26453 635 5404
968 24995 624 5314
800 21092 644 5302
898 24022 619 5276
878 21414 571 5407
1077 27188 630 5399
956 25047 574 5390
828 20548 583 5374
914 22736 622 5301
901 24349 619 5251
1041 27325 646 5326
915 23432 570 5439
875 22731 634 5361
815 21126 583 5369
952 24987 662 5329
960 23539 685 5281
828 22123 611 5268
927 23676 596 5282
883 22731 600 5415
895 22511 583 5366
910 23147 588 5398
1041 27184 676 5363
810 20898 576 5380
929 24217 610 5385
863 22381 557 5208
931 22634 650 5309
885 22971 561 5320
872 22732 596 5260
900 22743 610 5368
846 21379 631 5406
843 21839 487 5286
774 20296 569 5374
831 19007 606 5182
908 23134 607 5270
865 21961 563 5274
818 20543 581 5389
937 23281 651 5347
843 21708 574 5236
858 21794 571 5324
1002 26395 653 5403
836 20779 614 5336
848 22092 592 5257
915 22364 601 5377
913 23689 637 5348
927 22805 651 5213
958 24392 813 5368
844 21625 548 5356
806 20606 682 5323
1023 26094 588 5332
915 23611 654 5367
919 23264 665 5280
894 22893 622 5510
955 24271 686 5453
778 20216 704 5386
810 21369 506 5262
894 22710 606 5288
788 20387 575 5211
840 21008 572 5333
907 23760 605 5360
924 23998 563 5276
838 21818 618 5402
897 22225 638 5315
802 21009 675 5426
993 26175 679 5310
989 26148 649 5404
867 21670 636 5305
906 22472 613 5411
877 22899 636 5437
961 24398 586 5311
1042 25139 598 5330
791 20592 632 5367
922 24147 616 5306
807 21033 578 5224
879 22575 675 5288
909 23140 674 5361
850 22180 682 5312
926 23025 650 5334
851 22350 641 5276
1003 24340 584 5223
930 23733 594 5327
936 24676 556 5266
872 22231 584 5322
858 22249 676 5399
1051 25728 628 5326
803 20923 652 5347
812 21331 531 5223
993 25539 672 5277
954 23559 577 5345
845 22019 546 5294
777 19583 526 5364
824 21028 659 5454
909 22702 547 5293
820 21331 525 5330
952 23203 620 5406
995 26407 670 5425
852 21482 620 5385
932 22478 540 5295
866 21887 555 5375
964 24992 677 5305
957 25352 564 5240
904 23005 617 5288
797 20212 608 5258
837 21921 590 5277
1021 24424 667 5355
944 23783 590 5208
909 23897 565 5320
765 20490 566 5260
915 24367 620 5243
955 24852 672 5332
1102 26807 695 5334
991 23794 576 5374
787 20363 597 5368
934 24867 601 5361
874 21592 669 5292
843 21958 654 5338
1054 26546 626 5369
1010 25876 565 5216
834 21288 604 5309
884 23404 616 5415
841 21190 548 5342
830 21482 548 5282
906 23474 604 5286
865 21990 594 5379
870 21384 604 5337
903 23970 572 5375
834 21897 601 5258
867 22949 628 5468
800 19850 519 5396
853 21687 588 5269
852 22545 543 5170
768 19875 599 5271
862 21075 621 5370
909 23147 594 5369
997 25847 577 5333
902 23628 553 5276
905 22676 608 5388
960 22694 704 5344
872 21624 577 5256
772 20283 536 5302
735 19202 654 5397
915 23657 605 5323
817 21164 568 5280
1010 27261 707 5350
778 19259 542 5238
847 21885 575 5272
912 23552 619 5300
875 23125 535 5336
978 24877 620 5331
852 22280 604 5308
800 20770 543 5337
821 22283 568 5390
920 23827 618 5368
792 20571 597 5369
1099 28665 554 5281
843 20426 621 5285
825 22103 669 5327
895 24150 545 5326
883 23189 639 5360
791 20319 599 5310
984 25983 643 5356
826 21471 559 5356
1026 24440 653 5353
890 22582 583 5235
958 25081 724 5413
811 20306 597 5439
867 20926 544 5446
923 22907 577 5270
822 20425 496 5154
866 21768 555 5272
863 21195 570 5353
905 23608 643 5329
902 23074 673 5326
862 22203 546 5305
925 22850 562 5379
905 22014 582 5330
1048 27269 683 5327
824 21291 602 5371
890 23202 689 5373
968 25957 645 5326
854 22213 624 5214
904 23438 626 5323
850 22690 633 5364
844 22413 589 5369
760 19659 579 5302
966 25153 636 5310
842 21860 566 5216
855 21690 598 5258
979 24768 548 5262
880 22320 602 5383
798 21083 557 5177
923 23908 651 5252
732 18194 550 5282
824 21331 631 5365
865 22677 616 5490
884 21609 550 5342
809 20412 533 5330
868 21862 572 5366
915 24106 596 5396
929 23160 583 5441
853 22965 576 5262
770 19502 579 5367
855 23356 577 5246
881 21910 576 5285
772 20460 594 5286
855 21761 578 5407
997 24541 721 5384
859 21681 671 5304
912 24584 591 5253
889 23534 636 5444
757 19873 533 5347
802 20465 569 5387
895 22168 608 5374
805 20750 530 5313
944 23641 573 5353
834 21325 595 5313
833 21501 558 5288
915 22874 550 5372
851 22670 689 5316
811 21789 591 5274
822 20778 646 5244
970 23924 678 5394
843 21506 676 5327
988 24865 615 5294
796 21170 535 5249
851 21562 706 5426
922 23780 606 5302
878 23103 681 5429
863 22556 631 5270
940 24062 659 5403
973 25155 596 5395
929 23608 662 5433
903 22309 689 5390
857 21977 603 5332
925 23589 548 5344
972 23471 568 5427
920 23595 664 5321
880 21624 638 5445
970 24476 641 5409
788 20250 594 5302
870 23301 596 5422
830 21377 594 5400
940 24193 639 5328
860 21763 586 5337
794 19967 677 5322
849 22067 662 5318
834 20547 604 5349
850 21888 575 5309
878 22060 559 5329
840 22686 586 5408
976 24956 667 5483
831 22521 561 5425
889 21643 573 5340
959 24677 646 5404
957 24054 650 5344
895 23570 561 5252
850 21920 583 5327
1065 26903 623 5363
905 24068 565 5377
886 22881 596 5349
871 20601 573 5396
872 21940 596 5336
899 23282 599 5398
805 20202 519 5329
834 21729 608 5285
776 20130 568 5345
972 24666 641 5358
796 19894 554 5371
853 20685 602 5253
840 21787 527 5398
947 24235 673 5321
801 20263 574 5298
980 25080 602 5387
992 25740 691 5320
883 23401 587 5358
850 22383 594 5265
1029 26194 641 5361
921 22808 531 5417
869 21676 553 5430
823 21736 624 5373
828 21325 581 5318
811 21070 494 5269
964 24545 648 5396
987 26086 613 5336
873 21482 573 5246
849 21484 689 5251
819 21161 534 5429
816 21520 580 5162
953 24334 638 5331
958 23980 552 5223
861 22137 522 5267
839 21787 567 5392
816 20170 547 5430
829 21410 613 5444
856 21595 610 5335
936 23118 614 5302
884 22517 644 5279
957 24463 649 5413
939 24677 651 5370
933 24215 568 5340
889 22478 605 5362
888 23849 668 5293
987 26444 570 5238
804 21049 579 5246
876 22428 668 5386
882 23256 631 5232
852 21616 655 5325
848 21632 682 5342
843 22030 538 5331
785 20273 578 5289
889 21728 597 5340
923 23857 613 5428
925 22597 619 5329
774 19814 608 5260
905 22523 620 5344
907 23588 593 5365
935 24164 622 5289
877 22686 612 5349
847 21213 592 5302
771 20601 580 5327
921 23249 561 5309
855 22461 596 5327
883 22110 512 5341
819 21505 659 5205
931 23087 560 5413
853 22274 571 5272
993 22433 607 5304
864 21443 578 5322
934 23444 581 5366
974 24825 650 5296
850 22374 614 5197
968 25336 634 5224
882 21657 542 5369
822 21680 632 5325
896 23239 572 5314
809 21293 582 5348
884 22666 677 5428
790 19846 574 5282
868 21961 672 5289
794 20857 580 5261
973 24652 602 5392
818 20252 583 5291
834 20949 559 5354
901 22517 617 5342
869 23304 525 5275
863 20853 615 5488
952 23539 696 5473
896 21270 634 5424
925 22909 591 5330
900 22927 545 5241
889 23206 672 5259
830 20819 561 5301
812 20962 623 5351
931 22544 701 5343
892 23182 579 5452
968 24238 632 5196
872 22316 593 5364
874 22716 622 5352
856 20900 567 5367
