1927 73.1655
391 9626 366 4642
404 9357 350 4659
412 9630 337 4672
618 14426 535 4440
404 9444 366 4604
404 9423 364 4611
457 11053 449 4492
404 9512 380 4586
404 9391 355 4632
404 9411 355 4619
410 9682 391 4566
404 9430 364 4611
440 10308 437 4513
423 9578 410 4578
404 9411 355 4619
406 9423 350 4632
407 9534 394 4583
407 9738 364 4584
407 9534 394 4583
404 9395 360 4629
514 12466 379 4537
423 9609 410 4575
417 9745 407 4550
404 9502 380 4589
404 9396 345 4644
404 9448 366 4604
404 9398 345 4644
404 9423 364 4611
417 9707 407 4553
407 9829 407 4541
424 9950 423 4530
404 9368 350 4645
404 9434 364 4611
407 9527 394 4583
404 9425 364 4611
404 9384 364 4634
435 10007 435 4527
417 9717 407 4552
404 9496 380 4587
404 9384 364 4634
437 10131 437 4517
404 9466 380 4596
434 10033 423 4527
407 9534 394 4583
404 9372 360 4642
411 9763 391 4557
437 10131 437 4517
404 9400 364 4621
407 9524 394 4583
401 9553 340 4643
404 9434 364 4611
408 9622 394 4577
407 9557 394 4581
402 9435 355 4642
404 9432 364 4611
404 9395 360 4629
423 9619 410 4575
407 9524 394 4583
417 9707 407 4553
410 9671 391 4566
414 9857 407 4535
404 9490 380 4589
412 9850 365 4577
404 9360 350 4659
404 9400 364 4621
404 9466 380 4596
421 10030 407 4528
421 10030 407 4528
404 9400 364 4621
404 9391 355 4632
423 9609 410 4575
404 9374 355 4642
436 10436 397 4518
423 9578 410 4578
404 9368 350 4645
404 9496 380 4589
428 10415 421 4507
404 9432 364 4611
417 9700 407 4555
404 9411 355 4619
403 9476 340 4660
423 9592 410 4578
437 10146 437 4517
415 10209 407 4526
407 9738 364 4584
404 9496 380 4589
423 9609 410 4575
404 9411 355 4619
404 9444 366 4604
404 9414 355 4619
419 9911 419 4531
419 9967 375 4570
404 9490 380 4589
404 9430 364 4611
407 9736 355 4596
404 9363 355 4656
410 9671 391 4566
419 9916 419 4531
404 9381 355 4642
404 9360 350 4659
407 9844 407 4537
404 9448 366 4604
410 9682 391 4566
404 9490 380 4589
404 9391 355 4632
423 9595 410 4578
414 9869 407 4535
404 9374 355 4642
423 9578 410 4578
404 9414 355 4619
404 9488 380 4589
404 9396 345 4644
407 9519 394 4583
407 9534 394 4583
415 9568 355 4609
404 9432 364 4611
404 9448 366 4604
404 9444 366 4604
414 9882 407 4535
404 9391 355 4632
428 10415 421 4507
417 9745 407 4550
404 9466 380 4596
404 9400 364 4621
404 9368 350 4645
404 9372 360 4642
433 9808 423 4545
401 9540 340 4657
404 9425 364 4611
404 9448 366 4604
423 9637 410 4575
404 9400 364 4621
417 9700 407 4555
428 10415 421 4507
404 9357 350 4659
407 9718 356 4602
417 9700 407 4555
417 9745 407 4550
423 9595 410 4578
404 9411 355 4619
411 9697 377 4569
405 9806 391 4546
407 9844 407 4537
404 9411 355 4619
410 9747 352 4605
423 9609 410 4575
417 9745 407 4550
404 9444 366 4604
404 9466 380 4596
403 9380 345 4658
423 9619 410 4575
404 9395 360 4629
404 9379 350 4645
404 9466 380 4596
408 9622 394 4577
404 9395 360 4629
502 12099 449 4475
417 9700 407 4555
404 9466 380 4596
404 9368 350 4645
405 9830 391 4542
403 9380 345 4658
423 9609 410 4575
404 9448 366 4604
404 9395 360 4629
436 10419 391 4520
434 10033 423 4527
404 9425 364 4611
423 9600 410 4578
407 9738 364 4584
404 9448 366 4604
404 9442 366 4604
410 9670 391 4566
415 10209 407 4526
404 9368 350 4645
404 9374 355 4642
404 9512 380 4586
417 9700 407 4555
407 9527 394 4583
402 9799 377 4573
457 11053 449 4492
423 9619 410 4575
421 10030 407 4528
404 9384 364 4634
404 9411 355 4619
404 9400 364 4621
478 11568 449 4485
404 9496 380 4589
404 9368 350 4645
404 9384 364 4634
410 9667 391 4570
404 9368 350 4645
417 9745 407 4550
414 9869 407 4535
404 9374 355 4642
443 9749 391 4559
423 9592 410 4578
404 9524 380 4586
404 9466 380 4596
404 9357 350 4659
