13 0.34832
855 21307 516 5088
841 21386 483 5143
814 20316 463 5189
771 18812 468 5261
755 18016 586 5049
713 18479 666 5092
690 17030 507 5224
657 17160 486 5228
670 17767 623 5134
823 20920 464 5146
664 17527 517 5202
788 18595 546 5073
838 20244 536 5091
690 17030 507 5224
698 18199 607 5132
712 17846 482 5241
670 17893 612 5142
765 18848 561 5056
694 18414 583 5177
684 18792 572 5169
739 19045 568 5072
805 20632 526 5113
779 20437 499 5124
733 18537 482 5235
816 20194 476 5148
840 20897 492 5091
709 18273 618 5109
815 19876 513 5096
748 18527 550 5058
684 17314 520 5197
745 18765 550 5063
799 20162 516 5125
810 19759 550 5051
762 19294 529 5099
751 18092 565 5087
781 19420 467 5182
736 17625 554 5105
707 18431 593 5121
719 18546 482 5240
738 18977 467 5190
709 19569 572 5166
795 20601 478 5153
736 17670 531 5104
672 17572 532 5179
781 20000 480 5168
657 17160 486 5228
801 20204 516 5121
774 19729 517 5116
774 20328 499 5130
779 20272 490 5127
708 18714 593 5113
712 18771 583 5173
727 19170 524 5152
673 17345 498 5194
756 19911 503 5159
744 19113 516 5162
737 19323 478 5186
781 20000 480 5168
738 19570 524 5145
750 19263 483 5163
690 18767 496 5178
779 18567 531 5097
681 18298 485 5193
811 20703 483 5149
751 18092 565 5087
705 18614 485 5189
673 17345 498 5194
738 18642 520 5163
767 19321 467 5189
696 18641 570 5178
717 17889 529 5104
681 18337 506 5184
725 19169 484 5181
668 17120 486 5199
667 17142 486 5199
702 18257 588 5147
756 19911 503 5159
716 19698 586 5159
795 20601 478 5153
725 19179 484 5177
700 18318 508 5178
682 17599 498 5191
736 17619 572 5107
811 20703 487 5146
741 19824 516 5154
774 19827 483 5153
740 19138 484 5185
707 18073 498 5186
764 19824 499 5132
745 18765 550 5063
765 18603 529 5098
735 19167 516 5159
801 20204 516 5121
811 20703 483 5149
727 19123 485 5184
741 18788 504 5177
751 18092 565 5087
751 19637 517 5147
702 18257 588 5147
699 18698 485 5191
716 19698 586 5159
741 19824 516 5154
700 18318 508 5178
681 18323 485 5192
681 18298 485 5193
751 19637 517 5147
668 17120 486 5199
702 18257 588 5147
811 20703 483 5149
707 18431 593 5121
716 19698 586 5159
673 17345 498 5194
699 18698 485 5191
774 19827 483 5153
657 17160 486 5228
751 19637 517 5147
716 19698 586 5159
840 20969 516 5092
823 20975 464 5146
798 19451 586 5049
779 19045 468 5260
730 19238 666 5096
690 17086 507 5224
657 17170 500 5234
670 17808 623 5134
714 18841 627 5126
713 18639 666 5105
720 18443 593 5115
713 17929 482 5246
684 17364 520 5197
768 18348 604 5055
765 18812 550 5058
772 18094 575 5097
758 19738 563 5077
690 17152 507 5217
828 20861 499 5139
686 18695 485 5203
701 18165 498 5192
667 17203 486 5199
774 18242 565 5087
691 18797 496 5191
810 19883 529 5107
815 19912 513 5097
725 19231 540 5168
788 18632 546 5073
812 20711 517 5116
792 20430 478 5184
788 18572 575 5070
680 17691 500 5197
768 18348 604 5055
752 18952 506 5183
738 18496 482 5241
664 17541 517 5202
793 19649 473 5186
708 18308 588 5159
749 20286 547 5148
823 20923 478 5153
834 20847 499 5133
706 18774 583 5177
714 18841 627 5126
702 19321 572 5169
787 20235 524 5137
756 18248 565 5087
731 20137 549 5156
708 19005 570 5178
796 20761 507 5133
793 19808 480 5185
740 19604 484 5181
733 19473 485 5192
784 19109 468 5256
744 19159 516 5162
737 18677 482 5237
784 19109 478 5254
690 17086 507 5224
760 19953 516 5158
689 17628 532 5185
805 20577 517 5120
776 20112 483 5155
787 18691 554 5095
717 18378 508 5183
805 20574 517 5123
706 18796 583 5175
779 18567 531 5099
716 19698 586 5163
758 18671 531 5130
811 20817 499 5151
802 20375 499 5154
734 19130 540 5166
728 18376 520 5188
689 18592 485 5193
667 17203 486 5199
680 17691 500 5197
760 19783 528 5146
664 17541 517 5202
785 19445 467 5189
805 20574 517 5123
780 20093 478 5187
801 20194 527 5118
705 19175 572 5173
689 17628 532 5185
755 20067 529 5134
755 19626 563 5097
781 20356 503 5149
837 20349 467 5185
785 19262 467 5203
802 19985 529 5099
689 17664 532 5181
740 19604 484 5181
785 19294 467 5190
781 20356 503 5149
750 19280 483 5163
736 17644 554 5105
811 19989 527 5129
702 18314 588 5147
734 19146 563 5104
738 19003 520 5173
718 19734 572 5154
705 19175 572 5173
787 18691 554 5095
784 19109 468 5256
702 19321 572 5169
801 20194 527 5118
718 19703 572 5162
689 18405 513 5187
735 19167 516 5169
750 19994 547 5150
713 18639 666 5105
837 20349 467 5185
750 19993 524 5158
691 18797 496 5191
734 19130 540 5166
735 19275 532 5153
805 20577 517 5120
755 20067 529 5134
750 19994 547 5150
736 17644 554 5105
780 20093 478 5187
664 17541 517 5202
734 19130 540 5166
734 19146 563 5104
708 18308 588 5159
730 19238 666 5096
811 19989 527 5129
706 18774 583 5177
805 20577 517 5120
718 19720 572 5158
735 19271 516 5159
689 18405 513 5187
779 18978 531 5097
811 19989 527 5129
802 19985 529 5099
779 18978 531 5097
702 18314 588 5147
706 18774 583 5177
750 19994 547 5150
718 19734 572 5154
718 19720 572 5158
784 19109 468 5256
734 19146 563 5104
705 19175 572 5173
705 19175 572 5173
702 19321 572 5169
702 19321 572 5169
664 17541 517 5202
853 21228 513 5097
845 21323 464 5146
833 20621 604 5051
748 19348 695 5101
725 18205 482 5261
667 17251 486 5218
715 18691 666 5105
670 17893 623 5134
678 17801 517 5202
708 17581 520 5208
803 19615 586 5058
734 19174 540 5168
752 19983 516 5159
810 21127 503 5151
828 21078 499 5139
840 20998 516 5092
793 19689 467 5198
788 19389 482 5211
799 20251 524 5149
747 17986 554 5105
703 17796 486 5199
766 19308 550 5063
820 19272 565 5086
738 18523 482 5246
696 18617 570 5182
720 18481 607 5120
765 19695 482 5237
779 18933 531 5110
702 18853 485 5193
818 20534 529 5098
712 18954 583 5177
804 20300 529 5104
787 18993 575 5059
743 19904 485 5187
758 19738 563 5081
778 18666 604 5055
774 19815 483 5168
804 19414 546 5080
827 20881 516 5101
827 20691 517 5116
822 20625 527 5114
727 19930 572 5169
720 18481 618 5116
788 18572 575 5079
794 19952 516 5166
739 18223 554 5118
697 17945 520 5199
709 18302 510 5192
720 18481 607 5120
738 19007 520 5173
833 20621 604 5051
670 17893 623 5134
709 18302 510 5192
829 21141 483 5149
754 19918 484 5179
765 20253 529 5135
760 19940 528 5146
777 18672 604 5055
815 19912 529 5099
738 18531 482 5241
696 18617 570 5182
766 19308 550 5063
758 18671 531 5134
758 18671 531 5134
788 18572 575 5079
738 19007 520 5173
720 18481 618 5116
803 18603 531 5099
871 22171 490 5155
834 22213 517 5155
802 20058 479 5206
787 19299 604 5055
738 18556 482 5246
715 18761 666 5105
676 17396 486 5230
670 17453 486 5230
691 18251 623 5138
837 21767 503 5151
816 19667 531 5100
840 21014 516 5092
816 19836 575 5063
758 20455 597 5164
784 20488 563 5091
712 18954 583 5181
779 19005 531 5120
842 20993 526 5114
755 18543 484 5242
702 18863 485 5208
807 20969 484 5191
732 19297 488 5196
720 18501 618 5116
673 17673 486 5229
799 20259 524 5156
792 20835 496 5177
723 17848 520 5218
770 20112 528 5146
763 20658 549 5174
790 18589 575 5079
723 17848 520 5218
735 19929 572 5174
767 20478 547 5150
738 18561 482 5245
837 20178 529 5108
790 18589 575 5079
783 19156 531 5112
736 19885 485 5204
783 20853 518 5161
766 20630 547 5148
788 18419 575 5105
840 20739 517 5116
696 18641 570 5182
696 18641 570 5182
696 18641 570 5182
761 19157 520 5179
761 19157 520 5179
882 22058 604 5064
740 18766 482 5246
728 17891 492 5258
720 18803 666 5105
696 17832 507 5230
782 19185 531 5134
720 18528 618 5127
751 20669 572 5182
866 21658 516 5092
744 19610 637 5116
830 21927 520 5166
840 21014 516 5098
818 20221 492 5198
757 19976 538 5205
816 19881 575 5078
801 19483 511 5212
806 19929 552 5133
723 17912 520 5221
803 18958 575 5084
859 21441 529 5106
781 19828 695 5105
718 18537 507 5230
739 19341 623 5167
840 21030 516 5108
789 20414 588 5135
743 19691 623 5134
792 19643 556 5135
861 21517 529 5114
848 21543 527 5118
810 20179 556 5145
760 19349 507 5238
860 21215 548 5154
859 21309 516 5129
