319 56.0135
788 19361 519 4352
782 20630 424 4433
671 16834 581 4317
514 13774 333 4622
488 13139 401 5028
457 11827 446 4650
453 11926 446 4647
488 13139 401 5028
459 11920 417 4655
773 20154 410 4448
611 15725 565 4329
672 16797 581 4317
730 18170 545 4335
467 12270 458 4628
745 19806 419 4438
614 16323 336 4615
765 19611 412 4447
482 12575 429 4591
767 19226 520 4349
625 15932 565 4322
511 13108 369 4642
750 20078 425 4432
480 12495 406 4596
460 12142 458 4632
497 13157 416 4569
664 16797 556 4336
752 19059 470 4389
540 14409 362 4521
518 13651 390 4519
492 12706 411 4579
546 14766 451 4424
477 12383 429 4608
542 14207 435 4440
557 13867 503 4446
532 13493 407 4533
640 16192 340 4589
620 15582 462 4404
697 18382 342 4558
746 18715 427 4430
706 17608 459 4398
605 15644 542 4365
489 13361 376 4551
679 16794 475 4387
623 16582 437 4426
748 19302 405 4450
714 18997 457 4403
689 17857 355 4534
559 14576 431 4437
472 12096 417 4654
601 15359 358 4546
551 14487 341 4605
677 17386 379 4481
759 18085 517 4353
565 14866 514 4396
504 12930 447 4463
562 14660 479 4410
721 17934 532 4345
473 12241 417 4639
497 13004 432 4548
608 15745 551 4347
574 15366 397 4474
633 16525 351 4538
685 15959 533 4345
594 15841 465 4407
691 18466 549 4336
695 17709 350 4559
598 15458 537 4371
562 15275 422 4457
535 14721 440 4445
522 13918 365 4583
585 15692 509 4378
570 15032 395 4477
708 18588 517 4357
725 18848 447 4408
507 13279 421 4503
612 15580 393 4470
745 19530 441 4414
719 18516 471 4391
523 14136 413 4502
500 13281 338 4621
531 14316 373 4514
525 14020 408 4500
623 16651 347 4564
534 14264 370 4542
653 17284 460 4402
588 15197 455 4411
492 12831 406 4586
650 16103 389 4480
538 14341 453 4436
529 13712 419 4508
625 15497 366 4509
732 18300 517 4354
647 16990 482 4389
605 16340 346 4580
646 16738 493 4379
629 16376 443 4419
718 19007 484 4383
553 14816 338 4616
586 15085 513 4381
680 17197 377 4486
505 13559 387 4549
642 16421 526 4362
698 18653 393 4466
563 15226 467 4414
609 16023 497 4379
573 14977 358 4554
702 18318 469 4394
750 18877 363 4517
567 15619 360 4543
645 16424 533 4340
693 18065 441 4416
569 15018 349 4566
590 14969 383 4506
627 16504 381 4491
554 14369 341 4611
738 19522 409 4451
773 20154 410 4448
701 17798 549 4330
578 15843 444 4422
687 18235 455 4408
566 14727 489 4383
520 13881 385 4507
736 19455 421 4436
502 13520 388 4544
576 15445 381 4510
681 17071 485 4374
583 15391 383 4496
642 16421 526 4362
610 15251 537 4363
514 13774 333 4622
667 17127 507 4366
582 15097 553 4361
636 16812 470 4399
457 11827 446 4650
633 16693 488 4386
668 17757 461 4400
530 14068 386 4504
577 15081 449 4422
631 16477 521 4365
656 17876 485 4378
723 18936 423 4436
591 15894 409 4465
596 15905 429 4430
659 16971 521 4355
737 19479 408 4452
673 17245 494 4373
680 17932 481 4384
489 12764 411 4581
594 14169 424 4487
628 16064 501 4368
550 14045 495 4434
646 17441 372 4499
582 15097 553 4361
738 18512 507 4358
662 16881 497 4377
658 15950 469 4401
665 17760 376 4495
692 17855 444 4417
719 17512 495 4372
656 17438 519 4366
628 16064 501 4368
665 17468 485 4376
686 17100 517 4362
651 16472 519 4367
724 18956 433 4422
671 17383 485 4379
639 15953 501 4373
662 17241 501 4364
724 18956 433 4422
671 16834 581 4317
633 16693 488 4386
631 16477 521 4365
721 17934 532 4345
719 17512 495 4372
700 16867 517 4359
698 17760 495 4371
700 18123 521 4351
660 17255 517 4358
700 18123 521 4351
662 17241 501 4364
686 17100 517 4362
611 15725 565 4329
700 16867 517 4359
660 17255 517 4358
738 18512 507 4358
656 17438 519 4366
816 20615 495 4371
744 19591 419 4455
715 18145 581 4317
608 16279 435 4553
582 15128 553 4365
587 15220 553 4362
771 20201 441 4414
773 20433 508 4368
747 18409 549 4330
816 20615 495 4371
692 16049 533 4345
663 17201 451 4498
655 16630 565 4322
610 15857 524 4403
651 17572 435 4520
649 16786 486 4490
631 16757 435 4531
605 15877 509 4402
733 19335 477 4417
719 18890 433 4434
643 16053 581 4324
617 16235 497 4379
717 18593 459 4422
713 18811 456 4450
702 17863 454 4492
674 17497 526 4376
725 19100 484 4383
663 16668 537 4365
679 17974 501 4371
701 18186 520 4367
669 18454 468 4439
630 16412 487 4418
689 17051 550 4341
669 17403 489 4398
707 18214 496 4392
736 19054 475 4420
665 16944 468 4444
642 17012 471 4426
715 18920 483 4386
646 17258 487 4411
742 19529 496 4380
685 16687 470 4428
691 17345 521 4371
656 16602 470 4437
656 17540 483 4394
680 16970 581 4319
648 17127 471 4422
799 21768 437 4450
726 18827 458 4491
723 18214 581 4320
643 16098 581 4324
618 15593 553 4375
615 15707 553 4368
783 20216 537 4353
697 16788 565 4345
661 17431 484 4481
668 16832 565 4324
626 16205 510 4455
770 19337 537 4355
680 16896 542 4367
637 16453 501 4379
753 19147 549 4356
703 18965 480 4439
652 16392 521 4396
740 19882 459 4423
630 17084 511 4409
746 19773 507 4377
620 16311 530 4395
660 17541 484 4405
647 17311 487 4412
705 17648 550 4350
692 18115 491 4394
730 19219 463 4426
695 17858 474 4443
739 19420 532 4372
712 17977 472 4453
725 18461 514 4376
673 17178 489 4435
733 18766 473 4427
707 19157 497 4388
723 19020 467 4490
740 18389 487 4399
736 19270 484 4383
651 17151 497 4485
720 19169 533 4356
706 18179 483 4421
698 17984 519 4375
691 17181 500 4411
682 18155 471 4487
692 17918 537 4357
618 16119 516 4429
624 16857 507 4443
706 17854 538 4367
747 18893 509 4372
692 17205 488 4430
751 18815 520 4369
683 17134 581 4321
737 19805 501 4371
671 16796 581 4323
672 16791 581 4322
668 16832 565 4324
819 21914 517 4371
776 20069 460 4440
702 18192 471 4489
671 16828 581 4324
630 16058 582 4378
622 16002 578 4392
761 20629 491 4387
788 20285 476 4435
637 16347 512 4461
649 16219 581 4337
722 18521 484 4424
696 17013 565 4330
669 17033 562 4368
768 19370 533 4356
722 18471 537 4360
770 19258 549 4356
721 18690 532 4377
768 19907 520 4376
749 19685 497 4390
709 18112 549 4364
733 18899 485 4414
646 16636 508 4384
756 20240 487 4399
689 17607 545 4367
647 16512 516 4435
750 19095 493 4402
693 17561 496 4458
768 19474 476 4438
660 16483 526 4384
661 16707 505 4383
772 19453 526 4379
769 19318 489 4394
664 17345 503 4401
739 18776 485 4421
658 17262 512 4380
632 16254 516 4444
689 18097 498 4412
674 17815 501 4407
684 17882 494 4448
761 20045 486 4406
706 17440 500 4420
687 17891 485 4451
672 17193 502 4422
738 18976 476 4450
697 17618 487 4408
655 18103 501 4442
694 17456 565 4324
683 17900 487 4416
699 17984 476 4458
679 18111 487 4406
696 17486 487 4423
695 17484 504 4380
708 17431 501 4384
901 23621 509 4381
793 20186 460 4445
680 16966 581 4332
667 16631 604 4351
654 17678 511 4461
649 17963 515 4451
828 21546 491 4407
672 16808 581 4344
786 20841 476 4448
725 19300 569 4370
710 16919 544 4433
775 19455 550 4356
768 20234 485 4456
821 21479 486 4425
783 20593 465 4453
686 17064 528 4398
816 20601 508 4384
769 20121 537 4365
743 19000 494 4407
788 20044 521 4376
748 18697 542 4360
781 20558 503 4386
728 19120 507 4392
722 18721 537 4379
733 18217 491 4424
753 19852 497 4402
793 20001 533 4357
731 19714 493 4417
660 17146 512 4459
691 18421 550 4371
671 17740 505 4417
695 18158 498 4413
706 18067 500 4411
667 17356 509 4384
723 18289 549 4377
725 19319 497 4427
685 17246 519 4396
658 16974 517 4401
752 18680 506 4385
699 18322 501 4407
730 19599 497 4409
680 17595 503 4425
652 17591 512 4412
725 18403 506 4404
692 18084 507 4396
659 16924 519 4403
658 17287 512 4380
844 22629 493 4423
698 17201 581 4333
673 17230 588 4354
667 16980 552 4445
658 17584 526 4447
820 21611 498 4413
781 20024 496 4424
767 20736 514 4395
720 19211 562 4373
685 17146 567 4415
678 17440 512 4439
785 19685 514 4385
763 19295 542 4376
695 18371 521 4395
750 19736 505 4407
735 19008 520 4386
705 17554 546 4402
718 17659 530 4408
697 18499 498 4418
728 18976 500 4416
702 17925 536 4414
703 18180 506 4423
682 18019 510 4403
749 19475 500 4414
699 17310 549 4388
703 17605 542 4398
724 18998 500 4417
700 17811 549 4384
697 18036 528 4380
713 17728 549 4380
714 17874 517 4387
678 17583 517 4416
811 20637 545 4376
745 20315 502 4428
729 17814 594 4349
723 18180 511 4452
698 17574 568 4431
681 18371 521 4433
780 20604 505 4410
768 19786 520 4386
719 18282 558 4393
759 20177 506 4408
699 18996 533 4385
682 17935 512 4449
740 19362 508 4418
725 19220 542 4380
750 19415 512 4404
684 18425 525 4403
708 17842 543 4417
763 20285 532 4381
727 18858 520 4396
737 18459 521 4399
721 18307 512 4413
728 18595 520 4397
684 18133 523 4412
712 19104 510 4405
745 19086 520 4389
722 17883 530 4408
772 19118 520 4386
720 18447 520 4401
804 19706 532 4386
796 21223 505 4422
741 19007 594 4361
701 18290 534 4419
690 18312 547 4475
749 20083 510 4430
771 19916 520 4386
712 18522 514 4453
755 19618 516 4423
749 18684 524 4412
726 18421 530 4409
734 18384 512 4449
788 20012 512 4411
730 19272 521 4404
755 19262 520 4389
733 18914 520 4397
732 19803 514 4417
829 22148 546 4386
765 18916 530 4408
757 19669 569 4398
745 19989 514 4418
736 18942 554 4436
735 20272 523 4430
765 19138 522 4411
738 19366 537 4412
754 19995 532 4411
763 19543 520 4395
763 19477 520 4397
756 19752 520 4397
793 19486 572 4401
790 20258 537 4396
779 20527 546 4399
747 20091 514 4418
774 19933 526 4407
829 20674 514 4425
808 22005 514 4421
796 20411 515 4443
793 20688 538 4396
754 20116 530 4432
773 20847 524 4421
886 22248 515 4433
822 21886 546 4396
822 21549 515 4449
805 20267 570 4446
815 20933 567 4440
846 21355 529 4439
848 21788 515 4435
850 22351 515 4442
832 21496 567 4442
788 19361 519 4352
773 20154 410 4448
676 16532 581 4324
672 16797 581 4317
514 13774 333 4622
488 13139 401 5028
457 11827 446 4650
453 11926 446 4647
459 11920 417 4655
488 13139 401 5028
761 19987 429 4426
648 16840 574 4325
747 19556 469 4390
617 15645 563 4341
723 18998 398 4462
752 19059 470 4389
715 18554 441 4413
701 18138 356 4529
472 12096 417 4654
773 20154 410 4448
614 15677 565 4329
500 13281 338 4621
460 12142 458 4632
540 14409 362 4521
698 18653 393 4466
531 14316 373 4514
570 14859 537 4375
585 15692 509 4378
594 14169 424 4487
582 15104 553 4361
689 16594 581 4319
588 15197 455 4411
631 16153 545 4358
708 19256 356 4526
732 18300 517 4354
509 13072 403 4631
634 17381 498 4372
514 12637 403 4640
727 18760 421 4436
625 15497 366 4509
556 15168 353 4568
697 18382 342 4558
591 14972 524 4376
510 13405 399 4542
640 16192 340 4589
487 13175 376 4553
750 18877 363 4517
534 14264 370 4542
522 13918 365 4583
546 14766 451 4424
550 14045 495 4434
480 12495 406 4596
527 13785 364 4576
565 14866 514 4396
543 13844 476 4447
505 13559 387 4549
679 17007 517 4356
574 15366 397 4474
650 16103 389 4480
559 14576 431 4437
525 14020 408 4500
643 16808 377 4494
623 16582 437 4426
583 15391 383 4496
477 12383 429 4608
605 16340 346 4580
551 14487 341 4605
706 17608 459 4398
633 16525 351 4538
608 15285 532 4361
668 17757 461 4400
709 18427 429 4427
502 13520 388 4544
482 12575 429 4591
497 13157 416 4569
474 12433 406 4598
738 19522 409 4451
627 16504 381 4491
609 15604 506 4368
646 16738 493 4379
535 13552 426 4491
694 17828 520 4349
658 15950 469 4401
653 16660 503 4365
530 14068 386 4504
545 14674 465 4416
712 17548 459 4398
547 14554 413 4472
601 15359 358 4546
626 15821 549 4334
620 15582 462 4404
734 18033 489 4375
652 17312 391 4478
666 16731 487 4381
698 18189 419 4438
467 12270 458 4628
542 14207 435 4440
504 12930 447 4463
596 15905 429 4430
580 14932 339 4607
494 12910 432 4564
566 14727 489 4383
569 15018 349 4566
612 15580 393 4470
592 14657 511 4387
614 16323 336 4615
489 12764 411 4581
690 18057 441 4418
612 16263 375 4500
608 15237 427 4458
482 12245 429 4614
511 13108 369 4642
660 17064 482 4380
520 13881 385 4507
562 14660 479 4410
492 12706 411 4579
696 18781 444 4411
645 16424 533 4340
670 17666 522 4361
623 16651 347 4564
554 14369 341 4611
553 14816 338 4616
573 14977 358 4554
583 15255 415 4441
467 12270 458 4628
750 19473 471 4387
492 12831 406 4586
582 15078 553 4363
680 17932 481 4384
577 15081 449 4422
594 15841 465 4407
675 17155 521 4358
665 17468 485 4376
682 17947 422 4430
737 19479 408 4452
729 17879 501 4368
657 17446 473 4398
707 18533 433 4422
619 16287 447 4420
518 13651 390 4519
748 19302 405 4450
695 17709 350 4559
627 16006 445 4413
654 16471 485 4392
681 17013 549 4332
635 16166 533 4351
687 18056 445 4409
518 13651 390 4519
567 15619 360 4543
663 18188 512 4362
520 12845 391 4642
568 14562 367 4504
629 16186 545 4343
562 15275 422 4457
679 16794 475 4387
692 17855 444 4417
577 14942 524 4382
644 17242 519 4366
647 16391 533 4340
591 15180 537 4362
744 19043 412 4447
662 17061 470 4393
729 17879 501 4368
744 19043 412 4447
674 17425 519 4355
650 17342 483 4392
708 18536 405 4465
603 15626 457 4402
604 15802 483 4395
595 15347 565 4351
683 18152 447 4408
675 17226 519 4356
514 13774 333 4622
671 16833 565 4322
629 16186 545 4343
656 17696 434 4427
604 15802 483 4395
630 16188 521 4362
603 15626 457 4402
656 17696 434 4427
671 16833 565 4322
608 15285 532 4361
683 18152 447 4408
681 17013 549 4332
650 17342 483 4392
582 15078 553 4363
815 21502 425 4448
734 19134 410 4465
688 16574 581 4324
614 15017 565 4376
595 15354 565 4351
787 20200 485 4394
757 19855 429 4427
738 19568 459 4412
664 16871 519 4370
691 18555 447 4430
719 19092 433 4431
634 15983 552 4344
707 18087 456 4428
613 16372 484 4451
638 16204 533 4353
696 18174 441 4419
689 18073 422 4458
697 17848 517 4359
605 16039 492 4422
634 17102 507 4387
596 15669 512 4412
745 18389 565 4325
757 19799 433 4422
731 18274 503 4373
631 16192 545 4361
670 16069 443 4445
648 16854 574 4325
617 15779 563 4341
670 16739 565 4333
677 17865 473 4400
669 17279 465 4426
647 16979 475 4408
624 16520 471 4423
656 17394 488 4394
674 17522 473 4404
658 17688 508 4381
646 16468 533 4340
668 17449 497 4382
721 18423 475 4397
629 16608 509 4384
621 16306 458 4458
725 18321 549 4337
655 16827 565 4336
631 16262 533 4362
690 17613 460 4436
634 16850 431 4437
686 18081 458 4430
662 16991 549 4338
662 17346 461 4410
663 16215 510 4401
689 16559 581 4324
669 16847 500 4411
645 16489 533 4340
617 15779 563 4341
689 16559 581 4324
793 20755 459 4413
780 20506 433 4422
690 16606 581 4324
658 17502 470 4453
595 15366 565 4351
768 20238 484 4397
620 15966 563 4341
756 19025 513 4379
751 18861 491 4401
728 18630 441 4420
650 16500 545 4348
628 16445 501 4442
656 17184 574 4325
713 18986 481 4406
654 16721 537 4353
723 18564 503 4383
638 16904 509 4384
709 18411 521 4364
673 16677 524 4429
664 17675 449 4450
691 18680 532 4372
708 18494 434 4437
695 17578 501 4386
667 17141 565 4337
679 16480 549 4376
697 18468 498 4403
708 17993 517 4369
670 17016 565 4333
705 18444 459 4431
707 17861 446 4444
681 17029 549 4338
678 17297 521 4379
657 16761 533 4340
637 17001 471 4423
695 18151 445 4449
692 18207 473 4414
711 19018 451 4421
678 16636 500 4424
689 17948 486 4418
687 18043 477 4415
678 18037 458 4442
673 17487 501 4402
711 17875 500 4411
667 17212 475 4419
650 17184 507 4417
687 18423 433 4440
653 17208 537 4376
707 18013 532 4375
687 18388 433 4449
692 18133 472 4417
691 17627 498 4412
685 17886 498 4418
795 20407 478 4418
791 20643 433 4422
681 18334 470 4487
661 17191 574 4325
619 15498 565 4389
602 15624 565 4356
629 16319 563 4341
637 16649 549 4450
749 18496 447 4459
743 18013 525 4371
731 19669 532 4375
723 18966 458 4439
710 18601 463 4432
764 19555 521 4379
732 18768 454 4431
654 16765 537 4353
775 19557 488 4410
752 19377 491 4408
668 17336 471 4423
757 18380 565 4335
780 19458 521 4372
695 17530 565 4336
662 17279 499 4473
731 19018 444 4431
703 17258 549 4346
649 17115 520 4385
644 16677 533 4477
727 19072 498 4405
709 17948 507 4388
688 17595 504 4416
656 17403 479 4431
655 17537 492 4479
687 17285 487 4444
677 17074 515 4404
666 17307 545 4343
676 16908 519 4399
757 18684 505 4396
706 18203 480 4417
728 18383 502 4400
646 17000 510 4474
674 18081 497 4420
673 17745 510 4394
659 17098 545 4352
687 18197 483 4419
660 17785 512 4396
684 18156 498 4419
674 17562 533 4348
675 17664 510 4394
664 17648 510 4402
666 17266 512 4398
807 20901 433 4422
801 21193 433 4422
669 17661 515 4474
668 17264 574 4325
647 16801 588 4347
625 15913 565 4361
640 16189 572 4356
658 16768 562 4358
778 20329 525 4383
733 18355 474 4444
771 20531 444 4445
678 17868 483 4428
764 20065 483 4424
791 20935 435 4425
745 19267 532 4373
765 19929 458 4439
704 18757 533 4366
770 19750 509 4399
693 18094 498 4421
749 18615 549 4343
723 18477 534 4359
740 19696 505 4410
784 20855 512 4388
666 17730 497 4459
744 19040 521 4385
672 17480 493 4440
669 17554 549 4355
725 18709 466 4452
706 17571 553 4348
768 20580 497 4420
771 19794 463 4436
668 17488 563 4341
791 19558 533 4359
685 17758 552 4352
780 18685 472 4456
744 18610 505 4413
687 17966 533 4369
715 18665 498 4418
745 19951 463 4447
711 17717 519 4394
649 17292 533 4411
665 17495 530 4451
692 17360 563 4350
664 17769 512 4413
673 17657 493 4424
743 18627 520 4391
719 19701 512 4394
711 18708 470 4445
721 18472 521 4386
668 18055 505 4437
687 17353 512 4437
711 18702 532 4386
796 21181 512 4388
750 19047 470 4451
747 19480 481 4456
688 18052 574 4325
686 18128 590 4345
646 16186 578 4387
775 20756 505 4410
654 16923 572 4366
727 17394 581 4327
663 16412 565 4372
778 19921 483 4430
672 17465 538 4416
768 19040 472 4450
786 19362 549 4349
760 19811 549 4343
681 16801 565 4365
694 17922 565 4353
709 18239 552 4366
723 19632 501 4426
697 17658 510 4435
742 19274 562 4359
712 17741 561 4389
726 17872 588 4346
684 17566 545 4412
756 18697 521 4431
720 19228 529 4399
693 17714 512 4434
761 18498 497 4444
759 19457 530 4391
745 17877 499 4442
737 19494 526 4389
729 18675 533 4374
702 18033 542 4387
691 17606 493 4455
704 19099 533 4379
718 19285 491 4443
703 18147 533 4402
713 18541 534 4372
760 19342 521 4386
705 18070 533 4385
718 18571 550 4361
777 19899 539 4363
709 18437 502 4444
683 18190 493 4446
703 18631 483 4450
749 19295 507 4420
723 19434 526 4429
757 18642 508 4421
720 18973 533 4366
727 18648 525 4401
726 19163 502 4431
797 20923 526 4401
771 19264 484 4464
728 17430 606 4335
698 18657 510 4468
679 17466 565 4402
719 18621 594 4349
708 18946 487 4453
756 19007 542 4369
714 18019 551 4442
741 18050 569 4379
719 18646 578 4350
706 18578 512 4456
749 20349 533 4394
761 19740 507 4434
726 18278 561 4390
786 20433 537 4371
698 18411 530 4455
772 20504 526 4404
737 19614 542 4429
768 19694 524 4443
769 19907 507 4420
728 19497 558 4377
776 19767 535 4432
763 19457 527 4448
719 18954 543 4415
769 20141 537 4374
714 18381 546 4391
817 21317 537 4371
769 19937 507 4420
761 19265 515 4463
738 19119 588 4364
738 18522 561 4399
720 18664 573 4404
797 20988 526 4401
760 19026 545 4394
767 20444 550 4379
785 20831 565 4369
773 19879 562 4376
728 19263 550 4395
786 20078 549 4408
777 20205 507 4420
769 19950 507 4430
777 19974 547 4425
790 20247 507 4424
788 20220 541 4422
769 19977 507 4433
851 21466 549 4422
819 21154 574 4433
805 20001 557 4435
798 20565 515 4438
788 19361 519 4352
782 20630 424 4433
666 16416 581 4317
645 16039 581 4336
514 13774 333 4622
488 13139 401 5028
457 11827 446 4650
453 11926 446 4647
459 11920 417 4655
488 13139 401 5028
753 19655 457 4400
670 16803 565 4322
668 17236 574 4325
460 12142 458 4632
773 20154 410 4448
467 12270 458 4628
582 15097 553 4361
648 16702 545 4338
723 18998 398 4462
765 19611 412 4447
497 13157 416 4569
472 12096 417 4654
518 13651 390 4519
701 18138 356 4529
520 12845 391 4642
719 18790 520 4352
477 12383 429 4608
714 18685 425 4431
601 15359 358 4546
557 13867 503 4446
500 13010 407 4537
750 18877 363 4517
661 17614 471 4394
480 12495 406 4596
682 17970 429 4426
527 13785 364 4576
665 16380 581 4331
482 12245 429 4614
502 13520 388 4544
708 19256 356 4526
767 19226 520 4349
553 14816 338 4616
697 18382 342 4558
510 13405 399 4542
687 18235 455 4408
752 19059 470 4389
660 17064 482 4380
531 14316 373 4514
644 15874 532 4365
695 17709 350 4559
585 15692 509 4378
577 14942 524 4382
550 14045 495 4434
562 14660 479 4410
698 18653 393 4466
679 16794 475 4387
576 15445 381 4510
505 13559 387 4549
538 14341 453 4436
507 13279 421 4503
492 12706 411 4579
542 14207 435 4440
771 20182 441 4414
570 15032 395 4477
512 13765 378 4531
735 18325 501 4363
588 15197 455 4411
675 16477 565 4324
559 14576 431 4437
582 15097 537 4366
673 17245 494 4373
529 13712 419 4508
540 14397 451 4443
489 13361 376 4551
780 20506 433 4422
623 16651 347 4564
522 13918 365 4583
514 12637 403 4640
705 18513 445 4416
562 15275 422 4457
742 18744 508 4358
652 17743 468 4399
571 14782 384 4483
474 12433 406 4598
623 16582 437 4426
692 17855 444 4417
485 12674 406 4591
590 14969 383 4506
726 19454 457 4402
511 13108 369 4642
779 20198 549 4335
633 16525 351 4538
731 18290 486 4374
573 14977 358 4554
608 15745 551 4347
640 16192 340 4589
535 14721 440 4445
632 16009 534 4358
534 14264 370 4542
605 15644 542 4365
658 15950 469 4401
565 14866 514 4396
619 15785 489 4382
646 17441 372 4499
676 17412 472 4385
704 18431 413 4460
567 15619 360 4543
625 15497 366 4509
612 15580 393 4470
651 16927 394 4466
738 19522 409 4451
547 14554 413 4472
616 16196 532 4362
569 15018 349 4566
689 17857 355 4534
554 14605 355 4584
621 15825 540 4360
665 17760 376 4495
711 17887 489 4375
737 19479 408 4452
748 19302 405 4450
530 14068 386 4504
606 16135 488 4399
627 16504 381 4491
523 14136 413 4502
625 16488 493 4379
585 15068 524 4376
500 13281 338 4621
732 18300 517 4354
668 17236 574 4325
630 16364 533 4345
605 16340 346 4580
594 15841 465 4407
608 15237 427 4458
680 17369 444 4421
725 18848 447 4408
583 15255 415 4441
664 16850 549 4337
780 20506 433 4422
594 14169 424 4487
545 14674 465 4416
620 15582 462 4404
577 15081 449 4422
680 17932 481 4384
598 15854 449 4413
636 16308 472 4391
611 16326 475 4393
551 14487 341 4605
639 17344 508 4363
489 12764 411 4581
546 14766 451 4424
773 20154 410 4448
565 14866 514 4396
457 11827 446 4650
622 16472 506 4374
746 19648 553 4334
567 14902 404 4471
668 17757 461 4400
514 12637 403 4640
747 19556 469 4390
609 15657 507 4366
633 17046 497 4368
635 16897 434 4433
617 16068 501 4384
551 14487 341 4605
779 20198 549 4335
637 16184 533 4340
664 17464 447 4416
623 15947 487 4384
620 16181 519 4361
645 16985 517 4363
596 15671 553 4357
633 17046 497 4368
664 16850 549 4337
596 14681 565 4369
689 18477 517 4356
628 16458 532 4360
689 18477 517 4356
644 15874 532 4365
597 14714 565 4354
634 16196 484 4392
634 16196 484 4392
652 16877 447 4422
637 16082 458 4406
628 15483 581 4350
675 16477 565 4324
637 16082 458 4406
628 15483 581 4350
582 15097 553 4361
832 21119 463 4406
781 20617 433 4425
672 16578 581 4317
622 16742 433 4461
614 14995 565 4369
605 15486 530 4383
784 19833 545 4350
818 19527 533 4353
614 14995 565 4369
718 18849 435 4434
674 17817 448 4435
670 17219 574 4327
771 20201 441 4414
665 17349 474 4452
731 19108 532 4355
714 18235 497 4381
774 20035 510 4361
755 19505 445 4433
748 18574 473 4403
714 18041 455 4415
673 17053 553 4351
698 18105 469 4419
780 19240 549 4338
625 16476 506 4385
674 17843 476 4398
692 18468 517 4365
742 18238 549 4345
667 16911 484 4411
652 16194 581 4337
640 16303 489 4391
767 19428 549 4343
643 16748 537 4358
675 17072 520 4364
703 17494 473 4412
665 16381 569 4343
683 17566 549 4349
610 15761 537 4382
657 17192 433 4459
673 17418 460 4428
634 16561 488 4393
688 17667 485 4403
656 17849 459 4425
679 17425 487 4407
685 17333 494 4382
671 16833 565 4322
624 15973 537 4368
661 18001 533 4359
665 16377 581 4336
743 19475 519 4362
633 17278 507 4366
691 18120 488 4390
695 18005 473 4421
653 16007 549 4364
691 18223 488 4386
672 16578 581 4317
610 15986 507 4367
649 15974 565 4356
672 16498 581 4322
696 17623 517 4364
665 16946 487 4413
664 16343 549 4356
666 17204 532 4362
665 16771 517 4366
810 20949 444 4441
701 17364 581 4317
665 16470 581 4344
653 17215 433 4470
643 16917 433 4478
614 15082 565 4372
646 16214 551 4380
778 19438 501 4384
625 15280 565 4369
760 19804 509 4369
758 19561 553 4353
794 20733 483 4402
743 18622 479 4419
735 17834 549 4355
787 20457 444 4446
691 18068 452 4450
702 17785 476 4446
685 17967 459 4425
742 19095 503 4391
698 17102 537 4364
619 16558 525 4372
693 18304 532 4362
718 19059 446 4441
681 17303 574 4325
716 18078 552 4354
631 16816 507 4370
722 17696 535 4365
674 17233 433 4466
703 18537 488 4394
681 17236 574 4336
649 16571 514 4421
678 17485 487 4413
672 18347 459 4438
690 16931 445 4475
681 17379 565 4332
666 16636 518 4404
664 16986 502 4432
661 18057 533 4359
671 16740 512 4469
703 18409 488 4397
676 17601 489 4394
686 17647 487 4409
668 17736 496 4403
683 17573 486 4424
670 17386 519 4366
654 17125 505 4436
655 16830 553 4367
672 16540 581 4322
662 16792 504 4447
669 17447 494 4404
665 17231 502 4427
643 17293 495 4441
692 17368 565 4332
653 17444 553 4359
671 16806 502 4407
672 17162 488 4420
677 17244 574 4334
683 16969 565 4334
789 20331 483 4423
767 20662 509 4374
680 17718 433 4472
674 16542 581 4331
673 17696 435 4531
672 16578 581 4323
624 15154 565 4376
648 16263 561 4408
737 19242 450 4449
628 15452 565 4369
660 16644 548 4379
755 19981 523 4368
678 18239 468 4470
717 19737 533 4359
724 18676 579 4335
706 18282 477 4428
697 18434 459 4425
677 16697 525 4433
686 17648 487 4413
702 17981 465 4445
696 17826 533 4367
718 18142 481 4441
693 17266 502 4418
716 18858 509 4386
636 16571 532 4387
697 17046 565 4346
638 16842 517 4370
669 17717 494 4442
756 18652 532 4363
737 19148 503 4397
732 18025 565 4339
728 19231 488 4396
693 18850 496 4400
684 17424 565 4343
728 18794 503 4402
705 17834 485 4447
641 16880 512 4387
642 16866 509 4399
684 17315 565 4364
737 19160 513 4378
672 16546 581 4340
775 19808 506 4398
764 20292 517 4396
711 18599 433 4472
683 17007 581 4331
628 15486 565 4384
639 15661 565 4369
742 19798 459 4436
730 18937 466 4430
712 18340 486 4445
651 16923 519 4456
748 19811 550 4366
665 16781 548 4385
708 18285 565 4344
726 19117 506 4403
758 19651 520 4370
671 16989 548 4379
716 17694 496 4421
685 18167 524 4371
694 17788 532 4390
696 17972 487 4413
682 18681 533 4370
736 19019 505 4405
665 17185 512 4398
718 17572 551 4371
690 17666 502 4430
658 17007 537 4380
691 18279 498 4418
661 18032 517 4407
700 17074 562 4376
658 16960 559 4397
711 17346 519 4383
747 18646 553 4367
663 17101 519 4399
706 17884 533 4368
703 17934 519 4371
700 17981 533 4368
815 20564 553 4367
721 19567 451 4483
714 17776 581 4331
672 16819 581 4374
666 17685 547 4458
791 20373 466 4431
690 17131 581 4335
763 19372 477 4443
741 18659 519 4398
730 19030 495 4438
704 18050 503 4447
738 18497 487 4421
738 19658 464 4475
780 20550 466 4434
706 17961 533 4368
707 18574 498 4418
717 19753 519 4374
682 17519 542 4430
681 17849 512 4405
675 17109 548 4382
737 19424 469 4430
724 18743 519 4378
714 18119 518 4402
739 19273 519 4372
680 17570 515 4443
676 17086 548 4379
682 17857 542 4403
722 17735 518 4402
826 20782 513 4414
796 20850 473 4460
756 19868 451 4483
745 17853 594 4357
741 19997 452 4504
728 18240 581 4331
716 17168 549 4392
681 17727 547 4455
803 20762 528 4396
778 18906 497 4449
681 17621 560 4447
756 19790 483 4455
752 17877 581 4332
719 19058 498 4418
705 18181 512 4426
738 19042 497 4440
682 18541 527 4437
684 18156 517 4407
712 18141 533 4373
725 18121 518 4402
712 18505 533 4368
708 18523 503 4456
746 18138 549 4370
723 18171 518 4402
711 18234 518 4406
712 18175 533 4371
846 22508 544 4369
773 20309 451 4483
734 18325 592 4335
694 18117 547 4455
690 18210 537 4410
739 19206 497 4443
788 20177 518 4416
744 18331 581 4387
761 18859 549 4382
696 18697 531 4481
755 19674 518 4417
702 18978 521 4426
758 19947 500 4422
731 19502 529 4417
703 18381 531 4455
732 18463 537 4395
717 18180 536 4400
722 19073 498 4423
758 19846 533 4380
714 18324 519 4418
719 18917 537 4374
717 18282 532 4410
721 18364 542 4383
841 20347 562 4392
791 21248 509 4422
746 18799 594 4340
739 19393 497 4443
721 18229 541 4414
700 18322 540 4418
783 20543 542 4389
794 19606 502 4436
765 20203 552 4398
719 19171 521 4439
820 20312 550 4395
746 19551 518 4423
793 20303 565 4389
743 19412 535 4414
740 18978 556 4394
770 19524 537 4396
823 20022 562 4394
790 20575 542 4404
753 19439 497 4443
726 18229 546 4442
717 18949 576 4476
701 19074 540 4453
799 20388 540 4440
723 18775 559 4466
733 18357 547 4420
734 19052 544 4415
720 18835 547 4461
840 20587 569 4394
778 20581 497 4443
743 18740 547 4433
801 21013 502 4444
794 20680 532 4447
