569 33.956
773 19532 461 4552
743 19575 474 4545
656 16983 524 4492
592 15050 357 4794
506 12413 391 5052
490 12080 420 4977
486 12715 403 4970
747 19205 493 4507
491 12153 420 4951
502 12680 400 4886
727 17672 461 4555
656 16983 524 4492
689 18352 500 4514
497 13113 416 4836
728 18125 461 4553
707 17506 461 4556
526 12624 418 4797
661 17080 511 4511
522 13520 377 4731
638 16517 509 4516
701 18685 493 4516
504 12927 399 4996
510 12936 386 4758
495 12902 410 4876
699 18568 500 4507
492 12641 416 5028
551 13882 371 4742
642 16403 393 4687
532 13459 448 4693
673 17947 487 4524
516 12433 401 5033
648 16956 493 4525
518 13333 448 4710
619 16198 421 4608
633 16668 433 4582
677 17240 440 4560
585 14480 360 4769
684 18384 493 4517
516 12475 390 5031
508 12866 436 4736
575 15465 481 4546
593 15292 444 4605
543 13922 377 4717
535 13221 408 4752
601 15247 471 4548
497 13081 404 4849
556 13644 421 4703
525 12528 391 5017
613 15884 397 4675
539 14090 453 4672
501 12799 416 4859
704 17837 439 4566
500 13232 400 4842
548 13741 437 4675
517 13483 386 4749
511 13008 422 4728
688 16642 419 4610
521 12601 391 5021
567 14067 369 4745
652 16561 441 4575
695 18448 477 4528
553 14334 458 4633
615 15546 462 4555
546 14201 399 4696
488 12098 426 4976
640 16775 500 4523
578 14361 442 4642
554 14114 364 4773
603 15649 485 4541
497 12974 403 4963
604 15201 430 4593
588 14827 460 4564
574 14960 467 4558
571 14520 367 4764
621 15696 441 4578
599 15512 471 4551
580 14657 455 4596
501 12646 398 5008
543 13591 450 4690
558 14037 424 4692
698 17572 439 4568
506 12431 391 5047
681 17318 493 4520
569 14730 361 4768
524 13037 428 4726
561 14456 405 4678
631 16350 493 4533
537 13687 437 4683
525 12676 402 5005
579 14428 365 4753
661 16982 498 4518
626 15760 433 4585
615 15903 419 4613
607 14625 443 4601
537 14287 474 4662
489 12730 403 4966
596 15338 427 4590
544 14075 392 4699
640 16922 498 4527
612 15836 419 4624
693 17968 477 4529
570 14464 468 4589
671 17271 511 4508
562 14247 443 4625
744 18090 461 4553
499 13048 393 4881
646 16500 465 4547
703 17986 403 4667
574 14904 451 4570
550 13536 425 4695
495 12895 416 4864
565 14346 359 4793
558 14262 370 4755
507 13310 393 4871
539 13857 461 4674
674 17107 405 4656
629 16042 486 4539
570 14559 435 4630
589 14802 433 4643
655 17285 409 4650
672 17835 477 4531
627 15975 405 4669
594 15499 435 4587
572 14784 391 4714
635 16529 479 4532
592 14887 450 4615
652 16252 416 4661
675 17345 477 4533
664 15607 419 4613
608 15416 465 4563
576 14650 433 4645
511 12906 418 4778
550 13927 461 4650
604 15201 430 4593
667 17158 511 4509
638 16252 485 4538
598 15411 358 4785
699 18117 499 4513
580 14657 455 4596
609 15091 357 4790
645 16432 406 4664
701 18685 493 4516
574 14714 435 4619
666 17555 406 4658
526 13308 377 4725
668 16978 405 4659
526 13308 377 4725
635 16529 479 4532
554 14093 417 4691
517 13337 386 4753
656 16983 524 4492
639 15999 409 4668
663 17044 477 4538
675 16050 357 4786
662 17430 493 4519
534 13673 393 4718
609 15091 357 4790
675 17509 441 4570
684 18384 493 4517
575 14575 367 4756
596 15371 451 4569
607 14958 434 4602
562 14518 459 4604
525 13511 371 4744
639 16272 409 4664
603 15649 485 4541
629 15797 409 4675
608 15713 498 4531
574 14312 459 4606
673 17424 493 4524
598 15411 358 4785
548 14079 458 4637
592 14887 450 4615
534 13673 393 4718
548 14079 458 4637
626 16288 423 4593
660 17109 511 4511
579 14664 361 4777
565 14752 451 4580
666 17131 498 4516
565 14752 451 4580
579 14724 364 4768
666 17555 406 4658
608 15416 465 4563
510 12936 386 4758
675 16050 357 4786
626 16288 423 4593
592 15050 357 4794
661 17080 511 4511
554 14114 364 4773
575 14575 367 4756
592 15050 357 4794
689 16456 461 4557
579 14664 361 4777
607 14958 434 4602
689 16456 461 4557
693 17968 477 4529
660 17109 511 4511
693 17968 477 4529
604 15201 430 4593
550 13927 461 4650
661 17080 511 4511
661 17080 511 4511
609 15091 357 4790
604 15201 430 4593
598 15411 358 4785
775 19592 461 4552
679 17673 524 4492
665 17390 542 4518
592 15062 357 4794
538 13219 425 4792
525 13511 371 4749
563 14319 450 4684
592 15031 393 4724
617 16025 427 4590
695 18584 477 4528
686 17210 511 4511
730 19319 493 4516
658 17246 419 4624
731 18256 461 4553
543 14043 381 4739
653 16885 406 4671
631 16364 493 4533
639 16009 409 4668
704 17859 439 4566
661 17080 500 4525
551 13972 377 4725
593 15292 444 4609
658 17117 531 4529
676 17643 481 4536
568 14829 458 4643
655 16710 406 4664
554 14114 364 4787
613 15916 397 4675
626 15601 357 4790
711 17727 461 4556
580 14666 361 4777
583 14710 367 4756
728 18302 461 4553
591 14931 478 4637
596 15360 427 4610
572 15092 462 4581
608 15624 465 4563
678 17766 542 4515
566 14526 371 4742
549 14104 377 4728
686 18186 487 4524
641 16745 477 4553
587 15262 467 4565
703 18523 477 4528
688 17656 479 4549
613 15916 397 4675
606 15352 465 4568
558 14262 370 4762
548 14453 458 4651
589 15379 461 4570
548 14286 458 4654
690 17847 453 4560
578 15215 451 4587
667 17179 498 4516
664 17330 493 4528
577 15318 451 4587
675 17189 441 4578
585 14580 360 4769
558 14262 370 4762
690 18146 477 4532
683 17452 493 4521
664 17490 493 4519
666 17659 406 4658
666 17294 497 4528
585 15292 467 4558
585 14580 360 4769
684 18234 477 4531
673 17425 493 4524
687 17285 440 4572
704 17846 439 4573
687 17214 441 4575
690 18146 477 4532
585 14580 360 4769
673 17425 493 4524
775 19687 461 4552
734 18785 530 4502
666 17349 542 4527
612 15657 357 4794
532 13608 404 4870
529 14154 439 4860
530 13810 416 4853
559 14341 389 4727
636 15950 419 4676
587 15267 467 4568
575 14666 377 4728
658 17197 531 4529
598 15479 358 4800
717 18657 517 4516
622 16215 444 4609
633 16588 438 4629
728 18164 448 4568
755 18560 461 4553
679 17385 462 4587
613 16041 397 4675
564 14319 377 4735
666 17555 424 4660
650 16128 430 4601
713 19037 406 4658
686 18257 487 4524
682 17470 500 4524
633 16552 438 4649
597 14856 360 4769
624 16124 458 4641
606 15782 367 4764
591 14971 478 4637
717 19185 493 4519
563 13867 419 4775
718 19050 477 4528
592 15062 369 4795
650 17264 460 4595
691 17700 492 4545
551 14093 386 4764
556 13937 386 4749
666 17294 497 4542
707 18624 477 4532
650 16379 369 4758
543 13930 386 4766
699 17962 406 4664
692 17969 542 4506
687 17819 530 4510
699 18107 499 4519
741 18239 461 4556
605 15424 357 4798
741 18564 461 4553
548 14333 458 4654
692 17969 542 4506
684 17375 493 4530
775 19592 461 4556
772 20601 477 4532
734 18887 530 4502
698 18379 542 4518
592 15062 370 4795
543 14220 416 4856
641 16692 397 4675
623 16231 444 4609
650 16206 430 4604
570 14908 395 4746
548 14429 458 4657
597 15481 416 4736
571 14692 382 4739
686 17889 490 4571
687 17502 374 4792
730 19006 499 4519
648 16578 375 4783
591 15233 478 4637
723 19284 493 4519
752 18695 461 4558
607 15392 458 4654
615 16082 492 4580
598 15698 467 4581
741 18239 461 4567
592 15573 480 4588
707 18291 487 4540
699 18223 542 4510
710 17995 479 4569
615 15039 478 4645
696 18578 487 4540
598 15650 467 4585
701 18548 487 4524
699 18117 499 4522
790 19834 484 4562
745 19233 530 4502
720 18864 542 4517
598 15457 376 4795
579 15061 458 4665
684 17323 416 4688
651 16463 387 4777
633 16581 463 4630
638 16255 444 4609
755 18283 484 4567
610 15791 467 4592
684 17354 415 4675
714 18345 505 4540
603 15837 480 4588
723 19296 493 4519
703 18684 487 4524
698 18735 504 4543
645 16391 392 4789
684 17354 415 4675
645 16391 392 4789
723 19296 493 4519
764 19720 542 4504
645 16393 392 4789
645 16391 400 4799
703 18711 487 4524
684 17460 415 4675
669 16984 444 4611
717 19224 487 4524
744 19603 487 4524
751 19677 499 4525
