175 5.42931
723 18256 437 4791
721 18339 426 4864
713 17806 511 4726
704 17061 390 4896
592 15245 396 5011
577 13447 440 4958
536 14413 453 4875
646 15976 493 4734
709 17994 426 4870
721 18339 426 4864
657 16386 469 4760
713 17806 511 4726
695 17294 500 4729
660 16639 443 4761
625 15450 485 4784
546 13796 419 4994
687 16776 400 4885
597 15084 396 5002
680 17177 397 4949
592 15723 473 4818
677 17407 416 4873
700 17488 398 4934
679 16393 503 4727
545 13973 456 4903
642 16317 437 4840
640 16557 416 4878
631 16415 437 4803
552 14462 421 4953
546 13796 419 4994
634 15834 475 4752
598 15408 461 4828
618 15844 448 4778
587 15782 453 4864
695 17294 500 4729
610 15414 478 4821
664 16328 485 4741
687 16776 400 4885
611 15461 508 4796
664 16328 485 4741
577 13447 440 4958
661 16317 469 4742
701 17246 400 4878
641 15989 443 4792
608 15602 453 4780
547 14115 421 4978
612 15333 508 4801
618 15678 407 4889
587 14633 430 4906
587 14633 430 4906
616 15804 401 4904
581 14744 436 4909
664 16328 485 4741
625 15692 448 4825
548 13630 440 4952
679 17379 437 4793
630 15664 402 4909
598 15135 426 4902
626 15765 441 4834
637 16151 453 4769
580 14342 409 4950
700 17488 398 4934
647 16436 443 4774
610 15414 478 4821
642 16317 437 4840
603 15717 461 4818
559 14699 424 4939
627 15820 453 4770
639 15650 412 4889
574 14725 421 4920
580 14855 426 4916
604 14986 426 4891
593 15505 454 4870
633 14208 424 4943
626 15765 441 4834
582 14640 398 4962
650 16279 400 4894
619 15679 453 4774
592 15245 396 5011
550 14112 409 4956
654 15875 485 4746
604 15014 426 4880
625 15450 485 4784
654 15875 485 4746
606 15709 407 4885
592 15290 396 5000
645 15907 485 4750
637 16151 453 4769
626 16059 413 4883
637 16151 453 4769
597 15653 396 4973
610 15590 485 4754
598 15408 461 4828
537 13704 440 4940
630 15664 402 4909
599 15562 437 4893
559 14794 424 4930
550 14112 409 4956
562 14820 437 4907
596 14554 424 4924
598 14647 410 4944
540 14123 456 4889
562 14820 437 4907
596 15479 422 4910
677 17407 416 4873
625 16040 461 4773
577 14609 415 4939
626 16059 413 4883
571 14596 421 4923
652 16288 437 4823
597 15228 439 4886
595 15583 413 4892
578 14417 401 4962
597 15220 439 4888
578 14417 401 4962
589 14592 424 4917
658 16427 440 4797
569 14674 437 4900
543 14555 437 4909
573 14474 415 4952
650 16279 400 4894
582 14515 398 4970
593 15396 461 4868
540 14200 440 4886
564 14527 401 4966
612 15333 508 4801
569 14535 421 4929
573 14572 415 4951
559 14794 424 4930
575 14464 399 4973
589 14442 424 4927
577 14509 415 4943
639 15891 400 4900
545 13721 426 4926
633 14208 424 4943
541 14436 437 4913
619 15341 426 4874
591 14993 415 4936
603 15530 412 4897
652 16288 437 4823
603 14830 426 4910
647 16436 443 4774
592 15723 473 4818
695 17294 500 4729
547 14115 421 4978
597 15084 396 5002
541 14436 437 4913
594 15294 415 4925
602 15502 425 4892
597 15653 396 4973
548 13637 440 4945
537 13700 440 4950
545 13993 456 4899
580 14533 421 4935
540 14168 440 4888
579 14358 424 4937
576 14762 410 4937
571 14596 421 4923
545 14056 456 4895
617 15182 412 4902
593 15396 461 4868
617 15182 412 4902
593 15364 461 4873
576 15455 455 4823
568 14038 424 4947
606 15709 407 4885
617 15997 425 4875
645 15907 485 4750
564 14527 401 4966
575 14521 401 4955
602 15502 425 4892
599 15562 437 4893
545 13721 426 4926
603 15530 412 4897
645 15907 485 4750
596 15479 422 4910
581 14744 436 4909
576 14762 410 4937
564 14527 401 4966
545 13993 456 4899
625 15692 448 4825
603 15717 461 4818
582 14515 398 4970
658 16324 469 4760
536 14413 453 4875
567 14383 421 4947
566 14368 424 4946
543 14555 437 4909
562 14820 437 4907
573 14474 415 4952
604 15014 426 4880
603 14830 426 4910
567 14383 421 4947
565 14408 424 4943
598 14647 410 4944
581 14532 426 4916
575 14521 401 4955
566 14368 424 4946
548 13630 440 4952
594 15294 415 4925
537 13700 440 4950
598 15135 426 4902
576 15455 455 4823
581 14744 436 4909
568 14038 424 4947
661 16317 469 4742
596 14554 424 4924
650 16286 400 4891
577 14609 415 4939
575 14616 401 4949
578 14373 401 4966
602 15502 425 4892
602 15502 425 4892
592 15290 396 5000
595 15583 413 4892
595 15592 425 4888
589 14592 424 4917
589 14442 424 4927
610 15590 485 4754
625 16040 461 4773
587 14431 421 4936
579 14358 424 4937
545 14056 456 4895
582 14596 424 4915
568 14038 424 4947
537 13704 440 4940
547 14115 421 4978
658 16324 469 4760
591 14993 415 4936
548 13637 440 4945
559 14699 424 4939
565 14408 424 4943
536 14413 453 4875
569 14684 437 4899
650 16286 400 4891
639 15686 485 4751
639 15686 485 4751
604 15014 426 4880
545 13993 456 4899
545 13973 456 4903
596 14554 424 4924
658 16324 469 4760
650 16279 400 4894
617 15997 425 4875
597 15220 439 4888
582 14596 424 4915
548 13637 440 4945
545 13973 456 4903
575 14616 401 4949
598 15408 461 4828
617 15997 425 4875
606 15709 407 4885
597 15228 439 4886
596 15220 439 4891
540 14123 456 4889
619 15679 453 4774
604 14986 426 4891
625 15450 485 4784
536 14413 453 4875
713 17806 511 4726
695 17294 500 4729
695 17294 500 4729
687 16776 400 4885
658 16324 469 4760
637 16151 453 4769
625 15450 485 4784
625 15450 485 4784
619 15679 453 4774
617 15997 425 4875
617 15182 412 4902
612 15333 508 4801
612 15333 508 4801
603 15530 412 4897
603 15530 412 4897
598 15408 461 4828
597 15653 396 4973
597 15228 439 4886
596 15220 439 4891
591 14993 415 4936
591 14993 415 4936
581 14744 436 4909
576 14762 410 4937
575 14521 401 4955
568 14038 424 4947
564 14527 401 4966
562 14820 437 4907
548 13637 440 4945
546 13796 419 4994
541 14436 437 4913
541 14436 437 4913
736 18790 437 4793
718 17313 390 4899
706 17587 500 4729
686 15499 410 4961
612 15457 508 4801
560 13864 440 4948
693 17658 437 4796
648 16539 441 4848
575 14327 413 4956
640 15983 426 4879
715 17422 391 4905
584 14304 440 4941
617 15845 485 4754
565 15103 453 4883
599 15366 439 4894
606 15770 407 4889
656 16156 493 4734
681 17348 400 4894
636 15870 493 4753
622 16000 466 4816
666 16967 456 4764
603 15868 461 4824
639 15955 400 4900
609 16142 455 4830
620 15618 478 4808
657 16155 508 4744
661 16392 469 4742
586 14563 424 4933
607 14844 424 4915
588 14821 455 4927
644 16462 449 4778
591 15593 440 4899
639 16536 448 4886
641 15893 475 4758
626 15628 469 4799
660 16725 443 4766
666 16967 456 4764
587 14865 421 4920
690 17161 400 4885
658 16324 469 4770
587 14865 421 4920
672 16706 453 4767
608 16074 471 4798
657 16458 454 4782
608 16069 461 4811
640 16200 449 4790
641 16046 475 4755
626 15628 469 4799
570 14642 421 4930
687 17169 400 4885
610 15626 478 4808
647 16102 454 4788
672 16706 453 4767
569 14655 421 4929
647 16102 443 4792
672 16706 453 4767
570 14642 421 4930
644 16462 449 4778
586 14563 424 4933
658 16420 469 4769
569 14655 421 4929
608 16069 461 4811
587 14865 421 4920
647 16102 443 4792
641 16153 443 4792
660 16722 443 4768
641 16153 443 4792
660 16722 443 4768
672 16706 453 4767
672 16706 453 4767
666 16967 456 4764
666 16967 456 4764
608 16069 461 4811
736 19052 437 4793
727 17601 390 4906
695 17307 500 4734
631 16353 409 5000
631 15633 508 4815
565 14140 440 4952
711 17871 400 4885
608 16091 461 4818
600 15578 417 4968
569 14655 421 4936
625 15843 424 4927
695 17384 443 4771
659 16648 411 4915
716 18381 475 4755
641 16229 475 4760
576 14477 417 4977
696 17232 401 4952
721 16986 466 4812
655 16209 493 4755
680 17286 415 4904
681 17011 493 4738
612 15686 478 4808
584 14304 440 4945
612 15686 478 4808
658 16393 493 4747
584 14304 440 4945
626 16099 414 4910
842 21785 404 4933
706 17582 401 4952
695 17312 500 4734
600 14586 440 4948
579 14703 440 4945
721 17894 414 4903
726 17891 492 4798
671 16457 493 4758
610 16337 463 4840
612 15686 478 4814
622 16101 472 4836
724 17970 418 4928
721 18568 401 4967
713 17749 493 4760
672 17619 455 4988
600 15741 476 4951
627 15862 478 4816
691 17005 478 4814
794 19873 428 4947
698 17880 486 4838
698 17685 486 4839
698 18018 486 4838
765 19834 486 4842
