0 0.116654 11 18 6
1 0.213955 25 33 11
2 0.308777 29 17 15
3 0.408809 41 34 25
5 0.606956 37 38 31
7 0.803402 39 47 31
10 1.09757 65 27 30
14 1.49146 32 26 44
18 1.91889 68 40 20
24 2.4575 44 38 31
34 3.14508 81 95 117
49 4.04474 146 70 111
70 5.16866 181 164 173
105 6.58468 191 195 201
149 8.38003 196 178 196
205 10.6597 202 198 197
278 13.5495 204 207 191
371 17.2088 201 152 204
492 21.8516 196 208 203
648 27.7458 200 202 187
845 35.2379 205 203 199
1068 44.745 195 189 196
1387 56.7795 193 184 200
1753 72.0529 186 193 187
2259 91.4289 188 190 181
2856 116.002 28 189 191
3570 147.202 17 188 187
4501 186.674 187 184 185
5699 236.686 154 183 184
7143 300.022 31 181 188
