0 0.153009 6 12 7 12 8
1 0.312638 13 21 12 26 21
2 0.488009 19 31 6 12 14
3 0.662554 13 13 11 20 9
5 1.01246 11 10 36 20 15
7 1.36084 21 20 31 33 20
9 1.70909 21 36 3 21 8
12 2.24033 25 21 11 12 25
16 2.94739 37 24 54 11 19
21 3.82861 30 21 37 44 58
27 4.88898 58 46 59 52 45
35 6.13044 130 37 145 69 121
50 7.6742 145 91 144 140 99
61 9.56645 134 103 111 156 140
97 11.9023 108 134 142 143 128
124 14.7759 131 175 154 146 153
167 18.3336 144 32 150 144 143
218 22.7494 134 124 145 135 140
281 28.8095 157 140 154 147 145
379 35.764 124 141 135 139 132
493 44.2951 142 134 144 144 129
634 54.8009 142 140 134 131 137
817 67.8477 56 130 134 142 140
1042 83.9356 135 131 137 133 136
1304 103.844 142 136 135 135 132
1625 128.608 156 131 128 140 137
2031 159.031 154 141 139 137 138
2512 196.61 43 134 137 133 136
3081 243.628 168 139 145 144 130
3766 300.025 45 134 138 135 133
