0 0.0112195 9
3 0.0162515 83
7 0.0233811 128
13 0.034688 128
22 0.0506445 128
35 0.0730236 128
52 0.104676 128
77 0.148085 128
115 0.209764 128
170 0.296576 128
251 0.41976 128
357 0.594912 128
518 0.841804 128
734 1.18985 128
1038 1.68249 128
1510 2.37722 128
2125 3.36005 128
2913 4.74792 128
3943 6.70771 127
5246 9.47746 128
7029 13.3894 128
9438 18.916 128
12718 26.7235 128
16799 37.7522 128
23544 53.3306 128
35045 75.3374 128
50453 106.425 128
73603 150.339 128
108533 212.373 128
158746 300.001 128
