0 0.288104 12 14 19 28 22
1 0.559384 23 20 25 18 23
2 0.850193 19 36 22 12 23
3 1.17066 27 29 48 20 18
4 1.49667 23 21 34 28 15
6 2.14144 18 40 25 35 29
8 2.77518 42 20 33 53 20
11 3.71911 68 47 84 54 32
14 4.65914 103 76 49 36 30
18 5.88469 134 90 93 78 78
25 7.2891 158 105 132 134 129
39 8.92729 168 136 149 124 129
56 10.9049 149 149 147 150 142
57 16.3408 157 121 145 138 151
88 19.8753 144 140 141 141 146
113 27.9822 135 126 139 137 141
163 33.6175 135 135 154 133 142
173 39.8878 138 132 127 130 147
225 50.8977 129 131 132 130 133
281 62.0658 133 132 132 130 129
337 73.3868 131 125 132 130 123
404 85.9735 132 129 129 125 125
490 100.602 136 126 136 127 128
561 118.263 84 117 125 125 124
673 141.496 147 123 123 124 124
799 165.296 126 123 125 124 124
947 192.141 146 123 124 125 125
1092 223.097 144 123 123 124 124
1279 258.917 152 123 123 123 123
1471 300.026 134 123 123 124 123
