0 0.650677 19 20 23 23 12
1 1.23567 46 34 38 38 24
2 1.82359 21 19 24 29 31
3 2.40855 41 26 22 55 29
4 3.00428 12 34 20 36 41
6 4.18479 34 23 23 25 38
8 5.36219 36 34 38 44 39
10 6.4972 41 62 50 42 46
13 8.04004 74 44 26 67 72
16 9.59724 53 72 54 72 37
21 11.6723 72 99 66 89 93
30 13.9416 97 98 88 83 100
40 16.8025 78 69 84 121 101
55 19.9995 108 118 112 73 115
72 23.7507 133 133 112 99 117
94 28.2 107 126 111 122 106
121 33.5502 112 105 107 124 110
153 39.8312 101 110 119 101 118
189 47.2215 107 106 102 107 102
232 56.0457 103 108 103 102 110
283 66.3112 93 98 106 124 111
343 78.5599 105 108 114 106 107
414 92.9551 107 111 108 108 104
498 110.107 105 107 110 101 99
597 130.307 103 112 96 103 97
713 154.202 93 102 106 98 101
850 182.368 97 98 109 96 96
1010 215.405 96 98 107 101 93
1200 254.441 96 84 98 104 96
1445 300.109 106 102 97 105 94
