0 0.669159 23 10 15 21 11
1 1.30838 38 19 23 24 16
2 1.94904 29 18 28 37 19
3 2.59273 34 25 44 41 48
4 3.23041 25 32 34 56 52
6 4.43206 48 34 44 86 39
8 5.56383 39 48 82 79 71
10 6.71482 63 35 55 78 72
14 8.27692 85 80 80 89 122
19 9.92529 82 72 91 55 95
25 11.7809 120 84 64 69 105
34 14.0362 97 140 114 146 105
45 16.691 136 149 137 122 115
62 19.8537 140 143 124 156 125
85 23.5649 137 122 138 123 121
111 27.9238 140 127 145 136 139
139 33.1439 119 126 142 137 140
171 39.369 146 139 155 111 137
209 46.8021 142 145 146 126 155
250 55.4375 159 133 138 133 152
297 65.6994 135 158 146 132 128
354 77.9738 138 145 148 135 131
421 92.4432 141 122 136 141 125
501 109.541 130 120 125 147 153
596 129.772 120 107 144 125 148
709 153.646 118 114 111 108 116
845 181.84 111 107 109 107 112
1007 215.041 103 114 119 122 135
1199 254.102 108 106 97 109 105
1431 300.104 92 109 110 96 117
