0,0.00635187,0.67735
1,0.0196267,0.711397
2,0.0316699,0.7607
4,0.0549057,0.80033
6,0.0775251,0.857929
9,0.11089,0.86938
14,0.164739,0.873815
21,0.23796,0.888095
31,0.339389,0.897707
44,0.47008,0.898851
62,0.65518,0.898851
83,0.906656,0.898901
115,1.25358,0.921441
165,1.73901,0.921669
232,2.4086,0.924478
323,3.32456,0.925851
451,4.59065,0.927078
617,6.3325,0.927143
831,8.74298,0.927222
1139,12.0607,0.929717
1538,16.6419,0.930672
2125,22.9534,0.932484
2958,31.6522,0.932813
4071,43.6495,0.932816
5632,60.1907,0.932827
7786,82.9953,0.938894
10612,114.441,0.939269
14499,157.81,0.940018
19682,217.608,0.952484
26998,300.006,0.954057
