0,0.18823,0.705256
1,0.360537,0.763118
2,0.531392,0.773109
3,0.701839,0.782842
5,1.04214,0.798486
7,1.38234,0.825873
10,1.89176,0.865386
13,2.40095,0.872231
17,3.0782,0.894069
22,3.9209,0.906597
28,4.88547,0.919167
38,6.08322,0.925456
50,7.55647,0.942339
70,9.39484,0.95159
98,11.7355,0.954968
132,14.5895,0.959789
178,18.5664,0.964991
239,23.1029,0.96914
317,28.6867,0.970426
411,35.5388,0.971399
532,44.0263,0.973135
698,54.5092,0.974113
896,67.4727,0.97518
1161,83.5408,0.976773
1487,103.395,0.976868
1919,127.994,0.977412
2447,158.434,0.979709
3113,196.04,0.982684
3931,242.579,0.983552
4952,300.007,0.98366
