0,0.0105631,0.644094
1,0.0178741,0.652558
3,0.0318723,0.677409
5,0.0451999,0.687539
8,0.0645432,0.733052
13,0.0964888,0.756502
20,0.140788,0.786839
29,0.197897,0.810955
42,0.27853,0.846452
62,0.39244,0.871497
94,0.550524,0.875694
138,0.770334,0.899322
201,1.07362,0.923651
292,1.49815,0.935667
420,2.08958,0.946044
613,2.91246,0.958263
786,4.05721,0.958489
1045,5.65039,0.960933
1396,7.87382,0.96598
1902,10.9692,0.966557
2582,15.2735,0.969471
3521,21.2665,0.971302
4822,29.6103,0.972591
6663,41.2242,0.972599
9225,57.3887,0.974413
12849,79.8909,0.974801
17906,111.214,0.974828
25001,154.819,0.981664
35161,215.517,0.981676
49323,300.003,0.981679
