0,0.49189,0.72
1,0.940692,0.73367
2,1.38655,0.744757
3,1.82811,0.755806
4,2.27563,0.764383
6,3.17006,0.783272
8,4.05644,0.799003
10,4.94872,0.830633
13,6.28692,0.850892
16,7.62214,0.870793
20,9.3517,0.880403
25,11.5254,0.900415
33,14.052,0.915209
43,17.0033,0.927929
55,20.54,0.93856
57,35.8955,0.965881
74,43.2502,0.967814
104,50.5271,0.970709
113,64.0189,0.974587
156,74.4087,0.980153
169,88.99,0.981134
225,114.989,0.982557
281,141.485,0.983633
337,167.258,0.985089
393,193.054,0.985495
449,219.32,0.985513
505,245.754,0.985816
561,272.249,0.986418
617,299.681,0.986486
620,300.137,0.986531
