0,0.412952,0.715651
1,0.833207,0.72274
2,1.2491,0.747001
3,1.66743,0.760605
4,2.08406,0.770837
6,2.91747,0.797643
8,3.7483,0.813924
10,4.57977,0.827252
13,5.82953,0.841945
16,7.07693,0.852229
20,8.7248,0.866309
25,10.7589,0.883703
33,13.2713,0.891879
42,16.1909,0.903182
54,19.632,0.916022
57,39.5045,0.942491
85,47.4181,0.950783
113,69.6827,0.954283
169,97.1277,0.957419
225,125.775,0.961795
281,153.544,0.964831
337,181.167,0.966101
393,208.468,0.966132
449,235.415,0.966206
505,262.356,0.966569
561,289.855,0.967213
602,297.793,0.967624
613,300.059,0.967693
