0,0.141428,0.714308
1,0.253002,0.733896
2,0.364666,0.754912
3,0.476422,0.762915
5,0.714331,0.78537
7,0.940795,0.806757
10,1.28195,0.829228
14,1.73712,0.85196
18,2.21187,0.866676
24,2.81556,0.888687
33,3.58198,0.899955
45,4.53617,0.9166
60,5.74929,0.932824
80,7.27709,0.942288
105,9.20844,0.948507
135,11.6502,0.951271
172,14.7246,0.953038
217,18.5706,0.955846
273,23.4556,0.958141
339,29.5793,0.958246
424,37.333,0.958276
531,47.1069,0.958363
663,59.3999,0.958588
835,74.8712,0.959053
1002,94.3804,0.959385
1329,119.001,0.959389
1693,151.446,0.95939
2212,190.85,0.959879
2771,239.776,0.963439
3384,300.212,0.963514
