0,0.524934,0.697396
1,1.03097,0.70232
2,1.5355,0.732909
3,2.04254,0.745683
4,2.54597,0.75969
6,3.53501,0.803349
8,4.53989,0.822854
10,5.46946,0.845201
13,6.93151,0.881282
17,8.62217,0.925635
22,10.3833,0.937738
32,12.5419,0.950371
45,15.022,0.961085
61,18.1551,0.968175
76,21.6608,0.972685
94,25.8561,0.973869
120,30.9636,0.976829
150,37.0615,0.979112
185,44.1752,0.979999
227,52.6172,0.980832
279,62.8136,0.982776
340,74.8349,0.983368
412,89.1907,0.984209
498,106.256,0.985204
600,126.374,0.98584
721,150.303,0.985859
866,178.781,0.985878
1041,212.571,0.986305
1251,252.68,0.987977
1497,300.092,0.988658
