0,0.0620538,0.742689
1,0.155228,0.754155
2,0.240549,0.764442
3,0.325823,0.76465
5,0.489626,0.778438
7,0.651564,0.790871
10,0.888692,0.820824
14,1.20825,0.845601
19,1.61632,0.850958
25,2.10118,0.85402
33,2.72261,0.855797
43,3.53889,0.860819
56,4.55028,0.860944
73,5.86255,0.861171
95,7.52195,0.861214
123,9.68858,0.861222
159,12.4264,0.861728
203,15.8935,0.861733
267,20.3443,0.86175
384,26.0224,0.861767
534,33.2752,0.862336
724,42.5183,0.867063
965,54.3259,0.868057
1277,69.3676,0.870859
1673,88.5618,0.872023
2177,113.079,0.874542
2834,144.33,0.885425
3667,184.223,0.887209
4748,235.154,0.88831
6151,300.026,0.888842
