77 4.08077
45 334 45 156
42 292 36 169
44 308 39 163
45 319 40 158
45 310 38 160
42 307 37 165
44 299 38 164
40 307 36 167
45 303 38 162
42 315 37 164
46 315 40 158
44 296 43 163
44 311 39 159
47 342 40 154
50 338 37 163
43 295 37 166
44 312 38 162
48 308 39 159
48 309 39 158
50 317 40 156
42 292 37 168
45 311 45 158
46 349 46 153
43 310 37 164
42 301 38 164
44 296 44 162
46 299 38 162
48 333 40 155
49 332 40 155
50 338 36 165
43 322 38 160
45 340 45 155
42 301 37 166
44 309 37 164
47 313 39 158
48 305 38 161
50 309 40 157
40 300 36 169
42 330 39 160
43 295 43 164
44 331 40 157
47 321 46 155
49 337 42 153
41 298 37 167
42 297 42 165
42 315 38 163
43 298 38 165
43 316 38 162
43 324 39 158
44 301 44 160
45 306 45 159
45 355 37 163
46 319 44 157
46 336 46 154
47 309 38 160
47 321 40 156
48 353 42 153
49 341 40 154
52 337 37 163
41 308 37 165
42 293 42 167
43 309 39 162
43 320 39 161
45 324 40 157
46 317 45 156
46 325 45 155
48 317 40 157
49 308 39 158
49 310 40 157
49 314 42 154
49 340 37 163
51 323 40 155
42 317 38 162
43 298 43 163
43 315 43 161
44 355 40 156
46 301 39 160
46 316 45 157
47 311 45 157
48 296 38 162
