6616 77.8542
46 310 36 167
45 310 36 168
44 296 37 167
43 301 37 167
44 286 40 161
48 302 36 166
45 295 44 158
44 295 44 159
44 300 40 159
48 338 40 154
45 303 40 157
43 291 36 169
44 303 38 160
46 323 46 153
52 294 38 160
43 313 37 166
43 318 37 165
47 320 46 153
52 284 40 161
56 317 42 153
46 297 40 155
47 312 42 154
48 303 42 154
46 313 42 154
44 289 36 169
46 284 44 161
46 301 46 154
47 299 46 154
45 293 37 166
48 295 46 154
47 293 45 156
46 298 39 158
43 289 39 160
53 295 40 157
45 285 39 160
44 288 39 160
45 287 40 159
44 283 38 162
50 315 46 153
42 298 39 160
42 287 38 162
46 291 42 158
44 304 40 157
45 290 45 158
44 288 37 168
44 305 40 155
45 298 45 156
49 303 37 164
42 279 38 166
43 301 39 158
42 277 42 165
42 280 42 164
43 284 43 162
45 277 38 164
45 279 40 163
43 280 38 164
46 282 43 162
