328 1.71638
43 315 43 159
42 287 37 168
42 286 36 169
43 326 39 159
42 294 36 167
41 307 36 167
46 312 40 154
43 309 36 165
45 290 40 157
45 294 39 158
41 289 37 166
44 289 40 159
43 290 37 164
45 306 40 155
46 293 46 155
42 288 37 165
44 292 44 158
44 290 38 160
43 297 37 163
41 297 37 164
45 295 45 156
48 310 40 154
43 295 38 160
45 289 38 160
46 296 42 154
43 292 43 161
46 292 42 156
44 298 39 158
44 320 40 155
46 295 40 155
44 293 40 157
43 287 37 166
46 302 46 153
40 288 36 169
42 291 37 164
48 303 42 153
45 288 44 160
42 292 38 162
45 305 40 156
