61 1.15462
47 328 39 158
45 341 44 157
46 317 39 159
43 331 38 164
43 333 43 160
45 332 45 155
44 327 40 158
44 347 44 157
44 284 44 159
47 321 46 153
41 322 37 172
42 315 42 164
44 338 37 164
45 317 37 164
46 330 46 153
48 323 42 153
46 340 37 163
47 291 46 155
48 310 40 154
43 326 42 162
45 322 40 158
45 331 38 160
48 316 38 161
44 341 37 163
42 324 36 170
44 331 37 167
44 332 38 160
45 295 45 156
45 325 39 159
43 333 36 168
43 335 36 167
48 306 37 168
42 334 38 164
46 340 36 165
47 295 46 154
48 293 46 154
45 297 38 162
46 290 45 156
41 326 37 171
42 307 42 165
42 317 36 171
44 297 38 163
44 335 37 166
45 289 45 157
45 303 43 160
45 345 36 165
46 315 39 160
47 295 40 155
47 321 40 154
47 324 38 161
43 332 36 169
44 290 44 158
45 319 39 160
46 308 46 155
46 312 36 166
47 312 39 160
49 321 42 153
43 336 37 165
43 351 37 163
44 313 36 171
46 308 36 168
46 318 40 155
49 313 39 159
42 321 37 168
43 290 43 161
44 281 43 161
44 348 39 159
45 329 39 158
46 286 40 157
