72 5.82948
43 333 38 161
44 337 40 156
43 325 37 163
46 306 40 161
45 342 45 155
43 308 39 160
44 322 44 158
42 312 39 160
46 307 38 160
44 309 40 159
48 303 44 159
41 314 38 164
41 313 38 165
42 305 38 162
43 300 38 164
46 332 46 154
45 310 38 160
47 305 40 159
44 323 37 163
45 321 36 165
46 307 40 159
43 330 39 159
43 307 43 161
46 335 46 153
45 322 37 163
41 307 36 169
45 299 39 163
45 314 39 158
47 304 39 161
47 355 42 153
41 305 37 166
45 306 44 161
45 314 45 157
45 329 45 156
46 302 38 162
47 307 40 155
47 323 40 154
44 324 38 161
46 311 37 163
46 315 40 155
48 312 42 153
48 316 40 154
41 300 37 168
42 296 37 166
45 321 40 157
47 305 42 154
