11571 12.8634
50 372 37 163
48 344 36 166
49 369 38 160
53 381 40 155
44 349 42 162
44 340 42 164
48 368 46 154
48 342 40 163
42 338 42 165
42 343 42 163
49 348 37 164
50 350 40 158
48 340 38 165
51 360 40 156
49 346 38 162
48 350 38 161
50 344 40 159
57 392 40 154
45 355 45 157
49 352 39 159
43 333 43 163
49 364 40 157
49 368 39 158
48 357 45 156
43 342 43 161
51 354 40 157
45 364 45 156
45 344 44 159
44 340 43 160
51 361 39 158
47 343 44 159
47 337 43 161
44 345 44 159
44 347 44 158
48 350 40 159
50 351 38 160
48 346 38 163
55 377 40 155
48 343 40 162
49 366 46 155
46 346 42 161
49 338 40 161
48 339 40 164
47 341 42 162
