98 8.37584
31 257 29 155
31 246 30 153
33 246 29 145
37 249 30 144
30 258 30 155
33 248 31 144
30 272 30 150
38 245 32 144
31 254 31 147
33 259 30 144
30 258 29 156
32 262 30 144
33 244 28 146
34 259 31 142
31 245 30 154
32 252 32 151
33 258 31 143
31 288 29 152
34 254 31 143
32 257 27 148
31 247 30 152
30 261 29 153
32 264 32 143
37 249 32 143
29 262 29 153
31 253 30 148
33 243 30 145
32 264 28 147
34 247 31 144
38 247 34 143
32 260 30 146
34 278 27 147
38 251 34 142
33 266 31 142
35 254 27 148
38 251 31 143
32 257 32 144
34 252 30 144
34 253 34 142
34 251 34 143
36 248 34 143
