26 0.689917
41 325 30 146
35 281 31 150
35 317 31 147
36 274 31 163
41 320 31 146
41 322 32 145
44 329 28 150
33 281 30 158
34 287 31 152
35 292 30 151
36 285 30 150
37 289 29 150
37 305 32 146
37 310 31 147
40 304 34 146
41 339 28 151
47 383 28 149
34 278 28 155
34 299 29 148
35 285 30 153
35 295 31 148
36 313 31 147
37 271 33 150
37 289 30 149
37 318 36 144
37 324 30 147
37 325 31 146
38 310 36 145
39 313 30 147
39 322 28 152
39 323 27 155
40 278 31 154
40 279 30 153
40 284 30 152
40 287 35 149
40 305 31 147
40 324 32 145
41 300 28 153
41 320 35 145
41 332 33 144
41 335 31 145
42 316 31 146
42 333 28 150
42 333 31 145
42 347 30 145
43 307 31 146
43 330 28 150
45 363 36 143
