3877 20.4782
28 243 27 148
29 229 28 148
28 235 27 149
29 233 28 146
31 237 27 147
30 234 28 145
28 238 28 146
30 232 29 144
32 229 31 146
30 229 29 147
34 247 27 145
30 234 27 148
29 235 27 148
33 228 31 146
31 248 27 145
28 242 28 145
41 246 30 142
29 237 28 145
34 243 33 140
30 231 29 145
31 257 30 142
29 230 28 147
28 235 28 147
37 236 29 143
30 227 29 148
40 247 30 142
31 245 31 141
29 228 28 149
32 231 31 144
32 228 31 147
31 237 30 143
28 234 28 148
32 238 29 143
29 243 28 144
30 239 29 143
30 237 28 144
34 237 29 143
33 236 30 143
30 240 27 146
30 230 29 146
29 245 29 143
31 235 31 142
31 232 31 143
34 234 31 142
37 236 28 144
37 251 30 142
33 238 31 141
33 246 33 140
34 256 30 142
