25693 212.114
31 243 27 145
31 234 30 143
31 235 29 143
33 247 33 140
32 241 31 141
33 240 31 141
34 241 33 140
34 237 33 141
29 246 29 144
29 240 28 145
30 239 29 143
31 240 27 147
31 241 27 146
32 228 31 143
30 245 27 145
30 244 27 146
30 236 28 144
31 225 30 145
29 225 28 147
30 225 29 146
30 228 28 146
32 228 29 145
30 226 30 145
31 228 31 144
32 233 31 142
31 238 31 142
30 235 28 145
32 227 31 144
29 253 28 144
30 244 26 150
31 233 28 145
29 229 27 153
29 233 28 146
31 240 26 150
33 253 30 142
30 242 27 147
29 251 29 143
29 246 27 147
29 248 27 146
31 231 31 143
31 229 30 144
29 238 29 145
30 234 30 144
29 229 29 146
30 229 29 145
28 234 27 153
31 230 29 144
28 239 28 152
30 241 27 150
