51 1.79684
32 283 27 148
32 279 27 149
35 277 33 141
33 271 27 148
32 255 29 145
33 263 29 144
33 275 26 151
34 260 29 144
36 286 29 143
36 307 27 146
38 273 36 140
30 261 28 145
31 260 30 145
34 259 31 143
35 299 27 147
36 274 36 141
43 263 36 141
34 276 30 143
36 285 27 147
36 288 31 141
38 295 30 142
38 309 28 144
39 271 36 140
30 256 28 146
32 280 31 142
33 267 31 142
34 262 31 142
36 278 33 140
37 307 27 145
39 283 29 143
39 297 27 145
32 264 31 143
33 294 33 141
34 252 31 144
34 280 33 140
36 317 28 144
38 273 33 141
38 279 32 141
38 285 29 143
39 304 28 144
