1625 71.9643
31 264 31 141
32 258 30 142
33 256 30 142
35 255 30 142
36 232 29 144
38 231 27 145
38 230 29 144
30 240 29 143
29 241 29 143
32 243 31 141
33 249 33 140
31 239 27 145
30 244 28 144
33 239 31 141
35 236 31 141
30 244 27 145
41 237 36 140
31 237 31 142
32 231 31 142
32 237 29 143
34 230 33 142
33 235 33 141
34 229 30 144
34 229 32 143
33 232 30 144
38 239 33 140
37 240 33 140
33 231 27 147
35 241 33 140
33 232 27 145
33 234 28 144
33 234 29 143
35 233 28 144
35 232 30 143
32 233 28 145
32 235 28 144
32 235 30 143
30 239 28 147
31 235 28 145
31 232 28 148
31 234 30 144
28 234 28 149
31 235 31 143
29 233 28 149
32 228 31 145
38 226 31 145
38 225 33 144
31 236 29 144
31 231 30 147
31 232 31 146
34 228 33 144
32 229 29 146
32 227 28 147
31 233 29 147
32 227 30 146
34 226 30 146
34 227 32 145
34 232 33 141
29 234 29 148
34 245 33 140
33 230 33 144
