505 75.3655
213 2225 213 853
204 2214 204 856
204 2398 204 850
204 2241 204 853
214 2296 213 849
213 2306 213 849
215 2342 213 847
222 2375 222 845
205 2382 204 850
211 2421 210 848
213 2312 213 848
213 2438 213 844
215 2382 210 848
222 2482 222 840
210 2424 210 848
214 2383 213 846
222 2392 222 844
267 2606 267 826
221 2503 221 842
213 2386 213 846
222 2278 222 847
212 2392 210 848
216 2363 213 846
205 2252 204 852
204 2259 204 852
213 2255 213 850
224 2392 222 840
236 2389 222 840
224 2529 222 838
210 2368 204 851
211 2300 204 850
222 2421 222 842
215 2299 213 848
222 2315 222 846
225 2390 222 842
231 2388 222 842
225 2512 222 838
213 2146 213 863
222 2556 222 838
213 2194 213 854
204 2150 204 858
222 2228 222 851
218 2230 213 850
222 2189 222 853
276 2483 276 826
294 2640 294 820
234 2384 222 842
236 2369 222 841
237 2383 222 840
233 2333 231 838
227 2398 222 838
258 2353 258 832
224 2297 222 844
231 2260 231 842
234 2425 213 844
240 2304 240 836
240 2348 240 834
231 2236 231 844
232 2386 222 842
249 2319 249 834
204 2116 204 864
260 2386 258 830
231 2323 231 840
240 2266 240 840
249 2367 249 832
250 2318 249 834
231 2335 231 836
258 2388 258 830
267 2432 267 828
276 2559 276 824
285 2591 285 822
