14 4.59917
250 3438 220 1230
253 3245 213 1234
255 3450 211 1198
259 3503 238 1171
268 3573 204 1175
271 3319 239 1177
273 3673 204 1171
274 3457 220 1112
280 3440 256 1160
281 3311 204 1218
299 3903 204 1147
322 4210 213 1124
255 3417 211 1225
256 3585 227 1149
259 3242 222 1220
260 3401 211 1211
261 3596 204 1194
262 3494 220 1175
263 3487 231 1197
263 3646 238 1126
266 3547 211 1141
267 3535 247 1156
269 3394 204 1203
271 3709 204 1171
273 3431 239 1175
273 3508 220 1139
274 3312 213 1208
274 3616 236 1111
280 3330 204 1231
282 3299 204 1218
282 3880 204 1152
285 4001 204 1126
292 3824 204 1161
295 3935 211 1138
298 3958 265 1103
300 3991 204 1136
302 3863 247 1105
306 4097 229 1097
332 4525 213 1122
359 4580 220 1104
390 5130 211 1115
