729 128.522
204 2327 204 901
204 2342 204 896
213 2360 213 873
211 2721 210 851
204 2390 204 872
213 2368 213 871
215 2520 213 848
212 2658 210 850
213 2332 213 882
215 2617 213 846
222 2374 222 856
222 2376 222 848
222 2424 222 846
204 2424 204 854
214 2586 210 850
213 2384 213 860
213 2554 213 848
207 2529 204 852
204 2415 204 862
204 2372 204 873
215 2408 204 866
213 2329 213 884
222 2766 222 842
231 2781 231 838
208 2497 204 852
224 2762 222 842
228 2912 213 844
229 2677 222 843
204 2600 204 852
213 2494 213 850
222 2572 222 844
231 2586 231 841
204 2402 204 868
213 2407 213 858
230 2831 222 840
234 2802 222 840
213 2418 213 852
223 2358 222 862
230 2878 213 844
227 2862 222 840
236 2853 213 844
216 2590 213 846
222 2363 222 862
204 2352 204 882
204 2354 204 876
213 2375 213 864
215 2469 213 850
234 2712 231 836
234 2773 231 834
232 2864 221 842
246 2655 231 838
229 2711 222 842
234 2667 222 842
242 2851 213 844
234 2792 221 842
204 2360 204 874
205 2401 204 869
205 2412 204 867
231 2843 221 844
215 2593 204 850
215 2637 210 848
234 2870 213 844
213 2320 213 892
234 2710 231 839
224 2922 213 844
240 2662 240 832
240 2635 240 834
231 2932 231 834
231 2836 231 836
228 2843 222 838
233 2839 231 834
222 2361 222 868
236 2680 231 834
249 2642 249 830
244 2608 240 832
294 2647 294 820
285 2593 285 822
287 2588 285 822
276 2580 276 824
258 2491 258 835
251 2557 249 830
243 2769 222 838
258 2503 258 828
267 2560 267 826
249 2468 249 837
249 2732 222 838
250 2567 249 832
253 2640 222 838
321 2811 321 814
252 2499 249 832
303 2717 303 818
312 2764 312 816
226 2478 222 844
231 2372 231 849
231 2390 231 847
231 2415 231 842
240 2407 240 845
240 2430 240 840
240 2467 240 838
240 2562 240 836
249 2482 249 836
249 2515 249 834
249 2588 249 832
330 2923 330 812
332 2918 330 812
