22274 17.3262
204 2350 204 893
204 2356 204 887
204 2338 204 898
213 2473 213 866
213 2419 213 874
212 2490 204 870
206 2464 204 872
206 2461 204 874
204 2370 204 886
213 2427 213 873
204 2374 204 876
213 2533 213 863
207 2508 204 870
213 2510 213 865
229 2581 222 861
213 2446 213 867
223 2592 222 859
204 2384 204 875
223 2509 213 865
222 2574 222 862
222 2618 222 860
213 2445 213 868
204 2520 204 867
222 2505 222 863
204 2515 204 869
204 2471 204 872
212 2612 204 865
256 2972 231 857
217 2588 204 865
216 2684 213 861
