4134 45.1151
239 2982 221 842
227 2649 222 841
228 2586 222 841
248 2587 221 843
222 2431 222 845
242 2501 221 844
239 2529 221 844
227 2505 221 845
223 2545 213 844
225 2514 221 845
223 2537 210 848
227 2506 222 843
221 2573 204 850
236 2487 222 843
218 2512 210 850
228 2491 222 844
213 2472 213 847
215 2502 210 851
229 2465 222 844
215 2527 213 846
216 2436 213 846
205 2323 204 852
240 2455 240 832
231 2496 231 834
204 2375 204 852
207 2155 204 901
204 2154 204 911
236 2478 231 834
232 2386 231 843
230 2499 222 838
231 2472 231 838
276 2527 276 824
240 2450 240 834
231 2429 231 844
258 2427 258 830
249 2393 249 839
242 2374 240 841
269 2449 267 828
240 2381 240 841
231 2346 231 845
249 2413 249 832
250 2429 249 830
249 2408 249 835
269 2468 267 826
258 2451 258 828
249 2438 249 830
254 2404 249 835
267 2473 267 826
204 2204 204 862
204 2172 204 873
204 2174 204 866
204 2156 204 886
204 2177 204 864
204 2161 204 880
204 2173 204 872
222 2261 222 848
294 2599 294 821
303 2656 303 819
204 2223 204 856
204 2239 204 854
222 2344 222 846
213 2221 213 852
213 2213 213 854
213 2298 213 848
213 2252 213 850
303 2685 303 818
330 2945 330 812
312 2736 312 816
306 2637 303 818
295 2589 294 820
279 2499 276 824
304 2644 303 818
288 2534 285 822
277 2506 276 824
297 2570 294 820
286 2541 285 822
321 2824 321 814
294 2620 294 820
285 2577 285 822
