2732 98.7674
255 3375 227 1053
252 3336 236 1044
253 3322 236 1044
252 3333 236 1049
235 3246 227 1065
255 3276 236 1043
250 3341 236 1039
223 3068 209 1147
224 3050 209 1147
223 3063 209 1150
234 3106 234 1050
238 3206 227 1054
235 3188 227 1068
243 3109 243 1048
239 3179 227 1068
242 3200 227 1054
220 2975 204 1156
247 3153 245 1025
256 3249 254 1016
243 3076 243 1065
219 2990 204 1153
234 3048 234 1067
218 2976 204 1156
218 2973 204 1166
281 3862 220 1072
233 3161 227 1069
235 3114 227 1069
238 3158 218 1078
255 3473 220 1074
263 3467 220 1076
285 3847 218 1075
227 2978 220 1084
218 2846 211 1093
225 2952 225 1083
213 2833 211 1099
239 3342 208 1146
259 3554 206 1122
218 2829 218 1085
227 2944 227 1076
279 3652 204 1120
254 3051 227 1071
216 2910 211 1097
218 2893 211 1091
219 2867 211 1091
227 2833 227 1083
212 2850 211 1103
228 3068 227 1074
236 3029 227 1073
236 2949 236 1074
236 3023 236 1069
227 2987 218 1080
254 3425 204 1131
239 3204 220 1077
227 2907 227 1078
228 3081 211 1086
234 3037 227 1074
229 2949 218 1080
212 2838 211 1117
