1993 300.112
234 2486 213 846
222 2542 221 844
231 2490 231 838
235 2483 231 838
234 2540 222 840
228 2592 222 840
223 2500 221 844
226 2475 222 842
208 2149 204 860
222 2483 222 842
204 2140 204 861
224 2747 210 848
213 2142 213 859
240 2470 240 837
232 2828 221 842
240 2480 240 836
225 2788 213 844
231 2420 231 843
223 2693 222 840
204 2103 204 868
218 2516 213 846
231 2426 231 842
231 2756 231 836
204 2106 204 866
204 2112 204 863
204 2096 204 873
222 2250 222 848
204 2102 204 871
204 2088 204 894
225 2837 221 842
208 2102 204 868
233 2405 231 842
249 2318 249 838
217 2333 213 848
238 2742 231 836
208 2091 204 873
249 2305 249 842
211 2402 204 852
215 2345 204 850
238 2439 231 840
204 2265 204 854
213 2340 213 848
222 2315 222 846
213 2253 213 850
240 2311 240 842
251 2279 249 842
231 2282 231 844
240 2306 240 843
231 2268 231 847
251 2273 249 844
206 2240 204 854
205 2158 204 858
204 2161 204 858
231 2271 231 846
240 2378 240 838
213 2211 213 852
222 2246 222 850
204 2171 204 856
249 2349 249 836
243 2334 240 838
213 2160 213 856
207 2170 204 854
204 2154 204 860
216 2199 213 852
236 2829 231 834
233 2750 222 838
239 2715 231 834
240 2626 240 833
241 2692 231 834
240 2695 240 832
239 2672 231 836
241 2605 240 832
224 2792 213 844
235 2747 221 842
321 2704 321 814
243 2479 240 832
323 2699 321 814
249 2403 249 830
270 2605 231 834
264 2628 231 834
259 2659 231 834
250 2338 249 830
258 2338 258 828
305 2500 303 818
303 2505 303 818
254 2312 249 837
312 2596 312 816
253 2332 249 837
314 2591 312 816
287 2395 285 822
255 2336 249 836
258 2306 258 835
296 2440 294 820
276 2373 276 824
258 2305 258 838
294 2445 294 820
267 2316 267 833
285 2400 285 822
278 2372 276 824
267 2350 267 826
332 2820 330 812
330 2825 330 812
