460 64.7282
213 2730 213 849
204 2495 204 859
221 2744 221 847
215 2709 213 849
211 2640 210 853
210 2698 210 853
213 2536 213 853
213 2547 213 851
204 2428 204 861
205 2401 204 861
209 2433 204 859
231 2730 231 839
210 2502 210 857
207 2448 204 859
232 2696 231 839
221 2703 213 849
213 2367 213 859
222 2381 222 853
207 2541 204 855
213 2393 213 857
233 2594 213 849
207 2531 204 857
213 2340 213 861
213 2404 213 856
205 2561 204 855
231 2656 231 841
238 2687 231 839
222 2619 222 845
232 2642 231 841
211 2497 210 857
239 2684 231 839
233 2628 231 841
213 2423 213 855
221 2614 221 849
227 2624 221 847
240 2522 240 841
222 2400 222 851
227 2601 213 849
204 2354 204 863
240 2455 240 845
276 2742 276 829
249 2648 249 835
222 2643 221 847
235 2619 231 841
231 2413 231 847
222 2319 222 861
224 2613 213 849
204 2283 204 865
213 2287 213 863
249 2541 249 839
204 2209 204 888
224 2634 222 843
227 2600 221 849
204 2222 204 879
231 2508 231 843
223 2396 222 851
204 2215 204 887
222 2637 213 849
258 2580 258 837
258 2650 258 833
258 2536 258 839
204 2278 204 867
222 2276 222 866
303 3001 303 823
222 2339 222 859
249 2582 249 837
216 2516 213 851
222 2502 222 847
285 2808 285 827
213 2236 213 875
231 2483 231 845
267 2677 267 831
204 2259 204 873
222 2401 222 849
227 2481 213 851
240 2659 240 837
224 2589 222 845
231 2379 231 857
240 2466 240 843
258 2586 258 835
227 2495 222 847
231 2581 222 845
240 2587 240 839
213 2255 213 871
216 2455 213 853
220 2430 213 853
222 2247 222 873
249 2511 249 841
267 2639 267 833
294 2899 294 825
