1433 89.7893
216 2642 213 844
215 2577 210 848
215 2646 213 844
221 2642 221 842
221 2637 221 843
208 2476 204 850
213 2360 213 848
213 2433 213 846
209 2366 204 850
224 2554 213 845
208 2363 204 851
210 2349 204 850
225 2548 210 848
204 2222 204 854
213 2206 213 852
204 2188 204 856
205 2183 204 856
204 2043 204 869
213 2058 213 867
213 2154 213 857
213 2175 213 854
239 2373 221 842
241 2299 213 844
227 2309 213 844
227 2291 222 840
204 2035 204 871
243 2272 213 844
204 2233 204 852
224 2422 221 842
238 2300 213 844
213 2128 213 859
213 2241 213 850
226 2382 221 842
209 2214 204 854
223 2401 221 843
224 2246 222 842
226 2231 222 842
204 2111 204 861
222 2253 222 842
224 2292 222 840
231 2228 231 838
243 2226 231 838
204 2068 204 865
214 2084 204 863
275 2325 267 830
266 2270 258 832
204 2087 204 863
222 2399 222 840
258 2274 258 832
257 2237 249 834
215 2194 213 846
222 2157 222 844
240 2178 240 838
231 2172 231 840
231 2171 231 841
258 2202 249 836
267 2264 258 832
268 2328 267 830
267 2332 267 830
249 2206 249 836
248 2220 240 836
240 2229 240 836
276 2321 267 830
231 2113 231 842
231 2110 231 851
240 2139 240 840
224 2111 222 844
312 2792 312 818
321 2927 321 816
249 2242 249 834
241 2407 240 834
258 2234 249 834
242 2363 240 834
322 2785 312 818
249 2331 249 832
236 2387 231 836
228 2498 222 838
226 2564 222 838
231 2403 231 836
237 2370 231 836
231 2371 231 837
230 2425 222 838
240 2421 240 834
268 2366 267 828
259 2335 258 830
258 2345 258 830
267 2399 267 828
276 2431 276 826
205 2025 204 879
294 2562 294 822
289 2483 285 824
204 2026 204 879
204 2014 204 885
285 2485 285 824
286 2484 285 824
293 2476 285 824
294 2474 285 824
303 2682 303 820
