12603 217.629
223 2418 222 838
222 2284 221 842
224 2240 221 842
206 2019 204 852
213 2157 213 846
215 2162 210 848
217 2205 213 845
226 2247 222 838
204 1991 204 862
211 2159 210 850
206 1998 204 854
214 2179 210 848
204 1983 204 864
231 2055 231 846
213 2222 213 844
213 2005 213 852
233 2254 231 836
222 2181 222 842
213 2103 210 850
217 2081 210 850
260 2290 258 832
231 2256 231 836
212 2194 210 848
223 2209 222 840
215 2061 213 848
204 2007 204 854
217 2212 213 844
305 2586 303 818
224 2129 222 842
209 2185 204 851
206 1990 204 861
204 2088 204 852
249 2291 249 832
204 2190 204 850
221 2339 221 842
213 2065 213 848
231 2224 231 838
294 2504 294 820
276 2395 276 824
267 2354 267 826
258 2318 258 828
249 2300 249 830
204 1965 204 869
249 2222 249 834
206 1977 204 862
240 2141 240 838
285 2457 285 822
225 2221 221 842
206 1965 204 867
222 2061 222 846
213 1974 213 865
204 2000 204 856
233 2069 231 844
222 2028 222 848
213 2168 204 850
231 2070 231 844
215 2129 213 846
217 2105 213 846
204 1974 204 867
231 2075 231 842
249 2177 249 837
240 2212 240 836
206 1991 204 856
213 2019 213 850
303 2588 303 818
224 2267 222 838
258 2210 258 834
231 2304 231 834
249 2182 249 836
231 2129 231 840
216 2141 204 850
240 2296 240 832
204 1993 204 858
233 2205 231 838
330 2824 330 812
222 2071 222 844
241 2257 240 834
216 2210 213 845
216 2113 213 846
222 2224 222 840
220 2200 213 844
212 2185 204 850
214 2147 204 850
240 2260 240 834
240 2114 240 840
312 2665 312 816
321 2742 321 814
