3554 144.592
209 2791 204 855
210 2767 204 855
213 2614 210 854
212 2542 210 856
204 2570 204 857
204 2222 204 865
211 2526 204 857
204 2353 204 861
206 2370 204 859
204 2401 204 859
206 2324 204 861
206 2528 204 857
211 2477 210 857
204 2239 204 863
217 2418 210 857
211 2596 210 855
204 2201 204 868
213 2247 213 861
222 2251 222 857
222 2247 222 859
224 2271 222 851
220 2389 213 844
231 2383 213 844
224 2398 221 842
225 2386 213 844
235 2419 210 855
222 2320 222 840
222 2274 222 844
225 2368 221 842
213 2205 213 862
228 2278 213 846
218 2301 213 846
213 2111 213 875
213 2311 213 846
213 2116 213 874
223 2286 213 846
222 2167 222 866
222 2203 222 860
224 2285 213 846
219 2538 210 848
213 2501 204 857
229 2514 210 848
227 2487 210 849
214 2453 204 852
217 2486 204 850
217 2442 204 852
213 2139 213 867
224 2477 210 850
219 2434 204 852
213 2308 213 854
223 2446 222 838
216 2341 204 858
208 2399 204 858
218 2347 204 856
213 2176 213 865
204 2124 204 870
213 2300 213 859
204 2090 204 876
314 2663 312 818
287 2408 285 824
285 2410 285 824
312 2666 312 818
323 2780 321 816
321 2785 321 816
231 2297 231 836
240 2256 240 834
315 2659 312 818
240 2222 240 844
313 2664 312 818
316 2837 312 816
240 2238 240 836
231 2237 231 838
240 2225 240 838
204 2063 204 891
240 2201 240 845
231 2248 222 849
231 2169 231 861
204 2119 204 871
231 2183 231 855
233 2189 231 853
231 2208 231 847
233 2197 231 847
235 2194 231 847
233 2162 231 855
204 2070 204 888
204 2077 204 885
267 2319 267 828
276 2364 276 826
303 2588 303 820
269 2311 267 828
241 2252 240 834
204 2079 204 880
278 2356 276 826
323 2798 321 814
296 2483 294 822
294 2488 294 822
306 2569 303 820
249 2245 249 834
304 2574 303 820
258 2273 258 830
204 2059 204 894
249 2246 249 832
