52 1.57582
213 2929 213 970
224 2955 204 1024
225 2980 204 1012
242 2800 204 1052
225 2975 204 1015
271 3674 204 933
216 2826 213 1013
218 2994 204 1017
221 2872 213 944
222 2987 204 975
243 3237 240 929
254 3251 222 941
259 3526 204 936
261 3407 229 918
263 3327 213 941
224 3035 204 969
236 2986 204 990
237 3066 204 968
245 3315 229 933
246 3085 204 957
262 3475 222 928
277 3286 222 923
287 3856 229 915
222 3030 211 973
237 3196 204 947
238 3142 204 960
239 3044 234 931
246 3390 204 937
266 3633 222 924
268 3707 213 931
270 3703 234 913
284 3828 204 923
