19 5.70222
243 3298 211 1251
245 3076 204 1178
257 3327 236 1096
268 3585 211 1139
287 3415 218 1152
293 3671 204 1129
306 3923 254 1052
233 3209 220 1226
246 3333 229 1101
252 3268 213 1177
255 3318 236 1117
258 3376 222 1114
259 3558 213 1167
259 3564 213 1165
261 3301 222 1142
261 3502 213 1159
261 3540 213 1145
263 3456 236 1095
263 3494 238 1083
268 3569 222 1109
270 3493 204 1142
273 3533 211 1132
276 3625 220 1109
277 3369 213 1174
278 3472 220 1119
278 3761 236 1077
280 3544 227 1089
280 3712 213 1114
282 3724 213 1102
282 3748 222 1093
284 3575 204 1138
286 3762 204 1131
287 3645 220 1085
288 3684 211 1115
289 3729 236 1075
290 3647 218 1090
291 3714 227 1072
291 3801 229 1067
297 3899 236 1062
307 4003 204 1111
310 3951 220 1084
313 3941 211 1113
316 4165 207 1109
342 4447 211 1089
358 4583 213 1086
358 4692 204 1104
