812 10.523
73 682 72 344
78 736 78 338
82 818 78 337
72 686 72 343
78 725 78 339
84 739 78 337
72 687 72 342
71 680 63 349
73 651 66 348
76 645 63 355
71 667 63 352
75 670 66 344
73 653 66 347
75 685 72 342
71 679 63 350
72 645 66 349
72 670 63 348
73 641 66 350
72 644 66 350
74 697 72 341
76 699 72 340
73 643 66 349
72 654 63 349
76 650 63 352
76 673 67 343
72 652 63 350
74 651 66 347
90 830 90 331
74 647 66 348
78 688 72 340
71 662 63 353
73 648 63 358
72 654 66 346
84 768 84 334
72 659 66 345
78 683 72 342
