27594 214.836
81 834 61 357
78 835 61 357
73 742 72 345
70 705 60 360
77 713 65 347
69 727 66 348
72 721 72 346
67 713 66 349
67 716 64 352
68 710 63 352
68 699 66 349
68 703 64 352
65 680 60 372
66 688 62 356
65 684 61 359
66 695 62 353
66 682 66 353
65 682 60 370
65 692 60 368
66 690 62 355
64 702 60 368
64 689 60 370
65 719 62 356
66 692 66 350
72 703 72 347
66 681 62 357
65 672 61 363
66 669 66 357
66 669 62 360
66 674 62 358
65 677 61 361
66 683 61 359
106 785 106 329
109 780 106 329
110 779 106 329
101 756 98 330
84 705 84 334
118 805 114 328
95 716 92 333
92 721 92 333
77 689 67 343
77 687 72 340
75 690 72 340
76 690 67 343
75 694 67 343
78 685 78 337
132 870 130 326
78 673 78 338
75 670 72 341
84 693 84 335
141 910 138 325
114 812 114 328
75 680 66 344
117 807 114 328
75 672 66 345
85 691 84 335
75 662 72 343
75 664 72 342
78 668 65 349
78 674 63 350
77 675 63 350
81 666 63 350
77 669 63 356
78 668 78 339
78 666 63 355
78 675 63 349
78 690 65 347
130 876 130 326
79 667 63 350
80 665 65 349
77 662 66 345
80 668 63 348
81 675 66 344
79 687 65 347
79 674 63 348
80 663 63 355
82 674 66 344
81 678 65 347
76 678 66 344
76 667 66 347
75 682 63 348
77 655 72 342
76 660 72 342
78 658 72 341
78 658 66 345
122 838 122 327
125 831 122 327
124 836 122 327
138 920 138 325
139 912 138 325
142 907 138 325
98 762 98 330
90 742 90 331
96 736 90 331
150 963 146 324
147 968 146 324
146 976 146 324
104 754 98 330
96 729 90 332
90 735 90 332
