103 4.47025
83 842 72 340
80 900 66 344
88 797 63 348
77 767 66 346
80 802 80 341
81 843 78 337
83 804 72 341
86 844 67 343
81 845 67 343
84 878 84 334
80 794 72 342
75 774 66 346
75 812 63 348
80 816 80 339
88 788 63 349
88 849 60 363
75 776 72 343
80 905 60 362
81 811 63 348
81 815 65 347
82 806 63 348
71 822 62 365
79 788 66 345
80 838 72 341
81 806 63 349
74 822 68 349
81 813 66 344
84 801 65 347
71 838 67 364
75 827 72 342
73 780 72 346
74 840 63 362
91 829 60 365
81 904 60 360
87 842 60 365
76 752 70 346
78 835 66 345
80 812 60 369
81 867 60 365
86 854 60 365
77 827 62 356
78 766 72 343
78 820 78 338
72 819 64 361
78 804 78 340
79 826 61 357
78 749 66 356
79 810 62 356
80 810 61 357
80 836 60 367
79 818 62 353
84 801 84 336
89 824 78 337
90 889 90 332
75 805 63 357
78 880 60 365
86 801 62 353
92 824 92 335
106 892 106 329
79 771 65 349
85 876 60 360
90 927 90 331
71 832 61 368
72 724 67 350
82 882 60 363
85 806 61 359
71 827 60 377
71 844 62 360
73 758 66 350
73 819 70 348
79 840 60 369
80 858 78 337
84 834 84 335
71 836 60 372
73 776 73 346
74 745 73 346
77 879 61 366
90 862 90 333
98 863 98 330
114 986 114 328
122 1053 122 327
130 1157 130 326
138 1226 138 325
