4 0.201618
93 1171 89 404
92 1189 75 415
94 1171 81 412
95 1112 80 403
96 1107 81 386
99 1184 76 400
105 1293 86 376
109 1318 80 377
116 1157 82 379
117 1272 80 379
122 1474 101 364
92 1164 88 412
94 1185 74 385
94 1200 94 377
99 1217 68 391
99 1233 80 381
100 1106 76 399
101 1195 80 380
104 1151 88 378
104 1297 94 376
105 1199 69 400
106 1170 90 373
106 1246 88 373
106 1358 73 389
107 1343 86 370
109 1309 80 378
109 1410 109 367
110 1340 81 371
110 1429 101 365
113 1214 82 378
113 1385 101 365
114 1222 88 373
114 1315 114 369
115 1114 80 395
115 1337 97 372
116 1322 101 365
121 1382 79 375
123 1470 109 364
123 1490 107 357
125 1320 82 366
130 1246 73 379
138 1545 67 391
