727 8.08656
67 707 61 357
67 706 61 359
66 709 61 357
65 710 61 357
66 708 61 359
66 705 66 351
66 711 62 354
65 707 60 360
93 761 92 333
67 715 62 353
68 706 60 360
99 792 98 330
66 704 66 354
69 709 66 345
71 718 66 344
72 730 72 341
92 765 92 333
78 713 65 347
67 706 62 354
68 706 62 353
73 731 67 343
73 743 72 340
89 724 86 337
86 716 72 340
78 715 66 344
68 708 68 349
69 706 63 348
75 704 72 341
78 737 78 337
79 734 78 337
75 701 72 347
75 702 72 344
114 889 114 328
70 704 68 349
71 714 65 347
77 729 72 340
67 707 66 350
85 733 84 334
76 740 72 340
122 960 122 327
84 742 84 334
130 1044 130 326
98 800 98 330
84 725 84 335
90 773 90 331
80 729 78 337
85 722 72 340
72 725 72 342
73 720 72 343
106 841 106 329
78 709 78 338
79 723 72 340
107 838 106 329
73 712 72 344
131 1041 130 326
