281 19.4324
74 862 65 347
73 760 62 353
70 743 66 351
71 732 66 347
72 732 66 346
71 735 63 350
70 749 63 355
72 731 66 347
72 763 66 345
70 750 63 353
74 733 63 350
75 739 62 353
76 726 63 349
69 738 67 353
76 738 62 353
70 756 63 352
70 739 66 352
68 761 66 349
70 767 63 350
71 802 62 355
77 727 63 348
68 750 66 350
71 739 63 348
69 753 66 347
77 707 66 345
75 703 72 343
68 807 64 359
70 766 66 346
71 783 66 345
70 772 60 370
68 814 64 357
71 738 63 349
75 701 66 346
74 713 66 346
70 745 66 348
72 783 62 355
74 732 66 344
78 726 63 348
74 734 61 359
73 735 61 359
71 782 62 356
75 690 72 344
73 746 62 356
73 702 72 344
79 696 66 345
71 772 62 358
75 760 65 347
80 683 78 340
71 769 60 370
77 691 66 346
72 806 60 365
78 684 66 348
72 776 62 356
80 672 72 343
78 690 66 346
72 786 60 367
76 678 72 343
87 708 63 348
73 746 60 360
71 811 60 365
84 709 63 348
72 705 72 342
83 714 63 348
76 753 65 347
81 698 78 338
78 687 72 342
72 718 72 341
67 749 67 351
67 780 67 348
77 761 61 357
78 747 61 357
67 739 67 354
75 768 61 357
74 695 66 348
76 672 72 344
78 689 78 341
78 700 78 339
80 705 63 351
81 738 65 347
80 673 66 346
76 688 72 342
82 715 65 347
79 689 66 347
83 691 78 338
83 687 63 350
74 747 62 353
80 689 78 339
80 698 66 344
75 748 72 340
81 691 63 350
83 698 72 341
87 710 65 347
82 680 63 351
74 770 61 357
81 682 63 351
84 683 63 350
72 763 60 370
72 768 60 368
77 690 66 347
85 724 84 336
116 889 114 328
70 774 61 359
84 736 84 334
92 756 92 333
67 741 67 353
71 761 61 359
75 686 66 348
81 700 63 349
83 693 63 349
79 700 72 341
80 698 63 355
78 690 78 340
70 764 61 361
78 671 73 346
90 784 90 331
94 750 92 333
78 702 78 337
79 673 72 343
82 716 63 348
98 805 98 330
99 799 98 330
91 778 90 332
78 708 72 340
80 671 72 346
85 696 72 341
81 682 72 342
83 693 66 345
72 760 60 376
80 709 67 343
114 895 114 328
78 716 67 343
87 698 86 337
106 817 106 329
109 814 106 329
67 765 67 349
81 699 67 343
87 703 86 336
