588 2.64983
91 1041 63 348
77 844 68 364
77 927 73 344
76 859 68 364
82 830 74 357
82 829 74 359
82 843 68 364
74 872 73 345
84 918 84 336
86 968 61 365
76 845 74 358
78 835 74 356
82 940 63 351
81 942 67 350
80 909 72 350
78 813 73 378
80 839 80 351
79 850 68 360
77 918 72 351
83 896 66 345
78 835 73 372
81 902 78 338
81 864 63 357
80 801 73 369
78 824 67 380
89 921 84 334
78 859 65 360
80 785 67 372
84 878 76 340
82 856 63 361
86 796 66 372
79 804 61 372
85 799 66 372
90 974 90 331
82 873 62 366
81 870 72 341
81 778 67 378
87 832 66 366
106 991 106 329
75 883 66 354
79 933 66 353
83 833 78 343
88 816 66 367
85 853 72 342
79 799 60 378
84 801 61 376
85 947 84 335
84 844 78 337
88 819 64 370
85 858 72 341
78 807 60 384
79 786 67 376
77 864 66 355
84 788 61 378
122 1156 122 327
79 912 72 350
81 855 72 344
84 894 61 369
83 830 78 346
84 849 66 358
94 920 90 331
86 891 60 376
98 951 98 330
81 854 72 346
86 849 72 340
114 1053 114 328
78 868 72 353
79 803 66 369
88 831 66 361
90 876 84 334
93 947 90 331
108 988 106 329
85 823 64 370
85 850 72 343
130 1209 130 326
