2610 95.4157
69 711 67 343
70 674 67 343
63 691 61 357
63 681 60 362
62 683 60 368
69 639 66 345
62 685 61 365
62 689 60 366
62 682 60 371
62 691 61 363
68 691 63 349
78 668 78 338
68 643 66 345
63 686 61 359
68 613 63 351
64 691 62 354
63 684 60 360
68 625 66 347
61 687 60 372
72 620 66 348
78 678 78 337
70 631 66 345
68 623 66 348
72 626 65 347
64 678 61 357
71 630 66 344
76 654 72 340
76 629 66 344
75 628 73 344
69 632 63 348
68 614 63 350
66 686 66 350
69 651 65 347
65 682 62 353
84 690 84 334
91 686 84 334
76 640 67 343
90 713 90 331
78 641 72 341
69 647 66 344
71 627 65 347
70 635 66 344
76 626 66 345
92 707 92 333
132 926 130 326
98 733 98 330
130 929 130 326
70 622 66 346
98 701 92 333
94 703 92 333
90 711 90 332
72 635 72 343
68 652 66 344
67 687 66 349
81 653 79 340
71 621 63 348
84 687 84 335
68 627 66 346
69 619 63 349
71 627 66 345
75 625 73 345
91 683 84 335
100 731 98 330
124 863 122 327
122 865 122 327
64 671 61 359
139 996 138 325
76 644 72 342
138 1000 138 325
73 643 67 343
146 1070 146 324
72 648 72 342
66 680 62 353
76 645 72 341
106 758 106 329
66 679 63 355
71 653 67 343
72 665 72 340
104 727 98 330
64 675 62 356
72 650 72 341
67 681 64 352
73 663 72 340
114 805 114 328
72 645 67 343
