3739 28.4097
68 678 67 347
70 647 66 344
91 735 90 331
90 746 90 331
68 665 67 348
72 639 61 359
71 666 67 343
72 641 62 353
92 697 92 333
68 664 61 362
73 622 68 348
99 736 98 330
71 621 68 349
98 737 98 330
70 646 66 345
87 655 86 337
81 639 80 340
70 645 66 346
84 703 84 334
86 659 86 337
122 818 122 327
97 732 90 331
86 669 86 336
130 887 130 326
68 660 62 359
79 649 78 338
131 886 130 326
87 665 86 336
72 624 67 349
68 667 66 350
67 663 67 351
78 665 78 338
146 1059 146 324
101 705 100 332
138 959 138 325
85 680 84 336
68 663 62 353
100 708 100 332
114 776 114 328
69 648 62 353
106 748 106 329
70 628 67 350
90 738 90 332
84 691 84 336
93 688 92 333
139 958 138 325
79 644 78 339
69 651 63 349
73 634 65 347
71 633 63 348
68 663 66 351
71 628 66 347
91 727 90 332
69 648 64 352
85 688 84 334
78 673 78 337
71 637 66 345
72 638 62 356
70 636 65 347
93 684 92 334
70 641 61 357
68 661 63 355
72 643 67 343
73 641 67 343
73 648 72 340
73 626 66 344
70 637 60 360
100 731 98 330
69 642 60 360
72 663 72 340
79 661 78 337
67 660 67 358
70 636 63 348
74 631 72 341
72 641 72 341
70 643 62 356
84 692 84 335
73 636 72 341
70 633 68 346
85 682 84 335
68 661 64 352
69 635 63 360
77 640 67 343
72 633 66 344
71 627 66 349
69 646 66 351
67 662 67 352
81 642 80 339
69 652 66 348
69 640 63 357
80 642 72 340
71 621 63 350
73 624 65 349
