118 0.477673
85 1090 74 382
88 1128 86 369
96 1233 86 362
85 1099 80 372
83 1037 74 401
96 1197 73 400
94 1149 83 366
103 1271 72 408
83 1117 74 381
93 1163 74 375
98 1223 83 360
101 1164 80 369
83 1087 80 376
90 1059 80 372
94 1160 74 379
99 1239 80 360
89 1166 74 376
97 1244 74 371
81 1080 80 383
97 1287 92 354
80 1038 74 390
82 1083 74 384
96 1237 86 361
118 1575 86 357
83 1040 80 378
92 1068 74 382
102 1247 74 369
84 1078 80 374
88 1145 86 366
92 1187 92 360
95 1147 83 364
95 1214 80 366
99 1269 92 354
