17430 51.5959
190 2353 179 679
189 2344 185 676
187 2319 187 676
185 2362 183 678
207 2415 173 683
190 2277 174 683
187 2429 186 677
198 2383 197 674
188 2348 186 676
186 2295 173 686
187 2342 186 678
212 2684 172 687
187 2304 180 679
198 2353 191 675
200 2372 173 684
181 2320 181 679
184 2258 181 679
203 2479 203 673
197 2457 173 683
181 2259 178 680
187 2248 173 685
183 2251 182 681
186 2330 180 679
191 2358 191 675
179 2187 175 682
188 2261 186 678
194 2342 186 676
182 2335 174 683
186 2277 174 685
206 2466 203 673
197 2426 197 674
188 2285 183 677
185 2233 178 680
191 2301 180 679
197 2348 179 679
209 2560 209 672
