943 4.29548
185 2336 174 687
194 2336 180 679
200 2527 174 685
189 2323 174 687
181 2206 177 683
188 2267 185 676
187 2303 185 676
192 2244 185 676
188 2101 188 676
183 2289 175 682
186 2176 186 676
181 2258 181 679
200 2175 191 675
189 2149 187 676
197 2125 196 675
176 2211 176 682
187 2074 183 678
200 2144 192 675
199 2095 196 675
204 2141 204 673
197 2079 197 677
200 2137 197 674
193 2151 193 675
201 2112 199 674
191 2189 191 675
200 2124 199 674
184 2097 177 682
196 2183 191 675
205 2136 203 673
183 2097 183 677
196 2218 185 676
183 2089 182 679
197 2145 197 674
209 2168 209 672
199 2128 193 675
196 2135 193 675
199 2088 196 677
201 2109 193 675
205 2123 204 673
201 2132 198 674
185 2094 183 678
178 2034 178 680
203 2142 203 673
195 2222 185 676
205 2130 197 674
