233 20.2036
177 2263 175 682
180 2236 173 683
178 2212 175 682
176 2101 173 685
178 2105 177 684
178 2090 178 680
180 2056 178 680
180 2230 172 687
174 2145 174 683
183 2092 183 677
203 2249 203 673
179 2102 174 684
185 2106 185 676
182 2073 175 682
197 2184 197 674
179 2058 179 679
180 2086 174 683
173 2122 173 685
179 2057 178 680
183 2221 172 687
177 2127 174 683
174 2130 174 684
181 2123 176 682
181 2223 172 687
183 2073 183 678
191 2130 191 675
188 2134 173 684
176 2129 174 683
178 2086 178 682
181 2153 173 684
186 2088 183 677
