10 1.65219
209 2706 198 698
213 2627 187 706
209 2694 187 703
221 2873 186 699
237 3130 191 686
209 2675 192 703
214 2844 213 688
218 2666 192 705
224 2802 186 694
231 3068 194 686
201 2586 201 702
204 2641 193 705
220 2885 183 698
227 2957 184 690
228 3086 220 686
240 3134 185 689
242 3078 189 685
247 3108 183 683
203 2721 187 690
205 2653 201 700
208 2792 181 704
210 2765 181 704
213 2607 187 707
214 2688 189 694
216 2609 186 708
220 2965 206 688
223 3009 197 687
226 3021 190 689
227 2759 183 697
228 2872 186 687
229 3027 217 683
229 3094 208 683
230 2957 204 686
233 2899 221 684
236 3164 206 682
239 3163 180 701
240 3130 189 685
241 3351 183 696
244 3065 196 685
244 3070 178 697
246 3297 181 694
248 3109 177 697
252 3060 183 690
258 3256 182 695
264 3293 203 682
267 3623 219 681
272 3511 206 681
275 3597 182 693
315 3962 180 689
