69 9.76303
188 2551 173 685
185 2310 178 683
189 2369 183 678
191 2515 173 687
182 2280 182 683
199 2312 175 683
192 2506 181 679
191 2322 183 678
198 2429 176 682
201 2287 175 683
188 2570 178 680
189 2492 185 676
205 2314 175 682
192 2255 177 684
195 2381 183 677
179 2288 179 684
184 2370 175 683
188 2392 188 677
189 2333 177 687
197 2427 178 680
182 2304 179 682
187 2329 187 679
194 2380 180 679
197 2312 186 676
197 2421 197 674
181 2306 179 680
182 2248 178 687
182 2290 181 682
182 2385 177 689
188 2330 177 689
190 2331 177 685
190 2582 179 679
192 2590 191 675
186 2384 183 678
187 2543 186 676
191 2371 178 681
178 2336 178 683
183 2295 179 682
185 2392 185 679
187 2340 177 689
187 2421 173 688
189 2449 178 681
189 2468 178 680
189 2520 173 685
191 2488 186 676
193 2464 193 676
194 2364 185 676
194 2500 179 679
196 2420 191 675
199 2378 191 675
186 2447 178 682
186 2466 178 681
188 2465 175 682
194 2525 192 675
200 2197 178 683
182 2278 179 684
185 2275 181 685
186 2362 176 689
187 2374 185 679
188 2320 187 679
192 2361 192 677
197 2291 179 683
203 2637 203 673
205 2441 203 673
209 2730 209 672
180 2228 179 687
182 2225 182 684
183 2399 183 677
186 2336 175 696
188 2363 176 684
193 2323 178 681
193 2357 173 683
206 2281 178 682
206 2484 179 679
