41 0.369021
228 3054 195 701
221 2962 200 701
236 3135 194 701
217 2835 202 703
230 3025 205 699
220 2799 204 702
214 2789 207 701
222 2984 210 699
216 2853 193 703
199 2574 192 705
237 2759 187 714
203 2685 189 706
204 2636 189 705
208 2719 207 702
203 2572 192 705
191 2394 188 711
195 2381 192 710
218 2894 218 699
199 2369 191 707
199 2414 192 706
195 2387 192 708
196 2368 192 710
197 2371 188 707
200 2380 192 706
201 2354 200 710
201 2355 195 711
201 2362 195 710
202 2344 192 710
206 2463 192 704
207 2355 190 710
208 2354 190 710
210 2583 189 706
