10796 9.42879
202 2643 173 685
199 2563 173 686
186 2427 178 681
199 2431 178 680
192 2407 178 681
191 2455 183 677
188 2380 183 678
190 2473 178 680
192 2444 178 680
199 2441 180 679
196 2523 185 676
197 2395 183 677
188 2411 186 676
210 2677 205 674
187 2405 180 681
190 2364 181 679
193 2454 183 677
198 2503 185 676
216 2767 174 684
203 2655 191 675
192 2457 175 682
193 2450 180 679
196 2432 178 680
189 2472 180 679
196 2506 192 675
216 2782 174 683
192 2409 176 683
206 2695 197 674
192 2425 175 683
204 2550 191 675
209 2685 197 674
213 2672 179 679
