14159 218.218
207 2179 193 676
213 2218 199 675
218 2266 204 674
176 1985 176 692
188 1933 176 686
186 1965 175 687
187 1975 174 688
188 1974 174 688
196 1972 174 687
186 1915 183 680
192 2132 189 677
186 1966 183 679
188 1935 179 681
195 1977 185 678
185 1940 183 680
191 1917 176 686
193 1929 179 681
187 1962 183 679
187 1912 183 680
191 2021 185 678
189 1940 173 688
188 1861 183 683
188 1895 175 687
188 1906 183 680
190 1901 173 688
189 1899 183 680
187 2082 184 678
176 1953 176 693
189 1922 183 679
177 1867 177 689
183 1849 177 685
189 1853 183 682
182 1859 177 685
188 1857 181 684
180 1869 177 685
188 1862 183 682
186 1875 183 681
193 1891 183 680
181 1881 178 683
193 1896 179 682
188 1897 179 682
203 2002 189 677
178 1875 175 692
183 1851 175 692
182 1857 175 692
177 1886 175 692
181 1860 175 692
180 1849 177 688
184 1904 179 682
185 1848 175 692
183 1869 178 684
182 1910 179 682
177 1870 177 688
180 1859 180 686
188 1868 178 684
177 1849 176 691
188 1868 183 681
219 2173 209 672
179 1918 179 682
187 1873 183 681
223 2171 209 672
179 1898 178 683
198 1953 184 678
178 1847 176 691
180 1844 177 689
180 1851 177 687
182 1853 177 686
192 1871 173 688
190 1880 176 687
183 1894 183 681
