470 2.91394
189 2326 184 684
182 2376 176 694
201 2333 177 685
196 2423 175 684
188 2332 176 687
195 2425 178 681
185 2423 185 679
181 2246 178 690
190 2271 173 686
197 2439 176 683
186 2333 186 679
190 2432 182 679
193 2246 178 685
188 2203 182 688
185 2121 185 703
187 2206 182 688
192 2200 182 688
189 2363 176 684
194 2211 176 686
188 2412 178 683
196 2238 173 686
194 2188 178 685
181 2220 178 691
196 2448 177 682
188 2389 187 676
185 2131 185 702
185 2431 178 683
184 2185 183 703
191 2483 185 676
196 2274 178 682
190 2404 183 677
195 2247 173 686
188 2268 178 685
189 2363 178 682
189 2373 173 685
198 2413 176 683
182 2328 181 682
190 2403 186 676
196 2172 182 684
195 2175 182 684
190 2130 190 701
195 2457 177 682
203 2259 182 682
189 2421 186 676
188 2400 178 684
190 2125 190 702
193 2362 176 684
186 2154 184 703
191 2144 186 699
192 2438 178 680
196 2174 178 684
191 2382 191 675
195 2208 178 684
192 2250 178 685
196 2200 174 688
197 2388 197 674
201 2207 187 683
202 2279 183 681
203 2259 188 681
179 2219 177 694
181 2125 179 704
187 2341 179 685
188 2371 181 681
186 2174 185 701
190 2343 178 683
194 2471 177 682
202 2193 177 702
202 2590 176 682
178 2249 178 693
183 2329 183 680
190 2194 190 700
243 3050 174 684
182 2221 177 686
191 2399 182 679
