5 1.27574
222 2828 206 709
225 2945 199 708
236 3187 188 700
247 3111 201 697
207 2735 196 711
209 2724 193 717
211 2913 205 708
216 2843 199 709
216 2987 214 701
217 2879 211 706
219 2863 201 706
219 2993 197 708
221 2913 204 702
222 2850 198 709
223 2834 206 706
223 2947 195 713
223 3055 199 701
225 3015 205 699
226 3004 188 711
226 3130 191 701
227 2911 196 701
227 2920 199 700
227 3072 194 702
228 2906 196 709
230 3023 222 693
230 3074 211 698
232 2964 196 700
236 2979 193 712
236 3173 188 702
238 3104 212 697
239 3080 198 698
240 3188 189 695
241 2904 200 706
241 2944 203 699
242 3090 196 699
243 2811 203 705
245 3302 186 697
249 2892 204 704
249 3110 201 697
250 3242 186 711
252 3098 191 693
