10 1.89789
202 2703 200 702
219 2926 194 688
208 2826 181 701
212 2763 206 695
217 2758 185 699
218 2853 191 691
219 2823 208 691
192 2569 183 704
204 2688 193 699
205 2818 193 693
212 2761 207 696
213 2791 183 695
216 2781 203 697
216 2862 177 691
219 2829 205 689
220 2691 184 694
221 2859 192 688
224 2802 184 693
225 2785 182 692
226 2920 192 685
235 3113 177 690
243 3166 205 684
244 3035 186 688
246 3290 183 685
249 3051 188 687
250 3213 185 688
256 3436 182 688
260 3512 209 681
264 3321 182 689
271 3487 221 683
