61 10.0093
178 2423 176 699
211 2667 185 676
207 2717 185 676
192 2494 186 676
201 2610 179 679
189 2407 183 678
212 2625 185 676
178 2219 178 680
180 2266 175 682
181 2178 178 680
182 2169 175 682
183 2123 178 680
183 2135 181 679
185 2151 180 679
187 2224 187 676
190 2283 183 678
190 2300 183 677
191 2270 183 678
191 2284 183 677
193 2233 193 675
193 2483 192 675
199 2362 199 674
199 2443 192 675
200 2310 198 674
201 2391 197 674
202 2349 197 674
203 2358 203 673
204 2416 186 676
205 2425 192 675
210 2422 192 675
210 2500 209 672
211 2412 192 675
185 2256 173 685
205 2816 185 676
182 2228 174 685
183 2226 174 685
186 2487 183 677
200 2633 191 675
203 2508 191 675
179 2311 173 685
181 2283 173 687
185 2468 174 683
186 2239 173 685
187 2222 174 685
192 2536 192 675
199 2541 198 674
178 2407 177 698
186 2167 175 682
191 2542 186 676
202 2566 173 683
