0 0.115887
164 1501 108 717
165 1506 141 664
175 1558 123 689
175 1641 122 699
175 1666 105 732
177 1606 118 680
177 1647 117 709
177 1675 98 711
178 1595 121 704
178 1696 106 707
178 1700 115 685
180 1620 110 684
180 1632 103 676
181 1700 129 670
182 1654 118 671
182 1744 101 698
183 1616 109 655
183 1731 104 665
189 1620 103 705
193 1698 102 667
193 1751 101 696
194 1692 100 703
195 1792 93 725
198 1835 97 720
202 1727 103 646
203 1828 101 692
204 1895 94 692
209 1809 113 636
211 1903 90 690
212 1937 101 674
214 1784 100 696
222 1997 100 675
223 2086 98 642
