402 53.888
85 747 61 454
82 793 62 412
82 787 62 415
87 809 54 422
84 745 59 467
81 736 69 385
81 730 68 389
84 741 59 468
81 736 68 386
84 741 60 463
83 795 56 400
89 782 61 381
82 762 65 385
87 806 61 381
82 762 63 392
83 800 57 399
83 777 58 394
86 797 63 379
83 781 56 429
80 713 65 431
81 764 60 422
83 776 56 432
81 747 67 381
83 783 62 385
83 786 56 421
83 789 66 382
87 806 62 380
83 735 61 457
92 867 59 389
83 765 65 383
89 775 63 379
83 787 57 420
84 785 56 397
80 721 63 432
84 779 57 396
97 856 54 405
90 801 62 377
84 783 70 376
87 793 60 386
80 720 62 438
81 723 62 434
85 774 57 392
85 825 54 410
87 828 68 373
81 735 66 415
92 784 60 381
85 744 58 469
83 755 69 380
89 827 60 380
85 786 58 391
82 733 66 415
96 869 56 394
88 800 54 406
90 821 59 390
84 786 71 375
85 745 58 464
86 816 68 374
92 833 61 376
85 751 57 465
86 823 69 373
93 786 62 377
96 821 60 378
84 756 63 420
83 761 61 392
85 785 61 385
83 768 62 387
83 773 58 399
92 794 62 377
83 767 63 386
81 726 64 419
89 785 60 384
83 764 61 388
84 789 69 376
83 755 60 444
88 809 55 399
105 924 59 388
87 812 67 376
86 787 55 402
85 746 65 418
87 771 63 380
91 836 55 398
83 766 60 389
86 800 60 388
82 764 63 388
88 828 60 382
92 831 56 396
79 697 62 457
83 749 66 412
83 749 65 413
82 755 65 416
82 759 64 386
86 764 64 379
85 777 55 403
88 784 61 381
89 794 61 378
97 857 63 373
84 755 65 378
80 700 62 448
88 777 72 361
106 857 76 355
88 782 75 358
88 827 64 372
88 778 71 362
91 818 81 352
80 703 63 446
92 816 79 353
94 849 75 356
98 886 88 341
94 894 60 378
92 858 85 346
94 881 81 349
99 896 89 340
89 766 71 365
78 691 63 452
79 696 63 449
87 766 73 364
99 847 75 356
81 710 63 443
92 819 80 352
93 817 75 357
97 858 72 360
99 879 93 339
95 876 94 339
89 810 77 355
91 811 77 354
92 815 73 359
92 852 84 348
95 861 76 355
95 869 91 340
92 814 61 377
101 866 69 364
92 826 78 353
94 845 85 344
83 703 67 434
92 850 82 349
94 848 82 347
95 859 88 342
86 775 81 361
96 868 90 340
93 840 82 348
103 922 67 366
90 767 68 367
90 772 72 364
92 854 83 347
93 874 63 373
95 845 84 345
95 857 89 342
96 872 89 341
89 769 69 366
93 810 78 353
100 846 71 361
89 757 66 371
89 813 76 356
91 795 65 370
92 828 86 347
98 883 91 339
89 760 72 366
91 807 70 363
98 894 93 337
83 704 68 426
90 821 75 357
93 838 85 345
83 703 68 427
88 801 64 373
89 774 70 365
90 821 85 348
98 889 73 358
87 763 71 366
95 848 80 350
100 884 69 364
92 806 74 360
87 822 73 360
94 827 74 357
95 850 66 368
94 837 81 350
89 803 68 365
89 811 62 375
92 781 66 369
93 869 71 361
95 863 87 342
90 776 67 367
91 814 83 349
93 825 64 372
95 855 86 343
98 805 74 358
98 893 90 339
99 907 91 338
89 845 70 363
91 820 79 352
99 902 94 336
85 786 70 364
89 798 63 374
94 845 84 347
95 802 74 359
99 854 81 349
101 915 97 335
92 823 79 351
97 790 77 356
89 762 71 369
93 877 75 356
94 858 84 346
101 912 76 354
93 829 82 349
95 805 77 355
90 807 66 369
93 831 78 352
84 727 68 417
78 681 64 442
90 830 73 359
88 780 67 370
89 822 74 358
94 836 84 348
98 903 94 336
78 681 65 441
81 709 68 422
90 781 65 371
96 773 67 367
84 727 69 416
81 723 68 421
91 809 82 350
93 837 83 348
82 719 66 424
98 898 88 340
102 970 72 359
84 729 71 407
78 678 64 448
78 678 66 442
103 929 96 335
78 682 64 438
78 688 65 437
88 773 64 375
90 791 76 356
92 807 78 355
82 716 65 425
81 705 68 430
95 834 60 378
81 705 66 431
99 881 64 371
78 677 68 442
102 924 97 334
