974 113.691
97 901 87 345
94 878 86 347
97 896 86 346
98 891 86 346
95 870 86 347
98 872 87 346
95 873 87 346
84 773 80 353
89 798 66 371
91 827 84 349
86 794 73 361
87 793 73 361
96 846 69 366
90 828 83 349
90 832 84 348
95 879 85 347
88 797 71 363
81 733 68 368
83 758 75 359
85 792 72 362
89 831 83 349
78 710 74 361
76 693 71 365
86 790 83 350
84 774 79 354
84 769 77 356
75 690 70 367
82 748 77 357
84 780 75 358
78 689 70 366
85 754 75 359
78 704 69 367
75 679 69 368
82 735 76 358
77 708 74 362
83 750 78 355
80 725 76 359
82 755 78 355
82 713 74 360
78 721 74 360
85 784 81 351
81 740 78 357
73 657 66 373
76 692 72 366
72 658 66 373
79 714 74 360
81 740 76 358
81 748 78 356
81 706 74 361
75 686 72 367
77 711 69 367
76 702 70 365
83 775 81 352
76 696 70 366
76 695 72 364
84 759 80 354
77 698 72 363
86 781 81 351
77 713 71 364
87 772 80 353
79 703 74 362
78 706 73 362
71 640 62 381
71 641 62 380
73 659 67 372
72 638 63 379
78 693 70 365
79 703 71 364
74 648 66 373
73 650 67 373
74 662 63 376
75 660 66 372
72 651 67 373
74 652 67 372
73 636 63 377
73 636 64 375
73 638 65 374
72 645 65 374
73 633 61 382
73 634 62 381
79 714 61 379
71 639 63 378
71 640 63 377
75 651 65 373
73 636 62 378
71 614 62 387
71 645 60 383
72 639 63 377
71 614 61 389
71 616 61 384
71 615 60 387
71 614 60 390
73 636 60 381
75 674 68 369
74 664 66 372
71 615 61 386
71 617 60 385
71 625 64 379
72 639 62 378
76 673 68 369
71 618 63 381
72 633 60 383
71 616 62 382
73 632 60 383
72 640 60 381
72 636 61 380
71 622 64 380
74 661 67 371
74 664 67 370
72 639 64 375
74 661 65 373
