252 23.7942
153 2357 146 682
158 2485 156 667
150 2336 146 685
153 2383 145 684
164 2358 164 663
150 2242 150 679
165 2334 164 663
156 2239 146 685
168 2285 164 663
155 2267 146 685
163 2296 156 668
150 2172 150 680
159 2357 151 671
182 2461 177 657
194 2633 189 655
209 2609 204 653
216 2598 216 651
184 2347 180 660
168 2245 156 668
178 2359 176 660
190 2377 172 661
170 2413 164 662
185 2323 180 660
187 2434 162 662
174 2407 164 662
158 2221 157 664
150 2140 150 685
152 2188 150 679
174 2289 168 662
177 2376 164 662
176 2381 164 662
186 2360 174 660
180 2234 168 662
185 2290 183 660
174 2440 162 662
150 2266 150 676
165 2338 156 667
170 2459 160 663
166 2294 156 667
191 2339 176 660
177 2241 168 662
155 2288 145 680
153 2134 150 685
191 2319 191 658
194 2323 188 658
179 2367 174 660
192 2334 188 658
200 2347 200 656
179 2435 165 660
199 2330 174 660
155 2204 155 670
159 2355 156 667
203 2311 203 656
172 2461 172 661
176 2293 156 666
153 2154 150 672
196 2444 189 656
174 2438 165 660
202 2424 189 656
160 2386 143 710
159 2143 156 674
185 2458 160 663
192 2360 192 656
168 2463 162 662
201 2433 189 656
144 2191 144 690
201 2391 165 660
151 2197 145 688
162 2193 162 670
162 2281 151 671
162 2350 143 694
151 2212 150 672
159 2235 156 669
176 2281 176 661
215 2341 215 654
146 2199 144 687
162 2346 156 667
186 2465 186 656
167 2194 146 683
196 2298 188 658
197 2438 189 656
161 2186 147 679
175 2380 172 661
146 2179 146 687
157 2389 143 710
171 2267 164 663
147 2125 144 692
147 2200 147 683
152 2158 150 683
216 2470 216 652
156 2284 156 669
168 2466 165 660
177 2354 177 658
201 2444 201 654
204 2355 204 654
222 2336 215 654
