897 88.2886
150 2524 148 680
156 2477 156 668
159 2578 157 664
147 2300 145 682
160 2464 159 663
165 2385 151 670
157 2421 151 670
159 2485 159 663
157 2394 145 678
153 2419 149 677
161 2337 157 667
146 2174 144 684
159 2351 159 668
152 2246 150 671
158 2404 156 665
153 2277 153 669
151 2203 145 682
149 2235 145 682
160 2307 159 666
161 2452 161 660
165 2383 161 660
165 2366 161 663
163 2414 161 660
159 2386 159 665
151 2199 150 677
152 2198 150 677
163 2392 161 663
160 2325 159 665
150 2249 150 671
162 2414 157 662
161 2447 161 663
163 2271 163 665
167 2314 157 664
174 2309 157 662
162 2272 162 669
170 2398 157 662
173 2315 164 662
158 2236 150 676
162 2303 160 666
157 2235 152 676
165 2281 156 665
166 2273 159 668
173 2270 165 663
159 2216 153 676
161 2369 157 664
161 2284 159 668
157 2357 156 668
171 2235 168 663
172 2330 164 662
171 2287 168 662
171 2253 156 665
172 2368 160 663
174 2230 168 663
167 2205 160 672
174 2280 168 660
168 2323 161 663
153 2194 150 680
166 2241 166 668
175 2219 175 661
166 2214 160 672
168 2302 168 662
175 2223 168 663
174 2211 174 663
175 2253 168 662
158 2221 156 671
175 2298 157 664
156 2181 156 675
172 2327 171 661
171 2328 171 661
159 2201 158 674
150 2225 150 680
150 2122 150 683
170 2357 161 660
159 2215 156 671
173 2317 173 658
156 2208 156 673
175 2316 165 660
151 2118 150 683
154 2244 151 675
173 2319 165 660
177 2291 161 660
160 2174 150 676
176 2218 176 658
144 2159 144 687
145 2173 145 685
157 2245 155 674
168 2252 162 670
164 2161 162 673
168 2150 163 671
168 2184 159 672
168 2141 156 675
175 2476 162 659
155 2185 155 678
155 2191 150 679
168 2107 162 674
155 2201 155 675
170 2428 166 657
168 2108 162 673
147 2147 141 693
175 2304 162 662
183 2258 159 663
149 2146 141 693
183 2349 175 655
175 2346 162 661
176 2363 162 659
170 2494 150 670
166 2495 150 670
160 2395 144 676
168 2547 152 668
170 2532 152 668
161 2568 152 668
160 2039 144 683
157 2079 150 684
178 2135 163 660
155 1985 141 693
175 2308 159 663
156 2097 151 682
152 2084 151 685
155 1970 142 691
163 2190 151 675
172 2382 152 668
184 2119 178 655
188 2213 175 655
171 2225 167 664
151 1974 142 689
158 2209 144 679
191 2200 175 655
184 2318 175 655
180 2160 162 659
152 2133 144 681
166 2164 152 675
148 1996 142 689
188 2113 178 655
166 2140 159 676
193 2173 175 655
190 2204 175 655
151 1961 143 687
156 2120 150 680
145 2136 143 697
154 2087 148 683
190 2135 190 653
150 1968 143 687
157 2054 151 678
146 2004 142 689
166 2194 144 674
187 2272 187 653
185 2294 175 655
151 1974 144 686
155 2232 144 679
157 1975 155 685
177 2188 162 659
188 2112 163 666
148 2029 144 686
146 2046 144 686
159 2084 144 677
164 2231 152 674
151 2113 144 685
158 1998 144 684
143 2217 143 694
151 1998 141 693
195 2124 190 653
182 2108 182 655
178 2141 178 655
194 2205 187 653
155 2021 155 685
158 2274 144 677
175 2131 162 665
179 2172 162 663
174 2237 173 657
179 2134 178 655
143 2196 143 697
177 2137 166 657
206 2135 205 651
205 2138 205 651
172 2440 150 670
180 2403 150 670
165 2242 150 674
183 2143 158 670
205 2198 187 653
179 2074 170 657
176 2130 161 668
183 2158 157 674
188 2207 187 653
203 2103 197 653
157 2110 150 680
197 2134 168 660
192 2110 168 663
185 2077 182 655
178 2094 170 657
145 2134 144 690
149 2210 149 681
184 2090 182 655
197 2113 190 653
212 2122 205 651
217 2166 217 649
150 2010 141 693
200 2111 197 653
150 1988 142 689
202 2146 202 651
193 2119 193 653
