16 0.19043
219 3490 216 924
218 3536 216 922
225 3560 223 905
236 3864 208 862
239 3688 204 883
255 3912 209 849
218 3553 214 909
223 3545 204 917
225 3579 204 911
235 3614 215 857
239 3720 207 873
245 4046 215 851
266 4039 209 843
223 3504 223 916
223 3593 201 919
223 3633 201 911
224 3673 212 910
226 3722 210 900
227 3507 214 908
229 3689 220 892
230 3563 212 889
231 3650 215 881
232 3745 205 868
233 3555 212 889
235 3491 210 902
238 3741 205 889
238 3904 210 859
239 3655 204 890
240 3959 207 865
244 4014 215 855
245 3658 210 859
247 4007 205 857
251 3856 205 861
255 4025 209 847
262 4215 201 854
