1978 161.438
157 2386 157 666
160 2428 160 663
161 2392 160 663
144 2238 144 693
162 2331 162 660
156 2214 156 669
162 2245 162 662
162 2275 162 661
157 2248 157 668
179 2432 152 668
174 2398 161 660
144 2117 144 695
144 2138 142 696
165 2236 162 659
170 2273 170 657
162 2336 157 662
158 2313 157 665
159 2309 156 667
185 2610 144 674
159 2297 157 665
143 2142 142 696
145 2336 145 685
145 2361 145 679
146 2360 145 683
162 2222 162 664
165 2470 156 665
167 2404 156 665
172 2435 152 668
164 2456 152 668
169 2354 166 657
164 2409 161 660
167 2467 166 657
196 2639 151 667
201 2631 151 667
168 2452 152 668
190 2581 144 673
176 2536 143 684
164 2644 162 659
150 2241 150 670
151 2186 150 672
151 2189 150 670
153 2186 150 670
157 2278 156 668
158 2185 150 670
174 2270 166 657
199 2532 144 674
178 2619 144 674
176 2305 175 655
178 2207 178 658
147 2036 144 680
146 2026 144 688
146 2034 144 687
153 2123 150 671
146 2031 142 691
145 2111 142 691
147 2126 144 679
187 2246 187 653
180 2144 167 660
166 2209 157 662
167 2205 157 662
179 2170 174 657
179 2185 165 661
189 2156 182 655
181 2161 175 655
185 2176 166 657
155 1996 152 674
190 2152 182 655
188 2160 182 655
182 2184 166 657
191 2151 178 655
179 2197 166 657
152 1966 150 676
152 2002 150 673
148 1977 144 676
148 2019 148 674
196 2123 190 653
190 2130 190 653
159 2097 150 670
159 2059 156 668
162 2076 156 667
153 1992 150 675
189 2094 170 660
172 2115 169 663
162 2018 162 672
162 2027 162 669
164 2036 164 666
166 2073 157 665
167 2071 157 665
168 2019 156 668
172 2111 172 664
177 2163 176 661
191 2118 178 658
196 2124 178 655
161 2100 157 665
198 2125 175 655
165 2146 165 663
166 2196 162 664
202 2196 202 651
204 2198 187 653
203 2128 170 657
194 2074 178 658
190 2156 178 655
192 2087 181 658
158 2043 156 670
159 2130 159 667
195 2062 178 658
193 2040 193 656
198 2063 170 660
193 2066 184 662
167 2213 156 666
168 2212 156 664
173 2189 164 662
174 2179 156 664
175 2173 156 664
189 2245 187 653
196 2051 178 658
152 1948 152 677
192 2052 185 658
152 1947 150 678
158 2112 156 668
193 2077 178 658
173 2269 170 657
148 1938 144 679
154 2078 150 671
156 2039 156 671
149 1926 144 679
149 1976 144 676
167 1977 153 674
158 2036 156 672
159 1981 150 675
155 1990 150 675
191 2215 187 653
217 2229 217 649
171 2000 150 673
155 1935 150 678
205 2136 205 651
190 2110 162 659
178 2252 166 657
176 2261 166 657
164 2240 157 662
163 2264 157 662
170 2218 165 660
181 2137 162 659
173 2242 173 658
165 2232 162 661
181 2131 170 657
169 2178 162 664
156 2047 150 671
150 2002 148 674
168 2224 165 660
159 2202 159 665
164 2030 160 672
151 2000 148 674
184 2125 165 661
201 2120 193 653
190 2142 166 657
193 2124 181 655
194 2116 181 655
