11 0.0936629
233 3828 194 869
273 4283 182 821
229 3609 209 887
240 3701 215 870
250 3599 224 842
259 4225 194 845
274 3850 223 844
243 4071 221 826
244 3970 200 857
245 3858 242 852
250 3917 196 835
276 3903 195 841
279 4113 184 805
228 3586 218 917
230 3838 199 896
232 3671 196 917
235 3823 195 861
239 3946 237 842
243 3796 212 869
248 3839 196 846
248 3968 193 922
248 3990 213 822
249 3977 209 825
252 4163 202 832
257 4030 210 819
259 4350 188 823
267 3867 200 809
270 4248 192 879
286 4818 193 803
300 3869 194 850
