1358 54.409
152 2359 151 667
165 2185 159 663
160 2175 160 662
155 2100 144 673
160 2091 144 673
177 2361 175 655
165 2129 161 663
150 2219 150 670
144 2094 144 682
162 2194 162 659
161 2060 159 667
187 2389 187 653
159 2146 151 667
156 2153 151 667
167 2211 161 660
163 2067 157 667
190 2291 190 653
185 2237 185 655
193 2215 182 655
164 2072 162 662
202 2390 202 651
166 2158 157 662
178 2241 178 655
193 2255 190 653
168 2037 165 663
175 2468 175 655
161 2228 161 660
152 2037 152 668
158 2189 157 662
168 2195 161 660
205 2364 205 651
144 2069 144 684
167 2051 165 663
166 2187 166 657
157 2001 157 669
144 2155 144 674
183 2143 162 659
151 2215 144 673
167 2109 161 663
158 2003 156 668
164 2173 162 659
143 2094 143 683
157 2235 157 662
217 2410 217 649
157 2030 156 668
209 2323 209 651
140 2046 140 685
152 1964 150 671
169 2128 151 667
174 2115 157 662
156 2020 143 692
165 2022 156 665
158 2096 156 664
145 1993 144 681
169 2061 161 663
168 2077 161 663
148 1938 144 674
152 2054 150 670
179 2095 161 660
141 2042 140 685
169 2114 150 669
166 2151 162 659
156 2125 156 664
154 1994 151 670
166 2111 161 663
144 2126 144 677
178 2244 175 655
158 1990 151 670
173 2139 173 657
160 1982 160 669
165 2159 150 669
174 2108 161 660
164 2171 150 669
165 2169 162 659
146 2010 144 674
150 1984 150 671
150 1965 150 673
150 2216 144 673
154 1957 150 673
145 2044 145 677
148 1936 144 677
166 2154 150 669
146 2002 144 677
148 1934 144 678
169 2123 161 660
162 2212 150 669
