779 2.64994
176 2730 157 746
200 3078 156 751
198 3031 155 761
207 3201 156 749
172 2658 162 746
182 2794 157 743
172 2737 168 731
173 2749 168 729
167 2703 166 743
210 3206 154 750
196 3094 156 752
176 2804 166 741
192 2665 182 712
193 3003 172 714
212 3129 156 749
200 2760 172 718
196 2853 196 704
214 3087 196 693
191 2823 158 721
187 2865 168 719
221 3394 186 693
178 2693 158 728
196 2836 196 707
182 2837 182 711
193 2807 168 719
187 2911 177 704
191 2917 173 709
205 3135 155 756
172 2624 169 740
172 2720 168 740
190 2913 157 732
191 2776 157 732
182 2692 173 714
192 2791 172 718
194 2999 163 719
177 2769 158 728
204 2891 187 704
183 2690 182 709
194 2979 172 701
183 2771 157 735
193 2845 172 715
193 2766 173 709
206 3081 196 700
178 2788 177 715
182 2714 182 712
173 2638 173 719
177 2620 163 721
185 2711 173 712
201 2959 160 714
184 2806 173 712
236 3765 163 711
188 2949 171 717
205 3228 155 745
174 2616 173 716
203 3167 155 752
208 3209 156 741
195 2878 168 708
184 2703 171 720
188 2852 168 718
190 2748 162 721
202 3043 159 712
222 2977 186 699
