249 2.99567
163 2361 162 659
151 2187 144 674
157 2238 156 670
162 2415 162 659
217 2966 217 649
161 2485 161 660
145 2243 144 677
150 2189 150 674
166 2338 165 659
157 2264 156 665
158 2385 157 662
146 2224 143 690
160 2227 160 669
162 2186 160 673
145 2221 145 681
153 2264 152 668
158 2315 150 670
148 2264 142 701
154 2358 150 670
175 2530 175 655
178 2449 178 655
147 2136 144 680
157 2415 157 662
165 2347 165 659
177 2511 175 655
159 2383 156 664
156 2287 156 667
146 2144 144 680
148 2314 142 700
151 2293 151 670
152 2348 152 668
150 2169 150 675
154 2166 150 674
179 2427 178 655
146 2240 144 678
164 2319 160 662
169 2381 166 657
170 2478 161 660
152 2259 142 701
156 2322 156 665
162 2310 162 661
189 2637 187 653
161 2335 161 663
164 2293 162 661
202 2615 202 651
151 2194 150 671
159 2350 157 662
187 2684 187 653
144 2232 144 680
190 2491 190 653
147 2213 144 679
175 2358 173 657
148 2130 144 677
