2654 32.3945
151 2338 149 701
151 2380 147 698
153 2377 147 698
152 2180 145 711
172 2547 145 678
171 2580 145 678
162 2447 150 671
156 2252 156 677
159 2458 150 678
160 2452 150 671
156 2262 156 670
160 2430 147 694
156 2257 156 673
165 2401 152 669
153 2238 152 691
158 2254 156 672
158 2267 157 665
161 2253 157 666
160 2257 157 665
158 2257 156 668
161 2260 150 679
168 2405 149 675
171 2374 149 675
157 2257 157 666
153 2249 149 683
156 2274 156 668
154 2225 149 683
155 2206 153 686
146 2176 145 713
154 2185 154 685
150 2122 145 713
157 2193 157 675
156 2186 156 679
148 2128 145 713
147 2140 145 713
155 2228 144 699
157 2066 151 688
153 2248 145 701
158 2063 151 688
159 2053 151 688
147 2097 146 709
155 2178 155 681
159 2001 151 693
165 1981 156 684
150 2111 145 715
159 2002 150 697
158 1983 156 682
157 2010 156 686
160 2242 144 698
156 2013 156 686
153 2217 153 688
171 2300 161 661
152 2121 151 697
153 2109 151 697
155 2005 150 695
157 2020 155 693
161 2174 161 669
153 2084 153 692
162 2186 157 668
163 2153 157 668
162 2163 158 670
152 2087 151 698
164 2151 157 668
170 2037 156 668
151 2099 151 698
152 2208 150 692
151 2122 150 696
151 2097 151 701
165 2120 156 665
168 2101 157 662
168 2086 156 665
182 2336 182 656
165 2123 157 662
173 2177 173 658
163 2115 151 682
166 2112 153 672
152 2141 152 692
163 2122 151 678
162 2119 151 682
161 2148 151 682
163 2197 150 679
164 2123 153 672
168 2064 156 672
158 2031 156 679
168 2130 165 660
159 1997 156 679
165 2137 165 660
174 2185 161 660
166 2050 156 673
162 2084 161 665
150 2134 150 702
168 2193 144 693
181 2093 157 662
152 2085 152 696
174 2150 173 658
163 2202 145 688
151 2089 150 702
162 2085 161 663
162 1979 161 686
160 2131 149 691
161 2260 151 677
194 2288 194 654
176 2061 169 667
164 1974 162 685
157 2076 149 694
164 1957 163 684
164 1971 162 686
164 1959 161 690
163 1977 162 688
163 1976 162 695
164 1981 163 681
163 2204 150 674
181 2068 167 665
169 2301 144 687
168 2308 144 687
163 1977 161 694
181 2064 169 660
164 1950 164 680
163 1977 163 684
166 1969 166 675
156 2063 146 701
165 2221 148 680
181 2113 173 658
167 2138 150 670
166 2192 148 678
163 2235 148 680
165 2196 148 681
177 2266 148 677
165 1950 163 684
166 1954 166 677
166 1970 166 674
167 2098 148 681
166 1949 164 680
189 2180 182 656
165 2124 150 676
181 2099 177 658
165 2123 146 687
160 2093 152 675
164 1983 164 677
163 2219 145 686
163 2201 146 682
166 2102 150 676
164 2120 149 684
166 2126 148 681
164 2127 150 676
154 2049 145 702
170 2134 144 681
162 2008 145 702
164 2146 146 682
154 2033 150 689
160 2026 146 700
166 2066 150 683
154 2021 147 696
163 2082 150 683
153 2067 146 700
158 2018 145 702
161 2020 147 693
158 2028 145 699
159 2012 145 702
157 2038 146 697
166 2068 146 687
160 2030 146 697
167 2038 150 673
169 2127 144 690
212 2226 212 652
158 2024 155 683
158 2023 144 706
161 2080 155 671
165 2106 147 685
159 2084 155 671
167 1970 152 675
197 2181 197 654
157 2042 155 680
160 2040 150 686
160 2042 155 674
165 2068 148 684
166 2060 148 684
167 1964 150 678
165 2070 160 671
167 1973 150 676
163 2042 144 696
165 2049 147 688
158 1988 152 687
167 2105 142 695
167 1989 152 673
170 1986 145 689
200 2266 190 653
184 2103 173 658
161 2029 145 689
167 2034 160 671
170 1990 145 687
185 2109 185 656
195 2385 187 653
165 2116 142 695
194 2387 187 653
197 2380 187 653
199 2377 187 653
224 2329 224 650
169 2040 160 668
200 2129 200 654
183 2104 173 658
194 2303 190 653
186 2286 162 659
199 2267 190 653
225 2324 224 650
168 1998 145 687
174 2092 165 660
167 2035 159 670
177 2112 177 658
203 2311 202 651
161 2034 159 673
161 1987 152 682
187 2148 166 657
208 2303 175 655
159 2048 159 673
173 2064 147 686
169 2113 145 684
221 2379 217 649
187 2229 178 655
197 2273 190 653
199 2107 185 656
193 2325 175 655
167 2045 160 668
