36 1.31923
195 2958 161 723
197 2932 161 723
186 3051 168 715
181 3056 161 757
232 3207 171 710
176 2959 164 739
182 3090 160 716
191 3148 181 693
193 2923 167 764
195 3102 187 700
202 2960 159 722
233 3459 161 701
262 4408 152 700
183 3045 180 705
184 3087 161 713
185 3049 165 731
190 2962 173 735
190 3140 172 703
193 3060 166 730
194 2980 180 722
194 3261 172 688
195 3184 156 712
196 2987 161 718
200 3025 180 710
213 3364 168 697
214 3025 190 704
218 3036 175 697
220 3680 164 704
234 3547 150 718
242 3479 151 738
183 2919 174 731
189 3201 153 711
194 3052 172 703
196 2953 174 712
202 3298 169 697
209 3287 169 699
221 3553 157 704
222 3510 160 698
227 3645 150 705
233 3356 188 687
239 3440 160 708
263 4354 180 684
