424 1.31043
189 3022 189 726
200 3184 159 763
187 3013 175 731
203 2863 179 736
181 2911 165 743
201 3176 195 718
186 2957 161 741
186 3197 170 729
190 2998 160 747
187 3027 160 747
178 2992 167 737
190 3015 165 734
195 3040 161 738
224 3769 167 727
192 3195 184 725
197 3319 159 745
193 3134 179 726
181 3057 167 731
203 2991 179 726
190 2845 172 751
201 3021 199 727
181 2966 175 733
189 3019 167 729
193 2903 167 733
199 3046 179 722
187 3144 179 728
194 3132 184 727
223 3681 161 732
188 2989 167 731
225 3531 165 727
189 3156 160 742
209 3199 179 720
229 3685 167 725
184 2884 179 729
194 3161 194 725
178 2868 166 738
182 2914 165 738
196 2897 161 741
206 3429 179 719
193 3222 175 723
206 3174 165 731
183 3001 170 735
183 2890 162 741
196 3075 179 726
215 3319 165 730
195 3189 173 722
198 3161 168 726
210 3494 179 717
