1 0.295488
686 11587 629 2718
718 12513 604 2693
719 12138 599 2731
723 11832 565 2790
728 12232 585 2705
733 12202 559 2738
782 13474 545 2751
630 10904 590 2815
645 11253 633 2703
656 11096 592 2771
659 11333 627 2767
663 10994 580 2732
671 11572 629 2730
671 12072 569 2735
673 11419 607 2731
676 11792 624 2717
677 11944 616 2684
686 11501 610 2728
689 11777 578 2755
690 11146 619 2718
693 12265 569 2728
696 12578 580 2713
704 12491 580 2713
710 12185 555 2782
711 12475 552 2764
715 11839 640 2672
718 12827 580 2704
728 12844 575 2721
736 12127 568 2788
739 13022 523 2766
745 12609 564 2714
746 12189 576 2725
746 12247 608 2701
821 14203 600 2690
837 14404 587 2680
