11 5.50082
615 10706 548 2626
618 10492 556 2643
595 9955 565 2615
615 10065 527 2686
656 10729 524 2629
676 11499 523 2621
690 12423 524 2600
583 10132 566 2693
584 10068 548 2679
584 10141 533 2677
591 9729 536 2681
591 9983 536 2679
596 9907 536 2666
601 10371 559 2648
602 10454 548 2653
604 10628 523 2730
605 10255 566 2611
605 10368 548 2663
607 10495 523 2639
607 10797 536 2614
610 10271 532 2723
615 10425 557 2623
617 10369 545 2663
617 10693 541 2622
617 10882 560 2613
620 10375 560 2638
624 10614 556 2632
625 11110 557 2610
627 10461 551 2619
629 10094 545 2663
630 11030 523 2636
641 11358 557 2607
645 11254 557 2597
653 11064 542 2610
653 11438 554 2604
654 11035 578 2591
657 10504 533 2636
657 10704 536 2632
662 11656 523 2634
662 11768 523 2627
663 11305 536 2605
664 11551 523 2634
665 11287 569 2589
668 11961 566 2591
671 11157 542 2584
674 11675 523 2617
680 11804 578 2582
687 11092 533 2624
696 11874 523 2599
787 13400 569 2568
