2 1.37234
649 11687 585 2725
655 10744 615 2714
629 10823 602 2705
642 11213 597 2786
644 11158 585 2777
648 11073 591 2761
649 11292 605 2655
650 11580 597 2758
652 11334 538 2784
653 11043 591 2763
658 11383 585 2744
668 11161 582 2673
669 11570 576 2710
673 11948 548 2736
679 11142 560 2777
681 11140 582 2677
681 11445 574 2733
681 12228 566 2735
694 11503 582 2664
701 11937 569 2765
701 12550 560 2709
702 11935 574 2731
703 11681 559 2741
704 12323 571 2727
707 12214 569 2722
708 12651 551 2731
711 11722 580 2663
712 12367 550 2690
718 12588 539 2769
732 12678 538 2760
742 12529 579 2648
745 12904 573 2686
772 13236 523 2757
826 13676 569 2689
