6 2.79279
622 11081 583 2662
623 11236 583 2658
629 10728 524 2710
630 10360 596 2681
640 11447 574 2667
653 10943 538 2681
623 11026 583 2671
625 10986 592 2657
641 10365 600 2664
647 10980 529 2651
660 11564 523 2674
729 12747 523 2654
590 10546 565 2768
593 10225 571 2696
603 10441 586 2680
611 10884 559 2772
614 10592 562 2736
615 10659 550 2788
620 10707 550 2681
621 10850 577 2678
623 10652 568 2675
625 10649 544 2700
629 10560 571 2690
629 11160 592 2648
631 10444 605 2672
633 10555 565 2700
634 10486 596 2672
634 11280 583 2653
636 10624 556 2705
639 11064 566 2680
641 10795 541 2664
642 10956 577 2657
644 11018 538 2678
645 11210 524 2706
650 10926 538 2708
663 11474 578 2641
664 11719 569 2646
666 11287 527 2683
667 11859 559 2644
668 12069 557 2632
670 10850 536 2693
677 11448 524 2650
691 11489 575 2624
695 11255 523 2706
696 11857 564 2647
697 11394 523 2687
710 12470 523 2667
719 12662 523 2663
724 12903 538 2649
736 13075 523 2641
743 12802 533 2647
