840 5.01199
559 9712 542 2524
559 9262 533 2525
550 9041 524 2532
578 9492 542 2518
570 9595 524 2528
558 9489 523 2535
585 9868 569 2503
618 10576 578 2498
569 9444 523 2533
571 9352 551 2515
585 9757 569 2505
584 9881 569 2505
555 9347 533 2525
594 9531 524 2528
617 10678 578 2498
563 9188 524 2530
565 9597 560 2510
572 9372 523 2537
584 9553 569 2511
576 9626 560 2508
572 9369 533 2523
567 9536 533 2523
578 9373 542 2520
572 9286 551 2513
598 9623 569 2509
561 9408 542 2520
600 10254 578 2500
560 9280 560 2512
601 10163 578 2500
608 10118 578 2502
563 9523 551 2515
590 9224 533 2527
560 9232 533 2525
566 9419 551 2515
568 9521 542 2518
578 9573 560 2510
