660 6.07967
576 9558 542 2550
624 10624 524 2556
597 9655 533 2553
566 9385 523 2589
566 9595 523 2571
593 9756 523 2567
567 9691 533 2555
597 10051 560 2544
641 10604 542 2546
567 9477 551 2572
584 9838 533 2553
594 10136 551 2545
591 9763 533 2553
634 10547 524 2556
562 9548 523 2583
630 10459 533 2551
586 10082 523 2563
557 9496 524 2558
608 10260 551 2543
616 10806 523 2561
627 10451 560 2538
599 9901 551 2545
581 9142 523 2587
606 10369 551 2543
610 10244 551 2543
579 9588 533 2555
578 9817 542 2548
658 11132 569 2533
589 9544 533 2557
605 9863 551 2545
570 9784 523 2565
631 10680 569 2535
657 11087 578 2532
626 10441 560 2540
