102 1.8933
550 9114 542 2515
553 9019 533 2514
527 8941 523 2551
560 9214 560 2499
557 9212 542 2513
551 8889 523 2534
528 8899 523 2551
533 8982 524 2546
558 9050 542 2509
547 9116 523 2530
559 9447 524 2519
537 8806 533 2520
538 8695 523 2551
574 9340 569 2496
528 8947 523 2549
542 9026 524 2527
551 8865 551 2504
561 9195 524 2519
536 9278 523 2547
621 10537 587 2484
537 8713 523 2544
543 8916 523 2534
543 8992 524 2525
544 8832 524 2537
553 9269 542 2509
569 9073 560 2499
578 9337 569 2494
611 10194 587 2488
528 8991 524 2546
537 8703 524 2539
546 9077 533 2518
549 9422 523 2528
552 9073 533 2518
555 8997 524 2521
587 9715 578 2489
640 10414 587 2484
542 8850 524 2533
544 9143 533 2514
546 8933 524 2523
551 8829 551 2515
570 9439 569 2494
534 8917 524 2528
544 8761 523 2542
549 9071 523 2530
553 9093 523 2524
558 9485 524 2519
626 10453 587 2486
