3 0.401295
651 11431 591 2706
658 11551 551 2776
649 11391 591 2715
653 11859 553 2734
673 11892 566 2698
699 12283 566 2694
767 13230 552 2675
619 10818 591 2752
622 10667 559 2724
640 10500 604 2762
646 11322 582 2716
657 11366 621 2709
661 11464 557 2785
667 11160 587 2712
672 11778 591 2680
674 11469 599 2703
674 12267 532 2713
679 11472 584 2684
681 11341 592 2687
682 11805 569 2715
686 11835 539 2795
689 11643 591 2676
690 12268 581 2693
691 11759 548 2721
693 12180 607 2655
694 11746 557 2729
695 11488 566 2700
695 11752 561 2723
699 12245 556 2699
705 11430 579 2703
705 12523 571 2689
713 12320 548 2711
719 11960 574 2686
728 12394 529 2750
732 12787 591 2669
735 12745 562 2687
738 12266 544 2744
738 12903 591 2660
739 12748 566 2685
752 12699 573 2677
763 12511 583 2662
776 13011 550 2698
779 13195 552 2675
