26 1.46741
606 10745 542 2598
660 10213 560 2592
612 10819 551 2583
599 10114 523 2620
599 10358 548 2613
638 11204 524 2587
598 10243 524 2618
600 10187 547 2612
606 10289 524 2614
609 10264 524 2597
616 10471 523 2617
640 10943 523 2580
645 10930 523 2587
734 12770 523 2565
582 10319 536 2645
585 10116 523 2621
616 10665 542 2558
620 10603 524 2590
630 11005 533 2584
636 10304 533 2561
663 11448 538 2560
740 13026 524 2556
578 10137 523 2716
599 10103 524 2615
607 10656 542 2590
615 10494 542 2572
619 10262 551 2587
628 11356 523 2570
643 10909 524 2585
656 10276 533 2587
590 10009 536 2659
595 9953 523 2656
604 10309 536 2610
614 10520 523 2617
617 10447 523 2599
618 10419 523 2609
623 10858 523 2595
627 10645 542 2570
629 10923 551 2548
633 11018 523 2590
634 10493 575 2570
648 11518 524 2565
658 11108 523 2578
663 10787 524 2563
665 11478 524 2559
667 11707 533 2546
683 11946 523 2568
739 12404 551 2543
765 13766 524 2548
