170 8.23224
465 8142 338 2545
477 8119 338 2550
486 8189 338 2544
459 8189 338 2549
466 8291 338 2534
475 8270 338 2524
532 9307 326 2625
498 8739 326 2634
509 9118 326 2628
517 8934 325 2629
547 9857 334 2484
568 10106 325 2627
498 8831 324 2632
494 8807 324 2633
501 8599 324 2637
459 8191 323 2650
486 8507 324 2646
555 9817 352 2410
536 9698 360 2409
521 9302 368 2414
532 9627 386 2405
536 9668 366 2408
546 9924 352 2417
532 9606 376 2406
518 9508 378 2410
521 9313 370 2407
525 9269 374 2415
544 9639 360 2408
587 10514 366 2407
597 10558 352 2409
514 9340 370 2411
519 9473 386 2409
523 9379 363 2409
537 9822 360 2408
545 9596 360 2415
507 9266 326 2630
442 8041 341 2431
582 10637 366 2407
541 9875 380 2405
431 7397 343 2558
463 8394 337 2443
496 8959 337 2437
511 8832 337 2437
434 7614 338 2555
514 9329 326 2627
556 10034 376 2405
405 7139 343 2572
542 9762 370 2406
410 7422 338 2560
417 7474 338 2556
431 7642 338 2555
417 7360 346 2555
449 8022 338 2551
524 9349 396 2406
484 8672 323 2642
502 8947 323 2631
536 9688 386 2404
487 8627 332 2640
401 7192 343 2578
404 7179 343 2574
408 7057 343 2578
413 7228 346 2559
495 8579 332 2639
407 7088 359 2561
420 7359 359 2557
486 8653 332 2639
489 8583 323 2639
538 9593 396 2401
541 9590 396 2403
561 10171 380 2404
403 7185 343 2568
465 8366 337 2443
479 8544 323 2646
516 9180 404 2403
563 9876 380 2403
410 7170 338 2566
480 8470 326 2642
530 9531 406 2400
395 7095 346 2572
397 7055 346 2567
405 7207 338 2562
579 10301 386 2401
390 6948 346 2574
413 7021 346 2567
481 8705 323 2642
576 10264 380 2402
389 6994 346 2579
535 9584 394 2404
399 7025 346 2564
410 7249 338 2561
425 7620 360 2423
559 9895 396 2400
418 7469 350 2424
423 7625 360 2423
419 7469 347 2425
421 7517 341 2434
431 7773 347 2424
485 8773 342 2421
456 8183 342 2428
451 7894 341 2431
481 8574 342 2423
473 8557 347 2418
436 7658 347 2422
435 7992 347 2421
430 7583 350 2421
433 7741 347 2422
427 7643 341 2433
427 7714 358 2422
415 7409 352 2426
449 7980 345 2432
433 7598 341 2433
419 7562 341 2434
440 7905 350 2420
418 7404 352 2426
447 8129 340 2438
448 8017 340 2442
463 8402 341 2430
490 8684 340 2435
411 7421 350 2425
411 7474 350 2424
431 7860 339 2450
436 7806 339 2446
410 7407 345 2433
411 7414 352 2426
