393 214.758
356 6288 303 2292
358 6323 299 2296
359 6262 299 2308
359 6295 299 2303
359 6298 299 2296
359 6320 302 2293
360 6344 305 2290
379 6717 299 2295
384 6804 302 2292
399 6985 303 2291
336 6005 323 2317
337 6015 307 2316
362 6361 323 2273
362 6363 323 2270
364 6456 309 2280
366 6455 309 2280
373 6172 299 2339
365 6156 299 2341
366 6144 299 2341
356 6177 301 2341
356 6154 299 2347
368 6181 299 2332
355 6162 299 2347
372 6245 299 2329
339 5989 302 2295
341 5947 302 2300
341 5949 302 2296
341 5950 302 2295
341 5955 309 2293
341 5961 308 2285
344 5930 308 2285
346 5905 308 2288
349 5934 308 2281
349 5937 307 2291
349 5939 315 2277
349 5958 307 2284
349 5958 314 2278
349 6079 310 2277
351 6004 313 2276
352 5959 328 2276
352 5961 328 2272
357 6035 328 2270
358 6143 321 2275
361 6262 304 2286
362 6189 328 2269
362 6305 351 2266
364 5773 316 2276
364 5821 316 2271
365 5784 316 2271
365 5785 315 2287
365 5790 315 2277
366 5780 324 2274
366 6340 351 2264
367 6344 336 2265
368 6217 328 2268
370 6250 326 2270
370 6270 326 2268
371 5883 316 2270
372 5821 326 2270
377 5995 332 2269
379 6050 321 2268
395 6110 322 2267
371 6261 299 2329
341 5923 307 2309
368 5861 315 2273
395 6852 307 2278
388 6355 332 2266
342 5994 306 2291
342 5900 309 2304
399 7023 304 2285
341 5840 309 2305
350 5885 315 2302
439 7665 304 2275
342 5986 307 2290
463 8191 302 2277
502 8565 304 2272
429 7654 304 2281
367 6238 340 2255
367 6501 358 2229
368 6187 334 2249
369 6240 340 2245
370 6557 358 2228
370 6665 328 2241
371 6238 340 2248
372 6494 358 2234
372 6498 358 2232
372 6520 342 2230
372 6520 358 2228
372 6550 348 2229
373 6388 320 2262
374 6178 340 2264
374 6237 340 2245
374 6366 320 2255
374 6383 320 2250
374 6391 331 2249
374 6401 323 2249
375 6400 328 2245
375 6405 331 2244
375 6433 331 2241
375 6433 332 2239
375 6454 326 2247
375 6711 326 2243
375 6711 328 2240
375 6711 334 2237
378 6368 340 2243
378 6698 328 2240
379 6372 340 2242
380 6518 328 2240
380 6634 320 2249
381 6646 323 2248
382 6522 326 2243
383 6616 320 2249
383 6635 323 2248
383 6637 331 2239
383 6730 332 2238
386 6723 332 2238
396 6922 332 2237
397 6363 356 2243
397 6733 332 2237
400 6648 334 2238
455 8049 299 2286
431 7858 302 2280
498 8745 307 2268
458 7981 314 2257
441 7878 307 2272
441 7886 315 2256
449 8186 299 2286
423 7527 309 2268
444 7844 315 2259
466 7984 309 2265
420 7404 321 2248
457 8298 301 2284
462 8165 299 2281
464 8082 299 2281
478 8152 313 2258
435 7671 304 2273
464 8291 320 2247
467 8033 315 2254
449 8186 320 2248
461 8088 315 2253
430 7610 321 2246
497 8804 310 2262
449 7734 333 2235
445 7819 312 2260
533 9634 308 2266
422 7612 302 2290
452 8042 314 2255
438 7554 321 2246
451 7989 316 2252
453 8235 312 2257
454 7935 314 2258
455 8091 320 2248
478 8029 314 2256
460 8237 315 2254
361 6371 310 2267
364 6414 310 2264
365 6372 310 2265
365 6539 308 2270
367 6407 308 2270
367 6407 310 2264
367 6407 314 2261
368 6432 308 2269
374 6455 342 2234
374 6474 340 2232
374 6474 342 2231
376 6433 342 2234
376 6443 340 2232
376 6443 342 2231
376 6459 342 2230
377 6480 340 2230
377 6480 342 2229
378 6683 323 2247
380 6539 346 2226
381 6514 339 2231
381 6514 346 2226
382 6688 328 2239
383 6721 347 2225
384 6663 328 2239
384 6663 334 2236
384 6691 358 2224
384 6710 347 2225
385 6664 326 2242
386 6708 347 2225
387 6628 358 2224
388 6691 347 2225
389 6666 334 2234
389 6842 331 2238
390 6685 347 2225
391 6670 347 2225
391 6724 348 2224
391 6774 354 2223
391 6791 331 2238
391 7085 386 2220
392 6766 354 2223
395 6695 364 2223
398 6874 323 2245
398 6894 370 2221
398 6967 364 2222
400 6942 390 2219
400 6957 396 2218
402 6954 396 2218
403 6833 364 2222
403 6863 370 2221
404 6914 380 2220
404 6936 390 2219
406 6980 406 2217
408 6924 360 2222
410 6966 386 2219
412 6922 386 2219
412 7117 406 2216
415 7017 402 2217
417 6965 412 2216
417 7002 402 2217
418 6974 402 2217
418 7601 310 2263
419 6885 386 2219
419 6950 412 2217
424 6953 396 2218
424 6962 376 2220
426 7011 422 2215
429 7045 392 2218
430 7163 418 2215
430 7163 428 2214
432 7131 428 2214
434 7079 428 2214
442 7158 438 2213
451 7582 444 2212
394 7161 315 2260
432 7919 326 2241
436 7922 327 2240
473 8088 320 2248
468 8064 322 2245
424 7059 422 2215
440 7211 438 2213
456 8156 322 2245
436 7516 323 2244
459 7734 332 2236
449 7906 307 2271
473 8279 307 2270
378 6648 370 2225
386 6647 370 2225
386 6654 370 2222
386 6657 354 2224
389 6808 380 2221
390 6802 380 2221
391 6719 364 2223
392 6729 380 2221
394 7127 386 2219
396 6715 380 2221
396 7024 396 2218
396 7106 386 2219
397 6761 360 2223
397 7105 386 2219
397 7141 370 2221
397 7159 376 2220
399 6894 386 2220
400 6742 360 2223
400 6926 380 2220
401 7094 392 2218
402 7066 402 2217
403 7084 392 2218
403 7097 376 2220
403 7150 382 2219
404 7084 386 2219
404 7147 382 2219
407 7356 398 2217
411 7306 398 2217
412 7116 412 2216
415 7245 412 2215
421 7425 408 2215
425 7661 396 2217
428 7370 428 2214
435 7711 424 2214
