83 2.0776
424 7701 328 2395
421 7690 315 2411
426 7437 315 2411
433 7735 324 2359
448 7682 314 2382
421 7615 315 2431
408 7515 320 2431
424 7647 307 2475
445 7785 321 2372
400 7217 323 2405
439 7805 318 2359
418 7693 321 2407
409 7414 315 2527
430 7631 336 2365
432 7985 308 2452
434 7946 342 2358
435 7776 331 2358
412 7462 323 2401
412 7516 320 2429
418 7719 320 2405
420 7784 308 2455
434 7845 307 2428
416 7705 313 2453
438 7910 305 2444
452 8021 328 2331
472 8294 303 2450
493 8924 313 2355
412 7531 315 2524
419 7742 320 2402
422 7801 369 2362
430 7608 325 2374
453 8362 328 2326
457 8401 321 2337
406 7345 315 2533
444 7871 305 2442
453 8385 326 2334
525 9443 301 2425
418 7694 331 2380
419 7681 369 2369
445 7845 314 2387
454 7946 328 2337
456 7979 304 2431
463 8220 324 2337
414 7456 315 2449
418 7708 345 2375
423 7666 342 2365
425 7715 315 2378
440 7936 342 2353
449 8037 315 2338
524 8917 303 2401
419 7585 353 2376
422 7767 312 2427
432 7877 309 2405
437 7942 318 2344
442 8019 313 2361
456 8375 326 2318
459 8527 354 2313
475 8623 354 2308
491 8764 314 2348
497 8946 328 2317
523 9619 317 2332
552 9356 309 2360
421 7712 310 2469
440 7863 299 2459
444 7868 307 2364
444 7895 331 2338
445 8204 337 2322
454 8281 299 2454
487 8294 302 2445
492 9034 328 2315
513 9304 309 2362
407 7255 318 2536
414 7595 319 2427
416 7675 304 2470
429 7650 310 2391
435 7988 305 2426
439 7878 299 2462
446 7887 324 2348
456 8310 326 2320
460 8235 324 2337
460 8477 299 2448
463 8395 318 2328
471 8324 303 2450
475 8217 303 2427
475 8664 304 2415
481 8743 354 2307
491 8507 301 2445
413 7484 321 2523
416 7615 369 2372
428 7543 320 2397
429 7751 336 2366
433 7962 302 2492
449 8010 337 2327
452 8171 306 2390
464 8625 299 2432
471 8461 314 2358
478 8415 314 2352
479 8813 318 2325
481 8217 301 2452
485 8898 314 2337
