86 2.20358
524 8888 353 2571
488 8984 374 2557
493 9071 370 2538
489 8944 370 2545
473 8182 328 2606
510 9272 364 2568
518 9342 379 2486
478 8823 371 2563
507 9081 372 2515
518 9382 386 2476
531 9223 342 2547
534 9591 358 2519
448 8084 361 2643
481 8817 371 2563
487 8565 341 2579
463 7794 343 2640
475 7805 332 2638
481 7780 344 2617
510 9349 364 2549
523 9314 386 2479
530 9518 372 2477
449 8065 361 2643
464 7856 332 2620
476 8136 329 2618
476 8803 371 2573
477 8798 365 2566
497 9039 394 2514
505 9095 372 2496
521 9394 372 2495
524 9183 344 2545
470 8006 329 2619
481 8736 432 2574
483 8058 334 2600
497 8962 336 2569
498 8391 328 2591
506 8418 341 2584
523 9389 372 2493
523 9439 385 2472
542 9797 357 2506
463 7940 339 2620
478 8131 334 2603
486 8076 328 2611
490 8544 328 2583
498 8937 336 2569
504 9168 371 2517
510 9319 359 2553
516 9258 358 2527
518 9295 359 2498
534 9476 372 2477
542 9853 365 2495
545 9113 346 2553
462 7772 344 2626
469 8072 329 2630
471 8003 346 2600
479 7805 336 2631
481 8087 328 2592
485 7691 344 2631
489 7776 344 2617
489 8842 373 2522
498 9048 366 2520
503 9352 384 2489
521 9273 355 2531
546 9830 364 2483
568 9910 356 2512
460 7600 357 2627
468 8294 328 2601
468 8300 330 2591
468 8362 328 2595
474 7861 339 2600
475 7980 328 2619
479 7978 329 2603
485 8722 384 2523
486 7704 336 2630
489 8599 349 2575
491 8908 371 2522
496 8832 373 2522
504 8797 328 2581
505 9088 372 2498
505 9362 384 2478
506 9232 366 2502
523 9301 386 2482
524 9187 344 2538
525 9559 373 2477
526 9434 381 2482
526 9449 379 2483
536 9473 379 2478
538 9585 382 2465
556 10062 350 2499
