137 45.8918
376 6696 314 2318
379 6577 300 2359
380 6915 321 2309
394 6897 351 2298
396 7144 319 2296
382 7007 307 2316
392 7243 319 2297
399 6990 307 2308
385 7100 313 2311
388 6824 324 2303
395 6835 329 2301
404 7127 329 2290
383 7005 307 2313
368 6423 307 2366
404 6999 329 2298
381 6473 307 2364
393 6955 313 2305
394 7239 313 2298
392 6992 325 2302
367 6371 307 2377
410 7163 328 2289
362 6382 307 2382
367 6371 314 2371
397 7275 329 2287
399 7102 345 2275
407 7317 329 2280
399 7068 345 2278
412 7502 329 2279
430 7609 335 2274
442 7582 325 2279
391 7040 345 2281
393 7032 345 2285
361 6371 314 2385
383 6879 347 2310
397 6962 335 2298
393 6922 324 2300
416 7401 319 2281
430 7425 325 2280
357 6565 314 2415
435 7424 329 2278
388 7104 309 2301
401 7191 313 2287
412 7185 330 2288
387 6987 347 2305
396 7033 335 2294
401 7024 345 2281
408 7281 327 2284
428 7843 308 2293
383 6629 299 2355
386 6892 317 2315
386 7080 299 2316
408 7197 325 2286
430 7596 312 2294
431 7780 308 2293
355 6466 323 2402
364 6379 299 2374
404 6932 341 2299
409 7388 331 2276
412 7577 325 2284
355 6477 323 2386
380 6827 342 2315
394 7198 299 2307
401 7012 345 2289
402 7151 335 2286
405 7461 307 2300
412 7320 335 2276
417 7515 328 2280
417 7532 308 2295
424 7813 307 2297
362 6481 304 2449
387 7047 307 2303
401 7065 337 2281
416 7046 331 2287
418 7308 339 2273
421 7207 327 2284
426 7728 331 2273
353 6473 314 2437
356 6506 314 2435
360 6333 328 2403
364 6379 301 2369
423 7422 341 2272
363 6321 328 2400
380 6610 299 2364
390 6747 319 2314
392 7104 307 2302
400 7154 333 2283
357 6553 304 2449
359 6542 312 2397
370 6466 309 2364
372 6501 305 2362
374 6840 299 2322
382 6613 303 2354
383 6807 319 2312
392 6992 299 2310
363 6309 328 2411
363 6318 328 2403
367 6409 310 2365
369 6479 299 2365
369 6549 309 2352
370 6797 299 2325
347 6260 315 2416
356 6447 323 2402
365 6409 299 2370
367 6707 299 2351
394 7033 346 2279
406 7250 307 2300
415 7373 329 2279
431 7335 309 2298
438 7587 325 2279
445 7782 328 2278
449 7867 383 2266
359 6421 310 2425
360 6589 312 2396
363 6331 299 2380
365 6469 305 2367
368 6553 305 2361
370 6715 299 2334
370 6764 336 2316
372 6758 336 2316
384 7108 307 2312
410 7292 367 2270
418 7343 383 2268
422 7279 339 2279
433 7830 367 2268
347 6356 314 2439
355 6394 315 2415
368 6535 321 2358
396 7297 301 2304
411 7383 383 2268
347 6335 317 2412
359 6360 310 2428
361 6636 304 2342
370 6728 299 2330
376 6828 299 2318
393 7041 351 2271
404 7194 341 2273
411 7464 373 2269
425 7724 347 2270
429 7459 307 2299
432 7805 339 2272
