6 0.363267
552 9502 459 2716
538 9360 447 2727
596 10903 392 2683
560 10154 378 2768
563 10058 386 2705
608 10759 402 2637
646 11492 354 2687
714 12531 406 2627
532 9707 388 2741
543 9669 405 2676
545 9811 403 2724
553 9634 415 2697
557 9849 391 2702
560 9761 382 2760
563 10254 380 2711
575 10699 415 2665
581 10532 403 2638
584 10899 396 2668
601 10728 397 2701
607 10985 373 2700
614 10904 373 2769
616 10988 372 2693
619 10644 407 2613
636 11287 380 2683
653 10883 400 2700
658 11742 354 2686
690 12337 411 2576
