541 6.00757
466 8063 312 2570
489 8757 318 2551
470 7960 325 2548
468 8109 359 2524
473 8065 325 2542
461 8140 349 2508
483 8640 337 2499
455 8208 335 2529
504 8935 314 2562
517 9055 315 2528
449 8354 335 2526
468 8300 348 2503
452 8103 336 2547
478 8149 336 2516
473 8379 358 2497
497 8269 329 2518
441 7791 318 2578
460 8173 336 2510
456 8221 342 2525
468 7975 336 2537
524 9208 370 2472
500 8869 359 2474
459 8038 336 2534
490 8955 328 2485
457 8288 330 2518
474 8728 349 2493
471 8559 359 2493
463 8354 324 2532
488 8503 347 2500
477 8283 359 2495
457 8119 342 2530
489 8746 349 2490
471 8488 330 2502
486 8395 350 2502
482 8528 359 2490
490 8750 348 2489
495 8750 339 2491
514 8929 326 2516
464 7984 366 2515
466 8653 334 2496
448 8268 336 2512
483 8759 327 2512
460 8260 328 2519
499 8542 359 2488
476 8514 341 2497
492 9103 318 2522
495 8659 341 2491
495 8780 337 2491
445 8114 336 2532
471 8573 350 2497
550 9793 322 2513
469 8225 348 2505
477 8593 341 2493
460 8263 334 2513
520 9601 324 2505
484 8408 323 2522
446 8246 333 2538
537 9694 349 2476
459 8414 323 2532
475 8338 338 2503
503 8534 348 2488
537 9601 360 2472
541 9870 315 2525
566 9558 327 2501
450 8179 329 2566
479 8400 326 2520
482 8431 341 2501
521 8838 380 2479
530 9864 341 2476
444 8276 341 2538
463 8041 326 2526
486 8556 358 2483
528 9411 314 2549
460 8043 337 2530
537 9072 349 2477
492 8934 324 2508
535 9462 314 2545
453 8239 325 2535
470 8337 369 2496
478 8810 370 2481
491 8919 318 2542
507 9284 341 2477
471 8420 359 2500
488 8980 350 2484
478 8214 348 2509
471 8241 369 2500
558 9888 312 2541
454 8392 328 2504
462 8235 323 2551
561 10012 326 2496
474 8776 324 2531
544 9748 349 2473
482 8503 350 2491
580 10449 367 2471
483 8527 328 2503
534 9467 359 2473
443 7700 347 2530
454 8098 315 2556
462 8419 319 2534
485 8792 338 2486
501 9132 327 2507
490 8541 360 2480
472 8290 328 2514
556 10037 322 2512
488 8683 328 2494
450 8319 342 2508
492 8792 341 2480
513 8959 318 2527
581 10411 369 2470
475 8438 319 2518
447 8180 324 2551
