26 1.17534
468 8425 357 2616
497 8856 361 2539
527 9488 323 2656
476 8641 384 2596
522 8608 343 2566
585 9764 319 2671
476 8644 342 2627
500 8778 336 2654
554 10108 373 2477
478 8880 367 2590
487 8884 341 2543
510 9285 327 2609
511 9054 382 2489
537 9433 342 2523
539 9240 334 2592
624 11071 333 2503
475 8414 357 2633
502 8692 329 2596
502 9317 357 2539
507 9122 336 2536
517 9087 367 2495
518 9256 328 2560
523 9478 380 2483
524 9731 346 2512
533 9283 339 2529
551 9878 344 2486
557 10479 336 2520
560 10226 320 2655
567 9961 365 2481
572 10459 322 2608
579 10049 323 2647
476 8636 379 2609
480 8616 341 2552
489 8816 372 2520
495 8817 367 2497
500 9098 325 2613
516 8931 349 2521
517 9403 349 2499
518 8896 350 2488
531 9773 331 2550
537 9934 344 2506
542 9546 342 2512
560 10406 326 2559
570 10291 340 2486
572 10479 326 2549
574 9715 362 2453
604 10436 344 2480
608 10549 320 2591
