611 297.32
333 5786 299 2295
333 5792 302 2285
333 5812 308 2282
336 5829 299 2288
341 5910 309 2281
341 5944 307 2284
342 5937 307 2284
343 5873 309 2281
347 5923 305 2279
435 7808 300 2282
438 7807 300 2282
343 6174 305 2283
344 6059 305 2276
347 6056 305 2276
349 6092 305 2273
350 6018 305 2274
350 6023 304 2283
350 6029 304 2275
350 6310 309 2268
351 6005 314 2278
351 6252 309 2269
351 6276 307 2271
351 6276 309 2268
352 6301 321 2266
353 6031 315 2265
353 6033 314 2266
353 6046 321 2262
353 6071 305 2272
356 6090 312 2269
357 6085 310 2269
358 6138 320 2263
359 6145 314 2265
366 5977 331 2268
367 6476 310 2263
368 5948 326 2275
369 5926 331 2272
369 5938 331 2271
369 5941 331 2270
369 5948 343 2265
369 5950 331 2268
369 5967 327 2273
372 6001 332 2265
373 6014 331 2267
373 6031 332 2263
354 6187 337 2246
353 6213 337 2250
356 6262 332 2257
384 6678 308 2267
350 6025 305 2273
374 6687 314 2260
397 6690 305 2271
371 6570 303 2282
381 6657 314 2260
377 6385 309 2267
350 6031 309 2270
376 6627 301 2284
386 6478 307 2268
359 6341 327 2255
373 6402 310 2267
373 6640 321 2254
357 6024 305 2273
364 6385 312 2262
364 6364 313 2265
371 6594 307 2269
362 6295 299 2287
381 6719 305 2270
354 6192 315 2259
360 6390 312 2263
389 6796 304 2274
368 6379 302 2283
389 6629 308 2267
393 6450 321 2254
366 6438 302 2283
417 7290 303 2280
368 6407 309 2266
386 6750 312 2258
364 6342 299 2285
412 7105 304 2272
424 7380 312 2257
344 5758 311 2301
344 5760 307 2310
358 6359 315 2258
360 6226 326 2253
360 6232 326 2243
360 6235 326 2242
361 6078 333 2251
361 6086 331 2260
361 6087 322 2249
361 6090 323 2248
361 6090 326 2242
364 6607 316 2257
365 6161 321 2255
367 6431 332 2237
368 6198 328 2241
368 6597 316 2257
369 6333 322 2247
369 6374 322 2246
369 6517 316 2257
370 6413 332 2237
373 6289 322 2247
374 6430 327 2240
375 6383 327 2241
375 6387 327 2240
376 6362 328 2240
382 6637 322 2245
389 6573 328 2239
392 6560 328 2239
374 6261 331 2238
411 7129 315 2254
413 7095 315 2254
440 7350 334 2234
343 5779 311 2301
425 7544 301 2275
404 7154 321 2252
454 8152 309 2263
421 7157 320 2248
464 8164 307 2267
437 7536 310 2262
428 7490 316 2252
447 7710 304 2271
437 7488 309 2264
418 7177 320 2252
401 7124 314 2256
442 7740 314 2255
389 6862 315 2256
444 7471 315 2253
420 7423 320 2247
406 7209 315 2254
435 7671 315 2253
437 7787 321 2246
421 7562 316 2253
380 6711 321 2253
384 6873 315 2256
393 6985 315 2255
391 7019 315 2255
435 7659 326 2241
358 6383 331 2246
363 6274 333 2236
363 6274 339 2233
371 6434 339 2232
385 6942 364 2222
386 6907 348 2224
386 6922 364 2222
387 6924 380 2220
401 7183 364 2221
433 7116 428 2214
438 7625 323 2244
344 5756 307 2316
430 7376 334 2234
360 6479 332 2236
361 6433 332 2239
361 6455 332 2236
362 6357 332 2239
362 6441 332 2236
366 6427 332 2238
367 6423 332 2238
367 6558 339 2232
373 6423 332 2236
375 6428 340 2231
375 6440 340 2230
375 6476 342 2229
376 6455 346 2227
380 6420 332 2236
386 6531 374 2222
386 6553 380 2221
390 6628 390 2220
392 6693 390 2219
452 7538 326 2241
381 6359 362 2232
381 6385 362 2229
382 6373 362 2229
391 6670 370 2221
391 6782 354 2223
394 6744 386 2219
398 6797 360 2222
399 6722 354 2223
404 6787 392 2218
405 6873 396 2217
394 6871 360 2222
389 6577 366 2222
392 6589 366 2221
392 6598 376 2220
394 6594 376 2220
396 6741 375 2220
397 6767 382 2219
399 6735 382 2219
400 6725 382 2219
400 6886 388 2218
402 6720 382 2219
403 6736 375 2220
404 6897 375 2219
406 6668 406 2218
412 6761 412 2217
416 6740 412 2217
417 6711 412 2217
422 6682 422 2216
424 7158 366 2220
398 6941 396 2218
433 7470 424 2214
393 6876 353 2224
422 6933 422 2215
396 6799 360 2222
356 6227 327 2258
359 6296 327 2257
376 6476 347 2226
376 6480 347 2225
376 6494 358 2223
376 6616 346 2226
378 6499 346 2226
392 6884 348 2224
394 6813 333 2235
396 6719 333 2235
396 6748 354 2223
397 6785 364 2222
401 6949 339 2231
402 6879 339 2231
404 6978 404 2215
405 6994 386 2218
405 7017 394 2216
409 7075 388 2217
439 7130 438 2213
462 7309 454 2211
454 7311 454 2211
455 7918 444 2211
474 8103 355 2222
447 7965 360 2221
458 8257 434 2212
475 8418 382 2218
458 7952 418 2214
463 8105 434 2212
456 7938 454 2210
452 7926 438 2212
475 8133 414 2214
456 8103 418 2214
448 7767 424 2213
479 8337 382 2218
438 7572 438 2213
474 8020 434 2212
442 7479 434 2213
445 7331 444 2212
480 8195 382 2218
