14729 109.636
427 7810 331 2414
406 7389 357 2376
393 7186 339 2398
437 7667 331 2414
396 7255 339 2396
410 7619 327 2416
432 8041 358 2373
460 8482 362 2369
421 7482 357 2374
430 7923 362 2370
397 7284 346 2385
455 8195 368 2368
464 8459 362 2369
426 7718 344 2392
386 7062 336 2407
430 7505 378 2368
435 7711 370 2368
402 6976 345 2400
392 6989 341 2401
396 7217 356 2382
406 7142 334 2409
425 7534 378 2368
381 7052 345 2404
392 7235 357 2377
392 7196 336 2401
414 7295 368 2370
437 8028 327 2415
399 7226 367 2378
427 7621 388 2367
389 7025 336 2408
502 9182 344 2391
387 7122 345 2387
413 7518 334 2404
390 7031 328 2415
401 7224 346 2386
387 7019 351 2385
392 7048 336 2402
394 6979 336 2407
382 7073 351 2388
422 7629 350 2384
383 7181 334 2408
434 8092 340 2395
391 7185 334 2405
450 8342 358 2372
451 8063 350 2383
410 7279 357 2376
385 7146 323 2426
400 7345 333 2412
385 7110 327 2421
398 7176 336 2400
386 7108 356 2384
400 7323 351 2382
397 7343 336 2399
445 8279 333 2407
397 7241 327 2418
377 6881 334 2418
386 6993 356 2390
396 6986 336 2406
399 7405 357 2376
410 7511 344 2393
404 7041 357 2382
402 7470 367 2375
402 7204 325 2424
388 7180 334 2408
429 7310 378 2369
414 7708 350 2384
402 7280 367 2376
387 7070 336 2405
376 6948 334 2410
390 7093 340 2396
390 7053 351 2383
455 8039 350 2383
423 7347 378 2369
430 7990 378 2367
389 7077 328 2422
394 7080 341 2394
395 7173 339 2397
435 7567 368 2369
386 7064 341 2395
411 7516 336 2398
389 7050 341 2407
404 7258 367 2375
434 7836 362 2370
383 6998 351 2392
412 7609 327 2416
421 7760 356 2380
427 7575 367 2373
402 7178 334 2407
407 7306 367 2374
387 6967 356 2394
398 7131 357 2379
384 6993 345 2396
417 7464 334 2404
432 7742 333 2408
409 7491 357 2375
416 7571 378 2369
421 7510 388 2368
390 7182 357 2379
398 7238 333 2414
397 7332 351 2382
418 7741 362 2371
390 7219 336 2400
396 7302 327 2420
403 7207 368 2371
405 7087 351 2382
426 7505 336 2398
412 7547 333 2411
466 8038 388 2366
387 6904 336 2417
398 7083 345 2388
395 7236 356 2381
394 7229 346 2386
383 7082 349 2392
385 6991 345 2393
407 7363 357 2376
393 7110 357 2382
394 7141 336 2401
384 7150 345 2392
412 7246 367 2375
400 7220 336 2399
413 7530 368 2370
425 7674 368 2369
387 7178 336 2402
465 8516 351 2381
390 7001 345 2391
400 7101 336 2401
421 7465 378 2369
417 7465 344 2393
385 7015 356 2385
388 7067 345 2391
