3596 122.089
386 6879 353 2224
383 6784 348 2225
379 6470 302 2284
397 7013 348 2224
405 7261 360 2221
372 6502 302 2276
376 6691 339 2231
393 7068 366 2221
386 6776 360 2222
390 6858 353 2224
381 6832 342 2229
401 6932 309 2263
378 6700 348 2229
396 6926 332 2236
380 6671 339 2231
359 6385 326 2244
382 6771 364 2223
379 6688 354 2226
388 6889 376 2220
376 6768 346 2226
349 6085 315 2266
380 6716 333 2235
394 6836 353 2224
392 6848 353 2224
386 6715 326 2241
357 6218 320 2249
386 6698 353 2228
367 6456 303 2284
389 7079 312 2256
349 6309 315 2259
388 6694 353 2228
382 6727 299 2278
358 6270 322 2245
357 6310 316 2252
385 6767 348 2228
367 6586 346 2233
384 6792 342 2229
390 6744 386 2219
357 6312 320 2248
367 6331 302 2290
380 6725 308 2264
370 6500 333 2236
386 6694 376 2221
414 6953 414 2214
359 6423 305 2269
384 6920 312 2257
355 6424 305 2269
357 6397 304 2277
402 7007 392 2217
362 6562 307 2268
393 6736 370 2221
390 6648 386 2220
351 6227 303 2287
356 6174 303 2287
357 6130 320 2250
406 6926 364 2221
383 6970 312 2257
384 6676 354 2223
400 7151 382 2218
384 6842 347 2225
387 7089 299 2273
397 6919 303 2271
384 6657 354 2227
400 6765 360 2222
350 6233 304 2279
368 6523 303 2278
394 6691 370 2221
368 6523 299 2282
405 6899 388 2217
365 6291 323 2244
357 6125 315 2259
400 7062 376 2219
418 6991 360 2221
384 6669 347 2229
405 7004 364 2221
387 6774 386 2219
381 6760 354 2224
402 6658 376 2221
366 6318 326 2242
412 6840 394 2216
394 6658 386 2219
385 6595 360 2227
384 6736 340 2230
352 6147 315 2259
394 6726 380 2220
397 6772 360 2222
399 7062 366 2220
383 6653 370 2222
406 6725 366 2221
399 6773 366 2221
408 6673 408 2217
370 6283 326 2242
391 6730 376 2220
360 6208 321 2246
393 6713 392 2219
392 6910 301 2273
387 6616 376 2226
374 6516 342 2230
341 6002 304 2282
413 6664 408 2218
415 6812 414 2214
405 6886 404 2215
362 6565 304 2266
404 6675 392 2217
355 6417 304 2275
313 5579 299 2324
383 6758 370 2221
357 6075 315 2260
349 6133 321 2248
397 6654 348 2226
331 5883 304 2292
356 6379 314 2255
369 6563 320 2247
382 6525 378 2229
384 6650 349 2229
424 6820 424 2213
346 6243 305 2277
352 6382 307 2269
356 6300 312 2258
352 6369 305 2273
405 6728 382 2218
404 6746 382 2218
396 6636 384 2222
368 6403 342 2233
396 6780 355 2222
415 6774 388 2217
349 6336 304 2278
397 7014 309 2263
421 6794 414 2214
369 6294 326 2242
363 6377 300 2290
353 6409 305 2270
323 5806 305 2300
406 6768 375 2219
368 6397 342 2234
328 5798 306 2293
360 6273 342 2237
359 6379 304 2276
409 6683 408 2215
323 5798 299 2306
339 5951 303 2291
398 6689 353 2224
322 5808 305 2301
322 5804 306 2296
311 5582 299 2324
384 6567 360 2228
407 6675 382 2218
408 6994 360 2221
343 6099 314 2266
328 5785 305 2300
347 6154 309 2279
383 6627 365 2227
365 6429 307 2265
322 5782 306 2299
359 6239 328 2244
400 6754 375 2220
343 6128 314 2260
391 6505 384 2223
351 6221 315 2253
362 6300 334 2236
365 6337 326 2242
327 5758 306 2296
334 5939 321 2286
404 6725 398 2216
408 6801 366 2220
403 6719 398 2217
327 5810 299 2294
368 6432 303 2285
361 6396 300 2290
349 6112 320 2251
353 6264 321 2246
327 5551 302 2344
330 5901 299 2293
396 6779 375 2220
327 5897 303 2292
312 5605 301 2318
337 6009 304 2282
355 6133 310 2260
400 6840 370 2220
392 6551 374 2227
343 6091 327 2259
322 5810 306 2293
329 5923 299 2292
405 6806 370 2220
315 5603 301 2314
358 6365 327 2242
362 6180 331 2238
362 6237 342 2237
313 5590 299 2321
408 6592 408 2221
342 6095 303 2289
335 5950 304 2289
345 6109 315 2265
324 5518 299 2360
334 5953 307 2281
395 7048 309 2263
342 6157 320 2263
353 6195 320 2250
337 5917 312 2282
379 6736 299 2274
327 5519 299 2354
353 6268 320 2249
367 6406 334 2234
328 5514 299 2363
361 6188 342 2242
398 6947 309 2263
360 6156 348 2235
317 5764 299 2317
315 5600 301 2315
402 6737 382 2219
336 6039 310 2276
400 6720 392 2218
328 5757 300 2308
404 6675 376 2219
355 6091 310 2263
342 6152 320 2264
384 6781 380 2220
396 7004 370 2220
353 6099 315 2261
320 5718 301 2307
394 6634 353 2225
329 5738 306 2296
323 5694 303 2309
313 5615 301 2310
357 6193 331 2243
357 6324 305 2270
337 5965 313 2280
329 5736 306 2302
434 6991 434 2212
391 6557 374 2224
345 6082 327 2259
356 6187 337 2246
333 5860 304 2292
444 7021 444 2211
353 6149 309 2279
313 5615 299 2319
362 6177 342 2242
311 5581 299 2325
319 5754 299 2313
357 6193 337 2242
327 5514 312 2361
320 5749 301 2304
352 6158 315 2253
380 6480 353 2231
350 6211 320 2250
327 5524 299 2347
329 5502 299 2382
362 6285 326 2243
370 6282 342 2233
341 6011 313 2279
355 6121 343 2241
356 6149 337 2247
364 6454 332 2237
404 6668 376 2220
454 7129 454 2210
331 5731 299 2305
377 6576 302 2272
327 5517 299 2363
362 6282 328 2239
311 5596 299 2322
367 6369 327 2241
357 6324 304 2278
390 6885 312 2257
357 6277 326 2245
362 6235 358 2234
324 5546 306 2342
329 5512 299 2373
367 6400 327 2240
391 6535 374 2228
349 6431 314 2255
354 6261 321 2246
329 5496 299 2385
372 6570 302 2275
324 5530 299 2358
337 5841 304 2283
402 6584 398 2222
337 5831 306 2291
373 6585 302 2272
324 5533 299 2348
387 6635 353 2229
335 6029 314 2267
336 6029 310 2280
376 6582 302 2272
327 5514 299 2364
378 6375 364 2230
316 5577 299 2324
343 6010 312 2278
364 6502 303 2282
348 6180 303 2288
337 5807 313 2285
392 6779 312 2256
346 6072 327 2259
367 6440 332 2237
397 6874 396 2218
376 6368 334 2234
402 6856 366 2220
407 6798 388 2217
368 6385 327 2240
337 5842 302 2292
362 6171 343 2240
413 6851 404 2215
363 6251 348 2232
375 6437 358 2231
342 5904 312 2282
395 6600 376 2223
401 6861 382 2218
340 6106 310 2269
366 6336 334 2235
406 6903 394 2216
332 5954 303 2290
378 6495 353 2231
342 5957 320 2278
396 6613 368 2224
319 5667 299 2317
328 5889 305 2289
319 5690 307 2301
366 6406 302 2287
339 6074 310 2272
