3159 94.2898
326 5531 302 2354
325 5527 304 2340
320 5542 299 2367
325 5547 306 2338
323 5498 303 2348
323 5493 313 2353
323 5493 302 2357
325 5497 304 2345
320 5542 303 2358
319 5560 299 2367
324 5559 310 2321
324 5617 310 2317
329 5562 299 2355
323 5516 306 2346
324 5554 303 2329
323 5556 303 2327
324 5591 303 2324
325 5597 303 2322
326 5551 307 2321
324 5635 310 2311
358 5967 332 2262
346 5803 332 2264
326 5556 307 2318
348 5898 333 2259
347 5854 340 2255
324 5512 299 2357
322 5483 299 2359
322 5480 303 2355
319 5549 313 2357
329 5516 299 2356
337 5634 314 2294
322 5480 299 2365
327 5430 321 2296
337 5550 307 2300
415 7245 408 2241
348 5804 334 2260
348 5804 332 2263
354 5926 344 2249
324 5642 311 2306
348 5797 328 2265
326 5422 308 2321
350 5884 340 2250
337 5546 309 2296
329 5470 308 2302
326 5413 309 2320
326 5441 308 2308
350 5883 334 2253
326 5396 309 2340
354 5934 344 2248
326 5400 315 2308
353 5956 344 2248
344 5733 340 2260
337 5661 322 2273
327 5416 316 2299
347 5906 340 2250
326 5395 309 2341
329 5489 315 2289
344 5779 334 2261
326 5421 307 2324
347 5876 340 2252
337 5664 316 2276
329 5509 321 2275
336 5506 321 2276
325 5419 315 2309
328 5483 328 2278
336 5518 321 2274
331 5518 316 2278
329 5515 315 2287
327 5412 316 2302
329 5480 321 2277
327 5464 316 2285
329 5481 316 2280
329 5494 328 2273
325 5417 310 2327
336 5518 324 2272
326 5401 309 2332
336 5527 328 2268
326 5400 310 2311
326 5413 307 2329
327 5475 321 2280
326 5397 315 2313
335 5512 324 2273
337 5569 327 2267
326 5419 315 2300
326 5397 310 2323
346 5657 321 2271
326 5404 307 2345
349 5727 315 2274
329 5480 322 2276
329 5504 328 2271
326 5393 310 2331
326 5393 315 2321
335 5522 328 2269
326 5429 310 2301
328 5507 310 2295
326 5415 310 2302
336 5521 328 2270
336 5520 324 2271
336 5560 334 2263
336 5535 328 2266
345 5674 323 2268
327 5432 316 2291
326 5445 310 2297
327 5450 321 2287
424 7360 418 2238
326 5396 307 2351
327 5425 316 2297
327 5441 316 2290
334 5544 334 2270
326 5405 310 2304
326 5407 307 2343
329 5492 322 2274
327 5458 321 2282
336 5530 324 2269
