3719 300.082
462 8024 454 2210
389 6855 376 2219
385 6870 360 2221
349 6114 304 2266
357 6589 299 2273
390 6962 366 2220
406 6934 406 2216
319 5753 307 2289
391 6883 366 2220
360 6396 332 2237
340 6163 315 2255
337 6078 304 2268
319 5741 307 2292
338 6208 312 2257
402 6999 402 2216
320 5702 310 2294
338 6167 316 2252
398 7127 398 2216
329 5846 309 2265
375 6595 339 2231
360 6308 299 2273
337 6026 310 2262
424 7266 424 2213
401 7094 388 2217
337 6067 309 2264
417 6997 408 2215
415 7020 408 2215
341 6235 312 2256
404 6987 398 2216
342 5920 304 2268
460 8050 454 2210
407 6949 398 2216
408 7036 408 2215
335 5913 312 2259
349 6129 331 2238
404 7138 404 2215
344 5942 327 2240
414 7149 414 2214
339 5955 304 2267
365 6321 342 2229
392 6905 382 2218
335 5906 321 2253
351 6064 320 2247
346 6025 312 2257
338 5917 309 2264
345 6064 323 2244
397 6959 392 2217
436 7870 434 2212
336 5919 320 2254
337 5905 307 2266
334 5824 312 2260
326 5810 310 2266
335 5827 320 2256
358 6190 340 2231
329 5780 307 2269
400 7145 394 2216
408 7141 394 2216
345 6082 320 2250
382 6586 339 2231
336 5858 316 2256
334 5803 321 2257
335 5990 327 2252
329 5844 315 2260
344 6079 323 2244
335 5877 316 2256
363 6293 340 2230
334 5964 327 2253
330 5762 308 2266
408 7069 404 2215
397 6798 382 2218
408 6968 388 2217
383 6662 370 2220
398 6808 392 2217
339 5922 310 2262
333 5717 308 2266
340 5961 309 2263
339 5984 323 2245
344 6011 310 2260
335 5773 315 2258
332 5848 308 2265
339 5940 321 2246
378 6487 370 2221
346 6120 312 2256
330 5822 309 2265
335 5757 321 2257
327 5788 314 2261
327 5801 307 2268
331 5810 309 2265
329 5677 304 2271
372 6490 364 2221
344 6283 304 2266
364 6327 354 2224
327 5833 304 2270
326 5791 314 2261
338 5925 304 2268
437 7562 434 2212
346 6134 307 2265
345 6136 312 2257
345 6306 307 2265
348 6065 322 2245
325 5786 314 2262
335 6002 333 2251
334 5678 304 2270
347 6042 320 2248
377 6569 355 2222
332 5927 321 2256
348 6098 326 2242
329 5812 308 2266
418 6823 412 2215
323 5767 302 2276
355 6167 346 2230
334 5829 314 2257
339 5921 326 2244
341 6042 315 2253
349 6045 339 2234
335 5787 312 2260
444 7513 444 2211
424 6945 418 2214
335 5735 315 2260
442 7492 434 2212
398 6748 376 2219
408 6722 402 2216
343 5874 310 2262
322 5759 314 2268
396 6754 376 2219
337 5679 309 2265
349 6109 326 2241
397 6667 386 2218
339 5948 326 2243
323 5793 308 2272
335 5787 314 2258
343 5945 315 2253
333 5874 299 2274
336 5740 312 2262
324 5692 320 2267
323 5743 310 2271
329 5680 309 2267
330 5678 302 2274
335 5718 312 2263
337 5630 307 2268
331 5642 307 2273
363 6328 348 2224
372 6584 355 2222
327 5787 316 2260
402 6772 396 2217
322 5716 310 2272
323 5743 314 2268
331 5698 307 2268
342 5964 327 2241
398 6677 366 2220
323 5703 310 2272
337 5857 303 2271
338 5747 314 2260
392 6672 386 2218
323 5717 307 2274
382 6688 370 2220
334 5685 321 2260
344 5831 334 2245
337 5778 321 2254
346 5977 310 2260
323 5757 314 2267
327 5753 316 2261
369 6470 360 2222
324 5762 308 2272
346 5782 310 2262
347 5836 312 2256
356 6138 301 2273
359 6134 342 2230
348 5912 316 2252
353 5821 340 2244
331 5640 315 2263
416 6913 388 2217
331 5640 309 2273
340 5780 312 2258
326 5792 316 2260
326 5772 316 2263
352 6163 301 2273
332 5667 308 2267
329 5656 304 2272
350 5980 340 2233
327 5724 314 2262
338 5756 312 2261
350 6068 320 2247
351 6098 307 2265
357 6056 340 2232
331 5694 304 2269
344 5802 314 2257
337 5713 315 2258
337 5775 314 2258
356 6007 346 2230
361 6248 348 2225
369 6381 354 2223
331 5654 304 2272
329 5787 326 2259
358 6001 346 2230
362 6157 340 2231
356 6211 340 2231
364 6358 364 2223
338 5929 302 2272
338 5745 321 2253
356 6154 334 2234
339 5689 312 2261
365 6378 347 2225
325 5746 315 2265
338 5666 316 2257
360 6048 340 2232
382 6363 346 2226
359 6317 299 2273
351 6020 342 2231
338 5761 312 2259
359 6050 340 2232
364 6382 354 2223
333 5906 307 2267
361 6042 340 2232
363 6119 358 2226
335 5934 320 2254
341 5875 302 2272
359 6160 340 2231
351 6058 339 2233
332 5799 303 2272
358 6146 342 2230
327 5703 310 2265
322 5678 308 2273
340 5878 302 2272
349 5882 310 2260
351 5985 331 2238
344 5839 334 2244
342 5984 314 2256
342 5839 328 2245
338 5674 322 2254
321 5619 299 2296
352 6057 340 2232
384 6652 380 2219
380 6442 380 2221
327 5681 308 2267
380 6476 380 2220
347 5990 314 2255
337 5769 315 2256
321 5640 299 2284
337 5818 312 2259
327 5722 314 2264
327 5758 310 2263
351 5999 326 2242
340 5892 307 2266
368 6183 332 2237
337 6043 327 2241
338 5730 315 2256
331 5677 307 2270
338 5692 315 2262
347 5841 315 2255
330 5799 316 2259
329 5610 299 2275
371 6320 332 2236
328 5677 309 2273
359 6184 339 2232
408 6796 398 2216
331 5685 307 2269
370 6385 346 2226
380 6515 355 2222
353 6088 333 2235
325 5745 321 2266
344 5893 328 2239
337 5690 316 2255
338 5769 328 2247
362 6132 346 2227
331 5735 326 2256
331 5755 321 2258
327 5681 307 2270
330 5788 322 2256
341 5778 320 2253
350 5848 340 2243
367 6504 332 2236
338 5691 322 2252
362 6236 332 2237
327 5807 320 2257
329 5645 303 2273
363 6135 340 2231
438 7519 438 2212
338 5773 321 2249
365 6362 364 2222
338 5827 327 2246
334 5941 302 2272
350 5765 309 2264
344 5766 334 2246
335 5758 312 2261
409 6775 392 2217
337 5738 322 2251
345 5957 333 2236
343 5727 312 2259
331 5678 309 2266
338 5785 320 2251
328 5688 310 2264
322 5680 303 2275
358 5825 340 2243
322 5676 314 2270
405 6750 382 2218
327 5720 326 2260
353 5778 315 2255
351 5982 332 2238
343 5874 326 2243
395 6839 375 2219
323 5677 303 2275
349 5791 328 2245
337 5850 307 2267
328 5689 315 2263
338 5841 312 2258
356 6051 346 2228
341 5847 322 2247
343 5681 316 2255
366 6529 332 2236
324 5605 299 2282
344 5979 308 2264
350 6069 342 2232
407 6791 392 2217
386 6647 370 2220
342 5849 333 2243
341 5831 307 2267
360 6018 346 2228
335 5783 321 2254
345 5862 309 2264
345 5960 342 2235
327 5820 326 2254
338 5714 316 2254
329 5704 304 2270
338 5733 322 2248
386 6647 360 2221
360 6187 346 2227
343 5734 320 2251
358 5857 316 2253
324 5642 299 2278
371 6104 340 2231
321 5657 299 2278
321 5618 299 2306
347 5999 334 2235
329 5606 299 2279
352 5834 312 2256
367 6402 346 2226
328 5693 315 2261
336 5673 307 2270
341 5887 326 2244
343 5748 307 2267
338 5695 328 2249
407 6742 382 2218
321 5628 299 2293
328 5811 326 2254
330 5717 326 2259
330 5819 314 2260
338 5653 312 2267
339 5861 328 2240
368 6131 340 2231
347 5998 332 2238
350 6069 339 2233
354 5862 316 2253
