179 10.6873
491 8894 364 2489
528 9484 358 2486
538 9464 364 2483
499 8891 348 2505
506 9047 364 2486
507 8893 364 2489
508 9138 358 2489
509 8783 364 2484
510 9057 358 2490
529 9115 353 2489
532 9331 353 2486
493 8670 363 2490
544 9513 348 2488
515 9156 355 2487
495 8719 353 2491
515 9065 347 2494
474 8066 375 2476
414 7495 351 2497
463 8354 357 2496
400 7242 323 2534
394 7157 323 2537
400 7215 323 2535
402 7206 338 2524
407 7157 323 2534
397 7172 327 2528
404 7164 327 2528
406 7151 338 2524
406 7188 338 2522
407 7176 338 2522
405 7174 323 2534
395 7125 327 2530
473 8537 316 2566
502 8896 323 2533
506 8858 328 2521
509 8939 327 2526
510 9180 328 2516
512 9201 333 2515
513 9013 328 2518
518 8902 328 2520
518 9188 328 2509
533 9497 338 2506
550 9371 327 2521
601 10458 328 2506
484 8530 322 2550
440 7439 328 2525
411 7367 336 2523
462 8246 336 2508
466 7945 336 2512
397 7140 323 2537
402 7186 323 2535
420 7271 338 2507
418 7255 336 2513
418 7279 329 2519
