225 78.0657
361 6205 309 2294
362 6284 301 2303
363 6427 299 2311
364 6308 301 2301
353 5882 299 2318
361 6188 300 2309
370 6427 307 2291
401 6581 307 2286
358 6108 299 2312
416 6724 309 2283
358 6117 303 2306
402 6852 303 2291
412 7028 302 2292
358 6233 300 2307
360 6096 299 2312
391 6732 315 2273
366 6248 307 2292
395 6814 310 2281
397 6772 302 2295
398 6760 316 2271
348 5772 299 2319
355 6170 299 2312
393 6647 307 2287
401 6876 300 2295
406 6975 308 2282
433 7634 302 2286
387 6814 315 2277
411 6759 309 2282
421 7253 302 2287
349 5779 302 2316
347 5784 299 2319
356 6172 303 2301
400 6808 299 2296
410 6797 310 2281
377 6632 315 2279
398 6907 299 2296
417 7009 302 2288
404 7101 303 2286
406 7297 310 2273
438 7642 302 2284
382 6455 299 2298
410 7099 312 2270
354 5976 312 2293
418 7020 312 2269
403 6913 316 2267
410 7063 308 2277
434 7363 314 2267
422 7456 299 2290
417 7330 302 2287
356 6223 306 2297
426 7543 307 2278
407 6974 309 2281
351 5844 309 2297
353 6130 299 2315
356 5913 302 2315
414 7047 316 2266
407 6915 310 2276
433 7346 312 2268
354 6032 309 2296
399 6797 312 2271
401 7072 299 2291
421 7478 303 2283
397 6731 315 2275
407 6871 307 2284
410 7205 304 2279
353 6018 312 2292
414 7037 320 2260
427 7539 308 2276
403 7023 307 2279
356 6122 303 2309
357 6031 309 2296
399 7043 315 2269
419 7132 304 2282
342 5798 320 2282
344 5743 320 2290
344 5752 315 2294
344 5759 315 2291
344 5770 323 2280
347 5814 315 2283
351 5878 322 2275
351 5887 321 2276
354 5876 317 2281
354 6132 307 2297
354 6159 310 2291
356 6158 310 2291
356 6171 307 2296
357 6142 310 2291
358 6196 310 2282
359 6218 307 2293
364 6115 310 2291
375 6240 309 2288
382 6601 342 2246
383 6583 343 2250
384 6557 348 2247
384 6568 342 2250
384 6572 342 2249
384 6574 342 2245
384 6580 348 2244
387 6578 348 2244
388 6696 334 2247
391 6720 356 2238
392 6495 342 2246
392 6708 334 2246
392 6708 354 2243
392 6726 348 2241
394 6478 342 2247
396 6518 334 2247
396 6534 332 2251
396 6537 348 2245
396 6588 364 2243
396 6660 364 2242
397 6517 334 2247
429 7304 321 2258
360 6039 307 2298
395 7057 310 2274
414 6954 328 2253
409 6851 322 2261
411 6884 331 2253
416 7342 309 2275
344 5745 320 2282
355 5895 304 2305
413 6873 326 2256
427 7520 321 2258
456 7166 307 2278
420 7142 315 2265
350 5877 317 2281
399 6852 322 2261
419 7040 309 2275
415 7453 312 2268
427 7431 307 2277
423 6984 322 2256
436 7251 326 2253
360 6047 299 2315
401 6941 310 2275
413 7260 310 2272
420 7075 316 2264
359 6202 300 2306
426 7107 320 2259
431 7304 326 2255
440 7210 307 2278
360 6101 303 2306
394 6860 312 2279
403 7158 315 2268
356 5921 303 2314
396 6826 312 2279
430 6906 320 2264
432 7370 321 2257
432 6905 320 2263
357 6000 302 2311
358 6069 299 2315
396 6625 308 2284
427 7045 331 2252
438 7491 323 2255
422 7124 315 2264
445 7529 327 2252
347 5709 304 2306
356 6033 304 2300
390 6776 317 2276
424 7059 331 2251
400 6743 317 2271
379 6492 299 2298
439 7172 328 2251
441 7342 333 2247
443 6939 301 2294
351 5774 309 2303
364 6153 304 2297
410 6833 333 2248
437 7396 316 2263
366 6021 299 2309
377 6649 309 2286
400 6613 340 2244
438 7533 320 2258
387 6756 317 2277
400 7013 316 2267
420 7078 331 2252
347 5998 314 2301
362 5991 304 2300
399 6628 340 2244
397 6575 348 2242
423 7163 332 2249
357 5716 299 2325
394 6967 310 2281
397 6812 312 2278
419 7129 331 2251
345 5776 320 2277
391 6809 307 2286
411 6700 315 2272
347 5709 303 2315
352 5762 307 2305
416 7059 332 2250
423 7065 331 2251
434 7052 310 2274
444 6889 301 2294
444 7488 320 2258
365 6154 300 2311
371 6164 302 2306
372 6149 304 2297
419 6783 322 2263
410 6761 312 2274
439 7702 310 2271
351 5802 312 2299
360 5978 309 2296
365 5981 299 2314
412 7343 323 2258
432 7142 310 2273
349 5982 306 2305
379 6545 301 2296
425 7347 326 2254
450 7838 316 2262
342 5877 309 2308
382 6438 301 2296
428 7027 331 2251
417 7186 315 2265
363 6037 309 2293
392 6480 331 2254
342 5826 303 2315
364 6027 299 2314
365 6100 309 2292
342 5879 307 2309
349 5946 303 2311
431 7127 304 2284
431 6979 315 2267
342 5796 306 2310
360 6056 299 2314
405 6770 340 2243
362 6011 307 2298
369 6189 304 2296
372 6352 322 2265
402 6804 306 2287
419 6813 331 2253
441 7680 310 2271
349 5830 307 2299
435 7185 328 2250
416 7042 315 2266
385 6607 314 2280
409 6745 340 2243
348 5900 312 2295
376 6458 318 2273
366 6251 301 2297
384 6304 318 2275
421 7221 328 2251
350 5835 326 2261
351 5824 326 2268
351 5826 326 2261
352 5754 314 2285
354 5787 314 2283
354 5847 327 2258
354 5847 334 2254
355 5749 314 2285
355 5757 314 2284
355 5762 312 2286
355 5764 314 2283
357 5787 317 2279
357 5793 326 2266
357 5797 321 2275
357 5817 326 2265
357 5837 321 2274
358 5893 327 2257
359 5783 321 2274
359 5783 326 2265
359 5785 321 2273
359 5785 326 2264
359 5842 320 2275
359 5993 321 2267
360 6141 348 2251
361 5878 321 2270
361 5884 320 2274
361 6211 338 2252
363 5808 327 2263
363 5818 327 2262
363 5839 327 2258
363 5857 315 2282
365 6088 333 2256
367 5942 321 2269
367 5942 326 2260
367 6005 320 2273
367 6036 317 2278
367 6201 305 2294
367 6276 348 2250
368 6079 333 2256
370 6372 364 2249
372 6253 306 2288
376 6182 322 2264
376 6437 305 2293
378 6616 348 2249
379 6254 332 2254
379 6254 348 2249
379 6430 305 2293
380 6252 332 2254
380 6252 334 2251
380 6252 348 2249
382 6405 353 2247
382 6581 348 2248
383 6349 353 2247
387 6392 348 2246
390 6358 338 2250
390 6638 305 2289
401 6674 342 2241
401 6679 354 2239
403 6630 354 2240
405 6623 354 2240
406 6607 342 2242
406 6607 354 2240
407 6603 354 2240
407 6630 357 2239
407 6796 354 2238
408 6597 354 2240
412 6668 354 2237
418 6888 362 2234
418 7000 353 2240
443 7240 354 2236
343 5807 307 2305
389 6419 315 2279
402 6746 323 2259
