2511 132.324
344 6129 301 2275
356 6258 307 2266
357 6151 332 2236
373 6798 315 2253
350 6319 301 2273
380 6648 355 2222
347 6121 307 2271
361 6260 323 2245
334 5971 308 2282
357 6197 346 2228
354 6403 299 2273
340 6130 299 2275
369 6319 322 2245
347 6007 310 2268
378 6657 354 2223
341 5882 323 2250
337 6097 303 2272
343 5959 323 2249
341 6187 309 2269
357 6166 353 2229
340 6192 309 2269
408 6912 408 2215
343 6198 302 2272
424 7214 424 2213
359 6282 331 2238
351 6079 323 2248
377 6672 315 2253
360 6269 331 2238
353 6070 320 2249
346 6315 303 2271
345 6328 303 2271
367 6332 322 2245
346 6140 312 2260
346 6124 312 2264
349 6160 304 2268
352 6150 304 2268
337 6087 307 2272
362 6273 323 2244
340 6128 308 2270
347 6081 299 2275
334 6045 308 2271
375 6228 354 2224
346 6010 310 2266
333 6034 299 2277
345 6195 304 2268
398 6635 382 2218
367 6436 312 2256
341 6137 307 2271
381 6421 376 2219
351 6174 340 2232
342 6137 309 2268
351 6099 310 2265
400 6678 375 2219
379 6539 354 2223
351 6013 320 2250
364 6272 327 2240
386 6519 366 2220
416 6980 394 2216
334 6023 302 2274
365 6210 348 2225
356 6252 328 2239
334 6052 299 2276
355 6215 348 2229
346 6252 299 2274
403 6711 402 2216
352 6014 331 2239
395 6652 392 2217
471 7646 454 2210
397 6593 392 2217
338 5811 323 2251
357 6329 307 2265
379 6230 346 2226
349 6025 309 2272
351 6115 310 2263
347 5947 333 2239
387 6476 386 2218
335 5759 323 2267
347 6248 303 2271
343 5806 326 2249
339 5958 307 2276
384 6642 315 2253
333 5872 307 2289
341 5937 307 2273
389 6372 354 2223
341 6126 310 2267
357 6085 339 2232
396 6717 388 2217
367 6234 323 2245
414 7156 394 2216
357 6174 310 2262
373 6257 354 2224
359 6401 310 2260
457 7724 454 2210
329 5680 299 2300
377 6331 370 2220
362 6107 348 2226
353 6285 307 2266
350 5961 332 2237
381 6373 354 2223
328 5744 316 2270
354 6019 339 2233
343 6135 304 2269
346 6264 310 2261
342 5855 323 2250
343 6151 307 2267
354 5899 332 2237
318 5688 299 2308
344 5755 331 2247
387 6399 386 2219
330 5815 316 2266
349 6163 340 2237
444 7297 444 2211
345 6048 302 2272
355 6288 304 2266
332 5947 320 2263
335 5963 299 2286
348 6120 307 2267
368 6302 347 2225
330 5722 299 2295
349 5861 315 2256
357 6053 340 2230
351 6097 308 2268
329 5734 315 2277
344 6161 308 2265
329 5764 309 2285
360 6162 301 2273
349 6118 308 2268
335 5982 299 2277
326 5754 299 2295
365 6249 339 2231
346 6252 309 2263
323 5697 303 2298
328 5693 299 2298
371 6272 360 2221
361 6087 346 2227
335 5771 315 2268
337 5860 308 2288
323 5700 303 2296
340 6046 302 2273
335 5973 307 2276
375 6233 346 2226
369 6181 348 2225
347 6206 310 2261
349 5852 315 2259
335 5971 310 2278
334 5828 307 2290
357 6089 308 2268
419 7068 404 2215
348 5927 307 2287
366 6084 342 2229
372 6390 354 2224
323 5708 307 2293
334 6086 302 2273
358 6138 316 2252
332 5760 309 2286
328 5738 308 2289
330 5704 315 2285
332 5780 316 2266
335 5959 299 2287
335 5971 305 2284
336 5780 323 2255
338 6064 302 2273
343 5897 326 2241
362 6047 348 2229
334 5995 299 2278
335 5981 302 2282
323 5664 309 2294
330 5676 303 2297
339 5809 299 2294
353 6003 299 2275
338 5881 307 2288
362 5870 332 2242
351 5881 333 2240
335 6073 302 2273
344 5735 323 2251
345 5726 331 2247
341 5792 299 2294
346 6026 302 2272
358 6271 314 2255
395 6677 382 2218
351 5936 332 2237
338 5794 307 2289
336 5844 323 2251
334 5802 317 2264
330 5726 316 2270
335 5957 310 2284
336 5862 326 2248
395 6772 388 2217
366 6442 354 2224
330 5745 315 2269
335 5888 308 2288
363 6425 320 2247
334 5816 323 2252
350 6015 299 2275
351 5904 307 2287
384 6666 366 2220
337 5923 299 2294
327 5690 303 2293
346 5821 331 2244
345 6030 308 2269
364 6290 315 2254
382 6344 358 2223
342 5799 323 2254
348 5994 312 2257
365 6231 315 2254
333 5721 315 2275
434 7042 434 2212
330 5714 315 2278
335 5973 310 2275
333 5811 316 2258
339 5977 299 2277
328 5784 303 2291
420 7017 414 2214
342 5853 326 2247
336 5826 315 2264
399 6723 398 2216
336 5767 320 2263
352 5905 332 2237
334 5770 316 2266
349 5903 332 2238
351 6052 315 2255
381 6216 346 2226
350 5893 334 2234
369 6263 346 2226
323 5662 309 2299
355 6177 340 2231
359 6297 346 2226
323 5726 303 2292
327 5706 307 2291
335 5982 302 2274
393 6754 375 2219
409 6584 398 2216
358 6051 348 2229
348 6174 304 2267
363 6254 342 2229
363 6296 346 2226
374 6243 364 2224
358 6148 320 2248
359 6005 340 2230
330 5667 299 2306
331 5712 303 2291
319 5634 299 2307
327 5710 309 2287
323 5701 309 2290
383 6341 358 2223
424 6847 418 2214
336 5718 323 2257
330 5723 315 2275
345 5969 310 2272
350 5986 333 2236
430 7122 424 2213
342 5970 310 2272
356 6017 333 2235
358 6142 346 2227
326 5694 299 2300
338 5811 315 2264
344 5866 316 2253
349 5764 332 2245
350 6319 307 2266
408 7134 404 2215
328 5688 299 2305
344 6222 308 2264
381 6371 358 2223
332 5791 311 2281
414 6782 408 2215
355 6127 321 2246
379 6308 348 2224
334 5760 311 2277
344 5876 315 2257
356 5954 340 2231
344 5831 332 2245
348 5989 312 2262
349 5871 331 2243
332 5780 315 2268
346 5878 326 2242
337 5899 303 2290
345 5692 331 2250
409 7132 404 2215
340 5761 307 2289
349 5882 331 2240
322 5700 299 2302
375 6349 348 2224
