123 8.0315
332 5828 213 2036
315 5648 242 1975
317 5606 225 2022
318 5674 225 2015
321 5693 228 1995
370 6435 208 1986
334 6089 217 1979
355 6153 208 1988
315 5727 226 1982
318 5619 221 2021
340 5964 212 1999
339 6000 213 1978
345 6217 227 1948
353 6316 228 1933
312 5339 244 2002
321 5590 221 2018
402 7000 213 1962
316 5621 241 1987
327 5903 219 1991
329 6078 218 1992
330 5827 218 1999
380 6998 210 1981
314 5668 242 1982
320 5647 235 1965
324 5665 216 2018
331 5795 218 1962
332 5964 228 1947
395 6790 218 1947
432 6995 213 1952
312 5311 239 2005
326 5507 218 2028
315 5607 222 2021
326 5515 244 1998
334 5944 219 1949
337 6004 218 1960
340 5705 227 1988
359 6254 210 1984
360 6116 232 1935
366 6433 228 1930
370 6273 242 1924
380 6128 218 1957
382 6723 214 1954
393 7286 219 1948
475 8121 219 1932
306 5525 241 2006
310 5603 232 1988
315 5736 232 1974
330 5609 216 2023
346 5996 212 1986
352 6354 275 1929
377 6257 220 1943
378 6560 208 1983
384 6303 217 1958
423 7031 252 1916
306 5492 241 2017
315 5590 232 1998
327 5878 222 1977
337 6064 211 1984
347 6180 217 1972
351 6080 210 1996
364 5927 212 1963
377 6063 232 1933
377 6634 256 1921
398 6604 260 1915
412 6838 256 1919
313 5547 242 1999
314 5651 251 1975
315 5622 221 2016
317 5556 225 2025
322 5597 228 2016
323 5849 218 2040
326 5561 249 1990
332 5930 215 1991
332 6015 228 1945
334 5898 210 2002
335 5768 224 2015
356 6306 228 1933
357 6301 222 1943
359 6054 242 1927
363 6284 233 1925
363 6295 223 1948
364 6335 227 1938
399 7236 204 1980
400 7125 214 1942
411 6848 218 1946
302 5445 221 2027
318 5708 242 1972
319 5758 227 1969
325 5621 231 1974
327 5603 224 2017
328 5822 219 1952
329 5704 232 1967
331 5337 218 2018
334 5712 233 1930
340 5763 224 1997
341 5919 213 1985
358 6197 217 1968
358 6235 214 1959
362 6317 216 1955
363 6387 227 1938
365 6223 221 1945
373 6298 220 1945
373 6410 228 1928
386 6751 241 1920
388 6705 218 1950
391 6416 223 1938
399 6913 220 1926
408 6898 252 1918
