6 3.68776
463 8360 312 2376
439 7715 330 2404
443 7937 310 2399
460 8337 304 2441
468 7896 302 2490
396 7150 313 2485
401 7411 361 2479
414 7628 371 2474
415 7657 365 2464
417 7553 359 2460
418 7669 359 2458
422 7848 330 2421
425 7457 328 2442
438 7787 305 2402
440 7958 325 2368
441 7653 397 2423
443 7691 378 2415
446 8089 310 2377
446 8091 336 2367
448 7937 330 2366
449 8226 320 2330
451 8221 315 2368
454 7718 323 2402
454 8190 336 2362
462 8112 314 2326
462 8522 304 2434
464 8386 303 2425
468 7891 302 2504
472 8558 298 2397
475 8503 351 2325
476 8507 309 2359
477 8679 303 2345
484 8491 294 2373
485 8376 304 2424
488 8296 298 2486
491 8407 278 2438
494 8967 293 2417
496 8625 287 2428
498 8883 293 2417
504 9024 293 2414
510 8734 289 2411
510 8810 342 2322
521 8911 287 2420
569 10161 411 2311
