11 0.13658
504 9143 381 2598
508 9214 412 2477
518 9330 400 2529
519 9465 381 2488
526 9349 387 2508
532 9182 404 2509
587 10752 338 2552
590 10170 336 2511
595 10491 366 2510
597 10537 405 2437
508 9074 356 2617
516 9342 389 2566
530 9288 378 2576
535 9867 368 2587
538 9415 374 2550
545 9311 367 2576
545 9535 330 2582
556 9986 342 2529
558 10063 329 2566
559 9956 367 2514
586 10967 380 2426
695 12396 343 2508
538 9560 372 2461
539 9670 351 2534
575 9697 331 2575
557 9474 373 2558
505 8745 378 2578
534 9787 372 2523
542 9632 343 2522
556 9977 404 2456
619 11322 356 2479
499 8897 419 2489
581 9610 374 2454
531 9467 374 2611
