56 3.70484
351 6199 249 2070
410 7338 237 2033
388 6899 240 2047
371 6431 246 2095
374 6832 233 2075
378 6557 234 2068
392 7113 249 2046
395 7138 232 2081
415 7095 250 2041
361 6528 236 2182
382 6758 251 2061
399 7085 225 2060
411 7472 250 2030
431 7580 250 2028
448 7857 222 2087
368 6297 233 2126
379 6663 230 2105
383 6424 246 2065
383 7001 258 2042
384 6432 250 2059
388 6500 239 2109
389 6869 240 2047
391 6991 254 2039
394 7115 237 2049
398 6892 256 2023
401 7112 249 2035
424 7196 237 2039
440 7795 253 2023
463 8178 223 2083
343 6142 252 2118
356 6367 254 2059
357 6509 239 2074
360 6484 242 2063
368 6567 269 2056
377 6701 236 2095
378 6839 261 2020
385 6720 267 2035
385 7119 240 2035
390 7174 260 2032
391 6331 275 2030
394 6972 234 2053
395 6907 237 2059
396 7300 228 2080
413 7327 239 2032
417 7592 250 2028
439 7238 234 2039
441 7618 250 2019
446 7915 240 2030
