95 6.2465
340 6108 239 1990
314 5710 234 2072
313 5716 234 2083
329 5856 218 2034
329 5929 226 2008
356 6008 220 2028
379 6467 244 1944
331 5834 218 2034
354 6329 237 1971
345 6001 221 2004
367 6303 276 1925
373 6877 212 2023
394 7031 212 2004
325 5794 247 2003
333 5621 240 2018
345 6409 224 1989
374 6689 218 1996
377 6655 224 1971
389 6724 217 1992
405 7096 217 1983
344 6108 262 1940
355 5999 241 1961
358 5982 223 2024
360 6544 264 1923
385 6931 249 1939
342 5835 225 2017
344 6353 238 1969
347 5985 230 1974
356 6191 239 1969
362 6333 254 1943
379 6529 237 1951
389 6683 244 1940
390 6687 232 1960
397 6997 228 1961
400 6756 215 2001
320 5694 247 2006
340 6164 219 1990
345 6220 216 2036
356 6453 218 1999
359 6674 228 1970
361 6271 235 1969
371 6812 240 1951
372 6404 242 1948
375 6650 219 1978
418 7546 216 1982
319 5789 249 2071
323 5776 261 2000
336 5949 224 1993
341 5897 236 1986
344 6108 234 1986
367 6348 258 1936
370 6792 225 1982
385 6963 215 1986
392 6948 234 1942
405 7332 220 1974
333 6068 224 2028
345 5992 221 2014
366 6265 240 1954
374 6614 216 2004
384 6786 239 1945
388 6582 261 1933
405 7393 250 1935
417 7478 240 1917
320 5809 222 2069
345 6109 240 1966
350 5963 239 1979
353 6318 238 1960
356 6445 218 2009
356 6458 216 2014
356 6523 251 1955
358 6336 242 1953
365 6354 228 1985
372 6178 218 2008
379 6937 256 1923
380 6710 260 1931
390 6646 217 1992
395 7417 248 1939
412 7046 224 1961
445 7994 210 2013
325 5891 244 2008
331 5447 258 2045
345 6110 235 1975
346 6122 214 2052
357 6506 251 1934
360 6281 240 1954
361 6335 253 1950
367 6378 262 1932
367 6600 250 1944
369 6266 228 1963
369 6634 239 1959
373 6790 218 1976
375 6425 268 1928
377 6465 233 1955
384 7077 210 2014
394 6586 222 1981
395 7014 237 1941
403 7448 240 1940
406 6942 239 1937
409 7092 228 1952
427 7584 233 1947
433 7806 236 1932
321 5716 218 2036
329 5780 234 2011
330 5916 259 2002
332 5794 252 1951
333 5773 265 2002
335 5576 223 2026
337 5927 225 2016
338 5565 257 2058
342 6048 245 1970
348 6049 258 1938
349 6243 208 2025
355 6218 239 1960
357 6494 229 1961
358 6234 270 1936
364 6407 262 1932
369 6706 229 1953
370 6340 244 1951
371 6337 268 1933
371 6603 224 1977
374 6411 213 2008
375 6680 220 1977
376 6668 239 1957
378 6538 215 2004
380 6641 216 2001
381 6680 236 1951
384 6753 242 1945
384 6994 250 1943
389 6705 238 1942
389 6989 222 1969
395 6946 211 2024
398 6810 226 1964
412 7511 237 1936
440 7652 229 1943
