3 0.104509
513 8936 357 2459
572 10380 357 2436
440 7906 394 2450
442 7961 370 2442
459 8262 359 2516
465 8558 345 2537
491 8737 361 2466
503 9319 323 2516
524 9579 354 2444
530 9501 326 2464
540 9942 321 2462
549 9972 318 2485
592 10968 308 2526
431 7774 383 2456
464 8443 383 2435
470 8473 326 2523
473 8367 363 2513
475 8489 366 2493
477 8155 350 2626
478 8306 366 2493
481 8713 326 2513
487 8779 369 2451
489 8499 340 2519
497 8867 361 2459
500 8902 333 2480
501 8625 356 2494
507 9217 361 2449
512 9167 343 2446
515 9002 350 2466
525 9461 337 2467
558 9845 380 2430
