792 14.3949
247 4464 231 2117
247 4470 231 2115
247 4421 230 2135
247 4428 224 2142
248 4495 246 2100
246 4420 226 2136
246 4437 246 2104
246 4404 232 2129
246 4392 232 2131
247 4410 237 2125
247 4403 241 2124
246 4405 241 2108
246 4385 243 2126
248 4392 232 2128
244 4385 232 2136
246 4392 237 2130
248 4400 237 2118
248 4400 227 2119
270 4612 216 2074
246 4426 221 2149
258 4417 216 2092
250 4371 221 2068
262 4520 226 2041
258 4439 216 2085
260 4424 216 2085
250 4387 241 2050
250 4382 226 2060
257 4460 221 2051
250 4373 236 2054
251 4385 231 2047
249 4357 231 2085
250 4374 236 2052
250 4388 241 2046
251 4376 226 2053
250 4371 226 2063
252 4399 231 2045
251 4362 226 2058
249 4369 236 2059
252 4374 221 2058
250 4384 221 2059
262 4534 226 2032
255 4423 221 2055
275 4582 231 2019
260 4500 221 2048
250 4376 241 2051
257 4498 226 2046
252 4400 227 2051
287 4968 230 2010
263 4446 226 2041
251 4365 226 2055
249 4380 236 2054
251 4382 231 2052
251 4453 246 2040
253 4450 236 2034
251 4353 221 2061
258 4374 222 2051
262 4529 246 2014
256 4512 246 2017
262 4462 231 2021
250 4348 236 2063
252 4356 221 2059
260 4401 231 2040
251 4361 236 2051
255 4453 231 2026
263 4595 231 2013
266 4611 227 2014
254 4462 246 2022
262 4440 227 2030
250 4356 236 2057
262 4564 236 2008
257 4363 226 2052
255 4402 236 2041
264 4480 221 2042
260 4373 222 2051
258 4411 237 2035
262 4530 236 2011
262 4494 246 2015
252 4361 231 2049
257 4340 221 2065
252 4410 231 2044
255 4442 236 2022
251 4333 221 2070
254 4487 246 2019
255 4425 231 2028
257 4341 221 2058
258 4407 227 2036
263 4516 246 2014
258 4406 221 2051
251 4342 221 2064
258 4369 231 2041
265 4617 236 2002
273 4626 231 2007
251 4332 226 2063
272 4662 246 2001
311 5523 279 1992
257 4354 221 2055
261 4408 221 2043
266 4651 221 2016
320 5545 269 1987
256 4331 226 2060
257 4339 226 2055
266 4456 226 2037
268 4474 231 2020
262 4557 246 2006
272 4702 256 2000
262 4508 236 2015
249 4394 236 2052
250 4350 231 2060
251 4336 226 2060
258 4359 221 2053
257 4348 231 2049
252 4333 226 2060
258 4406 237 2037
252 4363 231 2046
262 4450 236 2017
320 5557 279 1983
262 4435 236 2019
262 4545 236 2009
288 4988 231 2000
257 4422 231 2028
280 4838 256 1993
252 4424 241 2027
256 4449 227 2033
254 4396 241 2036
255 4427 236 2024
258 4355 226 2047
262 4570 236 2004
273 4723 256 1997
263 4567 236 2006
251 4341 231 2054
260 4533 236 2016
265 4567 236 2004
260 4445 231 2023
260 4544 236 2014
249 4372 221 2065
