4318 124.222
266 4758 228 2011
265 4694 231 2011
264 4670 228 2016
265 4709 228 2014
266 4707 229 2013
263 4692 228 2016
306 5325 249 1909
265 4715 222 2016
298 5069 249 1911
312 5130 248 1913
300 5065 245 1916
318 5389 244 1912
304 5234 244 1915
266 4710 222 2013
316 5187 253 1910
298 5064 244 1917
319 5105 248 1913
299 5060 244 1917
296 5090 260 1916
312 5118 254 1910
289 5015 255 1922
292 5066 260 1919
316 5041 248 1919
265 4734 222 2013
266 4716 231 2008
292 5025 269 1921
309 5050 248 1919
312 5303 253 1907
317 5286 253 1904
305 5319 253 1907
316 5671 260 1903
338 5429 257 1890
330 5451 257 1890
320 5424 246 1908
334 5504 264 1885
335 5498 260 1884
322 5470 246 1902
334 5485 257 1887
337 5434 257 1890
326 5627 250 1891
335 5486 260 1886
326 5611 250 1893
338 5541 250 1888
329 5625 250 1891
328 5623 257 1892
328 5582 250 1893
333 5489 260 1886
320 5437 260 1889
334 5491 246 1894
313 5338 270 1893
331 5457 244 1896
329 5425 243 1901
323 5391 248 1899
318 5342 260 1892
332 5203 243 1907
339 5565 248 1889
326 5466 248 1898
341 5536 249 1889
332 5356 246 1896
333 5483 248 1893
332 5395 244 1896
330 5510 246 1896
333 5336 246 1896
328 5280 244 1898
320 5309 257 1898
348 5791 241 1890
336 5360 248 1895
324 5300 240 1905
351 5774 241 1890
317 5349 257 1898
322 5329 239 1908
316 5363 252 1907
316 5308 249 1910
327 5372 240 1903
330 5445 254 1896
329 5311 240 1903
314 5324 252 1909
320 5380 254 1898
317 5416 254 1898
320 5438 252 1904
328 5370 239 1904
328 5315 240 1902
340 5580 260 1877
342 5569 260 1877
347 5732 250 1882
339 5616 260 1882
346 5591 255 1883
346 5712 250 1884
343 5533 250 1890
356 5760 240 1887
341 5549 235 1891
344 5612 232 1897
339 5517 244 1894
348 5779 270 1876
350 5760 270 1876
364 5568 225 1901
364 5548 225 1904
333 5607 230 1903
343 5641 230 1892
344 5619 230 1892
342 5634 225 1901
341 5616 230 1894
342 5636 225 1900
346 5601 225 1899
345 5713 279 1873
358 5920 260 1874
358 5655 227 1895
358 5969 270 1873
361 5936 270 1873
347 5444 227 1897
349 5414 227 1897
355 5655 230 1889
331 5290 223 1906
355 5887 269 1876
331 5250 236 1899
331 5252 231 1905
362 5969 232 1887
349 5770 279 1871
337 5379 241 1895
331 5246 236 1902
351 5684 223 1905
328 5314 236 1913
350 5758 279 1871
330 5300 236 1902
335 5399 236 1897
344 5694 290 1873
364 5911 232 1884
345 5714 290 1871
333 5631 279 1874
329 5241 245 1902
378 6351 269 1872
325 5232 245 1910
372 6323 255 1877
377 6292 249 1874
362 5921 235 1883
352 5773 240 1880
334 5766 214 1916
384 6193 232 1878
366 5878 235 1883
316 5450 294 1885
328 5427 224 1910
317 5471 283 1885
337 5555 214 1916
337 5555 210 1921
398 6614 241 1873
335 5440 209 1927
375 6046 240 1875
375 6021 237 1880
344 5722 216 1907
370 5903 230 1883
350 5787 270 1874
312 5380 278 1891
309 5316 268 1895
347 5906 270 1874
311 5355 278 1894
347 5874 270 1876
361 5942 240 1878
317 5553 294 1883
362 5927 235 1882
393 6219 228 1885
330 5520 270 1879
323 5444 209 1927
318 5374 223 1916
323 5375 213 1923
318 5372 219 1918
334 5545 260 1884
307 5464 273 1897
309 5545 278 1891
349 5794 249 1880
369 5865 225 1898
319 5358 214 1918
327 5328 216 1921
335 5587 214 1915
318 5377 214 1918
306 5405 263 1901
323 5436 210 1923
314 5453 258 1904
333 5590 215 1910
373 5922 225 1888
329 5324 216 1915
331 5314 215 1921
335 5541 212 1917
319 5312 258 1895
330 5467 255 1890
320 5473 215 1912
365 5932 230 1885
332 5625 220 1906
341 5327 215 1919
366 5929 230 1885
326 5505 220 1909
322 5391 215 1912
331 5486 254 1890
328 5504 220 1909
329 5457 250 1895
322 5363 258 1887
307 5006 205 1933
333 5550 255 1889
321 5517 253 1898
329 5472 255 1892
318 5343 276 1880
317 5534 255 1895
318 5338 266 1885
328 5547 266 1884
318 5344 261 1891
309 5375 291 1892
331 5660 290 1874
321 5617 271 1884
332 5607 290 1874
306 5443 291 1892
364 5893 223 1900
310 5080 209 1929
355 5871 225 1889
303 5162 208 1936
307 5174 208 1931
362 5900 223 1894
314 5211 271 1886
323 5440 253 1898
372 6039 225 1888
347 5917 220 1902
302 5014 211 1932
360 5760 220 1903
305 5054 210 1927
322 5483 253 1898
367 5954 220 1899
300 4890 205 1947
310 5204 267 1900
292 5206 270 1907
308 5164 271 1897
335 5637 264 1881
362 5845 220 1901
336 5608 264 1881
321 5464 229 1911
336 5523 234 1901
319 5372 224 1913
335 5531 229 1903
322 5424 229 1906
325 5423 229 1906
283 4602 205 1959
299 4594 205 1959
325 5400 271 1883
305 5267 280 1896
321 5280 219 1918
281 4571 205 1967
282 4680 220 1943
294 4759 205 1950
302 5147 264 1902
300 5171 265 1907
300 4793 208 1947
300 5107 275 1902
285 4711 213 1942
293 4760 205 1950
292 4830 214 1936
285 4712 214 1940
289 4782 205 1950
277 4717 220 1941
291 4773 205 1950
301 5171 254 1907
279 4520 210 1973
304 4992 209 1933
336 5556 260 1883
286 4897 220 1935
299 4996 209 1933
336 5574 265 1877
310 5283 269 1896
300 4830 205 1948
294 4878 214 1933
279 4582 205 1967
279 4593 209 1944
339 5623 255 1882
290 4795 213 1941
292 4948 208 1946
299 4922 209 1935
302 5103 259 1908
289 4895 209 1940
294 4896 205 1948
299 5000 254 1914
290 4904 214 1927
288 4814 223 1929
321 5474 276 1877
271 4579 220 1947
289 4738 218 1937
339 5612 255 1884
290 4797 223 1929
336 5575 255 1885
272 4664 225 1944
290 4767 218 1935
278 4617 209 1949
277 4670 220 1945
286 4795 209 1942
287 4769 209 1942
342 5628 254 1886
320 5464 254 1893
269 4613 220 1947
287 4706 205 1955
313 5524 254 1904
287 4931 236 1932
292 4890 214 1927
267 4570 215 1953
320 5440 249 1899
288 4865 220 1923
267 4552 212 1954
288 4703 205 1955
293 4769 211 1940
298 4900 220 1920
267 4552 209 1957
279 4548 207 1950
315 5082 220 1917
278 4525 211 1953
318 5069 220 1917
269 4547 212 1964
279 4577 213 1948
288 4798 213 1941
333 5589 264 1885
271 4591 209 1954
298 4866 214 1922
288 4774 218 1935
279 4592 208 1948
270 4575 220 1949
293 4831 207 1943
291 4815 209 1937
275 4524 220 1966
269 4557 212 1952
267 4535 216 1959
267 4549 209 1959
269 4559 212 1950
287 4730 220 1938
309 5135 208 1931
272 4606 214 1946
269 4532 220 1966
270 4545 209 1955
286 4747 205 1955
327 5032 228 1914
307 5098 210 1925
282 4630 204 1958
