2535 65.9316
307 5413 216 1913
300 5337 224 1913
317 5884 216 1891
337 5997 224 1870
319 5524 216 1895
282 5035 211 1970
293 4968 208 1967
340 6027 224 1868
338 6162 212 1888
325 5611 228 1863
320 5729 215 1896
322 5653 226 1864
325 5739 221 1884
323 5740 221 1879
321 5618 228 1861
318 5573 216 1902
368 6329 205 1911
307 5306 221 1909
304 5262 221 1915
247 4546 215 2073
247 4548 212 2072
331 5948 208 1907
307 5275 224 1903
312 5239 221 1916
253 4558 211 2071
284 4898 239 1897
297 5088 227 1908
306 5397 221 1912
317 5453 231 1865
248 4465 212 2095
317 5540 227 1876
280 5075 222 1936
302 5226 225 1911
314 5471 231 1870
343 5976 209 1897
314 5482 230 1870
293 5104 222 1926
281 4950 227 1917
292 4980 230 1895
248 4454 217 2095
279 4936 223 1919
315 5479 214 1906
324 5733 210 1894
292 4970 239 1890
277 4828 243 1919
315 5458 213 1909
295 5088 239 1882
314 5497 235 1863
290 5084 240 1893
298 5079 234 1892
318 5452 214 1907
313 5402 215 1908
275 4866 232 1919
272 4876 232 1930
247 4552 220 2060
302 5197 239 1880
274 4792 246 1940
274 4844 232 1921
274 4832 232 1924
316 5453 214 1903
330 5665 227 1862
342 6046 212 1885
275 4863 227 1934
279 4980 232 1917
308 5257 234 1882
306 5280 235 1886
272 4916 207 2043
308 5256 234 1884
306 5249 236 1886
333 5652 227 1863
296 5163 225 1912
295 5069 235 1889
287 4950 255 1880
323 5512 230 1856
318 5718 215 1899
316 5602 260 1853
330 5599 227 1871
322 5522 230 1859
294 5050 239 1887
309 5347 219 1910
332 5669 222 1879
308 5690 218 1899
254 4647 229 1961
262 4740 221 1952
263 4732 221 1952
324 5550 259 1853
308 5307 248 1863
324 5871 221 1876
264 4711 221 1959
260 4712 206 2100
342 6036 225 1863
261 4737 216 1963
272 4919 216 1951
326 5546 236 1853
304 5366 239 1872
340 6103 209 1897
252 4619 224 1970
325 5603 236 1853
307 5275 233 1887
253 4621 221 1968
304 5184 228 1901
306 5105 253 1865
253 4630 226 1964
284 4975 255 1882
318 5560 259 1853
324 5857 210 1890
312 5632 209 1901
312 5298 244 1860
298 5188 253 1868
318 5642 242 1855
264 4774 216 1958
265 4770 216 1955
285 4913 250 1888
319 5501 236 1859
253 4622 225 1967
312 5468 239 1866
244 4464 221 2094
296 5107 248 1876
284 4893 250 1895
263 4735 218 1953
244 4471 221 2092
313 5320 237 1869
251 4571 219 1976
318 5779 210 1895
298 5165 239 1881
267 4797 213 1952
248 4483 218 2089
252 4544 210 2095
258 4729 221 1961
251 4570 216 1982
292 5020 229 1908
313 5320 234 1871
317 5782 210 1895
250 4506 211 2096
323 5842 214 1890
251 4569 220 1974
335 5885 208 1907
333 5742 227 1861
316 5432 236 1864
273 4709 240 1945
339 6031 214 1885
296 5125 237 1887
262 4767 220 1956
299 5082 224 1914
262 4743 218 1959
290 5205 229 1892
244 4463 221 2098
288 5162 248 1888
288 5023 255 1879
328 5752 208 1909
259 4610 218 1979
261 4728 221 1960
323 5807 208 1911
296 5083 224 1914
276 4774 237 1936
273 4913 222 1938
284 4907 210 1998
258 4632 219 1973
275 4729 240 1936
316 5320 225 1877
314 5387 241 1858
283 4828 224 1927
292 4942 247 1887
295 5037 247 1885
281 4886 245 1900
279 4829 255 1889
319 5290 237 1871
325 5753 216 1883
326 5440 228 1858
247 4497 218 2079
326 5653 216 1883
273 4958 212 1990
321 5449 224 1879
331 5731 220 1877
342 6087 220 1869
265 4650 213 1997
292 5099 253 1870
278 4828 250 1897
283 4828 230 1925
278 4900 245 1908
262 4699 218 1961
258 4632 216 1979
301 5294 239 1879
323 5409 224 1879
276 5024 210 1993
282 4901 230 1925
317 5639 208 1912
317 5668 219 1886
264 4714 213 1997
250 4472 218 2089
285 4900 255 1882
293 5037 253 1870
264 4768 214 1979
302 5261 243 1873
327 5778 208 1910
274 4862 207 2047
246 4506 217 2095
300 5113 243 1876
255 4625 213 2000
327 5555 219 1890
312 5548 208 1914
300 5106 243 1879
320 5344 224 1885
279 4813 245 1905
296 5149 200 1933
314 5231 228 1882
326 5665 240 1852
291 5162 231 1895
312 5349 239 1869
307 5157 239 1873
309 5126 229 1874
309 5265 258 1858
275 4822 233 1939
343 6067 216 1877
275 4951 212 1990
331 5957 218 1876
312 5479 209 1907
275 4763 250 1902
327 5536 220 1883
265 4650 212 2000
279 4902 212 1990
254 4441 218 2076
304 5345 244 1860
281 4911 236 1904
304 5078 253 1867
291 5103 266 1866
309 5416 239 1867
321 5546 215 1893
306 5315 244 1860
286 4947 230 1916
279 4693 212 1999
300 5131 200 1933
330 5692 210 1893
269 4639 213 1997
289 5194 236 1899
301 5190 248 1869
301 5279 249 1854
285 4999 238 1901
302 5109 248 1870
290 5086 257 1878
263 4751 223 1944
334 6136 220 1869
273 4716 216 1965
288 5019 236 1901
282 4833 224 1929
248 4454 212 2096
290 5067 248 1883
275 4865 245 1917
303 5165 248 1869
274 4767 210 2006
292 5043 261 1872
309 5410 203 1928
313 5411 220 1894
288 5164 252 1881
308 5293 242 1866
263 4747 223 1951
289 5188 242 1891
302 5109 243 1876
246 4461 212 2096
304 5270 230 1888
263 4789 218 1950
300 5210 238 1881
275 4817 207 2047
282 4887 254 1894
292 5109 243 1880
324 5796 216 1884
306 5296 222 1887
327 5791 214 1888
263 4756 214 1984
305 5516 214 1914
252 4691 211 2093
279 4788 230 1927
323 5813 226 1863
327 5566 240 1852
255 4420 218 2080
297 5270 208 1928
263 4724 221 1957
308 5367 270 1851
276 4801 236 1922
281 4876 231 1910
308 5326 232 1875
343 5746 210 1892
251 4490 218 2078
307 5214 238 1876
341 5846 208 1906
283 4921 245 1898
285 4919 231 1908
334 6093 216 1877
276 4955 212 1988
268 4822 210 2000
278 4777 230 1930
292 5080 243 1882
305 5301 242 1869
313 5688 221 1891
274 4765 250 1908
260 4696 224 1955
310 5294 270 1849
308 5269 232 1877
317 5408 220 1890
257 4740 221 1957
309 5251 215 1918
347 6030 209 1895
246 4489 209 2102
276 4792 236 1925
360 6243 212 1884
305 5113 244 1867
328 5833 220 1871
245 4442 212 2102
310 5359 265 1852
280 5007 242 1897
307 5132 231 1894
282 4782 245 1911
303 5285 205 1926
254 4417 225 2077
315 5444 205 1917
245 4445 212 2099
311 5313 218 1896
328 5816 214 1886
292 5042 266 1866
290 5016 205 1929
281 5016 238 1896
306 5228 239 1875
315 5492 236 1868
247 4508 218 2074
249 4491 212 2059
258 4654 219 1963
323 5612 250 1851
309 5239 270 1851
329 5886 218 1877
355 6280 212 1884
268 4828 218 1947
298 5140 243 1877
256 4504 213 2031
301 5171 203 1930
261 4614 206 2049
300 5067 248 1876
305 5176 258 1860
261 4748 221 1956
269 4914 223 1939
334 5895 208 1902
280 4979 238 1911
283 4959 261 1887
305 5080 239 1882
263 4738 215 1979
277 4816 226 1931
294 5007 253 1870
328 5798 225 1865
256 4687 234 1952
263 4679 216 1975
279 4999 207 2036
305 5467 205 1915
255 4608 212 2013
248 4439 212 2099
269 4920 223 1937
297 5164 243 1877
328 5813 215 1879
309 5465 205 1915
329 5917 210 1889
279 4996 207 2039
316 5507 240 1859
307 5214 237 1883
292 5041 263 1872
257 4547 212 2046
262 4804 244 1951
317 5524 260 1852
329 5863 230 1855
282 4970 261 1887
262 4735 224 1954
329 5803 213 1891
290 5047 261 1869
274 4919 210 1997
303 5110 239 1878
256 4668 234 1959
306 5156 234 1888
261 4602 212 2011
348 6032 220 1869
289 5072 248 1886
246 4487 228 2071
291 4935 254 1874
296 5053 244 1883
253 4556 212 2046
282 5004 242 1896
285 4975 221 1934
309 5492 219 1906
280 4965 233 1917
305 5269 255 1863
255 4520 212 2047
302 5226 255 1865
273 4902 216 1946
310 5505 217 1906
299 5166 250 1871
315 5382 209 1915
310 5324 203 1928
311 5377 289 1848
262 4620 212 2005
323 5605 260 1850
297 5128 209 1920
309 5440 217 1909
311 5423 217 1906
285 5057 230 1902
280 4834 251 1896
288 5039 230 1905
246 4476 221 2073
305 5372 223 1911
311 5418 280 1848
309 5195 239 1872
323 5608 255 1853
291 5004 249 1877
268 4754 215 1977
303 5241 239 1875
310 5505 211 1909
309 5197 242 1870
274 4898 207 2041
260 4724 211 1991
252 4451 212 2060
282 4782 240 1918
320 5607 215 1901
327 5778 220 1872
282 4834 235 1921
297 5254 257 1868
251 4521 213 2010
279 4980 247 1890
252 4519 213 2010
306 5428 213 1912
302 5089 258 1862
333 5864 218 1875
290 4934 249 1881
248 4499 212 2058
276 4783 233 1933
288 5093 267 1865
302 5076 253 1868
323 5606 245 1854
335 5809 219 1880
253 4614 210 2015
324 5676 225 1872
248 4436 212 2102
304 5054 205 1922
323 5774 220 1877
285 4827 241 1911
299 5263 214 1917
289 4998 266 1872
344 5876 209 1900
289 4990 200 1935
296 5286 231 1887
274 4746 215 1977
303 5328 223 1914
254 4408 218 2083
303 5183 242 1877
277 4952 247 1893
252 4457 212 2048
277 4791 231 1935
309 5342 289 1850
307 5283 237 1881
251 4511 214 1985
282 4860 241 1901
291 4917 254 1876
286 4995 202 1937
266 4864 217 1950
308 5490 204 1925
261 4611 206 2055
292 5165 248 1873
309 5435 217 1911
301 5238 242 1880
337 6079 224 1866
253 4608 208 2021
277 5016 238 1908
323 5665 236 1855
258 4683 216 1972
278 4927 212 1988
288 5087 262 1872
266 4792 219 1941
277 4815 226 1934
281 4939 207 2035
298 5072 258 1865
310 5488 210 1912
258 4644 219 1969
317 5628 217 1902
253 4417 218 2083
303 5215 281 1854
281 4911 207 2038
276 4861 207 2041
