145 6.63146
315 5597 233 1946
311 5686 238 1984
318 5571 225 1990
313 5573 251 1982
312 5521 238 1984
325 5808 230 1928
405 7211 216 1919
306 5585 256 1980
329 5690 228 1953
307 5502 256 1982
329 5998 224 1935
299 5516 247 1991
318 5864 220 1956
343 6119 208 1978
330 5898 229 1932
352 6126 252 1895
316 5801 244 1934
320 5595 218 1991
322 5467 224 1986
338 5911 232 1902
338 6115 224 1917
347 6053 267 1894
372 6253 252 1890
326 5630 215 1982
326 5785 210 1971
350 6007 236 1896
379 6475 229 1898
314 5772 252 1974
316 5553 238 1970
318 5791 220 1957
338 6060 223 1935
341 5980 262 1900
344 5883 267 1902
370 6516 229 1899
403 7330 205 1974
308 5506 218 1992
314 5541 229 1980
318 5519 230 1988
319 5604 218 1991
363 6149 253 1892
309 5660 247 1984
324 5694 215 1974
329 5985 220 1948
365 6366 269 1888
373 6447 244 1893
415 7101 207 1973
300 5489 247 1988
317 5775 224 1942
328 5848 278 1907
330 5854 259 1908
331 5647 216 1944
333 5821 222 1943
336 5793 253 1904
347 5956 223 1929
356 6465 219 1915
365 6253 244 1895
368 6382 229 1905
370 6570 247 1892
385 6356 222 1923
301 5504 244 2013
308 5574 256 1980
309 5682 233 1990
353 6012 262 1892
359 6335 248 1890
372 6514 236 1891
378 6518 253 1886
385 6637 210 1947
417 7002 267 1880
306 5593 242 1991
321 5577 215 1985
323 5771 254 1911
333 5907 215 1963
336 5722 211 1968
339 5842 213 1946
344 5887 267 1900
348 5920 224 1910
353 6027 211 1936
353 6122 220 1924
358 6318 247 1894
367 6328 269 1887
372 6631 208 1962
379 6659 215 1930
413 7055 208 1958
425 7336 225 1903
308 5654 238 1991
315 5689 219 1980
317 5641 217 1965
323 5535 232 1933
328 5992 231 1922
331 5733 253 1911
333 5725 262 1903
335 5694 225 1910
349 6068 205 1976
357 6377 208 1963
363 6580 239 1882
389 7016 234 1888
421 7158 210 1940
309 5489 244 1993
313 5513 238 1984
328 5659 212 1968
329 5617 232 1930
332 5851 224 1919
335 5894 209 1967
342 5838 216 1934
348 5913 254 1901
356 6097 267 1889
361 6428 222 1917
362 6255 247 1894
381 6347 244 1894
386 6578 228 1905
452 7708 224 1899
310 5575 247 1987
312 5520 249 1987
313 5703 237 1989
314 5627 225 1990
319 5660 230 1929
320 5853 220 1955
322 5525 232 1936
327 5939 210 1959
331 5615 212 1968
331 5615 217 1944
332 5674 228 1930
333 6007 236 1916
357 5987 248 1899
357 6017 252 1895
362 6341 216 1924
365 6111 252 1892
369 6439 211 1931
380 6397 244 1894
305 5388 216 1994
311 5464 225 1991
312 5521 233 1990
313 5653 247 1980
315 5597 239 1944
319 5768 249 1919
323 5759 229 1936
324 5908 216 1964
331 5580 220 1973
333 6078 218 1927
341 6149 230 1899
342 5978 262 1900
343 6096 230 1903
344 5650 255 1926
345 5756 248 1908
346 5993 230 1902
357 6133 230 1899
360 6122 252 1893
368 6353 224 1908
369 6620 234 1889
377 6690 211 1930
389 6654 228 1904
443 7506 224 1901
454 8051 235 1887
