562 14.6188
271 4572 221 2074
272 4633 223 2059
271 4663 231 2043
271 4655 231 2045
260 4612 240 2040
260 4583 240 2045
257 4557 245 2042
257 4544 245 2043
256 4528 245 2046
250 4369 230 2080
256 4548 245 2043
268 4650 218 2075
259 4626 234 2044
250 4359 230 2098
247 4372 231 2089
250 4357 231 2089
256 4539 245 2044
257 4481 225 2061
264 4494 222 2083
255 4374 230 2077
284 4941 245 2028
255 4465 230 2055
253 4393 225 2078
276 4726 226 2036
254 4355 241 2074
253 4388 225 2084
247 4345 236 2083
254 4383 225 2081
282 4944 250 2027
256 4510 236 2051
254 4394 225 2075
277 4709 240 2037
250 4408 230 2061
254 4350 236 2080
265 4553 245 2041
247 4350 241 2077
255 4438 225 2064
276 4726 223 2042
251 4429 245 2051
286 4920 250 2027
254 4372 233 2074
258 4451 230 2056
271 4665 231 2038
250 4420 225 2067
251 4358 241 2072
253 4455 244 2048
247 4336 236 2089
258 4451 235 2048
259 4460 230 2054
251 4394 235 2056
254 4343 236 2088
254 4344 236 2086
262 4519 235 2043
251 4348 231 2084
251 4382 230 2064
253 4506 225 2065
257 4500 244 2046
258 4409 230 2058
247 4332 236 2091
258 4408 235 2052
258 4420 235 2050
258 4462 224 2048
259 4460 244 2046
266 4563 243 2029
251 4361 241 2070
258 4431 225 2064
266 4446 222 2067
247 4327 231 2095
250 4388 227 2079
253 4403 230 2059
274 4724 224 2043
248 4392 235 2058
249 4409 235 2053
262 4513 244 2044
262 4555 243 2032
264 4473 244 2044
248 4377 240 2057
249 4347 241 2077
258 4440 245 2046
258 4468 244 2045
268 4511 244 2041
295 5171 250 2024
