3575 65.8557
289 4753 211 2059
286 4719 211 2061
291 4676 211 2061
291 4655 211 2066
314 5113 210 2067
282 4687 210 2069
240 4035 217 1988
240 4011 217 1990
240 4011 214 1996
255 4184 226 1959
242 4066 214 1994
276 4592 210 2072
247 4017 217 1985
245 4033 222 1979
245 4010 214 1993
244 4062 214 1993
245 4035 222 1977
245 4010 220 1985
239 4019 220 1986
268 4371 227 1947
238 4074 227 1974
274 4546 210 2079
239 4007 220 1990
245 4030 217 1983
248 4081 214 1989
248 4176 232 1958
247 4032 227 1973
239 3987 214 2000
247 4061 215 1987
247 4013 214 1991
244 3987 214 1995
242 4070 217 1981
240 4005 227 1987
248 4082 215 1980
240 4003 227 1991
243 4095 220 1974
264 4324 241 1931
238 4062 222 1980
239 3988 215 1998
243 4039 212 2006
239 3986 215 1999
261 4334 237 1935
281 4596 208 2076
244 4023 220 1981
244 4014 220 1985
241 4056 214 1995
264 4313 228 1936
252 4096 226 1964
238 4050 222 1982
248 4129 222 1963
264 4342 241 1930
264 4426 251 1922
319 5172 281 1906
243 3994 215 1992
243 3971 215 1994
256 4336 241 1933
319 5259 281 1904
330 5473 281 1903
243 3989 222 1984
264 4348 236 1929
276 4543 208 2081
330 5405 290 1903
244 4019 222 1980
252 4235 232 1938
264 4364 228 1933
244 4025 227 1975
243 3969 215 2000
251 4194 220 1961
244 4002 227 1977
248 4149 222 1960
249 4152 228 1951
244 4040 227 1971
256 4251 236 1936
244 3983 217 1987
256 4158 227 1950
265 4471 251 1918
259 4155 228 1948
244 3977 215 1993
255 4322 251 1926
259 4251 222 1951
274 4456 225 1935
244 3997 222 1982
263 4227 240 1934
265 4511 261 1917
243 3964 215 2001
239 3981 217 1992
263 4245 246 1929
244 3978 214 1996
249 4144 232 1952
244 4056 217 1974
252 4201 236 1937
254 4082 227 1955
256 4196 222 1955
239 3966 217 1999
255 4110 237 1951
259 4174 228 1938
249 4163 228 1942
275 4474 221 1934
243 3983 222 1989
253 4075 222 1961
238 3963 215 2006
256 4225 220 1953
244 4039 227 1973
262 4237 246 1932
245 3973 214 2005
273 4411 251 1916
243 4066 227 1959
272 4481 208 2084
258 4206 222 1953
243 4055 222 1967
243 4095 237 1954
253 4065 214 1973
244 4001 227 1979
254 4071 217 1965
267 4351 231 1927
267 4351 228 1929
271 4580 251 1916
244 3982 217 1989
269 4599 251 1916
243 4059 227 1964
249 4147 228 1952
261 4204 240 1936
249 4150 232 1945
260 4113 234 1952
274 4432 251 1913
246 4063 217 1969
272 4399 231 1925
246 4171 222 1963
246 4158 217 1967
253 4229 246 1934
269 4431 230 1925
281 4439 228 1927
295 4745 260 1907
282 4604 260 1908
267 4273 240 1928
309 5263 299 1896
266 4306 240 1921
253 4051 215 1971
243 4052 222 1970
249 4186 237 1937
269 4293 240 1926
271 4372 251 1920
