47 23.1622
344 6252 223 2106
372 6432 221 2113
373 6718 219 2104
367 6674 219 2107
369 6680 221 2095
352 6277 237 2080
384 6624 217 2115
339 6077 252 2060
349 6167 266 2046
368 6584 222 2074
321 5649 251 2096
335 5905 285 2062
340 6060 267 2037
358 6264 225 2073
391 6832 217 2108
324 5954 269 2029
351 5976 231 2107
368 6221 271 2011
387 7007 223 2026
399 6964 224 2034
334 5681 231 2117
338 6160 267 2037
346 6333 232 2078
346 6410 239 2051
349 6239 243 1998
350 6320 242 2065
353 6278 232 2053
334 5844 237 2085
335 6088 245 2084
337 6165 267 2034
343 6274 245 2068
352 6069 231 2104
354 6063 242 2066
361 5969 240 2082
361 6405 231 2011
361 6578 225 2008
421 7699 232 1994
307 5421 241 2100
322 5921 269 2039
326 5744 232 2114
331 5939 237 2110
335 6027 266 2049
339 5871 247 2079
342 5898 285 2062
344 6139 269 2027
348 6192 276 2012
353 6177 265 2056
354 6264 241 2056
355 6188 226 2062
356 6221 250 2026
357 6154 240 2076
357 6522 225 2012
360 6404 243 1989
369 6394 222 2037
372 6776 228 2005
373 6331 222 2037
374 6606 238 1996
390 6990 240 1994
391 6704 220 2046
396 7176 232 1996
407 7400 227 2006
420 7628 232 1995
