34 0.925191
403 7233 316 2473
435 7832 299 2493
418 7597 310 2467
425 7642 299 2519
387 7054 308 2491
427 7861 346 2443
435 8079 329 2430
480 8702 327 2400
508 8933 300 2440
410 7379 316 2461
412 7372 316 2468
415 7371 316 2465
420 7602 309 2472
430 7665 330 2453
432 7584 309 2468
433 7628 303 2449
439 8142 329 2428
474 8600 334 2408
481 8208 301 2478
484 8373 330 2387
498 8825 311 2429
511 8886 320 2394
417 7657 346 2450
425 7598 309 2462
432 7675 303 2449
468 8604 334 2408
479 8240 301 2478
489 8465 330 2382
491 8676 311 2437
493 8542 330 2375
400 7325 295 2525
404 7295 304 2494
408 7439 304 2473
410 7337 316 2469
426 7769 401 2437
433 7542 310 2453
436 7721 299 2482
441 8028 294 2483
464 8430 321 2428
464 8541 328 2414
469 8617 406 2404
477 8218 330 2394
477 8646 327 2406
478 8326 296 2459
479 8219 321 2428
482 8566 288 2488
484 8557 299 2445
488 8437 325 2385
490 8529 320 2399
510 8590 295 2439
511 8899 324 2387
522 8996 321 2379
530 9097 321 2376
384 6998 310 2493
387 6943 304 2498
422 7643 309 2463
422 7650 288 2494
433 7544 304 2460
434 7857 401 2419
435 7716 335 2440
453 8282 367 2416
456 8115 348 2423
466 8382 346 2409
474 8211 326 2426
474 8560 285 2511
481 8314 301 2470
488 8412 340 2372
488 8854 321 2390
508 8918 326 2384
512 8998 316 2387
514 8995 316 2387
520 9024 315 2399
525 9283 300 2438
526 9290 316 2382
537 9269 328 2371
545 9306 328 2356
549 9325 326 2363
549 9497 310 2379
551 9368 326 2358
