505 260.038
252 4389 234 1955
253 4388 224 1955
254 4419 220 1949
254 4438 225 1944
255 4460 220 1941
257 4403 220 1948
257 4406 224 1944
257 4456 224 1937
259 4398 220 1948
259 4401 224 1944
259 4437 224 1937
269 4632 211 1919
272 4663 211 1915
276 4606 206 1959
280 4678 207 1953
255 4448 225 1918
255 4473 225 1916
266 4592 212 1923
263 4524 213 1926
260 4346 218 1914
260 4362 214 1917
260 4366 223 1908
260 4367 218 1908
261 4433 209 1931
262 4353 214 1925
263 4451 214 1913
264 4469 227 1905
265 4409 209 1931
265 4423 214 1914
265 4433 214 1913
265 4438 219 1905
266 4392 208 1934
266 4392 209 1928
266 4448 218 1907
267 4390 209 1931
267 4432 210 1925
267 4466 218 1905
268 4429 211 1923
268 4447 211 1920
268 4479 214 1912
268 4482 213 1918
268 4549 214 1908
270 4571 209 1927
272 4623 208 1929
274 4586 208 1929
277 4566 209 1927
277 4574 208 1929
282 4762 208 1926
258 4494 220 1922
257 4506 218 1918
258 4516 216 1922
257 4519 216 1922
259 4519 213 1928
255 4479 220 1924
254 4512 220 1926
259 4521 218 1916
276 4582 208 1929
270 4556 208 1933
254 4519 223 1918
254 4503 223 1924
259 4514 230 1911
254 4510 230 1914
255 4514 230 1912
255 4498 230 1914
259 4576 230 1910
273 4505 207 1960
273 4506 206 1960
273 4514 207 1959
279 4659 224 1874
280 4620 224 1876
280 4638 224 1874
281 4843 220 1884
281 4843 221 1882
282 4786 220 1886
283 4630 224 1874
283 4793 205 1947
284 4523 204 1951
285 4488 204 1958
285 4494 204 1951
285 4499 205 1945
285 4510 204 1949
285 4780 204 1944
285 4783 205 1936
285 4789 204 1942
286 4597 226 1887
286 4602 226 1885
287 5071 208 1920
287 5079 208 1914
288 4773 204 1942
289 4596 204 1946
290 5067 208 1917
300 4726 204 1944
274 4546 207 1955
267 4465 222 1894
269 4413 221 1903
270 4452 222 1894
270 4495 231 1892
271 4520 226 1888
271 4608 219 1899
272 4508 226 1888
272 4571 219 1901
272 4583 219 1899
273 4485 226 1888
273 4518 221 1902
273 4584 214 1905
274 4537 221 1901
274 4680 224 1893
275 4538 221 1899
277 4571 222 1892
295 4843 234 1859
300 4842 236 1859
279 4595 206 1959
277 4491 219 1901
279 4477 219 1901
281 4441 218 1906
283 4463 219 1901
283 4505 219 1899
296 5125 205 1915
297 5080 207 1916
297 5107 205 1918
297 5108 204 1921
297 5114 205 1915
299 5168 208 1913
300 5171 205 1913
305 5002 208 1907
352 5847 212 1890
362 5966 209 1899
352 6185 204 1919
359 6004 210 1893
353 6043 205 1912
326 5774 211 1891
338 6083 210 1893
375 6373 204 1918
295 5156 204 1930
344 6043 212 1889
278 4566 209 1900
278 4568 220 1897
278 4674 214 1895
278 4682 218 1893
279 4595 215 1896
279 4600 214 1894
279 4602 210 1894
279 4698 218 1888
279 4701 214 1890
281 4692 214 1893
281 4697 214 1890
283 4842 216 1888
285 4775 220 1881
287 4759 220 1878
287 4801 220 1876
287 4803 216 1889
287 4812 215 1884
288 4742 220 1882
288 4777 221 1873
288 4782 220 1873
288 4806 215 1884
289 4800 218 1879
290 4777 220 1876
292 4772 220 1873
293 4780 218 1887
295 4693 220 1888
295 4905 225 1867
296 4691 220 1890
309 5148 220 1870
311 5201 212 1892
337 5858 215 1882
346 5934 225 1863
356 6081 209 1899
331 5728 218 1875
342 6057 212 1888
361 6092 205 1911
362 6080 208 1906
313 5403 203 1930
309 5521 203 1932
335 5954 212 1890
338 6113 224 1866
339 6052 220 1869
304 4976 234 1856
309 5325 203 1938
268 4613 227 1875
275 4608 227 1866
275 4609 226 1867
277 4645 227 1862
278 4630 227 1862
279 4936 225 1870
280 4779 237 1861
283 4706 237 1861
286 4958 225 1867
287 4910 225 1870
287 4911 222 1873
287 4931 225 1867
288 4862 226 1864
290 4928 225 1867
295 5083 224 1870
297 5077 224 1870
300 5040 228 1859
303 5283 225 1864
340 5917 220 1869
345 5790 224 1869
359 6148 216 1880
