5139 10.2311
373 6917 230 2173
385 6927 226 2161
372 6738 233 2139
339 6095 262 2141
388 7041 232 2128
353 6224 257 2119
358 6553 237 2135
399 7173 236 2116
343 5970 237 2137
364 6514 236 2135
373 6739 282 2101
361 6281 240 2124
375 6748 243 2116
369 6635 237 2120
351 6263 246 2109
345 6236 253 2107
372 6299 237 2132
350 6158 253 2122
340 5974 238 2128
383 6826 237 2089
435 7436 224 2145
392 6954 229 2119
338 5942 237 2147
397 6938 253 2086
433 7916 226 2144
415 7716 233 2108
350 6509 241 2120
374 6627 234 2120
376 6752 243 2105
355 6104 232 2140
377 6782 228 2129
388 6772 243 2102
345 6123 254 2122
379 6686 233 2131
381 6495 227 2143
423 7611 227 2119
350 6259 243 2119
