55 14.6245
699 16938 683 3010
691 17149 689 3019
705 17298 702 3004
678 16782 624 3031
705 17365 682 3011
729 17697 652 3010
744 17950 617 3026
768 18143 743 2989
669 16006 643 3035
698 16703 660 3018
707 17510 683 3008
778 17768 726 2993
690 16463 631 3028
719 16714 646 3019
721 16988 693 3003
745 18549 631 3019
670 16718 638 3030
675 16029 631 3036
696 16851 650 3018
700 17189 646 3019
704 16648 646 3020
757 18401 683 2999
660 16095 640 3032
708 16843 683 3005
710 17244 641 3022
715 17157 683 3002
717 18049 676 3004
721 16914 693 3004
722 18361 683 3000
725 17610 681 3003
737 17915 692 3000
761 17544 624 3022
763 16666 640 3023
709 17361 673 3006
720 17377 648 3012
722 17950 717 2995
729 17980 630 3021
753 18026 707 2990
759 19171 624 3019
710 17280 662 3017
719 17035 627 3023
750 18127 653 3009
735 18128 687 3001
765 18629 628 3018
703 17584 636 3025
711 17155 682 3012
719 17648 632 3018
798 20021 768 2980
671 15929 643 3035
713 16855 643 3024
785 18397 672 3001
805 18668 683 2996
690 16701 620 3030
697 17219 631 3026
701 16674 639 3027
705 17398 666 3011
719 17389 640 3022
738 17869 738 2990
780 18614 630 3020
744 17319 631 3022
799 19708 657 3008
822 19488 689 2993
694 16030 643 3030
698 17226 646 3022
708 16968 696 3003
717 16687 715 3000
737 18833 682 2999
741 16834 672 3011
745 18681 616 3029
759 18166 661 3005
818 19925 687 2991
697 16700 668 3019
715 16912 649 3013
757 18247 661 3005
762 17990 730 2990
789 18634 646 3010
897 20480 720 2983
661 16056 640 3032
684 16264 671 3022
718 17092 685 3002
737 18047 646 3011
744 17736 642 3016
759 17252 684 3001
852 21093 661 3002
903 20156 720 2983
668 16287 640 3031
691 16020 640 3032
727 17708 649 3011
740 16827 630 3028
760 18228 675 3001
823 19759 687 2991
675 17058 619 3034
738 17523 726 2995
743 18472 683 2999
768 19012 645 3013
781 18968 646 3010
787 19266 706 2987
804 19049 790 2976
655 16799 624 3041
660 16400 639 3037
685 17299 682 3015
712 16872 661 3006
737 18225 679 3000
760 19174 697 2992
764 18516 678 3000
782 18929 701 2990
792 19187 769 2977
796 19608 623 3022
797 19558 623 3022
828 20204 662 3001
835 20513 676 2998
660 16425 638 3039
670 16688 630 3054
685 16886 622 3034
688 17368 682 3011
703 17521 682 3007
715 18378 637 3019
717 16782 653 3015
723 18280 639 3015
749 17574 737 2994
764 17931 761 2985
784 18940 770 2979
785 19098 684 2994
825 19472 697 2991
659 16428 639 3037
680 16715 629 3035
696 17035 668 3013
718 17926 707 2997
724 17544 632 3020
728 18360 631 3020
733 18690 654 3009
735 17582 694 2997
737 17647 727 2991
782 19042 698 2990
796 19891 665 3000
804 18158 672 3003
815 19219 677 2999
820 19485 661 3004
670 17195 638 3027
676 15732 643 3039
693 16416 629 3039
703 16040 625 3038
707 17280 628 3029
722 18201 639 3016
730 17610 631 3021
743 18661 654 3009
746 18470 682 2997
751 17989 674 3004
751 18436 704 2988
757 17090 631 3022
763 18761 627 3017
797 20513 682 2996
798 19589 682 2993
802 19109 749 2979
812 19149 706 2987
843 19808 676 2998
656 16408 636 3044
656 16550 638 3042
684 16663 629 3076
725 17232 704 2997
728 17143 717 2996
738 18055 676 3002
741 18320 676 3001
747 17538 682 3004
761 19311 727 2985
775 19184 750 2981
784 18688 701 2989
795 18405 620 3025
815 19045 675 3000
668 16761 653 3022
682 16247 631 3032
697 16330 622 3070
699 17592 652 3012
724 16667 631 3027
733 17574 675 3003
739 18774 627 3022
741 16650 631 3025
761 18618 662 3002
763 18989 659 3008
787 17889 682 3001
791 19226 790 2976
795 19157 790 2976
800 20271 657 3006
814 19088 745 2980
831 20881 742 2979
638 16222 638 3043
645 16140 642 3030
659 16864 638 3035
681 16897 616 3031
697 17331 616 3030
718 17263 714 3000
733 16944 705 3000
757 17868 738 2990
758 18482 639 3014
769 18153 720 2984
771 18832 744 2982
777 17679 707 2996
838 19654 661 3003
858 19261 656 3008
872 21091 746 2977
873 20331 746 2977
645 16194 642 3026
658 16570 648 3025
659 16590 638 3040
669 16665 639 3035
709 17699 643 3022
714 17567 646 3012
718 16820 616 3031
726 17334 703 3000
726 17927 698 2991
736 18201 707 2986
741 18252 684 2995
746 17635 649 3011
761 19059 659 3008
793 19398 643 3009
794 18460 728 2981
815 19007 623 3022
825 19626 624 3018
850 21013 742 2978
661 15940 657 3114
661 15948 657 3102
676 17401 636 3030
685 16943 648 3021
688 17596 672 3019
700 16903 697 3007
704 17330 646 3016
717 17925 649 3011
720 16583 616 3031
721 17788 698 2996
729 17792 631 3022
730 16837 630 3028
747 17197 747 2993
748 18497 748 2982
754 17735 707 2996
764 17345 697 3000
768 19047 727 2983
771 17739 668 3004
775 17866 716 2994
784 17948 682 3000
794 18865 790 2977
800 19238 747 2977
805 19268 643 3009
818 18914 704 2987
847 19536 640 3010
868 20215 659 3007
869 19642 810 2975
878 20315 768 2975
666 15910 653 3099
686 15687 643 3034
689 15669 643 3039
691 17220 638 3025
693 16451 622 3039
706 16511 659 3024
711 17121 621 3023
716 17127 616 3030
728 17078 704 2997
742 17095 725 2996
746 18181 665 3002
748 17790 721 2992
755 18295 704 2990
760 17458 687 3000
773 18067 728 2982
773 19213 750 2981
781 19134 750 2981
787 18601 639 3013
800 19364 643 3009
807 19337 725 2983
810 19647 810 2973
818 19372 747 2976
821 20055 801 2974
822 18858 726 2980
842 21354 742 2978
851 20409 679 2996
852 20763 742 2979
864 19437 646 3008
867 19174 646 3008
893 20887 723 2982
907 20319 742 2979
