2887 63.1608
626 13887 618 3049
629 13616 618 3049
750 16876 713 2999
747 16976 713 2998
632 13613 618 3049
624 13681 623 3035
623 13594 623 3036
660 14155 640 3021
660 15067 653 3018
668 14797 668 3014
751 16678 713 2997
663 15084 653 3017
756 17216 713 2996
766 17193 713 2996
767 17072 714 2995
665 14123 640 3021
624 13568 623 3036
668 14814 668 3013
760 16992 735 2994
663 13457 638 3024
636 13385 616 3037
778 17484 758 2989
626 13514 625 3037
638 13230 638 3025
683 14906 683 3009
794 17684 779 2988
703 14084 638 3020
672 13557 638 3021
640 13154 638 3026
629 13048 623 3035
639 13163 638 3025
629 13056 624 3034
683 14932 683 3008
709 14161 638 3019
670 14853 668 3012
800 17690 800 2986
654 13298 648 3024
820 17885 820 2983
700 14180 657 3014
636 13120 618 3034
679 15300 668 3008
672 15319 668 3007
840 18243 840 2980
862 18899 862 2978
703 14251 660 3012
649 13327 648 3024
684 15436 668 3006
692 15175 683 3002
670 14491 635 3021
664 13318 653 3020
642 13114 616 3030
636 13020 624 3029
642 13026 638 3025
629 13147 623 3030
642 12997 638 3026
636 12991 623 3030
619 13898 618 3049
632 13037 624 3029
632 13003 623 3030
653 13163 653 3022
629 13092 624 3029
641 13231 631 3025
653 13176 653 3021
684 15468 668 3005
693 14896 635 3020
693 14929 635 3019
642 13128 631 3025
701 14142 668 3008
655 13148 653 3022
877 18263 862 2973
648 13664 640 3024
665 13446 653 3017
685 15508 668 3004
665 13470 653 3016
683 13631 653 3015
630 13011 623 3033
