55 10.9647
747 17448 683 2998
657 15992 653 3020
644 15791 641 3042
725 17136 705 2998
664 16294 653 3015
674 15720 661 3015
711 17631 681 3003
650 15779 641 3042
719 17261 705 2998
700 16540 683 3003
715 17576 654 3010
720 17589 676 3002
651 16217 646 3018
674 15781 625 3041
675 16485 623 3025
682 16105 678 3009
697 17042 683 2999
698 16012 661 3014
726 17328 703 2995
765 18487 646 3010
654 16000 641 3030
657 16059 646 3020
674 15663 649 3028
723 17528 636 3016
743 17874 725 2991
776 18802 677 3000
662 16326 642 3016
665 15958 622 3042
669 16253 661 3010
671 15535 648 3032
682 16432 646 3011
705 16679 682 3002
728 18023 682 2999
733 17504 636 3016
736 17955 697 2997
742 17230 661 3003
801 18724 682 2998
661 16200 646 3018
667 17044 623 3025
668 15979 641 3021
669 16623 641 3019
673 15447 648 3032
700 16780 683 3002
702 16760 624 3024
739 17960 682 2999
741 18277 654 3009
755 18344 686 2995
758 17531 682 2999
661 16004 661 3018
661 16940 619 3027
669 16234 657 3014
674 16388 661 3009
678 16233 657 3015
689 15678 646 3024
691 16818 616 3030
692 16782 624 3024
694 16170 618 3028
695 16393 636 3019
734 17909 716 2993
741 17935 705 2991
746 18066 720 2990
646 15344 638 3046
655 17059 631 3022
660 15413 645 3045
661 15456 658 3043
666 16317 653 3014
667 16243 653 3015
667 16736 646 3014
669 16246 631 3025
669 16280 633 3020
669 17036 631 3022
671 16055 631 3027
673 16882 616 3031
674 16549 623 3025
676 16847 631 3021
679 16805 631 3021
681 16310 630 3027
689 16052 670 3013
702 16542 682 3006
716 17680 681 3002
729 18534 656 3008
731 17507 726 2993
732 17445 676 3002
734 18099 683 2997
737 18016 698 2996
738 18229 681 3001
741 17924 725 2991
748 17457 656 3010
766 18054 679 3001
640 16142 640 3045
643 16269 640 3041
649 15553 649 3033
651 15592 649 3032
652 15759 634 3036
652 16837 641 3022
655 16246 619 3028
656 15324 656 3054
656 15330 656 3053
659 15842 633 3025
660 15683 619 3043
669 16318 646 3012
670 16259 646 3012
673 16644 623 3025
680 16934 661 3005
687 17131 682 3000
689 16063 670 3012
693 15847 670 3013
704 16728 683 3002
708 17071 639 3014
713 17266 677 3003
722 16959 683 3000
723 16912 707 3000
732 17314 676 3003
733 17941 716 2992
739 17958 656 3007
739 18033 706 2993
743 17753 716 2992
745 18226 698 2995
750 18179 698 2995
751 17689 681 3001
762 17713 698 2995
775 18619 757 2988
778 18128 677 3000
641 16276 631 3023
641 16406 629 3027
643 15373 638 3046
660 15739 660 3022
661 16512 623 3027
662 15421 641 3037
662 15734 658 3030
662 15856 625 3040
663 15898 661 3019
664 15951 653 3022
665 16027 646 3016
666 16388 661 3013
668 16651 653 3013
669 15667 637 3044
670 16508 661 3007
671 16227 661 3010
671 16442 662 3008
676 15952 631 3024
677 16238 661 3007
679 16569 662 3004
683 17081 639 3016
684 16694 684 3003
686 16978 659 3009
688 16899 639 3017
689 16965 659 3010
690 16179 618 3028
695 17023 639 3016
699 17647 616 3029
700 17216 642 3015
706 16658 682 3002
707 16149 618 3028
708 15803 670 3013
708 16483 682 3002
711 17313 631 3020
718 17131 616 3029
720 17772 720 2993
721 17689 702 2997
726 17699 720 2993
732 17490 654 3010
735 18394 706 2994
740 18597 686 2995
741 18316 686 2996
747 17710 682 2999
748 17941 736 2989
750 18201 684 2996
751 17692 654 3009
761 17747 698 2995
767 18762 698 2994
781 18563 757 2988
799 19425 672 3002
809 20469 729 2988
811 19865 779 2986
812 19344 698 2993
820 19816 779 2986
