6 2.19851
893 21674 651 3094
733 18300 654 3139
741 18431 685 3095
751 18375 685 3095
756 18297 681 3135
759 18754 654 3133
765 18959 651 3155
767 18731 678 3134
770 18861 643 3102
771 18304 689 3091
777 18169 709 3176
777 18195 705 3155
794 20336 703 3074
797 19568 722 3086
809 19679 717 3084
810 19690 690 3070
815 19836 678 3097
837 20974 657 3090
840 20377 788 3063
840 20659 670 3100
866 21181 678 3073
877 21100 776 3065
892 22365 651 3093
899 21581 712 3067
933 23363 666 3080
956 23589 668 3074
