12 0.146977
835 21035 709 3205
828 20253 768 3186
836 20725 714 3187
985 23791 784 3115
809 20179 753 3217
812 20126 755 3213
819 19909 765 3189
888 21179 696 3203
930 23485 802 3122
1003 24267 782 3125
792 19991 758 3205
814 20686 806 3156
833 20974 692 3211
843 20224 758 3200
847 19919 806 3168
864 21267 686 3171
937 22888 665 3172
941 22333 802 3122
785 20590 751 3231
812 20650 802 3183
813 20417 812 3171
816 20266 721 3134
837 20928 692 3211
839 20169 816 3156
844 21355 706 3209
864 21328 695 3157
865 21503 677 3150
882 21023 719 3146
886 21737 689 3137
937 23153 802 3112
941 23120 802 3112
968 23342 779 3130
976 23170 779 3130
