301 16.6028
744 19050 688 2990
731 18308 720 2982
749 18809 707 2984
733 18211 708 2986
747 18879 685 2991
748 19069 746 2976
759 18287 728 2980
750 18429 746 2977
731 18268 708 2986
756 18886 746 2976
758 18631 757 2975
747 17997 720 2984
763 18360 637 3015
759 17958 747 2975
760 17912 742 2978
700 17920 683 2996
730 17673 662 3002
740 18406 726 2979
741 18857 706 2986
764 19205 764 2974
732 18409 717 2985
781 19067 770 2972
732 18483 726 2979
729 18696 661 3002
745 18868 707 2985
799 18186 682 2993
756 18398 726 2980
722 17416 714 2988
737 17898 737 2983
786 18478 770 2972
727 18397 698 2987
740 18122 738 2981
742 19051 704 2986
770 19082 770 2972
709 17627 709 2988
741 18183 717 2985
778 18379 682 2993
680 17709 627 3021
706 17329 706 2989
716 17709 698 2991
752 18471 682 2993
750 17890 707 2986
720 17637 719 2986
753 19135 634 3016
740 17874 739 2983
763 18728 704 2986
777 18201 768 2974
716 17574 709 2987
717 17471 716 2988
729 17396 729 2984
731 18162 617 3026
756 17890 634 3016
740 17947 617 3026
755 18937 634 3016
742 17267 639 3012
732 18011 730 2982
769 19140 769 2973
726 17997 720 2985
707 16524 652 3008
733 17945 730 2982
773 17486 769 2973
667 16481 652 3013
776 17482 769 2973
706 17436 665 3002
771 17704 771 2974
678 16347 640 3010
688 16594 652 3008
748 18953 639 3011
714 16568 663 3001
740 18037 719 2985
661 16567 624 3022
683 16816 624 3019
749 17450 749 2976
725 17641 639 3012
691 16805 686 2995
751 17809 660 3002
758 17329 747 2978
793 18226 770 2972
728 17429 639 3012
726 18236 637 3016
753 18860 620 3025
703 17892 660 3003
676 16337 676 2998
718 17711 663 3000
710 15701 639 3014
710 15753 652 3013
765 17862 704 2986
652 15473 627 3025
729 19027 617 3026
640 16222 616 3031
722 17703 698 2989
748 18681 624 3018
759 17266 708 2988
745 17177 703 2990
745 17930 660 3002
778 18021 698 2988
749 16716 749 2979
670 15875 624 3023
777 17248 767 2975
725 17507 623 3022
753 16695 749 2979
673 16828 653 3009
749 17156 748 2977
733 16815 729 2986
762 16717 748 2982
704 16226 628 3018
662 15694 655 3012
744 16845 729 2982
762 18006 728 2980
669 15590 611 3027
702 16512 653 3009
672 15929 627 3022
801 17253 768 2974
648 15295 632 3021
669 15349 626 3024
722 16648 633 3017
771 16434 771 2982
693 16414 686 2996
760 18278 624 3018
796 17273 768 2974
721 17543 627 3017
759 17664 639 3011
633 15011 629 3023
724 17124 698 2991
651 15716 616 3030
683 16256 624 3020
692 16518 628 3018
661 15562 616 3030
789 16880 789 2973
627 14955 624 3026
650 15800 639 3014
666 16264 666 2999
745 17367 627 3017
760 17708 660 3001
713 17505 677 2995
705 17509 676 2995
777 17690 709 2985
749 18296 639 3011
764 17930 709 2985
694 16668 689 2994
698 16930 689 2993
681 15835 624 3023
686 17404 643 3009
706 17180 654 3003
714 16539 651 3007
717 16518 651 3007
742 17216 705 2989
759 18237 660 3001
769 16677 769 2976
729 17210 676 2995
771 16638 771 2978
665 15732 624 3025
692 15724 627 3021
765 16609 748 2982
659 15694 628 3023
686 16570 686 2996
707 16674 643 3009
721 17855 717 2986
671 16114 666 2999
643 15811 639 3016
698 16793 643 3009
715 17363 676 2994
643 15832 616 3030
772 16459 769 2976
629 14949 622 3030
707 17642 663 3002
656 15540 630 3019
670 16167 639 3013
686 15993 622 3025
701 16625 689 2994
654 16167 654 3004
675 16051 675 3002
695 16906 695 2992
706 16546 706 2993
713 17210 663 3001
755 19188 654 3002
790 16709 790 2972
686 16956 686 2995
649 15400 629 3022
681 16181 675 2997
749 18396 698 2987
696 16402 688 2996
702 17070 685 2992
776 16669 767 2977
738 17096 698 2991
788 17033 769 2973
704 16363 689 2994
757 18690 649 3007
727 17643 688 2991
758 19021 654 3002
689 16842 689 2994
624 14834 624 3036
631 14784 631 3026
680 16182 675 2997
681 16607 669 2998
669 16172 666 2999
811 16355 810 2972
710 16786 651 3007
714 16892 689 2993
832 16645 832 2970
783 17336 706 2987
732 17409 663 3000
763 17318 684 2994
776 17786 701 2988
799 16792 720 2982
750 18367 636 3016
665 15959 630 3018
697 17767 665 3003
764 16859 748 2977
811 16543 811 2971
685 15764 624 3022
764 18138 624 3018
692 16833 646 3008
666 16078 666 3000
791 16656 791 2974
802 16778 750 2978
821 17158 747 2975
789 18254 726 2979
622 14792 610 3040
770 16681 770 2975
779 17560 768 2974
782 17340 726 2980
798 16800 745 2979
775 19024 688 2990
796 17831 704 2987
616 14811 615 3049
707 15847 627 3020
753 17107 728 2981
803 17289 747 2975
817 17673 764 2974
658 15976 627 3022
704 16552 621 3023
637 15093 619 3037
671 15375 624 3025
741 17574 650 3006
788 17352 747 2975
636 15173 619 3037
656 15558 652 3014
820 17664 764 2974
631 14592 631 3031
744 16252 726 2984
781 17133 746 2976
642 15013 619 3037
776 17562 742 2978
744 17437 707 2987
775 17431 706 2987
777 16627 766 2978
793 16964 791 2971
821 17105 742 2978
763 17764 706 2987
782 16917 728 2980
754 16530 720 2983
809 16726 768 2974
736 17102 623 3022
774 16803 745 2979
653 15498 649 3016
733 17346 703 2989
764 17325 736 2979
638 15187 619 3036
639 15216 639 3019
814 17545 770 2972
772 16596 738 2980
772 16859 749 2976
793 16960 698 2991
619 14679 619 3039
623 14742 610 3040
639 14629 627 3043
758 16799 758 2977
765 17022 728 2980
778 17624 746 2976
833 16743 833 2969
791 17077 791 2971
791 17276 768 2974
793 16951 720 2982
809 16434 809 2975
652 15434 619 3026
630 14885 622 3030
760 17957 742 2977
809 16386 787 2977
835 16724 833 2969
632 14678 627 3043
742 17647 742 2980
742 17680 728 2982
767 16498 720 2983
831 17577 764 2974
647 15528 622 3027
734 17754 720 2985
786 16447 786 2981
787 16221 787 2978
811 16409 809 2975
808 17764 726 2979
775 17855 742 2977
776 17448 723 2981
626 14718 610 3040
654 15568 654 3015
675 15928 672 3011
742 18296 723 2981
782 17742 742 2977
650 16563 640 3010
665 15983 654 3010
776 16913 771 2974
800 17408 723 2981
810 16367 786 2981
622 14537 622 3044
728 17649 704 2988
875 16853 875 2967
615 14813 615 3049
632 14528 622 3044
757 16942 710 2989
780 17203 742 2978
812 16764 812 2970
834 16458 834 2971
854 16548 854 2968
