1616 104.244
691 16904 685 2991
633 15587 609 3031
707 16807 707 2984
704 16649 704 2986
649 15410 643 3009
657 15239 611 3028
724 16490 723 2981
742 16621 742 2977
640 15537 640 3010
648 14767 639 3011
877 18738 875 2967
676 16215 676 2995
642 15028 640 3010
652 14774 637 3015
641 14791 637 3015
682 16057 682 2993
682 16396 676 2994
705 16202 705 2988
712 16648 707 2984
663 14826 663 3001
664 14757 654 3006
637 14370 637 3016
629 13885 629 3026
666 15010 663 3000
663 15039 663 3000
624 14318 624 3022
654 14770 640 3010
654 14811 654 3006
660 15580 660 3001
723 16872 723 2981
656 14802 654 3006
686 16022 685 2992
683 14846 683 2998
705 16081 705 2989
671 15358 648 3008
661 14025 646 3014
620 14776 620 3025
685 16049 685 2992
660 14258 660 3008
636 14456 609 3030
635 14478 609 3030
635 14598 620 3025
718 16007 704 2988
660 14853 660 3002
655 14784 654 3007
720 16117 698 2988
662 14847 660 3002
623 15639 623 3023
637 14413 609 3030
720 16597 704 2986
792 16277 789 2973
707 16362 707 2985
764 16318 742 2977
636 14973 610 3029
698 16620 698 2987
716 15795 684 2994
703 16516 698 2987
667 14757 637 3015
721 16266 704 2986
698 16238 698 2988
757 16305 746 2976
696 16059 685 2991
624 14400 624 3020
789 16442 789 2973
624 14740 624 3019
661 13893 661 3010
639 15588 613 3026
627 15266 624 3018
748 16301 748 2977
640 14460 639 3012
639 14465 639 3012
875 18862 875 2967
664 14686 660 3003
764 16426 747 2975
758 16261 748 2977
628 13496 628 3027
735 16270 723 2981
745 16044 723 2981
688 15369 688 2991
624 15285 624 3018
748 16146 748 2978
664 14458 660 3007
649 13831 638 3018
631 13575 629 3026
632 13487 629 3026
742 16595 742 2978
634 14304 623 3025
670 14113 646 3012
700 14682 688 2998
654 15471 654 3002
691 16069 676 2994
686 14930 686 2997
717 16611 707 2984
650 13761 631 3020
639 15235 639 3011
650 15324 650 3006
726 15913 726 2980
719 15686 704 2987
670 14630 661 3006
629 14314 622 3024
764 16696 764 2974
746 16374 746 2976
689 15587 685 2992
630 13607 629 3026
642 13773 631 3021
640 15209 639 3011
693 14271 683 3001
648 13526 648 3015
688 14179 666 3005
666 15257 649 3007
626 15350 611 3027
645 13647 638 3019
646 13600 638 3019
663 14320 663 3007
770 16653 769 2973
688 16093 688 2990
649 15267 649 3007
716 15013 705 2991
643 14359 637 3016
664 14696 640 3010
750 15961 750 2979
747 15963 745 2979
657 14661 652 3008
669 15479 660 3001
652 14684 652 3008
644 14349 637 3016
653 14669 643 3009
662 14206 649 3011
683 14333 683 3002
630 14652 624 3019
762 16558 747 2975
683 14353 683 3001
714 15909 684 2993
696 14906 685 2993
624 15380 623 3023
727 15990 698 2989
638 15308 627 3017
670 13868 661 3010
671 14578 661 3005
726 15187 705 2989
620 14146 617 3026
666 14984 666 3000
771 16151 768 2974
650 14362 624 3020
688 15728 685 2992
628 14593 628 3018
670 14091 648 3012
711 15779 707 2985
646 13801 646 3017
706 14900 706 2991
676 14291 659 3008
665 14843 654 3005
653 14010 651 3013
678 15402 677 2995
691 14250 683 3002
664 13911 630 3025
670 13637 646 3016
684 14127 649 3011
728 15673 728 2980
669 15130 669 2998
628 14236 624 3022
720 16041 707 2984
685 14997 685 2993
630 14170 624 3022
692 15593 688 2990
646 13667 631 3021
666 15007 666 2999
833 16887 833 2969
661 14336 654 3008
812 16887 812 2970
690 15021 685 2992
705 15052 705 2990
649 13432 638 3031
645 14259 621 3023
676 14027 671 3006
710 14872 682 2995
684 14113 669 3003
630 13452 618 3027
768 16252 768 2974
768 15958 768 2975
668 14642 643 3011
665 14230 660 3009
670 13851 646 3014
695 14732 683 2997
706 15418 706 2986
730 15666 704 2987
682 14901 636 3016
706 14725 660 3002
791 16750 791 2971
640 13883 621 3026
667 13993 661 3007
690 15646 688 2990
714 14799 703 2994
623 13450 623 3028
631 13513 631 3022
654 14899 654 3003
778 16191 760 2977
890 18610 875 2967
692 14295 676 3000
722 15669 707 2985
667 14429 663 3002
683 14096 669 3005
652 13577 646 3018
706 14750 706 2992
728 15299 728 2981
770 16732 770 2972
720 14644 660 3003
689 14592 616 3028
627 15369 627 3017
720 15692 720 2982
726 14775 726 2989
618 14183 617 3026
675 15791 675 2997
624 15420 623 3022
648 14120 640 3012
650 14122 621 3024
747 16014 698 2988
779 16182 748 2977
789 16291 747 2976
854 17147 854 2968
637 14326 621 3023
687 14190 661 3003
688 14802 636 3016
747 16597 747 2975
750 16562 747 2975
629 14339 629 3019
646 13797 631 3020
692 14804 686 2995
699 14837 660 3002
702 14876 676 2998
625 15245 623 3022
639 14303 639 3013
677 15414 677 2995
720 14700 703 2994
634 14154 634 3017
668 14577 624 3019
648 13341 648 3019
656 14291 646 3010
621 14438 621 3024
713 16032 685 2991
635 14394 621 3023
663 14479 663 3002
733 16153 726 2979
621 13481 616 3031
646 13669 646 3018
671 14293 661 3006
689 14572 689 2996
720 15273 720 2984
637 15136 637 3015
646 14326 646 3010
702 14921 682 2995
769 16703 769 2973
670 13642 646 3015
717 15779 705 2989
683 14110 669 3004
710 16355 704 2987
713 14849 703 2994
750 16077 742 2978
631 13446 631 3023
767 16091 767 2977
640 14136 640 3012
653 15542 626 3016
655 13480 648 3015
661 13579 661 3011
790 16364 790 2972
640 14282 621 3024
644 13834 638 3019
668 14001 630 3024
683 14943 682 2995
732 15402 720 2983
739 15833 682 2994
631 14350 621 3024
669 14127 669 3003
676 14949 676 2996
678 14191 661 3003
678 14446 676 2999
731 15600 727 2981
749 15821 682 2994
642 13867 631 3020
646 15401 646 3008
726 16357 726 2979
664 14011 630 3024
677 14082 659 3007
694 14945 685 2993
746 15090 746 2986
