35 0.673633
767 17710 626 3077
767 18571 675 3013
710 18033 638 3043
724 17573 653 3020
790 19504 642 3021
791 19046 648 3021
713 17181 647 3023
718 18152 695 3004
747 17725 646 3053
800 19397 694 3008
725 17924 625 3084
738 18792 695 3003
745 18856 623 3063
746 18189 638 3025
785 19397 648 3017
684 17672 667 3053
719 16832 697 3068
721 18423 626 3054
726 18431 623 3083
733 19044 622 3046
737 18504 638 3022
745 17535 641 3061
750 18113 623 3049
753 17965 635 3042
763 18452 670 3014
781 18299 643 3023
802 19283 623 3030
816 20131 735 2999
981 23999 692 3002
696 17974 632 3069
718 18176 635 3042
729 18266 638 3029
772 18820 711 3002
780 18945 628 3028
813 20598 695 3002
841 21094 714 2999
872 21541 630 3020
894 21358 698 2999
707 16682 682 3090
718 16622 682 3090
719 17911 638 3063
727 18284 638 3029
737 18623 683 3011
754 18592 629 3025
773 19005 668 3016
797 20378 622 3031
804 19550 690 3004
804 19836 668 3014
808 19518 631 3021
815 20145 735 2999
851 21170 647 3019
689 16924 682 3102
692 17478 650 3021
710 17004 682 3078
721 17877 641 3056
726 17919 637 3040
738 18333 631 3027
740 18091 625 3031
740 18410 628 3029
747 18482 631 3022
760 18227 653 3017
794 19503 674 3006
795 19603 673 3012
804 18981 694 3004
811 19659 616 3031
831 20946 714 3000
845 20136 668 3010
855 20684 716 2999
877 21739 758 2996
884 21548 735 2998
887 21950 646 3019
921 22110 718 2992
