4 1.36055
767 18764 700 3164
752 19504 681 3196
762 19767 671 3131
767 19032 742 3139
776 18982 707 3127
788 19538 722 3109
802 19498 732 3124
843 21301 683 3107
879 21901 670 3104
753 19369 671 3144
762 18799 757 3157
767 19235 662 3146
768 19555 733 3137
769 19495 685 3133
774 18883 739 3119
775 19590 686 3121
779 19312 749 3108
780 18649 720 3161
792 20658 683 3127
796 19930 707 3112
799 19736 695 3114
804 20301 710 3108
808 19500 764 3104
810 20732 671 3124
813 19653 683 3130
816 20471 683 3127
817 20651 732 3097
818 21175 663 3144
821 20094 665 3123
823 20186 764 3103
825 19559 700 3108
827 20513 680 3108
837 19589 747 3090
841 20729 673 3111
842 21182 768 3084
845 20692 718 3091
847 20871 712 3084
847 21105 663 3125
856 20672 664 3140
856 21305 692 3104
858 22293 695 3100
861 20214 707 3101
862 20847 749 3086
862 21420 668 3108
864 19719 671 3134
866 21635 658 3174
870 20916 705 3078
872 19972 687 3096
873 21906 658 3125
889 21999 702 3091
895 22559 683 3099
900 21818 750 3068
913 21781 670 3092
916 21841 663 3124
963 23835 700 3082
963 24993 697 3083
968 22335 700 3089
990 24325 657 3142
1017 23812 652 3134
