2045 3.22453
565 13181 540 3280
593 13992 556 3257
572 13416 572 3265
578 13819 572 3245
564 13447 540 3290
556 13101 556 3295
581 13807 540 3272
613 13829 556 3258
578 13727 556 3260
594 13649 556 3262
569 14004 556 3267
560 13470 540 3275
621 15187 556 3255
563 13300 556 3268
572 13509 572 3257
620 13299 572 3265
572 13392 556 3267
585 13559 572 3250
567 13277 556 3278
584 13492 540 3271
571 13546 556 3266
572 13978 540 3267
572 13429 556 3263
584 13170 540 3290
567 13440 540 3276
617 14067 572 3240
