10 4.2582
610 15330 608 3317
626 14827 569 3398
633 14782 585 3304
662 15073 584 3291
696 15288 529 3366
607 15166 556 3329
624 14963 550 3385
631 15040 561 3330
636 14776 585 3304
652 15666 575 3311
677 16124 598 3270
705 15599 529 3362
730 16357 598 3268
621 15475 582 3304
624 14602 592 3312
624 14922 591 3418
631 15748 561 3321
637 14813 569 3398
644 15191 566 3312
646 14912 540 3320
651 14980 556 3312
656 15776 561 3294
658 15339 598 3302
658 16062 556 3282
659 16204 524 3387
660 15454 603 3298
660 15756 598 3274
661 15942 592 3290
663 14674 574 3311
670 16146 618 3263
685 15395 577 3304
685 16144 529 3362
708 16900 524 3383
719 17410 551 3299
740 17711 540 3319
740 17770 582 3278
750 17038 568 3281
754 16889 572 3276
761 16854 598 3256
817 20570 582 3274
832 19985 585 3274
875 20769 550 3311
