3 1.58407
677 17228 595 3464
693 17081 596 3434
717 16756 608 3490
718 17045 619 3384
724 17615 624 3378
727 16732 608 3480
748 17585 592 3411
769 18624 679 3344
823 19380 675 3330
668 16549 640 3487
674 16335 609 3413
688 17145 595 3456
689 16196 608 3497
691 17285 607 3444
693 17035 598 3390
700 16977 649 3411
701 16692 636 3389
705 15902 645 3409
709 16748 613 3406
709 18293 581 3396
710 18193 623 3386
712 17764 570 3394
713 16818 596 3459
715 16650 613 3386
715 17240 619 3384
717 16887 638 3379
723 17416 588 3459
729 16244 636 3414
730 17219 647 3372
732 18057 667 3371
733 18162 694 3367
733 18653 647 3361
735 15978 613 3399
738 16786 606 3491
738 18425 574 3359
740 18414 704 3347
744 17403 634 3374
746 17565 599 3379
746 17646 582 3389
746 17722 696 3362
747 18682 672 3353
750 17664 647 3368
751 18010 751 3358
751 19203 604 3353
759 18977 572 3382
763 18376 684 3366
765 17151 600 3369
767 18422 665 3356
768 17891 619 3355
780 17381 610 3349
784 16772 622 3376
804 17227 621 3368
812 19824 753 3338
813 20888 669 3346
831 20163 653 3346
887 21589 637 3343
906 21681 624 3334
