1237 61.1417
630 15055 518 3441
642 14342 518 3445
642 14544 518 3423
640 14627 518 3419
640 14592 518 3430
578 13849 578 3260
681 16338 598 3241
704 17033 598 3237
633 14538 572 3249
611 14282 556 3264
669 16639 578 3239
693 16011 598 3239
673 15263 546 3269
562 13513 562 3262
564 13509 562 3262
648 16118 545 3279
605 14829 556 3257
620 15071 572 3253
615 14338 562 3260
601 15112 556 3261
624 14795 562 3259
639 14869 562 3255
661 16211 556 3256
662 15306 562 3250
578 14114 578 3247
594 14420 594 3245
604 14408 594 3245
566 12331 566 3332
563 13262 562 3263
586 12566 582 3307
579 13712 578 3261
566 12428 566 3328
642 15449 546 3271
562 13512 562 3263
582 12415 582 3319
582 12532 582 3315
586 12529 582 3315
801 19061 523 3347
714 16615 545 3278
611 14738 572 3254
622 14864 540 3289
648 14404 540 3289
651 14990 540 3288
543 12791 540 3292
552 12774 540 3292
573 13078 535 3305
576 12953 535 3305
571 13175 562 3263
643 15250 529 3302
679 16297 572 3247
699 16467 572 3245
706 15717 545 3285
646 15376 529 3301
682 15191 529 3303
693 15931 524 3312
699 16250 540 3280
722 16544 529 3293
729 15951 529 3300
634 15250 529 3309
635 14930 529 3309
639 14925 529 3304
655 14858 529 3310
690 16346 524 3303
693 16707 518 3351
716 17139 529 3298
728 16091 524 3311
635 14875 529 3316
704 15720 524 3315
596 13759 524 3318
599 13634 524 3318
605 13504 524 3318
619 14411 534 3316
568 13279 534 3320
570 13264 534 3320
580 13246 534 3320
548 12719 524 3326
550 12795 524 3322
545 12780 524 3326
549 12715 524 3326
549 12807 524 3322
545 12849 524 3322
654 14232 546 3275
647 14607 562 3259
614 14188 572 3256
586 13696 578 3261
546 12706 546 3278
542 12787 540 3296
562 12792 556 3265
812 18341 572 3242
630 14243 546 3274
638 14572 556 3261
556 12795 556 3265
