3355 19.253
549 13223 545 3248
573 12759 518 3310
540 12726 540 3250
586 12841 561 3232
545 12752 524 3284
612 14414 516 3326
552 12781 539 3262
563 12629 545 3247
552 12344 518 3331
564 13446 528 3281
543 12583 540 3249
561 12741 518 3311
571 13065 528 3281
567 12687 529 3266
576 12849 517 3326
556 12406 556 3234
568 12860 561 3232
538 12854 524 3288
562 13256 508 3327
595 13211 593 3215
556 12708 518 3317
593 13327 593 3215
577 13088 577 3217
542 12888 529 3266
546 13267 546 3247
569 12347 556 3236
548 12601 524 3286
550 13004 545 3247
601 12977 528 3281
571 12970 518 3310
579 13311 517 3324
536 12694 529 3275
633 13435 626 3211
548 12243 540 3249
569 12931 517 3325
676 14470 676 3205
585 12965 578 3217
594 13290 594 3215
675 14395 675 3206
572 12502 572 3221
565 13585 518 3309
610 13279 610 3213
557 12935 518 3311
663 14285 659 3207
586 12884 578 3217
647 15255 516 3325
641 14446 641 3209
545 12542 508 3328
554 12139 540 3254
562 12407 518 3318
572 12728 572 3219
579 12590 572 3219
527 12396 524 3292
551 12501 539 3263
579 13231 518 3309
642 13884 642 3209
626 13557 626 3211
554 12755 518 3314
659 14337 659 3207
564 12696 529 3266
646 13881 642 3209
544 12512 540 3249
659 14394 658 3207
570 12749 539 3262
540 12333 529 3276
712 15533 709 3201
559 12653 545 3247
658 14428 658 3207
582 12974 577 3217
561 12852 529 3266
625 13776 625 3211
549 12486 518 3325
586 13202 518 3309
577 12827 508 3327
572 12450 572 3223
629 13471 626 3211
659 14111 659 3208
555 12646 524 3284
544 12366 529 3267
617 13219 611 3213
565 12925 561 3232
658 14192 658 3208
647 13805 642 3209
642 13843 642 3210
692 14885 692 3203
538 12663 529 3268
670 14131 658 3207
675 14589 675 3205
660 14008 659 3208
709 15682 709 3201
609 13375 609 3213
571 12653 539 3262
596 13200 518 3309
565 12993 508 3327
551 12833 545 3247
561 13170 561 3232
666 14149 658 3207
