70 11.2302
600 13032 518 3310
581 14299 577 3216
558 12532 540 3259
567 13339 517 3324
572 13163 572 3217
642 15997 642 3209
568 13108 518 3309
578 13802 516 3324
553 12924 539 3263
580 13765 516 3324
540 12866 540 3247
542 12548 540 3271
551 12540 529 3278
557 12652 529 3275
562 12417 562 3246
563 13820 516 3325
609 14941 609 3213
550 12500 540 3260
601 13937 577 3216
540 12069 540 3275
545 12304 545 3261
559 12806 539 3261
571 13581 516 3325
597 13219 517 3324
542 12574 529 3279
543 12503 529 3279
543 13095 529 3267
546 13017 529 3267
557 12424 556 3248
561 12730 561 3238
561 13104 561 3230
561 13410 518 3308
564 12257 517 3325
574 13151 572 3217
545 12131 508 3337
545 12606 545 3257
550 12471 524 3284
550 12905 524 3282
554 12272 508 3329
555 12120 508 3329
558 13105 528 3279
564 12332 562 3246
572 12454 572 3235
583 12705 518 3324
619 14912 609 3212
667 15866 660 3207
674 16018 659 3207
524 11845 524 3310
531 11975 524 3306
534 12026 534 3296
537 12736 508 3328
541 12711 540 3248
544 12303 540 3263
548 12706 524 3287
549 13211 518 3314
553 12725 545 3245
556 12331 556 3260
556 12478 556 3249
556 12494 556 3244
556 12705 556 3240
556 12796 556 3232
561 12580 561 3242
564 12491 508 3328
567 13843 517 3323
569 12858 518 3320
570 13757 516 3325
571 12103 517 3325
572 12698 572 3231
572 12704 572 3227
572 13292 517 3323
593 14342 593 3214
619 13148 517 3324
625 15401 625 3210
647 15887 642 3209
679 15477 517 3322
690 16400 676 3205
534 12192 534 3288
534 12581 524 3288
536 11977 534 3296
537 12082 534 3292
540 12289 524 3292
544 12015 508 3338
544 12937 523 3326
544 13426 518 3314
545 12973 545 3245
546 12623 545 3253
547 12189 524 3292
550 12706 540 3248
553 12694 529 3265
554 12150 517 3334
557 12415 556 3259
559 12939 539 3260
562 12317 562 3250
563 13101 529 3264
567 11940 540 3297
568 12780 524 3282
569 13376 517 3323
572 12815 572 3225
572 12897 572 3220
573 12745 572 3226
574 12611 572 3231
574 12789 556 3237
578 13214 578 3215
581 13435 508 3327
582 12410 534 3286
585 13623 516 3324
588 12819 518 3311
596 14297 593 3214
609 15052 609 3212
610 14423 610 3212
617 14715 508 3326
618 14666 508 3326
626 14568 626 3210
629 14619 609 3212
637 14152 611 3214
643 15014 643 3208
652 15647 642 3209
655 15976 642 3208
658 14852 643 3208
665 16327 659 3206
693 15975 659 3207
