5739 63.7077
595 12526 517 3322
593 12550 517 3322
530 11695 529 3272
529 11829 529 3272
546 11890 528 3279
531 11635 524 3282
536 11653 529 3279
541 11506 517 3323
529 11555 524 3283
545 11454 517 3323
530 11395 524 3287
534 11507 524 3282
543 11695 529 3265
526 11430 524 3287
561 11731 561 3230
534 11505 517 3324
535 11499 517 3324
550 11890 516 3324
562 11537 562 3230
538 11121 529 3282
539 11671 508 3325
538 11043 529 3286
541 11495 518 3307
540 11164 529 3280
540 11277 534 3277
538 11170 529 3278
539 11159 524 3284
537 11179 517 3324
529 11022 529 3287
559 11303 556 3232
561 11287 556 3232
540 11033 540 3248
540 11048 540 3247
560 11115 546 3246
549 11116 546 3246
556 11316 556 3232
545 11174 545 3245
565 11440 562 3230
540 11119 524 3286
542 11108 524 3282
542 10988 524 3286
544 10962 529 3264
544 10892 539 3261
545 11010 524 3282
544 10850 529 3265
552 10986 539 3260
540 10812 540 3251
555 10808 524 3283
555 10884 524 3282
541 10695 540 3252
557 10959 539 3260
558 10918 539 3260
558 10785 524 3283
545 10970 545 3250
540 10712 540 3252
546 10891 529 3264
544 11004 539 3260
558 10857 529 3264
546 10943 545 3250
546 10733 546 3250
546 10940 546 3249
548 10715 546 3250
548 10733 546 3249
556 10785 556 3239
556 10895 556 3237
727 12694 726 3197
726 12714 726 3197
557 11119 556 3236
611 11432 609 3211
558 11051 556 3236
556 11167 556 3236
556 10733 556 3243
609 11445 609 3211
577 10952 577 3215
593 11090 593 3213
519 10823 517 3325
658 11729 658 3205
641 11649 641 3207
612 11337 609 3211
625 11426 625 3209
675 11788 675 3203
692 11893 692 3201
709 12277 709 3199
710 12265 709 3199
659 11501 659 3205
567 10623 561 3230
692 11872 692 3202
581 10871 577 3215
557 10661 556 3248
561 10691 561 3234
709 12247 709 3200
556 10662 556 3248
612 10976 612 3212
693 11859 692 3202
658 11606 658 3206
677 11689 675 3204
693 11872 692 3201
675 11721 675 3204
676 11701 675 3204
572 10514 572 3223
641 11555 641 3208
645 11529 641 3208
573 10569 572 3218
577 10818 577 3216
572 10594 572 3217
572 10581 572 3218
595 10731 595 3213
578 10618 578 3216
594 10908 594 3213
594 10868 594 3214
578 10620 578 3215
627 11115 627 3209
611 11001 611 3212
572 10557 572 3221
610 11057 610 3211
573 10997 556 3236
626 11154 626 3209
643 11231 643 3207
642 11318 642 3207
518 10726 508 3326
676 11569 676 3203
660 11305 660 3205
519 10709 508 3326
643 11216 643 3208
660 11257 660 3206
508 10322 508 3327
647 11208 643 3208
663 11178 643 3208
663 11195 643 3207
660 11185 644 3208
511 10248 508 3327
526 10544 508 3326
508 10053 508 3332
508 10098 508 3328
528 10966 524 3288
524 10374 524 3292
531 10671 524 3288
508 10004 508 3336
530 10823 524 3288
525 10396 524 3291
531 10702 524 3287
524 10221 524 3296
524 10207 524 3300
534 10554 534 3286
540 10421 540 3283
511 10045 508 3328
533 10366 524 3291
512 10003 508 3336
534 10602 534 3285
534 10457 534 3289
524 10071 524 3315
524 10303 524 3295
518 10255 518 3308
518 10132 518 3324
518 10226 518 3309
525 10069 524 3315
535 10267 535 3294
515 9992 508 3327
521 10072 518 3324
545 10621 529 3274
540 10440 540 3276
518 10187 518 3312
529 10184 518 3312
546 10596 546 3272
546 10625 529 3273
535 10326 535 3289
546 10600 529 3274
515 9944 508 3328
535 10271 535 3293
516 9927 508 3328
515 9878 508 3333
518 10159 518 3316
533 10341 524 3292
535 10470 535 3285
545 10460 535 3285
538 10471 524 3287
535 10303 535 3290
