233 50.14
603 14407 517 3324
563 12710 562 3230
582 12609 539 3262
638 15090 517 3322
560 12744 539 3261
567 12587 545 3247
557 12578 556 3232
554 12320 540 3249
563 12569 524 3282
604 14578 517 3323
564 12641 539 3261
564 12499 524 3282
579 12689 577 3215
566 12323 546 3247
571 12452 546 3246
544 12315 518 3307
565 12964 545 3245
544 13173 524 3283
586 12333 529 3264
543 13347 524 3283
605 14350 516 3324
585 12477 539 3260
556 11367 556 3263
556 11385 556 3262
572 11558 572 3249
581 12552 540 3247
610 14270 517 3323
565 13005 540 3247
556 12072 556 3239
558 13083 545 3246
578 12414 556 3235
578 12696 545 3245
581 12523 545 3245
556 11883 556 3242
554 12742 524 3282
577 13290 577 3215
555 11577 524 3287
587 12638 561 3231
540 11234 540 3276
556 11593 556 3244
592 12494 545 3245
530 12261 524 3287
548 11940 524 3284
593 12213 593 3214
624 12435 577 3216
621 12490 577 3216
529 11236 529 3287
529 11288 524 3288
603 12380 556 3233
604 12303 545 3247
620 12772 561 3230
529 11356 529 3270
540 11434 540 3265
556 11501 556 3259
558 12131 529 3265
529 11240 529 3279
545 11327 529 3270
524 11190 524 3289
588 12264 539 3260
594 12114 594 3213
585 11997 578 3216
540 11100 524 3289
592 12189 539 3260
588 12388 572 3217
529 11261 529 3275
592 12062 578 3215
541 12162 508 3325
542 12408 524 3285
575 11525 572 3246
551 11739 529 3266
614 12554 577 3216
530 12447 524 3284
575 11467 572 3250
561 12924 561 3230
540 12664 540 3259
586 12519 545 3245
581 12087 556 3238
630 12357 561 3233
535 11254 529 3275
572 11670 572 3227
572 11692 572 3226
572 11861 572 3222
573 11659 572 3226
578 11838 572 3224
579 11829 579 3222
579 11835 579 3221
579 11850 579 3217
579 11877 563 3239
726 13007 726 3197
536 12677 518 3308
544 12160 524 3285
547 11536 540 3262
557 13629 545 3245
551 11565 540 3253
646 12489 561 3230
593 13115 593 3213
556 11560 556 3258
578 12975 577 3215
548 11445 540 3262
556 11866 556 3243
573 14225 539 3260
526 12276 524 3288
557 11579 556 3242
545 11839 545 3251
542 11134 529 3287
524 11983 518 3313
538 11566 508 3341
578 14140 539 3260
546 12769 524 3282
554 11707 529 3267
542 11171 529 3286
628 12318 577 3215
596 12409 593 3213
529 12100 518 3311
535 11404 508 3349
539 11475 518 3345
582 12501 562 3230
594 12128 572 3217
570 12616 562 3230
676 12421 676 3203
524 10873 524 3293
564 11870 518 3321
634 12126 577 3216
545 12131 545 3249
555 11554 512 3347
572 12576 572 3217
621 12603 577 3215
554 11890 524 3285
572 12448 572 3221
677 12021 677 3203
534 11019 534 3291
553 11652 508 3334
573 12558 572 3217
575 12459 572 3217
693 12126 693 3202
538 11362 508 3349
542 11594 508 3335
562 12372 561 3234
538 11336 512 3356
618 11989 578 3215
546 12599 529 3264
599 11784 593 3213
529 11133 524 3289
644 13274 641 3207
658 13453 658 3205
693 12145 693 3201
597 11932 593 3213
615 11934 609 3211
646 13206 641 3207
541 11957 518 3309
584 12349 578 3219
616 11801 610 3211
642 11776 642 3207
678 12093 676 3203
599 13684 528 3279
627 11718 626 3209
641 13302 641 3207
691 12078 676 3203
521 11920 508 3326
595 13549 528 3280
640 11673 626 3209
518 11976 518 3315
518 11920 518 3316
584 12311 578 3220
671 12044 659 3205
542 12198 540 3251
544 12044 540 3251
519 11726 508 3327
743 14069 743 3195
524 10981 524 3292
535 10962 535 3291
609 12024 609 3211
625 11799 625 3209
710 12497 710 3199
655 11659 626 3209
659 12067 659 3205
675 13131 675 3203
709 13312 709 3199
711 12479 710 3199
742 12993 727 3197
508 11659 508 3331
540 10902 540 3280
556 12125 556 3236
617 11806 609 3211
692 13011 692 3201
694 12139 693 3201
694 12902 675 3203
709 13242 709 3200
