3852 6.56714
544 13168 540 3293
547 13237 540 3279
561 12991 529 3280
577 13067 529 3277
563 13067 556 3245
552 13111 540 3268
556 12694 540 3286
564 12994 524 3302
548 12830 540 3272
554 12992 540 3263
556 12846 545 3261
583 13514 529 3268
557 13235 556 3246
578 13316 529 3273
582 13570 524 3288
556 12984 540 3268
551 13340 540 3263
578 13465 546 3253
575 13655 540 3255
565 12867 524 3295
601 13692 524 3287
560 13449 556 3242
605 13361 529 3272
552 13184 540 3256
556 12730 556 3250
583 13307 529 3276
551 13149 540 3268
