1379 13.8223
567 12957 540 3248
566 13294 540 3248
581 14086 577 3215
567 13077 540 3247
528 11942 518 3332
568 13060 540 3247
553 12673 529 3273
590 13662 529 3264
546 12075 518 3309
546 12944 529 3274
566 12909 524 3285
553 12319 518 3308
544 12102 517 3323
544 12015 508 3327
549 12348 518 3308
529 12595 529 3278
525 12075 524 3294
577 12947 524 3284
567 12952 524 3284
557 12007 508 3326
569 12937 539 3262
524 11727 524 3300
569 13322 529 3265
529 12421 529 3282
565 13160 539 3262
534 12436 529 3281
533 12538 529 3277
535 12513 529 3278
535 12326 529 3282
531 12437 529 3281
539 11793 508 3333
531 12369 529 3282
566 12987 539 3260
535 11900 508 3333
526 11922 524 3294
540 11701 508 3328
582 13459 577 3216
540 11792 517 3324
529 11767 518 3317
569 12911 529 3266
546 12291 524 3287
546 11782 508 3327
610 13217 610 3212
548 11750 517 3323
546 11759 517 3323
532 12039 524 3290
557 12999 528 3279
532 12021 524 3291
611 13256 610 3211
555 12148 517 3322
625 13364 625 3209
610 13332 610 3211
626 13230 626 3209
557 13013 524 3283
629 13189 626 3209
642 13357 642 3207
546 12355 540 3251
631 13063 628 3209
612 13189 611 3211
660 13285 660 3206
596 13067 577 3215
628 13094 628 3209
558 11733 556 3267
592 13090 577 3215
596 12960 593 3213
661 13186 660 3206
593 13349 593 3213
646 12759 611 3211
644 12906 644 3208
644 12908 644 3207
646 12867 644 3207
660 13298 660 3205
646 12819 628 3209
637 13136 627 3209
687 13511 676 3203
676 13477 676 3204
692 13668 692 3201
612 13376 609 3211
676 13604 676 3203
687 13654 675 3203
710 13729 709 3199
709 13748 709 3199
609 13397 609 3211
611 12913 611 3212
595 12849 595 3213
608 12785 594 3214
696 13414 676 3203
540 11521 540 3270
592 12377 578 3216
696 13411 693 3201
606 12796 594 3214
527 11309 524 3297
578 12664 578 3215
693 13521 693 3201
556 11952 556 3233
556 12051 556 3232
677 13497 675 3204
623 12635 611 3212
545 12170 545 3246
633 12632 611 3212
524 10924 524 3322
545 11980 545 3250
565 12560 545 3245
652 13268 641 3208
556 11936 556 3236
545 12054 545 3249
675 13526 675 3204
579 12386 579 3215
643 13311 641 3208
572 12186 572 3217
641 13387 641 3208
694 13471 693 3201
615 13036 610 3212
556 11862 556 3240
569 11754 556 3246
572 12048 572 3219
611 13110 610 3212
561 11970 561 3230
673 13142 660 3206
658 13654 658 3205
612 13091 610 3212
556 11784 556 3250
633 13096 625 3210
572 11990 572 3228
626 13114 626 3210
672 12999 661 3205
620 13064 610 3211
570 11916 561 3235
661 13100 661 3205
524 10925 524 3307
621 13177 609 3211
613 12813 611 3211
617 13040 609 3212
529 11046 529 3284
526 11163 524 3302
529 11107 524 3302
677 13019 660 3205
556 11791 556 3242
629 13123 625 3210
534 11062 524 3301
641 13512 641 3207
671 13239 660 3205
524 10932 524 3306
602 12359 598 3213
544 11189 516 3334
598 12327 598 3214
540 10959 540 3294
525 11180 524 3302
612 12775 611 3212
537 11208 516 3334
529 11236 524 3301
540 11004 540 3271
524 11214 524 3302
570 11799 556 3241
537 11248 529 3276
677 12989 677 3203
530 10941 518 3315
658 13312 658 3206
646 12920 627 3210
561 11184 517 3324
537 11191 516 3335
541 11059 540 3270
726 13960 726 3197
545 11199 508 3337
694 13392 694 3201
644 13161 642 3208
743 14141 743 3195
545 11266 508 3329
570 11885 561 3239
642 12952 627 3210
530 10992 518 3310
540 10925 540 3302
537 11234 529 3280
540 11826 540 3255
553 11801 540 3263
534 11056 508 3338
598 12376 598 3213
545 11234 517 3324
545 11553 545 3269
671 13208 643 3207
675 13708 675 3203
