5619 84.9026
525 11912 524 3282
517 10724 517 3322
517 10318 517 3324
517 10593 508 3325
525 10923 524 3284
518 10180 508 3325
517 10256 517 3325
524 10645 524 3285
524 11025 524 3283
525 10115 524 3291
524 10126 524 3291
561 10527 561 3230
508 9816 508 3328
546 10065 546 3249
524 9918 524 3310
510 9824 508 3326
518 9929 518 3309
554 10117 546 3247
508 9847 508 3326
508 9832 508 3327
518 10566 518 3307
558 10123 546 3245
524 9948 524 3300
562 10185 562 3230
540 9947 540 3256
556 10007 556 3232
540 10059 540 3251
509 9774 508 3331
525 9946 524 3296
524 9964 524 3296
513 9822 508 3326
524 9941 524 3301
610 10599 610 3211
523 9728 508 3332
518 10244 518 3308
524 10013 524 3295
541 10216 539 3260
626 10698 626 3209
521 10349 517 3323
625 10965 625 3209
562 10168 562 3231
625 10921 625 3210
559 10078 546 3247
525 9844 524 3304
593 10449 593 3214
578 10380 577 3215
577 10358 577 3216
509 9807 508 3327
530 10041 529 3269
541 10086 529 3264
638 10687 626 3209
524 9766 524 3319
609 10909 609 3211
565 10032 546 3249
612 10723 609 3211
526 9898 524 3296
540 9925 540 3257
547 10079 529 3264
594 10360 594 3213
529 10062 529 3274
611 10584 611 3211
627 10727 625 3209
525 9873 524 3300
526 10065 524 3294
508 9739 508 3332
518 9800 518 3312
517 10360 517 3323
540 10149 540 3247
528 10485 528 3279
539 9996 524 3284
538 10067 529 3265
525 9900 524 3299
525 9855 524 3303
676 10938 676 3203
529 10240 529 3264
594 10346 594 3214
643 10880 641 3207
510 9749 508 3328
556 9875 556 3236
546 10021 546 3250
530 10029 524 3284
693 11162 692 3201
528 10434 528 3280
572 9882 572 3224
529 10097 529 3265
577 10400 577 3215
593 10481 593 3213
692 11173 692 3201
526 10066 524 3290
560 10062 546 3245
585 9879 572 3224
540 9958 540 3252
659 10827 659 3205
539 10289 539 3260
642 10694 642 3207
524 9745 524 3323
552 10142 540 3247
539 10136 539 3261
510 9759 508 3327
641 11065 641 3207
532 10311 517 3322
530 9915 529 3270
521 9788 518 3312
569 9980 556 3232
572 9919 572 3223
579 10339 577 3215
521 10377 517 3322
542 10112 540 3248
676 10947 675 3203
564 10278 561 3230
566 10082 562 3230
693 11058 693 3201
527 10071 524 3282
518 9774 518 3313
660 10728 659 3205
556 9863 556 3237
626 10624 626 3210
692 11158 692 3202
526 10366 517 3322
528 10592 516 3324
726 11443 726 3198
513 9744 508 3328
726 11453 726 3197
533 9917 529 3269
709 11313 709 3199
743 11755 743 3195
523 9689 508 3336
526 9815 524 3304
545 10124 545 3245
658 10865 658 3205
628 10575 626 3210
572 10120 572 3217
551 10001 540 3251
526 9871 524 3297
675 11007 675 3204
532 10174 529 3264
528 9906 524 3285
519 10031 518 3308
525 9811 524 3305
526 10090 524 3282
524 10136 524 3286
524 10067 524 3294
675 11014 675 3203
540 9981 529 3266
513 9732 508 3336
572 9931 572 3219
523 9738 508 3331
522 9972 518 3308
533 9854 529 3270
594 10270 578 3216
609 10623 609 3212
