14 4.38009
652 15014 540 3343
716 16582 524 3325
612 14833 567 3281
635 15016 551 3278
645 14625 572 3267
654 15008 529 3356
659 15736 540 3312
741 17918 540 3292
608 15229 540 3366
615 14865 572 3272
618 15049 598 3264
634 14890 524 3360
639 14639 572 3256
640 14219 563 3284
640 14547 569 3280
645 15297 556 3272
651 16419 550 3297
655 15552 542 3316
674 16137 612 3244
675 15266 550 3289
675 16068 567 3271
706 18004 524 3325
736 17703 535 3303
746 17824 540 3292
588 14411 545 3301
591 14012 572 3313
604 14268 524 3369
606 14853 562 3291
610 15093 540 3337
611 15000 542 3365
620 14227 570 3420
621 14096 566 3290
626 14927 556 3283
627 13758 567 3292
629 14585 576 3277
637 14753 562 3285
642 15697 540 3335
648 15121 524 3347
651 15040 529 3345
655 15123 535 3328
659 15740 534 3315
660 15501 540 3311
662 15289 572 3246
663 13687 582 3368
668 15692 540 3295
674 14604 572 3271
678 16769 529 3335
692 17609 572 3231
699 16147 524 3333
707 16369 556 3266
712 16729 539 3301
720 16829 598 3243
728 17565 567 3263
748 16713 539 3299
819 19682 508 3381
