18 2.3031
589 14467 556 3285
638 15103 572 3240
564 14341 524 3346
595 14130 556 3275
595 14591 550 3300
609 14217 556 3252
611 14986 529 3300
624 15116 540 3270
627 14764 572 3244
652 16031 556 3244
678 16303 598 3233
569 14252 568 3304
582 14399 568 3289
582 14635 572 3251
589 14391 568 3284
590 14383 572 3255
601 13766 573 3327
602 14895 546 3287
605 14583 556 3271
609 14058 572 3264
617 14920 545 3274
618 14971 517 3378
630 14731 572 3246
630 14824 598 3236
630 14920 540 3271
636 14528 529 3288
645 15270 518 3334
658 15268 556 3251
672 14268 529 3289
674 16544 598 3233
692 14938 529 3285
698 16008 598 3232
712 17877 598 3226
726 17009 508 3347
743 17258 572 3225
567 14296 524 3346
576 14068 551 3300
583 13104 583 3336
587 13857 540 3310
587 14222 551 3293
588 13871 540 3305
591 14409 524 3303
598 13827 584 3310
602 13976 562 3277
602 15339 570 3257
605 13431 545 3276
605 15146 540 3265
613 15065 540 3280
613 15431 578 3247
618 15751 578 3244
619 13811 524 3314
627 14655 529 3287
627 15444 508 3364
628 14580 529 3287
629 15125 572 3237
633 15422 508 3369
634 15249 524 3301
642 14304 572 3237
643 15663 524 3299
644 14554 517 3341
645 14500 545 3262
647 15821 598 3234
650 15411 508 3364
657 15989 508 3353
658 14995 518 3334
659 15080 524 3297
660 15744 572 3234
669 14644 540 3286
669 15728 529 3281
670 15465 556 3243
672 14998 529 3284
677 14117 524 3310
679 16363 594 3232
680 16777 546 3260
681 15253 529 3281
683 15764 598 3233
684 16213 598 3232
686 16252 594 3228
701 17100 594 3227
705 17233 578 3231
715 16861 598 3225
719 17590 598 3221
725 17040 572 3232
729 16904 508 3347
764 18164 529 3279
769 18224 556 3242
778 18101 540 3253
790 18326 518 3329
