669 23.635
554 14462 510 4332
540 13787 511 4378
539 13951 501 4373
549 13895 501 4348
539 13992 482 4372
560 13900 468 4372
613 14274 463 4201
540 14018 511 4367
598 13844 467 4195
543 13671 494 4350
567 14286 463 4189
567 14492 459 4197
540 13918 492 4372
543 13522 494 4351
601 14015 467 4194
543 13673 504 4341
548 13718 484 4350
541 13564 475 4353
559 13854 475 4346
559 13718 475 4352
535 14048 484 4359
546 14270 484 4347
559 13914 475 4345
541 13765 536 4344
557 14095 475 4350
541 13823 526 4344
559 14017 484 4209
553 14361 479 4342
559 14097 484 4194
557 14188 496 4339
540 13935 526 4324
630 15201 470 4002
553 13898 496 4348
594 14895 438 4135
629 15641 470 4001
573 14521 460 4131
585 14882 451 4138
583 14520 440 4146
594 14870 451 4129
602 15074 451 4128
585 14734 438 4140
582 14629 482 3987
587 14635 483 3981
606 15111 461 4023
637 15850 456 4014
659 16028 438 4115
574 14402 458 4130
597 14627 470 4017
629 15563 470 4006
597 14972 454 4128
583 14686 438 4145
558 13931 497 4001
572 14084 489 3985
569 14356 489 3986
572 14313 441 4147
580 14321 489 3981
560 13993 475 4007
572 14415 459 4143
600 14876 482 3980
571 14731 469 4175
608 14679 459 4022
562 14168 486 3989
615 15453 433 4146
564 14168 475 4006
588 14545 482 3986
557 13902 497 4004
567 14372 483 3985
578 14210 471 3996
587 14522 487 3967
695 16703 444 4084
669 16362 444 4089
615 14958 438 4132
583 14547 486 3973
604 15195 459 4032
562 14202 482 3991
614 15265 434 4141
569 14140 486 3989
612 15684 480 3992
568 13989 486 3992
595 14627 483 3974
626 15773 434 4136
588 14914 482 3983
604 15166 434 4142
573 14064 489 3990
583 14445 487 3983
583 14231 489 3979
709 16947 444 4069
640 15699 451 4096
562 14129 486 3990
638 16738 448 4092
659 16229 444 4101
566 13999 494 4003
603 15194 434 4142
629 16232 471 3993
577 14572 486 3983
635 15857 451 4100
576 14600 486 3983
642 15346 480 3989
661 15595 482 3978
625 15516 480 3993
566 13792 494 4004
639 15422 482 3979
668 15975 444 4100
699 17029 444 4069
607 14115 482 3992
607 14146 487 3986
623 15677 469 4007
600 14101 487 3987
600 14053 487 3988
604 15457 481 3986
612 15027 459 4014
610 15357 459 4011
642 16500 481 3982
629 15919 468 4003
685 16913 468 3981
566 13735 494 4018
707 16972 444 4053
632 15885 468 4007
615 15408 468 4008
745 18230 444 4051
717 17779 444 4052
676 16370 443 4109
627 15984 450 4053
657 16414 444 4120
677 16893 443 4093
713 17956 459 3925
724 15651 515 3785
602 14840 466 4064
604 14869 466 4061
696 16089 491 3830
698 16249 491 3825
730 15911 515 3783
687 16718 443 4108
639 16089 504 3838
634 15957 504 3860
642 15761 447 4000
744 17509 503 3773
730 15886 509 3805
711 16782 475 3844
743 17478 497 3783
698 17603 503 3772
765 17384 503 3773
683 16648 497 3797
592 15041 466 4061
712 17448 496 3788
581 13909 539 3871
663 16790 497 3790
582 13728 539 3871
730 17761 495 3768
607 14962 457 4074
706 16659 497 3786
673 17127 467 3884
701 16491 497 3789
584 14001 554 3855
611 14893 457 4070
651 16809 491 3835
733 17693 495 3763
735 17041 496 3784
664 16007 495 3815
695 15946 506 3801
714 16117 485 3819
678 16133 495 3802
685 15545 514 3810
719 16237 485 3818
730 16904 497 3784
611 14883 457 4078
646 15370 532 3808
696 17355 491 3789
603 15125 466 4055
617 15335 452 4088
574 13858 523 3880
583 14014 554 3855
598 14193 554 3851
722 16252 484 3813
668 15481 528 3794
565 13670 523 3888
581 13838 523 3885
595 14095 525 3857
617 15315 452 4089
694 16318 495 3801
754 16968 496 3788
596 14885 466 4056
754 16529 495 3798
744 18232 491 3784
585 14063 525 3868
622 14050 507 3887
668 16414 523 3763
706 16376 483 3828
574 13696 539 3875
592 14076 507 3882
754 16968 495 3789
593 14232 525 3855
703 17740 467 3857
711 16514 479 3822
712 16492 479 3822
712 16516 479 3814
716 16171 483 3825
603 14528 537 3849
664 16095 507 3767
756 16593 482 3808
694 15792 491 3835
745 18107 491 3787
728 16599 482 3799
746 16214 479 3820
593 14308 510 3851
661 17034 477 3867
646 15689 521 3786
718 15831 479 3827
752 16901 496 3791
563 13638 539 3884
691 17762 471 3850
557 13450 507 3913
669 15396 521 3786
613 14958 509 3860
623 15312 521 3813
635 15585 525 3791
643 15786 521 3785
721 16651 473 3831
569 13696 539 3877
571 13561 507 3912
570 13385 539 3889
647 15841 520 3841
667 15603 521 3786
691 17470 477 3820
586 13547 555 3883
611 14294 509 3873
620 14742 595 3822
675 17203 471 3858
687 16054 509 3797
723 18181 471 3848
608 14595 537 3848
716 17626 460 3864
621 16007 520 3837
615 16026 523 3846
661 16643 536 3752
662 15272 643 3745
620 14659 595 3825
629 15826 505 3847
662 15336 643 3740
691 17833 467 3858
585 13665 523 3875
604 14826 509 3865
708 16917 473 3815
585 13807 523 3870
619 14820 595 3821
568 13852 507 3912
619 15836 523 3846
662 15354 643 3736
666 16542 488 3826
617 13800 507 3902
696 16503 480 3841
624 14479 595 3825
696 18236 474 3818
691 17809 467 3859
706 16529 539 3732
720 17472 659 3709
558 13303 507 3914
563 13585 523 3889
670 16253 633 3728
622 15804 535 3761
702 17909 495 3780
582 13856 499 3931
688 17111 656 3724
656 16656 479 3805
674 16852 479 3804
686 16938 499 3779
633 15990 491 3841
714 16390 479 3809
722 16197 535 3752
613 13738 519 3896
635 15607 567 3742
681 17293 479 3798
569 13486 523 3886
701 15538 495 3817
610 14593 509 3877
687 17690 467 3861
701 16977 633 3722
604 14681 509 3869
715 16357 479 3809
667 16823 475 3842
595 14936 592 3799
622 14923 579 3822
674 16106 486 3849
674 16575 499 3785
677 16270 488 3837
595 14907 592 3813
585 14094 509 3890
669 16914 495 3792
583 15031 538 3842
564 13340 539 3890
690 16943 656 3710
726 16250 536 3749
646 16697 508 3825
592 14872 592 3815
647 15459 492 3926
677 16274 473 3849
688 16105 688 3729
690 16732 656 3724
695 16927 643 3719
585 14351 550 3840
599 14679 550 3825
636 15364 551 3736
664 15935 488 3843
706 16654 649 3716
563 13281 511 3907
643 15959 497 3862
691 16416 672 3714
703 16882 633 3723
707 16728 688 3700
607 15687 527 3784
644 15818 567 3730
654 16218 478 3890
685 17347 479 3797
694 16772 633 3727
694 16842 649 3726
698 16772 649 3716
720 17530 567 3729
593 15031 592 3810
622 13930 519 3890
642 15812 494 3868
648 15380 485 3862
683 16936 631 3725
576 14388 550 3834
622 14927 594 3811
582 14049 491 3932
603 14379 579 3832
605 14644 534 3846
608 15081 608 3785
634 15555 494 3887
646 16233 478 3898
654 16173 478 3898
577 13926 491 3939
592 14565 534 3862
598 14844 550 3833
648 16039 564 3735
664 15930 488 3847
678 16790 659 3714
691 16369 691 3722
691 16432 672 3705
699 17010 672 3702
571 13880 494 3895
579 14527 520 3867
599 15300 538 3745
605 14406 579 3828
606 15746 529 3797
608 15567 526 3763
646 16228 478 3904
662 16055 485 3856
688 16581 688 3701
692 16430 672 3708
698 16502 643 3719
546 12966 523 3895
546 12973 523 3893
589 13782 491 3939
598 14572 492 3927
642 15998 497 3835
650 15509 516 3831
652 15596 495 3820
675 17369 467 3862
702 16753 659 3713
720 17681 567 3725
