4 1.87329
729 18155 622 4366
776 19128 536 4340
709 18452 595 4451
713 18839 625 4423
729 18208 622 4361
731 18725 643 4328
737 18855 598 4402
740 18490 622 4350
741 19044 592 4446
748 18091 696 4404
749 18821 593 4440
762 19744 592 4412
767 19101 564 4431
776 17856 638 4423
777 18830 610 4362
790 18419 613 4388
799 20018 675 4284
802 19672 536 4339
819 20562 670 4292
826 21722 565 4332
828 20195 638 4317
840 21767 532 4484
840 22480 585 4324
845 21370 634 4323
848 21058 631 4331
859 21782 631 4327
869 22262 605 4316
895 22333 793 4283
924 22410 588 4245
961 22139 742 4279
