3807 232.314
651 16676 452 4106
554 13642 461 4085
545 13369 457 4095
542 13581 457 4096
574 13634 500 4062
572 13787 489 4061
580 13761 493 4062
580 13653 489 4063
548 13347 457 4091
542 13292 493 4072
548 13427 464 4075
540 13334 482 4073
542 13280 500 4073
540 13373 472 4075
542 13545 481 4071
567 14108 460 4087
546 13693 452 4107
575 14023 461 4081
511 13300 465 4108
567 14265 481 4065
531 13262 464 4076
528 13029 475 4076
528 13056 493 4075
544 13094 475 4070
547 13326 473 4070
529 13011 475 4076
545 13075 475 4070
538 13409 469 4073
538 13433 474 4072
547 13452 473 4067
547 13478 474 4066
588 14139 505 4057
541 13396 469 4073
555 13316 469 4073
532 13245 475 4074
535 13457 469 4073
567 13404 464 4075
568 13736 469 4072
520 13087 475 4087
531 13073 461 4090
546 13622 474 4067
528 13022 461 4091
544 13331 475 4068
519 12970 475 4092
519 13017 475 4088
545 13014 475 4074
531 13097 475 4075
532 13070 461 4090
519 12990 493 4091
519 13037 493 4087
531 13091 461 4086
532 13104 457 4097
547 13161 475 4069
529 13041 493 4075
545 13121 493 4069
545 13057 493 4073
531 13125 493 4074
547 13205 493 4068
520 13105 493 4086
544 13707 474 4071
551 13319 493 4067
529 12946 461 4091
532 12976 457 4102
531 13229 464 4080
516 12985 475 4092
547 13271 473 4074
541 13316 456 4108
507 13197 475 4119
511 13341 471 4107
513 12993 479 4106
529 12950 475 4080
536 13172 464 4080
529 13003 475 4077
519 13098 452 4109
545 13011 473 4075
519 13008 475 4089
516 13050 482 4088
519 12959 464 4093
519 13078 461 4098
516 12961 464 4093
516 13010 475 4089
519 13083 464 4092
519 13153 482 4087
520 13057 464 4092
529 13340 481 4075
529 12937 493 4083
529 12950 464 4081
529 12917 482 4084
529 12918 464 4085
529 12929 475 4084
530 13517 474 4077
529 13313 469 4078
529 12949 482 4080
529 12969 493 4079
529 12942 461 4095
528 12985 475 4080
544 13051 475 4074
544 13069 473 4075
545 13002 475 4078
545 13002 473 4079
528 12958 482 4080
528 13003 493 4079
528 12968 464 4081
519 13020 461 4102
516 12907 461 4107
516 13073 475 4088
519 13088 464 4088
516 12962 456 4114
560 13544 518 4065
516 12962 452 4118
519 13038 452 4113
561 13346 489 4065
566 13538 489 4064
516 12922 461 4103
531 13116 457 4097
519 13228 475 4087
