900 143.261
542 14365 410 3802
466 11430 450 3999
497 12348 432 4049
469 11239 450 3999
689 17674 426 3676
710 17372 422 3710
701 17288 438 3657
715 17422 426 3676
489 11633 450 3975
673 17093 435 3676
533 13563 478 3816
478 11918 470 3970
680 16215 436 3673
522 12438 485 3900
493 11484 438 4008
512 12754 490 3930
471 11282 450 3991
673 16561 423 3707
539 13040 526 3666
473 11467 450 3978
545 13222 434 3918
527 12891 452 3908
620 15775 423 3717
642 15972 438 3662
630 16396 418 3721
506 12671 432 4040
537 12695 537 3685
598 14948 422 3759
492 12080 450 3965
498 12288 459 3956
644 16738 412 3748
625 15870 430 3678
570 13534 429 3782
655 15076 427 3684
468 11359 450 3989
515 12483 473 3923
524 13318 442 3880
564 13566 438 3753
495 11857 450 3964
480 11860 464 3970
532 12666 485 3897
484 11686 450 3975
492 11870 459 3961
655 16028 426 3681
651 16161 422 3711
528 13697 452 3841
481 11783 450 3972
571 13801 428 3774
675 16285 440 3654
500 12162 466 3953
533 13219 525 3697
533 13104 494 3702
514 12873 424 4031
538 13395 424 4015
556 13594 429 3772
481 11817 438 4004
557 14644 410 3797
500 12324 450 3958
531 13716 445 3779
487 11898 457 3961
486 11808 452 3967
564 13012 478 3700
560 14291 413 3794
661 15592 415 3729
469 11348 450 3983
661 15509 414 3731
674 16779 435 3675
637 16173 437 3676
551 13587 436 3819
610 16013 412 3762
615 14809 438 3677
546 13398 476 3618
548 13719 433 3812
507 12217 436 4007
494 12029 450 3968
505 13172 441 3945
541 13374 438 3884
485 11983 464 3960
514 12604 473 3938
485 11774 466 3968
525 13545 418 3849
469 11269 450 3998
636 15470 419 3728
543 13135 469 3856
516 12847 459 3894
538 13336 451 3790
631 15159 425 3699
537 13851 418 3766
517 12384 473 3923
563 14672 412 3793
561 14621 414 3787
507 13446 449 3927
624 14976 414 3732
531 13654 448 3829
503 12204 450 3960
536 14116 422 3798
539 13271 453 3825
506 12799 432 4037
502 12816 434 3987
505 12563 445 3978
524 13056 438 3887
550 13263 419 4021
611 14450 414 3742
542 13983 417 3868
508 12508 453 3948
544 13286 418 4025
556 14458 412 3797
519 13225 466 3855
511 12688 424 4035
613 14773 414 3735
520 12714 456 3921
565 13512 436 3835
501 12001 462 3960
554 13343 446 3714
534 13626 466 3831
526 12538 473 3906
539 13237 451 3853
607 14881 420 3725
578 13531 428 3768
532 12805 462 3920
508 12618 434 3987
521 13390 462 3864
552 14592 415 3788
585 14066 426 3750
487 11705 450 3969
535 13077 432 3980
592 14412 447 3672
517 13083 444 3936
536 13187 472 3619
535 13044 419 4028
593 14563 440 3686
540 13372 450 3824
511 13468 425 3962
654 16223 426 3694
531 13033 446 3939
509 12941 441 3950
653 15867 438 3661
540 12867 485 3893
574 13702 428 3773
514 13540 431 3959
607 14886 420 3724
510 12975 468 3932
493 11350 438 4010
523 12836 458 3903
484 11465 450 3979
527 13081 424 4018
608 14745 439 3681
553 14081 410 3808
526 13065 490 3866
548 14368 454 3670
554 13495 445 3806
550 13829 439 3803
530 13861 426 3847
584 14069 425 3747
638 16227 438 3666
539 13123 472 3620
523 12427 450 3957
513 13213 449 3940
509 12522 432 4038
594 14957 440 3683
518 12549 485 3900
577 15255 410 3795
540 13679 439 3814
529 12860 446 3947
533 14054 423 3839
641 15981 419 3727
516 12174 438 3993
549 13729 454 3687
609 15201 438 3667
484 11757 450 3969
591 14133 430 3716
563 13425 443 3772
512 12638 456 3943
540 13303 420 4004
617 14576 422 3739
668 15308 419 3728
559 13498 436 3838
525 13028 451 3873
523 13058 462 3877
633 15195 442 3666
520 12958 447 3890
611 14639 443 3665
513 12480 490 3942
555 13213 419 4021
579 13739 428 3748
587 15088 446 3658
520 13454 446 3859
675 15990 426 3679
536 13573 458 3695
530 13095 453 3861
613 15417 440 3656
538 13157 486 3613
628 15372 440 3655
529 13987 416 3861
524 12996 434 3973
515 12953 468 3925
510 12753 432 4035
525 12732 432 4009
525 13024 451 3878
493 11700 438 3997
549 13517 448 3692
522 13347 446 3885
653 15841 438 3665
519 13144 434 3981
547 13508 421 3999
512 12445 494 3934
533 13257 426 3996
523 13415 434 3844
515 13349 450 3904
567 13665 442 3675
536 13389 453 3818
559 14067 470 3642
608 15375 438 3671
527 13908 468 3836
523 13124 462 3875
534 13308 452 3858
532 12824 446 3919
538 12907 525 3693
559 14149 435 3738
514 12651 452 3944
494 12022 462 3956
551 14427 426 3696
570 13722 430 3721
507 13403 449 3933
518 13135 455 3872
546 14156 430 3723
510 12313 438 3993
516 12841 464 3907
540 13433 457 3717
547 13636 448 3691
527 13639 416 3869
558 13949 454 3676
538 13196 432 3976
540 13204 430 3951
538 14272 412 3805
538 13344 419 4024
553 13537 426 3860
557 14374 412 3795
467 11355 450 3999
594 14128 428 3736
515 13249 466 3863
523 13006 424 4027
511 13402 448 3847
540 13364 450 3843
555 13344 424 3852
518 13239 450 3905
529 12216 464 3953
538 13395 449 3857
588 14088 440 3690
602 14624 425 3741
582 14013 426 3760
571 13978 429 3761
523 13232 444 3934
547 13157 472 3619
514 13630 433 3942
551 13975 490 3607
545 13906 454 3678
550 13785 458 3660
514 12734 452 3936
547 13640 446 3705
523 12621 450 3922
579 13986 453 3673
529 13681 433 3813
543 14249 430 3723
542 13885 446 3697
583 14871 440 3693
497 12800 441 3955
527 13278 434 3888
597 14425 445 3664
517 12558 445 3966
527 13964 450 3830
546 13153 434 3955
546 13377 449 3870
516 12213 438 3982
533 13387 430 3889
569 12927 478 3704
515 12432 473 3927
537 13241 430 3988
543 13104 449 3871
567 13066 434 3953
659 15612 438 3664
516 13364 433 3941
628 15048 440 3669
512 12872 468 3931
551 14465 464 3652
592 13757 428 3737
586 13995 450 3668
517 12528 450 3957
603 15201 440 3659
518 12852 456 3921
552 13777 502 3601
500 13022 449 3944
535 13042 472 3631
631 15220 441 3649
630 14809 448 3648
718 17329 454 3632
594 15306 468 3624
617 14629 452 3643
635 15273 445 3648
615 15190 460 3630
603 14496 445 3649
623 15569 445 3648
579 14155 468 3627
649 15682 455 3632
546 13386 502 3611
552 13489 502 3603
564 13756 486 3605
611 14976 454 3633
570 13313 470 3618
572 13429 476 3617
575 13142 458 3632
575 13257 458 3631
570 13113 470 3626
616 14578 454 3633
560 13141 470 3625
641 15242 458 3630
594 14531 468 3626
559 13255 502 3598
596 14272 468 3624
560 13405 454 3634
550 12924 515 3597
571 13831 473 3617
573 13782 473 3617
585 13599 473 3617
576 13678 473 3617
598 12749 598 3556
602 12880 598 3555
570 14149 479 3617
601 12719 598 3557
543 12589 506 3605
568 14122 470 3618
543 12594 518 3593
552 12618 490 3611
598 12893 598 3555
546 13155 506 3604
566 12795 550 3573
563 12813 550 3573
566 12854 566 3567
563 12781 550 3574
560 12783 550 3574
558 13119 550 3574
550 13468 497 3610
572 13047 566 3565
550 13538 497 3604
586 12684 581 3571
582 12640 582 3561
574 12856 566 3566
579 13455 566 3564
543 13391 490 3611
579 13241 554 3570
614 12832 614 3550
576 12826 518 3585
561 13236 550 3571
570 12821 566 3567
576 12747 515 3591
563 13114 534 3577
581 12729 581 3571
548 13373 490 3611
596 13283 582 3558
601 13406 575 3563
564 13170 557 3571
566 13129 533 3583
561 13167 515 3591
575 12694 550 3574
576 12812 566 3567
598 13034 598 3554
594 13034 486 3605
564 13036 491 3604
562 13131 502 3598
563 13089 502 3598
614 13056 614 3548
559 13269 515 3591
599 13777 575 3563
556 12674 518 3587
565 13021 512 3591
553 12606 504 3592
559 12805 518 3586
573 12628 534 3580
562 13027 512 3591
560 13351 512 3591
555 13184 518 3586
580 12976 512 3591
563 12796 518 3586
553 13316 502 3599
588 12902 582 3560
558 13311 502 3598
588 12942 582 3559
559 12720 550 3575
646 12739 566 3568
561 12911 550 3573
551 12778 534 3579
563 13009 534 3578
568 13092 566 3566
575 13030 536 3577
582 13021 582 3560
578 12851 566 3566
566 13335 486 3605
585 13296 566 3564
568 12879 533 3583
582 13371 582 3558
630 12975 630 3548
565 12945 534 3578
558 12905 518 3585
566 12921 534 3578
562 12961 550 3572
576 12924 534 3577
560 12871 518 3585
562 13203 550 3571
585 12850 566 3566
598 13049 598 3553
585 12929 550 3572
582 13056 582 3559
569 12965 550 3571
593 12895 550 3571
560 12852 502 3599
614 12924 614 3549
605 13009 598 3554
630 13213 630 3542
578 12919 534 3578
555 13149 534 3578
557 12776 550 3578
582 12933 550 3572
600 13305 598 3552
575 12817 566 3572
646 13256 646 3537
596 13411 582 3557
595 13300 582 3558
630 13012 630 3543
588 12903 566 3565
630 12978 630 3544
591 13240 566 3564
594 13577 582 3557
600 13197 566 3564
601 13279 598 3552
591 13076 554 3570
605 13173 598 3552
612 13170 566 3564
557 12862 491 3605
545 12966 486 3619
566 13097 522 3584
600 13122 582 3558
609 13005 598 3554
600 13053 554 3570
588 13328 582 3558
569 12989 522 3584
598 13598 598 3552
614 13201 614 3547
575 12909 522 3584
646 13201 646 3538
552 12827 486 3606
550 12712 486 3619
593 12803 502 3599
568 13173 486 3605
