2 1.55602
797 20636 674 4466
746 17944 702 4428
750 19716 674 4569
766 18296 702 4423
769 20139 693 4502
773 19441 663 4503
775 19618 674 4475
778 20154 662 4488
781 20220 623 4488
783 19418 696 4499
783 19457 621 4493
790 18784 702 4422
797 18884 686 4454
797 20188 623 4488
807 19423 673 4549
810 20580 621 4489
811 20574 609 4506
817 20591 742 4396
819 20629 665 4481
819 21075 754 4389
823 20186 566 4442
833 20556 800 4410
833 20755 696 4398
834 20754 649 4426
839 21499 724 4377
852 21887 797 4346
854 21413 629 4434
863 21459 863 4351
868 21260 803 4386
875 22436 732 4349
882 23061 644 4389
886 22148 618 4314
889 21951 783 4366
920 22802 883 4296
