5910 121.38
524 11269 430 3774
524 11330 440 3768
525 11311 430 3773
451 9859 415 3842
451 9856 415 3847
518 11428 434 3762
514 11477 434 3761
508 11284 450 3755
451 9808 415 3849
456 9957 431 3802
456 9925 431 3803
518 11616 434 3757
520 11747 434 3756
453 9950 432 3803
532 11921 434 3754
515 11516 450 3744
515 11529 450 3738
445 9864 431 3820
456 9937 432 3796
531 11925 434 3744
453 9980 431 3803
464 10174 416 3810
455 9854 415 3843
514 11423 507 3705
444 9894 422 3828
508 11101 402 3813
542 11603 430 3741
510 10524 462 3739
504 10581 462 3736
542 11662 430 3740
468 10124 463 3749
468 10210 463 3747
455 9920 418 3837
444 9815 422 3832
498 10837 402 3826
437 9871 419 3829
555 12018 430 3735
454 10054 431 3802
466 10361 463 3746
504 10591 462 3735
531 11429 446 3729
437 9781 430 3831
437 9773 419 3835
465 10250 463 3748
505 10665 462 3734
516 11392 507 3699
531 11432 446 3727
468 10384 463 3745
465 10402 463 3744
555 12056 430 3733
468 9938 463 3753
485 10619 402 3829
447 10070 419 3822
459 9709 459 3783
523 11226 523 3693
456 9771 447 3766
542 12197 441 3729
449 9771 415 3866
475 9996 443 3770
462 9852 447 3759
455 10056 431 3797
456 10009 435 3776
549 12214 441 3723
557 12548 439 3724
448 10079 422 3814
449 9793 415 3854
486 10644 475 3725
527 11054 523 3689
674 14260 660 3637
527 11106 523 3687
470 10361 463 3743
471 10423 463 3742
449 9810 415 3853
468 9948 463 3752
527 11122 523 3684
479 10405 402 3831
474 9657 435 3798
447 9473 431 3807
465 9739 459 3758
456 10207 422 3805
459 9734 459 3766
447 9478 431 3806
456 9997 431 3789
541 11517 446 3717
548 11900 446 3714
550 11945 446 3711
474 9676 431 3803
456 9578 443 3791
571 12276 440 3717
442 9449 419 3853
456 9541 443 3796
463 9774 431 3800
461 9813 431 3795
527 11223 523 3681
447 9467 431 3808
456 10025 431 3776
498 10778 475 3723
461 9799 431 3797
464 9732 459 3759
464 9698 431 3799
502 10532 401 3854
464 9458 424 3826
447 9371 431 3818
569 12370 435 3716
460 10060 431 3774
529 11123 523 3682
532 10751 478 3722
474 10582 463 3741
464 9542 424 3824
447 9340 419 3857
507 10236 507 3719
707 15148 644 3628
466 9727 459 3757
472 9782 431 3797
464 9671 424 3816
456 9670 415 3818
557 11845 539 3657
691 14635 660 3623
456 9637 443 3787
456 9607 443 3789
458 9741 415 3816
456 9652 443 3786
535 11357 523 3677
528 11309 523 3680
567 12547 440 3714
460 9685 447 3774
456 9713 447 3772
556 12051 446 3706
539 11407 508 3674
465 9690 424 3812
456 9736 447 3771
448 9732 435 3795
461 9523 443 3792
447 9374 431 3814
491 10606 400 3855
566 12600 430 3712
447 9389 431 3810
580 12954 430 3711
534 11279 523 3678
461 9532 443 3791
467 9748 427 3809
523 10291 523 3713
682 14535 676 3620
470 9848 459 3746
539 11481 523 3666
465 9668 459 3759
575 12307 446 3703
451 9459 443 3798
468 9656 459 3759
566 12670 440 3708
447 9376 431 3812
465 9658 459 3763
539 11442 523 3667
566 12678 440 3707
480 9836 459 3746
437 9687 419 3840
447 9416 431 3809
470 9924 459 3745
451 9591 408 3874
447 9341 419 3839
463 9703 463 3766
717 15291 676 3613
494 9930 491 3729
477 9799 459 3748
451 9448 443 3800
453 9435 443 3802
461 10096 432 3772
518 10654 507 3702
581 12569 446 3702
477 9822 475 3738
533 10719 523 3698
541 11408 523 3665
469 9460 459 3797
447 9363 424 3838
463 9486 443 3794
459 9925 435 3793
505 10811 462 3710
491 10267 491 3716
509 10465 398 3853
568 12382 462 3696
457 9733 447 3768
461 9503 443 3794
447 9699 446 3794
471 9998 443 3756
452 9639 415 3855
447 9331 431 3824
447 9337 431 3823
491 10651 491 3713
469 9585 459 3763
467 9523 459 3788
463 9714 463 3765
523 10190 523 3717
582 12611 539 3644
537 11307 523 3668
463 9474 443 3795
507 10313 507 3710
514 10790 462 3709
447 9401 419 3827
475 9681 475 3743
533 10722 523 3697
473 9704 447 3767
469 9570 459 3765
495 10692 491 3709
447 9307 431 3831
548 11872 539 3659
464 9569 424 3817
451 9376 443 3811
469 9454 459 3799
459 9785 419 3808
448 9734 447 3789
573 12353 555 3641
473 9810 459 3747
478 9766 475 3740
705 14442 705 3608
521 10813 478 3704
469 9630 459 3755
448 9299 443 3843
475 9905 475 3734
451 9377 443 3806
494 9943 491 3728
523 10203 523 3715
544 11329 539 3662
523 10404 523 3704
583 13022 446 3701
567 12332 539 3647
463 9498 443 3792
565 12417 539 3647
452 9660 415 3853
450 9371 443 3816
523 10456 523 3700
451 9381 443 3805
475 10007 475 3733
587 12548 462 3693
469 9551 459 3773
475 9705 475 3741
500 10061 491 3721
449 9404 431 3809
475 9671 475 3746
495 10094 491 3721
494 9976 491 3727
451 9392 443 3803
447 9312 431 3826
469 9636 459 3752
534 10768 523 3695
534 10788 523 3694
447 9310 419 3862
469 9648 459 3749
491 9762 491 3737
495 10003 491 3725
467 9534 459 3786
479 10140 475 3726
559 12192 539 3650
491 9800 491 3733
504 10241 491 3720
436 9732 419 3851
451 9603 415 3857
451 9640 415 3856
511 10454 398 3853
493 9902 491 3731
466 9574 459 3788
524 10377 523 3704
491 10247 491 3720
469 9618 459 3757
447 9321 443 3825
552 12103 539 3654
447 9542 408 3876
450 9302 443 3820
523 10406 523 3702
524 10349 523 3705
545 11415 539 3660
447 9287 431 3849
450 9295 443 3825
469 9560 459 3770
695 14818 692 3598
450 9307 443 3817
