235 81.9697
588 14117 421 3986
577 14293 421 3986
555 14495 425 3974
486 12518 469 4023
533 12793 451 3972
486 12558 469 4001
537 12928 451 3957
547 13083 441 3957
568 13997 428 3952
550 13014 440 3967
568 14074 428 3944
554 13153 452 3945
554 13232 452 3939
559 14466 428 3963
583 14155 424 3927
559 14166 429 3937
561 14672 430 3926
547 14229 429 3941
539 13663 433 3917
501 12666 453 4003
530 13626 450 3941
504 13022 445 3967
523 13355 445 3960
516 13394 445 3954
523 13377 447 3953
502 13103 445 3973
505 13018 440 3981
518 13287 433 3971
493 12584 453 4020
581 13963 423 4066
519 13297 435 3969
569 13897 430 3952
519 13202 433 3978
498 12833 453 3992
562 13277 440 3954
572 14076 423 4060
565 13873 427 4064
532 13693 445 3925
530 13918 445 3927
552 13644 431 3971
534 13515 445 3944
568 14776 430 3839
566 13979 431 3962
565 14110 429 3926
580 15133 419 3824
487 11926 454 3794
487 12460 454 3793
489 12115 466 3781
489 12183 458 3791
491 11984 473 3786
491 12057 469 3791
492 12154 458 3791
492 12205 485 3772
492 12207 458 3790
492 12249 466 3774
495 12033 454 3793
495 12229 466 3771
495 12403 482 3757
496 12080 458 3791
496 12114 458 3789
496 12124 458 3788
496 12191 466 3764
496 12215 454 3791
497 12137 454 3781
497 12193 454 3778
497 12505 466 3763
498 12031 454 3781
498 12112 462 3776
498 12123 454 3775
499 11926 498 3743
500 12130 456 3770
500 12147 466 3764
500 12230 482 3759
500 12250 466 3763
500 12257 482 3758
500 12294 478 3754
500 12419 471 3761
501 12463 466 3760
502 12448 456 3768
503 12088 454 3778
503 12245 466 3763
503 12284 454 3774
509 12560 466 3757
510 11866 494 3744
510 11866 510 3740
510 11889 494 3743
510 11905 510 3739
510 12201 510 3727
510 12229 510 3719
510 12277 510 3710
511 11873 510 3738
511 11911 510 3737
511 11937 510 3734
511 11975 510 3733
511 12032 510 3729
512 11883 494 3743
512 11918 494 3742
512 12465 454 3773
514 12128 514 3725
514 12243 514 3717
514 12261 510 3713
515 12087 454 3778
516 12203 510 3720
518 12526 466 3757
518 12588 466 3751
520 12138 510 3724
521 12658 454 3771
522 12607 454 3772
524 12574 454 3772
525 12176 510 3723
526 12025 526 3728
526 12095 526 3723
526 12107 526 3718
526 12167 526 3714
526 12227 526 3707
526 12244 510 3711
526 12264 526 3704
527 11920 526 3733
527 11968 526 3732
529 12471 510 3709
529 12556 526 3701
530 11791 525 3830
530 12306 510 3709
530 12403 526 3702
534 13219 456 3766
536 12534 526 3700
537 12533 526 3697
537 12544 526 3693
538 12503 538 3701
541 13095 456 3767
542 12551 454 3771
562 12534 562 3685
575 12587 575 3679
575 12641 575 3678
589 12554 575 3679
591 12643 591 3675
591 12651 591 3673
591 12781 591 3672
599 12903 591 3671
599 13067 591 3666
603 12847 603 3667
605 13061 591 3669
607 12895 607 3666
542 12462 542 3698
498 12092 454 3778
526 12204 526 3708
526 12238 526 3705
542 12362 542 3703
558 12548 558 3692
600 15615 411 3835
527 12283 498 3722
605 15500 411 3835
628 15905 414 3817
518 12287 498 3722
593 15319 428 3810
601 15326 423 3815
605 15500 417 3832
611 15469 414 3823
558 13443 494 3726
580 15171 428 3817
606 15795 414 3823
542 12396 542 3702
580 15491 423 3821
584 14977 418 3839
599 15640 410 3842
580 15343 416 3844
620 16308 414 3819
574 15083 410 3845
581 15003 410 3845
600 15423 434 3775
611 15413 413 3844
622 16372 414 3812
560 14922 434 3830
626 15434 428 3793
585 15425 409 3846
598 15307 428 3806
618 15345 410 3840
567 14789 402 3853
573 13330 482 3716
581 14219 456 3751
592 13290 559 3681
619 16221 410 3836
565 14363 418 3840
579 14744 402 3853
579 15303 428 3823
590 15240 417 3842
577 15119 418 3839
488 11857 488 3791
623 14146 591 3659
576 14003 464 3765
579 14066 431 3799
593 14524 465 3735
608 15578 427 3791
595 14397 450 3769
655 16714 427 3779
605 15082 424 3796
610 13547 559 3674
610 14445 462 3735
559 13637 498 3686
561 12809 496 3735
592 12750 559 3691
649 16118 427 3790
591 14250 466 3727
612 15234 417 3825
635 16007 458 3735
531 11786 525 3821
578 14294 466 3724
591 14247 466 3731
633 14315 491 3704
641 15733 482 3698
572 13489 527 3692
580 14258 478 3711
581 14672 460 3731
585 12528 559 3696
585 12533 559 3692
599 14436 530 3673
641 15751 504 3681
564 13065 558 3688
572 12432 559 3698
592 15533 414 3829
605 14273 490 3705
643 15607 504 3682
582 14647 460 3731
612 15738 436 3770
618 13789 543 3681
631 15829 430 3770
642 15724 430 3770
687 15799 475 3703
569 14159 514 3679
612 14391 457 3744
617 15129 455 3750
583 14468 514 3678
591 14099 466 3734
655 15926 482 3696
674 16102 498 3681
589 14289 514 3678
609 15238 478 3709
625 14017 530 3676
488 11818 488 3794
566 13821 543 3675
567 13791 492 3707
604 13500 543 3682
639 15633 457 3725
604 15100 446 3756
611 14391 562 3659
624 15575 438 3765
530 11772 525 3832
589 14142 563 3673
591 14037 482 3708
600 14589 543 3671
624 14084 591 3659
631 14948 591 3652
574 14394 466 3715
579 14212 518 3677
600 13819 546 3679
606 14386 491 3702
614 13438 575 3672
639 16128 430 3758
662 15940 430 3753
569 12440 559 3698
589 13181 502 3715
598 15229 498 3684
603 13754 546 3683
606 14886 445 3760
606 14931 430 3773
610 14393 578 3653
592 13656 547 3679
604 14191 578 3661
608 15265 417 3798
611 14118 562 3669
624 15741 435 3769
633 14258 591 3658
678 16542 514 3675
585 14323 466 3723
648 16008 492 3689
545 13764 502 3703
551 14537 434 3864
555 13567 468 3724
559 13745 478 3715
590 13775 492 3690
604 14133 562 3668
614 15033 457 3738
629 15937 436 3754
571 12358 559 3699
606 13952 591 3660
614 14957 578 3652
618 14064 575 3665
619 15047 449 3750
636 16926 435 3757
637 15475 562 3658
638 16633 435 3757
643 15411 446 3736
660 16355 438 3748
532 14005 433 3877
552 14044 435 3872
621 15071 446 3748
644 16105 435 3763
542 14001 433 3877
567 14265 435 3866
585 14621 446 3759
589 13251 513 3708
631 14057 591 3659
636 15814 449 3735
665 16287 442 3745
580 13516 502 3712
582 13895 475 3712
586 14149 546 3664
536 13936 452 3873
581 15060 450 3762
591 14510 514 3676
621 14436 482 3703
621 14645 594 3648
635 16185 490 3695
643 15480 460 3722
673 16522 428 3787
590 14527 430 3792
598 14790 482 3705
603 14021 594 3649
611 16038 449 3738
616 15246 460 3726
620 14023 482 3705
627 13531 514 3697
634 15900 446 3745
642 14410 623 3647
647 15330 450 3736
536 13762 453 3885
543 13288 436 3781
553 14170 486 3748
571 12353 559 3700
588 13427 574 3683
596 13829 460 3742
619 15323 456 3746
641 14846 442 3746
662 15570 450 3730
711 17981 425 3793
