47 0.803451
679 16653 649 4368
701 16877 610 4370
781 19705 527 4335
694 16864 649 4352
703 17069 603 4400
708 16850 610 4365
797 18671 556 4250
720 16393 588 4391
674 17328 539 4460
682 17005 623 4367
731 17876 628 4283
680 17388 539 4455
722 17879 558 4346
768 18536 543 4342
772 19090 549 4249
802 19735 514 4340
807 20314 530 4313
826 19753 530 4314
680 16396 624 4375
685 17539 659 4287
720 17731 592 4312
748 18084 543 4345
845 20365 524 4289
673 16549 625 4370
682 16428 624 4366
691 17203 605 4342
711 18239 627 4279
719 16565 588 4393
723 18859 604 4287
731 17614 628 4286
688 17246 539 4449
688 17269 659 4284
693 17569 630 4296
719 16570 588 4392
754 17901 665 4239
771 18974 530 4333
779 18110 565 4243
701 17477 605 4317
703 17918 614 4302
704 17565 577 4377
708 16992 610 4362
717 17902 600 4289
727 18773 624 4171
732 17694 642 4247
890 21217 537 4288
921 23315 526 4282
670 17389 539 4460
678 16695 640 4356
694 16332 604 4408
700 17421 660 4260
704 18528 627 4286
719 18185 627 4279
725 18204 525 4365
762 18783 542 4263
771 18930 555 4232
771 19011 586 4223
775 19468 586 4220
824 20261 523 4309
673 16579 625 4369
681 17196 643 4309
692 16440 624 4359
693 16523 588 4404
701 17388 600 4319
704 17040 642 4248
738 18997 624 4162
748 18096 515 4343
804 20862 541 4296
864 21161 540 4266
624 16388 541 4457
636 16730 541 4445
662 16424 625 4393
683 17467 659 4299
690 17331 607 4318
697 17321 607 4305
704 17452 605 4309
711 17110 610 4358
720 18564 624 4174
724 17672 543 4351
778 18892 501 4353
789 18597 537 4340
802 20832 541 4300
803 19807 539 4332
811 19395 531 4303
904 22967 542 4261
676 16486 649 4381
683 17254 539 4449
700 16064 588 4414
714 16868 559 4374
720 18535 624 4177
727 18654 624 4173
729 18788 608 4169
735 17881 543 4347
735 18224 533 4361
746 17597 642 4243
747 18178 571 4225
771 18158 565 4242
782 19029 514 4347
783 19520 669 4160
785 18754 545 4250
803 20103 525 4330
829 19910 524 4322
845 20209 531 4291
657 17360 541 4444
681 17231 618 4301
686 16526 603 4417
693 17201 675 4290
694 17310 660 4261
695 17252 605 4339
707 16592 559 4394
708 18013 554 4440
711 17857 548 4381
714 17814 607 4296
716 17814 708 4229
719 18326 624 4179
742 18017 515 4355
750 18061 514 4352
757 18496 513 4357
762 18690 501 4366
764 19638 541 4303
777 18711 570 4230
783 19606 669 4159
797 18609 565 4231
803 20011 525 4332
810 19711 531 4303
811 19395 540 4290
825 19583 531 4294
834 21270 517 4284
846 19645 525 4334
928 23039 514 4323
947 23762 526 4277
