121 8.31292
581 13893 451 3932
560 13690 479 4091
574 14346 454 3972
538 13849 473 3989
676 15527 449 3781
574 14571 454 3966
580 14519 431 3965
675 15977 449 3779
584 14293 449 3910
563 13495 475 3934
596 13982 467 3794
599 14394 440 3835
608 15405 423 3897
665 16472 426 3805
570 14678 454 3857
585 14948 434 3916
621 15731 423 3879
572 14221 439 3986
614 15064 438 3793
562 13495 475 3949
565 14061 454 3974
588 13816 462 3873
596 13794 467 3795
635 15815 449 3785
609 15397 423 3894
624 16135 445 3782
666 16139 426 3805
683 16585 426 3798
541 13790 473 3989
566 14310 439 3986
578 14089 452 3911
579 14425 431 3967
604 13956 445 3951
609 14690 446 3792
676 15520 449 3782
679 16717 449 3773
543 14100 461 4003
556 13757 504 4104
569 14174 468 3973
638 14930 418 3824
682 17452 422 3815
691 15955 422 3791
707 16430 521 3703
569 14258 457 3966
582 14626 427 3980
586 14503 427 3981
587 14189 452 3906
588 14508 424 3986
592 14214 445 3896
633 15682 426 3810
639 15430 425 3823
681 16839 449 3771
699 17149 426 3781
622 15031 434 3809
640 14987 457 3755
655 15745 445 3781
666 16289 424 3819
706 15756 422 3806
726 17349 457 3754
565 13810 478 3916
575 13658 484 3874
583 14681 449 3935
613 15191 426 3836
620 15406 423 3889
642 14948 444 3808
687 15859 449 3780
589 14704 428 3849
590 13915 456 3873
644 15408 410 3896
648 16276 454 3771
679 16073 446 3776
686 15853 430 3782
698 17294 466 3753
572 14624 467 3822
573 14033 437 4011
578 14296 474 3823
587 14496 440 3863
591 14299 440 3862
598 15145 429 3811
607 15104 434 3789
607 15426 461 3782
640 14885 467 3745
642 15275 433 3799
675 16534 445 3779
688 16745 449 3756
727 17740 416 3872
561 14146 431 3990
569 14250 457 3967
570 14754 454 3856
570 14967 467 3817
577 13870 432 3980
582 14552 453 3833
585 14358 451 3906
595 14591 423 3945
611 15055 450 3774
616 14618 421 4004
619 14632 467 3746
621 14439 438 3810
627 14833 450 3789
634 15864 449 3788
640 15564 426 3810
672 16604 424 3818
675 16511 429 3804
683 15920 444 3784
683 16003 434 3781
699 17153 444 3777
733 16950 457 3754
739 17579 466 3749
547 13871 461 3996
562 14421 467 3828
565 13109 461 4002
565 14392 497 3852
568 14704 467 3821
581 14774 443 3958
585 14141 454 3791
587 14830 450 3844
607 14999 426 3839
613 14680 427 3898
620 14564 450 3801
625 14939 456 3784
631 15908 426 3832
643 14912 425 3840
655 15716 422 3823
661 16431 446 3777
675 16431 430 3783
694 16585 449 3774
713 17834 465 3752
729 17509 454 3754
566 14041 474 3828
572 14714 467 3818
583 13621 461 3879
595 14555 468 3756
598 15134 448 3819
600 14137 438 3815
609 14724 456 3785
610 14691 428 3849
618 14668 427 3892
623 14779 422 3878
627 14914 421 3890
628 15581 426 3834
638 15904 462 3761
684 16135 467 3743
560 13795 439 3998
566 13421 439 3995
566 13918 438 3999
571 13895 458 3846
577 14722 465 3812
578 14627 465 3842
579 14165 463 3799
581 14035 454 3905
591 14639 431 3825
594 13828 467 3798
594 14614 468 3767
597 14287 475 3704
599 14862 455 3790
601 15596 446 3806
610 14743 419 3902
611 14805 430 3812
618 14993 450 3774
619 16042 445 3786
632 15392 426 3832
633 15539 426 3813
641 16296 424 3823
655 14850 418 3824
665 17138 426 3796
677 16202 422 3822
711 17715 465 3753
