55 19.8259
545 14176 475 3938
554 14073 475 3940
570 13749 461 3915
548 13352 464 3955
564 13399 469 3945
565 13364 464 3948
552 13296 464 3949
572 13401 464 3944
554 13295 464 3949
566 13384 482 3934
570 13570 469 3939
570 13748 461 3919
552 14010 484 3865
557 14602 443 3922
582 13760 461 3911
587 14479 439 3952
605 14456 440 3917
623 15222 495 3788
539 13924 515 4046
569 14072 440 3942
570 13514 464 3947
577 13702 449 3969
623 15192 495 3789
530 13643 515 4068
545 14230 461 3931
564 14738 447 3895
569 14406 460 3892
573 13489 455 3955
577 14074 470 3823
582 13995 441 3962
583 14500 448 3909
585 14238 468 3896
586 14874 436 3923
595 16069 431 3989
607 15357 444 3848
553 13953 499 3830
564 13129 455 3957
574 15191 436 3919
577 14167 434 3954
590 14311 442 3936
604 14905 460 3838
604 15197 442 3862
609 13861 452 3920
665 16195 449 3802
532 14161 475 3950
541 13686 475 3943
566 14533 451 3843
568 14198 483 3888
581 13618 464 3934
597 13255 452 3921
605 14326 452 3897
622 15163 442 3823
624 15369 440 3863
644 15171 452 3808
647 15144 437 3901
533 13911 492 4061
566 14171 484 3858
581 13642 438 3995
585 13874 438 3988
585 13953 432 3990
586 14686 481 3805
588 14522 441 3896
592 13758 446 3970
601 14051 466 3880
611 14471 447 3915
620 15026 434 3946
627 14875 458 3804
635 15692 442 3817
664 16783 480 3771
666 16316 434 3854
671 16804 479 3782
681 16646 481 3782
575 13621 464 3932
581 13768 478 3896
581 14014 443 3962
581 14988 456 3840
582 13838 454 3932
583 14130 451 3910
586 13228 467 3954
587 14661 495 3797
590 13910 480 3873
592 13885 448 3935
592 13925 438 3987
593 14013 434 3981
596 13515 466 3909
600 14500 437 3914
607 14496 454 3873
612 15108 447 3824
624 15189 449 3818
654 16201 460 3801
716 17889 480 3767
723 18353 478 3778
745 17746 454 3799
533 13710 515 4061
539 13908 515 4047
549 13569 478 3921
560 12979 452 3965
563 13804 470 3896
564 12984 452 3962
564 12999 452 3958
569 13600 465 3916
569 13605 451 3939
575 14651 440 3873
577 14493 511 3789
587 13862 464 3902
588 13843 448 3954
592 15074 454 3834
601 14361 432 3987
605 13753 445 3962
605 15703 431 4002
605 15996 468 3805
606 14828 438 3870
609 15015 511 3783
613 15395 424 3929
615 14524 433 3950
615 15268 450 3818
621 14598 450 3871
626 15526 438 3846
643 14990 450 3861
653 16700 427 3895
659 17292 478 3785
673 16957 438 3829
675 16743 480 3770
679 16422 461 3800
686 17379 438 3820
744 19117 479 3769
566 14119 466 3900
569 13732 465 3912
570 14756 442 3930
574 14258 461 3809
576 13333 439 3971
580 13731 467 3912
586 13553 432 3998
588 13692 432 3996
591 14331 444 3916
599 14205 454 3895
599 14430 470 3796
604 14802 450 3869
609 15376 464 3788
613 15587 424 3912
623 15466 454 3804
624 14712 479 3784
643 15167 436 3875
656 16256 438 3833
672 16636 434 3847
673 16716 424 3874
681 17303 421 3955
691 16350 466 3783
704 17317 494 3758
730 17693 460 3793
