1329 119.001
534 13992 420 3958
534 13978 410 3959
516 12977 493 4025
555 13617 410 3959
566 14212 412 3956
534 13800 410 3967
557 14532 421 3953
607 15444 410 3953
550 13827 410 3959
520 13116 493 4004
607 15444 414 3949
520 13119 493 3997
516 12837 493 4027
565 14133 410 3958
550 12654 469 3866
529 12764 453 3861
538 13320 453 3850
554 12672 464 3853
529 12706 472 3860
542 13203 458 3836
553 12618 453 3861
542 14063 421 3954
579 13289 446 3835
515 13008 509 4026
530 12704 472 3856
553 12623 474 3858
582 13395 446 3831
620 13865 429 3854
547 12941 452 3873
555 13193 446 3839
560 13239 446 3836
538 13333 446 3838
534 13138 453 3860
537 13672 446 3848
570 13977 446 3806
572 13318 462 3798
549 12634 495 3874
530 12916 458 3857
566 13542 446 3820
573 13588 452 3798
515 12908 509 4027
531 12699 472 3865
533 12824 454 3854
533 13666 414 3964
529 12740 472 3859
551 12428 479 3898
558 13685 456 3752
553 14119 442 3764
552 13032 462 3802
565 14024 422 3820
568 14106 443 3801
557 13814 448 3746
536 12263 495 3893
587 13789 448 3742
521 12471 469 3889
524 12878 454 3861
537 12661 469 3884
545 13093 453 3847
542 13432 458 3832
546 13445 453 3833
548 12479 474 3876
547 12597 495 3885
538 12728 466 3881
541 12390 495 3887
587 13938 428 3789
540 13096 453 3859
553 13498 450 3806
526 13204 454 3857
536 13058 436 3868
514 12493 466 4069
534 12237 495 3894
540 13411 434 3847
549 13404 466 3821
557 14348 453 3737
560 13014 450 3880
505 12405 476 4063
561 14210 416 3952
505 12639 457 4064
560 13571 423 3945
554 12231 474 3901
560 12606 495 3871
534 12132 495 3898
536 12123 495 3898
574 14066 421 3947
511 12391 476 4052
518 12765 454 4065
546 13932 450 3824
578 12810 495 3850
546 13962 450 3817
515 13117 453 4055
523 13179 466 4041
594 13123 478 3776
523 13374 453 4050
561 12980 484 3842
511 12859 466 4050
520 12773 461 4055
514 13070 453 4072
515 12953 476 4029
559 12900 482 3844
508 12494 476 4034
519 12756 497 4026
520 12507 476 4031
526 13086 453 4056
554 13988 448 3829
602 13923 432 3720
523 12984 466 4042
525 12870 464 4047
552 13859 488 3632
536 13312 502 3637
574 13241 478 3791
580 13693 456 3682
596 14539 421 3930
607 14346 421 3935
634 14898 410 3753
557 13124 503 3664
572 13794 461 3656
638 15303 410 3745
605 14388 421 3928
576 13510 458 3688
623 14681 410 3757
567 13375 458 3704
580 13836 454 3666
517 12835 453 4057
555 13805 424 3908
556 13728 424 3908
666 15875 411 3743
521 12816 461 4049
540 13320 499 3645
520 13318 466 4021
576 14100 454 3661
589 14434 470 3640
635 14804 410 3753
512 12810 441 4088
544 13252 470 3649
650 14993 410 3752
589 14299 476 3633
534 13261 470 3649
553 13827 460 3789
562 13496 470 3646
514 12627 441 4083
589 14021 438 3668
561 14132 433 3674
571 14103 438 3666
503 12722 451 4079
530 13160 503 3659
537 13211 499 3653
543 13198 499 3647
613 14740 425 3699
635 14906 444 3660
732 16775 415 3701
638 16291 412 3706
494 12758 451 4079
503 12921 451 4075
506 13137 453 4063
560 14402 457 3714
521 12736 461 4054
528 13276 470 3669
643 16313 419 3700
684 16810 412 3702
582 14317 476 3633
609 14144 413 3707
645 15278 440 3663
669 16765 410 3723
685 17419 410 3717
594 13590 442 3721
574 14529 458 3653
589 14350 470 3641
675 16504 410 3722
690 17659 410 3715
609 15065 422 3699
631 15843 440 3661
624 15492 425 3688
572 13752 462 3647
584 14679 416 3706
692 17284 410 3717
495 12480 461 4070
639 15095 412 3703
616 15742 424 3693
501 12485 453 4074
625 15279 422 3687
572 13949 426 3680
612 15129 422 3698
597 15545 413 3718
594 13664 442 3719
609 15573 426 3676
621 14003 441 3674
503 12592 458 4072
635 16077 412 3712
632 15270 422 3680
595 13582 456 3721
590 14201 474 3637
637 15297 426 3673
638 15147 425 3695
611 15167 443 3656
493 12343 453 4078
580 14343 486 3623
609 13792 438 3695
666 15976 426 3672
524 12750 453 4071
596 14779 451 3663
601 14867 458 3645
510 12882 451 4076
493 12278 453 4081
568 14519 454 3658
607 15560 440 3663
636 15530 440 3657
493 12531 461 4056
623 15903 410 3725
603 14978 444 3660
488 12126 459 4094
613 15000 438 3664
609 14661 458 3646
590 14661 422 3708
587 14764 430 3669
616 15361 426 3674
491 12453 453 4079
585 14657 470 3639
646 14810 440 3662
651 15758 438 3663
507 12613 459 4071
645 15474 416 3691
504 12196 459 4090
631 14003 454 3649
486 12154 473 4082
486 12127 459 4095
492 12425 465 4085
581 14162 454 3649
483 12136 449 4092
484 12210 459 4089
503 12287 449 4085
616 14808 446 3663
500 12428 449 4090
492 12681 450 4089
504 12267 459 4088
487 12400 466 4087
718 15653 438 3663
488 12160 466 4072
583 14456 449 3665
669 14675 454 3648
483 12185 466 4091
531 13033 449 4077
526 12549 466 4054
488 12125 466 4085
522 13346 465 4026
486 12177 466 4091
603 14428 470 3638
649 14928 444 3656
514 13007 449 4079
607 15154 464 3637
651 14903 444 3651
662 15381 454 3645
600 14728 464 3645
616 14795 454 3646
640 15348 444 3652
573 13619 494 3621
620 14982 460 3639
638 14524 444 3657
588 13741 502 3612
601 13583 449 3670
625 14451 462 3638
602 13959 482 3637
595 13991 476 3630
589 14305 476 3625
607 14500 461 3639
587 13792 482 3643
575 13868 502 3613
630 14516 443 3663
667 15752 440 3652
652 15867 440 3653
637 14433 443 3663
575 13802 458 3653
617 14274 438 3664
588 14195 485 3623
583 14042 482 3644
654 15843 454 3645
621 13850 482 3632
588 13944 502 3611
652 14370 462 3637
577 13918 454 3683
630 14406 476 3624
630 14064 452 3662
607 13693 454 3658
620 15314 476 3623
552 13534 502 3616
648 14003 470 3629
671 14610 476 3623
618 14847 470 3629
584 13282 502 3631
588 13713 486 3617
633 14146 470 3630
581 13327 511 3612
656 14257 476 3625
604 14253 482 3622
589 14488 486 3616
621 14726 476 3623
659 14387 485 3621
603 14083 485 3624
603 13400 486 3618
637 14619 485 3621
574 13450 503 3612
589 13414 503 3609
600 13619 486 3623
631 14656 476 3623
661 14930 476 3622
596 13238 502 3612
606 13803 470 3634
634 14949 485 3621
644 14291 470 3629
569 13536 486 3624
586 14029 476 3643
640 14894 482 3621
628 13920 502 3607
624 14973 476 3622
680 14589 476 3622
667 14670 476 3620
631 14763 486 3613
649 14529 474 3625
609 14793 486 3614
706 15350 470 3626
584 14046 511 3610
625 14469 458 3638
582 14042 486 3620
688 15408 470 3626
657 14759 477 3619
623 14340 464 3634
653 14942 476 3622
664 14418 486 3613
651 15320 460 3635
641 14747 470 3628
652 13946 476 3632
560 13248 492 3664
613 13769 476 3640
622 14027 502 3606
618 14389 486 3614
612 14875 486 3613
604 14005 486 3616
583 13636 464 3646
582 14192 486 3617
611 14798 488 3613
611 14906 495 3612
616 14454 495 3612
572 14078 480 3637
636 15277 470 3627
605 14480 502 3606
617 14297 495 3613
568 13369 550 3586
608 14071 502 3606
572 13272 558 3585
574 13252 558 3585
581 12896 566 3580
612 13326 493 3639
566 13125 566 3580
582 12528 582 3576
516 12114 505 3622
517 12074 505 3622
523 12471 518 3610
523 12526 518 3608
524 12218 518 3612
524 12243 518 3607
524 12532 516 3613
524 12532 518 3606
525 12176 518 3612
525 12198 518 3607
525 12255 516 3621
525 12263 518 3606
525 12267 516 3612
527 12234 516 3618
529 12152 518 3609
535 12096 518 3615
535 12302 518 3601
536 12464 534 3600
537 12179 518 3608
537 12191 518 3603
537 12233 516 3605
537 12248 518 3599
537 12254 534 3598
538 12118 518 3601
538 12231 518 3599
540 12227 518 3600
542 12115 518 3613
543 12179 518 3599
543 12858 504 3626
544 12123 516 3605
544 12159 534 3598
544 12160 518 3599
548 12142 518 3600
549 12556 534 3597
550 12303 534 3593
562 12639 518 3595
564 13287 537 3592
565 12549 518 3595
594 13705 534 3592
581 12755 550 3586
566 12542 566 3581
570 13077 550 3586
579 12866 537 3592
582 12782 582 3575
581 12417 566 3582
576 12437 566 3582
596 12392 566 3582
591 13818 503 3608
583 13449 566 3579
598 12959 598 3569
582 13005 582 3574
597 13749 502 3610
635 14004 502 3606
613 14501 495 3612
598 12797 598 3570
613 12765 598 3570
614 12628 614 3565
598 12536 598 3575
554 12524 550 3587
614 12800 614 3564
569 12473 566 3586
630 12836 630 3559
596 13935 502 3607
588 13247 502 3619
592 13231 495 3629
624 12628 598 3571
586 12402 582 3577
589 12392 582 3577
593 12293 582 3578
582 12303 582 3582
585 12376 566 3583
585 12449 582 3577
601 12394 598 3572
569 12453 566 3588
588 12367 566 3583
577 12370 566 3588
570 12263 570 3594
570 12501 566 3583
624 12609 614 3568
598 12637 598 3571
582 12422 582 3581
577 12354 570 3589
646 12792 646 3557
626 12561 614 3566
633 12580 630 3563
646 12873 646 3554
631 12726 614 3564
627 12708 598 3570
622 12752 614 3564
630 12581 630 3560
576 12845 550 3586
592 12387 582 3581
590 12389 582 3581
634 12799 630 3559
