33 0.999538
873 19681 863 5306
866 19692 863 5309
1155 28857 1093 5268
860 20463 836 5272
810 18361 810 5343
810 18480 810 5340
803 17957 797 5346
814 18010 810 5339
814 18338 810 5323
797 17971 797 5350
801 17869 772 5353
801 18091 797 5346
803 18851 797 5341
813 18269 810 5340
833 20017 778 5325
870 19705 785 5326
786 17927 760 5377
789 17587 760 5377
819 18381 810 5317
856 19817 810 5300
772 18034 772 5357
776 17665 772 5358
785 17998 772 5348
789 17525 760 5382
789 17662 760 5372
791 17379 760 5372
797 17727 797 5351
801 17678 797 5351
805 17708 760 5368
814 17646 785 5370
819 18316 810 5318
824 19701 798 5327
