82 55.4484
698 17516 694 5087
709 16943 707 5091
711 17111 707 5083
715 16966 707 5087
720 17144 720 5077
720 18098 720 5072
721 17952 720 5073
721 18069 720 5072
723 18056 720 5072
731 17780 720 5073
731 17836 720 5072
732 17104 732 5081
733 17814 733 5070
733 17825 733 5067
740 17012 707 5083
746 17917 746 5061
753 17486 746 5067
758 17393 758 5067
758 17894 758 5065
759 17358 759 5066
759 17360 759 5063
759 17385 759 5061
760 17866 746 5061
761 17886 759 5060
764 17831 759 5060
768 17707 759 5056
772 17592 772 5055
784 17468 784 5059
785 18804 785 5048
786 17944 772 5051
789 17827 785 5054
789 17842 785 5053
789 17895 785 5049
789 17897 785 5047
789 18384 785 5046
791 18232 785 5046
802 18350 798 5041
809 18686 785 5045
814 17831 797 5051
814 18041 810 5045
810 20826 759 5055
713 17017 707 5083
707 16959 707 5089
707 17347 707 5081
713 17153 707 5082
713 17589 694 5086
795 20996 707 5079
816 20772 759 5055
712 17329 707 5082
781 18559 772 5050
793 21037 707 5079
797 19296 772 5049
854 20226 707 5079
712 17785 707 5080
742 17716 733 5071
759 18695 759 5056
762 18642 759 5059
785 19326 785 5044
788 18434 772 5050
816 20500 798 5038
835 20889 694 5085
704 17330 694 5087
707 17617 694 5086
720 17605 720 5075
772 18771 772 5050
819 20230 798 5038
709 17883 707 5080
715 17560 707 5080
720 17732 720 5074
767 18536 759 5059
802 19746 798 5039
843 20225 759 5055
844 20206 798 5038
874 22163 772 5048
922 22836 759 5054
