2802 5.36545
747 19015 720 5160
779 19544 707 5158
745 18569 745 5165
794 20876 707 5152
827 20561 707 5150
803 19516 720 5146
751 18921 707 5160
750 18638 720 5152
721 18282 694 5168
763 19187 746 5148
779 20318 733 5135
785 19962 720 5150
829 20307 707 5151
770 19006 758 5134
827 20270 707 5153
795 19496 720 5147
790 19745 720 5151
760 19231 733 5140
792 19795 720 5144
753 19726 733 5146
843 21191 720 5141
852 21699 733 5130
736 19088 714 5163
790 20728 720 5147
823 21307 694 5153
843 21895 707 5146
812 21291 694 5156
848 21113 720 5138
800 20447 733 5133
881 22585 694 5150
803 19512 694 5160
811 20130 733 5134
765 19124 746 5134
780 19725 745 5130
