49 7.48063
732 19404 707 5145
837 21411 746 5075
779 20393 745 5095
798 19702 707 5107
811 20236 746 5078
704 18310 694 5171
803 20785 745 5090
820 20752 707 5103
823 20099 746 5078
766 20855 694 5118
778 19886 746 5103
791 20661 745 5093
869 21539 733 5084
873 23234 798 5055
879 20583 733 5083
694 17879 694 5175
781 19719 707 5110
801 20107 746 5084
812 21875 707 5097
855 22570 707 5088
870 20402 733 5085
788 20055 720 5098
790 19637 720 5098
812 21219 694 5104
831 21049 720 5090
836 20324 759 5074
858 22028 707 5092
694 17612 694 5178
709 18741 694 5168
711 18433 694 5170
711 18687 694 5168
715 18434 694 5160
716 18971 707 5157
781 20124 720 5094
797 20094 720 5093
813 21515 707 5102
827 21887 720 5080
828 21213 798 5062
832 21809 733 5076
834 20879 707 5102
850 22859 733 5073
854 21140 818 5061
864 23332 720 5079
878 22924 694 5095
904 23087 805 5053
943 22790 785 5052
765 20239 733 5100
779 19900 694 5114
788 20554 707 5105
793 19651 733 5092
794 21266 759 5072
803 21051 740 5091
812 21760 694 5098
825 20354 810 5074
827 22241 772 5061
829 20380 733 5087
850 23177 694 5095
851 21900 707 5096
857 22458 823 5053
861 22780 746 5072
868 22112 746 5073
900 23464 772 5056
917 23334 746 5065
727 18882 719 5157
740 18785 694 5120
750 19094 707 5114
785 21034 785 5063
788 19790 694 5118
791 20374 707 5105
798 20881 707 5103
804 21663 745 5078
805 20511 759 5064
831 21189 707 5097
842 22093 707 5096
843 21636 785 5058
869 22318 746 5069
869 22433 823 5053
890 22771 759 5063
894 23101 785 5054
900 22902 810 5055
902 23283 694 5093
921 22287 823 5046
930 23339 759 5062
720 18885 707 5153
735 18800 694 5124
764 20015 707 5111
780 20851 771 5083
784 19897 720 5104
785 20825 771 5082
786 20375 746 5079
787 21003 772 5069
800 21320 758 5075
807 21145 733 5089
811 21710 707 5098
820 22110 720 5089
821 20503 733 5087
821 20728 746 5077
821 21617 798 5056
822 22126 707 5091
824 20725 746 5077
847 21205 758 5075
877 22672 843 5051
881 22480 843 5051
882 21631 772 5061
884 21542 720 5089
884 22761 733 5075
886 21240 720 5089
887 23187 772 5060
893 21495 745 5078
894 23161 772 5060
895 23346 707 5087
895 23811 798 5053
905 23153 798 5048
910 24284 785 5052
919 23074 707 5085
921 22231 823 5051
926 23497 720 5078
931 23015 720 5079
940 24066 798 5047
948 24609 759 5059
974 25145 811 5042
977 25179 772 5055
990 25618 798 5045
1011 26079 772 5054
