3245 72.841
694 16841 694 5087
694 16679 694 5091
720 17020 720 5072
733 17176 733 5066
729 16932 694 5084
695 16668 694 5088
720 16434 720 5073
695 16562 694 5094
718 16447 694 5088
694 16898 694 5086
694 16780 694 5088
701 16227 694 5092
708 15822 707 5089
707 16347 707 5084
823 16849 823 5034
723 16388 694 5088
694 16052 694 5096
784 16221 784 5058
694 16349 694 5095
708 16509 707 5079
798 16808 798 5036
716 15998 707 5079
707 16967 707 5079
701 16283 694 5090
796 16158 796 5057
734 16508 733 5066
756 16411 746 5060
708 15841 707 5083
759 16325 759 5054
772 16441 772 5049
824 16789 823 5034
746 16232 746 5061
694 15074 694 5110
772 16465 772 5048
810 16411 810 5040
911 17286 911 5022
749 16516 746 5060
759 16277 759 5056
986 17885 986 5017
710 16083 707 5079
710 15838 707 5083
708 15958 707 5081
694 17022 694 5085
836 17211 836 5028
737 16266 694 5087
746 16520 746 5060
708 16930 707 5078
746 15754 745 5073
861 16981 861 5026
796 16104 796 5061
837 17185 836 5028
694 15357 694 5097
759 16282 759 5055
886 17045 886 5024
698 16581 694 5087
848 16715 848 5033
698 16386 694 5093
707 15522 707 5092
694 15148 694 5103
797 16232 797 5053
771 16040 771 5064
811 17157 811 5030
701 16499 694 5089
723 16513 694 5087
797 16292 797 5047
734 15724 733 5076
694 14846 694 5132
733 16013 733 5067
724 16411 694 5087
796 16120 796 5059
715 16735 707 5078
718 15830 707 5087
798 16690 798 5039
716 16693 707 5078
1011 18091 1011 5014
710 15877 707 5081
707 16654 707 5082
734 16338 694 5088
694 15246 694 5099
707 17150 707 5078
1036 18214 1036 5013
823 16547 823 5035
873 16882 873 5031
694 15080 694 5105
707 15761 707 5091
798 16666 798 5041
771 16141 771 5059
707 16767 707 5080
694 17035 694 5084
986 17909 986 5016
811 16925 811 5031
784 16242 784 5057
784 16248 784 5052
772 16405 772 5051
1036 18304 1036 5012
810 16379 810 5041
758 16073 758 5065
733 15865 733 5069
785 16557 785 5042
694 14859 694 5116
721 15842 720 5075
733 15605 732 5084
924 17137 911 5022
707 15355 707 5093
714 16753 707 5078
721 15940 720 5073
785 16484 785 5043
874 16868 873 5031
848 16661 848 5034
920 17251 911 5022
710 15731 707 5090
1061 18696 1061 5010
886 17002 886 5025
733 15633 732 5079
694 15198 694 5101
694 16620 694 5092
798 16708 798 5037
694 14935 694 5111
759 16257 759 5060
746 15841 745 5071
720 15633 720 5086
874 16901 873 5030
810 16317 810 5045
696 15073 694 5099
721 16355 720 5072
706 16462 694 5089
799 16629 798 5041
721 15684 720 5082
694 14754 694 5144
785 16480 785 5045
848 16756 848 5032
961 17451 961 5018
746 16174 746 5065
797 16330 797 5046
694 14744 694 5161
694 14762 694 5133
773 16346 772 5051
1086 19220 1086 5008
719 15606 707 5090
759 16210 758 5064
772 16396 772 5053
696 15206 694 5097
807 16773 798 5036
936 17301 936 5020
1011 17849 1011 5015
694 14745 694 5150
739 16216 733 5066
861 16915 861 5027
911 17264 911 5023
836 17078 836 5029
731 15046 694 5100
710 15649 707 5091
715 14957 694 5105
1111 19968 1111 5006
