73 5.24323
753 19402 707 5138
740 19366 740 5172
763 19651 733 5135
787 19216 745 5150
760 18918 745 5159
868 21742 772 5067
815 21838 772 5073
936 23775 707 5089
760 19154 733 5182
777 19616 733 5132
795 19761 707 5134
792 19458 720 5112
816 20634 778 5084
848 22828 797 5071
740 19305 740 5179
743 19565 740 5171
752 19387 727 5178
761 18962 733 5182
780 19687 720 5091
794 19447 720 5112
817 20355 779 5077
866 22629 797 5064
764 18982 732 5161
769 19860 707 5111
831 20703 771 5079
834 21631 746 5078
856 20908 784 5072
966 24762 746 5071
753 19351 694 5142
764 20057 707 5137
765 18809 732 5161
780 19636 720 5092
790 19486 720 5112
792 18743 770 5158
800 21225 707 5091
821 21629 758 5084
832 21804 733 5080
837 20399 779 5075
849 22265 772 5067
853 22174 759 5066
855 19932 733 5080
874 22744 746 5073
740 19365 740 5177
761 19207 727 5178
788 20179 707 5102
813 21585 733 5087
863 21835 759 5074
743 19121 707 5184
770 19584 733 5136
779 20366 694 5115
785 19276 720 5113
798 18529 770 5156
807 20779 759 5083
837 21542 746 5081
845 21158 740 5087
845 21528 720 5087
851 21914 779 5070
908 22632 720 5083
931 23789 746 5072
960 25282 746 5068
974 25163 707 5086
773 19317 745 5150
778 19757 720 5088
808 20757 694 5097
815 20438 779 5073
847 21471 733 5083
886 22004 759 5065
889 21310 759 5070
890 23220 720 5084
936 23219 733 5075
716 18630 694 5187
740 19244 740 5184
791 20283 694 5125
828 21961 720 5085
832 22278 694 5094
839 21607 746 5075
844 21158 772 5072
850 21716 694 5092
855 20994 733 5077
874 22747 733 5076
884 22142 759 5069
897 23461 707 5090
921 24732 797 5063
945 23310 759 5064
979 25043 772 5062
