18 0.510087
851 21990 804 5209
857 22704 791 5218
899 23345 733 5240
908 24282 694 5325
869 22403 786 5207
880 22115 786 5228
956 23932 707 5254
971 23593 813 5182
830 21961 707 5319
836 20063 753 5360
851 21909 804 5210
866 23058 752 5246
879 22949 773 5220
892 23220 824 5185
895 23290 760 5191
907 24301 694 5308
948 24954 720 5231
956 24250 707 5249
971 23258 733 5229
973 23695 694 5327
981 24895 765 5177
1004 24550 813 5180
780 20128 720 5260
784 20404 753 5243
839 19746 753 5359
846 21700 720 5247
846 22003 804 5232
852 21603 707 5302
865 22909 707 5282
867 21812 773 5241
872 22938 778 5232
876 22224 760 5236
876 23389 733 5204
878 22963 837 5172
886 22376 760 5215
899 23214 733 5243
900 22876 765 5202
906 23980 759 5198
907 24349 733 5197
912 22699 760 5208
918 24271 707 5266
925 23316 720 5242
930 22792 824 5204
942 22529 878 5176
943 25251 747 5196
944 23242 902 5166
945 23276 694 5342
958 24849 720 5229
961 23119 734 5228
974 24660 778 5171
1006 23237 778 5199
