150 37.0615
718 18776 707 5088
713 17940 694 5100
716 17884 694 5095
720 18602 720 5087
733 17869 733 5076
707 18412 707 5095
716 17695 707 5089
720 17550 720 5088
734 17539 733 5079
711 18063 707 5089
719 17863 707 5088
734 17586 733 5078
736 17871 694 5094
746 18284 746 5073
756 18908 707 5083
759 18715 759 5064
708 18728 694 5100
713 17762 707 5089
715 17449 694 5099
721 17586 720 5086
730 17427 720 5085
707 18691 707 5093
708 17626 707 5093
724 17348 707 5095
745 16990 707 5099
759 18681 707 5086
774 18800 772 5056
707 17568 694 5101
695 17280 694 5104
732 17302 732 5096
750 17137 720 5093
707 16882 707 5106
721 17784 720 5081
728 17608 694 5096
750 18260 733 5074
707 17092 707 5099
711 17580 707 5094
746 17271 732 5094
703 17159 694 5102
729 18734 707 5084
750 18016 733 5075
699 17341 694 5102
711 17227 694 5101
776 18889 772 5053
777 18503 772 5062
732 17220 732 5097
736 18168 733 5075
728 19051 720 5076
729 17516 707 5093
751 18064 694 5091
825 19227 823 5039
694 17194 694 5107
707 16951 707 5104
720 17079 720 5100
731 18838 720 5076
746 19331 694 5090
748 18327 746 5068
698 17229 694 5105
708 17352 707 5098
772 18940 772 5053
823 19254 823 5039
695 17124 694 5107
743 17693 707 5089
750 17519 733 5081
775 18412 707 5086
791 18135 746 5069
708 17097 694 5107
721 17350 720 5095
737 19497 707 5081
746 18600 707 5087
772 18514 772 5061
828 19084 823 5039
753 18196 746 5065
771 18576 707 5086
791 19138 772 5051
759 18746 759 5058
781 19128 759 5057
802 20104 772 5049
708 17372 707 5095
722 17771 694 5095
737 19560 707 5080
746 18340 746 5068
772 19202 772 5051
823 19256 823 5037
694 16764 694 5117
729 19105 707 5082
737 18994 733 5068
750 19856 720 5073
770 19195 759 5056
694 16455 694 5129
694 17061 694 5108
739 18458 733 5073
767 19232 759 5056
772 18872 772 5056
775 18898 746 5064
697 17115 694 5107
714 17107 694 5101
755 18710 733 5070
758 19050 746 5064
772 18912 772 5054
785 18831 785 5047
694 16669 694 5123
722 17977 720 5078
728 17929 720 5078
747 18188 746 5069
788 20433 772 5049
789 20359 772 5049
802 19758 707 5079
747 18478 720 5076
759 18518 694 5090
772 19324 772 5050
804 20757 733 5066
694 16743 694 5121
694 16983 694 5110
734 18485 733 5071
737 18928 733 5069
760 18577 733 5070
776 19193 759 5057
780 19321 733 5067
811 19449 798 5039
825 20563 823 5035
719 17802 694 5095
737 19236 720 5074
776 19164 707 5081
798 19255 798 5040
800 20629 785 5043
803 19056 798 5041
707 16662 707 5125
751 18796 720 5075
761 19988 694 5086
778 19219 746 5061
785 19065 785 5044
792 19892 694 5085
798 19077 798 5041
798 19489 798 5038
805 19243 798 5040
840 21063 772 5048
878 20654 873 5032
694 16397 694 5131
745 17269 745 5090
751 18715 707 5086
767 19578 694 5086
785 18407 785 5055
788 20268 707 5079
802 19454 798 5038
816 21308 707 5078
816 21415 772 5048
820 20890 798 5037
822 21098 720 5072
847 21801 785 5042
852 20864 823 5034
694 16921 694 5112
747 19081 746 5062
752 19214 694 5088
756 18618 733 5070
756 18823 733 5069
776 19176 772 5051
777 20241 746 5061
778 18905 772 5052
786 19837 759 5055
799 20244 772 5049
810 18701 810 5048
810 18718 810 5045
810 21438 694 5084
823 19640 823 5036
823 21025 720 5072
833 20750 798 5037
840 21266 707 5078
849 19916 848 5034
895 22477 848 5033
895 22671 848 5032
902 22467 848 5033
694 16414 694 5130
694 16512 694 5128
728 18110 694 5091
746 18360 746 5065
747 20016 720 5073
787 20311 759 5054
796 20163 759 5054
796 20235 746 5060
799 18703 785 5050
800 18480 797 5051
801 20988 733 5066
806 21162 720 5072
809 20477 785 5043
810 21454 707 5078
829 20785 798 5037
860 22442 798 5036
875 22309 798 5036
899 22649 848 5032
