178 56
785 19158 720 5078
694 18233 694 5111
784 18940 720 5079
754 19463 707 5083
752 19060 733 5074
759 19095 733 5073
695 18167 694 5111
760 19627 733 5068
775 19739 746 5063
750 19542 733 5075
784 19589 772 5050
750 19620 746 5066
694 18244 694 5109
696 18166 694 5111
743 19363 707 5085
761 19587 746 5064
694 17882 694 5116
753 19064 745 5073
766 18610 733 5071
769 19577 733 5067
759 19216 759 5056
781 19422 746 5063
719 17925 719 5106
769 19535 746 5064
847 19942 836 5034
745 19756 745 5079
811 20504 798 5038
776 20295 746 5062
717 18151 707 5100
719 17839 719 5108
719 18060 719 5102
828 19910 798 5038
837 20233 785 5043
766 19530 733 5070
780 19761 746 5062
753 19854 720 5075
704 17948 694 5108
750 19184 720 5076
758 19382 707 5082
717 18103 707 5102
800 20287 785 5044
698 18369 694 5104
823 19643 823 5036
694 17407 694 5128
697 17750 694 5118
725 17690 707 5109
836 19117 835 5044
726 17580 707 5109
746 18781 746 5067
746 19216 720 5076
753 18612 746 5067
761 19100 746 5065
720 17734 720 5112
828 20115 785 5044
694 17510 694 5119
759 19127 759 5064
823 20673 694 5086
828 20320 694 5086
730 17561 707 5109
694 17507 694 5121
707 17803 707 5113
771 19834 746 5063
818 20463 798 5038
800 20730 694 5085
707 18241 707 5100
715 18340 694 5093
723 18509 707 5090
784 20237 746 5061
810 19477 810 5043
694 17477 694 5125
835 19504 835 5041
729 18497 719 5091
698 17487 694 5121
755 18918 694 5088
836 20546 836 5030
712 18237 694 5096
737 17997 733 5081
720 18656 720 5089
810 19082 746 5063
818 20143 785 5044
833 20266 811 5031
698 17771 694 5116
746 18477 733 5077
786 18674 720 5084
720 17424 694 5125
733 17485 720 5095
780 19257 772 5051
836 20186 836 5032
837 20003 836 5029
795 20103 759 5055
850 19859 848 5033
713 18360 694 5095
764 18768 733 5076
785 19426 785 5045
790 19291 707 5080
836 19339 835 5041
732 18824 694 5092
806 19306 785 5050
811 20449 785 5043
780 18514 732 5082
783 19946 772 5049
784 18967 784 5055
790 20081 707 5079
798 19630 798 5039
770 18344 720 5089
724 17930 694 5098
732 17892 714 5101
814 19369 810 5042
723 18991 720 5084
727 17897 694 5098
731 19034 694 5092
755 18808 720 5082
785 18462 785 5051
789 19049 771 5061
820 20100 798 5037
708 18333 707 5098
835 19852 811 5038
836 19565 835 5040
848 19577 848 5034
733 17995 714 5095
827 19640 823 5036
725 18031 707 5092
733 17797 694 5098
745 18643 707 5087
754 18952 733 5076
756 19632 720 5073
764 20154 707 5079
826 19276 810 5043
704 18130 694 5101
738 18373 720 5086
759 19216 746 5065
772 18555 772 5057
794 20778 785 5044
694 16235 694 5129
707 16139 707 5126
707 16176 707 5123
707 16186 707 5122
707 16296 707 5121
707 16387 707 5115
720 16367 720 5119
732 15807 732 5132
732 15921 732 5127
732 15960 732 5124
732 15971 732 5121
732 16769 732 5113
836 18153 836 5036
848 18078 848 5040
860 17525 860 5036
861 18046 861 5027
867 18030 861 5027
869 17669 848 5032
873 17656 873 5030
886 17895 886 5026
886 17918 886 5024
888 17959 861 5026
911 18254 911 5022
1023 20205 1023 5020
1023 20296 1023 5019
1036 20612 1036 5015
706 18296 694 5099
733 18366 732 5088
761 18587 707 5086
764 19293 694 5087
791 20937 785 5044
798 18710 798 5045
806 18969 772 5051
812 20394 811 5038
834 20137 694 5086
