88 21.5578
755 19316 707 5101
768 19794 707 5092
737 19394 707 5101
758 19946 746 5073
747 18723 746 5091
754 19968 707 5091
759 19924 746 5073
782 19800 707 5091
784 19034 784 5075
761 19440 694 5097
782 19946 707 5090
786 19408 785 5070
761 19693 746 5073
775 19930 759 5067
762 18848 759 5079
765 19108 759 5073
752 20109 707 5090
755 19584 707 5094
766 19878 707 5091
773 18800 772 5078
773 19451 759 5071
780 20005 694 5096
790 19454 784 5069
694 17304 694 5163
715 18267 707 5106
768 20291 759 5066
705 17100 694 5171
759 19683 759 5070
763 18579 759 5079
767 19754 759 5068
787 19338 785 5070
789 19515 784 5069
794 19551 759 5068
694 17173 694 5168
702 17375 694 5162
724 18746 720 5094
734 19672 707 5099
759 19728 694 5099
766 19381 707 5093
781 20301 772 5060
812 19942 785 5059
883 22404 848 5046
715 17446 707 5156
719 17337 719 5156
720 17779 720 5133
720 17830 720 5130
732 19006 694 5105
737 19145 733 5080
746 18948 746 5077
756 18673 746 5084
756 19938 720 5084
823 20917 798 5048
694 17132 694 5174
702 17761 694 5147
703 17116 694 5163
703 18060 694 5110
721 18331 720 5097
724 18904 720 5085
742 18423 733 5092
750 18881 746 5077
762 19698 733 5078
769 19811 746 5072
780 20018 772 5062
784 19266 759 5071
793 19882 772 5062
795 20305 759 5063
820 20539 798 5049
698 17489 694 5151
709 18506 707 5106
722 18495 707 5104
723 17993 720 5104
729 18071 720 5098
733 18744 733 5083
733 18991 694 5105
734 17920 720 5129
734 18365 733 5093
741 19403 694 5101
742 19701 733 5078
744 19638 707 5093
746 18964 719 5103
746 19215 746 5074
748 19036 707 5102
750 18827 746 5082
752 18617 746 5090
754 20070 720 5084
764 19571 759 5071
769 19961 707 5090
774 18667 772 5078
782 20167 759 5066
786 19486 785 5066
793 20275 772 5060
694 18080 694 5126
695 17899 694 5130
695 18127 694 5124
698 17465 694 5158
708 17672 707 5142
708 17734 707 5140
709 17445 694 5157
719 18024 707 5126
721 18208 720 5099
723 18194 720 5100
737 19465 733 5079
739 18888 694 5109
759 18523 759 5082
765 19887 746 5072
777 19525 772 5063
783 20585 759 5064
790 20405 785 5055
791 19191 772 5065
794 20487 785 5054
797 18733 772 5073
798 19100 784 5067
799 20071 785 5059
802 19012 785 5067
802 20136 785 5057
804 19220 797 5061
804 19278 772 5063
808 18884 785 5067
809 21063 798 5049
823 20508 772 5059
826 20093 810 5057
828 20317 798 5054
829 20799 772 5058
840 20875 785 5052
842 20889 746 5071
869 22247 823 5047
877 20951 746 5070
878 22548 848 5046
881 22433 848 5046
886 22263 848 5046
906 22913 848 5045
945 23250 785 5051
947 22992 848 5044
