32 15.1505
724 19394 720 5313
775 20831 694 5235
819 21173 746 5106
774 19593 753 5172
948 25788 694 5119
738 19744 719 5216
831 21242 733 5112
900 22911 872 5083
942 24242 885 5074
971 24590 727 5104
742 19662 720 5308
743 18624 707 5255
750 18689 707 5253
774 19547 753 5178
783 20411 707 5143
816 20779 707 5123
819 20707 720 5125
848 21481 746 5104
877 22415 733 5103
911 24041 694 5127
746 18610 707 5255
750 18624 707 5254
753 19666 753 5190
785 19282 753 5172
787 20796 746 5108
807 19327 694 5229
810 21474 733 5110
826 19647 719 5130
841 22054 694 5136
842 21165 707 5116
847 21582 746 5104
862 22868 727 5106
884 24050 694 5132
899 23600 694 5131
912 22874 694 5132
942 22832 779 5084
732 18862 732 5200
749 19677 720 5189
751 19155 707 5241
753 19120 720 5242
753 19671 753 5173
754 19889 753 5171
774 20298 720 5140
775 20551 694 5253
784 20425 694 5170
786 20099 720 5155
796 19887 719 5144
804 19892 784 5102
819 20694 707 5128
820 21256 694 5140
829 20985 727 5121
845 21643 707 5114
889 23106 809 5079
897 23504 785 5092
898 23446 783 5088
906 22853 834 5089
919 23460 720 5108
940 22591 745 5096
967 23791 766 5092
1051 26490 753 5095
747 18776 720 5246
750 19668 707 5248
754 19632 753 5176
755 18660 733 5207
756 19646 732 5191
758 19632 707 5159
765 20573 707 5144
773 19948 733 5116
780 19321 745 5165
781 20050 694 5177
782 19562 694 5249
789 20121 694 5174
807 20164 694 5155
808 20151 694 5155
814 21315 707 5140
817 20360 707 5154
833 22576 727 5120
839 21554 720 5109
855 21786 783 5093
857 21187 772 5098
860 21351 720 5113
862 21459 694 5135
862 21753 694 5133
862 22889 733 5102
868 23013 746 5096
869 22841 746 5101
881 22222 707 5113
883 22929 822 5090
884 22580 823 5092
897 22730 746 5099
902 22397 770 5100
918 24550 707 5107
938 23968 694 5130
941 23715 860 5076
950 24856 772 5095
951 23621 905 5070
952 23804 910 5060
978 23645 732 5104
992 25733 847 5071
992 26677 746 5095
1043 27328 842 5076
1054 28746 758 5090
