568 68.1994
764 19860 720 5072
752 19957 720 5072
748 19339 746 5060
760 19880 707 5078
746 19350 746 5060
774 19095 720 5072
760 18577 733 5066
756 18618 746 5060
743 19380 694 5085
744 19183 694 5085
754 18469 746 5061
752 18927 746 5060
764 18317 759 5057
773 18194 772 5048
773 18264 759 5054
759 18431 759 5054
772 18198 772 5048
694 16984 694 5103
747 17817 746 5071
759 18385 759 5055
707 17224 707 5086
694 16870 694 5110
694 15989 694 5197
694 17007 694 5102
721 17417 720 5083
721 17803 720 5077
694 15938 694 5202
708 16945 707 5094
721 17121 720 5085
720 17879 720 5077
721 17481 720 5079
723 17427 720 5078
695 17116 694 5093
733 17544 733 5072
738 18366 733 5070
746 17445 745 5077
707 17038 707 5091
720 17448 720 5083
746 17887 746 5066
707 17202 707 5088
713 17822 707 5082
721 17815 720 5076
760 17526 758 5070
707 17133 707 5089
695 16791 694 5097
771 18056 771 5064
694 15933 694 5203
781 18086 772 5053
694 15883 694 5207
707 16025 707 5196
739 18006 733 5071
758 17809 758 5070
747 18134 720 5074
772 18119 772 5053
734 17476 733 5072
696 16960 694 5096
744 17755 720 5076
707 17345 707 5084
723 17840 720 5075
729 17863 707 5081
720 17472 720 5080
746 18057 746 5065
694 16099 694 5134
710 17915 707 5083
694 16374 694 5132
694 16405 694 5124
694 15640 694 5218
743 18053 733 5070
694 15693 694 5208
694 15658 694 5213
707 16687 707 5112
720 17565 720 5078
772 17958 772 5059
740 18233 733 5069
709 17946 707 5082
767 18329 759 5054
750 18878 694 5084
707 16201 707 5128
811 18080 811 5030
746 18820 720 5073
708 17949 694 5086
785 17944 785 5042
696 17297 694 5088
721 18110 707 5081
745 18643 694 5085
719 18114 707 5081
696 17594 694 5087
704 17548 694 5087
695 17342 694 5088
798 17966 798 5036
786 17942 785 5042
771 18218 759 5055
785 17807 785 5047
729 18377 707 5079
796 17821 785 5044
706 16760 694 5110
719 16599 719 5113
772 18148 772 5049
798 17931 798 5038
695 17135 694 5090
786 17908 785 5044
783 17869 772 5050
709 16339 707 5124
784 18041 772 5048
694 16503 694 5115
798 17834 798 5039
782 17600 759 5062
707 16277 707 5127
707 16309 707 5126
745 18317 707 5079
694 16449 694 5118
780 17689 759 5062
799 17633 784 5060
781 17791 759 5056
783 17755 772 5053
873 17857 873 5030
827 17630 823 5034
861 17879 861 5026
840 17877 836 5028
827 17535 823 5044
836 17895 836 5033
823 17700 823 5034
827 17573 823 5039
841 17821 836 5033
836 17919 836 5028
886 17943 886 5024
861 17876 861 5027
848 17619 848 5032
961 18388 961 5018
936 18227 936 5020
1061 20021 1061 5010
837 17527 835 5038
837 17628 823 5034
1111 21240 1111 5006
861 17805 861 5031
986 18603 986 5016
1065 19828 1061 5010
978 18338 961 5018
1011 19001 1011 5014
1036 19293 1036 5012
1086 20480 1086 5008
911 17955 911 5022
