17 3.24211
785 20460 759 5209
780 20724 694 5214
783 20345 772 5203
792 20436 734 5181
796 21371 747 5169
801 21451 747 5161
828 21369 760 5150
838 21979 773 5144
783 20423 772 5197
783 20858 747 5170
794 20191 733 5326
794 20637 727 5173
799 20422 772 5197
800 20806 727 5171
809 21422 727 5169
809 22031 720 5179
810 20815 758 5161
824 21901 707 5187
830 21574 760 5146
834 22085 773 5144
839 22294 747 5155
844 22004 760 5145
849 22142 773 5140
856 22400 740 5150
859 21632 694 5164
862 23053 740 5147
864 22310 740 5147
866 21778 740 5154
870 22810 727 5156
871 21470 714 5186
871 22217 740 5153
759 19950 747 5255
761 19921 747 5261
766 19817 747 5244
766 20081 747 5230
780 19788 747 5258
781 20468 740 5188
781 20633 694 5188
788 20349 714 5209
792 20141 720 5340
792 20606 694 5214
801 20963 760 5155
806 20300 720 5326
820 21828 747 5158
823 21545 727 5159
827 21620 719 5159
830 22465 707 5185
832 19701 798 5353
832 21071 720 5180
836 21003 740 5160
847 20995 740 5161
849 22822 707 5180
850 22373 786 5138
850 22958 694 5175
857 22230 773 5137
861 22952 773 5135
862 22532 786 5134
866 22910 727 5149
867 22432 740 5140
877 22140 841 5142
884 23361 714 5155
886 23185 714 5160
888 22812 727 5154
901 23592 821 5133
908 23191 816 5132
911 23981 753 5139
913 23049 810 5129
923 24389 758 5133
930 23795 766 5131
931 23322 841 5127
937 23584 841 5124
938 24170 811 5119
944 24319 727 5148
957 24889 773 5128
968 24620 733 5147
979 25344 740 5132
986 23913 934 5120
993 25364 891 5115
1014 23591 997 5123
1014 27280 714 5150
1024 24007 828 5123
1032 26389 937 5110
1035 24619 1010 5115
1072 25672 952 5113
1083 26191 1002 5112
1240 30366 1010 5107
