27 0.51804
1118 27940 958 5222
863 20969 863 5240
810 18661 810 5269
845 19321 823 5260
810 18763 810 5268
816 18732 810 5266
820 18677 803 5287
830 19004 790 5288
842 19353 823 5254
812 18596 810 5272
815 18805 810 5264
816 18795 810 5265
834 19181 785 5290
836 19306 790 5269
883 21443 883 5237
810 18238 810 5289
810 18461 810 5281
815 18948 810 5263
820 18705 810 5266
822 18388 810 5279
828 18914 810 5261
798 18116 797 5297
810 18099 810 5296
810 18162 810 5291
810 18248 810 5288
810 18443 810 5283
811 18100 810 5291
811 18230 810 5285
816 18566 810 5268
820 18394 810 5279
826 18519 810 5268
