25 1.76192
894 21794 733 5177
949 24041 885 5148
989 24085 881 5146
833 20825 707 5397
867 21208 843 5211
897 23480 787 5162
924 24282 870 5153
817 21419 784 5189
823 21535 720 5217
852 21675 829 5182
868 22449 707 5263
891 23562 849 5167
893 22882 778 5175
894 22811 799 5176
927 23970 809 5152
814 20949 791 5248
838 20823 778 5215
860 22049 766 5205
880 22987 771 5178
894 23053 822 5167
915 23713 816 5157
949 23929 886 5151
981 24662 905 5126
983 26537 773 5146
989 24252 886 5145
1020 26395 809 5149
1021 26195 804 5158
791 20966 791 5221
819 20586 733 5255
821 21482 720 5222
823 21191 778 5224
825 22145 747 5192
843 20811 783 5214
844 20981 720 5391
863 22094 720 5214
868 22425 694 5269
868 23612 842 5157
874 22855 771 5187
877 23110 746 5197
890 23639 694 5244
895 23071 893 5165
897 23148 719 5197
903 22034 733 5172
924 23379 790 5167
928 22882 836 5169
942 23642 707 5243
943 24493 805 5154
949 24710 786 5170
972 23553 886 5148
975 23850 875 5152
996 25604 707 5233
998 24996 869 5129
1003 24612 955 5140
1015 25167 884 5126
1019 26185 845 5151
1055 25412 832 5142
1099 28490 740 5168
