1 1.26657
689 17502 599 5245
700 17990 574 5240
722 18819 506 5282
722 19155 526 5224
666 16755 594 5318
691 17562 562 5331
695 17857 574 5249
703 18067 548 5260
705 18639 518 5302
710 18706 504 5289
720 19095 685 5173
722 19070 509 5281
725 18753 550 5241
726 18606 488 5270
726 18695 565 5199
727 18635 485 5195
728 19324 484 5259
731 18348 481 5220
735 17430 550 5294
740 17889 515 5158
744 19594 685 5147
749 19191 534 5090
755 18776 505 5194
758 18575 513 5212
765 19280 481 5219
765 19375 481 5213
766 20261 551 5087
766 20309 551 5076
767 20293 548 5086
769 19171 549 5149
803 20744 502 5190
809 21245 477 5264
818 20596 506 5176
819 18822 507 5189
820 21015 490 5194
823 21339 526 5113
826 21988 505 5177
844 21181 490 5104
851 22420 484 5142
