2108 91.5647
563 14192 332 4682
421 10706 379 4945
817 19752 553 4290
802 20625 553 4290
424 10621 379 4940
663 16768 663 4237
663 16507 663 4250
413 10793 391 4910
784 20357 493 4344
807 19826 485 4354
765 20209 479 4363
651 16696 651 4252
668 16805 647 4246
650 16646 639 4261
778 20101 530 4312
712 17893 451 4395
657 16678 607 4267
786 20087 591 4264
585 15056 415 4432
695 17645 615 4260
774 19809 598 4262
630 16048 548 4319
770 19633 495 4347
754 19594 487 4355
625 15505 459 4381
489 12401 355 4721
604 15379 516 4327
791 19046 568 4279
593 14980 435 4406
758 18890 420 4424
797 19359 567 4280
565 14262 446 4404
665 17005 619 4256
695 17731 631 4247
541 13338 428 4498
427 11161 386 4825
788 18671 469 4371
696 17403 615 4254
598 15616 427 4413
738 18291 523 4323
717 18705 525 4316
431 11334 387 4819
557 14708 394 4482
427 11222 399 4809
696 18776 537 4310
733 19120 599 4259
766 18909 578 4275
777 19411 496 4344
426 10660 382 4935
745 19356 535 4308
800 19533 541 4301
704 18019 509 4330
774 18605 521 4319
433 11047 372 4787
621 15814 621 4300
428 11131 411 4836
751 18240 562 4290
656 17304 439 4398
604 15479 383 4490
515 12915 416 4504
635 15703 443 4402
444 11427 357 4762
484 12306 359 4723
690 16950 605 4271
581 15214 415 4436
619 16069 564 4312
747 18678 492 4352
491 12201 356 4638
430 11145 399 4844
740 18987 453 4384
537 13900 402 4490
545 13649 351 4605
496 12580 403 4536
554 14030 364 4562
649 16856 501 4349
723 17773 551 4295
460 11516 361 4739
671 16994 583 4292
612 16016 580 4305
528 13786 418 4463
721 18399 426 4423
729 19891 599 4256
611 15911 533 4326
662 17295 403 4450
493 12800 342 4632
616 14920 345 4598
588 15306 384 4508
702 18461 559 4290
739 18644 505 4337
445 11247 369 4867
645 16682 626 4280
558 14549 467 4376
425 10871 368 4918
622 15935 593 4295
636 16324 593 4285
761 19146 523 4320
639 16749 511 4339
575 14775 338 4665
714 18437 537 4309
413 10741 391 4926
595 15266 582 4322
759 19136 601 4258
446 11001 374 4838
644 17236 487 4360
441 10908 374 4858
502 13213 392 4547
535 13456 332 4695
637 16294 637 4280
764 19440 537 4306
746 19287 442 4395
654 16778 626 4277
601 15354 570 4328
536 12819 362 4607
480 12511 347 4664
524 13746 419 4469
699 16722 473 4373
579 14593 522 4366
516 13358 335 4703
666 16574 477 4367
783 19284 568 4280
418 10849 369 4907
708 17615 542 4302
675 17684 431 4404
421 10675 388 4945
454 10776 378 4896
715 18253 473 4365
551 14435 376 4528
506 13185 431 4422
438 11481 366 4794
669 17565 532 4318
759 19640 540 4306
757 19020 519 4324
731 17800 599 4262
414 10718 384 4928
438 10883 374 4861
531 13495 422 4456
743 18037 419 4429
762 19089 566 4285
615 15575 515 4348
705 18495 565 4287
544 13926 402 4481
459 11375 362 4747
551 14748 464 4400
767 19131 520 4323
713 18178 528 4313
487 12158 368 4668
422 10992 394 4883
519 12736 343 4635
495 12492 425 4571
692 17922 551 4298
596 15236 476 4372
750 19858 403 4442
566 13328 357 4580
645 16967 587 4270
512 12830 342 4625
641 17229 480 4369
527 13295 381 4524
500 12701 349 4645
561 14577 390 4499
465 11687 373 4686
673 16706 455 4391
590 15184 462 4396
635 15861 557 4293
522 13386 407 4489
632 16012 457 4389
684 17329 453 4387
495 12753 434 4501
565 14237 471 4378
486 12044 409 4588
689 17305 579 4273
719 18573 591 4265
488 11726 398 4654
533 13494 424 4465
593 15138 459 4389
552 14410 418 4438
594 15377 429 4418
709 19055 509 4329
686 17034 575 4286
560 13865 339 4651
599 15727 529 4333
606 15000 372 4529
627 15264 458 4377
637 16053 545 4320
549 13106 367 4560
559 13983 391 4488
517 13452 333 4676
472 12055 361 4709
568 14542 372 4550
588 14760 401 4459
476 11617 368 4672
508 13154 346 4620
595 15535 429 4415
591 14579 483 4363
515 12959 407 4507
677 17070 647 4242
577 15023 380 4522
414 10767 384 4909
691 18383 567 4285
653 15359 433 4410
473 12363 356 4657
526 13368 370 4557
456 11288 361 4902
520 12857 378 4545
449 11341 365 4767
729 18272 525 4316
694 17193 554 4299
672 17286 527 4317
553 13162 497 4485
498 12567 405 4592
478 11943 353 4800
429 11066 384 4899
471 11879 382 4665
620 16231 445 4401
752 18474 573 4276
681 17049 451 4399
650 16782 489 4359
530 14057 402 4477
531 13522 367 4574
683 16776 589 4288
437 11136 372 4778
676 17325 631 4249
685 17601 528 4315
442 11388 370 4765
570 15172 429 4420
658 16644 507 4340
447 10823 385 4848
485 12009 409 4600
637 16351 456 4390
634 16180 605 4285
434 10901 376 4852
627 16411 566 4296
461 11550 370 4715
584 14275 476 4375
572 14149 367 4541
697 17023 591 4267
546 14080 444 4407
512 13943 389 4519
680 16550 433 4404
491 12180 386 4622
602 15188 354 4579
551 14319 413 4446
663 15778 621 4305
573 14895 455 4399
636 16270 413 4435
488 12672 376 4603
692 18070 598 4263
647 17170 535 4312
493 12712 405 4592
640 16208 504 4342
681 17452 490 4355
550 13846 367 4552
502 12990 382 4564
535 13495 332 4689
451 11408 360 4767
476 12025 387 4660
552 14283 359 4568
572 14965 426 4428
651 15739 365 4533
716 18554 494 4349
436 11631 367 4782
681 16469 498 4343
799 19272 540 4306
690 17342 571 4289
790 18776 567 4281
509 13185 423 4502
434 11233 368 4915
505 12589 395 4531
671 17375 569 4284
547 13631 358 4590
623 15575 454 4399
482 11939 400 4649
578 14609 463 4403
418 10841 384 4900
670 17484 556 4291
652 16682 650 4253
440 11326 369 4770
629 15790 572 4325
701 18155 411 4441
533 14114 375 4531
654 16369 633 4272
648 16315 543 4325
525 13602 418 4471
687 17721 544 4306
742 19208 537 4307
510 13524 396 4529
608 15193 529 4344
461 11593 377 4713
422 10956 369 4904
466 11853 373 4678
435 11443 384 4731
642 16067 503 4351
570 13951 407 4467
427 11281 399 4805
657 16889 440 4403
497 12075 396 4628
492 12313 381 4627
701 17760 509 4337
463 11770 355 4734
640 16632 589 4289
589 14812 463 4399
497 12711 397 4584
474 11988 349 4790
729 17962 601 4260
452 11562 356 4746
521 13078 348 4624
542 13491 340 4641
597 15796 518 4349
458 11675 356 4727
576 14982 468 4374
499 12611 421 4513
503 12462 398 4526
590 15168 484 4372
423 10750 379 4937
649 16755 649 4257
503 12547 363 4631
546 13853 417 4443
462 11906 384 4705
565 14093 339 4643
455 11546 360 4752
686 17847 542 4303
458 11335 369 4743
550 14336 338 4667
664 17224 569 4291
491 12851 441 4577
568 14679 390 4493
726 16838 553 4304
537 13717 352 4601
698 17168 504 4340
563 13933 344 4616
427 11169 399 4821
687 16904 591 4287
534 14013 391 4496
659 17495 451 4396
629 16020 481 4362
621 15876 360 4554
672 17635 421 4430
621 15893 514 4332
516 12935 388 4550
447 11113 372 4770
590 14642 363 4566
464 11574 355 4750
593 14163 467 4382
468 11732 414 4647
519 13580 345 4611
633 16379 491 4357
508 12750 352 4612
609 16129 544 4324
741 19556 599 4258
470 11784 412 4636
518 13054 332 4698
674 16463 497 4345
550 13544 393 4510
504 12456 340 4646
702 17929 583 4270
691 18103 491 4354
633 16096 495 4353
574 14850 455 4400
473 12336 356 4662
445 11314 370 4725
469 11661 385 4682
571 13714 391 4522
512 13355 338 4700
686 16918 587 4278
450 11215 359 4911
661 17114 633 4252
638 16307 635 4264
619 16139 512 4348
457 11663 370 4711
529 13545 357 4597
462 11913 370 4707
629 16030 561 4303
713 18561 599 4262
521 13572 420 4471
438 11481 367 4785
462 11453 360 4755
512 13267 345 4621
467 11989 366 4706
477 12323 397 4598
424 11003 398 4879
620 16108 485 4361
499 12633 388 4621
666 17534 498 4340
725 19127 493 4351
634 15904 365 4548
655 16256 647 4256
503 12887 434 4492
798 18992 541 4304
495 12877 363 4619
640 16255 635 4281
646 16453 607 4278
465 11744 373 4680
475 12500 354 4658
438 10872 396 4871
653 16490 482 4356
431 11008 376 4889
463 11605 401 4703
534 13690 407 4473
478 12113 359 4725
546 14310 344 4615
500 13092 369 4585
464 11822 412 4636
598 15609 423 4428
431 10997 379 4885
453 11243 365 4775
691 17862 554 4297
478 12452 457 4580
604 14807 372 4539
452 11603 356 4736
504 12884 358 4595
517 13021 359 4586
528 13774 394 4511
646 16588 403 4457
680 18148 457 4383
422 10947 387 4888
595 15326 389 4475
633 16592 575 4295
596 15210 506 4350
655 17114 512 4334
486 12417 372 4644
426 11135 384 4893
481 11922 368 4670
499 12972 377 4570
426 10849 396 4874
474 12557 347 4667
667 17287 497 4351
453 11288 365 4773
584 15188 385 4514
670 17264 573 4277
758 19878 578 4275
567 13949 389 4517
428 11102 380 4851
449 11388 365 4758
653 16449 539 4316
728 19274 553 4294
518 13444 345 4614
660 16862 513 4332
440 11114 372 4759
427 11194 399 4820
715 17873 583 4268
689 17758 565 4288
484 11978 398 4648
576 14945 385 4517
738 18514 599 4259
565 14411 390 4516
516 13405 396 4493
521 12625 411 4521
716 18473 506 4335
650 16736 539 4307
669 16864 518 4326
712 17966 509 4331
530 13613 332 4684
535 13616 379 4543
450 11469 360 4753
766 19007 567 4283
545 13286 407 4494
679 17556 553 4301
549 13515 357 4576
642 16327 382 4505
551 14121 364 4561
517 13481 333 4670
624 16811 513 4336
638 16437 555 4300
574 14737 385 4521
645 17135 535 4319
543 14202 418 4444
430 11041 384 4872
428 11219 399 4799
441 11447 365 4792
505 13158 348 4613
684 17269 515 4331
470 11811 376 4677
483 11650 382 4658
534 13014 353 4591
434 11022 372 4783
757 19195 555 4294
523 13677 429 4445
752 19189 567 4281
666 16763 471 4371
632 16034 557 4315
428 11159 399 4802
431 11020 376 4877
656 16862 647 4243
651 16584 651 4259
658 17093 647 4242
678 17005 573 4289
624 16425 523 4325
547 13684 352 4594
468 11738 398 4652
661 15933 530 4323
670 17323 503 4346
428 11109 380 4850
466 11649 400 4657
485 11997 396 4641
564 14311 332 4678
455 11643 356 4733
693 17452 615 4265
533 13197 332 4697
425 10754 379 4926
649 16815 635 4261
609 15482 493 4357
