355 170.284
676 17684 547 4318
513 12816 337 4683
631 16891 588 4326
499 12436 337 4690
620 16072 570 4345
625 15875 586 4339
667 17011 563 4320
497 12505 394 4495
764 19640 454 4402
793 19533 444 4407
479 12086 408 4485
679 17785 542 4325
497 12468 399 4487
622 16548 563 4327
776 19309 458 4395
510 11898 457 4452
493 11497 431 4466
495 11728 435 4462
524 13372 348 4656
754 19618 429 4435
634 16623 520 4349
624 16101 531 4332
687 17101 460 4406
623 14474 342 4634
680 17789 543 4323
677 16372 526 4349
571 15141 347 4616
579 14452 344 4641
507 12573 373 4631
468 11956 420 4501
780 18842 429 4430
688 15863 341 4638
670 17364 356 4598
555 13978 348 4651
664 17066 519 4340
502 12502 337 4687
771 19431 444 4411
514 12754 349 4684
539 13571 337 4674
517 12680 411 4471
633 15718 341 4646
504 11586 435 4464
489 12149 416 4481
541 13444 368 4605
770 19909 446 4404
749 19186 471 4379
471 12114 417 4499
701 17149 529 4335
766 18544 455 4396
662 16729 518 4343
528 13385 358 4630
712 18738 535 4328
728 18372 370 4543
558 14561 351 4618
602 15460 365 4578
496 12284 353 4690
534 13486 362 4614
734 18835 455 4398
700 17858 454 4408
694 17601 417 4463
495 12167 401 4478
516 12751 418 4464
486 12336 401 4483
526 13574 358 4625
517 13128 373 4622
717 18575 467 4388
795 19389 429 4423
687 17390 529 4337
527 12772 366 4610
543 13791 372 4577
703 17521 443 4418
626 16306 458 4414
712 19101 446 4408
696 17769 453 4409
674 18302 431 4430
583 15443 347 4608
623 16403 586 4334
523 13545 353 4663
675 17693 547 4318
610 15662 363 4582
685 17875 516 4342
501 12887 348 4679
536 12971 415 4465
732 18616 441 4412
505 12885 337 4683
718 18725 466 4392
740 18475 507 4350
666 17338 547 4325
515 12849 358 4678
521 12925 371 4610
674 16834 515 4348
533 13482 369 4607
704 18512 457 4401
617 15673 341 4650
562 13915 357 4628
485 11667 435 4470
496 12445 422 4471
558 14670 342 4623
715 18897 457 4398
604 14515 352 4611
680 16650 355 4593
576 14601 340 4664
557 14376 365 4587
524 13310 348 4661
692 17256 445 4410
712 17929 432 4439
643 16904 470 4407
671 16913 515 4345
625 15891 531 4348
713 18249 359 4577
523 13232 354 4645
563 14013 357 4588
607 15539 369 4575
558 13968 345 4645
558 13363 354 4643
684 17284 355 4584
726 17477 367 4550
610 15365 339 4659
534 13324 345 4665
501 12912 348 4673
679 17751 434 4422
750 18966 459 4394
677 17180 355 4590
632 16873 372 4551
560 14227 339 4667
521 12963 359 4626
719 17976 459 4402
666 17187 517 4339
720 18404 456 4404
562 13913 355 4635
538 13426 352 4651
519 13368 347 4665
641 16389 371 4558
566 14718 357 4587
593 14768 350 4602
477 12070 417 4480
518 12695 373 4621
657 17076 432 4443
697 16677 355 4588
618 15983 352 4600
672 17381 542 4328
681 17488 358 4579
662 16471 526 4341
483 12247 417 4475
535 13629 354 4636
615 16151 348 4604
512 12898 339 4669
616 15951 361 4584
614 15429 469 4426
525 12868 415 4466
570 15052 371 4564
713 18040 469 4388
523 12799 337 4677
509 12865 345 4671
625 15138 339 4659
483 12188 409 4482
530 13686 358 4621
638 16914 469 4406
716 18824 466 4392
518 13299 348 4668
729 17392 459 4401
649 16889 547 4330
641 17220 374 4540
523 13555 350 4663
643 16795 444 4421
730 19090 459 4395
476 11938 417 4482
748 17441 457 4401
679 17660 449 4413
497 12146 417 4476
707 17567 360 4565
627 16583 371 4563
615 14931 353 4601
503 11693 435 4455
605 15463 453 4425
689 17457 547 4320
600 14954 360 4585
589 15312 355 4599
575 13810 353 4641
647 16692 374 4542
508 12034 435 4454
472 11908 433 4502
494 12484 417 4470
710 16703 457 4404
659 17198 543 4327
749 18263 456 4404
471 11991 420 4500
687 18142 469 4380
645 16594 467 4394
670 17082 465 4400
521 12753 359 4627
513 13078 354 4650
582 14998 337 4670
542 13895 371 4581
608 15253 365 4583
577 15087 350 4619
660 17189 460 4393
561 14284 366 4577
489 12137 400 4484
655 16673 547 4331
483 12094 417 4479
691 17807 459 4403
635 15510 369 4573
503 11609 435 4462
643 16410 526 4349
661 17375 434 4425
636 16023 469 4416
587 14089 369 4580
636 15219 345 4612
639 16873 445 4427
514 12913 415 4469
693 17209 371 4545
588 15046 372 4560
741 18375 429 4437
668 16710 446 4417
726 19226 455 4407
545 13981 345 4643
570 15211 350 4619
564 13961 365 4586
653 16780 360 4570
657 16846 445 4415
665 17388 547 4321
710 18493 429 4439
549 13957 353 4602
573 14180 413 4466
533 13702 337 4674
524 13633 359 4590
587 14133 337 4670
483 12104 409 4484
672 16576 469 4403
584 15403 347 4614
662 15955 369 4571
554 14614 348 4631
597 15287 360 4585
587 14384 371 4566
483 12300 422 4474
739 18992 445 4408
474 12050 417 4482
680 17238 427 4440
605 15631 469 4421
631 15392 363 4581
489 12173 410 4472
682 17559 547 4320
526 13621 367 4583
474 12010 417 4483
503 11601 435 4465
512 12561 373 4636
708 17683 458 4406
733 18384 366 4550
623 16433 372 4556
726 17504 441 4415
670 17503 355 4595
472 12030 417 4502
479 12066 417 4481
729 19225 459 4391
657 17266 563 4323
656 16683 531 4330
619 16227 563 4342
585 14973 373 4573
622 15305 369 4575
691 17207 371 4549
594 15291 373 4554
549 13951 341 4664
634 15776 359 4583
638 16405 367 4566
630 16594 372 4554
644 16632 563 4325
415 10757 379 4523
419 10823 379 4521
419 10850 379 4520
419 10867 379 4518
421 10636 376 4520
421 10728 379 4518
422 10755 379 4514
422 10809 393 4508
422 10832 387 4512
422 10849 379 4509
427 10844 379 4503
464 12187 433 4450
469 12060 433 4448
469 12073 433 4444
470 12122 433 4440
470 12135 431 4456
473 12099 431 4455
474 12250 447 4438
476 11636 412 4502
477 12236 449 4438
480 12209 449 4438
482 11675 412 4500
482 12344 449 4437
482 12446 421 4459
485 11798 399 4496
486 12522 419 4455
488 11954 407 4495
489 12177 401 4474
490 12425 431 4450
491 11993 407 4493
492 12886 465 4431
492 12907 465 4429
493 12879 471 4436
495 12968 471 4426
496 12989 435 4437
497 12847 421 4454
498 12803 423 4451
498 12843 433 4439
498 12987 481 4425
498 12995 481 4421
499 12776 445 4438
499 12855 423 4448
500 12845 481 4436
500 13066 444 4435
501 13162 497 4416
504 12950 433 4435
504 13054 455 4433
504 13080 444 4434
505 13173 496 4412
505 13212 444 4430
508 13319 483 4372
508 13361 483 4368
510 13246 445 4429
510 13464 483 4367
511 13119 449 4429
511 13192 423 4447
511 13223 449 4428
511 13336 445 4428
513 13312 483 4367
514 13075 449 4431
514 13143 435 4433
514 13524 449 4427
517 12697 366 4623
517 13240 483 4365
517 13505 483 4361
518 13435 483 4361
519 13213 483 4365
520 13263 435 4431
522 13392 483 4361
523 13060 435 4433
523 13179 483 4363
523 13298 483 4362
523 13318 483 4361
523 13378 496 4356
524 13317 483 4361
524 13368 496 4356
525 13298 471 4381
528 13321 472 4373
528 13447 495 4357
528 13779 494 4357
534 13599 494 4359
534 13639 494 4358
534 13641 494 4357
534 13733 506 4353
534 13797 494 4355
534 13899 499 4352
536 13636 494 4357
537 13872 499 4352
538 13718 490 4359
539 13707 506 4353
542 13717 483 4359
543 13701 483 4359
546 13613 494 4357
546 14030 497 4351
549 13643 490 4359
597 15184 337 4668
615 16130 352 4600
684 17345 459 4412
691 17224 355 4581
729 17568 431 4423
612 16057 465 4413
723 18333 370 4557
786 19235 458 4395
