2332 33.6693
555 14480 405 4871
594 15340 404 4896
711 17354 393 4962
546 14319 422 4795
550 13876 421 4813
532 14063 409 4856
602 15517 402 4929
539 13497 421 4839
535 13897 409 4855
537 14508 435 4783
552 14442 434 4792
528 14055 435 4784
536 13771 409 4843
562 14593 422 4793
538 14050 448 4778
540 14338 419 4799
604 15401 434 4776
704 18389 393 4938
545 14244 435 4782
549 13647 409 4846
591 14792 474 4754
574 13929 421 4812
612 15610 399 4899
525 13826 410 4827
572 14388 423 4793
529 13741 410 4824
607 15244 513 4745
612 15926 396 4918
518 13735 419 4836
535 13867 421 4815
553 14331 435 4781
551 14474 436 4777
511 13596 435 4792
539 13968 419 4804
594 15246 451 4753
577 14802 474 4754
589 15733 490 4741
554 14510 446 4776
561 14429 436 4772
557 14547 405 4851
555 14240 411 4823
563 14127 406 4871
546 14139 422 4799
541 13831 435 4784
531 14349 419 4801
532 14002 406 4902
593 15597 448 4756
597 14934 474 4746
513 13277 437 4802
594 15084 419 4795
569 15016 448 4761
538 13998 409 4836
578 15327 462 4754
604 15770 436 4769
602 15943 446 4761
677 16746 391 4985
568 14092 412 4816
556 13990 435 4774
521 13616 419 4825
572 14429 422 4794
537 14189 405 4915
557 14260 405 4873
584 15069 446 4766
533 13781 422 4811
537 14265 422 4810
594 15376 403 4936
624 15309 396 4908
581 14877 448 4766
610 15056 404 4879
576 15739 446 4767
611 15410 446 4764
574 14595 405 4836
562 14290 451 4760
594 15377 451 4752
541 14072 422 4800
520 13788 423 4806
648 16245 472 4747
615 15030 472 4749
552 14569 435 4774
522 13527 437 4800
576 14532 435 4773
527 14093 409 4840
533 13774 474 4766
526 13552 435 4797
546 14170 448 4767
659 15743 394 4911
569 14322 474 4755
617 15175 448 4759
545 13470 451 4797
546 14436 435 4780
667 16574 396 4897
524 13935 503 4764
552 14550 458 4759
578 14611 451 4755
569 14064 405 4908
574 14087 411 4819
531 13781 422 4820
561 14275 423 4795
568 14953 513 4749
570 14817 419 4798
627 15082 396 4926
584 14353 409 4823
599 15571 425 4780
536 14270 419 4802
568 14927 409 4828
606 15667 436 4768
601 13955 421 4800
545 14468 435 4781
569 14187 405 4852
539 14309 411 4804
577 15376 520 4739
534 13891 448 4783
538 14288 410 4808
670 17962 435 4768
528 14163 474 4771
620 15996 420 4792
619 15735 394 4931
561 14786 451 4765
520 13565 421 4858
540 14386 436 4780
547 14131 421 4799
572 14964 448 4764
534 14201 448 4767
527 13734 423 4804
534 13897 412 4820
574 14253 410 4822
565 14735 460 4757
538 13647 424 4810
542 14086 458 4765
620 15764 446 4761
560 14862 467 4750
568 14271 407 4860
548 14256 410 4811
555 14546 435 4770
549 14619 435 4773
533 13917 451 4772
551 13672 410 4827
565 14599 423 4789
525 13807 451 4783
523 13501 458 4800
525 13594 435 4786
580 15290 447 4768
613 15061 446 4764
540 14060 448 4771
552 13870 415 4816
535 14320 422 4802
555 14611 425 4787
547 14451 423 4794
567 14283 425 4789
539 14161 422 4797
571 14055 405 4872
601 15559 425 4782
555 14033 412 4818
541 13835 409 4831
521 13771 432 4820
538 13471 432 4804
548 13569 424 4822
570 13954 435 4780
581 14415 423 4786
593 15508 409 4820
