3689 172.035
795 19753 462 4371
463 11901 340 4643
795 21214 554 4288
439 10429 389 4827
663 16302 663 4234
411 10994 373 4714
442 10557 377 4830
778 21052 516 4324
770 20041 443 4389
791 19185 591 4263
651 16313 651 4246
423 10977 354 4727
663 16215 663 4238
644 16283 638 4261
647 15956 647 4270
781 19171 495 4338
472 10952 393 4743
748 19424 448 4384
545 14200 489 4372
638 15731 625 4289
662 17575 598 4261
772 18667 509 4326
743 19559 404 4430
660 17512 612 4257
739 17855 472 4364
731 19115 571 4280
619 15984 619 4277
681 17046 565 4289
734 19617 511 4328
658 16423 631 4244
648 16198 631 4255
766 19826 578 4273
637 16387 615 4252
714 18778 525 4315
759 19723 487 4349
729 18749 497 4338
452 11758 376 4582
594 15390 559 4313
659 16820 591 4267
431 11347 353 4625
415 10990 354 4716
755 19110 434 4397
737 19697 492 4348
504 13238 437 4443
520 13525 389 4483
420 11142 364 4691
700 18430 528 4313
757 19849 509 4327
494 12493 425 4471
644 16494 583 4268
650 17288 609 4262
696 17492 555 4293
416 11026 365 4667
515 13294 377 4493
611 15969 587 4296
622 16633 503 4340
753 19970 554 4289
507 12911 384 4500
436 11544 350 4640
738 18840 548 4297
466 12299 354 4590
660 17149 573 4279
479 12185 369 4540
492 12744 342 4575
642 16846 535 4311
591 15283 557 4317
724 17795 467 4365
434 11124 350 4659
672 17719 453 4379
575 14114 371 4511
599 15642 512 4344
600 15695 501 4342
720 19026 522 4314
493 13166 430 4446
590 15297 577 4336
793 19570 493 4342
468 11979 361 4569
514 13633 395 4465
630 16677 587 4273
451 11874 376 4578
566 15042 531 4353
534 13702 400 4454
682 18164 599 4256
435 11655 341 4651
503 12964 407 4460
495 12647 342 4598
481 12640 348 4557
705 18597 540 4302
745 17940 439 4394
419 11093 353 4711
635 15739 635 4288
678 16604 603 4266
515 13107 369 4519
676 17205 615 4251
563 14645 406 4442
657 17614 601 4259
746 19341 542 4301
567 15074 485 4356
707 18376 544 4299
695 17980 555 4290
501 12805 351 4553
523 12746 404 4480
665 16958 623 4249
496 13008 425 4447
458 11762 340 4650
617 15510 553 4294
438 10715 374 4804
721 18950 459 4375
420 11160 354 4698
441 10941 367 4790
437 11520 352 4632
669 17245 539 4303
428 11313 353 4629
442 10938 386 4748
519 13218 357 4527
462 10691 375 4797
762 19266 520 4321
581 15468 363 4509
527 13498 370 4512
439 10597 374 4800
597 15423 559 4305
475 12127 382 4508
723 18777 480 4355
415 11018 365 4671
432 11286 353 4638
580 14285 453 4403
562 14014 417 4432
693 18100 507 4331
757 18702 495 4341
712 18472 465 4369
616 15911 580 4280
516 13380 375 4509
571 15118 499 4351
433 11493 390 4620
443 10474 378 4807
473 12278 356 4534
447 11701 365 4614
459 10779 367 4776
570 15159 475 4376
583 14966 389 4477
469 11934 356 4595
601 15356 509 4343
490 13045 412 4449
529 13930 399 4456
508 12610 365 4522
578 14930 499 4345
630 16303 479 4360
494 12447 409 4476
763 19208 520 4321
604 15137 385 4478
513 13232 401 4463
501 12770 387 4498
598 14828 439 4400
558 14243 477 4388
750 19190 459 4373
558 14060 422 4427
485 12241 346 4602
684 17872 579 4272
752 19298 567 4282
718 17316 427 4408
670 17143 551 4302
645 16582 549 4303
491 12775 343 4594
474 12508 345 4580
541 13556 380 4488
589 14750 483 4368
460 10736 373 4819
460 12059 376 4563
569 14901 428 4426
499 12523 393 4490
759 18935 496 4339
746 18566 553 4291
478 12216 359 4566
443 10464 377 4826
617 16130 603 4269
727 18480 578 4274
421 11134 356 4646
647 16227 647 4247
689 18093 566 4284
538 14071 398 4456
609 16011 519 4334
426 11303 368 4639
457 11385 340 4680
451 10679 393 4783
641 15885 427 4416
531 13889 403 4456
686 17212 565 4287
561 13867 351 4538
536 13795 419 4433
460 12095 376 4559
430 11463 341 4654
483 12305 348 4592
605 15395 433 4410
466 11939 372 4571
485 12582 362 4528
539 13782 468 4413
487 12252 413 4498
423 11215 353 4675
467 10790 393 4763
669 17008 505 4336
643 16645 483 4350
453 10559 373 4821
589 14511 424 4423
656 16922 507 4332
448 11395 340 4656
674 17583 551 4292
627 15868 547 4307
716 18819 455 4378
687 18398 556 4288
744 18906 507 4329
753 19035 569 4282
662 16899 573 4276
497 12542 416 4467
565 14726 383 4482
471 10842 381 4767
560 14600 461 4386
710 17833 498 4337
626 16352 390 4460
455 11613 352 4631
623 16006 537 4308
445 10864 384 4756
547 14592 445 4409
683 18060 425 4412
694 18213 516 4325
682 18496 446 4390
684 16089 385 4472
601 15617 370 4492
585 15537 427 4420
668 16532 609 4264
715 18243 583 4267
644 15892 423 4418
646 16913 571 4286
477 10852 381 4755
530 13435 366 4521
654 16962 450 4383
432 11495 369 4616
747 19052 511 4327
484 12367 341 4611
500 12861 351 4551
429 11260 344 4677
736 19646 515 4325
736 18368 441 4391
526 13719 438 4421
610 16431 541 4312
570 15199 475 4371
453 11249 356 4642
614 15582 529 4315
704 18308 391 4458
569 14261 396 4461
420 11055 358 4706
497 13073 391 4466
481 12588 355 4567
464 12034 360 4556
579 15009 360 4524
549 14393 431 4414
615 15537 462 4374
588 15241 469 4383
706 18459 518 4322
710 17680 512 4327
548 14439 476 4376
427 11174 353 4688
488 12909 351 4545
444 10531 375 4830
675 18185 412 4421
650 16066 649 4252
618 15622 444 4392
644 17012 605 4267
448 10911 386 4744
627 16327 623 4254
534 13850 372 4496
629 16548 432 4407
632 15602 458 4378
653 16561 569 4285
454 10756 385 4794
625 16003 481 4357
528 13764 411 4452
551 14373 366 4514
680 17421 473 4359
510 13414 375 4515
641 16577 506 4335
420 11148 364 4687
559 14356 351 4544
478 12150 348 4609
652 15818 631 4287
535 13991 429 4436
449 10700 393 4771
459 12357 362 4574
447 10589 382 4802
574 14568 368 4502
482 12405 353 4532
587 14853 471 4366
608 14943 473 4364
448 10930 369 4769
608 16243 436 4401
534 13972 342 4573
551 14538 414 4443
452 10574 377 4813
639 16530 545 4307
649 16197 635 4252
465 12049 365 4547
706 18082 470 4365
498 12892 404 4479
459 10726 378 4780
644 16715 533 4314
645 16632 521 4319
703 18340 544 4300
532 14154 435 4430
476 12314 379 4533
540 13784 419 4431
635 16179 621 4267
464 12376 345 4606
536 13827 431 4428
679 17362 381 4474
424 11127 354 4664
449 10590 375 4816
412 10973 364 4703
712 18679 521 4317
691 17892 498 4336
573 14505 392 4457
656 17541 601 4261
524 13445 363 4526
557 14220 383 4487
541 14303 534 4382
461 12160 352 4605
461 12175 352 4603
612 15979 436 4405
662 17269 481 4352
510 13232 409 4458
490 12419 411 4494
725 19291 543 4300
533 13795 415 4439
418 11055 353 4713
569 14667 508 4354
606 15312 486 4354
446 10844 384 4761
720 18378 530 4309
500 12831 416 4465
746 19254 554 4290
412 10954 364 4707
661 17181 537 4306
648 16444 465 4371
418 11129 353 4700
661 16674 408 4436
595 15576 441 4405
664 17097 523 4316
596 15784 448 4387
513 13190 419 4438
449 10776 409 4753
643 16101 469 4370
651 16875 429 4415
599 14714 363 4516
518 13609 407 4457
431 11437 351 4661
690 17068 414 4424
663 16039 663 4242
735 19171 511 4329
631 16468 515 4329
512 13425 388 4491
668 15979 451 4382
497 12558 376 4504
715 18287 578 4275
624 15632 495 4346
663 16789 417 4417
665 16755 518 4324
537 14035 403 4450
667 17032 389 4462
572 14331 413 4434
543 13770 450 4415
737 19661 567 4278
580 14406 476 4390
439 11629 353 4620
491 12233 365 4530
472 10762 371 4799
592 15445 379 4487
531 13733 405 4457
574 14637 456 4385
442 10814 381 4787
443 11648 340 4660
661 16273 647 4239
455 11210 367 4644
795 19651 479 4358
666 15611 462 4373
445 11200 340 4684
414 11032 354 4715
726 17645 439 4396
606 16072 446 4393
683 17410 529 4313
447 11076 351 4662
616 16597 457 4380
705 17764 535 4303
607 16093 443 4397
649 16041 649 4261
636 16045 621 4263
701 17328 568 4283
458 12094 376 4565
554 14486 449 4405
657 17012 508 4330
597 14791 422 4421
437 10432 389 4829
567 14806 499 4358
459 10892 377 4759
633 16095 494 4342
447 10595 375 4811
607 15707 457 4382
689 18249 365 4506
542 13828 373 4503
676 17356 456 4381
620 15577 556 4290
611 15791 519 4339
661 16148 647 4243
615 16307 527 4318
645 16986 605 4267
586 15012 435 4410
512 12845 393 4486
552 14209 411 4445
593 14587 389 4474
677 17661 591 4264
636 15875 624 4286
432 11001 346 4665
690 17694 403 4448
532 13592 386 4489
413 10971 364 4699
621 16292 493 4347
451 10885 365 4791
579 15056 447 4392
482 12515 344 4611
600 14472 494 4355
639 16260 486 4353
468 12377 360 4550
449 10781 378 4786
457 10788 393 4766
465 11891 373 4599
555 14133 367 4510
466 12011 354 4596
716 18278 493 4346
671 17528 449 4385
564 14572 378 4491
615 16283 395 4455
702 18345 543 4301
673 17346 528 4314
572 14987 432 4411
556 14456 379 4491
671 16520 469 4367
549 14200 399 4453
616 15525 460 4374
554 14684 485 4366
536 14135 410 4448
492 12520 407 4474
430 11213 340 4683
533 14118 455 4420
594 14739 385 4480
533 13622 415 4444
664 16454 379 4486
692 18258 403 4444
422 11309 354 4677
571 14653 471 4369
458 10923 378 4783
628 16047 527 4325
674 17463 498 4339
516 13577 363 4526
634 16516 587 4277
764 18946 567 4278
526 13469 367 4515
673 17665 533 4312
461 10765 369 4793
595 15067 445 4395
450 11939 356 4592
701 17325 517 4326
738 19036 568 4278
601 15908 546 4332
684 17453 599 4260
625 15900 388 4467
560 14694 367 4499
561 14898 377 4489
540 14048 405 4446
590 15764 455 4388
579 14340 372 4495
553 14331 398 4450
701 17183 439 4398
592 14600 458 4395
543 13997 446 4406
525 14049 479 4387
559 14267 460 4400
459 10772 378 4778
586 14492 458 4399
498 12947 340 4620
423 11189 353 4679
587 15372 544 4337
721 17437 554 4291
528 13800 435 4434
702 17777 565 4286
643 16525 523 4325
561 14267 432 4424
465 12385 354 4599
585 14527 455 4396
628 15951 527 4327
643 16762 530 4313
553 14273 385 4483
668 17687 555 4293
452 12036 376 4568
