4 3.18842
641 16093 518 5281
709 18393 533 5136
719 18955 503 5120
780 19961 573 5091
823 21959 496 5065
641 16119 518 5278
651 16820 483 5170
662 17665 483 5169
671 17542 477 5166
676 17638 483 5162
677 16298 528 5169
691 17613 493 5148
693 18228 460 5264
705 17528 494 5144
705 17635 566 5129
706 18335 544 5127
716 18237 464 5155
718 18220 475 5215
722 18643 487 5125
722 18730 487 5106
723 18546 457 5193
724 18224 462 5298
725 19175 495 5093
735 17930 456 5219
741 17852 494 5143
750 19852 472 5113
757 19572 469 5150
758 19007 531 5094
760 18829 470 5153
760 20643 471 5098
762 19618 587 5082
775 19714 578 5079
775 19735 578 5076
776 18931 480 5144
781 19944 597 5070
786 19928 461 5120
791 20435 538 5088
812 21669 485 5068
823 22004 496 5063
825 20559 453 5263
825 20846 482 4973
831 20747 534 5087
916 22986 440 5260
919 23123 449 5258
