35 1.91839
593 16332 493 5021
593 16331 483 5032
629 15669 437 4975
620 15390 423 5045
649 16960 437 4859
661 16851 408 4943
676 17498 523 4782
753 19339 390 4932
585 16000 521 4960
629 15548 460 4949
683 16995 420 4817
732 17367 412 4808
758 19276 390 4932
819 20976 386 4903
595 15951 521 4960
609 15158 437 4981
627 16070 461 4839
675 16474 422 4851
718 17156 412 4847
746 18322 374 4940
585 16012 509 4976
599 15439 446 5076
641 16785 439 4855
651 17275 507 4793
658 16381 409 5018
678 17608 406 4861
702 18293 487 4801
718 19175 439 4795
790 20905 385 4925
593 16310 468 5051
602 15950 410 4864
618 15736 446 4916
637 15868 440 4939
644 17137 484 4829
650 16804 461 4836
651 16862 404 4876
673 17912 409 4875
761 20161 415 4801
773 20509 439 4791
602 15814 424 5026
618 15402 456 4964
637 15417 468 4940
640 16115 457 4858
646 16601 409 4899
648 17141 443 4820
650 15895 449 4884
650 16269 463 4816
658 17107 395 4896
661 16545 432 4804
684 17581 549 4773
702 18546 394 4943
705 18071 399 4855
707 18502 478 4778
707 18535 441 4772
711 18155 414 4846
737 18148 493 4748
748 19252 434 4797
753 19494 385 4928
