169 89.1184
427 11167 382 4654
428 11207 382 4646
429 11168 382 4651
431 11150 380 4661
431 11190 380 4651
431 11191 382 4646
431 11197 387 4644
437 11320 382 4644
438 11176 380 4653
441 11386 392 4642
441 11548 393 4641
442 11271 391 4642
442 11483 382 4640
442 11579 382 4638
444 11354 376 4582
444 11366 376 4580
444 11383 376 4579
444 11383 385 4575
453 11521 376 4573
455 12030 363 4694
455 12037 363 4693
454 11499 369 4585
461 11872 369 4579
484 12801 366 4653
471 11938 368 4649
549 13337 367 4626
531 13392 356 4657
524 13334 355 4666
532 13290 355 4666
482 12507 367 4628
537 14266 365 4635
542 13491 367 4620
442 11419 393 4641
529 13878 366 4630
493 12964 366 4649
502 13185 366 4640
536 14381 366 4613
522 13130 357 4666
531 14295 372 4568
496 12728 357 4677
496 12746 357 4674
528 14183 364 4642
523 13147 368 4612
491 12594 357 4678
444 11205 386 4544
445 11225 379 4542
447 11537 387 4540
448 11039 379 4533
449 10989 379 4536
449 11053 382 4527
453 11228 391 4525
457 11238 379 4528
459 10977 395 4509
459 11011 393 4512
460 11512 393 4509
470 11510 408 4482
470 11526 408 4473
470 11536 408 4472
473 11608 408 4471
474 11331 393 4506
477 11175 389 4525
477 11411 408 4479
477 11425 408 4476
499 12525 400 4488
502 12892 373 4564
503 12825 373 4557
472 12215 357 4681
488 12679 365 4650
446 11728 364 4655
503 13155 362 4672
512 12824 373 4567
542 13838 400 4475
517 12484 389 4496
449 11023 379 4531
465 12346 357 4683
471 11805 386 4523
503 12550 400 4487
508 12458 388 4503
528 12152 391 4516
542 13333 382 4509
491 12520 390 4521
492 12602 384 4505
550 14455 382 4500
562 14155 375 4515
484 12073 375 4535
493 12216 374 4539
477 11704 374 4541
533 13566 376 4511
483 12049 375 4536
474 11659 374 4544
551 13815 381 4497
554 14202 367 4517
474 11755 374 4542
482 12001 377 4540
476 11756 386 4522
539 13295 368 4544
552 13027 374 4538
566 14955 353 4555
579 14813 372 4505
514 12851 384 4491
573 14461 367 4509
584 14340 379 4498
553 13564 379 4499
457 11237 386 4526
563 13037 366 4539
610 14983 387 4483
530 13508 400 4484
532 13409 400 4485
544 13876 382 4508
569 14182 383 4489
557 14329 359 4553
606 15487 366 4512
577 14388 384 4487
581 13881 362 4537
610 14460 367 4513
457 11668 393 4520
587 14443 401 4471
538 13514 383 4490
610 14368 355 4550
625 15120 367 4506
560 14185 374 4508
597 14859 354 4533
617 16203 408 4462
558 14470 383 4489
620 16228 407 4462
538 13080 395 4481
543 14257 367 4555
580 15083 395 4475
602 14995 397 4471
640 16430 405 4462
546 14086 367 4543
567 14158 369 4533
600 14788 401 4469
635 14769 376 4498
574 15058 381 4486
581 15168 407 4463
565 14540 379 4496
587 15162 402 4467
597 14762 353 4538
557 14066 370 4524
585 14504 358 4539
575 14492 344 4549
575 14506 341 4553
606 15660 354 4520
627 15742 407 4461
522 13902 400 4484
550 14173 380 4503
578 14747 372 4508
603 14508 351 4540
553 13785 372 4530
572 14027 371 4511
598 14531 368 4508
608 14896 355 4531
580 14681 351 4540
586 14159 351 4552
596 14978 353 4529
606 15358 348 4545
650 15568 407 4460
559 14164 403 4469
586 14645 354 4543
608 15354 365 4508
612 15115 366 4513
616 15606 342 4539
570 14260 354 4556
587 14831 379 4489
634 16387 407 4459
524 13475 382 4526
548 14251 374 4504
570 13991 359 4518
576 14372 379 4490
604 15004 379 4488
512 13666 389 4501
560 14127 352 4557
572 14721 379 4491
573 14856 350 4547
530 13774 383 4525
554 13673 376 4502
578 14418 355 4554
603 15033 374 4499
609 15504 379 4482
614 16295 395 4463
562 14427 354 4544
576 15357 392 4485
596 15655 393 4474
600 14838 368 4507
605 14749 340 4562
499 13199 407 4483
590 15269 399 4468
592 14823 401 4467
609 15292 398 4468
565 14025 340 4564
613 14547 368 4506
618 14979 385 4477
622 15704 362 4516
553 14025 395 4479
561 14619 385 4488
581 14502 385 4485
588 15351 368 4493
592 15151 399 4469
592 15214 385 4477
601 15495 394 4474
610 15707 400 4465
629 15516 355 4524
550 14249 370 4529
558 13877 339 4566
608 14496 358 4540
623 15588 395 4472
628 15337 394 4475
637 15889 354 4517
643 15764 374 4490
683 16331 350 4531
538 13535 346 4558
564 14651 393 4478
571 14477 353 4547
585 15227 374 4503
588 15376 403 4464
652 15980 385 4474
425 11067 409 4456
427 11031 412 4446
427 11037 412 4445
427 11091 409 4446
427 11091 412 4442
427 11097 395 4501
428 11206 405 4493
431 11186 421 4437
431 11214 395 4495
431 11216 395 4494
432 10950 405 4497
432 11019 405 4491
433 10989 395 4499
433 11003 395 4498
433 11003 405 4491
433 11003 416 4489
433 11019 395 4494
433 11028 395 4493
433 11120 407 4487
434 11154 421 4439
436 10981 395 4494
438 11107 425 4437
439 11274 418 4441
440 11066 407 4488
441 11105 425 4436
442 11176 407 4486
442 11197 407 4485
442 11249 425 4433
442 11288 405 4488
443 11176 395 4491
444 11445 405 4486
445 10987 405 4491
446 11024 395 4491
453 11459 405 4485
454 11352 405 4485
454 11839 421 4436
457 11182 412 4440
462 11778 449 4432
464 11860 447 4430
465 11646 449 4430
466 11869 451 4429
472 11348 405 4486
473 11702 412 4437
473 11715 412 4435
473 11966 473 4427
473 12157 436 4431
474 11779 443 4432
483 12265 463 4428
484 12433 436 4429
484 12441 465 4427
484 12478 465 4426
484 12489 465 4425
487 12672 465 4423
489 12298 489 4423
491 12633 465 4423
493 12665 477 4419
495 11702 453 4427
499 12485 465 4425
506 13026 465 4418
507 12684 491 4386
507 12706 491 4385
508 12660 491 4389
508 12668 491 4388
508 12747 491 4384
514 12968 503 4379
517 13022 491 4382
518 12736 491 4384
521 12844 504 4379
521 13175 491 4381
524 13044 491 4381
526 13513 479 4412
533 13360 503 4377
534 13164 516 4375
534 13678 465 4417
535 13751 490 4410
540 13817 477 4412
541 13909 479 4411
545 13660 477 4417
545 14045 465 4416
545 14059 479 4410
546 13939 490 4405
546 14048 490 4400
547 13939 479 4407
547 14087 467 4415
547 14092 467 4413
549 14160 490 4398
551 13866 490 4405
551 14224 479 4405
556 13850 503 4374
560 14221 480 4405
560 14250 480 4402
560 14251 480 4400
567 14653 490 4397
570 14614 490 4397
589 14893 480 4398
589 14898 479 4403
595 15074 480 4396
612 15436 540 4373
549 13920 339 4566
552 13668 358 4556
558 13874 336 4570
562 14257 387 4486
571 14160 374 4504
599 15815 394 4469
609 14589 358 4517
612 14570 383 4486
621 15323 384 4485
637 16116 385 4474
665 16906 379 4480
