460 64.2787
850 21786 523 4331
671 17979 353 4783
661 17124 587 4295
500 12663 404 5027
494 12876 404 5042
515 13346 374 5061
511 13712 388 4821
503 12918 418 5001
807 20639 495 4354
800 21124 494 4355
559 14623 373 4755
795 20752 428 4448
573 14135 372 4645
527 13380 376 4702
774 18791 444 4414
528 13722 406 4687
797 20339 444 4413
609 15649 579 4332
559 15084 355 4614
560 14262 372 4630
513 13570 376 4701
749 19647 462 4392
517 13723 445 4602
532 12982 390 4820
797 20833 555 4309
768 20572 507 4344
530 14181 368 4772
761 19759 539 4322
765 19102 443 4416
753 19589 462 4393
628 16781 586 4309
739 18702 394 4492
768 20149 443 4414
599 15439 566 4343
725 19206 530 4328
731 19511 453 4399
678 17860 571 4300
727 19342 472 4380
764 20077 568 4303
769 19912 543 4316
503 13104 404 5008
500 12836 386 5033
526 13495 377 4688
500 12772 404 5021
752 18966 531 4328
515 13297 375 5059
723 19303 532 4327
714 18633 554 4315
705 18399 516 4341
545 13810 372 4791
505 13507 449 4554
743 17971 432 4433
576 15317 396 4516
609 16465 575 4314
598 14401 411 4502
514 13406 384 5047
539 13941 415 4523
735 17997 490 4366
763 19730 457 4397
621 15686 561 4326
527 14128 426 4551
736 18906 419 4452
555 14033 367 4768
590 15672 549 4336
769 19806 430 4434
719 18366 505 4352
685 18151 465 4384
534 13145 403 4802
774 20596 442 4414
746 18549 429 4443
663 17337 360 4572
521 12926 385 5025
771 19431 429 4437
539 14039 372 4781
552 14840 449 4493
523 13254 372 4799
499 12934 388 5038
572 14849 451 4464
648 17382 545 4324
535 14515 447 4538
548 14459 461 4492
509 12938 385 5025
578 15118 559 4399
639 17227 379 4523
586 15478 502 4388
509 13227 386 5024
523 13474 367 4813
570 15468 435 4446
620 16159 512 4355
569 14708 363 4793
596 15352 553 4346
514 13365 376 5048
704 17552 423 4451
524 13770 374 4562
677 17952 521 4338
669 17108 507 4348
582 14441 354 4596
495 12695 404 5028
589 15810 574 4348
661 17218 437 4428
525 14014 448 4554
685 16497 358 4579
604 15167 354 4589
706 17601 506 4350
692 18291 439 4418
625 15025 475 4419
539 13241 367 4807
556 14878 434 4496
495 12873 388 5039
574 15597 525 4363
540 14034 366 4788
547 14739 417 4504
545 13783 422 4512
653 16980 557 4310
642 17026 381 4520
695 18820 453 4404
733 19605 469 4380
699 17531 368 4543
608 15352 487 4375
672 17651 389 4495
538 14308 407 4527
516 13139 372 4813
673 18274 519 4337
635 16819 568 4313
564 14994 445 4461
619 15674 354 4586
638 16617 381 4528
709 17489 539 4324
701 17757 370 4539
553 14130 422 4511
665 17665 493 4360
691 18590 460 4397
579 14923 571 4397
557 14558 439 4485
654 16488 415 4480
542 13721 409 4575
624 16733 536 4337
764 19412 495 4355
587 15273 501 4385
722 18930 429 4442
615 15830 457 4413
686 17686 540 4320
696 18123 523 4333
679 17733 556 4308
796 20814 455 4398
535 14095 367 4768
633 16355 561 4324
607 15630 455 4419
673 17243 358 4571
694 18590 437 4425
575 14802 364 4575
689 17479 492 4363
686 17802 532 4328
609 15713 548 4340
573 14352 539 4431
679 17627 353 4592
514 13371 400 5012
578 15377 473 4418
580 14861 402 4514
610 15225 452 4454
611 15871 362 4572
624 16352 398 4502
534 14316 408 4555
592 16284 440 4442
644 16752 429 4459
565 14983 476 4441
711 18703 453 4402
606 15443 527 4365
534 14330 408 4548
618 16254 455 4414
615 15716 413 4487
529 14017 408 4557
545 14021 372 4788
647 16201 484 4369
653 17464 481 4368
616 15200 377 4539
629 16150 419 4475
515 13258 388 5006
662 17353 504 4353
585 15909 485 4400
712 17916 421 4453
638 16824 416 4457
684 17619 568 4304
682 16186 365 4562
616 15541 477 4412
571 14818 432 4471
678 17083 361 4568
500 12846 404 5013
583 15524 459 4439
571 14584 405 4515
513 13506 372 4804
587 14687 480 4412
623 16831 413 4478
588 15749 554 4349
561 14785 363 4593
602 16299 383 4530
709 18307 529 4330
643 16051 427 4467
714 18032 431 4433
538 14249 430 4534
660 17668 529 4331
570 15029 356 4595
589 14975 390 4554
690 17114 468 4382
565 14899 431 4474
618 16366 397 4488
734 18496 458 4398
581 15305 491 4399
558 14938 478 4452
664 15777 511 4362
566 14429 392 4532
572 14727 358 4580
604 15559 536 4351
637 16660 532 4335
713 17897 498 4355
562 14501 447 4467
588 15245 510 4397
579 14838 483 4420
631 15410 383 4512
561 15043 399 4533
586 15678 401 4491
561 14627 486 4425
687 18401 376 4514
709 18616 430 4435
700 16985 380 4523
627 16093 353 4784
588 15661 393 4514
589 14336 534 4481
642 16333 523 4338
657 16926 368 4565
595 15696 467 4391
555 14576 415 4515
562 14134 407 4515
681 17181 504 4355
662 17408 586 4304
592 15195 375 4551
694 18575 493 4357
593 15533 397 4506
655 16198 459 4412
643 16486 409 4485
577 14814 375 4556
733 19594 553 4317
656 16684 356 4579
567 14951 405 4524
596 15888 548 4341
584 15609 470 4426
596 15385 401 4500
652 16865 469 4390
566 15271 466 4433
599 15125 587 4390
702 17624 533 4327
646 16844 479 4376
635 16945 527 4339
597 15622 366 4566
576 14882 544 4403
597 15367 495 4373
629 14781 394 4524
500 12751 404 5023
643 16448 542 4334
552 13744 407 4525
632 17141 432 4465
675 17878 455 4399
676 18449 407 4474
685 17524 428 4449
702 17916 543 4318
681 17959 429 4454
626 16739 496 4360
652 17893 431 4439
547 14280 421 4501
610 15883 446 4440
720 18269 542 4319
656 17678 531 4333
690 17614 509 4346
636 16774 480 4372
573 15140 541 4354
601 15410 391 4528
593 15365 400 4507
733 19506 495 4355
736 18759 517 4339
573 14938 535 4401
608 16024 556 4325
600 16080 400 4500
658 17396 530 4331
630 16435 543 4340
613 15281 377 4547
606 16137 433 4455
611 15504 448 4432
500 12853 388 5026
568 15007 487 4410
659 17293 542 4322
603 15658 389 4527
626 15497 481 4379
612 15579 455 4427
650 17426 439 4422
670 16222 415 4484
712 17952 525 4333
677 18318 493 4358
711 18591 364 4565
648 17124 467 4382
646 16518 485 4372
602 15971 399 4492
684 18246 530 4329
617 16399 462 4411
596 15665 380 4536
701 18322 430 4437
572 14690 555 4407
634 16250 518 4343
591 15426 517 4380
614 15244 458 4440
578 15374 526 4371
594 15802 431 4472
613 16514 499 4364
527 14109 461 4493
622 16123 498 4372
625 16168 574 4318
705 18722 429 4444
579 15106 467 4438
627 16175 509 4355
700 18494 433 4431
614 15730 511 4364
662 17259 361 4569
641 16455 517 4348
645 16595 364 4566
664 17452 555 4310
664 16715 483 4369
605 16038 472 4384
649 17255 465 4388
630 16674 470 4383
566 14467 407 4489
623 16023 353 4792
589 14415 534 4476
641 17240 443 4417
639 15952 365 4570
706 18519 480 4369
690 18240 523 4332
575 15718 496 4401
712 18814 458 4395
615 16468 421 4469
595 15469 392 4520
620 16335 535 4352
613 15949 541 4343
654 16524 462 4396
616 15463 370 4543
765 18964 429 4441
686 17286 544 4324
577 15719 499 4372
650 16556 365 4569
589 14644 372 4563
654 16544 430 4453
603 15511 518 4362
632 15994 493 4369
568 15052 493 4405
584 15732 471 4403
648 16930 542 4330
586 15253 501 4398
628 16468 491 4364
595 15264 487 4385
617 16473 508 4358
596 15010 471 4420
627 15854 369 4563
627 16580 478 4377
649 16667 568 4311
500 12711 404 5024
626 15705 391 4526
571 14872 441 4468
645 16642 523 4334
635 17040 421 4455
556 14567 461 4489
703 18458 505 4352
640 17169 507 4355
647 16951 497 4356
685 18195 539 4323
641 16230 555 4316
704 18376 506 4351
656 17360 494 4359
698 18339 507 4345
637 16212 421 4460
702 18600 505 4352
631 16107 417 4467
625 16270 441 4426
625 16083 492 4371
671 17434 493 4363
621 16279 437 4436
612 15717 443 4424
626 15883 506 4359
698 18029 409 4475
627 16310 508 4349
671 17170 494 4356
702 18737 496 4355
600 15787 481 4374
596 15940 423 4468
683 18433 507 4345
629 15304 487 4384
579 14965 523 4406
626 16900 555 4321
697 18001 487 4366
610 16421 507 4365
564 15064 441 4467
631 16855 356 4574
601 15430 433 4456
607 15726 483 4388
579 14707 369 4574
639 16688 568 4305
697 17367 437 4421
712 18371 462 4394
595 15437 397 4508
680 17100 413 4476
580 15457 481 4406
643 17099 556 4314
670 17579 530 4330
658 15938 423 4468
703 18268 493 4357
585 15491 453 4443
653 16305 374 4535
646 16791 408 4486
567 14442 472 4437
615 16266 519 4354
659 16911 539 4325
698 18622 505 4352
654 16346 523 4336
584 14699 483 4432
651 16854 494 4363
701 18020 539 4323
634 15990 437 4444
644 17094 542 4326
683 17348 556 4309
675 15194 401 4506
622 16118 574 4324
647 16585 479 4376
623 16137 512 4360
622 16628 497 4359
589 15675 391 4541
643 16696 506 4353
661 17056 405 4478
656 17570 439 4421
588 15400 453 4451
603 15841 507 4367
663 16813 498 4358
684 18490 539 4323
686 17668 542 4320
662 17510 479 4375
617 16150 498 4367
591 15471 400 4502
623 15859 495 4364
694 18205 523 4333
636 16163 526 4352
660 16667 507 4357
630 16306 479 4377
692 17567 493 4362
680 17200 531 4331
636 16897 555 4315
514 13349 404 5006
629 16718 509 4347
636 15975 394 4509
696 18437 542 4319
685 16972 518 4338
639 16897 487 4367
590 15977 455 4440
661 17168 532 4329
616 16422 512 4352
636 17066 542 4328
640 16630 523 4338
690 18349 432 4435
624 16318 455 4400
598 15978 530 4356
630 15853 506 4367
631 16040 487 4372
595 15222 392 4526
598 15363 457 4415
611 15862 386 4531
613 16331 512 4354
638 16852 507 4357
630 16909 512 4342
646 16384 517 4345
650 16866 539 4333
577 15075 505 4400
657 17108 507 4349
623 16702 487 4372
623 15965 505 4361
768 19427 374 4534
595 16064 390 4504
601 15542 487 4377
636 17133 539 4326
622 17070 509 4356
632 16512 523 4340
608 16165 493 4370
594 15375 481 4400
605 16168 455 4418
592 15179 401 4514
630 16535 530 4336
647 16058 536 4338
629 16579 487 4372
615 16531 519 4343
692 18250 507 4346
622 16216 539 4346
701 18312 479 4374
639 17200 517 4340
635 16814 495 4361
686 18310 543 4319
604 16065 561 4333
