511 17.4843
442 10411 366 4837
438 10297 373 4818
432 10124 377 4834
433 10326 373 4808
433 10342 378 4791
429 10309 410 4762
433 10215 366 4845
433 10217 366 4844
429 10298 394 4769
429 10305 410 4764
433 10199 410 4776
429 10238 410 4772
426 10089 378 4837
431 10091 378 4833
432 10406 410 4761
433 10161 373 4828
433 10277 410 4756
434 10464 407 4728
433 10188 394 4781
426 10209 373 4833
428 10259 410 4770
430 10400 400 4764
445 10628 393 4741
429 10323 394 4767
433 10424 373 4803
433 10121 373 4829
433 10201 410 4772
430 10263 410 4769
432 10108 390 4816
433 10162 396 4786
433 10413 378 4786
444 10917 420 4706
455 10856 382 4754
426 10111 390 4827
433 10301 410 4752
441 10898 420 4710
433 10190 377 4808
433 10221 362 4848
432 10656 378 4780
433 10202 394 4779
424 10110 366 4847
433 10500 391 4743
423 10127 367 4843
432 10158 390 4794
433 10462 373 4802
434 10479 407 4724
429 10205 367 4825
478 11029 391 4733
433 10126 378 4804
433 10303 410 4748
446 10266 410 4755
423 10193 372 4838
426 10093 373 4843
433 10199 390 4790
433 10112 390 4799
433 10173 384 4791
443 10714 387 4751
426 10100 366 4851
429 10214 367 4819
431 10096 378 4823
446 10254 394 4760
548 13238 465 4687
426 10092 378 4829
433 10137 378 4798
433 10214 362 4852
451 10745 420 4701
432 10452 407 4730
433 10288 394 4753
433 10367 373 4804
429 10143 373 4842
433 10281 410 4753
436 10490 385 4765
445 10792 387 4740
423 10155 380 4836
433 10127 390 4795
433 10237 410 4758
433 10347 407 4731
434 10489 407 4722
438 10657 420 4721
464 10787 408 4715
599 14596 465 4680
432 10116 378 4812
446 10276 410 4752
447 10771 420 4720
462 11077 436 4695
520 12247 387 4739
427 10369 376 4797
431 10109 394 4818
433 10125 378 4805
433 10203 380 4767
433 10223 394 4763
520 12335 378 4737
