42 22.4065
562 15150 393 4887
562 15037 393 4889
582 15230 380 4850
633 17112 419 4684
596 16054 431 4678
608 16612 419 4693
572 14137 390 4858
575 15415 459 4698
619 16611 427 4681
620 16643 419 4691
653 16428 382 4765
556 14607 394 4827
614 16002 393 4727
553 14487 410 4828
559 15093 459 4709
568 14704 390 4833
568 15198 431 4718
573 15326 459 4702
581 15220 384 4853
596 15975 443 4664
622 16803 419 4688
630 16567 413 4697
567 15045 422 4777
568 14820 385 4881
536 14029 395 4978
553 14583 430 4788
555 14289 410 4827
568 14395 449 4813
592 15298 421 4728
536 14029 396 4976
537 13982 398 4842
563 15043 422 4783
612 15934 443 4670
615 15930 443 4662
653 17453 404 4671
552 13860 411 4980
553 14270 423 4818
561 14716 422 4789
645 16902 427 4662
663 16750 374 4789
665 16848 374 4788
509 13534 421 4920
522 13646 421 4916
554 14639 398 4826
560 15178 410 4806
571 14959 447 4759
589 15456 384 4780
597 14931 371 4817
597 15714 386 4778
610 15528 419 4721
619 16683 397 4700
620 16672 379 4759
637 16744 381 4753
648 16661 369 4803
650 15899 364 4834
656 16722 380 4756
662 17602 429 4661
692 18277 378 4765
535 14094 398 4843
539 13800 421 4914
566 15187 420 4771
580 14416 384 4878
587 15424 429 4687
589 15106 379 4809
594 15913 386 4779
603 15590 381 4793
607 16199 379 4800
609 16060 429 4663
619 15650 366 4830
627 15572 367 4804
631 16625 429 4662
671 17554 386 4713
553 13848 411 4986
564 15490 425 4712
575 15133 468 4706
577 14549 384 4878
582 13844 411 4992
583 14427 383 4818
601 15319 367 4827
611 16312 443 4660
641 16928 443 4654
545 14336 394 4830
573 15003 395 4801
575 14563 406 4770
577 14578 384 4872
588 15304 395 4768
591 15853 441 4677
592 14355 373 4888
612 16166 393 4757
617 15986 368 4822
637 16326 378 4788
645 16197 418 4704
650 17383 431 4650
660 17051 405 4673
660 17324 417 4670
689 15921 379 4791
716 16713 403 4699
522 13432 421 4930
535 13900 398 4846
552 13597 411 5006
556 14878 401 4811
563 14711 422 4803
563 15189 425 4771
565 14725 510 4743
569 14713 510 4749
576 14593 393 4792
578 14473 373 4888
580 15330 437 4708
582 14952 441 4733
596 14790 393 4783
599 14712 510 4749
605 15254 441 4706
608 15892 397 4723
611 15925 405 4710
614 15925 443 4670
621 15430 405 4709
633 16883 401 4698
635 16845 370 4797
636 17022 459 4648
637 15913 429 4683
657 17228 380 4752
665 17654 443 4640
693 18264 373 4739
709 18220 376 4760
506 13444 431 4903
516 14075 417 4913
535 14060 394 4844
541 14345 376 4931
547 13616 411 4994
561 14658 380 4927
570 14941 497 4720
585 15871 435 4671
586 15548 441 4691
589 15127 441 4712
594 15632 416 4726
598 15816 367 4869
607 15903 382 4786
614 15514 391 4741
618 16242 380 4782
627 15719 399 4737
631 16468 380 4763
644 16732 408 4696
647 17192 417 4675
649 15666 381 4781
652 16676 382 4749
663 16939 460 4638
666 18132 391 4691
675 17120 380 4755
677 17866 443 4638
680 17662 429 4649
725 18421 442 4647
516 13366 420 4934
524 13797 444 4879
525 14008 409 4894
526 13746 434 4896
526 13791 434 4895
532 13786 444 4882
537 14123 394 4839
543 13678 417 5010
550 14631 401 4812
555 13866 444 4877
565 14844 497 4727
570 15010 468 4709
571 15374 410 4781
572 14776 398 4738
572 14883 426 4737
576 15178 468 4704
579 15100 439 4721
586 14364 373 4888
597 15750 408 4705
598 15948 367 4856
601 14923 386 4776
603 15792 436 4686
604 15951 419 4695
604 16206 385 4779
605 15269 395 4757
606 15382 432 4710
609 16235 444 4659
613 16096 395 4735
617 14698 373 4874
622 14656 373 4876
624 16058 386 4723
629 16575 420 4687
632 16867 364 4771
635 16041 380 4783
636 15605 381 4788
649 15658 404 4727
653 16716 393 4708
660 16172 379 4764
661 16342 376 4786
666 17403 392 4701
677 16669 380 4723
677 17640 385 4718
695 17596 460 4633
706 16628 382 4731
709 18693 404 4664
714 16832 403 4693
738 18534 378 4729
740 19462 376 4732
764 18643 360 4802
766 20080 376 4730
784 20632 376 4725
